1000 22 304 10 54 3 40 53 40 22 9 23 43 24 79 28 90 56 89 68 36 21 9 42 66 32 73 73 8 74 49 66 63 87 75 16 41 80 88 29 54 82 5 33 10 94 88
1001 22 349 98 61 76 71 21 69 88 52 41 60 12 14 8 29 77 46 55 92 38 20 64 70 59 93 23 41 49 55 50 42 95 99 54 22 69 74 90 9 31 68 40 96 28 68
1002 22 388 72 73 22 16 63 42 79 32 100 23 54 92 71 61 41 64 55 40 17 28 60 42 68 19 47 88 58 95 67 78 66 91 99 33 53 92 12 84 44 86 90 35 57 50
1003 22 369 76 20 56 67 37 83 78 30 99 98 48 98 85 58 92 3 87 9 93 37 42 46 29 5 81 24 90 70 58 98 19 85 18 74 3 6 8 81 35 59 30 35 66 44
1004 22 333 51 68 30 59 60 18 52 57 46 56 38 21 98 7 31 95 78 67 12 51 70 69 11 2 4 69 90 76 96 85 26 15 14 36 74 31 88 31 29 95 20 1 92 26
1005 22 337 31 87 3 98 50 6 19 71 16 72 26 36 54 15 63 1 99 40 15 64 75 40 46 14 70 26 9 89 27 52 67 9 90 69 58 92 76 62 93 99 87 28 52 1
1006 22 294 90 52 51 29 66 66 56 6 11 69 27 89 29 68 15 81 86 75 22 6 33 13 32 60 74 24 59 60 52 10 12 93 14 14 31 79 81 88 42 49 67 30 30 34
1007 22 348 96 10 71 22 31 76 54 96 7 66 69 31 24 81 34 85 92 78 50 58 51 81 88 83 68 29 32 34 10 13 19 57 22 89 79 4 65 84 99 71 49 20 53 24
1008 22 344 38 9 43 16 10 100 18 90 88 1 68 84 78 96 14 34 69 2 64 24 48 23 41 96 94 93 20 93 83 80 35 98 89 87 15 31 74 67 40 41 50 34 70 97
1009 22 321 47 56 65 1 19 89 18 66 63 10 62 56 55 33 37 12 86 34 52 72 82 97 21 90 20 55 59 17 53 14 81 53 33 21 23 50 35 32 42 86 95 41 22 58
1010 22 312 27 7 10 50 7 43 47 77 64 36 96 70 94 12 22 60 45 27 44 17 1 93 52 32 56 93 70 2 86 43 12 64 50 73 13 8 15 59 84 30 46 79 99 92
1011 22 315 43 73 51 87 46 3 38 54 34 45 99 3 84 98 10 47 47 82 11 6 48 22 89 78 67 19 28 58 61 100 60 47 2 5 4 95 7 38 91 5 92 41 40 89
1012 22 288 50 38 87 83 49 92 31 70 80 8 36 99 35 46 11 87 57 58 40 14 59 44 60 17 81 2 22 24 43 13 13 44 51 99 27 99 91 9 20 22 16 7 2 4
1013 22 311 31 40 61 40 80 26 50 23 85 66 55 86 39 78 28 52 90 72 2 41 52 31 58 23 25 29 24 78 6 18 45 97 49 70 46 23 63 77 91 2 54 71 5 96
1014 22 321 42 6 88 43 9 70 83 73 76 63 96 53 47 53 22 91 49 70 12 46 92 17 61 20 60 62 26 30 66 73 23 23 65 83 29 16 1 91 27 49 43 26 53 65
1015 22 375 16 54 86 80 99 78 48 59 49 7 72 74 36 89 46 10 63 57 74 45 85 41 61 38 31 40 38 26 65 90 90 32 43 27 94 4 11 52 5 17 76 78 64 76
1016 22 324 66 27 32 92 23 69 36 6 63 75 95 40 91 84 29 74 79 55 37 72 11 47 75 67 15 50 44 71 71 37 3 80 53 28 25 79 22 64 69 57 43 35 99 31
1017 22 326 6 61 29 81 27 43 82 22 66 99 93 54 42 47 33 60 69 43 12 96 68 91 83 11 25 27 5 12 77 35 17 37 63 49 15 58 88 23 81 80 28 75 78 60
1018 22 372 34 46 54 97 41 73 87 61 56 50 38 82 49 58 89 17 46 51 18 12 8 100 99 82 32 31 61 6 20 91 26 88 98 26 59 5 75 96 86 29 96 95 69 12
1019 22 344 92 19 29 3 79 80 54 12 64 36 73 21 95 44 12 100 69 51 98 67 28 56 23 3 51 9 83 46 55 51 9 47 21 90 1 99 6 63 84 93 35 5 88 30
1020 22 365 68 39 99 18 36 17 45 43 39 99 93 99 81 90 54 83 51 52 4 40 60 62 16 44 6 2 48 45 84 15 82 84 71 50 80 14 88 79 58 39 11 100 44 94
1021 22 313 50 47 49 41 2 100 63 70 95 69 23 42 65 6 8 48 87 43 19 88 84 76 1 41 66 63 40 9 56 41 55 56 81 56 58 81 27 75 39 1 69 3 7 28
1022 22 329 3 45 71 73 33 93 56 8 45 96 73 7 88 33 15 28 87 70 61 42 79 41 12 57 67 2 58 87 57 64 59 8 37 83 40 81 38 99 25 85 23 83 72 55
1023 22 322 97 52 93 19 12 35 4 98 6 22 63 9 8 78 75 18 85 63 77 43 37 27 19 73 50 1 56 50 49 68 11 35 16 66 32 21 87 83 35 47 90 12 73 59
1024 22 313 49 87 58 25 29 46 51 47 19 52 15 8 14 56 68 76 90 35 93 73 56 79 8 42 78 49 54 2 2 89 65 78 69 11 28 68 81 80 67 47 39 15 12 94
1025 22 346 82 39 35 16 31 59 23 61 66 65 38 15 70 92 74 23 32 90 52 79 67 32 10 33 30 48 99 41 41 32 79 27 48 9 86 22 3 38 59 69 50 42 81 33
1026 22 277 32 32 85 83 11 51 67 20 36 96 20 86 37 60 18 67 39 17 76 76 38 97 30 28 55 99 86 57 92 19 41 75 2 25 10 12 28 76 84 63 23 3 14 17
1027 22 308 78 4 85 5 79 75 53 9 2 59 59 39 67 50 57 8 77 59 32 86 22 59 13 57 73 35 11 73 46 77 41 75 80 26 31 59 83 19 1 41 29 91 8 78
1028 22 302 48 15 6 58 98 91 31 57 3 40 29 90 50 53 35 26 94 61 19 91 16 70 25 86 70 65 14 60 24 43 59 38 49 68 36 91 51 44 90 24 83 91 77 69
1029 22 339 17 22 81 74 92 23 41 61 47 78 82 11 91 93 35 85 4 24 33 23 11 76 73 6 69 14 30 3 5 58 23 73 79 55 98 22 77 90 67 63 57 7 19 93
1030 22 345 10 95 78 33 5 53 57 11 73 71 92 75 27 49 49 51 79 3 48 100 89 33 53 55 47 37 63 53 56 55 15 2 32 47 6 84 55 68 77 11 82 3 59 82
1031 22 317 5 89 36 4 40 66 92 72 18 46 70 55 8 23 62 15 89 63 46 35 20 82 41 40 50 23 72 61 4 77 49 92 80 41 57 24 12 75 69 82 81 29 56 94
1032 22 303 43 44 56 40 30 75 73 70 14 14 39 16 36 11 76 91 24 82 70 64 93 28 65 14 61 97 42 68 90 36 63 45 27 92 71 100 13 37 4 52 2 24 18 62
1033 22 351 66 97 78 79 57 74 72 76 63 7 38 59 85 81 81 84 93 17 48 48 20 99 61 98 41 16 64 89 17 77 6 65 54 36 21 79 7 96 65 85 51 49 83 85
1034 22 336 57 100 84 5 71 83 17 69 75 85 68 38 73 36 14 30 67 65 72 97 23 19 89 87 3 91 87 67 24 7 31 95 41 100 63 15 82 4 8 69 37 20 35 53
1035 22 315 91 31 27 61 71 13 63 61 51 81 33 74 55 9 32 38 3 72 37 17 38 72 50 41 79 18 57 67 43 71 73 97 61 53 11 85 87 36 47 67 28 49 16 17
1036 22 335 27 87 66 67 17 83 75 83 71 17 5 1 41 1 91 83 61 95 89 24 79 28 59 22 74 26 49 23 15 17 39 42 3 57 8 72 83 6 62 51 11 62 92 11
1037 22 323 5 26 24 99 15 47 30 42 57 51 82 51 89 97 67 80 90 22 36 49 93 26 83 98 39 34 60 53 25 71 2 46 55 16 92 84 9 100 86 76 37 64 3 95
1038 22 345 19 24 82 67 68 60 2 66 98 35 25 50 11 47 6 12 92 13 28 35 48 88 35 34 63 68 70 27 97 72 73 67 55 85 15 14 86 80 72 57 13 82 94 47
1039 22 276 34 73 33 82 60 19 15 23 86 36 1 34 7 73 52 6 79 89 21 92 74 52 55 98 8 19 63 40 72 61 44 45 56 64 78 49 35 14 2 38 20 81 26 40
1040 22 277 24 52 43 30 49 51 48 27 65 40 51 77 13 46 21 19 1 84 91 30 85 46 7 71 11 61 8 82 41 34 73 16 16 46 66 45 82 84 58 48 59 78 14 8
1041 22 399 41 98 5 99 68 16 59 27 97 51 60 70 67 96 85 12 80 2 8 43 35 92 55 44 39 65 73 57 76 86 64 68 69 66 54 36 77 81 84 27 92 53 45 88
1042 22 350 89 8 67 42 16 61 76 59 71 49 32 44 5 7 29 21 74 16 41 92 69 28 68 49 11 46 93 16 43 80 56 50 98 98 65 59 25 23 26 48 24 57 91 28
1043 22 267 16 71 89 86 92 32 55 71 51 55 82 97 47 49 39 26 4 40 76 53 5 34 30 79 11 77 2 67 19 82 33 23 75 77 6 29 57 35 28 53 43 59 32 82
1044 22 325 34 36 38 19 17 69 29 45 70 48 63 3 81 52 88 3 26 64 9 54 10 17 90 69 21 17 80 100 96 65 84 4 2 64 49 23 11 11 78 92 62 65 46 39
1045 22 324 28 6 92 89 22 32 30 42 4 99 56 35 98 52 37 37 35 93 90 98 93 64 61 55 41 4 69 57 1 7 36 59 51 25 80 34 54 74 29 72 2 32 71 90
1046 22 358 68 57 82 57 6 74 21 18 29 13 97 70 74 55 5 32 81 63 38 87 36 75 90 17 98 43 33 68 76 66 92 48 99 72 61 71 20 82 44 74 27 79 19 90
1047 22 293 68 57 77 42 46 45 39 41 45 58 25 12 85 90 66 33 87 64 4 99 34 75 32 30 49 69 56 79 97 46 47 74 40 93 18 30 14 40 9 77 24 50 16 89
1048 22 319 83 54 4 38 90 13 35 19 13 55 26 91 46 23 88 92 48 27 36 17 9 20 31 48 80 7 23 30 74 64 64 79 67 53 82 56 65 68 29 75 52 19 20 26
1049 22 303 59 11 25 85 47 41 45 66 23 44 46 82 67 27 7 30 42 86 96 94 19 4 11 39 81 39 13 84 10 32 9 68 85 52 88 26 49 6 92 3 58 29 39 70
1050 22 401 25 87 15 43 90 25 33 70 64 45 54 73 76 14 40 70 99 43 57 76 91 14 75 35 16 8 92 96 47 31 65 71 69 80 58 56 98 79 19 42 84 91 70 50
1051 22 331 82 39 48 77 47 75 67 13 1 1 28 8 45 24 6 27 40 76 95 71 93 4 27 42 97 35 18 40 4 67 21 94 66 97 92 16 5 92 68 84 64 59 90 99
1052 22 301 33 36 21 77 91 99 18 25 96 4 42 35 60 60 7 53 25 56 97 16 23 53 59 90 37 58 54 95 15 95 45 99 83 66 27 73 64 44 11 47 38 97 58 49
1053 22 347 56 11 73 11 59 40 33 12 99 74 48 8 79 42 74 74 39 24 8 4 50 80 19 93 77 82 92 66 78 49 15 33 11 39 95 22 29 53 32 88 31 73 62 56
1054 22 302 11 85 63 66 35 43 37 79 71 18 22 88 95 23 2 80 33 93 26 6 23 5 38 3 9 69 90 91 94 51 47 56 88 61 74 74 55 10 4 25 27 26 65 73
1055 22 333 48 18 4 32 10 30 38 32 86 27 34 94 96 76 84 41 78 82 65 43 21 90 97 30 94 74 8 19 81 18 55 84 49 17 50 17 43 12 9 79 60 51 3 54
1056 22 342 72 92 3 53 85 76 61 55 65 41 19 76 73 35 41 62 35 90 78 20 80 15 44 17 26 47 71 32 18 63 34 22 99 9 82 6 22 77 43 50 1 30 90 63
1057 22 331 64 31 92 35 67 33 66 81 28 82 59 74 53 90 43 67 23 65 17 83 46 22 7 20 51 49 69 51 78 10 65 93 40 57 79 59 41 44 39 68 49 94 30 38
1058 22 351 36 48 12 52 64 94 98 38 69 88 1 37 90 78 46 7 23 37 15 53 95 55 97 86 74 74 86 67 55 24 2 87 6 17 81 55 54 32 93 32 11 83 62 8
1059 22 274 89 36 45 55 88 91 9 84 28 34 14 53 63 89 7 16 75 12 33 7 19 38 39 41 31 70 52 13 83 11 53 18 55 59 6 98 41 77 50 90 4 64 30 62
1060 22 322 32 5 26 64 11 44 53 1 84 83 23 87 47 5 98 51 4 9 80 53 27 20 30 79 21 19 34 37 49 96 68 5 83 67 64 35 99 70 90 38 16 46 35 19
1061 22 261 68 90 27 99 43 6 19 72 36 91 42 69 16 46 46 88 28 65 51 15 32 2 84 73 39 51 18 25 69 38 14 48 56 53 6 27 88 97 8 75 62 24 21 8
1062 22 321 11 100 72 14 14 55 67 97 79 5 48 96 81 68 33 94 15 21 50 67 26 28 54 22 96 14 49 10 37 21 17 99 20 40 64 34 46 82 82 24 38 81 71 18
1063 22 314 49 56 12 63 76 61 30 1 88 35 75 36 48 23 45 36 43 13 87 62 4 2 47 1 84 81 21 61 46 39 9 1 50 24 62 53 29 1 39 3 77 84 26 19
1064 22 327 96 12 32 51 66 31 3 49 11 78 21 71 76 59 60 55 4 21 59 84 22 97 86 61 87 62 45 13 92 76 15 95 93 45 97 41 55 75 62 78 2 72 9 77
1065 22 325 32 63 4 21 15 77 69 52 38 8 65 82 20 48 73 47 63 67 40 7 16 32 62 42 45 39 43 17 99 71 48 61 55 51 33 21 80 1 17 8 89 98 79 37
1066 22 314 22 78 99 41 17 5 56 100 18 49 45 8 91 13 6 61 12 66 15 62 50 88 93 51 60 9 10 48 58 41 36 80 34 72 86 91 79 85 8 27 81 68 73 29
1067 22 313 4 91 96 18 40 83 10 42 94 19 52 93 76 92 29 7 61 62 78 46 56 30 12 82 11 79 50 55 3 79 59 93 26 76 85 8 37 26 1 55 93 83 72 21
1068 22 304 89 84 35 19 29 38 26 11 49 60 73 79 9 27 34 39 37 26 16 12 62 23 1 40 75 55 20 68 44 40 30 27 48 56 64 25 66 64 84 38 95 45 28 35
1069 22 283 53 5 51 16 67 25 16 58 23 77 19 11 20 10 40 47 36 39 54 51 66 99 8 60 95 23 39 82 75 44 32 43 62 8 58 19 7 80 25 91 87 82 13 74
1070 22 296 73 66 24 88 36 41 38 95 1 85 17 39 66 44 34 49 86 95 56 95 13 63 75 60 39 17 26 77 50 90 22 7 9 42 14 99 88 66 83 4 48 99 90 96
1071 22 362 36 36 51 31 1 65 57 12 56 25 37 32 74 78 82 96 84 6 77 71 54 64 88 36 19 44 35 70 85 30 5 72 33 87 72 49 95 83 4 19 71 88 93 48
1072 22 380 69 40 83 26 95 59 97 49 74 84 36 93 79 71 62 63 52 18 35 36 57 58 37 51 93 40 70 63 27 14 63 47 53 45 73 47 56 69 47 29 4 83 5 86
1073 22 316 97 56 4 31 44 60 41 80 62 33 71 83 47 50 96 9 48 54 20 47 9 40 93 37 27 62 26 31 22 39 2 5 82 61 61 75 29 31 57 75 80 53 36 28
1074 22 387 52 89 47 98 49 87 43 37 82 69 98 7 45 80 38 46 36 19 59 32 31 33 12 13 41 39 74 72 97 14 70 46 62 8 88 98 89 57 96 47 56 40 27 45
1075 22 363 37 14 15 47 98 97 79 9 9 72 99 53 16 72 76 12 85 98 58 46 5 97 44 46 53 91 92 60 82 70 4 18 84 70 65 81 66 95 41 75 40 79 63 7
1076 22 347 45 100 4 54 97 60 51 92 5 3 82 97 15 63 18 18 33 1 40 49 43 74 31 61 65 62 94 79 68 38 78 23 92 75 34 42 66 91 96 100 39 10 62 56
1077 22 374 80 46 57 19 94 41 75 89 14 6 49 30 67 42 9 86 79 86 60 22 12 45 63 30 35 11 29 73 20 42 81 99 88 89 17 33 92 21 95 49 69 24 62 84
1078 22 287 52 93 22 63 14 33 59 29 46 39 42 70 58 36 50 9 75 38 25 7 67 68 28 61 16 48 36 82 62 20 85 54 93 99 19 25 10 47 39 55 37 32 24 47
1079 22 318 67 74 55 93 63 31 29 51 79 41 18 78 39 100 36 92 92 87 11 68 96 9 58 50 46 90 25 44 8 98 50 53 13 80 52 41 82 82 34 100 59 62 51 98
1080 22 306 13 86 41 4 24 51 71 71 12 81 20 9 22 97 52 81 46 53 33 58 32 84 51 66 17 84 65 76 97 15 73 9 64 76 16 86 79 66 18 87 87 14 90 68
1081 22 313 59 42 17 25 36 67 90 52 2 54 79 98 20 3 58 72 68 21 47 35 6 44 13 24 61 51 10 26 40 29 85 33 81 53 57 68 71 99 72 4 50 21 24 52
1082 22 305 30 95 19 50 93 53 7 36 65 82 97 67 44 74 6 72 58 38 52 62 47 71 32 97 42 55 91 27 23 42 56 69 13 57 61 65 16 97 82 97 45 48 40 18
1083 22 314 6 12 28 95 15 41 93 86 25 89 27 79 89 69 58 63 62 13 32 74 70 92 39 85 40 72 33 84 71 73 54 76 36 33 2 73 63 39 97 52 17 28 92 85
1084 22 291 85 54 47 97 20 18 77 10 54 68 33 39 4 4 11 57 79 98 41 1 51 13 16 90 62 19 6 41 10 43 25 63 73 100 60 43 28 22 48 95 86 98 57 48
1085 22 277 6 88 97 46 40 48 11 55 37 24 73 94 64 34 36 40 49 76 48 88 58 27 9 6 21 14 43 71 23 91 76 10 87 74 1 34 56 22 59 80 16 74 14 3
1086 22 303 13 14 79 28 18 86 39 26 43 11 91 85 33 13 27 61 74 66 34 27 99 69 82 73 88 100 78 90 64 91 20 43 3 37 28 93 14 22 4 57 59 88 21 85
1087 22 334 48 95 50 81 21 1 1 54 73 79 66 12 30 44 53 93 86 25 88 89 61 15 33 27 89 88 83 47 76 3 31 23 49 33 56 21 26 57 35 44 20 16 39 72
1088 22 306 61 24 96 48 64 9 62 97 35 2 84 69 48 59 23 79 34 24 11 89 44 95 22 3 82 65 98 3 93 58 26 41 5 90 49 18 38 35 20 73 3 67 25 97
1089 22 408 17 48 59 57 44 53 52 65 55 34 81 28 83 83 21 40 60 61 96 1 9 13 38 95 84 11 97 3 94 73 99 62 73 58 18 68 62 21 69 6 64 96 88 46
1090 22 339 68 27 5 80 74 6 40 87 95 34 22 57 82 24 2 55 75 63 79 84 32 98 97 53 81 65 58 44 13 46 41 32 24 97 12 98 54 51 36 1 85 9 57 66
1091 22 386 33 59 72 7 73 2 42 5 99 38 9 31 55 66 74 67 63 66 50 39 15 61 88 68 64 23 20 48 83 77 65 15 87 37 59 38 66 15 89 4 23 19 58 41
1092 22 296 45 76 55 62 25 93 76 38 80 96 1 54 15 48 37 91 64 3 29 100 28 88 90 93 54 78 48 77 5 69 92 80 23 54 57 68 46 47 24 46 53 91 41 33
1093 22 354 8 95 62 60 74 49 49 19 2 78 66 30 25 23 98 17 54 73 70 10 40 50 55 38 26 52 90 16 96 82 48 4 77 61 63 50 9 63 20 63 86 44 64 8
1094 22 332 94 32 61 66 53 23 5 3 29 42 80 81 84 47 76 65 31 41 55 45 43 15 7 62 98 99 25 14 6 18 45 19 83 50 93 87 52 21 1 63 28 74 59 20
1095 22 350 80 56 62 95 14 76 75 12 74 99 25 32 16 21 50 50 70 42 36 73 68 7 15 30 35 43 57 9 53 77 88 60 90 34 65 61 37 39 59 13 27 33 71 76
1096 22 363 55 12 64 79 25 31 86 91 60 20 85 69 80 90 97 20 49 86 53 74 51 13 10 89 24 22 2 7 29 13 43 92 91 19 74 28 48 94 54 79 35 50 98 84
1097 22 326 35 51 9 85 15 19 25 90 92 86 91 98 65 20 10 7 63 53 26 37 80 87 22 79 32 27 58 67 76 55 50 62 57 10 99 24 28 75 72 61 56 69 27 31
1098 22 308 84 41 83 61 29 14 47 50 93 78 28 2 44 3 56 45 17 65 7 15 40 34 89 4 5 1 11 26 78 37 8 61 30 42 73 58 55 19 60 47 48 87 42 56
1099 22 320 40 58 72 46 24 11 32 64 66 88 65 77 42 65 54 94 26 52 20 96 11 18 95 97 18 90 90 73 30 47 96 27 70 58 10 34 23 50 50 99 91 16 44 9
1100 22 318 54 21 12 73 16 74 91 10 23 8 32 81 11 79 59 80 36 21 65 58 70 14 9 35 56 76 24 51 78 71 48 2 38 73 44 48 95 3 99 59 34 31 69 64
1101 22 397 89 100 99 9 65 9 30 30 69 17 38 44 92 88 79 21 59 78 23 48 51 18 95 97 21 45 55 6 27 75 70 16 75 68 76 91 28 58 20 96 74 57 91 17
1102 22 329 97 22 38 7 99 12 54 1 29 1 98 1 4 7 24 31 76 39 5 95 66 47 23 75 70 48 75 61 17 23 82 54 32 17 33 97 34 82 31 37 67 79 44 23
1103 22 396 25 9 69 47 84 87 83 61 81 99 35 62 4 63 93 72 96 77 30 58 66 60 47 69 65 13 99 8 36 75 16 4 74 51 90 42 86 2 22 36 40 98 79 63
1104 22 325 46 56 31 75 65 96 86 11 16 50 76 66 9 11 41 24 66 66 27 56 7 12 80 47 45 14 38 94 92 1 39 99 79 2 26 46 3 1 64 11 63 56 87 29
1105 22 270 21 13 36 27 76 44 6 22 88 71 12 34 14 12 24 13 94 89 28 24 42 5 22 45 58 85 7 72 40 93 60 57 35 38 32 31 43 6 18 65 69 3 78 80
1106 22 332 27 90 25 15 69 1 8 26 22 4 35 6 11 6 45 3 58 56 12 44 93 43 74 87 92 51 68 94 28 99 72 70 76 38 90 76 46 67 97 49 1 54 59 59
1107 22 368 98 14 16 5 77 59 97 71 33 35 71 76 37 90 21 16 41 93 85 16 30 27 91 75 45 39 76 46 92 86 4 41 51 71 27 29 93 98 61 27 20 88 63 9
1108 22 326 9 78 1 1 15 16 82 93 58 9 37 96 84 34 39 69 89 79 20 59 75 98 40 19 47 52 97 66 11 27 41 27 52 7 43 33 99 52 87 100 24 21 38 45
1109 22 304 61 69 16 20 95 13 11 14 60 62 10 77 1 21 3 100 82 3 67 76 36 17 27 28 55 26 4 27 64 48 88 84 15 59 78 27 69 91 38 30 53 15 83 73
1110 22 342 69 34 85 50 37 3 25 24 19 4 51 73 29 54 52 44 53 39 27 67 97 57 46 17 47 83 98 99 49 32 23 70 66 7 71 54 61 96 79 51 4 79 55 75
1111 22 284 37 45 53 56 93 9 1 61 8 35 58 6 36 90 81 5 7 39 75 12 22 40 30 72 18 85 3 54 91 77 35 29 46 79 90 98 39 97 32 97 54 67 38 34
1112 22 308 71 96 73 98 7 24 19 46 53 43 15 38 45 69 80 73 11 15 1 8 42 5 84 38 36 32 92 55 69 25 25 64 49 74 22 72 93 67 77 35 33 66 31 53
1113 22 296 45 3 63 59 55 70 56 97 26 39 34 62 70 77 16 90 54 92 5 2 66 26 10 44 2 96 28 67 81 63 43 22 65 77 30 90 67 16 3 88 92 70 77 45
1114 22 249 14 81 47 31 58 24 40 1 77 87 28 95 12 60 57 91 3 30 24 19 6 60 21 15 11 12 84 39 49 19 55 79 30 70 80 6 56 60 52 19 19 8 9 73
1115 22 362 90 85 91 47 3 23 62 17 33 73 52 24 81 53 42 87 31 22 16 53 1 73 8 60 76 79 79 84 87 3 25 23 46 71 64 48 93 25 78 50 67 1 82 19
1116 22 285 94 69 2 15 36 54 68 61 13 79 91 9 71 30 12 95 4 57 18 68 10 44 39 93 37 39 75 8 85 95 61 51 82 66 78 97 30 21 5 52 16 99 24 16
1117 22 359 72 79 77 16 49 68 60 38 6 34 45 42 80 57 93 14 22 10 7 99 58 88 71 15 40 72 82 90 57 100 84 33 15 33 75 70 66 51 92 22 43 5 5 11
1118 22 404 93 62 99 64 76 90 87 58 79 63 15 35 63 98 19 29 82 71 55 3 80 15 20 30 6 41 73 62 35 77 72 80 90 22 95 66 11 81 75 41 96 89 27 10
1119 22 358 38 46 20 16 93 74 47 59 94 76 16 86 48 77 21 76 66 74 83 36 26 9 77 21 49 3 30 86 57 67 64 31 13 74 76 89 89 61 88 17 33 64 68 32
1120 22 348 81 41 77 15 29 3 23 5 75 71 59 57 8 59 28 17 91 99 90 16 74 78 56 34 17 24 67 32 50 12 84 79 78 12 33 100 68 7 22 26 15 82 36 42
1121 22 391 98 13 84 96 54 99 69 83 99 77 72 31 20 74 94 55 52 72 18 84 23 85 90 45 62 57 78 50 75 62 34 22 67 84 42 49 47 47 19 77 37 92 71 43
1122 22 394 43 42 60 78 64 44 19 60 58 75 89 7 25 15 68 58 36 34 93 29 82 82 76 80 46 9 88 37 79 31 31 72 90 8 87 86 78 99 53 87 49 77 2 68
1123 22 289 86 89 53 78 70 86 12 45 65 11 42 73 98 78 3 80 60 26 22 19 13 7 96 63 1 100 49 28 54 68 43 20 5 54 8 21 16 49 46 13 78 48 45 89
1124 22 340 26 66 59 90 24 6 52 24 6 52 33 6 91 98 62 40 63 18 45 22 38 60 70 35 99 35 68 87 60 85 97 49 8 2 31 7 55 6 40 60 96 89 11 9
1125 22 318 28 25 26 72 46 16 31 67 50 6 65 84 74 3 43 58 99 43 18 1 94 100 59 49 6 50 60 53 38 71 62 17 95 87 88 93 2 70 52 28 24 35 1 78
1126 22 347 30 10 77 72 27 29 66 27 39 66 84 89 25 36 78 47 97 95 94 36 34 86 37 56 96 40 83 71 35 49 8 44 79 23 57 96 1 95 61 84 38 19 13 36
1127 22 285 68 59 81 3 44 18 91 99 14 83 33 84 9 67 32 16 11 60 46 85 16 42 85 11 54 68 97 43 38 61 79 5 19 59 7 63 77 98 13 90 25 40 12 57
1128 22 285 7 74 16 52 58 84 45 94 46 51 61 42 93 99 3 71 21 82 62 35 10 11 48 51 42 93 75 33 56 83 39 30 51 42 34 39 33 79 89 93 20 81 43 74
1129 22 277 4 98 47 37 11 81 46 21 80 96 14 24 22 46 5 36 9 55 29 99 40 67 31 18 55 76 89 88 70 63 43 67 61 79 41 76 49 73 23 62 96 44 59 75
1130 22 321 94 35 54 23 86 93 41 16 62 96 43 51 35 13 65 29 31 25 59 60 17 34 8 89 22 37 51 32 63 51 26 50 56 100 1 40 50 62 87 45 64 21 57 80
1131 22 310 49 87 56 59 98 73 92 58 13 99 79 49 2 10 64 4 87 13 11 38 47 11 78 48 25 64 40 37 20 37 75 96 36 99 39 93 12 90 23 12 43 85 46 71
1132 22 285 39 8 9 85 71 38 85 47 53 76 86 41 28 57 78 14 84 25 49 82 15 94 45 4 16 9 46 100 35 43 23 74 3 83 10 73 20 46 19 24 74 56 65 1
1133 22 362 65 94 66 48 70 66 81 84 59 78 40 75 86 37 26 72 32 48 97 34 82 59 58 53 4 76 77 77 83 93 29 47 94 46 7 60 27 42 44 41 18 22 64 49
1134 22 323 21 61 82 3 19 39 55 74 66 83 3 100 75 31 47 12 25 44 70 36 12 5 92 1 17 9 74 81 9 94 93 42 96 11 32 3 36 97 37 38 49 12 69 47
1135 22 297 75 45 90 45 32 12 56 88 88 47 40 5 8 13 37 16 7 29 10 54 91 41 78 90 45 16 38 8 36 84 82 32 25 26 15 36 33 2 24 80 42 80 39 6
1136 22 304 68 6 64 48 15 70 38 56 77 67 45 73 82 34 80 69 17 62 93 39 14 29 72 68 4 3 61 35 41 66 2 46 49 61 51 38 27 4 12 100 97 31 6 65
1137 22 321 92 58 57 83 23 37 54 90 40 8 2 74 48 20 27 45 1 75 51 64 76 29 68 39 80 5 35 11 62 99 19 56 36 42 41 83 84 48 85 57 47 4 44 56
1138 22 299 10 52 6 74 28 34 93 66 66 49 1 76 99 29 81 6 17 74 98 57 56 81 57 92 89 3 47 24 2 86 50 59 11 77 45 55 42 10 3 42 85 64 13 44
1139 22 330 98 81 17 95 38 25 27 94 16 68 48 63 91 46 28 95 75 38 71 19 92 64 46 58 64 10 50 28 53 47 9 22 94 46 20 91 61 87 30 83 43 57 29 69
1140 22 356 47 51 87 90 15 66 36 72 81 45 21 8 49 19 68 70 12 13 84 55 28 22 93 54 3 27 96 12 56 16 58 58 54 47 72 19 82 95 51 78 67 59 27 38
1141 22 294 26 96 49 91 63 84 45 90 58 89 95 12 68 43 23 75 32 32 12 31 56 82 64 50 33 42 69 43 6 20 15 6 62 29 42 59 18 51 47 65 14 7 85 88
1142 22 302 64 16 72 27 46 27 9 62 28 93 3 96 35 22 53 6 88 11 68 17 52 78 86 2 24 50 63 90 8 99 29 72 15 100 50 12 78 58 73 6 27 53 36 48
1143 22 400 58 94 88 68 61 4 19 38 89 72 13 39 34 54 98 33 83 69 99 34 71 62 64 28 87 69 30 65 73 17 10 52 97 22 55 67 59 43 38 24 33 24 77 31
1144 22 354 56 11 51 6 97 21 19 60 1 5 80 82 70 4 98 34 34 60 85 82 81 91 49 92 33 38 15 18 61 43 68 6 2 73 54 23 92 65 75 48 44 56 17 47
1145 22 308 5 2 32 64 38 66 45 28 66 88 13 3 54 30 64 96 81 31 53 82 56 58 4 47 22 30 94 17 85 63 16 42 47 5 1 81 29 88 93 32 41 74 89 54
1146 22 335 77 93 36 32 51 91 30 72 73 76 41 9 90 56 50 5 54 7 10 18 7 91 46 95 35 29 87 61 75 75 66 52 20 53 70 96 17 93 68 92 33 76 81 40
1147 22 261 26 37 46 32 47 63 90 89 60 36 75 41 23 35 15 49 1 18 20 5 5 89 21 34 67 64 18 43 44 58 32 55 3 78 69 44 28 80 93 68 54 27 35 54
1148 22 379 79 52 74 84 56 14 35 76 47 2 39 65 96 34 67 18 28 21 95 96 64 13 75 95 5 95 48 83 29 2 14 80 27 49 88 40 83 15 87 36 54 3 76 49
1149 22 308 56 55 21 3 2 85 67 28 79 23 22 79 57 2 32 70 34 58 70 21 97 53 35 35 40 40 37 23 31 64 23 86 44 40 71 80 6 99 58 80 72 88 74 19
1150 22 285 6 59 76 76 79 25 80 65 59 19 5 48 93 35 11 16 72 81 12 3 38 69 53 47 49 77 87 85 2 5 42 60 33 69 9 48 19 19 58 66 44 29 26 16
1151 22 401 61 36 79 63 25 99 68 72 47 44 58 83 97 14 77 56 98 45 45 6 93 98 63 56 90 73 99 18 51 66 78 86 96 93 11 95 12 34 55 43 28 3 8 4
1152 22 345 58 6 48 2 11 92 99 35 54 6 77 27 57 94 29 22 24 14 18 68 76 64 79 61 56 85 3 83 87 11 86 44 16 34 97 78 47 13 31 53 89 9 9 34
1153 22 330 37 82 57 2 51 24 78 14 54 38 22 38 93 4 24 55 42 67 27 63 99 3 10 11 33 14 74 85 29 55 31 6 69 60 19 22 49 40 60 41 96 83 47 37
1154 22 317 2 68 15 16 67 17 77 29 90 32 94 63 16 23 70 60 5 75 28 64 45 2 12 37 61 5 84 95 3 72 48 71 86 64 89 2 40 69 55 82 49 96 23 65
1155 22 354 79 27 91 58 42 88 59 5 24 71 61 59 66 64 30 65 86 15 28 26 68 20 46 23 53 98 71 100 64 45 65 94 23 7 52 64 94 62 20 69 33 81 27 50
1156 22 298 96 56 14 81 22 94 58 90 13 3 12 17 34 16 16 78 32 9 52 39 67 84 74 86 53 6 18 31 7 13 39 20 45 60 54 49 77 57 93 56 97 9 23 26
1157 22 335 40 32 77 30 43 43 14 68 29 18 73 98 79 11 38 51 7 50 63 61 98 92 69 62 84 24 58 44 99 84 36 30 60 65 24 55 30 92 35 99 16 32 47 94
1158 22 306 88 97 53 37 11 13 35 2 33 48 38 56 57 81 6 40 16 35 52 33 58 14 54 92 13 69 23 63 15 17 50 63 69 87 74 33 73 27 65 20 64 72 76 97
1159 22 311 78 68 64 64 71 96 26 28 62 79 19 26 48 93 88 14 61 37 29 81 75 2 13 47 80 29 18 44 53 46 40 82 65 3 45 35 51 71 14 12 1 32 37 48
1160 22 305 24 76 14 85 12 42 17 87 95 30 85 74 10 55 69 14 8 95 64 63 92 50 65 14 63 76 46 64 39 79 5 2 20 22 40 66 3 25 91 64 79 60 78 30
1161 22 262 19 72 45 81 15 94 28 8 72 94 53 35 7 73 25 37 78 27 8 51 18 73 5 94 63 68 24 74 97 53 93 21 49 25 35 42 70 15 1 80 66 26 4 2
1162 22 339 3 82 61 5 33 61 93 47 80 17 21 77 65 97 70 89 83 63 58 97 64 51 56 16 30 73 41 85 26 95 67 86 99 18 11 62 17 91 89 67 51 53 15 72
1163 22 313 41 49 34 51 98 97 53 5 13 34 78 5 18 3 36 41 5 10 61 67 51 96 66 69 70 83 21 63 83 55 80 3 65 85 67 50 14 72 16 71 55 8 20 59
1164 22 359 18 80 77 95 82 73 13 50 22 82 84 43 44 67 49 8 98 3 24 82 70 73 95 93 92 63 15 98 86 56 39 66 33 86 99 57 78 31 32 72 27 50 20 34
1165 22 238 48 75 10 29 44 34 76 88 25 38 2 22 59 87 30 98 4 62 35 3 70 84 3 99 14 34 71 92 36 42 78 83 16 87 11 11 20 38 98 97 27 51 18 86
1166 22 334 90 47 35 93 60 69 47 29 52 49 80 17 50 9 70 43 86 4 11 24 14 73 95 4 23 91 30 73 9 15 7 1 59 19 21 5 99 24 6 78 93 92 79 1
1167 22 334 13 22 38 16 84 13 81 8 7 84 30 98 14 55 58 80 68 64 33 26 34 53 83 33 29 40 10 21 89 73 95 62 62 62 97 74 42 4 32 78 43 88 74 7
1168 22 299 54 6 85 87 11 19 19 91 10 29 92 69 35 38 30 96 51 26 21 92 29 52 14 33 63 53 70 89 60 75 94 96 62 56 32 46 23 12 8 66 80 42 55 61
1169 22 381 89 5 38 9 96 19 13 69 32 45 83 37 66 71 41 65 91 54 72 56 37 70 30 49 77 95 80 71 49 41 59 53 68 100 48 80 20 32 76 3 93 73 15 85
1170 22 327 89 57 90 61 64 27 30 93 75 58 39 6 28 87 46 87 91 28 54 42 27 85 62 10 12 16 29 4 88 43 77 51 78 89 14 56 18 6 44 36 3 82 33 41
1171 22 339 72 12 94 66 39 30 79 48 41 94 77 96 81 71 36 9 22 66 97 35 21 14 3 41 90 95 18 22 35 41 86 80 6 24 61 84 23 1 29 51 48 10 74 36
1172 22 390 18 95 1 15 81 21 80 73 75 72 9 64 66 78 86 100 71 31 76 46 91 11 20 43 40 71 49 44 26 18 90 78 84 70 98 16 43 73 87 3 36 53 73 4
1173 22 334 49 95 35 24 92 25 12 68 74 34 10 74 29 87 43 18 64 27 39 61 42 33 85 80 73 32 66 97 88 15 44 22 38 35 98 72 17 97 31 26 22 59 65 28
1174 22 350 75 43 67 88 36 99 24 15 86 48 99 51 45 86 65 40 59 3 74 8 26 72 25 23 2 2 96 13 14 60 40 40 54 6 27 41 57 3 56 42 50 6 92 46
1175 22 265 43 57 85 53 11 59 60 36 82 36 10 83 38 6 47 3 17 87 42 23 44 21 63 52 23 18 93 72 75 85 18 17 2 69 3 12 81 38 16 100 28 5 5 74
1176 22 333 7 73 12 49 95 8 69 58 59 91 75 52 14 2 88 83 18 32 85 39 34 96 19 23 41 86 22 68 91 78 97 51 5 97 45 12 65 2 70 7 29 73 73 30
1177 22 355 12 55 99 43 91 37 28 39 7 3 79 93 76 46 83 54 38 31 56 42 53 44 54 75 51 34 75 63 11 29 61 5 20 50 85 58 87 88 14 33 34 19 70 65
1178 22 368 74 12 44 26 16 87 79 42 89 64 41 63 26 51 38 7 63 39 91 72 95 29 59 94 43 43 28 61 12 44 87 75 73 42 84 62 5 24 76 82 19 71 85 33
1179 22 332 10 75 4 56 56 14 1 50 80 62 20 23 48 46 61 59 88 86 52 24 99 56 74 89 77 93 60 61 21 87 81 76 42 46 76 91 54 56 5 25 30 52 70 91
1180 22 335 63 10 76 14 33 74 22 83 99 10 59 43 21 19 20 41 58 52 16 99 97 44 42 2 51 46 26 80 49 96 11 57 77 41 74 98 23 73 82 67 32 52 86 72
1181 22 372 9 37 40 60 86 83 53 87 33 98 65 64 46 12 38 9 68 86 85 8 12 34 82 36 92 15 2 23 67 88 47 27 76 86 61 20 90 100 52 87 64 67 75 4
1182 22 363 93 94 42 29 1 53 62 34 88 5 49 89 80 15 76 26 4 63 31 64 82 20 63 85 59 78 51 43 52 7 87 97 48 15 97 100 39 32 27 11 45 55 36 89
1183 22 286 58 98 19 21 31 91 36 15 49 13 18 91 17 24 29 13 23 95 62 74 22 44 12 53 74 38 64 70 92 99 1 49 79 19 9 46 67 73 63 9 41 38 89 54
1184 22 295 60 83 67 33 4 10 44 56 35 33 19 4 77 70 13 77 70 41 50 100 11 10 45 77 83 7 37 23 96 25 28 55 7 94 39 10 55 82 66 89 36 92 43 5
1185 22 264 57 19 26 49 69 26 60 78 70 36 12 29 73 87 24 49 14 31 56 60 65 14 3 82 18 46 11 74 2 81 52 3 49 77 62 79 46 49 42 74 21 28 50 70
1186 22 337 94 80 77 53 93 66 2 75 20 22 44 66 32 69 19 13 21 13 96 34 43 94 83 85 55 64 68 76 57 99 52 61 99 45 27 100 71 98 22 14 15 5 34 34
1187 22 314 69 6 6 34 1 92 76 46 74 12 65 28 28 32 4 36 31 7 97 81 51 75 80 73 72 53 38 87 58 72 78 77 29 11 20 39 75 93 2 39 73 29 22 76
1188 22 312 65 4 82 61 84 85 35 16 57 6 68 95 92 77 18 63 7 46 44 17 74 63 48 56 9 38 28 37 12 55 1 15 88 13 51 24 47 66 33 5 85 79 14 96
1189 22 338 63 72 41 6 88 66 68 47 14 75 55 3 54 91 60 44 81 100 8 31 23 55 48 55 11 32 85 58 97 80 72 68 77 8 38 97 3 23 57 77 50 71 36 45
1190 22 276 3 87 53 33 10 59 80 16 21 63 1 78 12 32 2 79 56 30 38 45 26 43 99 49 55 77 4 77 64 48 79 51 52 63 60 62 42 27 82 57 68 63 13 98
1191 22 357 18 42 36 14 68 78 12 68 80 18 44 35 47 7 82 77 57 86 40 68 33 95 29 89 73 40 8 35 52 6 4 93 93 17 70 80 79 1 98 74 87 96 81 69
1192 22 326 72 37 6 63 5 52 96 51 32 36 75 71 44 10 74 1 65 67 93 82 30 14 13 61 67 10 34 53 57 14 73 81 3 78 43 59 82 90 9 13 78 83 36 73
1193 22 313 44 9 73 9 27 17 42 57 82 54 17 48 16 50 53 24 25 4 18 55 99 28 88 88 36 52 70 87 89 66 48 13 26 74 29 67 11 72 50 10 39 52 62 63
1194 22 331 67 39 66 36 45 64 63 32 4 50 83 20 71 22 9 88 69 73 13 94 2 31 76 64 3 25 25 93 28 87 55 94 77 21 81 21 84 95 39 44 86 59 59 19
1195 22 300 54 27 91 67 21 44 49 48 7 3 24 32 96 52 70 50 45 98 78 70 6 72 73 44 68 10 34 69 72 87 47 63 5 67 14 65 56 90 48 51 41 69 1 37
1196 22 321 66 22 14 35 27 86 59 23 53 68 76 38 36 100 24 83 62 81 1 19 34 67 83 89 56 82 92 96 50 92 32 67 13 98 87 79 41 76 40 99 48 53 79 1
1197 22 321 24 64 67 6 53 74 40 96 21 89 87 4 56 51 1 8 42 35 19 7 97 100 96 62 39 47 62 44 77 62 41 80 45 53 63 40 25 4 78 28 11 28 29 18
1198 22 355 22 63 36 28 84 27 83 46 18 81 7 13 58 20 31 50 99 6 46 3 69 85 27 24 14 54 34 93 82 51 45 39 94 32 72 14 19 41 95 77 53 4 96 83
1199 22 387 53 94 89 50 96 9 86 22 84 99 28 17 91 9 19 5 5 9 98 88 83 21 2 1 62 48 78 14 3 25 49 7 56 66 41 40 39 67 81 27 70 37 79 86
1200 22 369 71 13 7 24 65 68 23 42 33 25 67 33 31 37 73 86 2 73 78 93 56 68 59 55 49 38 77 37 21 7 43 19 81 67 83 48 89 77 32 66 95 65 96 31
1201 22 321 89 34 84 62 11 77 17 79 87 24 79 24 15 96 6 37 39 76 69 5 58 16 45 86 62 80 16 58 4 43 46 65 53 74 82 83 60 5 61 36 56 28 31 61
1202 22 341 16 69 36 85 25 45 22 31 51 83 62 66 40 24 70 82 69 86 87 94 67 69 5 23 82 40 78 9 71 90 24 39 77 8 74 60 37 4 19 65 28 11 97 44
1203 22 294 60 34 82 53 53 51 58 75 84 97 5 92 19 46 67 10 75 27 25 48 38 61 3 99 31 19 26 41 59 74 37 18 8 18 71 60 20 80 86 3 28 42 46 47
1204 22 397 88 13 56 62 91 80 9 28 92 63 26 22 81 4 63 39 77 51 36 68 79 47 10 33 90 37 74 36 83 13 38 26 69 86 17 60 48 94 82 29 97 96 19 26
1205 22 382 98 27 61 65 57 60 52 66 92 94 3 17 81 37 82 80 27 7 21 47 93 89 7 92 40 20 31 87 91 56 84 17 68 100 26 27 43 18 97 45 87 77 34 20
1206 22 312 8 12 26 28 58 70 16 16 62 97 55 33 79 93 23 34 28 92 2 28 69 28 31 11 98 27 36 55 41 55 52 80 61 2 56 77 15 4 83 47 76 22 68 3
1207 22 338 65 69 82 33 49 12 95 46 90 2 81 44 94 87 57 97 18 97 58 19 4 34 33 60 16 32 42 43 53 9 98 69 30 79 1 78 43 47 23 32 55 28 41 36
1208 22 333 39 58 85 48 29 88 33 61 47 100 92 40 43 96 1 40 64 30 70 16 59 12 63 33 96 11 87 75 4 79 10 94 88 46 41 16 34 25 77 32 25 20 24 67
1209 22 306 16 76 58 31 5 27 47 15 91 9 86 71 33 60 26 63 21 20 50 67 12 66 52 37 94 35 61 13 79 80 36 11 89 14 9 3 4 69 49 41 39 33 64 95
1210 22 322 73 35 97 39 47 62 42 35 55 76 95 19 34 25 51 18 12 61 59 25 21 61 29 89 62 69 27 94 41 93 77 37 83 75 50 24 9 56 26 36 31 76 54 42
1211 22 335 88 12 66 8 24 46 96 85 67 74 31 39 68 23 83 96 11 17 70 12 92 30 42 36 78 66 20 83 7 7 46 24 15 69 22 62 6 88 55 10 60 50 72 76
1212 22 354 71 83 67 52 1 60 87 92 37 4 11 71 62 70 16 85 84 37 58 97 42 97 81 74 90 90 33 91 13 60 61 95 78 64 95 38 2 38 26 5 97 18 70 64
1213 22 359 55 53 52 12 1 45 9 85 25 82 74 66 67 65 78 78 77 72 56 93 18 45 94 56 70 51 68 25 34 74 29 85 86 29 82 46 65 6 79 91 72 97 7 49
1214 22 321 75 35 73 82 27 90 26 21 97 47 23 52 17 42 28 50 16 8 86 53 89 67 98 53 25 28 95 96 1 96 51 36 20 84 62 62 9 34 58 7 56 62 41 24
1215 22 283 13 49 62 17 37 80 14 41 4 93 36 51 69 88 47 19 75 18 2 37 79 62 22 89 21 78 43 27 42 19 91 42 80 7 30 11 72 71 15 64 58 65 33 97
1216 22 352 63 3 72 81 57 60 11 70 81 51 90 10 52 33 36 46 3 78 87 34 84 17 44 7 39 58 71 48 75 55 37 9 15 69 65 74 80 35 55 82 24 16 34 8
1217 22 359 4 79 10 81 17 95 85 39 23 23 96 93 70 70 99 14 59 8 80 79 72 54 58 58 60 40 34 75 25 41 78 55 3 59 71 97 75 56 87 97 35 42 56 92
1218 22 397 65 14 99 44 93 23 97 2 80 8 83 17 58 12 23 12 70 94 60 96 49 47 45 78 81 38 29 36 50 80 89 94 2 37 47 33 40 98 79 8 55 90 31 18
1219 22 403 60 76 77 7 76 23 3 53 40 34 91 21 78 92 66 85 1 55 83 85 99 22 82 77 88 66 64 5 39 82 36 14 56 38 18 11 51 1 98 81 92 97 46 28
1220 22 318 49 100 10 33 50 84 67 78 65 54 44 28 11 72 18 44 7 31 99 45 48 9 74 51 61 71 31 4 19 28 83 19 80 45 51 29 28 69 59 44 23 2 85 25
1221 22 364 40 28 32 22 78 28 69 39 1 71 99 23 55 93 81 37 11 60 13 40 60 82 98 55 56 51 77 40 28 68 19 59 89 96 86 10 34 38 85 60 39 52 65 75
1222 22 312 62 76 8 26 67 67 7 17 22 14 19 50 5 46 70 23 56 10 71 41 4 30 3 88 89 39 78 40 53 53 30 12 79 96 37 64 83 53 80 74 82 36 35 52
1223 22 293 28 6 7 58 60 47 46 98 24 38 52 28 90 81 39 20 69 9 44 71 63 26 75 69 5 100 2 92 35 53 20 92 77 51 6 74 81 11 3 9 53 83 99 24
1224 22 400 62 67 84 5 90 46 82 16 67 39 16 68 30 2 73 49 93 84 77 95 41 51 46 21 61 48 81 65 80 89 43 98 72 100 87 70 55 36 19 22 49 23 27 49
1225 22 340 67 10 26 13 50 28 58 23 88 57 3 5 38 82 93 32 80 16 31 18 85 64 72 72 82 93 27 82 5 83 33 15 60 97 16 87 54 90 62 93 30 99 74 83
1226 22 339 57 42 65 27 26 28 50 50 62 95 28 95 61 32 77 46 98 88 42 66 74 48 55 100 9 99 81 60 94 85 96 58 11 73 38 61 22 99 7 1 45 67 33 74
1227 22 396 64 30 61 58 47 35 5 2 86 65 52 66 76 28 20 21 65 67 79 75 92 68 87 13 66 93 62 12 98 35 75 79 96 32 26 30 88 79 15 5 30 32 32 10
1228 22 353 4 53 74 70 83 48 61 50 87 26 67 31 91 28 42 40 63 69 18 58 52 43 39 40 73 5 96 3 36 27 12 39 79 37 10 22 50 28 53 40 56 46 31 18
1229 22 365 14 49 75 66 43 13 57 16 17 52 70 4 30 81 9 69 55 21 4 27 83 78 77 10 82 68 65 27 99 34 93 99 60 10 41 24 18 8 40 21 96 50 90 10
1230 22 319 77 44 83 33 22 65 10 50 26 43 18 91 69 68 76 13 66 36 74 58 59 91 51 11 42 46 13 51 35 74 79 30 56 11 20 20 1 46 62 70 88 83 37 63
1231 22 381 47 2 50 21 59 9 11 76 74 18 56 38 20 42 98 71 67 9 73 38 80 73 83 94 42 22 76 30 37 74 86 94 94 46 57 69 82 86 19 5 4 29 55 74
1232 22 396 95 63 47 85 42 71 67 35 65 41 62 94 77 88 29 14 81 22 12 37 90 67 18 28 30 88 84 33 17 38 59 63 57 47 94 79 66 80 43 6 89 34 99 61
1233 22 276 38 10 50 79 77 19 6 58 7 90 42 75 27 100 89 79 56 36 24 87 53 3 29 10 48 69 43 28 37 93 41 26 55 42 5 83 60 62 40 18 51 81 44 30
1234 22 351 81 33 8 88 68 83 74 20 85 55 75 75 12 64 67 4 89 21 45 45 3 57 7 42 26 57 70 38 2 97 46 21 79 72 92 16 72 100 52 46 63 15 56 85
1235 22 333 63 100 39 71 6 33 97 15 7 18 52 13 19 49 58 91 27 29 82 42 53 93 10 50 56 24 61 74 79 97 88 31 36 59 68 7 50 74 76 2 38 46 47 36
1236 22 348 28 28 17 22 33 21 14 94 70 21 82 94 79 34 30 66 92 66 50 67 58 25 68 47 69 93 57 97 20 25 5 45 83 98 66 56 67 47 49 67 77 82 48 42
1237 22 317 25 13 26 26 80 35 50 99 81 71 20 26 79 68 97 3 37 1 47 71 51 64 69 11 75 87 39 8 35 81 85 99 58 10 30 93 12 29 34 100 13 67 15 3
1238 22 367 99 14 73 49 77 99 70 39 25 8 78 84 42 10 68 93 67 30 22 11 41 2 36 74 1 85 86 67 83 53 21 82 66 94 82 94 44 51 33 68 59 10 51 52
1239 22 311 71 71 96 89 18 100 40 71 87 65 24 23 51 90 6 55 11 87 20 56 13 99 23 97 33 6 84 28 90 80 17 89 49 16 80 71 2 45 94 24 47 84 81 1
1240 22 289 46 19 72 53 39 36 51 61 33 68 93 90 28 18 29 59 34 69 7 1 49 30 54 45 23 29 43 58 10 95 3 80 18 55 53 57 78 85 76 22 75 15 50 44
1241 22 331 95 8 29 63 67 29 63 96 34 7 18 14 1 76 75 95 30 55 12 37 72 17 45 2 73 23 27 87 24 70 81 84 50 95 78 58 97 63 16 66 77 17 41 51
1242 22 331 63 23 5 27 11 77 43 55 30 95 79 4 22 65 28 43 97 11 93 44 12 22 1 8 85 16 73 13 84 66 47 40 68 25 50 96 67 56 77 61 35 80 34 51
1243 22 339 59 29 69 73 43 80 46 43 39 82 10 12 94 46 29 9 44 68 76 68 17 23 86 24 51 98 58 30 84 9 89 12 8 9 36 2 41 81 96 79 15 5 42 8
1244 22 295 2 22 16 45 89 43 12 57 17 97 81 67 47 90 49 30 50 89 41 57 97 28 58 89 60 53 20 74 10 13 34 63 35 1 8 75 96 71 32 12 64 31 66 53
1245 22 321 79 95 3 19 87 11 15 66 21 56 25 25 75 51 86 87 84 49 73 36 8 48 31 78 95 97 94 25 14 98 55 8 52 73 46 63 39 11 35 94 36 11 20 86
1246 22 339 97 7 21 97 79 56 4 78 39 81 56 33 30 1 57 43 99 63 3 50 35 48 64 25 11 98 71 46 61 90 83 57 48 55 53 27 62 8 88 12 32 69 40 64
1247 22 388 62 2 66 64 36 65 27 13 75 77 83 72 37 72 6 45 20 12 49 98 74 56 53 25 95 16 57 64 80 96 93 50 44 56 85 60 35 49 87 11 31 10 99 55
1248 22 309 68 43 26 79 91 75 4 46 79 29 40 95 37 55 84 33 70 33 76 26 88 12 18 74 22 1 83 72 55 50 14 80 81 56 6 84 1 84 12 92 30 100 47 55
1249 22 298 84 31 77 16 59 54 85 46 65 55 19 38 55 53 9 9 22 40 35 77 45 70 29 80 34 72 10 33 70 16 16 1 92 84 20 4 61 74 74 98 28 78 6 88
1250 22 314 32 79 79 18 7 75 88 87 55 21 59 16 5 28 31 73 80 75 56 38 71 27 93 32 1 18 29 80 96 87 68 79 17 46 49 24 73 36 10 27 8 20 42 64
1251 22 339 48 24 36 27 50 43 17 21 70 9 4 22 79 84 1 74 20 4 39 66 52 62 90 39 23 16 98 43 9 62 42 32 97 20 34 92 88 54 61 49 82 27 92 34
1252 22 307 14 54 55 52 71 7 65 60 45 39 75 95 81 35 56 74 18 4 46 51 95 33 7 81 64 40 8 74 58 21 27 13 24 97 40 56 67 78 30 61 11 16 68 36
1253 22 330 33 72 81 84 18 14 39 25 46 55 64 53 62 37 34 63 26 9 11 96 48 66 15 77 47 75 87 62 43 23 95 66 55 78 83 20 68 7 66 22 23 70 59 31
1254 22 357 68 74 9 76 84 56 75 2 70 52 48 97 38 10 91 12 56 56 67 85 90 86 52 49 3 26 71 72 60 81 55 28 6 63 42 18 78 43 40 29 36 18 51 78
1255 22 324 82 58 33 100 42 74 37 46 22 40 71 44 11 30 77 65 57 82 79 12 75 49 41 17 88 21 59 75 90 61 52 71 19 36 70 12 9 7 31 98 27 26 8 57
1256 22 363 2 25 65 36 55 28 10 3 68 27 42 88 37 16 78 97 67 100 22 31 11 80 87 93 77 66 70 36 74 72 60 38 7 67 66 16 69 85 94 11 73 30 79 45
1257 22 317 1 97 98 22 27 60 66 52 29 31 74 65 4 45 76 93 51 42 58 18 63 43 12 25 67 93 2 20 23 46 20 20 96 94 55 46 59 27 45 32 91 48 41 78
1258 22 435 60 50 95 22 44 58 46 62 3 47 81 25 45 53 96 40 98 94 94 43 56 4 69 53 35 11 62 77 92 39 88 42 86 9 37 95 54 99 97 52 31 22 83 17
1259 22 333 87 80 62 33 75 70 36 95 22 71 6 21 32 34 65 71 21 58 8 81 94 2 86 44 51 37 24 85 9 92 71 89 54 3 15 23 39 9 96 61 66 16 92 99
1260 22 371 32 14 71 89 73 51 35 75 36 78 77 25 4 100 61 13 91 31 53 44 86 19 18 76 27 13 88 45 81 79 43 12 45 66 17 68 87 43 64 19 80 20 70 40
1261 22 381 32 61 22 36 56 59 6 26 86 84 90 73 28 70 52 23 34 48 88 86 64 55 72 59 10 87 77 41 99 32 89 59 54 76 66 64 81 91 50 65 92 2 25 66
1262 22 383 87 24 53 72 88 60 95 98 21 82 26 62 24 93 28 82 98 3 62 84 42 63 74 36 43 76 13 9 36 61 86 75 72 80 93 13 54 100 79 55 96 81 9 16
1263 22 324 47 23 67 21 58 10 48 70 18 61 6 30 46 32 2 78 4 94 90 1 99 41 73 48 19 27 95 52 32 3 79 77 86 51 35 95 98 56 12 10 61 41 8 45
1264 22 337 94 85 48 87 26 100 37 67 72 85 99 79 40 82 34 59 12 10 96 62 44 90 11 100 53 21 45 28 56 39 64 55 25 89 54 62 7 26 98 44 76 76 35 57
1265 22 228 9 45 69 19 40 82 14 29 93 13 33 65 77 78 44 84 16 7 39 92 47 92 5 54 17 2 49 44 30 83 1 38 28 21 8 19 2 22 46 86 32 62 61 5
1266 22 368 98 76 63 88 20 10 79 76 15 48 30 63 91 59 45 43 96 24 56 43 17 29 42 14 14 25 28 80 86 84 77 13 47 16 84 8 94 60 22 93 89 84 36 47
1267 22 337 80 30 94 56 45 49 50 13 77 43 26 43 67 53 22 52 89 50 17 87 65 100 10 59 55 47 2 90 33 19 39 88 15 39 37 27 68 31 53 62 98 57 83 1
1268 22 357 45 84 17 83 76 9 75 94 63 74 95 4 18 28 8 67 89 99 56 16 66 86 20 27 83 28 61 84 25 96 52 7 68 35 55 95 28 70 54 99 97 20 40 47
1269 22 226 27 7 64 13 26 90 47 5 2 82 29 49 34 88 43 53 22 49 1 18 18 75 7 28 93 55 32 1 38 64 15 5 37 72 58 18 52 6 51 39 48 56 12 96
1270 22 333 2 13 66 20 39 8 78 19 32 18 84 32 43 73 47 33 88 51 69 11 8 38 62 13 89 1 12 44 59 97 76 24 68 15 31 45 33 83 44 38 5 28 77 55
1271 22 294 48 87 14 86 49 26 74 1 89 69 64 48 17 40 71 37 6 54 81 38 88 9 39 53 19 34 42 24 30 61 57 96 46 57 21 71 62 91 9 8 12 31 44 17
1272 22 341 36 76 6 23 84 96 27 3 29 21 78 94 91 59 55 99 54 100 56 27 71 64 88 61 48 20 47 78 63 15 14 91 20 88 26 15 15 28 96 87 57 89 77 16
1273 22 281 43 75 69 95 82 47 65 46 34 77 33 81 97 80 11 11 94 76 1 66 63 27 80 29 6 27 15 15 16 91 10 18 2 4 99 49 20 96 29 15 45 60 25 7
1274 22 351 5 100 60 70 62 86 2 43 43 28 57 9 95 100 90 5 17 92 15 40 80 63 73 28 91 87 24 50 63 30 54 62 89 76 76 26 77 18 21 4 26 29 51 25
1275 22 285 19 55 41 62 66 8 1 97 70 25 24 12 12 99 13 26 81 66 88 21 93 15 47 69 84 19 25 9 75 86 17 81 26 78 46 85 30 43 6 55 18 17 69 81
1276 22 427 43 49 99 82 69 91 48 67 60 31 85 36 92 84 10 77 90 54 30 87 91 59 29 48 65 99 17 82 67 97 77 15 95 10 35 86 58 2 97 40 86 32 83 21
1277 22 303 93 11 21 82 17 2 20 59 60 1 6 77 99 22 10 65 19 86 31 13 48 65 50 57 18 46 56 29 76 21 96 54 9 49 74 67 73 37 24 46 46 40 64 84
1278 22 276 70 29 31 86 78 87 4 76 34 59 16 86 25 9 82 30 69 82 3 88 90 28 12 78 57 24 42 21 7 63 49 37 1 78 75 4 53 8 14 57 76 99 33 36
1279 22 291 32 62 4 14 17 43 55 96 54 33 99 63 56 40 83 14 50 55 60 76 10 65 35 23 21 10 73 5 45 57 18 1 22 86 43 28 82 49 11 67 23 45 77 79
1280 22 342 33 31 90 8 40 54 43 14 26 52 39 30 49 47 68 85 95 18 7 49 53 25 72 49 57 48 27 89 31 17 97 22 70 39 36 48 42 26 77 90 76 90 13 85
1281 22 300 85 30 79 91 32 16 50 32 72 49 59 12 31 27 8 53 48 98 40 95 65 24 81 88 51 23 26 63 10 93 37 53 23 20 20 24 52 43 62 54 55 40 14 7
1282 22 311 39 11 98 34 2 14 9 35 1 59 26 74 67 87 18 55 91 40 75 10 63 78 52 86 6 40 30 19 68 81 95 53 83 8 61 69 8 72 77 85 45 43 24 62
1283 22 333 97 14 53 23 76 15 27 100 90 84 92 19 54 89 39 35 36 91 69 95 52 37 55 75 13 39 19 7 14 32 80 84 30 55 50 29 33 49 71 69 40 41 22 81
1284 22 313 79 8 16 22 76 10 73 64 64 99 55 17 34 20 41 99 35 70 5 84 50 90 84 20 58 76 13 31 56 91 91 23 12 66 36 30 57 54 2 43 25 53 83 24
1285 22 358 87 52 80 22 53 21 6 73 30 33 85 13 88 27 3 10 91 68 45 26 49 44 12 58 65 52 74 18 34 49 56 37 28 78 89 1 35 13 67 97 42 6 76 44
1286 22 345 67 66 64 11 43 64 55 6 73 3 71 24 76 88 9 24 45 4 72 86 56 6 98 85 24 47 79 29 22 74 95 39 37 6 33 53 12 39 25 14 1 42 96 9
1287 22 254 17 90 54 72 62 91 27 19 88 64 43 34 42 23 7 15 18 97 4 75 30 56 38 68 32 3 76 32 44 23 41 13 12 46 84 73 36 63 23 26 9 67 60 67
1288 22 337 33 29 64 36 55 93 91 92 12 23 95 87 6 90 9 46 2 72 86 97 78 100 40 53 25 77 13 91 88 79 75 17 94 11 71 38 1 15 49 75 87 81 50 47
1289 22 328 78 52 19 21 89 15 98 88 54 2 12 82 14 54 69 45 28 37 38 38 8 28 91 74 17 34 15 49 83 61 79 34 31 99 74 45 48 61 50 2 24 83 77 4
1290 22 312 59 57 40 49 46 99 76 88 72 55 5 5 69 5 88 82 83 73 12 33 47 9 33 59 10 34 45 48 11 48 67 87 65 86 86 52 57 40 8 14 9 13 53 42
1291 22 330 47 25 5 80 23 65 64 82 75 97 16 19 96 26 66 54 45 4 61 89 49 12 98 89 20 11 84 63 42 30 39 46 62 11 24 95 37 20 10 55 68 87 72 21
1292 22 362 83 75 37 43 64 85 55 13 25 26 23 73 61 37 14 90 75 12 3 36 22 26 30 58 98 91 65 78 87 37 60 61 73 55 76 10 88 34 86 62 59 46 24 87
1293 22 375 73 35 89 8 8 67 90 65 16 80 80 80 9 66 68 21 79 41 75 54 2 35 94 35 20 55 93 17 53 17 55 25 51 44 84 59 62 25 77 57 7 8 65 72
1294 22 308 75 85 50 67 59 56 20 93 49 55 64 55 47 32 7 15 87 83 18 82 19 28 43 43 54 71 51 60 30 16 32 56 33 75 11 40 94 55 88 48 95 47 2 1
1295 22 288 13 88 36 30 21 6 57 15 63 85 51 22 14 66 5 22 17 38 96 79 77 89 34 17 89 4 11 35 47 45 50 29 65 55 37 80 55 99 16 5 82 22 25 3
1296 22 312 90 14 98 69 91 38 2 59 26 57 21 60 13 83 59 57 33 39 74 39 75 53 93 74 20 49 46 1 70 22 3 12 36 100 80 78 38 33 15 89 56 75 1 90
1297 22 333 85 10 74 23 83 13 49 87 57 74 6 6 19 7 27 41 9 38 28 61 17 5 50 1 92 64 89 99 90 42 88 26 51 14 26 49 23 82 22 28 39 93 86 66
1298 22 259 33 95 3 60 7 72 16 8 72 7 71 13 57 13 54 44 38 56 9 38 92 34 14 68 59 41 6 51 27 71 35 73 26 46 31 97 61 38 20 19 60 32 75 72
1299 22 315 37 71 62 92 79 51 35 65 88 48 32 98 41 89 1 67 60 35 91 37 33 21 85 45 10 4 16 69 90 93 24 12 6 68 43 56 2 7 95 50 44 90 78 44
1300 22 322 8 89 31 98 25 63 70 61 59 79 65 74 99 4 16 43 27 79 48 46 21 55 79 1 49 20 45 90 98 40 38 70 15 84 67 75 43 97 91 68 47 94 35 42
1301 22 353 73 14 41 70 86 96 69 17 48 69 36 44 58 85 84 58 23 53 55 37 37 73 63 31 21 54 50 20 99 85 61 23 1 45 35 48 13 3 96 82 39 91 91 23
1302 22 346 74 1 45 27 55 33 15 80 48 97 53 46 19 3 82 31 26 83 32 70 70 31 34 72 78 67 10 69 58 33 42 58 29 20 64 14 86 43 61 34 95 13 80 65
1303 22 366 67 13 96 92 79 13 65 9 99 36 87 65 98 7 74 82 48 83 10 20 47 75 57 41 91 87 51 70 4 18 34 51 61 81 29 26 45 89 24 33 27 88 30 33
1304 22 309 14 11 33 96 72 4 94 99 60 87 85 50 73 36 71 76 53 5 26 13 37 6 38 82 47 13 66 73 58 66 9 42 13 32 45 7 30 4 15 6 17 50 76 45
1305 22 259 54 32 22 18 69 28 8 2 26 20 67 98 72 65 7 37 73 48 50 4 44 8 34 100 52 100 5 20 1 32 64 54 16 38 71 36 17 78 37 42 55 91 21 19
1306 22 320 98 10 43 45 11 46 89 18 31 88 21 30 44 40 30 75 56 35 42 93 6 77 61 35 65 2 36 71 92 57 41 89 66 83 86 28 81 26 45 11 17 41 8 56
1307 22 354 22 34 63 57 28 7 14 4 67 100 69 20 36 39 12 44 80 52 61 14 37 88 94 14 84 57 78 100 97 37 7 70 23 70 26 50 76 91 53 95 91 73 64 25
1308 22 288 21 95 29 81 8 17 20 54 31 3 10 8 2 58 97 8 27 19 5 68 57 47 72 51 89 45 16 66 60 93 38 54 70 13 37 89 66 19 43 27 79 96 84 75
1309 22 396 56 63 93 84 19 12 92 65 83 94 54 27 10 71 38 2 61 91 74 30 62 71 21 81 13 48 59 61 85 16 45 77 99 63 88 91 80 22 84 85 49 45 55 38
1310 22 386 98 67 29 23 97 84 85 19 56 17 83 55 27 43 90 11 58 34 87 9 49 26 51 80 47 86 64 47 31 70 28 37 65 51 55 7 3 37 62 29 32 51 91 89
1311 22 406 36 29 49 36 54 99 15 52 85 30 51 15 52 87 94 88 96 24 50 34 78 56 88 66 69 68 71 58 38 7 86 86 91 37 61 43 21 90 45 87 93 31 32 80
1312 22 390 81 28 55 82 13 84 89 1 2 10 68 50 80 26 39 38 63 77 84 54 44 48 33 85 92 71 78 74 9 54 64 87 94 99 27 46 88 13 50 20 90 88 57 5
1313 22 312 16 92 58 28 35 57 12 72 48 82 49 21 36 9 26 16 72 64 61 23 42 6 22 82 71 23 1 12 63 9 78 1 73 58 87 81 69 58 80 3 6 100 38 67
1314 22 380 77 5 90 92 18 12 86 75 67 45 60 67 57 74 75 72 52 27 97 61 14 77 81 71 83 29 8 72 95 37 29 84 80 46 96 17 20 33 17 92 1 25 66 28
1315 22 351 96 69 54 44 81 67 73 61 90 81 44 18 88 67 64 76 47 47 8 44 94 24 26 7 32 70 59 56 87 86 3 55 40 99 35 58 71 47 51 42 9 27 18 7
1316 22 309 26 25 51 19 48 66 97 6 18 65 4 4 2 6 10 41 96 99 42 45 28 84 61 70 44 39 87 50 64 63 35 62 65 31 68 13 84 16 3 85 22 64 78 77
1317 22 288 59 28 55 52 24 82 35 84 3 30 23 41 32 38 31 72 17 48 54 36 60 53 19 76 7 55 49 70 77 80 83 65 18 18 67 100 92 60 30 62 61 53 65 20
1318 22 288 11 83 47 70 90 95 39 73 23 71 84 54 2 18 70 71 35 88 27 47 8 61 13 60 24 18 55 43 81 89 41 50 78 87 88 51 10 10 34 15 63 51 37 71
1319 22 375 55 15 18 7 74 30 71 86 19 94 3 25 89 83 14 29 32 43 68 72 45 77 81 78 91 96 80 74 29 69 96 35 83 65 93 9 94 63 65 9 49 31 2 29
1320 22 373 14 45 96 85 89 72 18 19 13 50 39 93 70 35 79 5 99 72 45 86 6 9 94 53 97 42 83 51 71 97 47 18 33 87 90 2 57 55 66 59 10 28 28 89
1321 22 315 32 78 60 96 74 97 1 82 91 54 31 84 88 33 6 36 79 24 21 17 65 22 19 88 12 97 11 91 37 95 69 48 90 42 45 43 76 87 48 58 70 35 28 71
1322 22 354 20 51 91 36 67 64 61 85 3 44 97 52 55 87 88 1 7 36 90 1 32 84 76 18 31 33 39 66 74 66 93 68 30 80 34 45 41 19 48 84 99 90 5 86
1323 22 313 90 12 73 32 12 4 15 39 21 46 23 12 63 96 77 50 88 45 31 67 78 75 7 48 22 43 14 72 32 19 58 74 82 82 5 45 86 71 83 58 16 5 69 30
1324 22 351 98 31 39 42 61 5 71 88 64 71 9 58 36 81 41 6 90 14 87 71 70 31 8 41 13 66 69 86 38 68 83 20 6 76 81 63 99 68 78 69 28 35 4 60
1325 22 287 75 10 49 41 48 72 10 79 79 2 43 96 12 82 99 79 16 18 37 92 50 51 90 17 28 10 97 14 13 56 40 74 5 80 22 76 42 52 6 43 94 2 4 5
1326 22 354 35 54 36 50 24 24 93 73 74 82 42 53 91 38 66 56 57 29 49 89 2 76 30 53 82 24 47 35 80 3 69 33 38 70 56 61 63 29 86 96 22 38 39 59
1327 22 408 55 94 51 64 74 52 52 28 27 33 80 8 8 78 94 87 81 62 20 70 84 27 83 46 7 68 93 28 58 31 86 12 76 89 75 50 92 78 77 18 10 8 78 18
1328 22 362 86 71 56 18 33 27 87 68 54 21 65 60 89 57 40 46 88 77 9 63 17 36 64 8 13 92 78 23 55 92 37 25 47 54 26 92 76 79 90 53 49 81 50 88
1329 22 306 58 10 50 26 45 66 34 58 57 11 32 8 17 75 44 41 21 49 98 93 77 76 18 9 10 4 7 19 5 33 64 70 73 79 28 4 86 44 78 82 36 50 82 85
1330 22 317 48 74 14 75 30 82 92 90 98 42 51 1 22 5 80 37 27 97 9 5 76 64 42 71 41 75 7 42 57 43 56 16 12 37 59 1 34 100 52 86 73 91 79 9
1331 22 318 17 28 69 73 3 32 14 26 24 41 32 65 97 26 6 26 34 73 89 22 31 90 8 83 93 93 30 17 35 60 77 3 87 45 75 42 76 41 67 51 81 50 15 77
1332 22 336 27 72 54 60 44 43 82 27 84 89 9 28 33 90 68 49 20 70 88 16 97 29 43 89 47 93 69 96 59 97 74 31 2 34 26 96 67 52 79 7 12 6 39 1
1333 22 336 1 58 2 72 80 41 87 76 69 29 64 67 21 84 14 32 62 33 72 87 29 38 91 59 44 2 17 83 55 17 92 8 89 71 48 75 46 16 56 61 34 28 47 59
1334 22 274 75 85 72 8 57 11 36 94 1 94 38 54 62 72 60 79 63 67 19 34 14 93 31 81 92 14 80 35 12 38 10 97 17 53 4 46 49 35 77 11 6 37 41 21
1335 22 327 55 59 6 69 51 36 49 3 27 15 82 14 26 71 23 22 32 91 74 3 46 72 94 6 56 64 43 96 84 97 54 89 17 57 24 66 11 3 92 16 57 14 90 31
1336 22 249 46 32 4 48 29 27 26 74 33 80 30 96 22 77 31 70 19 87 39 94 49 48 35 92 15 43 5 56 73 2 87 29 2 67 55 27 41 39 58 22 34 31 98 64
1337 22 324 80 34 86 70 28 89 70 27 75 61 42 18 18 97 19 36 20 2 77 98 94 15 55 15 1 85 65 16 37 96 50 22 66 29 63 35 48 96 6 65 45 48 35 80
1338 22 319 69 55 33 45 4 27 12 11 93 12 95 57 27 31 53 28 5 70 56 67 63 55 51 10 13 67 54 60 2 85 80 56 70 25 11 96 88 21 40 99 68 97 77 50
1339 22 335 1 5 54 70 60 72 25 22 79 76 84 91 42 37 2 43 74 81 50 43 57 13 90 44 33 29 94 52 77 71 75 7 98 86 31 23 9 50 43 51 4 86 36 87
1340 22 388 46 93 99 35 88 84 64 82 35 92 4 36 21 30 95 18 67 25 92 26 85 41 20 35 36 51 90 73 6 25 59 52 69 10 38 57 93 53 79 45 45 67 65 74
1341 22 322 61 34 92 85 26 70 69 18 89 55 53 91 96 25 49 20 36 100 41 45 97 89 42 38 19 86 34 85 50 59 45 35 81 60 1 30 60 55 2 50 11 50 22 46
1342 22 355 1 62 42 90 10 82 31 99 16 32 85 17 90 81 51 39 62 63 44 69 69 77 70 70 87 20 91 84 20 4 25 61 65 58 63 58 58 46 94 74 35 74 77 26
1343 22 342 87 91 35 1 34 55 69 62 24 38 49 95 81 84 67 36 61 27 1 18 70 15 27 27 72 1 95 46 29 72 84 19 6 84 52 60 65 36 42 13 82 74 9 9
1344 22 369 27 61 26 96 76 5 22 36 74 82 73 2 54 57 72 59 92 75 71 44 40 58 37 4 39 10 52 39 70 60 17 31 38 64 6 42 93 17 63 74 90 16 98 88
1345 22 347 38 89 14 60 84 53 17 20 57 7 81 60 97 3 72 65 33 9 28 90 2 17 34 18 79 7 59 46 86 56 75 97 47 86 80 51 54 52 60 84 19 9 42 73
1346 22 310 70 50 1 11 3 69 44 20 99 3 31 44 88 38 29 14 34 75 14 77 52 17 36 63 6 71 86 47 7 48 96 18 50 64 61 21 62 15 57 54 41 85 67 74
1347 22 264 11 17 39 88 68 7 75 83 7 32 53 44 30 96 2 29 43 19 78 6 32 50 19 46 28 100 93 12 18 18 23 35 9 10 54 15 36 36 73 67 41 68 48 88
1348 22 319 70 76 31 40 53 88 71 54 59 69 6 86 20 50 97 37 19 23 80 80 29 94 67 16 85 56 86 32 44 7 7 26 47 59 13 69 65 71 37 70 8 8 72 5
1349 22 398 97 91 75 19 70 7 99 15 73 15 85 58 22 23 89 65 29 96 42 27 6 7 96 70 84 92 37 92 63 41 40 5 67 58 26 73 9 40 98 23 77 7 44 99
1350 22 283 47 61 27 42 2 6 8 1 69 37 36 12 25 79 74 17 18 30 83 28 55 8 57 58 23 63 53 73 9 65 51 3 67 56 26 8 22 14 44 34 90 74 59 6
1351 22 416 92 89 41 71 95 48 6 93 56 15 67 70 19 39 78 84 90 32 50 45 85 27 53 7 93 48 82 21 88 64 80 34 37 27 91 29 34 5 96 3 24 86 32 7
1352 22 381 75 64 8 20 48 86 24 6 78 71 97 12 43 99 51 7 40 30 92 76 83 57 41 39 4 43 62 89 26 20 64 89 79 35 89 65 10 94 94 32 91 5 74 89
1353 22 293 7 32 28 36 24 56 95 58 12 35 96 15 29 10 55 55 70 95 8 56 83 24 65 77 17 96 67 74 22 7 80 53 34 68 41 62 37 52 49 33 18 77 42 73
1354 22 340 83 70 94 78 29 50 12 52 14 88 69 62 6 94 73 87 98 92 15 38 51 42 54 35 59 82 76 83 65 98 77 94 26 78 57 30 91 45 50 52 2 43 34 66
1355 22 384 67 21 63 11 87 52 16 89 93 69 24 4 50 51 38 66 48 14 11 26 91 68 7 34 64 56 85 17 71 82 68 43 44 78 81 48 69 92 61 44 95 63 47 33
1356 22 294 28 94 98 91 71 41 10 29 74 25 36 10 41 85 32 23 53 74 18 30 6 65 75 75 57 35 70 3 49 16 35 77 62 85 19 84 25 28 13 50 52 48 59 92
1357 22 318 85 91 66 89 16 84 70 22 44 48 8 31 69 11 79 37 97 7 98 81 25 33 57 4 45 6 7 45 17 99 81 59 26 51 38 47 3 82 46 10 12 67 72 42
1358 22 369 3 21 49 100 53 73 32 10 29 29 67 35 25 83 85 5 93 1 73 19 51 62 17 53 95 15 15 58 81 38 83 58 48 34 63 72 65 72 45 90 87 69 71 25
1359 22 364 17 71 49 87 74 11 56 78 5 70 44 63 50 82 62 84 91 61 53 32 33 76 84 78 66 70 98 90 92 75 58 63 23 97 88 33 52 17 38 21 61 52 22 94
1360 22 320 13 5 84 25 21 89 8 5 64 91 34 29 12 32 70 4 6 80 18 28 76 57 79 73 50 99 85 1 72 78 65 76 14 89 48 2 96 52 39 86 46 2 69 67
1361 22 314 57 26 98 26 5 25 82 17 3 7 18 53 91 70 24 21 86 99 26 98 87 22 2 3 12 39 48 65 7 67 22 84 64 47 88 89 81 57 43 39 74 96 29 44
1362 22 328 19 1 81 70 86 7 67 24 80 68 27 91 6 26 7 64 92 28 47 8 87 96 59 43 38 97 16 85 77 11 4 78 73 15 98 39 39 77 17 19 42 25 34 5
1363 22 374 78 41 83 64 88 41 6 77 37 74 62 65 36 65 94 79 89 9 28 79 99 56 15 26 53 56 51 84 41 7 61 33 77 20 81 34 49 69 59 62 33 95 27 25
1364 22 336 66 87 53 44 85 8 33 51 34 37 58 36 20 99 94 32 83 34 8 55 14 94 3 82 52 64 98 41 92 23 78 27 1 62 86 85 64 19 21 22 6 40 72 51
1365 22 339 24 54 84 83 8 97 76 62 78 28 25 44 77 17 35 99 74 13 27 26 11 11 90 81 32 11 39 23 82 89 46 87 73 81 47 21 56 8 51 35 85 94 12 1
1366 22 300 80 62 27 44 39 53 70 1 15 59 33 98 21 71 54 12 18 92 36 98 38 56 6 46 40 30 51 3 82 31 65 8 74 3 12 43 55 79 53 87 76 25 58 48
1367 22 330 30 21 66 22 56 15 59 63 20 56 69 12 85 19 14 19 1 78 78 75 32 42 86 20 74 73 47 50 82 95 80 54 12 1 9 26 11 71 98 67 91 9 3 10
1368 22 323 22 73 62 52 51 36 35 92 57 73 63 82 97 9 31 30 55 10 83 66 91 44 25 13 41 43 4 49 45 65 70 26 73 20 14 60 32 25 3 28 85 33 40 43
1369 22 380 39 57 56 81 80 93 92 74 48 92 19 12 14 88 90 38 59 3 97 21 76 28 78 7 33 10 15 24 4 5 81 60 85 32 91 30 24 65 77 15 35 41 74 30
1370 22 326 18 84 84 14 4 11 94 52 88 52 97 19 8 53 23 40 12 60 71 54 89 46 70 17 61 56 9 40 29 90 64 25 19 35 68 70 22 71 6 71 65 23 86 71
1371 22 328 26 91 11 72 61 79 84 16 88 75 97 29 60 54 58 79 40 77 62 47 5 32 36 21 6 99 24 91 21 50 81 31 73 93 56 61 82 9 29 17 20 34 74 50
1372 22 321 73 2 50 86 49 6 69 36 27 74 34 2 16 54 3 49 36 75 93 96 82 53 48 16 13 76 32 33 61 6 33 7 83 19 7 41 39 42 67 13 75 20 80 80
1373 22 299 23 28 15 97 21 11 31 25 58 46 38 85 77 70 45 34 3 29 93 86 99 99 26 38 44 2 19 63 81 99 37 61 13 34 75 16 5 32 42 68 89 63 64 75
1374 22 359 66 45 67 3 43 17 80 32 61 75 85 80 89 66 78 26 26 42 59 58 17 26 62 100 38 56 68 78 70 83 52 35 27 70 22 39 5 99 94 90 83 55 7 8
1375 22 300 32 49 18 89 65 43 2 16 80 9 35 57 79 18 61 65 96 30 54 17 68 73 22 19 19 11 48 1 17 55 8 100 55 25 40 71 93 86 50 2 21 58 38 18
1376 22 354 96 85 1 2 19 26 75 37 44 37 85 44 53 91 3 4 45 79 43 15 97 35 46 88 72 3 9 73 67 46 47 90 92 73 79 87 63 82 13 5 84 16 49 14
1377 22 372 10 63 96 14 7 84 86 62 2 46 34 68 91 57 87 89 46 30 61 76 17 69 90 50 81 94 48 42 99 57 56 61 53 70 67 36 80 89 52 13 9 43 69 47
1378 22 346 83 67 76 44 42 44 64 32 94 45 25 31 92 19 29 1 74 89 53 95 8 40 1 87 80 53 52 40 47 72 86 29 90 14 24 32 9 88 15 54 84 91 27 61
1379 22 263 13 27 35 53 31 29 12 22 82 99 54 34 2 93 32 73 60 63 44 36 46 4 23 12 58 6 41 84 15 5 11 1 10 93 81 21 62 19 68 47 20 12 78 45
1380 22 301 42 90 7 37 25 4 41 99 15 50 56 68 39 34 47 1 34 56 94 67 76 60 28 47 79 75 18 90 52 62 84 93 20 72 17 23 64 67 89 13 22 57 55 61
1381 22 293 42 53 61 28 8 6 94 35 65 21 81 43 47 51 33 51 12 68 43 84 39 60 6 3 78 95 67 100 3 73 60 44 25 72 23 32 16 19 89 99 37 35 49 21
1382 22 383 85 13 88 28 96 26 39 53 80 16 47 99 67 1 71 78 97 96 50 19 79 79 35 97 72 23 48 8 9 96 28 46 60 15 73 55 93 63 8 24 30 6 22 97
1383 22 285 7 93 26 55 88 75 73 18 5 59 15 77 33 62 36 94 9 64 39 69 30 11 75 74 25 34 98 6 40 19 54 98 63 80 4 50 6 76 68 11 87 34 71 95
1384 22 304 74 64 3 37 2 23 19 64 98 92 40 31 89 46 22 60 51 19 30 22 24 88 50 43 88 76 36 58 9 74 76 98 75 99 16 91 48 59 27 52 59 78 80 59
1385 22 387 96 55 46 97 97 43 84 24 30 93 45 91 18 73 88 93 23 55 83 70 65 64 99 64 91 2 22 68 24 54 26 19 8 72 67 57 66 2 80 96 94 77 38 12
1386 22 312 1 77 56 23 31 90 92 47 5 42 11 95 44 32 14 19 37 92 89 45 15 55 53 80 84 27 60 64 64 12 40 19 34 22 77 69 65 71 79 59 66 62 25 84
1387 22 327 99 16 72 95 30 78 47 61 85 30 88 85 42 3 49 53 95 19 39 16 79 15 36 95 66 5 2 80 29 85 78 44 8 72 25 37 70 86 21 99 6 92 27 6
1388 22 340 45 73 24 35 89 54 49 76 86 42 5 87 73 85 50 81 83 73 20 94 42 40 92 66 97 36 2 32 17 78 66 57 85 83 3 78 39 42 23 65 99 3 47 23
1389 22 337 60 66 16 1 58 59 67 54 94 63 56 77 79 85 42 88 8 72 1 10 49 39 51 98 62 67 48 16 66 70 75 83 37 76 40 95 41 56 17 86 85 11 73 51
1390 22 308 18 96 4 79 44 42 82 93 55 100 40 71 65 61 97 48 72 87 17 80 36 72 32 4 10 16 14 34 19 83 30 22 73 15 95 66 70 94 57 92 11 18 88 58
1391 22 343 66 60 44 9 28 76 96 100 7 100 61 75 65 94 93 48 23 66 80 7 13 49 52 21 92 62 38 80 19 4 91 15 64 18 42 12 17 100 63 29 74 27 18 26
1392 22 279 45 35 38 92 15 44 56 15 96 77 7 57 14 86 28 69 76 42 85 93 35 48 62 34 10 90 60 88 64 77 9 64 51 52 78 47 8 44 42 36 50 50 1 87
1393 22 276 77 70 14 70 6 59 56 5 72 90 13 1 1 77 29 14 37 92 17 88 69 63 47 65 82 14 5 83 53 34 4 18 55 61 76 11 65 47 52 78 60 52 30 88
1394 22 318 80 96 24 72 12 63 92 26 10 56 81 91 22 37 25 74 91 77 40 19 39 4 65 90 33 76 41 15 63 72 38 43 73 1 35 50 90 30 52 63 18 29 36 40
1395 22 333 8 79 16 48 49 6 3 13 95 88 41 87 2 55 58 11 93 1 35 93 87 84 54 28 65 5 91 82 33 78 21 93 88 40 56 93 94 21 81 61 25 82 15 83
1396 22 268 44 7 35 78 51 21 13 4 77 9 42 59 93 20 31 37 27 19 76 35 11 22 55 50 2 67 74 36 33 8 79 92 9 42 14 21 46 66 50 6 7 60 26 90
1397 22 369 87 5 8 14 39 71 35 45 72 37 63 45 95 53 2 86 46 62 80 12 83 25 77 84 82 83 43 31 61 32 69 65 92 83 55 14 17 51 85 5 13 29 28 7
1398 22 306 33 82 45 31 43 24 42 77 70 60 81 52 54 63 12 38 32 28 29 66 34 42 84 78 39 48 6 18 55 91 51 51 73 94 26 14 25 35 82 5 86 35 19 50
1399 22 275 72 50 77 52 15 63 45 49 46 22 39 94 80 8 22 59 50 94 4 27 59 25 51 93 6 7 30 93 25 79 16 27 8 68 93 70 64 93 67 38 31 60 17 91
1400 22 291 11 90 1 12 83 4 38 93 28 88 37 86 94 66 78 71 97 93 49 56 12 41 25 28 34 91 65 16 3 81 6 13 22 58 56 61 62 48 41 2 84 26 47 1
1401 22 291 55 17 97 99 65 4 11 58 28 90 91 71 54 58 25 86 64 37 7 73 13 62 34 27 61 26 44 51 26 96 57 43 45 55 59 48 17 16 6 58 98 59 16 22
1402 22 265 44 31 10 2 3 75 63 88 1 23 13 80 18 15 5 66 71 99 26 10 57 94 77 84 87 33 2 6 6 84 68 7 86 42 22 26 94 96 90 73 14 5 29 31
1403 22 355 27 80 40 52 89 48 98 17 84 97 3 16 6 4 74 11 39 41 70 25 82 91 2 75 86 91 99 51 95 79 81 74 58 20 25 98 20 74 15 3 17 18 76 73
1404 22 329 43 38 63 83 7 39 64 49 40 90 35 31 37 77 19 18 50 28 89 27 26 60 92 62 22 60 32 49 74 86 47 57 45 85 72 93 25 14 79 7 53 16 83 23
1405 22 377 85 85 51 25 63 28 62 19 46 83 78 77 83 62 69 8 59 65 92 30 57 16 43 36 22 48 3 57 70 87 93 72 11 55 99 47 16 17 95 21 8 23 53 15
1406 22 311 81 17 6 63 26 74 57 13 47 4 15 3 53 95 97 15 49 48 62 17 64 6 19 10 3 17 8 31 76 89 95 1 52 13 7 79 63 32 31 57 98 58 28 59
1407 22 304 26 91 64 44 53 41 98 69 41 5 52 74 33 40 68 33 1 19 60 26 28 22 9 59 31 89 56 88 66 13 11 81 8 63 73 5 83 14 62 34 87 46 6 78
1408 22 287 25 25 27 85 2 55 58 62 65 88 3 72 75 70 37 39 80 69 46 94 41 3 77 6 16 10 44 61 35 50 90 11 26 69 47 27 23 5 40 87 92 42 10 19
1409 22 311 12 98 9 43 66 7 37 58 61 13 64 76 74 7 88 60 8 29 71 33 97 17 11 19 21 51 57 65 44 18 35 55 15 43 50 32 49 86 90 61 5 36 75 63
1410 22 320 75 35 71 4 5 55 21 66 94 68 79 10 11 97 44 18 63 38 67 95 39 4 36 99 40 87 2 61 13 24 16 69 68 42 96 90 35 63 73 16 91 90 28 8
1411 22 291 73 18 11 8 69 15 99 55 46 52 67 58 28 35 79 6 2 20 1 91 6 15 10 1 87 78 91 29 56 70 36 80 40 47 39 8 13 37 14 58 80 68 24 67
1412 22 330 17 76 9 22 90 71 74 29 48 64 57 55 85 92 34 76 24 83 55 12 96 64 51 28 31 70 93 28 12 96 21 20 10 90 42 38 89 57 46 43 38 28 79 51
1413 22 323 52 33 14 47 49 17 26 31 86 19 11 30 30 6 50 1 75 60 43 16 31 73 95 26 66 84 5 34 62 8 85 47 21 84 47 37 9 77 74 79 87 4 60 45
1414 22 358 53 61 19 64 55 34 13 85 58 59 62 23 42 67 57 55 74 41 94 76 51 83 85 28 56 15 66 59 75 10 64 87 28 27 41 14 91 77 71 1 39 46 2 1
1415 22 347 30 94 5 75 22 56 57 58 83 13 72 48 23 98 58 86 84 37 65 76 50 7 73 8 95 18 1 51 71 53 80 16 54 37 13 63 94 47 75 18 49 15 3 35
1416 22 382 51 92 78 41 57 82 65 16 76 34 69 26 56 21 24 78 63 12 42 25 58 88 75 34 99 41 36 85 43 27 87 21 20 44 54 36 59 82 70 79 25 100 68 48
1417 22 273 29 30 60 71 6 17 10 8 43 43 83 79 78 57 50 28 24 3 64 35 36 85 13 95 9 64 62 9 93 43 20 15 48 88 55 82 67 12 16 97 5 87 42 85
1418 22 389 10 97 48 96 32 32 61 78 92 24 91 52 68 33 23 34 58 38 76 2 7 24 59 51 80 45 93 64 41 11 2 24 94 14 38 38 89 57 77 12 60 73 98 16
1419 22 300 27 51 22 50 9 24 29 54 68 93 12 8 55 13 32 1 85 38 16 28 78 24 4 41 14 16 65 65 91 15 2 92 23 25 73 28 93 17 39 52 83 23 82 67
1420 22 279 12 97 47 90 72 50 30 86 17 95 2 81 23 45 95 24 36 70 1 8 97 45 24 88 96 47 91 79 21 72 33 20 43 74 45 55 28 61 50 82 42 24 26 88
1421 22 338 61 57 21 6 44 96 93 39 94 83 69 15 6 18 99 77 12 72 67 56 78 47 27 28 62 3 53 1 2 65 58 1 37 15 96 33 7 86 26 41 92 98 24 90
1422 22 305 74 35 13 92 43 91 38 63 69 17 24 71 21 24 86 33 76 22 47 71 6 5 9 32 97 15 75 94 90 65 19 76 29 11 70 19 48 32 40 17 7 62 37 31
1423 22 277 86 74 15 61 48 14 84 53 70 92 36 67 6 63 12 47 27 31 22 55 41 92 26 40 23 17 8 30 78 45 76 17 43 59 13 2 9 31 59 71 94 5 49 24
1424 22 259 26 56 16 69 33 8 44 1 15 25 78 11 88 45 81 65 20 49 8 30 22 72 31 83 2 89 5 95 93 54 71 70 61 86 39 45 45 34 60 58 18 2 9 37
1425 22 309 3 68 18 76 39 100 58 92 88 63 32 68 61 54 80 98 44 24 43 77 68 54 34 41 75 78 59 77 38 47 31 6 65 6 96 64 16 40 4 30 30 87 49 90
1426 22 303 40 28 87 83 3 81 59 70 34 92 62 9 21 72 37 59 19 67 16 35 24 63 50 91 2 5 20 83 92 68 72 31 47 11 66 49 91 24 70 25 68 84 33 40
1427 22 359 55 69 98 25 87 65 11 62 28 61 53 81 17 72 64 8 92 35 91 38 97 56 39 88 31 60 12 98 43 44 38 50 74 2 52 85 63 31 67 11 13 39 73 82
1428 22 282 61 63 71 57 18 9 44 48 21 7 98 63 2 87 12 17 25 38 76 74 33 58 22 99 69 34 89 94 6 70 20 41 63 37 1 58 37 21 65 34 36 18 72 99
1429 22 357 35 96 36 52 24 61 84 81 82 35 1 68 23 95 25 93 45 33 14 81 85 24 69 6 88 2 93 57 73 91 91 21 79 43 44 39 78 24 12 77 40 35 71 64
1430 22 328 79 22 60 63 36 41 47 11 9 4 50 63 96 6 87 39 97 7 17 91 2 7 68 26 32 2 18 18 24 34 93 58 84 85 56 94 46 60 43 60 7 49 45 45
1431 22 312 5 13 87 6 20 6 83 98 37 36 68 6 59 1 1 56 45 10 91 30 66 85 27 77 86 83 31 80 23 35 92 9 93 11 15 75 61 3 11 80 9 21 32 9
1432 22 327 76 76 71 67 57 36 3 83 12 29 68 46 56 51 25 30 37 17 39 29 79 53 4 91 55 66 70 15 86 1 14 29 46 32 85 33 34 20 44 14 41 21 89 66
1433 22 316 51 78 34 89 6 12 93 61 55 47 78 24 14 64 77 89 5 34 60 89 66 93 8 61 58 99 1 79 87 66 29 16 69 74 63 61 59 64 92 72 27 68 24 45
1434 22 328 14 13 62 58 72 22 15 70 75 93 9 40 73 24 91 41 97 5 53 83 64 46 16 35 24 36 47 78 59 43 23 5 26 14 7 76 92 79 52 34 48 90 76 82
1435 22 340 14 39 79 29 74 2 16 72 75 14 21 97 70 20 43 48 34 11 99 92 38 90 22 89 45 89 29 59 49 10 84 50 25 7 81 99 53 48 42 25 89 10 52 88
1436 22 246 1 90 29 74 30 4 19 18 39 88 49 88 9 33 89 85 21 84 11 74 83 53 50 24 41 59 28 28 17 57 84 46 12 2 16 82 92 3 33 41 42 41 25 30
1437 22 339 78 63 51 13 26 76 95 78 25 18 70 83 97 50 93 13 58 28 11 21 30 78 2 73 80 35 65 73 27 89 56 4 4 68 29 31 62 58 55 32 89 28 28 81
1438 22 348 93 85 61 55 5 90 32 59 14 63 45 79 35 23 67 88 79 70 44 46 50 74 60 7 81 91 86 69 70 13 2 14 62 68 54 3 51 12 16 65 56 94 99 79
1439 22 329 13 39 9 34 34 54 84 7 42 87 55 79 8 77 92 9 90 41 70 10 46 72 12 10 39 77 65 33 27 95 97 17 3 30 50 9 73 7 47 80 85 54 56 28
1440 22 360 62 97 20 83 58 66 6 70 75 45 98 91 29 76 38 25 93 40 54 94 19 2 73 25 49 52 61 2 59 89 16 55 8 50 65 73 56 34 99 100 83 90 80 58
1441 22 308 27 4 2 18 9 96 18 27 97 42 3 97 45 64 51 3 52 66 59 67 73 84 22 6 34 73 40 23 98 1 7 99 19 16 46 88 94 95 81 97 91 25 60 41
1442 22 384 27 63 58 87 73 77 60 8 98 17 42 71 57 64 74 6 17 81 56 87 48 2 26 41 96 6 89 38 82 100 31 8 62 40 94 35 16 5 14 22 83 36 78 99
1443 22 302 61 83 67 93 38 53 40 91 78 33 86 35 21 76 16 21 6 75 82 45 20 68 25 62 74 46 44 61 23 94 57 60 14 46 64 5 37 41 75 10 49 90 30 54
1444 22 338 64 63 51 84 83 11 8 44 36 5 39 96 79 33 16 35 44 81 32 8 86 68 22 94 75 31 94 16 12 100 50 67 9 60 26 52 95 30 90 42 74 57 42 70
1445 22 365 38 25 77 23 45 28 96 38 2 27 83 70 82 1 64 31 67 72 42 92 75 88 73 65 29 80 90 38 59 75 97 87 49 41 15 44 30 68 22 13 37 12 46 89
1446 22 254 27 29 7 51 70 50 25 10 22 41 38 1 31 75 41 1 28 1 14 94 97 44 61 70 8 50 81 53 60 81 10 3 46 34 12 68 49 20 57 76 45 49 18 76
1447 22 360 29 31 21 25 26 82 94 33 83 27 86 72 18 68 47 20 14 32 33 58 84 52 66 59 96 15 13 42 44 63 90 69 36 54 30 14 91 1 51 8 69 97 80 82
1448 22 289 28 62 14 38 45 17 3 55 13 69 41 77 63 58 72 77 93 24 35 46 53 48 36 53 50 95 21 46 74 54 25 88 19 62 84 36 17 39 48 37 31 76 99 88
1449 22 352 48 27 87 40 50 73 85 2 72 72 55 21 66 27 18 92 81 43 31 51 56 14 86 24 4 85 61 86 11 74 8 90 12 47 39 37 83 93 54 47 71 25 98 14
1450 22 353 57 92 44 8 48 10 93 23 65 30 35 51 90 98 76 49 87 87 47 25 75 29 17 35 34 15 15 56 40 64 70 48 56 65 55 55 26 100 77 91 29 64 41 70
1451 22 279 61 68 18 47 54 64 71 81 44 40 15 29 6 29 84 97 5 45 51 70 47 50 34 89 30 97 29 99 57 48 68 3 31 25 26 16 48 54 22 28 38 70 94 14
1452 22 344 74 63 65 78 62 66 63 50 96 11 31 46 67 78 14 21 98 64 22 65 27 86 90 16 8 13 10 21 86 24 37 15 85 3 78 35 50 88 17 95 7 94 60 79
1453 22 334 25 56 76 40 29 41 3 55 78 44 71 37 56 80 58 93 46 8 40 100 37 26 49 76 42 96 82 35 55 61 11 62 88 51 90 80 5 97 10 48 67 46 98 55
1454 22 294 48 52 1 7 43 52 68 53 71 9 52 44 54 64 6 68 4 56 57 35 12 5 44 60 23 42 67 20 66 24 73 18 86 4 89 94 3 41 8 56 95 75 11 2
1455 22 354 84 46 66 88 41 77 11 82 43 82 30 8 57 29 32 75 51 60 35 39 5 89 31 46 97 39 92 71 49 93 54 94 58 94 34 4 68 28 85 49 88 42 71 68
1456 22 281 61 21 27 48 12 83 36 94 28 84 32 19 7 81 64 12 26 73 5 12 59 60 80 86 45 28 73 38 9 96 70 16 83 69 79 17 56 73 40 4 15 98 30 9
1457 22 344 62 3 66 25 13 25 4 98 21 84 23 10 92 18 85 48 33 64 17 89 88 13 80 43 27 77 79 9 37 92 11 2 68 23 72 72 99 7 46 9 50 15 74 15
1458 22 372 74 47 15 90 87 54 2 66 96 80 94 26 88 31 69 50 84 37 24 62 60 48 13 18 93 21 67 8 46 33 59 19 32 25 18 78 25 93 29 51 71 82 95 59
1459 22 385 5 56 18 52 68 35 97 40 54 56 86 38 14 56 69 38 87 67 80 22 91 24 50 93 56 61 16 37 55 74 93 62 92 45 82 78 21 83 48 58 61 66 41 50
1460 22 370 33 79 68 64 10 88 2 3 43 62 70 79 71 29 86 67 62 64 59 83 98 6 92 70 18 57 11 19 89 89 53 41 96 40 94 50 34 55 19 64 74 13 54 99
1461 22 306 53 16 14 63 50 11 21 41 33 90 98 95 9 38 35 46 42 75 93 33 68 94 66 74 12 29 99 77 15 53 75 19 20 88 69 50 5 9 82 95 6 28 55 96
1462 22 338 63 100 37 89 45 70 9 38 35 34 2 16 33 78 30 85 52 100 4 91 32 24 92 37 74 83 90 53 85 15 88 21 56 32 42 64 70 77 97 71 44 81 48 73
1463 22 335 17 51 24 72 93 55 95 84 43 27 9 77 16 62 13 52 28 53 83 84 66 46 5 94 75 37 74 9 92 76 84 63 68 90 58 52 85 36 60 61 3 73 26 54
1464 22 363 1 78 29 83 13 94 81 18 87 27 44 23 18 83 45 66 59 65 56 68 16 92 55 27 52 57 77 62 54 90 86 67 36 18 84 22 79 97 97 48 92 93 50 57
1465 22 321 4 69 24 95 23 2 46 31 53 75 92 56 28 34 42 46 69 59 81 42 55 60 38 51 7 69 51 65 44 7 20 64 82 14 87 84 11 17 88 85 61 44 65 46
1466 22 328 85 10 66 95 91 7 49 2 97 51 8 65 45 11 81 40 17 52 3 51 65 89 34 27 58 73 64 70 16 28 15 52 37 80 47 79 38 47 32 34 98 92 50 42
1467 22 252 2 82 33 70 35 20 49 76 5 76 78 39 93 18 68 45 6 47 43 85 36 89 22 86 59 71 79 60 11 82 37 98 1 86 73 58 13 5 3 58 20 77 75 25
1468 22 330 23 17 61 10 58 29 31 95 39 54 74 99 36 80 94 85 32 31 57 89 95 13 75 97 22 54 68 98 80 93 72 97 5 82 54 33 12 48 17 73 53 20 45 36
1469 22 269 2 54 25 97 66 51 45 88 4 13 85 84 57 57 32 61 90 37 46 53 36 17 70 61 43 73 94 14 17 29 16 22 5 64 88 56 8 75 11 72 28 19 29 41
1470 22 342 60 65 86 13 53 54 82 65 43 76 37 88 90 5 16 5 27 73 68 14 28 27 40 90 99 2 36 78 73 16 70 32 33 55 44 85 8 25 49 2 41 42 57 46
1471 22 319 67 81 65 32 8 91 23 49 41 25 36 71 49 52 40 80 84 47 24 68 6 100 68 60 52 4 45 96 90 15 88 6 46 47 21 96 97 31 63 45 34 55 17 1
1472 22 327 99 36 58 51 3 17 54 58 17 99 76 40 68 64 46 65 62 46 85 57 86 81 40 49 25 73 1 42 55 99 77 12 32 29 89 97 53 94 24 44 13 87 30 49
1473 22 323 34 14 57 72 47 48 72 71 21 74 23 14 80 74 90 91 74 21 71 28 62 19 32 7 43 76 81 16 1 29 2 14 38 73 12 85 96 35 70 100 30 12 42 56
1474 22 340 84 13 35 45 83 67 4 25 94 75 6 9 75 86 62 40 23 86 52 60 81 86 68 1 90 100 76 1 31 84 65 81 88 31 36 65 10 70 37 36 7 98 27 30
1475 22 371 84 30 41 64 67 8 17 61 49 68 36 49 61 66 85 18 30 17 58 13 52 22 88 13 43 24 48 49 74 26 57 56 70 72 22 30 34 78 56 69 79 68 86 63
1476 22 342 86 68 31 43 32 82 64 19 94 6 95 41 6 68 18 36 76 73 57 47 38 87 80 16 1 46 61 86 60 46 5 90 88 36 71 3 55 64 56 66 20 73 47 98
1477 22 283 57 45 44 47 31 23 62 24 23 59 37 61 18 82 65 59 22 1 29 24 7 44 36 7 51 1 78 75 53 24 72 61 20 67 90 20 26 64 24 47 96 41 5 17
1478 22 340 41 33 92 47 28 27 5 78 79 34 31 9 95 98 78 36 18 56 51 47 69 27 94 64 67 98 32 7 83 76 10 54 9 40 85 42 44 15 50 23 58 29 17 8
1479 22 359 59 4 77 14 55 23 82 81 16 98 99 66 81 5 48 8 9 57 14 69 98 62 43 64 63 66 22 91 34 29 49 38 57 62 44 79 96 76 47 45 74 12 30 11
1480 22 409 85 38 67 98 58 67 47 19 9 10 81 74 31 71 8 11 20 97 19 33 92 98 80 19 96 24 44 59 53 73 69 89 62 87 86 19 84 37 93 17 87 76 94 38
1481 22 347 58 42 57 91 85 6 70 55 1 46 98 59 22 27 86 83 13 23 53 18 6 89 79 50 65 77 96 11 15 53 4 71 95 89 76 17 43 28 62 93 11 14 64 48
1482 22 363 49 76 22 1 93 79 42 23 28 98 88 5 45 50 19 50 53 41 44 93 68 60 95 73 80 80 35 93 43 82 70 3 94 15 81 35 37 61 84 76 17 29 25 35
1483 22 286 30 30 27 73 22 94 85 9 40 9 88 19 44 33 13 25 25 34 80 70 48 12 4 37 72 40 12 88 20 89 74 49 18 52 73 39 45 57 36 66 39 54 61 71
1484 22 291 18 85 48 52 16 17 51 28 73 87 64 51 39 83 83 56 55 46 12 64 45 48 81 84 53 41 6 71 77 5 74 93 22 76 20 46 63 70 9 13 60 91 3 24
1485 22 404 73 10 39 79 55 50 42 52 97 22 87 2 62 92 72 39 83 70 54 15 86 75 23 50 35 65 52 10 89 61 48 19 68 49 61 19 98 34 5 99 96 48 22 86
1486 22 384 96 18 68 17 41 73 31 27 47 5 76 81 21 28 90 61 40 89 80 7 77 87 73 81 37 20 81 58 57 76 27 76 93 67 48 75 45 95 32 73 52 52 69 13
1487 22 318 91 57 92 98 46 83 74 84 7 7 20 79 39 77 87 66 55 63 10 74 62 85 18 8 68 90 35 19 41 3 83 32 11 26 81 9 60 6 67 64 12 45 2 40
1488 22 321 83 68 95 45 29 68 7 13 37 66 80 27 51 19 54 33 2 65 11 82 73 70 40 16 88 55 27 84 9 19 67 28 13 11 56 32 69 21 68 35 46 86 65 92
1489 22 303 87 66 56 97 80 18 91 95 6 97 74 89 5 92 55 32 18 40 86 60 72 11 52 10 13 68 1 99 33 8 47 84 39 64 26 85 21 23 58 10 27 1 64 11
1490 22 339 56 81 50 94 19 61 42 71 3 51 35 70 85 54 10 31 90 48 47 15 33 67 37 42 76 16 43 92 26 50 24 27 44 94 39 95 88 9 97 90 96 18 93 80
1491 22 309 23 54 11 12 2 9 79 86 75 15 3 82 21 46 59 71 69 37 66 15 60 2 36 56 91 31 25 83 10 47 37 72 90 80 89 27 7 55 5 9 78 54 95 100
1492 22 276 74 84 65 88 58 24 89 93 31 80 23 7 14 33 53 2 4 63 91 84 51 69 90 58 50 94 3 55 40 2 28 23 18 68 33 93 8 25 39 48 29 53 32 33
1493 22 276 54 87 48 97 70 50 65 11 7 90 12 52 44 18 92 97 98 66 14 65 6 72 75 80 11 22 60 15 5 93 20 91 40 16 13 89 33 75 96 74 39 47 18 56
1494 22 384 90 14 53 8 80 17 5 85 41 31 65 3 52 24 17 8 68 36 99 7 4 63 48 36 37 95 61 75 93 30 83 83 96 35 42 75 98 11 44 29 75 46 32 51
1495 22 366 14 40 18 49 90 77 52 52 76 39 40 70 67 62 81 49 96 76 83 37 2 86 35 13 29 63 39 26 94 89 85 59 74 87 91 77 62 82 17 83 33 35 44 65
1496 22 296 83 92 41 17 28 42 55 14 54 83 76 45 61 22 85 99 6 43 38 32 81 81 8 94 14 76 98 62 20 62 44 11 2 13 90 96 67 4 1 1 31 45 4 30
1497 22 325 12 62 24 1 45 5 33 52 50 46 80 26 43 41 97 57 37 59 58 1 48 5 67 3 6 19 86 2 89 31 2 7 46 63 28 50 73 29 68 21 85 24 9 43
1498 22 371 33 9 43 38 27 45 95 46 30 96 77 71 79 71 72 37 65 18 99 92 67 62 17 47 51 36 19 35 59 28 88 72 32 67 16 26 64 98 74 92 68 4 62 39
1499 22 311 40 78 56 90 70 22 3 86 20 53 73 39 83 66 69 25 5 92 57 71 7 34 86 4 59 77 23 62 90 62 53 68 42 37 43 97 74 62 49 46 28 17 8 4
