4000 22 960 59 45 55 13 22 65 13 98 91 14 47 61 9 7 63 26 5 40 56 76 30 6 97 85 58 18 51 75 25 30 62 83 74 17 48 48 81 60 45 23 43 35 33 49
4001 22 1048 97 11 54 36 66 81 65 71 78 1 80 47 4 55 71 33 16 54 59 84 53 6 64 64 2 39 41 45 73 73 45 70 35 50 5 52 31 22 75 8 74 54 77 8
4002 22 1075 25 62 76 30 20 59 34 77 75 97 78 13 37 74 62 19 6 96 68 63 100 50 36 74 57 9 27 63 86 87 87 99 70 72 1 46 98 49 49 99 99 67 4 46
4003 22 967 86 18 45 36 53 18 44 14 6 51 31 44 49 44 63 18 67 63 15 65 64 89 26 1 37 76 99 55 32 44 93 49 41 80 54 58 75 67 2 81 17 84 76 17
4004 22 981 27 39 34 94 53 48 10 16 36 87 16 25 63 66 31 94 62 23 42 2 54 47 59 29 13 13 61 81 48 88 97 27 26 82 72 31 29 81 98 17 67 66 93 81
4005 22 958 83 23 74 44 98 68 45 3 14 56 31 79 20 43 59 67 8 93 89 64 90 70 96 88 38 63 5 30 95 87 4 69 53 88 27 56 82 38 1 81 42 68 11 49
4006 22 957 12 18 89 76 8 58 71 47 47 85 3 76 32 89 80 100 39 98 91 79 77 22 57 15 51 19 63 62 88 3 13 12 45 59 48 47 35 79 36 66 30 6 49 68
4007 22 965 55 88 59 86 16 32 17 24 46 67 42 60 80 81 62 21 26 32 24 85 79 71 71 10 58 36 39 15 36 7 70 75 90 48 23 65 93 41 4 20 40 18 43 23
4008 22 1096 93 27 54 63 97 63 20 84 1 87 71 59 56 98 75 62 87 74 84 4 18 24 61 21 95 51 38 87 68 32 9 61 58 62 6 76 47 41 77 33 63 87 40 60
4009 22 991 14 1 99 87 84 2 57 59 29 53 65 66 91 84 49 100 44 58 13 71 63 89 17 55 1 18 55 40 68 40 27 7 75 80 85 94 37 58 9 28 41 57 79 37
4010 22 1085 15 43 7 29 83 75 36 99 75 5 54 14 33 73 5 60 79 31 39 41 84 84 3 41 92 82 82 100 12 18 66 55 76 47 37 50 88 76 86 41 89 18 65 45
4011 22 939 29 44 27 20 36 41 3 19 43 44 62 77 77 14 88 46 79 42 21 25 70 58 18 97 10 37 13 74 81 93 17 7 12 5 99 67 75 93 89 69 38 2 57 35
4012 22 1060 32 50 55 9 80 76 18 97 72 61 6 8 25 80 40 17 48 98 81 4 96 99 79 40 60 67 9 49 20 17 83 3 66 89 63 46 64 81 42 87 93 48 46 17
4013 22 1210 79 85 85 26 82 65 30 29 15 60 68 74 26 28 74 97 44 56 51 10 96 14 55 59 94 48 97 86 95 42 54 25 38 51 59 55 32 39 69 91 86 68 16 82
4014 22 1082 76 66 43 71 79 49 82 24 96 78 61 43 72 14 67 97 52 69 8 58 46 78 94 56 13 94 92 28 75 19 17 89 22 52 12 52 6 23 26 73 71 29 93 78
4015 22 1072 38 45 76 15 90 31 87 3 24 30 82 50 48 79 18 88 55 34 10 58 98 61 69 3 35 46 27 5 74 72 11 68 78 57 40 64 16 45 45 65 92 23 79 29
4016 22 1065 68 40 86 65 52 55 20 86 98 91 26 69 25 88 36 86 65 45 77 80 55 92 24 99 9 67 22 43 46 2 62 37 88 79 89 94 74 45 95 16 16 92 51 77
4017 22 900 78 95 6 10 2 49 85 100 57 52 73 51 49 27 65 85 66 43 11 92 99 7 38 14 29 53 42 56 34 19 39 80 3 88 55 96 68 79 16 57 63 52 22 57
4018 22 899 25 32 48 75 39 85 88 19 90 45 12 97 31 82 98 69 62 53 8 26 59 56 93 89 54 60 46 16 11 19 24 87 51 71 61 41 7 1 45 22 44 75 3 94
4019 22 1001 96 64 98 3 41 56 58 85 63 44 30 7 60 53 45 62 75 6 54 82 64 29 2 85 25 29 87 18 76 3 15 30 43 22 88 28 17 2 23 10 32 29 21 84
4020 22 1073 74 34 59 31 87 92 88 50 72 41 86 96 21 24 65 96 26 31 4 65 73 66 34 49 55 54 85 80 39 95 62 25 49 26 9 41 11 57 12 4 84 59 98 35
4021 22 940 31 16 8 64 64 62 69 100 93 7 94 54 83 31 54 8 40 95 18 48 4 20 16 67 23 50 50 34 99 84 14 43 80 30 57 100 81 49 59 75 3 41 5 56
4022 22 923 1 96 2 18 43 9 73 63 25 39 37 74 40 70 24 75 86 38 18 17 19 74 68 99 22 26 76 19 82 32 77 33 88 72 42 13 51 22 91 43 44 14 17 81
4023 22 909 3 34 97 73 59 64 24 33 42 48 8 60 81 91 30 10 76 17 69 81 66 86 32 39 28 26 34 93 14 96 62 20 38 26 95 70 19 95 75 20 11 84 47 79
4024 22 1032 16 67 60 33 52 91 72 31 68 5 24 9 71 71 88 32 42 26 9 37 47 27 31 76 8 5 48 18 41 46 97 56 13 56 89 16 98 12 65 16 22 25 86 92
4025 22 1006 13 18 33 90 78 69 36 5 51 12 12 56 11 30 96 56 3 68 91 84 30 2 82 94 70 3 18 7 46 82 76 78 71 54 99 7 10 49 73 56 32 2 87 31
4026 22 1008 6 7 63 48 42 44 2 23 37 23 77 7 29 22 40 57 51 63 62 1 69 71 90 43 57 21 97 12 59 79 17 65 16 6 85 17 28 74 91 56 32 72 71 28
4027 22 895 28 33 41 80 53 63 81 94 57 90 66 5 1 25 84 69 25 84 47 61 26 34 43 82 17 14 58 40 93 37 24 85 29 47 49 22 4 38 40 8 38 16 91 6
4028 22 1169 56 67 42 2 80 94 28 13 88 61 82 54 70 21 98 59 96 83 75 24 29 23 32 61 37 92 50 52 34 56 7 53 97 61 40 96 81 100 77 34 21 49 79 45
4029 22 980 14 53 68 94 28 65 26 40 53 69 89 56 54 96 15 6 44 75 37 85 66 33 18 65 61 51 85 10 34 64 99 68 21 93 47 38 70 86 42 38 27 98 91 22
4030 22 1096 12 97 66 38 85 2 3 17 71 19 78 22 55 39 7 18 92 6 38 64 98 36 1 67 22 95 56 100 46 73 94 90 31 92 99 14 64 28 35 18 88 57 77 21
4031 22 994 48 12 73 14 85 19 21 84 10 66 57 16 12 46 59 42 89 4 40 3 19 68 37 33 82 76 42 32 52 14 79 63 38 44 64 83 18 82 91 34 45 89 44 38
4032 22 1116 29 48 77 83 18 96 72 54 81 5 74 89 84 87 19 47 24 63 46 32 78 80 50 11 71 35 55 11 92 39 21 22 95 68 45 100 48 1 41 64 59 60 62 83
4033 22 755 74 59 66 51 39 15 14 61 49 68 23 79 12 61 55 32 34 49 99 78 31 29 71 71 44 30 30 6 64 3 16 29 6 6 19 18 38 40 22 49 1 77 32 86
4034 22 851 77 83 64 25 33 46 5 3 16 49 32 98 6 95 21 24 57 79 19 27 96 14 17 36 36 17 88 64 1 73 40 83 67 33 69 49 53 98 26 99 49 99 74 6
4035 22 886 77 92 84 24 6 100 59 93 17 98 8 17 23 99 51 10 67 17 95 88 37 95 41 92 86 40 40 84 13 97 12 57 81 35 14 80 46 58 48 95 65 16 15 66
4036 22 1003 79 82 34 73 21 23 67 80 63 10 65 54 49 100 46 63 75 78 98 88 9 95 45 57 89 61 72 58 27 90 36 60 8 80 26 60 12 35 76 65 35 28 83 32
4037 22 920 90 57 9 87 96 18 33 40 26 22 52 49 79 79 14 38 65 73 70 13 50 29 76 36 56 93 22 83 27 54 73 84 11 31 31 44 23 56 17 74 57 47 46 12
4038 22 1267 42 62 36 11 75 85 91 2 72 98 94 93 81 21 98 5 56 12 67 86 62 8 50 78 82 58 76 85 3 87 78 65 22 88 58 30 92 81 28 86 74 8 71 64
4039 22 804 13 82 30 50 76 44 58 77 73 91 34 49 27 88 87 5 52 9 44 42 18 74 86 99 1 23 24 60 80 46 23 44 4 93 55 47 2 83 20 44 16 68 71 3
4040 22 1031 6 27 7 14 70 100 84 43 85 34 43 59 57 2 90 2 76 33 33 80 78 87 26 31 21 97 75 88 16 97 22 23 49 87 92 100 35 37 55 29 95 11 31 85
4041 22 824 65 58 69 97 37 98 36 15 29 56 11 55 96 27 51 38 25 38 86 68 8 2 73 62 83 20 4 89 22 24 59 74 24 73 54 32 35 8 27 13 10 64 12 86
4042 22 942 1 98 53 37 5 7 62 18 89 81 42 5 36 82 26 11 71 36 84 94 60 37 25 95 96 3 7 57 66 19 18 68 47 7 24 53 20 41 93 100 35 97 87 16
4043 22 536 22 97 38 58 33 32 69 69 8 63 17 11 70 73 28 40 67 98 7 13 4 82 23 22 9 74 5 60 24 78 13 87 40 44 56 9 18 77 14 39 1 93 30 67
4044 22 1080 90 88 31 45 69 47 67 43 7 92 50 11 3 25 41 11 38 27 33 82 10 36 52 86 49 42 87 94 72 5 83 59 88 28 28 86 46 22 93 90 71 3 92 96
4045 22 934 95 2 33 22 52 65 3 13 53 6 99 53 48 37 46 19 93 81 29 32 8 8 18 5 10 46 64 38 47 59 39 31 32 42 86 7 92 57 45 49 9 37 37 21
4046 22 909 88 97 38 45 25 99 90 76 14 27 22 72 18 4 55 11 51 41 17 1 32 73 52 22 53 82 6 81 78 69 66 15 65 91 54 66 81 40 2 50 43 56 60 45
4047 22 922 48 29 46 79 53 49 52 22 1 33 79 34 3 56 54 68 22 18 10 86 71 76 15 3 67 16 9 24 64 6 92 51 2 44 99 53 65 52 38 95 85 40 50 90
4048 22 1158 59 71 7 69 8 77 96 23 80 62 90 83 22 65 46 27 88 89 77 89 85 28 93 49 31 30 15 21 45 4 68 62 27 38 95 1 69 56 91 4 1 4 94 90
4049 22 886 32 34 74 11 79 74 41 60 69 7 81 66 62 12 33 23 11 59 13 5 60 33 2 36 88 60 37 43 6 78 27 91 51 37 24 78 29 45 84 61 10 46 72 94
4050 22 939 20 82 52 32 38 63 65 49 16 52 88 76 40 31 33 17 57 23 67 93 92 43 22 20 87 58 80 96 3 3 89 74 36 92 6 73 7 22 73 22 60 49 13 90
4051 22 1055 81 81 98 56 48 91 47 42 64 18 28 21 49 75 75 51 15 49 38 58 54 10 27 34 51 93 35 71 96 32 26 43 74 72 36 38 41 63 10 89 89 85 91 55
4052 22 1017 33 28 12 38 89 28 64 22 17 14 66 54 29 52 76 76 36 1 70 9 24 5 98 64 67 8 4 7 92 94 61 76 73 24 13 13 3 28 86 19 93 52 25 73
4053 22 751 55 100 48 90 1 17 99 24 21 48 40 39 7 43 97 50 89 9 25 13 33 89 26 35 68 63 6 13 14 30 85 69 29 85 10 29 53 8 5 26 8 96 16 14
4054 22 1155 90 13 64 30 73 40 43 5 81 20 92 48 82 97 60 48 26 97 68 54 33 77 35 37 37 91 14 44 86 30 57 75 94 72 5 66 99 23 44 18 91 51 10 3
4055 22 911 98 87 51 65 40 83 94 26 19 30 16 85 73 1 14 81 76 59 5 32 68 30 11 47 63 1 97 24 55 47 10 5 2 87 4 27 58 85 95 42 57 95 7 90
4056 22 1080 22 17 94 53 44 61 82 42 23 80 56 75 29 80 30 75 41 34 37 42 73 93 21 82 77 15 75 34 61 33 83 49 68 87 92 80 69 85 2 100 93 28 28 72
4057 22 1009 57 54 64 43 91 58 15 83 78 96 59 44 22 44 4 54 18 38 54 37 25 45 68 45 82 69 44 74 49 24 97 5 77 60 47 19 69 13 1 98 60 12 41 81
4058 22 1036 7 97 34 77 87 13 10 84 81 54 65 1 50 90 49 73 86 6 1 97 52 20 66 17 20 63 76 83 56 57 90 52 42 66 37 81 30 99 64 62 80 63 69 63
4059 22 992 25 6 68 26 2 72 97 19 88 68 34 15 51 89 71 92 92 65 57 80 45 38 78 60 82 91 14 34 11 76 59 68 96 36 21 19 32 40 6 99 73 20 1 13
4060 22 788 43 92 56 59 35 55 38 13 14 89 94 56 2 79 18 29 37 85 76 24 5 94 7 96 51 58 20 23 58 32 17 2 87 75 1 74 29 90 78 83 49 31 61 66
4061 22 1036 12 50 2 87 73 6 81 80 31 89 21 53 46 5 69 99 43 95 16 23 41 53 71 35 53 48 33 64 97 34 51 69 40 31 93 13 88 13 18 86 86 36 87 27
4062 22 1181 55 28 32 23 50 18 38 2 65 23 66 61 56 16 82 47 98 81 91 62 21 56 79 58 24 17 93 35 49 80 62 3 59 45 77 8 67 61 27 89 26 87 96 93
4063 22 985 68 95 42 1 85 4 73 40 34 82 64 50 26 50 98 57 63 53 15 7 81 74 69 47 35 95 12 33 31 57 53 77 5 61 29 1 87 10 16 36 65 86 44 28
4064 22 1206 90 10 86 70 84 54 17 70 3 81 85 85 37 89 61 87 93 22 91 73 74 77 82 41 65 20 5 2 63 84 43 73 70 12 56 75 80 77 27 35 57 63 71 46
4065 22 1086 51 32 84 95 5 74 67 30 70 67 19 74 20 34 10 62 6 31 25 13 57 57 89 35 91 97 97 61 94 99 44 77 93 100 11 29 53 62 98 71 33 24 90 66
4066 22 1062 85 51 23 15 75 87 31 75 58 73 54 34 17 53 29 93 97 29 95 60 57 99 21 7 69 5 82 58 22 66 60 44 80 35 30 54 56 11 90 79 47 69 3 91
4067 22 1157 17 83 86 76 92 36 49 98 5 5 79 14 27 44 74 22 75 8 52 28 24 59 91 65 89 7 39 35 42 26 43 76 63 71 67 50 71 16 54 75 94 68 53 89
4068 22 1039 93 75 15 100 78 95 75 36 37 40 25 43 30 59 69 23 36 63 99 50 85 65 55 81 5 82 26 24 86 67 16 60 33 67 79 94 73 15 49 57 14 59 77 37
4069 22 933 95 40 35 96 24 51 47 31 83 52 64 61 75 49 27 43 9 11 97 90 2 69 4 86 69 13 28 89 36 74 70 69 72 16 34 55 19 97 15 45 45 93 87 5
4070 22 952 3 96 2 44 49 22 35 91 12 86 18 100 21 91 80 42 11 83 65 78 68 19 96 16 33 41 60 77 27 65 32 74 75 75 39 74 61 29 85 46 98 37 88 68
4071 22 1024 59 99 2 23 76 69 94 24 84 78 64 95 55 42 11 86 68 28 12 42 19 86 47 22 99 45 10 16 77 74 34 30 48 10 50 93 85 85 71 48 32 77 41 42
4072 22 1058 62 60 22 73 1 40 10 54 38 32 52 82 93 67 18 22 92 51 51 92 60 1 84 44 37 6 43 68 82 36 95 83 68 48 77 53 59 60 5 93 53 23 74 67
4073 22 1186 60 76 58 72 28 93 67 65 99 62 84 32 97 45 75 43 27 94 90 100 22 43 11 82 55 86 73 16 59 39 34 48 98 14 93 17 78 91 30 61 74 78 6 48
4074 22 891 20 84 93 62 84 15 56 46 48 6 33 78 15 43 69 41 28 16 91 41 60 59 18 2 40 31 76 17 88 75 71 68 1 6 34 8 3 81 13 2 43 68 7 63
4075 22 1025 61 34 30 3 75 90 13 44 91 52 26 66 68 13 41 7 36 60 60 41 93 67 44 73 32 97 37 26 17 43 88 77 28 17 31 54 58 43 50 49 94 75 66 13
4076 22 965 88 6 71 75 65 30 67 57 49 62 81 80 59 17 5 27 11 44 55 91 12 85 44 70 79 93 70 24 20 35 93 58 33 9 40 99 18 88 61 98 23 97 29 66
4077 22 1109 3 19 77 87 63 98 17 7 67 40 26 2 27 84 94 84 68 2 75 67 19 62 79 69 28 49 35 2 97 15 99 34 96 37 48 93 53 6 60 92 32 13 70 67
4078 22 939 58 53 35 11 80 53 82 41 31 50 21 79 36 22 27 50 41 25 61 82 28 65 88 39 56 71 3 25 37 60 29 23 71 8 75 52 1 5 53 21 42 61 89 82
4079 22 929 85 24 69 97 5 49 13 44 87 68 14 42 44 3 1 25 77 23 84 52 26 84 8 78 56 43 17 98 3 6 31 40 81 100 88 37 48 1 86 20 46 27 64 100
4080 22 1253 80 40 77 2 75 80 28 59 87 57 66 29 74 15 84 31 46 23 63 97 62 99 96 62 31 81 82 77 60 97 91 88 56 92 35 71 72 22 38 2 5 52 85 35
4081 22 873 49 59 45 21 47 40 34 78 73 15 6 84 63 33 74 50 89 17 64 75 40 35 96 19 24 50 23 28 9 76 57 73 17 55 12 50 32 36 71 31 33 14 13 96
4082 22 1080 88 4 82 36 22 58 85 96 70 56 60 14 64 32 18 96 32 2 83 100 90 6 30 63 1 62 76 65 9 64 68 43 99 41 35 88 36 4 43 47 58 79 51 76
4083 22 819 26 34 29 60 33 18 65 63 18 76 60 82 37 75 2 31 25 42 30 59 82 65 15 76 11 84 34 41 61 18 68 89 52 58 94 66 42 63 45 30 28 46 53 39
4084 22 827 41 63 72 57 77 48 19 60 33 12 46 93 29 65 10 16 42 56 82 36 18 75 89 62 4 16 59 15 20 50 55 83 21 11 11 68 23 52 40 68 96 21 32 28
4085 22 990 30 99 22 85 80 57 55 54 45 16 9 12 27 23 32 76 77 66 48 39 76 68 68 50 19 59 69 15 31 52 94 13 51 15 97 30 23 51 36 19 44 31 67 14
4086 22 858 24 95 79 71 34 6 38 53 56 57 11 24 23 94 28 16 6 78 83 54 59 5 57 94 75 38 4 19 46 98 49 16 54 6 35 61 14 98 37 36 91 64 51 96
4087 22 874 41 33 49 99 90 5 45 13 31 82 18 53 37 88 50 86 36 18 69 89 23 3 2 36 38 71 42 53 73 37 6 38 95 95 39 59 25 20 28 29 56 15 79 42
4088 22 836 2 96 10 42 70 64 43 57 16 32 27 57 84 51 94 28 8 83 75 54 24 13 12 100 33 91 29 40 57 7 58 54 42 31 25 26 9 81 59 26 89 19 63 72
4089 22 909 84 27 36 83 11 26 63 51 35 69 92 74 29 43 48 38 37 30 14 62 38 94 22 49 72 62 67 79 76 38 3 25 97 13 59 15 80 50 5 30 23 5 19 11
4090 22 1095 34 32 24 24 25 45 96 7 90 27 82 79 40 36 4 88 49 6 99 63 94 30 64 73 93 47 11 57 76 42 80 99 19 77 74 66 35 63 44 68 36 4 48 23
4091 22 1148 4 5 73 66 98 2 82 23 88 74 69 77 37 78 52 30 9 2 75 18 71 89 61 39 34 96 94 33 97 38 43 14 35 45 47 9 32 73 78 60 7 64 90 67
4092 22 1007 17 42 4 44 59 26 84 19 16 17 67 9 50 37 57 39 79 23 25 75 69 34 58 41 63 18 1 69 33 91 87 49 32 90 92 42 76 60 31 44 26 92 93 62
4093 22 905 48 83 93 70 8 67 91 41 25 31 3 94 32 23 26 22 9 74 5 99 66 46 57 96 36 35 39 81 63 40 60 70 7 50 10 83 81 64 76 12 86 1 85 95
4094 22 953 74 41 93 91 38 10 83 94 57 71 28 96 51 28 34 65 67 93 35 25 43 96 59 75 60 34 45 86 91 60 14 83 2 3 44 37 96 1 7 76 9 3 29 73
4095 22 961 21 73 59 98 67 55 56 41 14 90 78 10 75 51 1 86 16 35 40 18 79 76 66 31 82 93 26 42 47 6 30 73 64 97 27 72 37 92 61 67 53 87 69 5
4096 22 991 25 85 40 64 54 70 91 19 24 11 77 65 57 82 78 76 11 2 59 80 62 48 23 74 14 76 61 82 80 37 18 71 52 72 92 42 42 43 65 53 19 81 58 36
4097 22 934 15 12 27 73 91 88 20 66 62 85 41 74 19 72 36 95 13 59 86 54 1 81 70 5 99 50 65 51 59 53 17 70 79 89 18 61 78 79 45 70 4 63 93 65
4098 22 990 51 87 29 61 25 82 13 5 3 17 55 52 34 57 63 86 73 32 16 14 96 33 74 25 64 70 94 67 85 87 84 87 12 47 1 46 60 5 48 76 52 61 68 14
4099 22 873 46 41 97 61 54 93 79 17 9 48 63 27 32 1 10 18 77 74 17 78 19 76 34 18 3 45 69 64 13 82 61 53 74 6 23 19 36 91 83 5 5 67 67 36
4100 22 999 82 40 52 11 10 79 44 79 89 48 97 1 81 57 5 11 62 33 76 30 31 80 35 97 85 1 18 92 88 80 53 67 23 31 63 30 48 63 11 4 19 21 38 80
4101 22 755 6 89 76 81 19 7 12 53 55 48 5 39 17 48 27 96 45 19 30 44 81 12 91 96 22 46 14 94 35 94 51 24 21 31 42 27 95 46 34 42 2 72 59 49
4102 22 963 50 54 94 24 81 89 57 92 31 4 13 29 17 59 63 62 9 86 35 92 79 13 86 76 46 27 77 18 85 77 19 91 76 13 14 57 53 22 48 84 25 13 12 94
4103 22 721 71 74 7 79 12 41 22 42 6 7 18 51 34 46 20 70 23 39 50 3 78 6 55 99 38 24 70 1 17 92 27 75 16 44 79 21 48 23 35 94 43 57 33 68
4104 22 882 65 35 45 23 41 96 80 31 19 1 31 87 92 57 61 13 46 28 8 25 58 72 75 44 17 100 32 1 20 49 35 16 23 27 11 2 57 29 2 88 67 45 96 80
4105 22 953 9 42 59 17 18 11 26 41 85 69 58 1 21 89 1 40 89 87 55 11 13 66 64 70 46 65 65 61 56 44 70 97 54 86 66 64 63 7 48 31 51 4 42 93
4106 22 973 38 49 3 3 14 67 24 11 83 84 75 96 39 70 65 36 2 1 87 64 59 87 46 22 86 49 26 38 90 70 29 3 52 66 25 35 92 20 74 62 36 61 37 37
4107 22 1147 13 75 52 72 61 49 45 47 97 22 36 39 91 62 28 15 83 56 42 48 32 29 39 51 54 52 38 66 88 74 78 15 77 1 27 26 98 25 74 19 60 64 62 22
4108 22 921 92 28 12 26 83 5 73 15 85 63 17 38 15 55 3 54 80 33 20 9 47 86 82 71 11 53 31 75 14 52 18 41 43 75 71 67 41 56 29 10 93 95 64 48
4109 22 1168 1 95 80 20 3 64 66 88 98 37 51 50 19 25 15 22 42 7 36 84 33 6 50 74 61 30 83 6 77 98 53 77 92 84 96 47 99 14 86 96 97 20 60 63
4110 22 952 41 53 21 76 88 54 33 89 79 46 19 13 51 95 62 55 23 5 38 18 36 31 89 84 32 24 80 51 95 91 40 15 18 28 68 3 16 98 48 86 10 50 71 56
4111 22 1032 54 76 93 72 78 80 66 63 86 42 95 88 29 89 79 68 3 48 47 23 2 63 20 1 48 30 50 80 52 57 85 27 49 56 57 81 62 22 43 47 15 89 34 43
4112 22 1104 77 64 63 32 64 9 54 65 71 73 66 71 67 2 6 24 86 84 24 94 40 4 55 14 99 53 28 87 38 23 16 54 85 47 17 93 52 33 98 38 30 17 91 87
4113 22 1008 40 28 70 15 21 62 71 27 75 69 79 54 7 69 76 74 22 60 72 90 5 23 99 72 9 28 88 99 14 79 26 35 45 99 96 15 25 22 35 56 94 76 51 67
4114 22 1081 97 63 39 38 67 61 59 90 82 98 38 21 48 51 99 25 86 44 23 33 58 100 55 45 7 30 32 4 30 46 42 67 64 55 77 53 65 59 50 3 79 97 5 30
4115 22 1068 74 90 25 96 75 34 47 29 78 53 10 15 86 93 19 67 39 12 33 2 18 62 55 83 72 4 85 50 53 89 31 26 73 5 89 20 66 24 46 33 62 38 51 28
4116 22 1031 76 14 61 78 32 74 84 66 45 87 50 46 91 90 77 68 72 83 41 76 71 12 12 89 87 57 21 48 47 23 22 88 88 51 34 36 5 73 37 2 15 27 78 83
4117 22 975 98 13 23 26 35 86 89 23 72 98 95 20 44 69 47 17 57 34 20 79 46 5 15 2 77 51 3 44 29 33 26 27 45 100 4 79 85 92 54 8 41 100 79 84
4118 22 891 69 25 53 77 10 72 55 7 28 69 8 5 72 63 48 100 95 25 78 91 24 81 21 60 25 26 67 65 26 46 1 94 22 53 70 32 76 24 38 3 45 98 59 16
4119 22 876 12 58 67 58 82 45 48 57 25 20 16 1 46 35 66 71 32 66 64 53 18 85 36 93 60 26 47 56 23 6 71 34 63 38 43 45 34 90 1 58 61 69 59 6
4120 22 1016 3 76 76 34 41 91 86 10 27 74 54 87 99 100 42 73 5 65 58 68 64 87 16 96 1 84 6 7 81 34 71 73 77 57 34 3 30 87 80 39 83 52 95 99
4121 22 940 9 62 4 60 77 90 93 37 28 43 58 66 75 92 36 100 68 44 33 22 25 72 63 4 10 97 55 4 95 15 18 98 26 94 39 25 38 75 69 34 83 44 43 44
4122 22 991 62 75 18 86 46 80 42 7 76 48 11 22 63 28 71 40 73 61 65 63 35 93 32 56 26 14 99 3 83 93 98 96 19 67 34 17 75 23 22 85 36 64 16 76
4123 22 1134 37 28 92 51 63 84 82 70 61 47 20 15 29 12 13 25 79 10 98 77 84 73 49 57 57 47 93 21 62 20 9 90 11 4 46 92 73 58 90 44 18 55 94 36
4124 22 1073 67 3 86 43 38 58 44 95 14 90 39 86 3 58 94 44 72 56 99 17 23 26 88 66 98 6 20 34 51 8 53 6 93 47 43 50 90 37 15 31 27 1 36 46
4125 22 1080 29 7 2 28 75 100 50 1 88 68 45 87 84 47 46 88 52 38 34 95 87 24 83 54 6 10 54 91 97 99 72 4 99 78 30 39 67 80 35 6 15 81 51 2
4126 22 961 33 41 35 79 79 10 61 32 16 22 85 58 19 36 29 74 87 79 51 38 31 33 28 97 12 14 54 26 95 57 27 79 97 13 57 27 23 69 59 90 43 95 47 13
4127 22 863 30 76 86 17 6 88 36 20 85 83 99 38 8 45 46 86 23 94 31 21 73 52 62 46 25 8 58 7 35 95 75 93 34 80 28 6 17 12 88 16 2 96 12 99
4128 22 1123 33 35 93 31 17 65 55 68 95 16 65 71 76 22 77 62 68 51 54 2 83 82 7 99 45 94 66 98 41 78 97 74 64 89 56 32 5 11 52 99 78 16 21 53
4129 22 1011 38 98 15 57 68 58 34 1 64 85 46 10 50 43 79 91 75 94 83 26 35 45 77 85 22 92 6 75 81 55 41 38 54 60 47 40 61 11 24 58 72 25 52 73
4130 22 965 4 43 48 97 73 82 74 8 26 50 92 99 94 49 25 26 3 65 15 9 62 48 37 24 71 94 95 95 97 67 50 39 66 99 12 47 72 71 24 74 14 23 19 63
4131 22 993 47 44 65 64 11 25 40 72 72 76 94 21 41 89 17 59 90 8 77 88 71 75 60 41 99 85 6 73 3 68 19 46 85 34 56 9 73 79 33 48 25 26 20 17
4132 22 1197 66 37 28 56 96 4 43 66 78 54 58 28 38 63 40 83 71 38 67 4 45 27 77 76 59 76 37 96 69 2 84 48 57 79 51 52 80 57 5 60 95 19 86 1
4133 22 1015 81 23 19 85 20 98 13 95 8 88 46 44 35 14 18 61 54 48 63 57 95 95 14 99 64 93 70 45 68 41 87 38 93 33 45 32 78 89 67 92 86 36 4 91
4134 22 928 36 19 48 82 13 61 81 66 20 50 64 71 25 31 11 5 69 100 49 1 97 33 31 85 51 22 22 86 77 12 73 95 55 7 71 87 24 90 88 5 6 58 21 38
4135 22 921 57 20 86 9 16 18 39 52 68 12 25 6 41 37 30 35 47 36 94 70 22 17 11 9 73 16 19 54 4 91 43 12 10 28 72 78 98 11 81 17 74 6 14 94
4136 22 1052 4 1 92 39 94 13 13 62 24 73 35 91 91 40 46 81 82 57 43 61 81 72 10 43 52 27 16 9 54 55 98 94 75 10 58 36 85 30 22 76 21 13 73 53
4137 22 1010 46 82 95 59 62 66 68 4 70 94 71 30 52 36 33 33 45 7 42 54 79 84 54 4 81 26 8 78 7 3 36 20 20 4 23 41 49 94 58 98 30 90 94 88
4138 22 1012 83 48 82 61 31 2 66 86 34 44 93 11 2 47 47 22 19 50 44 59 50 89 33 96 90 93 15 31 86 2 36 26 37 44 70 87 80 88 39 78 9 9 79 5
4139 22 1088 68 29 93 100 76 78 42 68 92 72 5 94 37 90 81 15 56 17 58 56 86 96 17 35 90 95 96 99 73 100 18 53 44 17 28 74 10 47 65 82 4 10 70 45
4140 22 1106 90 84 58 93 55 95 40 6 64 75 96 58 22 94 82 73 11 87 16 79 66 41 89 13 68 19 91 12 61 27 63 18 71 70 13 63 75 28 70 85 10 15 18 82
4141 22 1017 77 56 49 8 22 42 96 86 99 69 53 17 11 16 37 78 95 60 47 59 86 10 43 22 71 10 91 4 4 93 20 45 40 5 60 9 12 71 76 88 7 53 34 18
4142 22 896 52 44 91 25 81 100 67 54 22 28 97 77 14 95 58 14 25 50 70 20 9 78 31 79 5 70 38 57 4 55 60 47 46 84 28 97 3 33 71 30 29 47 95 23
4143 22 906 27 5 36 4 6 57 75 14 86 57 45 90 26 34 47 29 40 58 28 85 42 7 34 44 39 56 25 68 2 72 90 81 76 78 81 34 10 46 72 66 61 91 59 72
4144 22 815 15 17 99 51 58 5 36 53 43 43 29 62 45 100 4 77 27 81 12 7 66 73 5 89 38 98 50 80 25 8 51 91 24 1 93 33 37 100 71 66 13 67 65 16
4145 22 933 43 92 48 6 50 66 78 6 54 67 56 3 47 80 63 49 70 86 62 71 6 42 7 57 65 72 83 89 85 26 32 85 33 50 61 91 3 27 46 58 25 77 20 74
4146 22 1094 46 57 23 59 27 80 53 34 37 17 57 6 99 97 42 76 80 26 11 13 75 71 55 30 97 52 87 22 28 6 47 25 62 21 83 89 35 74 36 3 82 93 54 79
4147 22 964 35 29 58 12 39 22 87 61 28 16 10 79 54 83 6 59 29 82 72 49 65 12 51 37 88 54 19 80 7 49 66 87 78 78 80 16 38 59 31 99 36 81 95 46
4148 22 1086 61 77 17 61 93 29 43 17 48 96 35 79 54 83 45 41 41 22 18 72 89 7 82 19 6 19 38 66 51 99 94 67 59 86 47 19 28 64 76 50 97 29 85 41
4149 22 909 69 25 14 38 48 2 97 29 72 2 77 39 17 27 37 10 45 48 47 92 66 26 7 84 1 56 80 82 40 72 2 16 85 40 15 38 36 96 9 89 79 63 68 24
4150 22 843 59 15 70 2 32 95 60 15 48 16 46 29 7 69 30 75 5 21 41 42 8 36 2 96 34 38 27 96 52 94 71 63 40 64 91 87 24 58 86 91 55 14 49 24
4151 22 978 95 75 28 16 16 70 75 51 71 23 37 61 49 32 64 94 55 26 53 46 42 95 32 17 52 17 59 7 82 7 77 82 9 44 97 78 18 99 1 40 35 13 40 19
4152 22 876 76 33 73 54 37 18 47 32 2 63 83 70 21 41 4 79 22 32 12 83 75 60 60 44 59 12 36 45 15 52 39 57 96 9 3 27 62 65 31 37 54 34 67 28
4153 22 839 17 79 10 91 38 21 87 48 33 22 45 60 48 59 63 7 50 19 55 58 21 81 19 37 94 1 25 100 92 27 3 22 36 46 59 56 32 7 40 5 4 61 62 11
4154 22 869 62 33 17 19 5 49 89 94 43 90 18 42 76 61 68 78 82 55 23 93 10 6 51 2 53 53 14 65 27 98 92 45 3 40 86 96 34 75 65 27 2 78 46 79
4155 22 877 11 100 54 3 62 59 5 63 21 57 15 34 22 80 61 100 30 4 96 32 43 81 79 29 55 43 56 72 1 87 83 52 40 37 13 50 42 27 70 50 93 55 23 25
4156 22 944 67 22 54 70 18 37 65 98 15 93 5 9 99 12 33 51 98 15 3 89 39 96 46 60 90 67 68 14 42 19 59 55 19 8 21 11 12 30 61 24 62 12 73 28
4157 22 845 66 14 82 84 4 78 29 63 23 19 42 84 14 83 3 16 93 9 34 1 30 96 64 11 56 39 24 19 12 51 36 25 32 20 80 9 48 42 83 18 25 2 59 4
4158 22 1122 3 52 12 88 52 93 83 15 90 54 26 61 17 28 96 93 60 15 72 20 15 65 55 32 39 31 33 74 89 88 76 92 63 95 44 97 62 47 67 24 99 35 94 27
4159 22 1096 63 61 50 82 75 14 88 58 53 18 91 78 59 30 6 2 81 20 97 77 17 10 23 55 76 46 5 10 10 37 93 36 2 32 94 6 36 36 60 17 41 13 98 60
4160 22 1025 9 26 28 70 48 34 45 45 90 6 94 40 93 4 49 81 37 83 80 82 40 81 69 75 92 85 67 4 34 27 65 59 6 34 58 92 31 3 81 36 20 81 3 21
4161 22 954 61 51 57 95 30 90 35 62 58 9 5 42 76 60 28 54 24 86 11 10 96 2 92 50 83 27 97 54 59 99 74 20 1 82 14 30 71 48 43 80 9 47 36 7
4162 22 843 1 41 82 38 51 43 33 5 34 34 39 13 30 92 71 81 18 42 81 99 56 63 22 55 5 53 63 4 26 50 62 78 90 95 16 93 97 23 35 87 15 78 10 95
4163 22 1025 95 3 28 46 58 90 19 13 46 71 27 1 97 77 14 26 18 9 93 10 98 93 72 78 44 11 92 22 39 68 74 18 13 32 7 31 96 4 54 74 5 2 50 18
4164 22 1179 27 20 78 20 81 75 12 39 99 41 34 9 84 55 80 74 75 53 91 39 36 49 70 31 53 75 57 9 76 58 26 2 77 56 21 58 30 84 48 28 88 60 67 33
4165 22 868 62 72 76 100 7 24 21 90 95 46 84 22 3 62 24 32 17 96 89 98 32 88 78 7 68 65 18 7 55 78 20 61 1 92 2 29 39 99 64 60 77 35 33 93
4166 22 958 31 73 43 14 60 20 20 27 84 38 34 67 92 53 73 69 24 86 21 16 87 1 54 86 65 65 39 41 71 86 82 95 28 95 47 66 32 82 55 17 1 46 22 73
4167 22 951 66 45 10 39 12 97 39 65 34 3 82 24 96 33 94 81 14 40 60 60 93 6 77 76 32 45 29 66 64 47 73 85 74 21 23 38 6 78 71 29 3 74 5 16
4168 22 1091 13 64 27 57 69 4 33 59 87 77 98 67 94 13 55 85 97 28 58 20 18 63 88 44 21 91 17 25 82 88 85 38 8 40 22 66 78 50 63 44 43 27 57 98
4169 22 1030 64 5 25 21 24 42 35 72 30 78 92 72 47 16 29 28 55 65 17 62 56 39 28 33 88 42 83 69 85 80 84 89 4 65 98 90 36 79 20 80 50 66 95 30
4170 22 1054 45 2 95 61 63 2 51 90 35 91 84 63 73 4 99 4 87 39 59 42 3 8 31 91 86 50 22 87 67 16 17 63 69 63 24 32 16 26 50 16 56 64 40 11
4171 22 945 14 43 97 53 2 38 7 9 69 49 47 70 70 85 89 38 53 51 6 67 26 89 83 52 62 84 19 69 48 59 80 13 1 76 65 54 24 15 34 72 61 55 94 97
4172 22 1224 43 31 50 94 88 16 71 77 98 22 38 82 41 58 81 51 37 93 51 13 10 5 78 33 63 56 83 17 1 79 60 83 28 5 96 75 99 45 97 36 89 45 58 39
4173 22 1024 82 3 41 46 12 97 75 96 67 37 3 49 53 4 80 12 38 7 16 8 54 91 58 99 39 45 76 79 90 86 69 71 88 9 51 58 42 46 24 78 25 30 55 4
4174 22 1176 94 93 62 9 52 68 51 10 66 41 54 93 19 43 78 87 65 17 96 32 67 5 73 64 80 50 16 4 32 22 59 25 14 73 85 18 40 36 79 57 76 84 49 95
4175 22 846 79 79 33 43 47 80 27 66 84 99 29 64 1 96 19 32 18 78 8 83 50 92 41 79 30 97 7 14 45 1 92 75 85 86 22 65 64 87 15 67 63 15 82 98
4176 22 1003 80 11 57 14 12 48 66 52 79 95 48 85 60 44 37 3 19 21 89 40 85 4 26 85 18 92 99 84 6 32 81 37 94 89 51 5 16 56 15 62 55 99 22 99
4177 22 1109 87 24 69 7 64 8 44 68 85 80 37 28 78 21 34 62 53 70 55 42 72 60 30 39 67 96 1 22 46 74 32 49 40 38 65 99 81 84 83 60 20 10 90 40
4178 22 1017 95 51 93 17 5 34 88 16 63 79 83 58 31 56 55 4 79 86 4 18 23 68 68 56 51 50 67 71 11 56 10 6 58 54 22 63 87 61 78 1 39 12 21 67
4179 22 1021 64 76 45 49 80 14 24 99 81 31 50 82 97 72 93 53 33 98 10 87 71 24 25 83 2 78 22 13 87 94 32 51 70 28 51 49 42 26 47 74 56 48 53 71
4180 22 1013 48 57 4 97 18 42 19 42 1 95 95 74 59 82 68 42 84 37 70 86 85 63 12 83 36 67 31 91 71 53 90 79 56 38 97 49 8 90 67 9 61 82 46 94
4181 22 1024 1 88 29 37 9 15 73 71 26 56 6 44 38 49 67 90 90 45 98 80 93 46 87 82 64 47 69 77 15 70 81 54 99 18 62 65 42 32 49 89 37 38 3 80
4182 22 1166 79 100 77 58 92 74 96 26 90 43 94 66 23 60 87 3 65 37 72 26 1 66 9 94 14 98 31 52 86 85 64 84 59 73 76 84 21 53 25 63 98 90 37 10
4183 22 1040 29 39 74 17 63 100 70 28 60 63 93 57 44 43 78 26 58 13 36 83 40 72 55 92 96 17 42 38 5 51 66 95 24 82 57 75 51 36 35 14 43 58 37 87
4184 22 894 2 47 37 29 91 8 83 83 56 51 24 93 7 26 58 1 1 91 28 94 45 62 59 73 16 97 93 55 98 39 6 86 19 96 46 53 78 1 55 53 61 30 31 44
4185 22 936 70 58 37 15 71 95 39 26 63 87 18 17 36 56 22 22 26 17 19 78 47 19 32 51 92 33 16 53 59 22 72 48 88 42 42 27 56 65 89 72 1 96 45 22
4186 22 1173 22 14 40 99 12 10 31 62 72 22 94 39 26 8 49 100 79 96 87 72 90 65 91 97 30 79 69 30 74 65 3 47 78 94 46 89 76 3 96 64 75 56 64 74
4187 22 792 86 12 12 58 53 29 49 58 30 17 39 55 34 93 2 11 47 52 88 74 54 65 22 1 80 96 56 43 21 42 33 51 6 13 50 7 31 75 60 85 8 4 19 89
4188 22 1104 84 22 28 57 75 92 79 27 71 26 83 65 99 76 78 28 95 27 34 16 9 9 27 93 16 30 31 86 70 14 7 97 23 33 40 1 60 62 94 26 76 21 48 58
4189 22 1227 98 76 52 76 9 19 84 69 45 28 37 26 58 22 95 72 81 91 94 65 82 46 76 43 75 21 21 51 41 20 60 90 64 65 56 82 24 27 28 60 85 34 99 8
4190 22 931 66 41 53 30 23 50 58 17 25 78 89 27 19 9 86 8 3 1 10 83 76 34 61 55 45 12 92 30 99 95 51 4 77 25 5 34 41 29 11 30 7 81 38 45
4191 22 1047 41 92 45 17 2 27 92 87 87 47 83 51 38 65 12 88 59 14 43 87 48 72 31 28 35 12 67 1 79 7 44 75 75 45 54 19 40 65 66 42 30 6 93 40
4192 22 1179 19 36 79 9 35 2 91 62 36 2 96 3 54 26 61 97 53 36 94 6 76 45 70 93 39 75 74 44 66 14 44 22 88 97 12 2 33 65 49 87 75 99 67 27
4193 22 963 86 60 32 91 87 28 60 80 18 86 5 61 70 75 10 65 48 50 62 12 51 46 76 99 46 25 82 64 68 23 34 58 9 14 40 31 7 45 92 11 14 18 73 31
4194 22 1035 65 22 92 76 72 37 4 22 20 1 47 1 64 49 38 83 78 98 48 99 90 78 5 34 21 68 99 38 40 29 55 61 82 84 8 85 79 37 3 80 52 52 89 86
4195 22 791 28 39 33 78 10 35 13 83 2 63 72 93 92 26 5 15 8 88 23 44 44 1 81 99 32 32 50 83 73 35 62 11 19 40 90 80 74 2 27 64 34 19 7 11
4196 22 1012 23 22 18 62 96 14 57 48 46 55 80 29 56 14 1 90 75 63 60 66 52 40 39 5 17 69 86 87 27 97 61 48 66 22 43 79 31 43 76 37 22 5 93 87
4197 22 908 57 34 61 20 94 27 23 85 17 28 85 86 48 23 72 26 19 33 74 36 6 68 67 36 10 42 25 83 98 17 69 55 2 30 26 47 8 48 31 76 27 68 90 33
4198 22 781 52 60 65 77 47 70 44 13 58 6 7 82 88 4 50 9 10 3 90 35 2 97 35 32 24 61 51 37 39 92 69 90 3 85 18 50 6 61 14 15 20 48 76 97
4199 22 827 66 85 52 55 20 53 3 6 36 26 39 62 56 30 82 97 33 66 14 34 24 75 99 38 44 19 86 1 46 34 30 85 1 89 22 6 77 48 15 61 31 44 43 28
4200 22 839 28 60 41 13 83 67 12 21 11 82 58 11 27 91 77 8 96 61 68 70 18 44 17 93 29 24 2 71 51 81 31 91 94 65 10 57 37 20 38 94 82 16 23 64
4201 22 1098 6 35 31 75 53 75 43 45 84 71 68 37 94 18 18 76 61 63 40 70 71 77 89 8 22 22 75 58 80 97 73 37 32 56 63 36 82 57 65 79 2 72 69 71
4202 22 1038 99 29 85 39 50 55 67 38 14 40 12 88 91 36 22 79 19 29 41 6 10 49 86 27 27 37 80 51 5 2 49 34 38 39 83 92 57 73 97 84 96 46 26 83
4203 22 1084 19 56 54 100 48 59 9 96 96 87 22 32 18 72 37 19 73 22 56 11 99 68 80 7 16 15 61 92 31 47 90 30 46 100 91 41 77 15 79 47 38 67 65 10
4204 22 984 40 73 73 96 71 40 27 78 55 94 31 67 85 19 97 84 60 79 29 60 69 70 7 97 36 85 43 73 4 60 35 43 32 7 90 2 98 17 52 10 14 70 46 84
4205 22 1022 18 29 44 96 58 55 16 79 61 13 14 97 7 38 66 72 95 49 78 84 51 27 52 33 13 98 99 59 82 17 39 25 12 48 79 80 91 92 43 87 50 81 68 4
4206 22 1089 85 16 34 68 18 60 72 3 90 84 88 94 81 4 57 68 84 35 47 62 77 90 4 16 39 36 6 58 40 90 74 25 91 84 80 93 73 16 45 61 9 25 16 45
4207 22 1156 82 83 29 68 81 90 97 70 45 12 61 81 17 18 72 6 91 96 14 34 31 46 78 4 22 16 69 99 83 66 32 66 94 51 98 35 47 68 79 10 28 11 35 88
4208 22 881 29 1 21 60 46 50 15 6 24 30 26 22 64 91 5 81 36 55 79 70 54 46 1 63 73 11 93 69 45 27 56 73 27 76 84 72 78 98 77 1 3 22 43 45
4209 22 988 78 23 81 32 1 50 37 98 50 52 22 13 44 91 9 70 46 81 49 74 17 72 51 14 93 3 24 87 99 1 79 84 62 29 21 59 30 24 94 67 23 2 88 68
4210 22 873 35 36 41 51 8 43 64 8 45 8 62 68 94 60 20 55 39 56 16 19 28 26 51 58 17 80 47 4 81 92 40 83 58 79 6 19 99 100 30 18 68 25 21 38
4211 22 1054 52 98 38 2 56 83 70 87 81 26 86 14 17 78 96 19 12 94 76 90 46 40 51 75 58 56 95 82 28 84 25 73 87 32 7 9 71 88 34 56 1 2 85 96
4212 22 1146 20 96 90 47 38 41 92 77 91 18 86 46 64 20 73 48 5 49 43 33 27 51 3 66 36 10 66 37 95 13 8 90 54 54 79 94 97 56 84 67 93 29 30 12
4213 22 775 53 29 16 2 1 11 34 79 13 88 44 49 97 61 37 91 73 45 33 27 50 11 20 47 18 4 65 11 84 94 22 37 75 90 38 75 23 5 12 10 48 12 6 8
4214 22 1045 49 49 32 45 81 58 94 91 78 92 9 33 56 19 16 2 92 52 76 33 41 2 15 6 96 24 53 7 82 12 7 82 43 51 62 53 45 4 30 36 12 14 93 26
4215 22 1171 33 20 58 25 21 42 40 78 89 15 82 47 48 93 54 29 87 4 42 39 46 20 88 9 85 31 43 66 75 68 98 94 77 74 66 70 65 43 32 24 5 31 68 58
4216 22 913 12 54 13 53 45 65 50 64 52 59 49 82 53 14 56 72 63 1 48 88 66 18 8 75 36 83 31 66 40 77 55 53 30 99 69 79 15 20 89 15 41 80 94 60
4217 22 1051 12 81 25 29 85 32 55 72 66 38 38 15 77 14 69 81 95 20 49 26 34 20 72 7 79 31 70 72 90 81 4 66 61 41 68 12 14 5 28 81 15 49 62 86
4218 22 1017 53 34 52 52 57 10 30 88 79 53 29 60 8 95 72 48 43 39 12 57 60 36 76 26 84 41 87 51 54 24 55 87 75 6 44 84 35 83 15 39 63 26 47 57
4219 22 1045 97 46 52 88 57 60 82 69 47 57 46 31 49 32 33 3 56 88 89 82 93 84 18 80 66 32 70 29 9 68 37 5 14 40 92 22 51 26 42 98 34 88 28 83
4220 22 890 71 12 85 78 99 73 60 44 9 29 23 74 12 44 54 20 43 24 77 82 68 98 33 93 40 82 26 27 8 49 20 44 27 71 69 38 14 77 66 88 2 77 83 56
4221 22 982 96 94 50 71 70 31 90 20 15 82 59 48 60 37 56 19 85 28 63 11 31 100 7 65 2 8 41 84 88 30 64 59 99 47 48 18 13 82 28 61 16 68 11 1
4222 22 864 47 25 63 96 55 63 10 13 79 63 73 20 39 7 28 55 17 26 1 65 96 65 46 23 77 38 91 45 48 91 5 39 19 48 44 98 11 68 69 9 6 27 36 60
4223 22 940 44 13 12 8 8 29 5 83 42 73 49 41 15 92 65 71 30 96 90 29 39 39 58 7 99 15 85 34 27 28 47 38 87 6 18 91 40 23 84 12 23 25 78 66
4224 22 1158 41 49 95 36 90 76 26 80 66 35 38 65 50 22 76 50 48 65 36 54 83 79 45 57 62 9 79 38 86 45 91 66 27 66 44 6 84 30 17 49 6 18 97 71
4225 22 875 5 2 83 46 61 45 6 91 34 92 87 64 29 78 82 8 95 77 13 78 60 77 37 76 26 42 45 74 64 49 27 20 32 72 28 78 23 61 21 9 77 1 38 58
4226 22 846 8 33 34 73 62 39 32 91 27 59 16 69 3 41 84 51 67 4 90 35 61 19 9 74 39 70 50 40 7 59 99 91 92 71 5 82 2 95 60 62 29 14 64 65
4227 22 1032 68 67 50 9 54 11 28 14 36 66 83 37 57 90 95 56 32 38 78 36 71 80 30 79 91 43 59 5 44 23 21 63 41 70 72 46 51 60 19 16 42 55 25 83
4228 22 986 1 32 67 38 9 2 40 84 39 31 26 50 87 22 24 7 36 16 28 59 62 60 73 78 77 66 85 1 84 67 75 44 20 35 55 25 66 33 52 54 49 10 41 17
4229 22 997 37 100 78 48 60 2 26 36 19 62 88 19 46 71 85 72 67 57 6 50 11 83 15 43 8 18 48 57 79 89 73 15 40 2 99 55 92 35 53 74 50 97 28 22
4230 22 1127 63 84 79 12 95 13 78 89 21 47 37 29 25 25 53 39 64 6 5 14 60 96 84 48 74 27 50 22 55 71 90 1 47 36 14 76 86 22 61 14 46 37 66 36
4231 22 1015 52 71 41 65 82 36 65 65 36 90 92 85 11 46 7 94 87 59 23 72 67 99 9 88 22 85 99 87 20 50 60 66 90 48 30 55 83 19 46 19 81 43 25 26
4232 22 963 81 83 17 55 7 35 5 15 74 15 89 58 65 75 30 14 36 89 80 25 88 61 31 22 32 28 40 12 22 16 90 3 51 6 9 9 93 14 23 66 63 76 45 38
4233 22 918 5 58 25 45 89 1 33 2 32 6 11 98 96 33 13 85 87 15 43 95 23 35 60 98 52 40 27 84 49 31 93 73 76 34 74 60 35 57 17 19 67 14 14 51
4234 22 1045 79 51 37 93 93 84 68 79 43 65 30 34 76 9 69 25 39 62 49 66 47 74 77 81 82 94 51 49 7 64 66 88 58 23 97 88 17 13 18 51 40 78 19 64
4235 22 1062 68 32 65 34 30 90 62 62 72 55 12 72 14 28 74 50 93 13 31 3 35 79 90 4 91 59 54 31 36 24 46 4 8 62 89 37 4 50 99 27 57 62 50 22
4236 22 949 89 23 23 34 36 54 22 32 25 25 75 36 30 57 71 6 54 26 65 68 14 1 16 51 49 24 98 45 53 20 19 86 7 72 73 81 56 50 5 82 85 87 90 7
4237 22 1054 92 95 33 56 62 98 8 84 65 11 32 40 75 29 36 79 1 55 17 59 78 89 39 85 90 96 18 74 82 7 73 2 28 15 66 87 99 31 97 30 70 23 11 6
4238 22 824 54 63 60 70 21 89 10 12 74 100 7 91 73 88 50 57 3 73 39 17 77 67 69 26 49 90 48 59 47 1 58 22 45 47 32 56 20 31 14 62 55 1 11 12
4239 22 1031 12 13 36 2 82 74 79 48 94 4 96 36 3 6 56 78 40 77 75 38 8 30 9 90 44 70 97 96 33 60 95 9 78 21 39 78 14 94 73 1 31 83 52 60
4240 22 1020 22 80 34 11 40 64 19 29 59 88 77 54 72 36 13 69 83 74 98 3 12 75 68 58 69 54 82 3 57 41 76 36 75 86 27 38 4 56 48 43 84 53 15 20
4241 22 872 66 83 54 39 32 8 2 7 27 59 58 47 64 39 49 72 79 24 60 53 9 86 42 64 41 41 7 77 94 21 48 11 55 1 1 86 44 86 13 1 33 28 91 81
4242 22 948 22 57 59 26 17 44 68 81 37 60 39 13 53 59 12 63 13 12 15 98 71 17 94 56 81 94 40 8 73 59 58 81 69 83 97 65 2 29 1 62 67 65 66 77
4243 22 1013 76 81 89 39 95 39 61 63 32 68 43 77 8 3 13 32 22 12 82 5 60 46 6 89 98 19 7 14 85 84 41 65 24 79 11 14 91 74 97 58 68 74 17 22
4244 22 883 38 48 35 12 59 68 16 19 13 73 62 44 65 75 28 100 67 44 24 97 6 37 87 79 34 44 99 59 61 20 48 60 19 73 74 89 37 99 47 98 42 63 21 63
4245 22 877 90 16 38 86 21 74 72 52 59 68 2 69 80 73 17 39 79 75 9 3 1 97 92 51 95 89 10 65 64 72 54 31 61 92 3 86 15 54 45 82 55 13 13 28
4246 22 963 81 52 58 56 60 12 56 57 3 6 92 49 12 8 64 35 13 94 95 4 96 81 19 2 77 52 8 89 65 35 70 68 44 77 27 56 84 35 41 90 1 89 4 36
4247 22 1047 21 97 82 76 44 62 46 45 38 98 53 79 14 39 81 35 76 59 90 59 94 99 51 83 91 35 59 94 22 31 42 4 7 85 65 52 30 55 1 34 85 66 72 84
4248 22 1080 46 58 59 57 47 69 50 98 19 84 49 9 18 7 54 92 90 95 95 48 79 11 51 60 65 4 93 49 69 17 84 67 74 94 23 73 14 72 70 84 7 18 44 76
4249 22 870 76 97 67 17 91 61 64 22 24 15 81 40 18 26 41 38 42 24 4 67 26 91 31 49 60 15 55 29 10 83 5 7 49 21 62 37 70 85 3 3 72 28 16 9
4250 22 822 21 40 13 39 57 90 30 39 39 89 5 45 18 15 79 74 73 80 46 21 93 82 43 77 36 45 4 7 72 20 16 44 59 80 82 67 11 57 14 56 69 80 34 94
4251 22 966 52 13 39 24 5 73 66 33 8 10 37 15 33 8 82 76 13 58 32 33 20 40 44 19 53 99 84 32 83 49 23 7 95 24 90 54 86 78 18 85 46 2 65 55
4252 22 1113 33 98 74 72 93 45 77 43 83 8 26 67 91 26 89 49 35 24 72 88 9 1 8 79 85 60 24 86 78 70 51 93 18 95 69 60 30 29 37 96 71 15 84 19
4253 22 1023 97 70 94 68 57 3 20 16 81 4 28 56 41 4 33 62 35 6 98 30 27 9 11 55 6 25 95 7 10 88 26 66 90 45 34 22 61 77 92 16 5 96 96 11
4254 22 878 45 77 37 5 87 91 1 44 15 64 84 9 22 93 96 100 10 38 43 11 48 55 40 39 69 47 6 13 23 94 61 84 70 4 50 85 39 10 31 57 5 93 94 1
4255 22 1172 87 57 48 94 96 38 15 47 33 84 94 90 68 83 17 29 66 38 84 67 74 23 76 79 5 33 36 97 78 88 34 87 77 81 24 43 80 9 73 98 92 33 46 20
4256 22 1214 98 83 56 17 8 78 92 86 82 24 73 79 54 60 14 39 42 72 22 84 51 82 75 31 91 66 63 36 86 13 70 41 29 77 72 14 48 87 81 1 46 39 96 87
4257 22 1110 62 69 23 12 2 36 86 32 26 52 95 61 89 59 30 81 87 6 50 10 19 52 57 57 85 57 55 30 48 2 69 9 70 91 73 71 78 58 54 3 61 48 15 49
4258 22 1113 58 96 81 96 1 30 6 71 34 62 80 70 71 34 99 70 87 19 30 56 61 2 78 38 12 31 92 72 31 58 73 88 53 53 36 5 35 41 76 20 54 7 89 76
4259 22 891 92 39 45 78 58 27 85 18 80 62 8 91 44 51 15 26 9 87 14 61 39 1 66 25 41 93 46 99 32 22 90 71 18 19 3 49 24 64 56 66 59 59 67 66
4260 22 1000 50 27 57 50 44 81 42 88 25 87 86 56 8 27 78 26 45 57 21 47 58 44 62 65 73 23 41 57 89 7 6 68 15 7 63 95 48 51 19 34 88 27 94 15
4261 22 964 56 71 11 65 91 10 22 87 23 86 48 95 61 88 3 49 46 60 68 60 66 31 55 65 81 25 51 68 44 34 45 75 6 48 94 28 85 41 25 46 78 85 13 38
4262 22 1084 2 43 44 67 75 20 17 43 12 76 85 77 72 11 84 77 58 78 57 42 70 79 87 2 55 32 80 91 96 69 93 39 64 11 13 83 79 7 9 90 35 93 18 6
4263 22 852 3 53 35 60 30 91 54 52 21 92 53 27 23 32 18 18 62 8 63 72 73 98 2 31 6 43 65 51 60 23 5 64 9 17 94 99 70 45 71 61 49 97 81 14
4264 22 927 4 32 27 64 95 98 88 44 51 18 1 93 83 51 57 8 68 65 24 13 15 93 9 85 5 57 81 91 37 95 94 69 21 9 71 96 58 73 14 58 66 48 61 21
4265 22 1101 4 68 88 68 43 100 82 87 8 66 91 65 98 33 53 92 26 21 65 35 87 87 96 59 95 6 76 42 66 97 45 85 36 64 27 36 97 13 14 55 11 12 16 55
4266 22 921 64 88 19 50 75 57 32 70 68 26 95 20 92 91 16 76 79 80 54 14 76 18 60 90 24 23 1 62 38 55 26 25 27 99 34 58 21 53 36 95 48 7 39 90
4267 22 894 22 66 68 1 20 33 29 89 93 70 13 67 70 26 4 76 51 28 53 30 79 39 39 51 91 26 45 90 32 83 80 54 1 47 6 20 34 60 24 3 90 24 50 45
4268 22 1089 52 52 24 56 81 2 94 20 4 37 97 49 26 29 83 5 82 83 39 54 35 73 66 58 27 89 99 3 38 43 54 90 61 22 20 7 93 23 43 90 23 20 70 58
4269 22 1067 77 3 92 80 41 98 14 13 63 23 51 21 94 41 99 82 80 59 3 51 65 48 74 59 89 48 79 58 5 55 60 49 34 100 46 99 8 21 56 58 1 98 55 99
4270 22 999 79 34 57 34 37 74 81 10 32 69 9 10 78 66 64 37 14 49 36 59 47 52 18 19 7 75 59 7 25 65 55 99 88 87 87 20 96 70 40 56 80 17 21 95
4271 22 891 53 86 44 41 42 92 61 61 51 88 71 57 12 36 14 18 86 79 6 72 17 25 19 86 65 74 33 47 32 7 78 28 48 69 88 8 27 79 28 90 93 8 23 65
4272 22 1080 22 39 41 40 76 5 13 93 90 11 4 27 43 10 70 9 72 9 17 43 36 47 77 12 66 84 62 88 83 78 74 53 97 38 86 49 12 91 61 15 60 70 39 20
4273 22 809 38 33 7 36 6 84 47 71 19 60 10 19 94 87 11 67 39 7 4 88 93 52 87 56 42 100 71 53 21 61 25 58 31 45 50 66 43 20 37 2 29 7 95 15
4274 22 916 17 13 5 23 16 92 67 20 31 23 61 82 45 66 2 5 42 11 49 72 55 98 90 97 69 26 98 97 32 44 63 48 56 19 22 23 89 42 11 55 26 55 72 27
4275 22 821 11 13 37 59 36 43 8 25 39 76 50 88 72 33 31 86 32 38 4 54 12 18 42 54 62 4 87 10 79 65 20 43 53 30 78 95 3 85 35 37 54 20 68 43
4276 22 977 75 73 55 93 66 8 6 69 67 93 30 45 9 1 87 62 16 8 18 18 93 81 74 16 15 62 70 86 81 12 61 54 5 19 25 10 40 91 54 69 63 22 76 51
4277 22 1027 41 35 21 10 27 1 83 43 16 96 64 53 77 27 13 30 93 69 69 31 39 60 84 60 46 98 81 23 25 83 63 60 55 24 38 56 59 32 23 54 95 75 30 22
4278 22 944 40 59 66 8 11 34 90 49 45 74 60 43 23 92 65 48 27 79 59 81 2 96 36 60 28 10 14 74 85 95 47 24 6 12 83 16 98 73 16 94 76 36 72 19
4279 22 995 52 71 45 82 29 78 36 77 65 47 56 75 12 29 11 7 76 86 39 68 27 36 92 42 82 41 69 17 13 40 21 83 54 12 89 40 30 36 95 4 47 23 66 5
4280 22 1064 50 51 16 89 70 94 24 14 36 5 54 56 74 66 95 46 1 83 99 64 88 3 75 97 79 73 71 44 78 21 46 93 9 16 39 84 29 74 41 82 81 66 28 11
4281 22 828 10 61 15 56 17 32 74 65 62 99 35 58 76 7 3 20 18 58 51 46 83 91 80 16 56 31 95 18 82 4 78 96 11 30 12 94 28 56 1 14 13 28 21 67
4282 22 684 35 85 57 37 82 92 27 61 7 34 43 1 3 24 56 81 19 18 10 82 12 64 9 19 17 23 83 96 49 95 29 33 4 66 67 95 44 79 53 78 22 5 32 45
4283 22 1053 12 12 64 29 73 45 92 89 6 10 57 80 44 52 22 93 99 2 77 2 19 43 48 63 52 92 43 56 23 87 87 2 47 11 91 51 4 100 59 83 96 11 56 88
4284 22 1050 61 9 64 14 28 59 42 80 85 74 19 59 12 89 97 14 35 60 25 10 67 77 69 49 72 31 56 11 43 64 74 56 84 16 63 31 20 88 49 79 89 27 13 23
4285 22 909 86 76 48 42 28 68 42 99 98 49 61 40 12 86 47 55 70 62 90 32 92 10 20 92 40 71 32 66 35 54 52 10 5 99 3 32 18 96 82 15 44 42 6 55
4286 22 1096 28 52 61 49 65 3 80 8 12 51 51 3 73 82 68 7 87 71 16 44 21 70 75 38 9 4 60 50 15 29 64 27 77 28 29 9 92 11 89 94 84 22 62 90
4287 22 1045 61 32 58 4 5 27 30 42 44 38 46 3 40 6 69 68 70 48 97 49 76 57 88 68 67 28 13 2 50 74 62 58 1 65 79 94 55 74 32 100 29 71 90 27
4288 22 893 44 38 27 72 94 14 91 13 42 3 66 43 29 9 56 38 61 20 99 92 65 53 17 48 5 45 70 62 12 40 37 49 60 95 32 50 7 73 24 67 33 85 22 70
4289 22 909 45 93 20 88 9 24 5 57 28 49 26 41 42 37 80 79 38 98 90 32 29 40 53 44 13 19 97 92 49 94 36 68 33 44 43 37 23 38 78 63 79 66 95 9
4290 22 904 3 92 99 34 20 90 75 72 85 88 42 12 36 85 12 81 79 14 15 21 2 15 43 39 44 58 70 9 52 30 80 97 14 69 72 85 5 11 78 68 46 62 33 57
4291 22 985 44 47 30 45 61 24 36 56 33 57 65 84 86 76 78 18 72 91 38 43 27 43 53 4 10 51 17 41 29 49 49 72 96 78 68 8 54 55 64 38 11 28 74 49
4292 22 1255 55 51 66 78 94 3 73 72 97 77 28 59 79 44 99 59 45 47 30 92 77 50 82 4 14 19 67 93 92 15 47 95 32 77 40 34 49 63 83 77 90 41 56 86
4293 22 1066 91 14 30 89 96 21 65 45 71 98 85 69 66 77 60 80 76 6 11 4 97 97 52 60 31 28 1 23 35 86 13 49 15 1 44 87 18 88 58 15 87 42 83 5
4294 22 926 70 95 84 97 52 47 1 95 3 60 25 83 60 47 17 98 11 65 12 11 99 80 47 8 86 1 81 42 22 27 19 31 23 70 31 17 90 41 59 1 39 27 98 49
4295 22 945 44 62 12 3 91 2 19 89 39 19 70 80 40 96 56 10 26 79 32 8 47 8 49 88 66 50 92 99 27 35 38 90 23 28 93 17 29 63 8 3 85 63 64 11
4296 22 998 93 95 18 40 54 19 79 19 68 56 63 18 82 49 30 19 38 4 99 28 97 15 8 59 4 15 13 88 29 50 22 75 20 13 91 47 57 47 61 74 28 10 55 99
4297 22 882 47 11 97 27 7 63 34 17 66 1 82 5 30 10 55 3 84 74 16 64 11 58 63 19 4 23 44 84 32 99 31 9 9 67 94 35 61 46 68 65 27 77 19 30
4298 22 1038 13 44 97 76 6 54 38 24 10 13 68 93 96 18 26 26 78 7 86 44 50 80 30 10 25 98 74 52 45 33 88 29 66 94 34 55 69 43 67 36 35 63 53 12
4299 22 1032 40 30 18 26 25 67 57 7 76 33 4 2 36 81 46 20 19 33 48 36 78 34 90 47 9 82 63 23 87 26 62 68 44 39 93 62 47 99 80 54 91 15 34 36
4300 22 1066 35 4 20 34 91 98 19 33 96 47 41 29 61 63 15 86 76 83 81 15 27 43 77 32 92 82 74 59 67 61 45 71 32 78 49 93 95 85 5 55 47 71 40 75
4301 22 1149 5 73 89 83 15 1 59 98 93 92 71 51 83 95 29 14 24 41 95 72 86 70 18 70 26 72 69 97 64 43 53 36 36 2 94 99 75 38 21 25 96 3 76 68
4302 22 1042 95 16 62 66 1 84 84 23 61 7 91 9 22 85 9 67 97 10 49 42 60 76 79 80 52 74 34 23 2 17 17 15 69 98 11 76 33 19 80 58 83 76 67 84
4303 22 1074 70 79 59 48 58 62 74 44 84 74 97 100 90 11 34 59 61 2 1 71 29 34 89 78 50 21 35 85 96 53 20 17 83 30 17 93 91 90 36 75 15 32 5 94
4304 22 961 59 15 6 61 15 76 41 48 17 18 50 37 4 86 84 9 5 1 91 34 83 76 58 70 72 53 76 28 47 34 42 52 46 9 80 87 56 96 57 84 12 42 67 72
4305 22 1026 98 67 14 31 35 49 59 92 18 8 64 23 83 91 21 69 85 72 66 93 3 4 48 50 60 57 33 23 46 96 78 53 7 36 44 77 96 7 99 30 50 19 34 42
4306 22 1003 16 26 97 19 25 46 30 81 79 4 31 78 49 78 95 8 7 47 66 43 43 94 90 1 92 19 50 62 21 35 56 36 60 52 6 37 36 17 27 91 99 56 40 76
4307 22 1061 3 99 83 1 64 77 43 10 66 44 53 36 45 15 56 80 22 43 91 25 49 27 73 36 96 52 26 94 7 65 70 61 15 4 62 31 80 56 40 97 51 92 84 96
4308 22 1143 58 40 27 79 82 17 55 30 44 28 65 91 31 43 84 37 7 5 50 74 60 11 4 91 66 43 87 69 86 71 64 44 62 90 74 43 81 25 53 8 41 43 90 83
4309 22 1079 79 78 42 35 27 15 95 37 70 85 55 64 72 23 49 94 38 44 18 49 36 98 25 89 57 18 83 46 52 61 23 93 96 2 59 90 80 26 44 43 92 42 7 35
4310 22 872 48 85 4 49 73 1 13 9 42 95 6 94 8 81 38 55 82 49 96 71 28 21 67 71 70 36 62 11 43 48 11 79 52 59 51 4 83 63 65 25 10 70 17 2
4311 22 986 7 23 83 55 18 6 35 38 72 5 70 1 65 80 80 68 90 30 45 36 48 54 57 17 22 59 24 44 93 30 61 50 64 50 73 20 9 80 37 78 32 54 11 21
4312 22 1075 98 93 92 21 37 79 69 42 88 85 15 98 60 58 90 42 70 92 57 71 64 77 79 95 13 56 27 18 16 37 39 65 29 82 86 17 54 58 72 97 2 81 38 43
4313 22 860 2 29 51 73 93 27 3 87 92 11 13 9 26 2 47 91 30 81 76 99 81 56 22 80 40 23 60 77 17 14 6 68 38 50 46 40 36 37 50 1 44 18 83 76
4314 22 1048 45 81 68 77 89 11 98 68 2 73 79 79 41 92 36 8 81 85 6 21 72 42 70 72 39 97 25 83 66 8 10 10 88 78 38 76 40 36 95 42 60 74 17 7
4315 22 962 60 98 43 65 70 14 6 91 38 45 40 62 79 5 69 40 67 9 4 36 9 91 31 2 50 56 73 2 24 31 61 73 25 77 42 38 82 85 27 78 89 8 80 57
4316 22 785 48 46 17 16 2 53 76 44 35 77 46 42 1 47 65 83 59 38 7 35 31 97 16 15 23 46 90 11 5 70 20 4 67 88 72 20 40 47 64 26 61 67 28 7
4317 22 1078 84 11 65 73 69 99 55 65 66 22 88 63 11 50 20 32 23 99 57 94 70 48 93 85 26 20 45 44 47 51 27 9 67 99 78 65 6 94 83 27 81 97 37 83
4318 22 934 16 69 3 39 19 11 84 88 59 76 73 36 95 17 79 94 20 6 2 86 56 31 61 25 37 87 57 33 76 39 49 44 94 39 14 4 22 1 50 25 44 94 28 37
4319 22 937 65 85 91 50 92 21 4 53 97 92 54 25 66 44 25 61 37 63 26 41 36 79 85 3 55 81 48 34 69 12 18 59 14 9 32 17 13 28 61 4 33 85 21 77
4320 22 1126 61 34 65 75 59 57 10 37 63 47 92 17 79 39 50 47 3 19 58 16 27 89 84 92 68 44 95 53 80 67 81 92 52 45 66 11 2 28 99 16 26 90 32 4
4321 22 1108 81 33 50 83 51 7 98 29 47 81 20 67 77 66 19 56 85 99 48 36 95 65 46 96 92 45 11 17 86 94 66 78 22 48 28 28 97 9 27 78 80 93 6 46
4322 22 1105 11 61 82 61 60 17 55 25 15 3 68 11 65 37 96 59 56 62 36 77 61 16 57 58 24 35 87 3 27 92 89 4 81 1 16 50 92 64 59 74 22 95 69 32
4323 22 1016 3 82 19 31 95 34 39 4 9 73 90 64 99 33 15 39 88 48 55 97 94 46 60 2 57 33 75 3 1 58 5 35 77 88 29 62 26 32 71 99 73 86 49 57
4324 22 876 88 96 47 78 51 95 23 48 54 77 4 86 7 39 9 63 25 37 50 53 98 28 36 20 26 60 57 26 68 9 65 63 43 13 2 65 13 55 93 16 41 44 74 31
4325 22 969 4 37 55 92 38 59 89 65 46 61 90 5 17 68 72 25 32 34 74 99 33 91 11 39 83 78 31 78 52 61 40 67 24 77 25 65 42 70 77 83 45 50 97 70
4326 22 874 82 83 53 7 33 37 49 95 75 32 72 6 61 75 18 46 14 85 21 91 9 85 32 31 13 14 56 58 16 53 79 97 87 31 55 19 19 4 45 35 36 2 47 11
4327 22 832 20 92 76 56 13 66 16 49 49 46 14 15 2 71 30 6 78 92 31 32 10 1 35 74 45 21 61 99 68 23 18 11 99 25 75 16 40 76 65 38 41 31 39 11
4328 22 1185 12 96 11 89 87 93 72 48 93 7 73 89 79 33 98 56 56 9 54 80 35 21 62 85 9 2 67 99 64 78 94 74 66 32 18 38 31 62 96 3 51 74 89 72
4329 22 1087 42 45 32 47 76 66 68 99 80 4 7 81 71 57 45 48 50 70 66 33 88 55 63 49 17 51 75 4 40 46 97 36 29 44 47 63 62 26 18 20 58 88 77 2
4330 22 910 88 78 24 53 11 11 7 25 8 42 62 82 97 53 80 93 2 6 15 31 20 35 89 7 42 46 65 98 50 27 56 75 38 15 68 99 49 64 3 80 90 39 48 43
4331 22 984 45 49 58 75 68 92 15 27 54 9 72 93 73 22 43 52 29 69 89 44 88 39 92 3 41 71 10 82 9 57 24 5 33 32 77 76 46 3 6 27 74 31 48 68
4332 22 1026 82 76 36 70 71 23 60 14 77 100 86 33 45 95 8 1 4 41 32 80 16 30 83 97 35 61 70 65 37 46 87 24 67 58 98 26 74 77 7 11 9 3 57 17
4333 22 972 55 60 9 87 40 76 16 74 72 50 34 93 67 45 81 12 31 4 79 88 53 56 11 26 33 69 89 93 23 45 77 5 69 63 44 45 30 69 68 80 54 61 46 98
4334 22 1062 41 9 28 97 39 68 49 95 78 27 79 98 15 71 20 59 32 96 11 10 96 40 64 71 31 76 68 80 77 8 67 27 65 13 56 91 91 53 57 62 24 67 93 71
4335 22 920 82 44 81 91 40 73 21 3 43 3 30 11 83 97 39 42 13 57 68 77 70 23 19 60 27 75 73 50 41 17 20 74 61 1 65 52 25 85 6 67 87 35 29 21
4336 22 1023 31 19 62 43 76 29 71 97 3 89 56 29 15 81 78 56 97 50 81 57 2 45 60 26 65 92 20 99 73 40 82 91 18 82 47 14 85 35 22 65 43 9 50 92
4337 22 1043 89 59 93 34 18 18 14 83 61 85 33 33 25 14 76 26 90 93 59 88 43 74 80 8 75 33 2 83 82 45 72 40 57 58 58 22 92 70 7 24 3 31 30 8
4338 22 1052 31 22 66 70 32 61 43 63 20 18 95 73 52 29 17 23 57 31 77 14 53 20 83 59 96 37 89 37 48 67 40 13 36 23 25 78 86 44 47 32 16 99 60 84
4339 22 918 73 80 40 4 8 5 56 28 66 75 28 6 11 46 53 77 37 17 64 59 42 93 44 37 92 76 5 42 35 40 14 66 32 69 74 36 76 53 27 41 55 46 89 100
4340 22 1086 50 65 36 67 80 94 60 72 90 48 15 65 4 56 51 44 22 69 75 90 94 62 18 46 89 58 24 43 56 12 57 28 29 75 59 74 86 82 63 34 97 79 52 82
4341 22 882 32 73 50 58 15 43 20 32 40 60 41 63 2 48 26 95 57 5 75 31 63 48 17 44 92 93 90 96 74 74 68 23 31 34 56 61 58 70 14 57 47 60 13 51
4342 22 765 34 44 65 34 12 61 48 13 52 40 54 99 14 27 67 88 10 52 5 11 69 12 24 78 82 37 80 97 47 83 42 47 15 5 59 14 17 63 22 61 1 79 31 10
4343 22 1106 72 51 22 47 28 55 84 61 86 32 59 68 13 52 67 80 56 25 93 24 87 46 46 100 64 98 78 70 7 60 31 30 10 4 77 37 12 50 96 95 60 63 81 38
4344 22 1069 19 6 83 43 44 80 40 95 96 37 73 65 95 84 47 24 94 51 52 82 60 15 31 7 9 91 22 68 54 2 57 72 7 39 14 3 71 5 97 66 41 21 82 87
4345 22 882 5 28 63 50 78 66 31 90 81 14 96 89 56 17 8 61 19 65 32 77 55 98 25 2 28 90 95 48 71 81 4 99 53 28 61 36 17 41 1 65 33 89 68 3
4346 22 999 5 51 32 59 48 62 84 2 89 73 96 80 92 94 75 97 73 35 42 27 36 6 59 43 90 47 62 93 3 12 24 62 12 85 97 65 26 69 14 16 43 57 9 17
4347 22 969 5 34 3 88 75 81 32 40 17 73 86 30 65 41 42 40 2 5 77 98 69 54 18 32 19 34 74 75 94 91 27 45 71 53 26 46 84 65 62 57 44 73 85 65
4348 22 1131 43 41 93 92 9 46 10 92 64 95 65 90 88 7 73 67 52 44 19 29 89 55 2 63 94 45 87 88 81 51 82 73 95 74 40 35 24 55 29 89 97 68 21 86
4349 22 824 98 64 5 26 4 11 70 58 25 64 54 11 3 35 14 84 7 8 9 40 43 63 23 3 2 43 28 47 38 84 73 42 46 42 51 70 57 4 81 59 90 94 95 97
4350 22 954 1 3 88 100 98 2 6 72 57 59 14 6 33 94 52 23 77 24 16 23 18 66 44 74 69 24 85 59 31 7 70 33 46 21 82 99 78 54 55 89 19 60 21 12
4351 22 706 12 43 41 87 10 15 4 75 58 30 44 82 14 2 50 44 60 71 28 5 3 73 15 58 61 33 69 34 97 80 37 67 38 51 22 12 8 51 7 41 64 60 43 59
4352 22 1015 19 13 39 75 8 48 30 81 14 39 93 46 7 26 94 87 6 30 5 95 80 26 40 77 65 80 92 24 22 3 95 87 41 69 98 26 53 36 50 95 96 44 81 53
4353 22 1053 25 37 47 5 14 5 96 42 69 75 86 44 49 88 38 35 28 59 80 19 56 58 23 44 24 38 19 70 44 58 74 100 71 30 95 13 98 21 42 69 37 31 55 16
4354 22 1037 89 35 34 97 44 8 92 71 31 81 45 50 50 72 59 98 29 27 90 93 77 10 42 70 78 100 85 45 71 30 37 14 28 84 68 8 81 69 9 52 13 67 1 8
4355 22 1023 47 28 97 92 4 6 33 25 36 63 24 73 7 64 95 89 61 25 79 96 44 86 76 12 94 28 12 28 83 59 50 62 37 34 86 24 48 10 96 7 25 43 3 19
4356 22 1065 55 98 63 41 74 26 86 1 2 98 80 84 8 87 15 9 51 42 90 47 22 48 71 64 42 47 66 60 94 36 52 79 88 5 28 20 40 35 58 54 43 57 56 37
4357 22 1206 94 30 78 40 51 25 63 66 66 9 31 77 62 45 3 55 33 54 86 20 58 65 91 49 48 3 57 58 82 50 39 59 90 41 83 4 6 100 64 88 77 26 79 32
4358 22 1045 65 84 69 36 93 34 27 41 85 26 95 30 82 5 12 32 43 22 73 84 5 28 41 4 91 29 32 68 13 62 52 29 97 20 16 89 94 82 20 28 23 1 34 84
4359 22 999 27 55 8 62 11 35 2 67 78 82 98 45 46 60 96 26 56 68 42 97 72 35 30 65 54 57 87 7 41 72 67 78 80 89 88 33 55 65 4 10 12 63 57 90
4360 22 857 71 24 31 19 48 17 64 23 8 50 29 48 21 22 66 98 23 45 38 63 30 92 27 96 88 59 10 45 32 68 2 67 47 1 69 9 79 49 51 70 74 1 45 70
4361 22 1019 38 7 99 82 85 46 29 73 5 90 17 4 22 36 86 75 3 32 76 84 52 36 15 100 43 65 21 16 55 75 88 36 60 34 64 32 90 53 45 26 87 30 53 41
4362 22 788 13 28 25 64 63 39 5 55 36 73 72 52 62 78 27 49 38 34 28 21 75 32 20 72 10 6 53 62 47 66 89 23 29 3 44 59 19 79 83 90 30 44 8 45
4363 22 958 31 45 30 10 65 57 42 36 80 51 94 32 12 92 97 52 14 78 6 78 21 64 96 99 47 38 28 42 56 36 38 39 20 48 76 41 32 7 91 25 54 16 35 57
4364 22 1068 81 12 62 58 84 26 54 82 24 91 9 17 98 96 7 36 28 26 36 24 53 76 59 19 96 72 51 82 29 32 45 42 41 28 67 94 42 36 70 59 86 17 65 21
4365 22 965 44 42 56 19 94 84 78 52 2 61 99 25 11 81 5 94 77 47 35 5 13 80 65 7 68 86 53 3 81 73 98 22 17 67 64 94 18 17 6 68 41 16 48 98
4366 22 1030 10 77 44 96 81 8 75 97 14 42 83 30 94 37 62 19 86 35 51 54 1 66 99 70 82 4 38 74 20 37 71 81 13 14 76 45 22 2 42 87 17 89 64 78
4367 22 771 59 49 13 9 3 65 74 1 35 7 5 24 81 76 60 3 8 73 17 35 69 90 36 10 28 31 37 44 20 100 30 49 38 39 51 54 64 3 88 71 7 63 34 23
4368 22 917 57 41 47 25 75 15 14 11 77 94 93 13 37 12 65 62 94 13 51 32 15 5 17 44 69 76 7 71 9 81 28 2 27 52 76 93 18 38 11 31 34 99 98 13
4369 22 1156 87 62 15 70 76 71 17 44 85 71 73 8 80 5 81 31 38 8 75 7 46 44 69 28 77 20 26 32 60 87 29 14 97 57 35 82 28 7 89 59 11 75 91 93
4370 22 990 64 50 67 23 47 62 91 74 38 10 15 93 58 1 14 59 35 71 93 16 50 51 56 60 61 30 2 5 45 51 71 67 98 33 22 19 69 37 12 26 89 54 3 12
4371 22 930 98 25 4 65 26 6 20 85 18 1 38 22 45 88 44 12 85 28 21 8 50 39 76 38 2 54 78 55 17 80 66 56 73 30 81 78 1 17 95 1 54 16 42 60
4372 22 892 8 78 87 28 37 88 19 13 77 20 18 55 27 34 86 44 51 42 17 32 74 94 32 91 89 84 96 56 28 89 15 88 54 15 55 93 33 67 22 5 36 28 31 21
4373 22 1097 65 74 71 58 90 54 32 36 85 74 24 68 69 79 48 10 46 35 28 51 1 82 95 86 68 90 36 95 72 57 60 97 79 69 87 33 74 17 25 97 37 46 27 36
4374 22 869 55 24 22 82 26 74 15 21 59 15 40 100 3 35 71 59 46 68 37 14 6 69 66 79 38 90 27 26 35 5 13 41 81 86 89 78 70 55 18 69 57 4 92 15
4375 22 839 1 11 4 14 68 24 31 98 13 21 76 90 7 32 2 48 12 87 21 70 98 9 99 67 64 68 87 20 23 30 40 42 89 59 17 19 56 30 91 83 19 98 15 73
4376 22 887 45 78 11 65 47 8 26 98 41 17 13 60 40 42 98 62 34 91 50 92 8 21 37 11 82 7 48 79 4 26 42 21 24 49 46 21 75 86 38 39 97 29 80 47
4377 22 943 90 13 37 92 57 44 12 56 80 22 89 39 82 37 69 85 62 10 5 85 11 50 58 37 87 47 75 84 6 30 16 71 18 7 27 62 34 93 92 22 31 73 10 100
4378 22 744 9 71 14 8 19 15 17 7 2 63 81 37 89 87 18 4 35 11 96 80 20 89 23 41 71 95 3 70 4 25 31 69 32 1 83 100 8 84 88 72 26 89 58 34
4379 22 799 24 68 20 71 99 39 11 22 32 82 68 34 51 23 58 33 91 42 34 74 41 41 9 7 28 81 8 6 21 65 44 84 67 35 1 29 56 32 10 75 17 13 98 27
4380 22 1002 45 88 20 78 13 12 18 22 98 54 78 55 74 42 70 78 7 88 12 8 16 19 91 26 93 60 90 90 86 34 30 57 64 42 68 33 15 86 82 20 36 46 8 33
4381 22 927 15 85 39 54 48 98 69 66 89 46 59 100 35 100 85 21 29 93 36 23 60 68 97 2 61 11 37 6 19 21 20 55 73 3 9 93 68 49 26 48 25 78 32 97
4382 22 762 6 76 32 80 36 52 21 84 5 81 95 41 86 65 14 57 19 25 81 21 33 73 41 82 63 18 29 40 13 36 53 88 20 32 75 23 4 59 27 84 69 69 25 39
4383 22 1014 8 57 12 41 30 52 22 44 69 2 83 16 14 19 68 54 90 51 28 12 55 86 38 42 60 59 10 92 49 99 92 12 91 21 63 64 64 83 66 99 98 31 17 65
4384 22 774 36 58 68 64 21 22 1 10 11 43 69 69 4 12 63 95 15 5 67 29 82 12 86 80 9 16 96 26 5 93 25 66 19 86 76 13 7 97 17 70 52 72 32 46
4385 22 1034 87 89 12 15 57 45 78 42 25 87 9 72 64 12 77 8 30 53 73 1 39 100 13 97 96 81 66 47 53 50 44 91 38 7 94 52 35 87 76 73 47 47 36 11
4386 22 938 75 43 40 28 67 92 18 66 5 14 14 85 79 12 89 28 8 79 17 66 36 62 70 48 44 42 47 43 29 57 23 48 96 89 13 6 26 19 80 5 83 69 84 90
4387 22 934 47 1 55 34 62 24 3 62 19 96 60 61 24 16 30 46 15 25 86 54 90 92 49 15 81 71 44 49 85 47 7 92 68 15 35 81 83 40 46 6 27 4 22 3
4388 22 1270 89 27 92 32 76 7 94 56 77 89 56 83 74 54 65 86 57 31 21 89 15 3 81 12 60 87 90 15 93 4 87 84 62 42 80 69 19 69 24 1 42 77 58 63
4389 22 981 98 40 35 38 6 89 18 70 48 5 59 63 64 51 2 87 4 63 28 36 83 98 51 97 92 6 49 89 45 35 78 2 23 96 71 22 52 30 36 67 80 5 69 18
4390 22 1074 9 83 46 96 66 95 99 23 45 47 36 52 76 48 43 54 49 17 20 39 52 49 26 18 80 31 86 98 91 21 95 86 89 36 8 86 82 17 21 33 25 97 50 28
4391 22 932 36 50 47 26 1 47 4 70 27 34 8 76 76 28 70 61 13 10 96 72 95 77 40 16 61 17 64 40 65 19 23 14 18 1 66 64 35 90 89 42 69 86 33 96
4392 22 905 23 5 90 99 44 57 11 60 72 2 47 36 20 70 49 37 70 66 1 25 42 13 7 76 63 92 3 95 39 25 51 81 75 95 89 85 6 61 86 53 96 57 22 97
4393 22 1176 94 43 62 46 67 14 87 79 56 45 6 70 89 60 64 27 84 15 59 58 61 48 66 8 31 70 55 87 91 51 32 85 65 77 51 78 16 81 85 60 38 6 48 97
4394 22 1130 70 27 80 36 85 89 48 32 34 65 91 64 35 46 3 77 62 64 63 64 94 78 45 30 89 34 36 89 31 57 15 62 92 51 83 36 55 25 52 89 54 66 39 79
4395 22 939 33 53 42 78 82 86 8 71 20 43 11 2 99 25 63 42 75 17 32 9 53 38 34 56 27 55 61 44 76 99 22 61 52 63 38 85 1 45 55 72 87 65 73 37
4396 22 1116 41 87 78 68 4 61 28 8 99 13 63 25 68 23 20 95 73 41 55 76 93 61 89 67 84 50 64 24 94 43 92 54 71 99 52 83 13 28 2 87 47 97 11 39
4397 22 986 3 87 94 47 99 100 36 17 78 63 79 78 76 67 71 18 58 25 40 8 28 23 72 8 10 6 24 21 45 27 59 90 73 57 41 60 18 74 25 49 52 100 15 74
4398 22 933 17 25 98 9 84 78 31 8 85 58 42 82 37 38 8 95 27 32 3 20 92 76 89 65 68 51 52 42 19 28 91 27 11 68 9 18 4 67 87 46 48 23 35 7
4399 22 1134 70 62 38 72 81 29 99 69 46 50 58 13 9 6 19 36 97 97 98 16 6 68 20 72 54 17 71 76 51 77 64 14 69 96 95 19 17 92 74 56 34 62 90 21
4400 22 931 58 87 18 73 92 37 44 15 90 60 85 18 63 61 14 26 26 34 74 20 53 90 21 15 19 92 48 80 82 68 89 68 37 61 11 74 57 25 15 68 9 32 30 21
4401 22 985 98 8 46 31 81 66 83 22 28 55 36 98 47 35 77 80 54 17 42 78 9 15 86 33 82 53 93 13 35 65 10 42 41 74 27 75 7 82 34 4 20 33 59 73
4402 22 1170 49 57 14 78 65 81 63 49 62 16 93 26 2 57 36 43 66 28 68 93 54 66 51 35 99 54 18 86 72 42 87 28 55 64 92 87 27 92 48 94 84 74 95 40
4403 22 945 61 89 58 40 8 2 93 73 52 80 71 57 40 43 17 81 81 44 87 44 88 74 22 79 73 67 15 46 6 58 1 63 97 8 16 42 80 67 2 24 65 93 18 81
4404 22 984 25 50 77 12 93 16 85 15 46 57 81 60 55 94 18 64 32 13 6 48 37 66 78 39 41 42 83 58 75 8 7 51 19 52 66 55 11 63 50 23 69 95 40 33
4405 22 1107 41 71 45 46 70 50 82 36 27 72 76 20 55 86 94 62 44 96 32 95 13 38 64 76 14 50 69 8 89 53 48 11 97 45 81 98 16 76 50 91 95 4 28 41
4406 22 1102 17 72 88 100 18 53 37 82 80 37 95 29 57 2 9 2 79 57 46 59 54 24 26 29 74 69 75 29 96 67 98 19 55 97 59 34 38 22 12 66 78 65 34 86
4407 22 1209 66 12 42 64 23 47 39 100 27 12 68 1 93 16 90 34 74 86 70 32 71 87 21 92 50 86 15 71 58 32 82 99 95 56 97 34 56 23 75 24 89 42 43 78
4408 22 983 76 68 16 97 51 38 84 71 30 33 8 2 99 78 60 31 11 10 77 67 7 10 74 29 59 100 4 47 42 98 69 17 44 65 19 81 89 62 85 48 64 83 25 23
4409 22 921 13 88 84 90 6 90 51 79 71 9 30 26 8 71 76 36 39 92 79 4 11 11 3 51 25 87 88 22 75 62 86 14 97 27 19 87 78 97 9 38 27 86 49 61
4410 22 1051 32 40 5 62 95 67 25 97 69 49 36 19 88 9 46 49 94 59 97 21 78 83 50 26 43 87 4 29 84 5 41 67 44 97 29 38 15 53 86 84 53 73 54 40
4411 22 931 81 99 40 75 10 36 47 39 71 96 64 13 82 20 93 17 24 86 84 67 34 12 4 49 16 89 32 68 14 37 59 94 36 98 20 97 33 66 35 55 61 98 95 69
4412 22 930 12 11 92 49 46 58 83 9 13 83 76 54 66 95 67 2 53 12 89 50 32 85 35 49 19 89 10 69 8 56 37 72 18 29 72 64 38 54 24 3 88 100 56 53
4413 22 1095 94 74 55 47 85 43 48 16 28 34 65 46 23 26 66 82 33 3 5 50 83 77 72 82 41 74 70 40 81 22 54 76 31 39 71 31 6 98 64 70 95 38 47 13
4414 22 945 20 79 15 24 81 49 52 97 72 34 37 46 55 28 26 28 13 80 56 43 70 26 25 75 75 89 97 69 43 81 74 47 73 6 47 24 54 19 9 91 16 63 41 43
4415 22 1135 82 72 98 77 41 23 1 68 97 89 64 17 67 58 50 63 31 48 35 88 95 11 42 65 19 84 80 34 53 72 76 35 96 73 11 88 47 11 55 43 52 70 70 28
4416 22 1057 60 32 10 60 19 98 54 29 91 70 99 74 1 84 26 24 59 12 83 74 81 37 13 75 88 35 86 57 62 97 40 23 56 58 72 61 38 62 30 37 87 82 20 13
4417 22 822 6 31 76 76 65 50 34 46 86 99 20 25 33 57 46 54 72 68 61 82 40 22 19 53 3 55 37 27 4 42 9 79 17 73 28 51 70 65 49 42 89 81 50 21
4418 22 954 78 55 45 45 16 26 36 89 44 89 91 51 28 27 29 31 20 37 9 37 61 89 39 83 53 87 76 94 19 25 14 96 80 58 92 95 83 28 79 16 25 29 43 4
4419 22 985 57 25 75 45 33 63 73 1 39 26 14 71 9 39 84 56 70 94 48 64 28 27 98 6 42 74 86 36 29 94 60 56 38 44 18 47 17 19 85 94 51 64 41 99
4420 22 975 73 10 92 20 25 20 46 74 77 39 47 63 74 28 8 85 83 46 29 100 44 97 70 28 90 79 30 5 96 70 3 68 31 47 40 55 18 37 28 94 27 8 53 54
4421 22 897 16 38 88 13 18 39 56 14 9 35 55 87 65 59 34 86 61 53 17 7 92 23 24 81 51 70 8 29 77 60 82 92 49 21 66 59 11 31 19 98 85 5 14 43
4422 22 1049 90 99 4 43 67 62 86 42 38 66 92 7 25 20 83 85 53 27 85 25 82 51 45 33 2 94 18 58 7 60 57 15 42 76 29 27 17 66 93 8 72 17 79 6
4423 22 985 53 83 84 38 7 18 40 41 14 24 94 7 41 4 13 53 3 21 19 44 96 99 22 12 64 66 71 87 83 1 45 87 28 76 97 67 34 10 91 79 16 83 80 35
4424 22 741 36 1 6 31 48 4 53 60 20 70 30 6 52 83 2 91 17 30 18 10 26 85 43 88 27 73 3 9 7 35 96 94 35 53 25 82 56 29 93 75 98 75 33 2
4425 22 1200 57 34 44 73 15 61 82 41 97 76 80 23 1 82 84 7 68 31 2 83 76 36 90 56 65 6 54 49 59 62 87 97 14 20 89 11 96 68 85 48 20 54 69 2
4426 22 934 5 22 84 81 9 26 88 89 90 93 94 90 51 8 71 4 19 70 13 59 80 60 26 16 7 79 36 12 47 89 17 20 73 49 29 98 69 39 81 62 28 83 21 50
4427 22 921 39 14 21 8 27 79 38 57 54 45 35 41 56 33 30 24 52 54 72 80 3 60 41 92 14 20 74 34 64 48 71 26 20 9 63 76 59 62 55 67 94 36 42 45
4428 22 991 89 66 77 91 25 28 83 68 41 54 93 75 75 57 74 15 27 99 86 88 13 13 2 24 56 42 19 92 16 32 48 44 23 24 71 57 43 12 11 36 38 85 92 11
4429 22 897 51 70 61 37 57 25 1 10 48 27 66 41 45 9 24 60 40 23 3 14 99 26 71 41 37 81 76 74 17 19 36 67 41 96 55 49 20 56 59 68 82 24 8 78
4430 22 1226 84 83 90 23 58 44 89 56 69 11 96 5 91 24 30 59 94 65 25 34 12 32 83 32 39 41 51 72 16 10 49 99 93 38 73 50 82 13 57 2 23 4 59 65
4431 22 1008 27 88 23 73 5 100 6 16 31 40 99 21 32 49 92 47 59 92 97 51 30 22 52 63 86 8 64 9 11 74 73 90 14 48 62 18 47 19 85 29 84 49 42 32
4432 22 1066 92 41 42 83 89 44 64 62 95 78 48 54 94 56 17 67 80 58 27 71 49 25 41 34 53 51 69 53 45 52 44 85 25 37 87 84 20 34 37 13 5 79 62 59
4433 22 990 99 84 59 23 25 92 28 75 12 80 19 64 76 55 9 54 80 45 95 66 14 51 17 26 91 73 57 62 87 67 70 25 35 94 21 80 45 39 43 20 46 51 73 25
4434 22 1016 48 20 42 27 33 92 95 11 34 68 67 47 54 33 59 75 57 45 69 25 58 41 5 2 31 99 74 76 2 98 52 49 17 93 75 2 36 22 64 21 89 30 68 94
4435 22 995 14 26 68 22 70 88 47 79 80 3 32 11 1 5 86 54 55 90 2 23 82 29 76 70 50 39 90 90 20 9 83 33 34 2 42 53 33 21 65 31 7 21 69 61
4436 22 1069 27 58 62 2 91 42 77 12 16 54 80 87 14 20 48 68 74 2 9 78 87 81 32 3 64 38 75 32 50 2 41 64 3 83 5 31 95 48 98 100 79 85 61 93
4437 22 897 4 60 60 29 14 20 6 100 89 2 63 78 28 46 29 38 43 83 73 47 19 46 18 25 47 30 17 2 90 28 82 3 99 39 54 98 79 7 13 57 34 10 36 15
4438 22 1062 78 97 72 76 62 90 22 77 7 98 23 88 66 77 77 93 10 31 91 49 84 40 79 42 4 87 76 66 90 65 51 38 88 79 52 77 28 35 49 2 14 78 58 40
4439 22 1176 81 100 40 17 91 18 58 95 5 85 60 78 26 76 64 63 59 67 62 94 77 62 95 98 27 25 84 64 83 3 49 25 72 6 19 76 30 54 68 57 86 31 71 96
4440 22 829 97 61 57 42 37 18 87 44 13 38 79 76 18 13 30 18 1 24 56 29 66 37 34 33 94 19 16 64 14 64 77 70 6 65 39 94 3 34 41 12 33 10 24 62
4441 22 1054 28 60 14 3 67 42 20 56 75 4 1 45 71 64 58 35 92 79 57 17 85 59 50 42 51 13 74 61 88 87 40 48 52 42 66 46 13 73 16 73 65 39 89 74
4442 22 945 73 80 53 16 36 21 47 23 93 49 35 18 9 23 56 48 22 7 41 39 52 5 12 24 21 84 40 59 72 13 83 52 65 98 39 86 49 37 8 41 86 94 58 46
4443 22 866 16 13 46 89 71 86 28 75 43 39 98 63 74 37 73 98 1 7 18 4 39 55 4 28 14 96 65 7 53 10 75 17 55 63 93 42 13 35 32 62 49 6 3 51
4444 22 1226 79 55 68 34 93 22 89 72 35 84 36 41 88 98 67 4 52 30 94 96 23 59 82 55 20 82 12 70 54 66 84 20 87 69 64 60 57 36 40 23 86 27 53 82
4445 22 963 24 34 76 71 56 34 53 62 86 73 74 40 90 93 75 9 31 44 25 90 12 83 40 34 69 18 6 73 29 58 27 51 13 12 55 27 64 41 51 90 32 41 82 6
4446 22 1085 1 13 49 25 2 1 36 37 92 22 5 9 27 29 60 7 86 86 57 50 97 12 76 13 52 27 83 19 40 19 47 89 96 49 41 83 85 32 4 41 82 21 88 6
4447 22 1043 37 45 55 34 8 83 98 11 61 99 45 79 33 84 49 80 24 96 80 64 79 64 47 82 56 39 16 76 90 3 81 26 99 87 11 6 21 60 68 81 58 12 43 96
4448 22 954 12 22 71 7 53 87 37 16 33 71 23 71 86 98 88 30 90 39 68 52 96 89 64 21 21 75 84 63 22 47 36 45 5 88 31 42 55 15 29 38 49 26 7 38
4449 22 1132 26 27 42 22 67 53 85 39 25 11 22 88 68 75 29 25 63 11 66 69 98 62 75 11 16 34 60 93 15 78 45 51 70 61 38 9 97 57 83 77 81 97 87 98
4450 22 1073 18 64 78 15 25 6 41 87 74 26 39 15 85 31 81 62 28 31 49 91 67 57 40 75 91 16 8 40 55 5 57 18 35 23 94 40 15 81 65 41 71 31 77 1
4451 22 927 11 91 80 41 20 28 84 86 36 23 12 27 90 19 18 44 76 74 61 10 48 55 1 62 87 66 2 57 96 31 9 7 21 89 47 40 68 82 77 4 4 88 82 94
4452 22 904 59 99 89 34 24 50 43 71 56 95 84 94 12 38 50 8 68 10 66 40 64 79 18 46 7 21 1 46 54 94 4 4 83 89 27 84 49 91 78 32 21 33 48 88
4453 22 1175 94 13 79 44 77 57 61 74 15 33 74 61 86 20 16 41 54 5 67 89 87 67 64 50 62 5 71 46 52 10 39 65 89 82 93 97 66 12 26 91 24 63 10 39
4454 22 1018 3 15 95 21 82 87 81 97 37 42 1 59 39 53 68 78 69 8 11 13 5 57 78 68 91 97 30 81 51 44 76 72 47 9 10 79 98 73 58 56 62 24 40 82
4455 22 999 31 3 94 87 59 71 54 92 90 96 40 71 29 91 15 56 14 13 64 23 91 20 21 15 28 26 3 17 71 34 19 64 72 29 86 26 73 60 98 1 2 64 56 15
4456 22 887 28 71 90 71 43 62 85 71 89 62 13 92 31 35 77 1 51 48 30 88 25 2 15 98 61 65 50 15 80 58 29 8 18 30 22 79 14 93 20 28 57 11 58 91
4457 22 993 39 58 41 86 29 11 40 95 60 53 11 61 67 91 18 47 50 46 65 79 95 44 14 23 76 80 10 14 90 50 52 28 30 14 68 25 73 72 87 33 38 77 51 84
4458 22 1105 78 48 8 66 47 52 29 60 26 47 88 58 56 1 6 4 87 17 45 63 41 16 50 74 53 78 76 89 75 88 63 92 34 66 20 46 92 19 85 49 74 37 95 31
4459 22 959 41 72 18 57 17 80 98 32 81 23 37 59 50 25 14 76 64 76 67 50 94 39 95 85 57 79 33 30 15 79 61 7 30 64 13 50 42 35 38 100 36 62 65 11
4460 22 950 77 40 29 26 85 67 72 69 75 50 53 57 17 31 69 23 33 98 38 50 58 50 51 99 36 88 50 71 49 14 81 78 6 10 3 90 28 75 59 55 76 11 11 44
4461 22 1028 94 79 19 26 28 56 27 37 58 78 88 93 65 37 16 66 51 96 43 56 57 97 97 37 71 55 91 99 18 1 42 63 31 12 40 58 68 66 46 77 33 21 60 70
4462 22 906 36 77 20 84 71 27 40 67 23 76 90 30 66 88 99 18 81 61 48 93 57 12 17 3 88 12 35 8 4 96 75 79 69 53 18 35 28 46 24 9 11 63 7 29
4463 22 1122 96 19 28 88 70 85 51 38 87 38 49 73 97 71 29 92 69 3 22 89 8 40 24 35 85 99 95 47 14 1 27 9 71 55 48 92 39 98 77 87 78 49 83 100
4464 22 1025 29 27 21 84 48 9 91 39 84 77 75 83 71 74 23 100 56 45 54 55 36 44 52 64 72 38 41 73 93 1 50 13 26 88 5 2 15 39 24 88 86 98 87 93
4465 22 1002 42 93 47 77 88 50 93 12 87 85 36 10 77 88 60 89 72 9 10 49 48 66 3 62 4 26 49 41 76 88 33 17 32 31 46 71 80 38 82 18 22 17 27 99
4466 22 1007 57 86 39 80 46 100 28 94 65 30 55 20 8 56 60 83 43 44 51 26 26 48 96 5 85 78 74 59 1 57 2 38 95 81 84 47 61 29 11 42 83 31 49 90
4467 22 987 42 83 84 86 86 9 11 33 5 68 70 34 41 28 31 93 36 85 82 17 66 28 77 94 39 19 28 21 19 18 62 54 53 99 91 62 23 18 29 44 51 21 71 33
4468 22 859 66 6 17 96 88 34 13 15 62 58 5 32 37 25 3 6 39 8 59 89 98 20 50 72 30 16 86 71 68 44 40 15 31 25 27 97 38 36 2 22 72 26 24 78
4469 22 882 16 83 36 5 80 7 54 3 95 36 18 85 38 56 7 5 99 46 19 29 22 97 25 60 32 78 81 3 56 56 71 38 67 27 17 25 33 19 68 89 3 5 44 10
4470 22 981 61 42 7 79 22 29 75 98 88 58 28 20 60 83 92 53 12 10 32 80 35 64 98 53 31 38 8 87 81 17 99 74 23 29 47 3 55 97 42 12 24 61 71 6
4471 22 934 35 14 10 46 24 41 77 58 56 75 62 86 12 69 45 37 74 70 2 17 14 56 13 56 67 36 16 90 93 3 55 2 78 95 87 50 3 1 88 66 69 63 58 37
4472 22 813 80 69 38 48 34 94 60 89 12 47 57 53 39 11 8 92 10 85 86 38 24 88 40 24 27 6 44 89 67 1 25 98 69 15 45 55 4 43 23 2 51 76 61 83
4473 22 993 84 23 19 21 60 42 8 52 17 34 9 13 75 75 13 51 73 34 65 17 88 76 82 99 74 33 66 45 56 49 26 69 31 68 29 82 36 62 90 48 64 13 39 88
4474 22 1010 98 3 57 85 31 81 18 29 6 2 54 71 47 9 71 17 86 92 53 20 28 41 33 69 40 73 85 52 11 72 49 13 80 85 95 60 3 23 66 56 76 88 36 11
4475 22 1096 71 22 54 17 26 25 97 18 9 17 58 81 1 61 91 25 62 56 4 46 50 16 25 33 56 100 72 9 88 82 79 9 87 48 86 11 96 4 20 12 13 100 73 43
4476 22 1009 37 34 98 92 32 99 7 31 23 91 38 23 63 47 62 44 77 70 83 76 93 71 10 12 35 22 64 99 47 6 87 80 55 78 11 53 94 76 27 31 50 89 29 11
4477 22 871 85 6 32 67 33 90 11 56 52 75 90 73 38 88 71 95 26 51 1 3 13 53 91 6 80 18 37 29 58 17 94 22 74 12 7 64 23 62 15 97 3 39 34 90
4478 22 796 10 80 67 12 80 69 24 84 12 82 64 29 18 44 38 86 87 32 8 12 43 14 75 17 27 41 13 29 32 98 70 41 29 36 4 8 56 27 44 67 7 47 77 2
4479 22 950 85 63 40 68 22 52 62 87 78 79 13 19 43 93 50 41 42 69 97 45 29 52 23 72 71 83 30 17 11 83 53 25 20 98 26 34 84 3 64 48 21 6 92 22
4480 22 968 46 53 15 67 1 11 95 5 86 18 75 68 47 43 30 81 96 55 3 67 4 28 40 83 63 39 55 21 31 77 18 35 43 84 88 54 92 91 58 45 12 39 78 7
4481 22 772 45 80 26 49 60 25 88 94 40 26 48 60 8 76 77 43 19 13 30 24 42 73 14 41 23 37 53 61 12 6 46 37 6 57 13 45 50 52 22 97 63 30 73 92
4482 22 933 24 43 4 5 18 97 29 31 89 70 5 78 74 65 91 37 22 88 73 79 96 86 23 45 45 94 26 18 95 49 12 50 98 33 59 87 54 15 16 79 31 6 53 46
4483 22 850 88 83 41 25 6 86 66 2 31 69 27 48 15 27 59 16 39 13 49 51 68 63 46 93 24 13 97 69 1 80 9 77 37 46 42 38 76 10 16 75 85 91 23 56
4484 22 1056 90 71 58 9 85 76 6 78 99 19 74 19 19 5 79 47 41 77 89 30 4 50 45 79 26 38 15 68 13 90 75 2 60 85 10 45 68 74 86 47 80 56 52 58
4485 22 988 2 44 34 90 74 38 92 18 68 69 8 34 36 20 23 63 35 47 31 6 4 67 87 2 46 42 5 3 96 49 89 85 22 78 76 91 97 44 98 30 32 70 43 39
4486 22 1143 92 77 69 49 79 24 15 65 25 60 59 82 14 54 30 54 90 3 83 18 45 79 61 43 44 64 65 89 6 55 32 82 75 80 60 98 94 77 74 5 87 7 71 40
4487 22 1004 36 24 81 90 7 98 35 85 11 29 97 54 92 61 95 49 67 26 30 41 6 42 90 51 70 16 56 56 22 26 47 10 1 27 99 7 25 85 44 35 65 92 40 8
4488 22 985 53 34 8 71 12 38 17 31 1 19 68 26 7 90 3 53 99 4 31 49 62 55 86 57 41 2 49 33 66 69 23 29 58 34 97 88 87 16 39 6 95 44 93 99
4489 22 888 32 94 60 38 31 17 17 63 93 69 80 62 91 9 71 77 5 11 15 72 1 20 65 98 8 98 59 58 81 4 69 71 34 37 66 53 63 10 21 94 23 12 2 94
4490 22 983 88 59 4 54 30 4 73 94 1 39 53 51 98 10 83 1 79 5 87 15 5 52 68 19 61 40 13 84 51 66 29 90 24 32 43 6 99 40 6 52 90 55 8 43
4491 22 912 29 94 10 85 97 29 4 9 68 68 44 71 33 72 12 9 3 7 14 90 74 64 31 15 70 86 80 45 45 74 25 90 35 10 86 63 65 94 83 32 90 53 16 61
4492 22 921 16 76 22 89 57 95 53 37 26 19 58 63 50 2 7 24 79 48 88 33 73 4 78 7 35 67 11 2 28 26 30 95 48 18 51 94 39 19 93 96 33 42 49 91
4493 22 899 17 27 38 27 66 22 51 69 57 55 67 9 45 44 91 91 7 41 85 29 31 55 73 26 40 66 27 30 83 5 20 61 23 41 63 91 19 98 58 37 6 54 32 95
4494 22 855 45 23 1 37 59 81 68 65 53 45 4 19 23 86 28 5 13 50 75 92 85 45 89 94 33 46 47 64 40 91 38 41 96 21 74 91 16 92 14 1 44 93 5 8
4495 22 1076 42 2 34 85 86 30 74 31 62 71 77 77 11 20 15 51 99 62 23 45 96 87 39 100 44 99 93 85 26 22 37 55 95 67 68 65 45 27 14 11 64 72 52 8
4496 22 1039 98 99 95 39 90 46 32 23 82 68 26 81 45 47 69 52 93 87 19 10 15 36 47 25 65 11 49 16 70 46 14 16 36 3 62 19 78 3 1 45 28 33 41 27
4497 22 929 2 92 19 40 63 28 73 29 64 20 54 80 82 54 95 3 51 8 86 63 80 56 40 34 56 36 13 89 28 39 42 20 58 81 34 37 6 62 52 25 15 31 20 77
4498 22 1023 60 70 85 30 7 99 61 63 90 94 70 77 58 4 45 51 23 54 84 8 43 89 94 65 36 77 74 56 53 85 25 89 15 84 87 75 46 28 69 15 4 27 8 23
4499 22 1199 27 82 29 10 90 71 50 59 16 14 46 44 39 1 97 24 78 37 38 61 76 64 58 3 84 24 59 10 48 66 33 27 99 13 88 40 83 38 98 50 3 96 94 42
