1500 22 359 25 20 96 90 7 9 72 7 40 64 5 18 1 84 17 75 15 71 46 24 34 58 9 71 48 85 10 36 93 54 12 12 49 1 71 57 73 29 88 34 18 41 69 86
1501 22 407 15 83 9 13 6 33 46 15 93 16 63 77 77 50 70 30 61 33 30 13 55 87 37 84 86 25 17 55 65 85 41 31 19 49 43 76 33 41 90 26 8 4 54 37
1502 22 429 53 75 66 65 60 96 30 14 34 66 97 71 90 13 26 6 49 18 37 67 18 31 42 50 23 84 27 83 87 81 19 40 55 36 56 14 83 85 80 68 3 76 39 92
1503 22 450 41 64 50 89 33 38 8 50 68 49 51 43 32 78 25 71 10 95 16 82 17 82 65 54 61 32 56 36 70 99 76 85 100 17 69 37 24 18 57 72 99 56 98 75
1504 22 428 26 7 21 87 22 2 55 3 66 60 63 98 67 99 19 18 56 17 42 24 54 65 10 89 62 60 96 59 34 73 65 54 11 38 41 73 77 55 70 43 53 40 60 31
1505 22 434 95 77 24 71 30 89 12 91 29 25 50 76 35 83 48 51 88 10 94 74 28 66 87 45 27 4 69 73 32 93 43 61 33 6 3 13 82 52 16 86 66 25 96 54
1506 22 419 19 21 33 36 23 67 67 6 1 22 26 25 54 18 20 66 2 25 69 14 59 72 53 74 58 39 92 34 86 97 52 7 81 88 29 100 62 47 57 62 68 82 38 21
1507 22 439 52 57 87 5 34 7 71 92 78 23 17 87 14 8 21 99 56 24 57 37 63 85 88 24 83 44 37 51 77 75 28 83 9 33 16 15 3 7 93 77 24 31 90 83
1508 22 478 51 41 39 27 97 27 89 34 14 65 16 9 53 18 85 79 65 62 49 97 77 64 36 8 79 59 38 69 93 41 61 83 67 9 7 42 74 23 10 34 76 27 19 54
1509 22 474 67 83 15 16 31 44 33 79 38 11 89 75 81 67 91 16 76 92 93 2 14 54 35 89 5 95 99 87 61 14 69 4 44 1 34 33 12 22 60 42 55 26 85 70
1510 22 396 11 36 97 2 28 50 67 34 37 56 66 41 2 64 80 62 78 48 18 73 1 51 6 12 73 65 5 79 42 41 52 76 96 5 56 98 72 89 34 79 54 74 17 5
1511 22 555 93 46 5 10 71 5 61 28 68 85 44 24 63 85 65 14 37 40 9 93 95 58 64 35 91 42 88 17 73 57 21 66 54 77 75 24 81 87 51 100 94 24 85 31
1512 22 529 88 98 67 79 59 11 26 16 75 60 68 100 41 8 47 6 61 24 32 37 56 19 39 8 85 31 78 15 70 27 81 100 43 25 53 17 37 11 77 47 83 34 58 65
1513 22 478 47 66 35 86 73 28 70 55 5 84 76 31 16 75 68 58 52 20 27 40 82 63 79 18 39 25 72 35 62 88 75 67 51 2 88 5 6 71 80 36 38 6 55 47
1514 22 421 57 74 73 96 7 35 26 24 25 50 28 96 85 89 36 18 67 10 84 17 11 71 21 68 93 52 55 82 10 28 66 83 1 13 90 87 39 65 12 40 92 59 76 32
1515 22 399 94 93 98 55 76 14 65 98 86 84 42 89 39 23 48 3 63 82 3 27 71 41 17 88 52 57 31 11 32 63 56 25 12 11 78 27 2 63 11 43 4 49 18 1
1516 22 540 96 20 15 77 74 41 14 58 39 66 66 69 28 97 83 83 73 95 93 77 72 20 78 86 82 72 89 30 41 89 77 60 55 5 85 48 56 99 57 94 16 22 63 43
1517 22 480 70 45 77 95 91 70 71 62 41 100 48 74 88 55 12 29 31 23 83 87 8 30 95 58 86 88 73 59 2 15 29 99 43 23 89 12 45 3 4 44 50 77 66 89
1518 22 433 31 29 17 13 4 52 52 11 33 46 68 19 85 92 29 87 58 57 37 100 25 64 75 27 67 70 28 96 88 69 78 16 43 71 36 94 81 69 91 100 39 75 19 13
1519 22 432 76 49 58 26 63 85 4 81 6 84 93 52 54 61 36 96 31 24 41 64 44 31 34 57 52 70 5 79 18 56 89 43 73 99 99 30 82 26 23 33 79 83 20 26
1520 22 427 65 95 18 28 38 48 43 23 57 100 27 26 56 57 95 12 45 90 81 69 88 79 99 69 5 73 1 35 7 72 13 71 67 30 51 56 30 93 79 86 92 57 11 99
1521 22 384 13 5 10 10 94 91 30 33 21 80 1 77 52 53 12 10 25 76 81 91 5 31 46 86 75 76 71 18 84 33 16 49 90 78 58 35 20 39 68 40 17 22 73 80
1522 22 524 84 97 55 16 39 59 46 84 97 72 12 67 89 95 56 43 41 33 52 75 43 42 44 13 62 12 86 34 91 69 82 45 20 55 81 55 51 52 66 70 92 13 21 100
1523 22 500 55 61 32 59 87 36 1 81 31 13 94 42 98 27 67 60 28 2 79 34 83 85 37 86 51 6 30 63 78 29 69 90 12 27 76 99 56 29 91 49 70 89 27 1
1524 22 460 7 38 80 8 16 14 42 1 50 80 3 7 9 17 84 37 85 73 64 100 99 42 56 27 97 73 35 49 31 72 29 90 40 42 92 43 63 46 49 71 62 84 59 98
1525 22 410 56 58 13 55 55 62 35 39 70 83 63 4 31 45 27 11 86 18 52 69 9 46 54 46 53 67 29 11 17 36 69 29 43 76 83 4 62 73 25 44 87 28 7 37
1526 22 472 69 24 41 37 85 86 20 38 32 72 57 12 83 73 48 3 1 90 30 36 93 92 60 70 87 47 97 13 81 55 50 49 79 42 38 63 27 57 52 10 28 8 22 10
1527 22 403 32 69 64 85 58 94 20 2 37 31 71 23 29 20 36 10 74 37 4 78 95 66 56 51 70 66 31 77 39 40 61 59 45 68 49 16 21 85 46 92 7 75 63 94
1528 22 488 84 88 82 93 92 59 88 9 67 90 78 84 20 7 22 12 80 67 63 47 3 23 10 61 97 24 55 32 12 88 25 55 47 12 13 53 93 48 99 69 36 65 54 79
1529 22 490 98 20 56 16 74 78 78 34 27 1 40 58 64 28 34 70 26 97 33 90 50 25 37 74 75 5 61 91 14 69 53 85 24 20 58 53 97 43 79 50 83 89 65 62
1530 22 456 74 35 87 71 67 76 72 43 12 45 17 68 5 7 75 70 79 6 50 98 15 2 47 57 33 96 91 73 60 52 46 46 90 68 64 65 39 6 28 83 32 21 58 99
1531 22 505 65 7 97 31 61 95 40 45 90 30 17 1 34 14 99 23 82 62 72 68 19 55 93 66 45 25 86 57 85 21 33 4 53 27 43 97 68 72 20 57 30 18 32 63
1532 22 466 32 71 35 99 89 41 43 54 85 19 92 41 53 28 14 45 60 17 49 38 59 97 57 82 13 28 39 42 98 70 5 29 91 27 31 21 38 67 40 29 56 25 88 67
1533 22 512 93 36 56 3 84 12 96 91 74 37 88 95 16 86 83 94 18 65 15 7 32 54 35 91 97 42 67 36 60 59 23 15 61 6 78 44 1 68 70 89 64 82 71 2
1534 22 518 64 65 71 29 31 77 12 36 63 54 84 4 20 19 78 93 29 38 98 6 33 98 73 54 86 28 70 19 51 71 35 67 93 15 97 21 26 32 83 79 15 38 85 100
1535 22 371 27 77 28 16 26 85 48 75 57 54 12 37 23 31 39 93 65 5 37 79 53 57 4 84 91 34 50 28 83 86 79 9 14 58 24 39 42 23 13 50 76 24 38 98
1536 22 391 54 76 42 70 32 78 48 84 86 3 19 76 88 20 55 70 57 33 30 70 53 8 83 28 72 85 3 48 22 1 50 94 23 81 24 22 17 9 77 35 37 64 7 43
1537 22 382 86 63 28 15 85 69 20 44 52 47 16 36 49 63 9 1 15 58 95 89 91 70 11 7 30 87 93 18 2 51 61 39 14 88 6 50 56 25 59 23 8 46 71 22
1538 22 473 55 24 89 64 70 77 6 39 39 64 68 77 9 38 31 59 98 69 24 37 74 73 92 50 66 3 72 25 48 95 47 54 18 87 63 75 29 54 96 30 85 60 5 82
1539 22 439 81 81 18 54 53 62 4 18 64 75 43 11 21 41 17 38 27 86 28 41 60 56 94 50 76 96 88 87 70 67 33 39 85 52 55 15 2 49 78 23 89 94 12 67
1540 22 429 79 40 59 90 95 5 40 98 80 87 86 66 39 7 33 23 45 5 60 97 14 63 62 40 55 2 85 67 20 15 6 78 57 100 34 96 50 13 35 31 25 41 15 47
1541 22 400 37 19 58 85 50 71 48 82 84 39 89 37 76 55 56 90 12 86 46 63 19 93 27 98 66 3 38 80 1 27 59 11 51 29 10 32 65 1 20 1 26 9 63 52
1542 22 449 16 55 63 99 33 61 87 50 95 88 76 96 46 39 26 100 78 90 49 43 75 27 3 92 48 54 14 63 60 29 45 89 81 31 90 76 18 66 23 15 56 69 41 55
1543 22 533 98 30 55 46 24 81 26 72 39 73 77 52 88 37 32 53 33 72 63 62 60 33 79 83 47 34 51 87 48 69 94 45 92 75 69 18 7 42 75 10 81 11 95 65
1544 22 450 18 57 26 77 41 4 11 40 89 13 78 77 60 46 22 57 90 48 77 7 46 35 20 96 81 82 65 76 6 82 84 31 25 87 21 16 75 34 93 3 45 91 53 80
1545 22 414 24 81 38 69 67 37 40 63 69 21 3 34 96 8 80 91 29 56 50 23 55 35 15 58 31 5 86 36 36 9 16 25 30 35 14 69 97 82 90 51 37 11 34 68
1546 22 535 53 62 75 81 63 97 87 49 64 44 80 20 29 67 56 90 82 80 19 16 93 39 27 80 67 93 17 29 78 36 81 92 13 6 59 99 55 22 95 86 94 75 52 1
1547 22 429 64 85 80 34 53 25 73 68 3 52 34 95 20 14 25 8 94 68 70 58 9 79 2 3 47 29 67 47 45 4 78 78 56 2 75 56 6 9 77 22 27 84 68 94
1548 22 443 53 77 18 33 85 97 86 39 12 32 68 31 30 12 34 7 41 41 61 95 15 16 75 18 76 49 44 12 89 16 59 48 29 7 19 70 97 49 56 42 25 16 36 40
1549 22 402 31 87 66 49 14 14 44 25 81 85 41 77 95 40 57 1 77 75 70 96 13 22 93 61 6 48 54 83 15 89 74 45 27 39 45 41 5 41 17 85 9 13 71 1
1550 22 414 69 23 77 44 44 72 8 65 16 20 23 15 74 5 29 14 78 26 41 16 70 33 20 62 49 57 38 10 21 60 10 90 82 86 85 78 57 92 42 25 63 64 39 36
1551 22 476 20 68 50 97 45 42 65 66 74 36 28 74 44 17 83 65 29 92 6 62 90 39 38 33 81 62 95 96 52 83 68 71 84 64 15 25 16 60 75 59 76 58 56 1
1552 22 344 80 18 30 21 56 19 5 88 52 84 31 34 3 2 17 66 16 93 46 48 42 61 7 16 71 35 25 46 90 78 98 63 2 2 53 37 38 86 39 39 54 5 6 87
1553 22 512 62 13 55 84 99 31 29 40 8 6 47 66 3 61 42 4 97 57 35 94 37 25 48 93 83 45 94 89 84 7 53 38 91 51 20 71 90 28 76 88 93 30 34 62
1554 22 432 83 42 12 69 87 100 94 86 93 76 31 38 16 14 45 68 3 87 18 22 9 60 49 85 47 94 66 47 80 99 60 62 92 71 70 76 14 3 46 4 19 11 48 38
1555 22 400 13 86 8 35 94 67 35 30 65 28 96 11 7 46 22 21 90 92 3 20 14 78 87 79 32 33 82 2 95 81 40 8 18 47 12 65 28 93 29 8 92 14 38 13
1556 22 424 86 27 57 88 98 22 17 84 52 49 68 86 2 63 66 41 70 84 39 63 47 3 42 91 84 49 31 27 15 20 91 100 46 99 40 95 20 56 78 24 4 98 9 6
1557 22 449 60 26 98 81 61 89 43 59 36 50 26 37 32 52 51 51 95 2 48 93 41 42 13 97 71 88 52 68 96 9 79 21 7 59 34 47 53 92 89 89 15 25 24 18
1558 22 438 27 26 12 28 73 5 21 66 69 69 89 56 20 8 3 81 87 75 45 8 33 98 86 92 62 16 57 40 41 68 19 66 24 39 83 92 7 71 99 79 79 53 59 17
1559 22 440 28 97 61 35 81 58 86 53 95 78 40 8 93 48 47 85 15 66 2 91 4 85 34 63 7 33 41 37 85 51 53 64 66 99 79 23 36 31 70 13 22 77 57 69
1560 22 372 24 42 36 89 95 78 44 79 11 6 38 95 98 26 32 100 79 95 46 44 45 76 18 81 7 87 93 80 64 2 1 39 43 36 27 89 13 70 20 75 28 57 70 77
1561 22 474 82 1 77 12 95 74 7 92 50 77 72 8 63 16 87 78 17 87 16 11 74 94 86 16 19 13 43 27 60 82 24 28 69 30 18 6 42 25 21 58 98 74 66 37
1562 22 493 23 59 36 61 26 6 73 68 84 6 39 43 33 66 66 53 48 37 22 5 78 98 25 87 61 75 13 62 92 49 2 36 96 28 93 20 95 76 85 18 63 18 81 22
1563 22 432 35 17 44 39 46 41 16 85 1 42 97 14 33 97 50 86 32 45 13 24 17 60 99 93 68 8 55 88 89 56 78 80 18 95 85 71 88 33 84 20 29 85 5 60
1564 22 509 82 70 35 98 29 85 90 24 53 97 37 59 36 23 91 100 79 44 69 25 80 91 12 13 27 83 93 11 39 5 92 60 89 40 24 31 64 28 52 86 15 74 85 57
1565 22 388 73 15 93 39 32 84 2 96 10 36 88 72 27 92 64 86 31 4 26 6 86 89 33 65 40 70 65 55 87 37 21 39 29 12 22 64 13 17 25 1 56 97 48 12
1566 22 468 12 30 15 37 35 1 25 19 17 16 88 47 80 94 85 68 75 49 26 96 90 64 89 90 20 85 16 67 96 80 48 62 34 62 93 52 30 60 91 76 92 85 13 59
1567 22 442 51 87 59 28 35 23 69 98 11 11 17 95 78 35 42 57 34 3 73 67 18 46 76 61 74 67 45 86 47 24 36 26 58 58 94 8 20 56 66 34 7 90 96 62
1568 22 404 14 63 78 82 32 75 58 92 48 76 88 85 5 34 61 93 11 70 50 57 77 70 12 53 87 45 15 94 10 7 24 36 82 56 91 47 18 35 46 23 20 6 83 76
1569 22 420 16 39 4 37 50 8 24 95 22 69 33 84 75 32 7 62 65 62 71 7 61 32 77 47 78 99 66 35 48 62 32 38 21 88 73 96 34 47 64 66 82 90 49 88
1570 22 414 51 14 2 73 72 14 57 48 60 34 98 77 20 14 25 34 46 62 99 18 1 23 13 34 21 28 69 100 42 71 65 95 43 36 8 99 84 19 33 95 56 47 71 89
1571 22 484 92 33 39 61 85 13 73 19 34 52 69 87 20 20 80 90 84 74 32 72 33 83 55 3 18 87 98 73 68 13 76 52 51 36 37 64 60 7 49 11 27 35 30 47
1572 22 420 15 71 82 40 55 53 25 37 7 27 6 46 24 79 30 44 91 58 95 94 45 31 57 5 37 57 67 64 97 62 43 49 21 96 9 54 51 15 27 45 81 70 87 90
1573 22 494 64 80 34 47 88 90 35 96 57 50 87 53 11 95 71 6 95 44 53 19 4 6 70 70 48 14 89 69 78 32 84 63 30 24 65 19 9 66 13 29 52 35 98 78
1574 22 441 86 17 34 43 38 3 51 85 69 39 53 73 68 36 56 83 18 79 35 34 50 43 99 6 55 27 9 89 12 7 19 49 75 52 92 12 6 94 48 74 85 52 46 4
1575 22 490 87 54 86 4 84 20 89 33 14 88 91 68 66 51 9 30 79 78 83 82 21 46 67 93 13 51 44 10 54 83 63 40 47 59 27 31 25 14 92 31 24 52 60 32
1576 22 387 82 90 15 63 62 60 2 28 5 14 78 48 75 84 30 38 23 68 36 33 94 66 57 59 39 1 41 62 4 1 93 86 42 59 3 71 53 31 18 60 74 93 43 4
1577 22 424 30 17 23 65 50 68 82 58 26 20 58 18 81 14 18 26 51 11 84 2 14 6 55 96 80 72 54 16 9 45 66 83 61 67 43 25 27 62 34 44 95 47 20 49
1578 22 392 24 55 51 89 61 57 84 92 28 91 97 96 40 57 57 39 53 24 47 48 18 60 81 62 54 80 27 25 2 32 30 91 44 86 26 35 66 16 32 61 7 40 52 64
1579 22 390 79 56 87 70 2 86 88 62 66 49 67 97 27 44 77 28 75 58 70 70 44 96 4 61 63 87 21 70 24 85 57 80 23 26 33 8 13 94 25 13 22 39 8 50
1580 22 372 19 34 7 88 3 2 35 6 62 98 45 82 71 58 55 27 37 77 52 69 84 17 15 8 29 79 81 68 86 30 25 21 38 60 78 100 9 22 33 79 44 42 22 78
1581 22 502 61 26 99 44 42 65 51 70 43 32 89 28 13 26 98 1 70 39 62 99 90 22 21 74 16 16 84 38 45 44 63 43 87 56 7 89 25 1 72 14 28 85 91 77
1582 22 305 37 41 46 75 54 45 16 75 17 42 26 84 9 9 21 53 52 35 48 90 90 6 79 67 7 2 32 86 38 22 63 75 15 60 1 68 4 69 43 72 10 68 56 18
1583 22 343 29 28 22 80 15 69 56 27 52 22 33 53 5 18 91 27 32 17 41 92 17 60 47 85 2 19 46 22 26 15 50 5 37 81 19 57 54 27 35 5 67 58 83 68
1584 22 379 16 23 59 84 82 6 21 36 76 66 9 1 81 10 5 69 42 76 77 96 2 12 53 30 57 66 8 39 34 75 13 44 11 47 49 31 48 90 80 51 33 100 92 60
1585 22 457 77 87 13 40 87 65 69 95 22 35 55 12 20 81 25 63 91 71 64 73 4 39 21 45 67 100 95 51 86 10 28 25 19 11 57 59 73 11 71 92 92 47 7 34
1586 22 428 69 22 7 72 12 79 68 78 78 62 28 29 99 37 8 23 10 26 85 96 65 42 6 37 4 28 81 47 74 39 94 60 39 17 71 17 84 1 46 97 27 96 17 34
1587 22 516 70 26 12 55 73 76 96 79 51 6 44 98 32 82 78 77 93 68 94 16 84 77 16 29 74 43 7 21 59 41 90 37 52 96 9 79 91 39 42 94 97 86 28 19
1588 22 409 20 56 12 87 49 27 22 26 94 50 51 36 57 23 47 49 83 52 8 43 82 50 23 43 78 8 85 57 79 4 42 90 61 20 11 38 13 13 40 100 21 62 46 21
1589 22 392 25 80 24 32 23 5 34 56 27 28 33 87 13 41 65 16 52 6 58 64 77 20 1 89 84 40 88 56 53 34 28 78 51 61 39 55 94 94 22 26 72 86 18 36
1590 22 502 53 70 93 10 33 69 82 86 57 65 77 96 73 30 81 100 59 46 3 19 84 9 13 78 42 86 55 13 71 73 23 94 44 85 78 64 66 15 72 82 92 68 6 73
1591 22 404 48 58 31 93 60 49 29 68 13 6 62 98 12 74 20 36 26 95 69 31 59 33 96 73 4 29 16 23 87 88 71 44 70 15 3 19 43 22 83 81 9 52 99 34
1592 22 451 46 80 54 76 38 86 23 62 42 4 78 64 90 65 86 33 35 1 87 5 43 8 91 19 6 99 71 4 32 68 83 37 96 20 70 82 16 73 11 79 14 27 17 46
1593 22 531 61 17 84 17 59 92 56 1 34 74 58 84 96 62 67 64 44 3 16 25 28 49 92 53 71 66 85 87 64 98 55 99 66 13 90 21 75 95 23 58 24 5 80 27
1594 22 431 15 95 51 95 43 43 47 53 65 64 37 3 27 86 57 26 52 21 67 72 38 42 18 61 99 60 96 75 64 75 1 31 21 3 25 15 45 71 61 86 56 15 93 23
1595 22 483 42 44 96 8 68 33 1 37 93 52 48 41 26 64 15 78 94 88 80 18 2 25 40 21 37 25 76 4 41 20 82 64 73 42 83 6 71 98 45 19 90 22 5 99
1596 22 469 75 44 79 44 45 55 83 65 43 59 92 46 12 24 33 27 96 74 61 1 68 31 51 64 1 92 86 34 48 36 8 91 14 3 36 20 37 52 63 48 44 60 99 7
1597 22 321 35 31 33 83 5 45 72 75 37 35 28 29 61 76 8 21 67 73 23 54 45 12 59 59 18 57 6 5 87 90 43 34 21 14 10 1 88 38 24 100 13 31 20 31
1598 22 472 56 95 84 100 6 89 58 16 40 75 24 46 31 10 87 69 5 21 90 70 33 51 70 72 88 94 71 52 76 91 83 31 37 66 30 94 39 9 46 14 32 43 96 93
1599 22 465 29 65 97 49 6 19 33 56 88 4 43 33 75 94 61 17 28 43 53 94 25 46 51 63 96 28 89 38 24 81 19 88 30 19 45 48 52 100 87 55 94 72 39 84
1600 22 485 97 67 26 1 12 50 98 62 13 3 10 40 91 47 15 24 65 54 5 84 4 87 90 41 42 13 22 81 96 18 99 74 71 10 23 68 87 71 80 79 79 45 88 95
1601 22 357 99 92 30 96 95 68 45 37 9 38 1 82 18 49 51 16 22 21 77 96 89 100 35 11 31 13 23 61 11 56 7 54 37 55 5 51 65 88 41 46 6 89 96 73
1602 22 439 10 17 2 58 57 1 92 67 31 56 89 92 64 51 99 71 87 77 43 27 97 59 14 37 4 71 26 52 44 87 20 97 76 97 42 79 82 22 6 33 72 28 41 11
1603 22 380 4 97 53 30 45 12 43 81 67 14 58 18 9 97 37 5 40 64 27 5 83 20 39 5 25 71 76 52 11 86 7 59 91 36 55 54 31 35 20 96 90 56 41 78
1604 22 396 12 32 42 16 10 98 98 30 36 2 54 58 30 58 20 67 16 78 57 4 32 62 34 19 81 15 23 36 55 52 99 86 45 14 96 43 11 25 13 30 88 94 39 59
1605 22 403 60 55 89 69 58 72 30 43 90 63 23 4 37 10 10 89 8 96 33 21 43 27 83 67 57 47 48 96 40 87 54 52 41 42 20 50 66 1 92 55 16 14 11 52
1606 22 501 75 20 92 82 67 77 54 9 55 36 27 63 83 75 58 22 13 64 73 5 57 44 22 45 97 29 60 62 91 63 36 62 7 17 81 83 89 37 68 52 39 94 9 13
1607 22 397 58 24 37 62 33 33 67 6 77 63 34 88 76 76 2 11 38 8 79 18 42 100 31 8 82 47 70 42 11 27 18 99 40 50 55 59 20 41 46 47 68 100 9 57
1608 22 391 7 87 26 49 38 84 31 46 12 12 44 34 53 54 22 4 52 71 35 9 78 45 81 70 43 27 37 42 36 94 48 74 19 48 64 54 30 9 66 41 99 46 57 10
1609 22 377 67 12 13 90 98 22 43 54 88 85 32 24 26 19 69 25 45 40 25 8 93 54 16 10 47 19 60 44 27 22 10 38 34 51 7 69 30 12 56 66 44 32 14 52
1610 22 430 67 58 91 43 65 36 49 32 45 95 50 57 38 28 78 99 18 63 2 5 22 70 86 85 51 80 61 93 94 12 11 51 3 6 68 38 54 99 34 100 1 42 89 80
1611 22 338 71 87 97 86 40 53 59 62 38 43 39 40 23 99 32 68 10 95 18 64 37 53 5 36 4 36 80 92 15 51 30 64 88 70 16 46 31 6 21 45 62 71 29 29
1612 22 424 32 23 99 96 74 35 78 70 38 33 57 70 24 24 72 5 39 59 26 54 4 8 11 91 28 56 5 98 36 33 30 10 31 77 83 18 76 12 87 66 96 96 35 71
1613 22 478 19 58 75 9 16 53 62 19 60 25 61 40 32 65 89 67 50 70 76 32 98 10 49 26 73 88 91 68 83 77 38 53 34 12 1 64 74 71 31 67 29 48 55 95
1614 22 461 49 25 22 80 74 31 29 99 3 16 89 22 50 17 59 2 2 23 62 2 86 35 72 13 85 55 79 13 54 86 60 2 33 81 35 64 61 34 18 28 40 77 91 98
1615 22 534 78 44 20 91 46 58 69 22 14 23 53 26 76 38 37 29 99 70 62 33 85 22 66 54 50 40 45 78 82 95 8 25 98 22 75 27 91 97 40 65 49 18 93 86
1616 22 436 6 21 84 27 82 68 11 56 34 17 57 25 61 34 58 55 93 34 21 91 56 95 69 98 43 61 62 91 78 6 28 35 27 63 60 31 72 67 16 88 23 92 49 9
1617 22 393 1 55 34 75 43 41 22 64 38 64 24 52 7 53 57 34 87 35 49 48 95 79 20 13 94 59 36 37 59 96 37 14 48 70 40 91 11 61 54 100 77 29 51 83
1618 22 376 81 8 68 67 42 16 15 88 46 86 1 39 44 88 27 55 35 63 20 82 33 59 72 95 77 94 5 97 82 85 56 1 52 97 17 18 37 62 3 89 53 98 76 79
1619 22 424 52 10 94 71 43 78 82 15 72 5 17 4 48 65 37 84 20 37 87 69 5 4 19 6 45 71 56 20 1 7 81 94 30 75 23 63 89 46 67 84 63 22 31 79
1620 22 473 58 66 99 94 53 67 51 56 23 69 62 67 91 69 38 43 27 70 89 8 44 11 70 85 57 88 68 71 61 50 49 18 15 47 64 67 65 14 39 34 36 5 24 4
1621 22 443 94 66 30 63 54 38 59 65 43 21 99 62 91 59 11 91 29 25 90 92 44 54 57 66 45 90 1 1 65 56 95 30 37 9 36 26 19 52 61 72 35 74 14 45
1622 22 427 84 56 73 61 45 16 4 51 24 69 95 13 21 95 29 28 41 59 16 2 46 42 20 97 78 33 64 6 85 60 90 40 33 2 5 35 25 81 88 97 27 69 76 68
1623 22 442 27 91 69 24 32 88 20 61 39 24 78 23 84 67 62 68 98 19 24 32 94 100 64 34 96 91 2 71 58 80 61 78 3 45 17 22 5 37 60 81 66 34 47 83
1624 22 457 3 45 1 26 28 47 77 92 80 24 82 81 94 91 60 6 68 62 2 84 35 7 72 46 87 37 79 2 20 25 36 22 69 36 99 97 75 40 13 98 21 93 43 11
1625 22 420 4 1 78 17 2 13 51 60 37 96 98 73 26 51 45 51 86 66 71 74 17 19 55 43 58 20 41 30 12 35 40 16 87 69 32 41 34 35 70 30 50 94 56 100
1626 22 398 38 58 56 80 11 72 99 17 14 8 36 6 93 29 15 79 50 98 19 83 84 71 4 14 72 97 21 23 35 30 60 90 9 70 13 59 87 26 67 74 73 76 39 54
1627 22 434 85 89 25 67 72 47 70 37 18 19 57 40 53 86 52 94 95 21 6 53 59 83 71 33 66 26 5 93 62 44 99 46 32 23 65 3 21 86 40 38 4 48 29 8
1628 22 329 86 80 53 32 58 36 11 93 7 43 10 84 3 45 43 53 26 27 59 28 47 44 19 84 64 59 4 44 12 35 96 21 70 58 13 28 1 75 52 29 8 94 81 2
1629 22 474 19 7 60 98 53 56 69 88 7 87 51 65 42 46 76 76 93 97 97 3 61 77 55 35 40 6 63 99 99 43 1 69 12 18 86 92 25 24 95 42 65 40 17 92
1630 22 370 85 65 41 87 78 17 12 56 46 27 6 96 21 6 16 22 70 33 26 88 19 18 65 94 59 3 74 2 39 91 42 25 68 10 17 31 14 57 23 61 30 80 76 51
1631 22 363 49 9 28 89 79 45 53 72 8 58 82 63 83 36 1 73 29 78 40 39 46 71 7 60 72 8 9 48 10 9 38 97 34 1 42 58 43 56 93 78 56 65 6 33
1632 22 385 57 96 79 79 3 90 9 83 61 17 43 60 78 52 19 15 56 1 1 17 94 10 59 49 2 88 4 19 45 89 75 41 5 95 60 13 77 72 81 72 32 59 23 2
1633 22 446 25 74 58 25 74 74 70 36 84 18 37 71 55 67 14 81 59 32 53 43 50 82 30 53 97 40 27 99 17 100 56 93 26 81 63 61 64 32 49 86 57 56 52 70
1634 22 449 36 63 53 73 15 95 74 48 61 55 57 47 78 7 63 30 62 55 55 94 69 15 9 1 94 9 18 98 79 6 60 83 30 26 90 9 25 98 7 55 5 69 84 18
1635 22 556 76 38 12 44 4 20 96 18 66 5 88 15 35 45 74 17 51 98 80 76 87 88 53 37 95 7 41 15 90 58 79 21 34 82 93 29 99 10 33 38 24 67 82 49
1636 22 518 36 7 99 33 86 75 72 74 27 8 20 33 74 9 76 52 82 61 85 74 41 35 83 26 73 58 44 54 6 79 61 4 64 46 30 87 71 8 46 42 92 45 28 65
1637 22 338 5 55 68 86 67 52 11 7 87 45 32 59 2 76 64 7 6 24 63 21 22 92 7 44 52 38 43 48 65 8 53 71 75 38 37 27 1 95 13 45 27 23 47 54
1638 22 475 86 5 59 62 67 80 35 59 38 78 10 90 15 52 37 31 11 89 53 86 79 89 64 79 84 28 75 62 2 73 87 78 25 48 44 56 82 2 94 12 63 83 78 15
1639 22 520 71 9 25 60 61 62 90 2 77 20 37 56 94 50 57 67 64 44 44 40 43 39 96 77 93 89 40 55 23 17 21 93 98 4 59 45 91 88 79 43 10 28 28 43
1640 22 492 95 23 82 89 61 29 65 53 69 56 8 43 73 80 88 49 77 91 38 88 80 75 51 58 12 37 20 39 31 14 3 74 93 19 26 14 75 85 56 99 43 47 86 37
1641 22 474 80 73 16 6 75 26 87 14 46 77 45 60 90 9 14 63 53 84 88 66 10 25 74 8 89 16 7 33 95 13 25 62 70 52 39 96 38 53 42 66 49 53 55 9
1642 22 457 66 17 13 1 57 79 11 81 4 18 69 71 76 1 24 70 65 100 32 35 51 70 82 40 74 23 6 22 75 60 92 29 95 93 85 25 3 65 28 72 98 100 37 21
1643 22 510 69 2 21 52 88 23 74 69 63 47 44 68 70 79 54 62 7 48 91 72 8 55 51 79 49 78 28 21 99 81 93 2 20 16 75 40 78 74 83 45 46 53 66 82
1644 22 503 99 19 24 70 26 79 73 56 21 21 86 48 93 36 80 86 37 99 1 64 39 30 89 73 74 86 77 100 36 42 81 34 12 5 56 37 35 28 45 7 82 55 92 17
1645 22 435 34 29 5 85 29 20 75 58 60 47 83 45 76 83 33 17 15 66 71 21 17 57 13 64 99 94 70 43 62 55 19 39 52 38 65 9 50 64 44 46 39 78 78 7
1646 22 372 44 44 87 15 16 56 23 68 68 86 18 14 7 60 27 62 83 45 52 34 35 69 94 84 32 37 29 70 66 7 28 10 2 15 24 69 22 46 36 41 84 54 54 42
1647 22 486 65 81 3 47 77 7 32 11 75 26 94 58 62 75 27 80 33 6 89 86 20 12 54 41 9 42 82 44 47 87 86 63 19 40 96 98 93 58 24 18 52 81 78 59
1648 22 430 11 10 65 99 47 36 62 52 77 22 93 10 66 91 48 3 54 67 42 15 14 92 7 71 15 77 74 96 8 3 6 70 12 70 68 10 81 62 34 2 95 67 97 42
1649 22 424 21 2 60 63 68 25 6 26 48 20 2 21 67 61 24 73 30 87 94 49 97 99 29 58 32 83 63 78 49 11 72 70 12 31 84 79 8 41 57 55 58 27 79 71
1650 22 484 50 3 89 96 1 37 95 81 46 78 63 8 8 64 71 79 85 34 61 20 65 68 60 21 22 19 78 49 49 100 51 52 38 47 52 74 93 84 47 79 29 10 59 46
1651 22 437 34 20 65 98 87 24 18 61 94 48 9 43 47 10 45 98 43 1 25 35 85 96 83 74 89 44 26 48 59 19 53 57 5 76 21 73 63 72 35 8 50 22 58 37
1652 22 491 58 53 97 40 78 37 83 55 84 23 14 2 75 22 59 2 47 75 22 72 37 95 86 96 67 71 40 80 85 97 81 88 18 22 69 53 44 82 7 70 55 17 23 53
1653 22 460 91 97 76 42 33 70 27 28 89 97 24 28 29 61 25 13 41 64 26 10 86 94 15 81 73 51 79 21 61 21 53 83 99 32 71 48 8 98 68 74 40 60 38 65
1654 22 400 70 75 11 36 55 37 8 57 96 82 7 26 2 19 98 7 1 97 38 23 97 73 23 64 62 24 87 26 45 61 36 80 68 25 24 46 34 5 52 59 22 57 65 75
1655 22 431 5 2 97 52 99 21 74 14 19 35 37 5 12 33 18 100 85 76 50 8 21 83 65 24 42 23 45 50 87 19 6 40 68 9 38 40 82 4 58 68 40 15 31 25
1656 22 444 84 30 36 68 5 86 27 77 20 91 52 13 65 49 62 51 67 19 91 86 80 26 60 83 35 79 75 1 10 51 86 3 48 23 30 24 43 72 28 55 37 76 69 39
1657 22 431 94 39 81 80 66 13 5 77 95 91 56 21 92 65 71 75 7 9 78 54 31 59 30 25 82 57 32 70 9 25 38 41 55 53 12 32 3 87 72 94 20 9 49 15
1658 22 405 85 59 44 10 41 100 93 10 83 92 70 59 81 63 15 36 26 19 14 80 57 38 25 11 32 45 19 34 45 85 4 28 31 96 79 23 61 66 20 47 34 34 55 11
1659 22 417 52 21 91 60 10 15 70 41 11 40 26 56 25 95 6 31 62 91 66 40 12 80 47 97 87 58 48 59 7 68 28 60 77 67 85 84 31 94 95 56 99 25 8 12
1660 22 438 67 73 52 81 36 83 27 32 21 36 31 79 35 89 98 1 16 9 29 82 93 12 25 24 5 19 55 43 38 66 61 62 69 41 97 52 68 80 72 55 10 3 90 98
1661 22 442 52 42 65 61 22 47 5 33 71 28 89 41 11 95 35 100 60 95 62 81 88 10 32 7 90 55 61 51 9 2 1 61 43 65 73 16 77 48 33 57 67 82 59 18
1662 22 523 94 54 31 26 41 41 57 47 82 63 59 84 24 61 84 84 55 49 8 71 70 44 40 58 68 58 91 27 76 36 32 6 61 24 98 69 22 31 80 15 90 47 46 97
1663 22 457 17 57 32 86 52 24 95 71 33 38 97 8 73 80 66 34 3 15 2 24 98 85 56 12 91 47 61 32 93 59 28 61 67 12 47 70 35 93 40 67 30 89 27 3
1664 22 484 68 44 88 23 10 41 46 7 78 53 18 68 31 100 92 89 79 53 55 42 51 24 76 95 15 95 25 3 73 79 23 68 45 77 58 42 84 35 95 53 94 83 6 37
1665 22 496 23 84 41 77 26 43 52 53 38 19 99 14 21 23 44 43 90 61 87 67 70 81 2 57 75 54 11 68 89 16 56 11 51 97 40 28 91 43 81 80 61 31 93 82
1666 22 367 54 88 76 95 15 61 70 95 14 78 69 68 40 88 8 7 95 18 57 43 85 34 17 13 12 99 58 45 4 45 21 99 45 87 11 66 81 25 1 44 34 40 51 40
1667 22 414 34 20 48 29 77 84 62 28 26 39 51 35 36 54 32 56 52 28 94 63 93 26 39 87 82 72 17 84 11 2 3 58 30 79 42 43 58 93 21 49 43 55 84 49
1668 22 431 86 91 13 84 14 57 61 52 43 86 85 66 54 68 76 55 71 34 37 1 27 79 11 19 99 59 6 94 62 91 84 13 4 19 79 60 82 55 16 67 20 21 48 27
1669 22 472 56 33 63 9 59 94 19 29 44 77 42 49 22 55 40 57 20 95 75 50 54 5 31 60 97 32 92 83 79 18 90 11 81 98 21 74 68 49 69 44 43 18 17 49
1670 22 521 57 73 68 51 47 17 56 3 48 68 74 96 99 65 30 29 83 72 39 15 21 59 88 89 59 56 84 1 25 1 50 33 73 69 35 72 86 91 85 10 32 60 64 14
1671 22 396 88 46 37 78 60 57 99 45 46 7 29 99 31 81 48 64 5 68 98 76 40 2 41 49 1 73 64 38 47 62 74 24 21 30 11 72 27 9 78 7 7 60 39 6
1672 22 439 75 43 73 25 19 78 64 72 18 65 72 42 24 35 79 23 96 4 46 69 86 9 40 64 17 69 70 75 80 8 55 2 4 79 20 33 94 91 3 10 14 44 49 75
1673 22 448 8 96 30 53 16 15 13 7 78 81 27 99 55 7 58 86 60 42 43 79 74 36 22 76 98 35 72 83 35 98 90 83 94 98 42 59 57 71 39 83 70 46 41 27
1674 22 498 83 53 86 24 95 17 98 83 90 25 80 76 48 14 63 45 3 45 72 48 94 13 6 50 35 45 85 4 42 25 24 78 20 48 36 97 58 77 73 89 53 21 2 15
1675 22 456 65 56 11 36 4 56 61 58 35 57 42 90 98 18 72 22 95 44 21 71 79 17 28 56 41 17 60 61 70 26 26 26 36 13 81 43 51 98 93 92 16 68 57 59
1676 22 368 88 27 37 56 7 44 97 23 55 57 44 80 34 69 67 99 49 10 15 90 9 65 39 2 56 85 12 71 53 68 29 92 47 18 48 53 13 96 27 68 4 70 90 91
1677 22 398 14 88 39 75 2 80 83 18 18 36 73 55 99 96 7 19 76 50 65 45 49 69 58 44 95 77 48 16 23 37 6 88 97 62 29 76 46 46 32 70 1 93 37 56
1678 22 538 33 94 99 79 70 98 94 45 86 52 84 13 48 98 41 75 20 77 56 71 59 72 28 59 64 35 75 53 42 59 98 92 89 20 90 83 27 86 40 33 96 32 7 41
1679 22 474 18 79 70 25 49 80 48 77 91 12 63 65 64 4 76 61 95 64 80 36 98 95 15 83 46 6 67 93 37 26 34 6 4 55 30 52 78 80 24 41 42 41 56 45
1680 22 470 68 68 92 31 79 81 46 93 63 91 98 82 84 35 7 69 10 23 22 13 8 51 93 32 43 86 24 50 83 91 17 74 73 68 52 53 14 97 16 56 94 49 91 80
1681 22 477 55 59 72 16 33 45 28 41 47 72 24 89 58 47 38 40 89 6 65 61 74 68 14 39 64 81 94 10 29 85 41 83 95 64 98 28 60 77 20 6 49 43 46 6
1682 22 454 41 35 97 29 93 61 18 80 54 56 44 86 1 5 14 85 45 48 32 61 59 20 74 30 78 22 24 75 79 64 10 75 87 84 71 66 90 26 9 75 26 65 89 63
1683 22 468 62 36 94 22 33 4 41 6 70 79 56 45 57 71 54 31 66 7 17 49 77 82 90 54 43 17 79 59 93 20 44 38 76 41 34 33 25 3 11 32 47 19 2 52
1684 22 450 49 67 58 17 68 86 51 9 91 45 25 22 3 81 14 23 52 15 44 48 85 69 47 100 97 66 54 49 66 72 83 39 96 85 48 86 29 72 7 83 53 73 5 29
1685 22 457 24 20 80 67 67 16 87 69 63 39 18 28 92 66 45 63 75 27 54 70 1 8 91 24 14 74 28 38 30 56 61 1 88 80 20 3 65 56 5 44 47 22 89 62
1686 22 530 49 67 15 18 30 67 77 72 90 43 97 70 80 27 93 79 64 72 98 67 89 38 83 97 94 27 43 16 67 4 33 18 14 36 62 86 26 4 34 95 12 23 75 91
1687 22 378 87 98 40 53 39 77 35 71 13 29 38 31 33 53 16 2 37 29 98 66 15 1 61 36 11 83 10 53 69 60 93 73 12 84 91 24 80 7 44 32 22 98 2 87
1688 22 386 18 20 1 19 71 61 6 33 95 15 86 16 26 78 40 23 98 51 58 41 27 70 20 33 65 52 62 72 7 48 89 26 59 96 12 64 29 7 31 66 22 8 43 13
1689 22 452 83 92 64 40 32 90 9 52 74 74 55 79 35 78 85 35 66 63 86 77 10 98 92 38 56 74 29 82 49 41 41 4 3 24 45 64 27 18 37 81 96 23 58 33
1690 22 397 9 76 95 95 4 4 92 95 94 47 21 48 27 54 97 67 17 89 23 71 12 67 86 39 85 22 19 32 29 64 5 4 58 99 7 14 42 53 40 25 54 66 78 2
1691 22 529 85 46 90 7 69 2 73 54 92 9 76 62 41 72 56 28 45 66 79 51 72 56 37 12 80 42 29 58 44 13 3 85 19 71 38 44 77 29 52 52 91 44 75 32
1692 22 414 52 54 77 17 32 79 47 4 34 35 67 66 76 47 75 71 60 29 56 30 93 25 28 74 29 79 16 24 5 47 58 23 43 90 2 89 45 87 11 4 51 57 78 21
1693 22 453 68 7 28 50 58 73 74 37 46 2 15 61 26 71 7 100 80 82 95 69 35 35 65 73 10 75 77 60 84 6 32 3 12 60 52 21 57 29 79 23 89 4 45 47
1694 22 470 56 25 28 50 45 14 84 10 87 45 36 63 4 71 68 88 74 32 99 25 82 2 13 10 81 87 50 36 32 48 43 8 92 52 41 28 27 72 49 41 71 9 15 44
1695 22 437 92 13 21 47 46 74 59 55 6 46 4 42 29 3 84 36 30 28 39 71 7 52 97 78 52 38 57 22 98 23 18 41 87 38 32 11 86 69 95 41 10 23 44 45
1696 22 373 10 73 72 48 95 78 99 92 8 50 81 64 24 30 87 41 22 73 30 8 5 92 57 42 60 51 35 69 25 78 14 34 2 37 82 97 15 32 40 22 34 20 37 57
1697 22 474 1 75 97 22 48 26 81 4 17 38 77 40 31 97 65 60 62 98 99 31 10 13 63 49 86 96 20 74 52 20 49 100 93 48 73 51 45 62 21 2 30 70 66 89
1698 22 434 31 15 50 29 46 59 93 8 59 30 55 78 4 58 49 52 57 41 99 85 66 1 29 27 2 80 28 71 97 69 53 12 70 82 81 26 16 39 56 70 17 11 27 65
1699 22 518 62 35 58 12 19 23 12 47 49 62 48 81 42 70 77 10 23 88 79 56 96 59 81 11 98 88 32 66 50 10 82 11 44 39 74 62 61 37 99 60 40 30 70 1
1700 22 457 52 58 31 59 5 90 91 16 39 79 47 56 28 9 37 91 76 16 66 88 53 78 49 3 42 94 18 12 94 21 21 24 79 25 65 70 92 55 10 79 99 99 50 74
1701 22 514 37 67 13 89 44 14 43 33 55 36 50 18 81 71 90 56 49 67 21 18 58 27 69 100 89 48 98 87 68 100 12 4 18 24 62 89 86 94 96 73 95 13 53 65
1702 22 422 55 9 14 21 81 83 30 7 52 30 47 51 79 33 18 30 96 74 48 20 69 61 60 7 6 55 20 32 65 74 92 30 46 72 12 27 15 8 29 65 87 61 35 68
1703 22 384 57 60 15 28 28 27 87 34 32 94 65 84 13 96 48 86 39 29 83 62 92 9 43 7 17 71 23 55 9 74 40 68 41 19 67 57 33 51 50 97 34 62 44 33
1704 22 471 99 82 61 81 43 52 42 86 10 10 8 85 16 39 93 89 30 13 29 48 60 48 57 92 98 6 41 83 68 84 15 18 66 75 78 92 97 88 1 5 72 16 95 16
1705 22 450 56 77 28 37 76 39 84 32 83 33 38 23 15 57 58 81 26 23 55 24 35 84 67 83 71 67 87 94 34 34 10 42 89 78 85 80 13 69 14 45 36 11 66 93
1706 22 530 91 91 68 97 67 54 80 33 36 51 52 75 96 85 8 5 78 69 46 55 5 25 73 38 63 30 25 73 95 69 15 86 88 11 41 91 84 77 93 35 51 88 72 10
1707 22 486 45 1 78 90 56 82 66 74 55 3 89 36 79 13 31 99 28 16 87 90 19 27 80 54 24 41 5 12 64 14 43 97 71 25 62 97 16 85 46 97 96 44 76 63
1708 22 430 30 66 33 57 97 87 63 21 79 68 32 42 39 5 76 35 28 52 48 24 82 63 8 99 56 95 3 32 9 33 49 42 41 45 80 3 65 58 22 48 51 7 86 7
1709 22 389 34 72 85 19 57 18 33 16 16 92 72 62 95 55 23 79 3 64 71 99 73 64 4 47 11 54 53 49 12 86 46 22 43 54 39 75 70 6 19 93 68 65 47 90
1710 22 489 95 1 5 65 99 51 37 14 54 35 77 59 87 25 70 24 96 67 45 38 21 35 65 90 93 35 82 60 51 80 1 45 80 57 9 30 59 97 44 64 32 20 22 70
1711 22 523 96 43 94 43 62 90 81 82 25 97 23 69 83 56 80 33 35 80 77 66 88 37 47 46 85 42 61 68 13 34 38 8 76 83 51 37 24 83 70 100 31 44 68 13
1712 22 490 99 47 97 85 78 25 2 65 61 49 62 97 90 22 65 55 55 54 83 88 64 71 11 98 93 11 80 36 92 35 25 88 19 2 73 19 24 21 32 21 6 37 16 60
1713 22 391 90 30 94 77 45 17 87 43 9 49 22 44 27 66 30 3 5 1 4 69 73 74 44 45 6 16 11 52 74 22 93 3 68 69 47 84 8 41 92 56 15 87 34 32
1714 22 448 17 36 88 69 92 8 41 65 52 85 22 67 42 84 71 15 6 63 69 25 84 16 8 43 51 50 74 89 36 5 57 71 93 25 14 100 65 31 3 49 91 36 44 57
1715 22 504 93 6 26 17 41 93 76 35 78 37 66 72 30 23 94 74 47 8 64 38 80 64 89 1 6 76 44 63 68 2 88 36 63 81 31 40 17 8 38 80 81 63 40 40
1716 22 398 41 77 20 5 18 20 10 93 16 72 13 17 11 48 62 42 63 42 25 2 58 32 59 97 21 38 78 84 69 75 56 46 94 60 66 22 55 81 93 19 49 56 19 10
1717 22 534 97 81 52 21 82 61 53 41 58 25 78 87 60 45 55 35 28 12 14 45 85 69 77 30 87 25 5 87 81 85 90 54 19 50 59 7 88 45 42 85 76 37 51 55
1718 22 509 65 52 85 85 28 14 71 5 50 28 91 82 64 32 35 34 81 44 92 40 26 32 84 19 16 35 94 52 86 100 3 50 87 34 31 52 56 87 1 35 77 83 51 8
1719 22 344 69 84 40 13 28 79 90 59 15 8 26 49 53 29 34 52 31 35 55 18 20 37 21 28 23 22 14 51 4 64 10 24 48 49 36 27 80 25 37 94 84 62 42 36
1720 22 468 42 28 88 72 14 94 41 86 82 62 13 4 35 78 54 90 15 13 63 1 67 94 77 3 87 61 16 81 96 57 60 35 80 25 28 73 10 61 86 74 64 20 52 69
1721 22 496 61 45 83 73 85 98 25 3 91 2 57 30 62 24 32 21 92 11 97 71 35 7 84 72 47 43 68 3 27 2 28 63 51 52 17 94 53 25 75 66 48 36 23 31
1722 22 516 8 66 94 4 88 28 62 71 70 42 76 89 97 55 90 24 69 93 75 38 86 80 60 45 47 19 92 54 36 85 57 24 65 19 16 12 15 9 39 3 5 45 45 28
1723 22 352 14 37 55 51 22 86 64 33 30 25 79 1 69 84 36 5 40 59 10 5 84 73 71 93 74 49 8 18 29 73 54 83 23 27 20 39 11 1 15 89 1 83 72 37
1724 22 304 40 63 47 8 25 3 44 49 74 36 12 99 36 72 68 64 21 46 19 99 17 57 9 18 23 49 18 6 72 6 45 86 5 4 10 59 11 84 34 22 82 70 49 33
1725 22 488 89 21 31 7 71 47 15 31 16 37 79 34 94 2 91 90 88 47 46 49 6 92 59 89 78 33 23 99 77 23 83 17 44 13 66 12 97 27 27 12 29 3 13 68
1726 22 458 1 58 16 6 27 95 78 59 69 76 35 91 59 52 34 23 26 52 86 67 48 13 44 26 76 66 54 30 73 31 89 36 88 15 82 65 25 50 93 59 3 62 40 29
1727 22 370 63 6 76 27 1 2 2 66 7 84 96 32 14 82 20 1 69 86 35 86 62 36 78 20 28 80 34 6 56 25 18 82 44 82 15 98 99 21 81 94 4 46 23 46
1728 22 536 96 60 80 81 21 16 58 93 95 89 78 100 97 2 34 66 35 95 10 16 9 59 66 81 91 12 85 36 39 59 81 34 71 13 67 91 76 35 74 17 64 26 13 17
1729 22 479 59 78 51 53 39 18 13 97 84 93 87 47 77 74 85 88 7 70 58 19 88 100 50 64 75 80 92 67 10 21 69 62 60 87 26 8 22 19 95 68 47 68 4 34
1730 22 476 74 73 43 44 13 43 45 76 81 72 7 30 71 98 48 33 70 17 94 29 55 20 37 76 90 83 95 88 50 98 76 22 16 71 34 10 61 90 39 67 72 61 19 93
1731 22 380 86 87 39 14 41 10 2 68 99 84 62 38 11 11 13 85 27 83 70 88 50 31 78 88 49 1 1 65 19 93 58 31 15 98 40 69 18 90 52 31 28 89 94 38
1732 22 394 1 78 16 36 47 4 37 29 33 77 78 33 77 94 3 21 95 60 52 9 10 43 29 79 85 33 9 64 21 2 53 74 79 69 61 78 24 97 58 8 25 87 92 53
1733 22 487 80 46 74 74 58 25 35 19 19 63 97 3 47 5 18 68 7 71 93 37 91 53 66 66 1 76 73 78 62 16 30 94 13 3 67 70 79 53 88 98 68 36 52 14
1734 22 508 41 70 33 99 92 77 87 82 81 5 47 82 80 71 11 93 86 40 98 95 5 20 73 9 59 22 76 95 26 42 95 74 85 38 51 23 19 31 27 65 64 58 35 26
1735 22 542 51 72 66 88 21 60 44 40 84 53 99 6 80 93 31 21 79 77 47 15 97 37 16 100 95 73 86 20 75 57 37 15 77 48 58 69 32 62 67 89 42 11 71 62
1736 22 482 89 99 8 55 64 56 43 47 87 58 98 81 83 83 52 9 39 41 23 67 88 33 35 71 94 53 11 35 63 81 97 3 31 56 57 94 12 100 92 98 9 89 30 91
1737 22 433 23 33 61 73 74 80 6 14 83 100 67 94 86 81 26 82 84 57 90 92 2 1 43 46 50 52 31 94 9 63 45 21 36 19 52 96 76 66 30 75 16 1 94 99
1738 22 411 57 83 91 10 35 33 55 84 36 93 14 30 1 29 74 73 64 44 25 11 20 42 40 46 77 15 58 92 15 52 43 71 86 85 32 21 69 87 56 5 31 22 50 59
1739 22 486 55 65 79 75 74 72 14 19 48 28 77 92 42 80 34 64 17 18 96 89 86 34 45 42 64 18 27 46 19 38 83 92 31 57 2 22 87 2 50 63 93 43 94 26
1740 22 403 7 11 95 54 99 32 87 95 26 2 64 52 47 34 41 46 16 32 28 24 30 98 31 99 1 23 57 46 52 7 77 90 54 2 91 69 6 37 3 46 35 70 62 94
1741 22 444 29 43 91 15 73 89 68 47 81 62 98 80 70 43 83 28 20 25 15 50 78 4 4 76 90 73 5 51 66 33 46 8 48 67 17 81 80 66 12 1 9 46 28 80
1742 22 426 70 61 4 37 62 82 40 65 9 29 37 13 31 55 97 76 14 48 46 62 94 45 79 5 45 39 50 25 72 85 74 8 7 47 10 15 27 98 57 52 75 85 66 23
1743 22 418 30 79 36 95 72 33 25 28 29 16 53 85 89 58 7 86 64 53 95 30 31 45 56 88 96 31 13 5 91 40 99 14 24 23 41 53 38 70 5 75 21 94 32 28
1744 22 538 79 48 32 26 77 63 70 85 50 17 67 73 30 71 72 62 75 86 38 49 26 90 39 47 94 13 68 39 96 95 95 78 47 24 40 68 60 41 84 78 65 65 41 37
1745 22 502 61 67 22 98 16 99 39 54 46 85 18 65 23 13 11 44 60 88 90 83 80 57 94 20 93 71 85 57 70 77 82 44 66 32 59 65 64 62 54 81 78 77 45 88
1746 22 457 72 56 27 62 38 6 70 31 26 62 53 62 71 22 90 15 4 33 81 35 43 97 6 10 58 38 87 86 35 74 57 90 80 6 40 62 83 1 15 96 23 88 85 38
1747 22 479 91 18 70 25 12 66 81 18 75 90 7 61 93 86 83 35 85 53 66 42 92 79 76 44 45 71 19 33 8 56 23 25 25 100 36 42 32 5 68 21 64 28 47 56
1748 22 523 65 29 42 1 33 7 43 76 86 70 72 30 93 90 14 100 97 37 76 21 88 63 71 68 81 91 83 60 37 90 24 17 32 24 50 38 18 77 75 88 48 57 80 37
1749 22 436 70 79 33 6 54 5 45 16 15 35 50 57 69 9 59 84 62 90 8 63 79 77 39 54 64 87 10 95 75 79 25 60 37 30 16 33 98 86 32 35 56 1 96 1
1750 22 418 11 79 14 100 38 76 78 15 66 83 30 4 44 25 31 75 1 90 5 95 28 42 94 11 77 2 24 54 73 2 67 72 92 94 2 58 59 36 87 15 80 63 45 54
1751 22 490 64 86 16 94 42 10 21 84 56 31 12 57 94 35 10 18 88 76 90 79 43 36 79 78 75 45 9 37 89 62 74 29 45 16 39 17 99 94 2 93 96 11 83 38
1752 22 354 51 62 58 45 49 88 23 23 33 83 12 21 97 11 47 25 8 14 15 24 64 8 25 61 67 20 71 29 2 8 79 15 17 76 16 5 98 38 37 32 9 28 7 53
1753 22 468 19 20 67 42 83 27 65 7 87 83 26 10 11 80 69 42 46 86 17 61 90 14 51 78 97 51 38 25 62 45 77 32 16 95 99 21 42 57 60 24 35 69 14 89
1754 22 440 76 59 74 92 72 15 57 22 44 53 82 77 34 78 5 17 45 100 42 43 83 52 59 86 3 93 51 92 20 61 65 63 32 32 19 53 75 23 25 8 52 10 85 8
1755 22 405 78 30 7 20 24 31 54 27 65 64 64 68 8 14 59 27 27 75 41 58 6 11 63 81 34 39 88 37 25 44 77 6 3 48 81 85 49 17 71 16 37 26 53 44
1756 22 418 72 58 54 34 90 39 24 30 75 23 71 52 11 73 99 91 57 52 50 57 21 21 73 97 9 50 51 71 2 46 42 12 52 28 1 42 30 17 26 35 39 77 97 11
1757 22 438 75 88 19 79 89 75 51 9 99 99 17 49 49 39 2 95 33 13 98 60 14 39 62 95 7 87 82 45 63 78 90 17 77 20 6 52 70 66 20 83 68 73 4 14
1758 22 404 5 68 11 16 33 2 78 28 8 16 61 53 31 38 20 7 88 91 12 91 77 92 94 98 84 49 64 40 16 26 56 49 27 33 28 35 48 88 39 30 49 49 83 88
1759 22 478 91 94 78 2 23 22 32 33 67 82 68 15 45 8 82 22 63 82 49 47 61 83 46 48 73 76 77 73 76 59 5 38 27 59 11 25 81 79 38 73 98 100 6 98
1760 22 494 46 67 80 43 66 4 18 42 77 94 53 37 60 57 26 27 83 85 78 45 61 10 23 52 86 60 76 36 11 81 33 8 99 65 51 65 68 68 58 96 10 32 72 66
1761 22 426 58 99 94 76 45 54 86 19 5 23 31 32 10 93 65 43 1 63 7 3 79 26 70 37 22 83 46 5 54 64 62 4 15 7 32 11 61 69 82 17 91 12 49 1
1762 22 435 56 13 95 56 27 53 58 6 30 80 94 51 62 91 8 67 54 21 71 21 28 54 31 88 22 12 64 75 4 64 68 10 38 47 48 52 92 27 97 94 40 87 1 58
1763 22 422 41 22 80 61 49 33 43 88 54 7 18 81 99 33 63 18 53 64 56 100 67 99 26 15 93 17 2 45 74 42 86 48 5 92 9 87 50 41 1 19 35 53 52 1
1764 22 418 41 29 16 85 45 69 82 71 62 99 24 67 17 61 14 73 52 20 60 58 73 53 58 92 39 63 26 81 78 74 95 45 10 91 13 91 61 74 90 36 40 58 49 6
1765 22 402 30 100 77 6 12 34 78 16 91 21 54 53 98 87 19 28 65 72 21 55 37 12 68 62 1 55 10 3 11 39 3 87 96 66 20 74 81 62 46 86 15 96 72 85
1766 22 453 23 35 49 46 56 55 34 67 74 96 19 29 1 80 83 11 70 37 97 66 2 68 39 82 29 36 68 95 31 91 79 5 26 79 51 81 86 84 99 11 69 39 48 74
1767 22 444 93 17 10 89 34 12 56 24 37 60 12 31 42 3 47 80 40 49 77 32 62 88 63 82 78 45 29 51 38 97 61 78 31 72 86 54 16 22 65 28 52 7 82 13
1768 22 484 5 61 53 72 81 36 85 20 50 66 98 95 46 100 84 42 60 13 24 83 30 51 71 46 75 4 11 87 8 23 43 12 76 48 95 97 44 43 40 44 78 33 55 91
1769 22 384 9 90 40 90 11 35 69 85 91 31 23 98 5 18 62 50 93 9 31 39 57 77 35 52 16 30 29 100 36 19 60 25 59 49 21 36 26 66 79 75 22 48 88 71
1770 22 406 92 48 53 83 5 29 17 56 96 98 84 48 33 55 7 10 13 8 25 33 95 61 89 20 78 19 46 100 19 34 22 10 27 92 37 55 8 44 51 5 28 98 90 82
1771 22 398 56 99 46 63 23 30 57 35 70 28 65 40 26 16 58 11 37 68 43 63 59 80 19 23 20 75 2 69 64 35 24 62 32 87 61 95 71 82 35 22 48 50 79 58
1772 22 414 39 98 53 57 31 22 27 6 93 1 7 13 65 94 37 78 25 75 14 38 21 37 71 43 23 92 42 73 99 63 20 51 67 76 81 89 54 38 33 55 45 46 90 34
1773 22 378 66 60 55 80 2 26 23 24 17 16 48 39 15 10 11 17 29 38 49 17 92 87 1 46 83 46 68 72 31 67 89 90 32 44 70 85 69 44 9 37 59 8 28 25
1774 22 460 70 38 41 98 75 42 14 66 28 66 63 10 64 82 33 94 49 21 36 32 16 5 17 84 77 73 58 84 83 53 89 75 50 15 15 33 95 81 47 56 44 29 88 89
1775 22 438 29 61 24 60 76 80 28 12 79 4 36 37 88 87 71 40 75 45 42 41 13 56 73 7 20 63 31 100 2 20 62 43 39 90 23 67 53 1 70 88 89 9 74 59
1776 22 504 49 100 56 90 40 68 97 65 74 33 36 88 63 35 90 34 62 3 77 100 92 51 66 96 3 88 83 92 96 8 2 96 7 57 37 99 24 34 50 18 80 84 78 66
1777 22 488 97 81 42 96 24 44 14 20 98 53 54 41 62 43 96 20 51 32 70 27 17 84 76 34 33 64 66 16 31 12 74 24 60 97 19 25 68 16 77 22 57 76 35 51
1778 22 384 23 54 1 7 24 79 59 6 9 92 70 74 7 63 4 71 36 79 30 84 97 54 52 12 82 73 20 57 32 12 38 87 60 46 68 37 28 93 95 42 96 65 29 74
1779 22 430 46 12 22 51 15 34 32 39 53 41 97 23 72 9 9 47 20 44 55 40 82 32 27 23 80 43 3 5 89 15 91 29 60 23 64 63 16 86 86 76 34 94 23 31
1780 22 475 65 18 37 4 50 19 36 28 93 15 22 96 19 62 62 45 53 42 56 75 61 20 89 77 57 26 4 91 71 26 73 35 96 9 39 45 79 26 24 72 92 45 10 7
1781 22 420 80 7 59 73 62 85 34 33 73 62 90 98 65 32 68 43 4 54 38 64 44 34 43 69 57 66 60 53 36 22 67 28 17 39 41 53 24 26 25 85 15 74 50 46
1782 22 475 93 44 1 47 81 64 90 66 58 11 74 75 70 26 10 43 85 76 53 67 63 6 88 82 75 54 8 76 51 52 19 51 50 51 66 92 68 76 2 41 23 66 60 66
1783 22 444 2 87 87 7 53 49 64 43 88 97 69 41 56 44 43 8 14 93 57 16 11 48 83 86 1 23 24 40 98 41 94 85 27 52 89 28 67 83 15 63 51 8 19 46
1784 22 406 50 78 11 95 34 26 57 34 8 94 82 80 9 74 30 49 67 14 28 70 54 55 36 37 21 50 39 80 20 37 97 47 76 83 25 84 68 84 77 1 66 8 62 39
1785 22 505 37 62 57 2 89 26 56 95 13 44 16 62 34 95 82 22 76 30 21 3 64 45 86 31 28 14 84 45 74 45 83 10 58 91 47 68 71 41 80 14 8 94 99 3
1786 22 432 27 21 30 56 41 33 20 37 70 50 64 36 85 9 9 29 43 18 87 86 33 85 53 3 77 33 68 85 78 67 4 39 16 59 31 100 67 22 32 30 57 16 90 65
1787 22 446 97 85 34 35 22 67 19 74 69 95 58 37 79 35 55 17 38 93 85 49 23 36 30 89 57 13 70 13 29 12 77 77 48 11 11 69 94 97 75 52 6 38 39 22
1788 22 437 28 83 6 76 57 42 97 50 70 19 63 98 30 91 74 29 53 36 49 81 16 42 78 90 45 14 95 83 17 62 87 74 37 44 67 45 40 17 14 58 31 63 39 21
1789 22 472 88 67 74 23 15 54 38 9 83 28 53 97 87 49 42 48 68 36 30 34 81 70 2 94 79 32 9 18 96 36 78 71 51 31 8 11 14 87 63 62 61 2 62 54
1790 22 435 49 48 21 37 78 7 17 99 8 62 77 40 70 94 44 18 30 21 88 32 3 47 94 68 34 56 29 46 9 90 99 58 38 72 67 78 62 65 85 23 41 76 45 87
1791 22 434 71 14 68 43 1 51 46 47 44 13 32 51 94 29 60 35 80 69 72 51 14 90 28 75 54 64 49 47 92 45 85 62 58 4 5 10 6 2 9 49 66 40 51 59
1792 22 390 69 62 94 48 30 17 50 43 7 29 12 92 70 10 83 14 45 24 49 1 33 54 2 41 67 33 5 78 53 66 23 52 48 39 1 90 97 29 11 61 72 32 55 45
1793 22 415 16 51 20 64 51 53 18 4 45 71 22 29 27 99 81 93 21 32 40 12 84 81 60 12 43 20 74 42 90 71 9 92 24 42 94 93 97 91 19 42 17 100 86 89
1794 22 500 83 25 52 67 58 12 78 100 13 26 76 54 96 84 45 37 60 38 34 73 67 52 43 9 20 42 94 60 25 71 12 43 28 75 79 9 85 56 38 3 92 79 74 83
1795 22 419 6 98 49 57 40 57 28 34 3 39 10 73 50 52 52 76 23 82 37 7 90 21 97 92 92 31 83 23 56 5 55 5 5 63 45 14 42 78 16 81 87 40 82 38
1796 22 457 43 58 60 76 94 19 65 66 15 57 9 45 91 83 46 99 39 53 3 44 67 47 24 24 41 62 22 51 57 31 63 32 76 81 97 93 47 5 2 43 95 36 88 45
1797 22 478 75 92 48 70 59 94 78 19 70 53 83 67 80 34 63 96 58 38 28 6 31 26 10 84 68 57 19 7 53 45 51 100 66 9 46 95 79 67 47 37 49 65 34 91
1798 22 387 82 81 49 20 8 6 2 33 68 85 52 76 3 59 28 100 9 28 65 69 25 60 99 91 58 35 39 75 54 25 36 5 7 13 71 8 97 38 44 49 13 46 59 92
1799 22 490 97 19 19 62 39 43 73 37 85 82 23 76 56 28 15 4 89 21 68 11 80 65 65 12 21 23 4 17 93 74 30 31 69 54 53 36 41 80 43 68 79 67 83 83
1800 22 508 56 3 50 66 35 66 66 57 30 29 77 4 84 46 48 10 75 78 78 81 96 82 16 88 14 10 92 77 38 26 76 1 26 93 23 47 63 78 82 8 91 35 55 20
1801 22 475 15 3 54 82 90 67 43 97 58 19 34 36 78 63 55 55 72 89 29 18 4 7 52 11 84 42 97 90 14 63 92 67 44 34 85 87 30 94 57 16 11 45 91 17
1802 22 418 99 98 88 40 26 58 43 84 9 5 67 50 54 57 15 16 33 60 17 98 11 6 30 91 68 74 34 84 24 31 72 15 56 29 57 40 37 14 58 38 66 53 82 66
1803 22 391 85 93 50 54 42 64 16 100 45 6 67 70 39 51 46 69 22 60 77 2 69 16 38 82 25 27 91 31 33 56 68 78 5 21 19 21 36 18 17 93 84 87 4 8
1804 22 461 43 80 61 11 47 98 44 72 76 95 62 7 28 69 74 5 25 46 75 45 81 45 14 25 52 60 67 35 64 26 29 95 86 92 94 35 35 65 10 30 78 16 9 46
1805 22 319 41 13 22 86 39 19 18 83 32 43 63 35 2 29 69 17 54 49 64 91 40 57 25 27 73 35 8 2 16 99 43 80 20 28 38 46 1 21 15 55 93 44 23 10
1806 22 370 49 24 25 40 63 81 64 89 5 50 96 6 52 63 4 94 42 23 21 12 13 18 33 57 78 88 50 73 62 11 22 85 35 13 48 15 28 88 71 78 36 76 29 50
1807 22 437 31 74 44 5 46 55 17 64 70 2 72 47 89 21 20 2 93 87 57 86 83 84 25 53 61 60 28 41 62 58 66 5 63 64 11 31 27 80 32 50 26 72 71 97
1808 22 413 74 53 41 60 22 97 97 4 33 21 57 93 36 86 94 46 3 50 8 66 60 90 44 39 16 93 65 18 20 57 77 41 54 73 45 38 46 53 30 78 88 67 23 33
1809 22 468 70 72 92 35 31 82 79 21 55 24 36 99 39 100 17 58 57 45 99 62 18 95 15 47 80 92 86 99 66 19 20 37 10 6 19 43 84 39 97 59 74 48 26 64
1810 22 333 7 34 8 57 47 77 51 97 91 49 28 34 34 26 4 97 87 14 3 57 38 95 57 97 21 4 45 98 19 51 31 78 29 55 9 25 97 57 52 83 43 30 33 46
1811 22 460 78 72 11 80 28 19 18 75 75 66 95 30 10 92 48 61 74 25 67 2 31 28 80 36 81 62 62 46 76 40 17 86 19 97 56 88 23 30 53 69 63 12 85 35
1812 22 376 41 38 17 68 15 96 4 47 57 33 9 55 8 48 23 94 18 19 49 6 93 31 58 61 20 72 3 94 89 35 45 5 54 11 53 57 61 42 66 15 65 38 94 82
1813 22 528 8 95 87 1 77 97 13 69 16 85 23 10 92 11 96 37 68 49 99 20 58 56 80 99 73 95 89 84 45 23 91 91 9 43 67 5 56 87 62 34 83 72 29 71
1814 22 433 91 29 70 10 86 77 42 36 2 88 87 42 71 31 64 13 21 73 8 39 29 63 77 53 54 38 38 88 62 66 11 52 47 80 14 32 55 20 61 42 6 3 88 66
1815 22 439 28 60 90 35 50 71 49 26 75 54 16 13 42 77 30 52 80 76 83 93 8 42 99 79 3 92 84 57 7 23 22 35 82 64 69 31 34 18 60 71 23 72 64 51
1816 22 316 2 15 31 77 49 75 36 91 26 66 45 17 1 24 71 22 10 4 37 78 34 22 47 42 82 70 16 53 33 67 6 100 35 48 23 70 90 48 17 36 92 59 8 1
1817 22 455 62 44 30 48 66 77 89 47 46 4 51 30 22 57 29 70 91 29 93 12 18 92 99 52 60 87 85 3 45 44 55 58 88 85 5 5 13 45 3 10 49 53 39 70
1818 22 461 61 68 92 3 48 84 15 65 27 65 16 39 51 53 41 95 96 96 53 35 32 9 91 44 54 93 98 43 75 10 62 66 13 9 1 79 74 28 43 41 18 94 93 58
1819 22 385 40 41 5 44 27 36 53 18 31 58 10 35 11 59 78 85 69 91 51 33 73 30 65 99 98 58 9 90 50 13 33 76 1 37 93 83 94 55 18 56 13 47 41 33
1820 22 490 37 43 65 36 45 75 60 75 80 25 73 29 34 81 18 83 46 3 58 98 91 3 85 57 97 40 21 95 32 6 74 22 19 19 79 45 28 55 69 8 88 2 26 22
1821 22 406 47 80 31 96 70 33 75 54 41 24 46 14 18 77 19 49 3 40 20 73 88 98 17 67 4 85 91 86 64 84 79 94 48 27 6 54 67 29 51 32 50 47 81 42
1822 22 408 66 53 81 15 21 48 18 58 74 60 43 25 23 79 55 16 9 54 94 14 7 13 44 40 88 46 38 20 39 55 25 19 69 45 2 91 97 97 15 71 27 69 86 35
1823 22 443 23 80 1 81 92 94 90 87 85 29 32 22 48 70 28 72 89 48 69 58 70 49 33 66 15 3 84 89 79 58 20 79 38 63 24 79 49 9 7 81 82 7 50 10
1824 22 527 78 90 57 46 48 42 68 48 74 33 62 29 77 97 17 7 54 88 85 44 50 8 22 98 81 78 87 80 59 16 69 67 60 81 67 34 65 29 14 41 25 30 99 79
1825 22 400 69 35 74 18 43 95 15 62 75 45 11 13 24 21 29 44 88 42 64 47 22 30 32 86 10 45 79 35 26 77 65 94 12 38 6 84 78 67 59 22 23 97 98 51
1826 22 513 40 37 92 55 84 13 85 15 51 94 60 29 80 85 57 96 79 20 33 41 25 69 70 44 27 91 73 1 87 22 52 79 59 43 42 8 69 56 10 63 15 90 94 52
1827 22 468 46 90 82 66 74 74 42 42 44 85 20 86 9 21 73 31 72 3 89 66 87 30 25 56 85 34 70 52 23 63 55 21 4 88 86 78 61 79 19 4 16 91 90 24
1828 22 448 11 14 6 34 68 94 99 54 23 24 9 60 30 63 32 93 17 52 96 4 89 25 16 19 72 86 86 13 10 96 78 15 81 45 61 79 50 83 54 59 94 63 40 56
1829 22 419 46 32 24 49 80 79 89 56 95 7 51 66 93 36 78 54 83 7 20 63 94 100 15 99 10 8 13 50 16 58 33 39 58 64 18 46 12 5 22 29 97 58 2 92
1830 22 412 64 73 7 66 53 52 65 19 50 27 26 15 28 93 72 60 32 82 24 49 27 95 12 31 16 92 79 25 49 80 69 64 75 29 57 78 45 27 71 52 93 50 17 10
1831 22 472 28 98 85 28 76 79 91 7 46 82 37 71 82 69 39 45 73 65 25 81 94 21 7 72 92 10 65 93 6 81 2 33 78 38 60 53 16 50 11 14 83 48 84 64
1832 22 450 68 74 60 40 90 84 20 83 5 78 54 48 87 18 40 93 98 94 25 27 31 37 80 99 86 90 12 69 89 95 84 56 44 47 9 27 18 91 83 95 30 82 14 22
1833 22 448 74 11 15 50 38 45 86 69 95 24 10 6 44 51 27 58 71 70 5 79 49 74 69 31 65 13 2 30 34 75 40 100 76 29 96 62 91 85 59 96 28 9 48 6
1834 22 457 66 18 76 22 97 24 96 17 54 16 33 66 17 62 51 43 50 18 34 46 31 83 36 15 93 83 94 53 30 100 70 100 27 44 39 64 55 6 49 73 22 62 23 16
1835 22 422 15 25 33 1 70 64 35 57 30 27 91 76 31 21 27 100 72 53 43 67 54 33 82 8 38 30 80 11 44 55 78 58 79 11 10 100 26 44 8 7 98 34 12 52
1836 22 387 41 16 94 59 69 79 93 29 68 74 60 79 17 14 8 27 44 18 36 43 95 80 2 54 1 52 39 53 73 51 4 66 18 49 76 87 27 68 67 47 26 77 10 92
1837 22 470 84 88 35 54 24 30 48 55 83 53 55 34 44 7 59 46 62 24 63 11 99 1 89 19 67 35 64 45 11 73 36 95 13 22 51 47 90 86 52 96 19 95 29 92
1838 22 394 16 52 54 78 3 55 19 73 73 53 36 17 60 4 62 72 26 61 59 28 13 10 96 84 56 2 12 47 17 16 53 47 70 59 65 42 31 69 29 100 40 55 97 12
1839 22 411 32 57 22 60 16 22 24 77 69 59 85 70 23 31 38 38 83 36 59 93 52 24 21 80 75 56 19 29 5 82 61 13 4 72 80 77 95 57 97 6 41 18 28 23
1840 22 458 55 17 58 43 27 50 94 78 25 14 9 99 22 27 80 26 61 92 38 16 63 70 92 9 26 88 14 18 5 93 11 61 49 5 87 99 99 64 75 64 72 74 85 51
1841 22 436 5 62 11 96 52 78 58 21 69 18 46 8 84 15 64 76 6 26 89 55 31 75 29 39 79 92 62 4 12 8 90 74 55 41 51 12 13 71 82 10 78 65 24 93
1842 22 372 92 30 19 80 36 1 55 92 81 45 22 24 6 26 52 70 85 94 43 40 86 46 3 99 16 84 8 46 32 38 44 13 23 100 29 43 88 25 64 12 31 41 15 100
1843 22 493 26 8 94 65 39 19 44 55 3 51 52 54 34 89 97 98 72 97 56 52 91 44 77 55 7 7 95 21 58 72 29 3 88 74 42 7 17 48 61 67 99 14 53 39
1844 22 499 63 50 87 34 99 43 85 89 86 61 95 92 19 90 12 28 61 92 83 1 65 24 7 81 23 67 73 32 4 11 94 53 98 79 51 92 16 92 29 28 72 99 27 83
1845 22 461 26 40 27 60 40 43 83 46 76 57 64 75 81 47 78 92 93 82 41 71 85 84 38 76 12 66 61 83 17 41 79 43 1 18 86 35 15 13 44 30 39 24 68 67
1846 22 433 68 49 59 91 33 42 28 60 53 45 73 87 60 12 4 53 90 98 35 39 47 34 2 85 58 29 52 76 97 53 39 85 18 97 81 63 69 19 74 80 22 26 21 72
1847 22 453 30 79 6 69 3 5 54 56 89 11 84 93 87 32 45 73 70 81 88 77 32 2 51 75 76 24 1 96 95 30 26 53 50 80 57 4 35 97 66 19 4 50 85 76
1848 22 460 72 66 76 59 42 7 12 39 9 38 66 33 90 14 79 72 39 31 21 19 87 76 5 36 94 23 24 97 25 9 96 26 6 19 58 17 57 19 54 75 51 96 88 81
1849 22 452 67 26 12 39 96 50 15 1 85 60 75 61 56 99 21 80 94 46 31 99 16 41 73 59 47 61 68 86 41 34 63 52 72 59 54 38 11 90 49 37 50 5 36 70
1850 22 440 36 81 67 19 32 83 59 50 7 17 22 5 77 41 90 69 26 52 73 50 62 26 39 24 15 88 13 17 44 100 38 79 80 5 97 63 45 23 86 1 51 27 42 72
1851 22 453 4 93 44 53 7 21 92 82 87 79 94 3 22 93 93 52 25 49 1 87 51 83 82 37 83 84 15 76 55 18 20 98 23 26 70 66 60 57 96 53 11 69 98 3
1852 22 401 20 22 51 72 60 37 31 11 71 12 99 5 47 65 80 2 82 100 56 77 21 21 36 77 16 41 39 36 38 42 8 11 92 79 22 81 9 84 72 82 19 46 35 20
1853 22 374 80 86 22 35 63 42 8 98 70 75 90 61 11 79 2 18 41 93 48 63 73 57 46 76 28 28 31 98 25 17 17 4 3 91 91 65 84 50 14 6 24 4 66 86
1854 22 462 82 67 55 75 11 3 37 84 34 59 90 61 41 88 38 57 56 41 59 46 83 23 30 32 89 35 92 100 93 25 18 48 99 28 50 87 63 12 21 73 1 33 13 88
1855 22 450 70 70 44 63 80 41 45 55 22 77 43 56 84 86 7 28 62 76 75 13 4 76 99 66 87 71 39 88 3 27 25 72 63 84 58 84 12 52 92 47 37 50 74 98
1856 22 404 26 1 62 81 76 61 46 15 83 36 54 38 39 80 15 62 2 53 17 16 88 74 51 99 77 42 97 13 44 23 63 21 75 24 1 2 36 98 16 71 34 69 8 24
1857 22 341 1 22 37 54 75 54 69 62 79 71 13 56 61 20 8 35 34 28 9 10 28 11 97 25 26 67 10 47 27 85 47 48 74 52 20 88 90 52 16 54 12 36 21 40
1858 22 467 7 30 19 17 79 96 95 45 57 41 23 42 39 71 67 90 96 45 61 35 53 2 86 69 8 50 56 20 48 28 12 54 10 30 71 88 77 17 84 34 27 47 93 36
1859 22 453 24 37 48 59 41 49 96 61 8 45 68 28 44 96 91 98 5 72 20 92 49 36 75 34 81 60 90 9 52 25 33 40 43 32 72 38 93 80 35 60 59 78 7 1
1860 22 312 27 11 72 46 54 20 33 29 5 76 61 64 17 70 67 93 58 16 48 90 40 37 34 19 71 45 29 1 4 29 14 52 25 68 24 9 28 37 8 92 53 29 10 46
1861 22 378 82 68 13 81 9 52 18 94 22 40 90 50 40 93 30 19 7 82 43 26 5 3 73 32 39 32 75 92 61 85 89 94 4 1 12 53 92 57 74 31 46 76 23 39
1862 22 450 5 41 97 38 35 22 94 37 46 26 76 77 52 19 37 88 59 83 91 59 57 54 63 100 10 89 82 8 64 4 20 96 58 30 15 51 67 12 28 94 40 80 29 19
1863 22 470 22 11 10 80 67 15 95 18 77 83 99 84 46 3 29 65 98 74 74 80 88 77 51 4 91 90 35 6 18 6 27 80 15 58 81 52 63 57 34 14 40 31 16 20
1864 22 478 48 65 93 21 44 32 49 93 82 5 35 24 39 40 66 73 10 76 70 91 27 33 99 13 98 39 43 13 58 42 29 3 15 25 34 63 17 68 67 52 91 58 83 53
1865 22 407 9 55 63 84 25 5 62 9 3 74 6 93 69 70 51 10 98 53 24 74 38 87 91 5 5 42 95 62 84 30 15 44 29 27 60 85 41 20 39 14 77 32 34 98
1866 22 435 34 44 48 86 19 21 75 57 11 80 62 4 74 23 88 3 89 83 39 69 10 50 53 50 22 92 15 98 23 49 96 56 44 43 93 62 63 67 26 98 32 29 72 6
1867 22 349 68 26 95 51 16 15 12 18 13 39 11 27 36 85 27 83 40 70 25 84 32 40 2 2 65 100 33 45 23 38 84 15 99 26 18 38 71 28 58 12 43 93 3 12
1868 22 386 69 86 95 8 39 48 24 38 80 69 60 70 33 60 53 99 27 51 11 68 13 33 47 28 90 58 70 82 12 34 51 97 10 88 28 86 25 7 6 37 76 38 48 81
1869 22 464 36 74 83 11 84 3 23 16 49 2 57 59 24 91 70 57 41 19 2 6 63 87 82 22 92 18 81 17 29 68 90 12 30 25 14 4 62 6 72 29 39 42 37 31
1870 22 465 60 72 84 17 87 71 98 8 14 68 56 95 37 14 74 48 44 50 13 47 42 26 4 90 32 80 39 68 62 50 92 45 18 30 67 15 89 33 82 96 27 18 43 79
1871 22 407 35 92 43 34 33 69 37 74 66 21 5 56 88 18 57 31 63 74 12 81 13 22 96 91 91 27 83 33 58 69 24 100 54 9 68 91 34 85 11 91 40 50 8 96
1872 22 376 33 22 21 44 3 9 44 67 82 39 10 72 17 92 56 74 12 79 74 66 39 93 8 73 78 18 63 69 19 22 65 51 85 95 98 45 90 64 28 73 1 96 16 56
1873 22 492 70 80 87 95 97 25 4 49 64 73 63 33 91 85 49 42 80 85 88 77 82 77 40 11 56 65 12 51 19 20 11 5 66 7 53 10 30 68 45 52 73 29 52 66
1874 22 464 8 37 53 84 70 81 75 32 36 39 43 86 71 14 58 33 18 23 40 99 27 49 81 47 83 25 98 7 5 50 72 12 38 76 47 59 56 73 90 91 64 85 28 86
1875 22 433 98 37 18 15 12 57 66 90 58 46 36 92 70 34 74 35 69 37 24 44 35 82 51 7 23 93 22 7 72 7 4 9 25 71 33 88 61 42 97 33 54 82 82 79
1876 22 391 16 50 67 91 45 1 72 47 59 46 39 81 53 11 8 19 15 30 42 100 17 2 41 49 50 26 54 31 7 84 98 9 88 5 2 11 52 13 9 90 61 100 83 68
1877 22 509 70 98 98 11 49 66 65 89 15 14 66 20 97 73 4 46 81 5 34 37 7 96 88 71 78 15 16 29 36 99 85 61 46 50 77 35 91 52 39 24 84 56 47 69
1878 22 472 93 53 17 32 75 20 9 89 88 38 38 23 35 59 81 8 77 67 76 19 70 11 57 94 53 40 1 99 61 45 4 77 78 48 37 19 26 8 65 42 67 17 74 27
1879 22 461 93 92 2 63 62 64 71 7 16 62 59 66 22 56 21 98 84 51 46 20 69 32 98 76 41 62 78 43 85 22 86 38 36 47 1 6 53 68 20 64 19 6 91 2
1880 22 477 56 88 73 24 19 70 51 11 84 20 22 13 14 6 35 99 44 22 98 96 80 50 64 99 65 49 91 83 6 33 62 20 57 37 78 88 1 61 59 22 74 72 60 22
1881 22 412 75 81 19 70 60 69 85 10 53 68 91 85 3 4 5 59 40 95 37 79 47 49 21 22 81 82 26 14 25 20 32 35 68 87 72 10 71 26 13 27 73 73 35 20
1882 22 418 21 72 40 95 83 91 75 64 16 40 14 65 35 45 99 91 65 37 74 59 39 86 76 95 10 48 29 29 20 52 66 35 62 93 50 77 32 17 43 96 52 39 46 94
1883 22 408 3 82 8 29 93 47 19 30 22 13 39 21 41 20 92 45 58 31 1 50 32 29 33 49 71 29 10 74 45 64 52 92 50 10 81 23 74 71 95 67 90 87 11 29
1884 22 429 96 41 81 97 24 9 29 72 32 57 23 93 83 68 56 42 19 48 93 21 9 25 43 83 95 38 49 85 76 11 13 71 3 45 67 26 53 47 98 36 4 20 28 38
1885 22 397 87 36 79 58 35 23 78 43 47 72 77 41 61 77 25 36 39 89 58 41 33 24 19 38 23 16 53 15 26 88 45 35 22 67 64 16 13 35 5 96 21 82 83 60
1886 22 415 70 41 52 55 16 70 92 38 37 16 15 24 20 29 1 59 73 35 32 91 98 48 55 84 60 79 64 41 62 75 2 27 17 48 59 7 85 27 21 60 50 60 57 74
1887 22 456 46 88 17 43 87 71 26 30 30 57 94 22 70 20 84 23 51 91 10 97 36 18 41 85 19 52 92 97 81 8 91 67 79 68 49 60 24 94 34 45 13 17 67 11
1888 22 464 67 58 56 28 54 37 15 71 77 100 89 28 92 33 76 72 66 39 22 33 39 34 9 32 53 44 35 72 29 9 81 34 45 47 57 73 46 97 52 38 27 61 73 92
1889 22 506 51 94 77 89 27 37 20 45 41 64 79 12 69 32 92 30 64 26 26 10 82 99 8 78 50 97 59 29 57 83 72 8 76 48 96 55 36 68 83 30 40 51 61 32
1890 22 376 32 24 9 58 85 90 8 92 19 9 88 29 37 45 11 9 4 39 51 45 44 18 95 72 24 11 3 36 42 34 50 43 96 91 39 62 27 42 47 23 53 55 78 91
1891 22 497 15 28 87 58 98 81 29 97 5 91 51 92 85 37 3 34 79 50 77 81 88 90 91 66 31 37 40 35 44 17 10 45 63 19 42 44 99 90 89 93 73 29 45 59
1892 22 491 7 46 87 39 34 76 29 51 6 18 91 93 13 59 69 22 55 32 92 48 75 90 90 26 78 82 16 51 10 13 61 68 58 47 43 22 94 79 56 36 71 20 93 1
1893 22 426 23 84 48 49 73 37 74 51 18 41 53 79 13 99 11 11 57 53 32 43 98 62 51 33 85 70 79 76 63 31 50 46 78 98 71 67 21 36 25 15 16 89 26 99
1894 22 374 69 30 82 63 28 95 13 12 79 35 42 6 97 72 7 94 2 4 64 68 26 36 3 89 12 69 4 100 33 81 98 53 62 31 68 41 32 53 56 66 46 62 14 70
1895 22 474 68 8 71 24 23 90 1 11 44 89 22 13 97 76 2 38 69 78 79 100 82 34 66 80 47 31 49 67 38 19 90 13 8 90 51 31 96 15 26 69 64 2 92 65
1896 22 408 91 45 85 20 23 84 54 56 1 33 55 32 81 21 21 51 62 85 10 3 7 12 33 55 27 11 42 12 14 58 58 42 73 80 77 26 88 78 61 90 40 75 18 49
1897 22 383 77 76 61 62 30 39 24 5 32 87 18 89 40 76 64 7 6 42 46 35 51 39 47 41 52 80 78 49 33 55 76 93 68 6 83 43 10 14 29 79 2 68 31 83
1898 22 476 13 88 24 58 23 75 49 21 67 100 98 78 30 84 76 74 3 33 56 45 42 21 73 72 74 92 78 56 90 44 99 18 72 47 38 38 87 76 41 69 11 16 48 50
1899 22 384 57 41 22 29 13 96 72 42 51 45 31 94 42 81 63 65 80 53 54 78 93 5 82 61 15 50 2 79 49 3 35 42 25 15 6 20 86 47 29 68 24 9 30 40
1900 22 453 40 82 94 69 75 86 25 9 98 39 10 51 69 58 54 3 51 30 56 1 6 2 22 88 82 41 63 91 71 2 4 47 31 84 39 81 66 48 32 34 57 37 89 8
1901 22 402 18 9 63 18 15 17 91 54 98 32 16 40 54 69 74 57 24 87 51 50 77 32 67 76 53 33 3 93 92 20 1 6 89 67 22 31 20 72 62 35 11 15 4 36
1902 22 468 24 71 11 62 21 61 39 4 79 66 70 83 98 72 75 89 43 28 95 31 46 68 62 66 52 2 42 7 37 17 77 48 78 50 60 68 53 90 34 23 25 83 51 24
1903 22 500 89 78 70 71 24 37 84 41 28 11 92 81 52 99 69 68 27 68 97 76 79 17 81 69 2 55 93 84 43 59 40 73 63 48 17 98 88 44 8 79 76 11 29 44
1904 22 504 78 56 12 27 83 90 43 15 10 44 69 54 79 21 97 38 60 21 65 74 68 81 72 55 76 31 85 51 42 14 95 71 21 58 55 47 39 70 9 34 90 62 13 10
1905 22 451 58 2 22 30 66 95 97 99 18 3 74 1 88 25 42 53 71 12 25 28 61 31 26 51 34 85 96 49 51 5 50 72 35 15 19 83 65 88 86 39 15 29 29 85
1906 22 430 93 53 64 53 35 89 3 35 23 39 76 18 87 78 74 88 50 8 55 20 91 19 7 28 57 95 4 23 75 32 19 36 70 71 59 26 56 33 16 83 2 3 61 75
1907 22 504 90 62 83 44 81 25 15 87 4 23 33 7 46 60 38 4 78 73 74 1 94 84 50 68 93 32 69 95 92 43 37 5 25 32 85 1 24 4 21 56 62 66 67 51
1908 22 447 69 45 75 94 97 69 77 74 18 96 66 49 64 13 93 7 1 97 83 84 34 36 82 57 39 2 53 67 31 3 35 27 78 29 23 46 57 96 15 53 13 15 16 25
1909 22 435 59 74 77 56 57 61 41 92 42 97 82 43 12 34 9 94 89 95 20 66 23 94 63 32 84 54 91 51 30 50 25 7 33 67 97 76 8 45 2 56 95 10 50 83
1910 22 434 4 21 79 15 62 62 55 90 45 60 80 47 90 81 23 96 89 7 14 37 82 21 81 91 22 89 85 83 19 38 10 18 68 76 29 31 20 25 51 72 31 32 46 26
1911 22 399 72 53 39 9 86 11 41 28 84 81 64 18 70 82 8 32 99 75 7 29 4 89 48 28 31 99 51 61 82 49 5 1 29 65 38 92 6 66 27 38 45 8 63 4
1912 22 405 91 13 78 49 94 33 38 93 61 20 43 63 32 24 11 70 81 63 51 45 1 94 50 66 20 88 46 16 47 60 19 89 73 97 37 18 29 26 10 41 45 53 56 29
1913 22 544 28 66 50 8 81 100 53 81 93 54 98 65 95 80 91 55 99 79 79 47 16 96 27 93 5 20 90 9 75 18 37 92 67 44 72 19 48 4 63 2 1 27 94 96
1914 22 373 7 37 2 57 15 80 55 82 27 81 75 31 52 16 40 26 33 28 18 51 23 41 69 71 45 32 72 45 58 17 92 16 53 45 24 20 76 78 1 2 11 27 85 62
1915 22 421 42 76 40 26 3 9 77 25 49 45 47 93 76 70 90 86 87 33 53 91 30 77 62 5 6 63 7 68 41 43 82 35 70 21 60 72 29 88 48 29 33 47 22 60
1916 22 390 16 63 97 2 47 50 45 76 26 6 81 83 20 39 51 13 33 84 99 2 4 58 25 84 46 72 12 30 18 85 41 34 38 87 87 83 21 64 53 46 91 48 24 23
1917 22 454 31 22 76 86 32 100 21 29 72 85 10 41 69 50 26 20 87 65 65 25 99 37 88 39 90 86 51 32 85 26 7 68 82 5 11 5 20 97 30 21 23 49 60 39
1918 22 518 65 84 37 2 24 76 91 61 78 22 45 55 28 12 54 62 69 36 43 94 98 47 55 17 95 84 90 17 85 49 7 49 84 44 50 7 71 92 19 100 14 64 93 27
1919 22 473 8 54 95 95 48 40 93 46 94 61 41 30 50 9 14 50 16 14 34 11 64 92 81 7 63 32 72 26 85 65 4 44 70 51 39 18 90 83 15 84 43 55 65 45
1920 22 448 16 30 94 31 43 79 93 58 23 25 65 85 56 36 62 92 52 65 36 22 15 26 91 57 8 5 92 50 12 56 27 85 40 9 70 1 85 92 25 1 28 80 89 23
1921 22 470 88 54 58 61 20 35 51 76 42 7 67 44 70 74 89 96 80 56 37 50 56 21 41 32 73 69 63 8 9 86 47 14 95 59 34 30 61 61 23 20 18 89 53 7
1922 22 415 37 11 38 92 47 87 48 19 80 31 91 100 94 50 8 79 49 22 73 59 7 54 20 67 77 39 46 94 27 51 52 63 13 42 11 28 54 29 36 71 58 29 72 66
1923 22 430 59 72 87 32 31 93 37 2 11 65 92 57 70 59 14 33 71 55 91 81 83 96 61 41 99 60 6 16 18 78 2 1 60 46 38 61 56 54 4 64 64 73 22 78
1924 22 399 57 92 32 47 24 66 42 84 59 73 66 57 72 72 1 1 25 2 12 70 91 24 44 27 41 8 99 62 85 56 6 68 2 29 34 44 65 92 68 30 51 53 23 51
1925 22 455 5 99 4 16 68 94 39 44 90 65 84 49 16 98 85 71 3 52 24 31 37 19 47 28 86 77 79 36 81 1 38 51 42 53 70 88 92 14 77 8 49 77 23 98
1926 22 535 61 45 64 69 83 1 87 29 80 25 57 11 60 90 11 98 27 14 92 79 79 22 48 7 82 97 56 46 95 1 46 58 69 80 10 7 90 83 43 58 62 92 36 75
1927 22 484 35 66 58 13 88 5 19 21 53 53 76 99 47 28 96 5 48 27 66 55 86 55 37 6 6 31 63 20 75 50 46 9 16 3 74 55 60 44 64 97 2 14 95 30
1928 22 458 61 51 77 87 17 83 25 71 72 30 29 2 45 48 28 94 93 89 48 14 15 59 57 89 74 5 43 88 50 48 87 18 83 63 41 54 92 69 7 88 68 87 34 60
1929 22 445 75 94 59 40 61 17 96 49 91 53 30 4 14 29 5 14 15 23 77 63 49 21 31 7 60 50 93 93 19 39 20 58 99 88 6 99 58 42 13 55 88 17 54 39
1930 22 423 15 31 53 15 3 35 74 62 84 66 7 45 85 45 16 94 95 3 99 93 8 86 20 93 34 89 12 88 79 79 70 32 93 72 18 18 2 84 91 98 87 13 13 81
1931 22 377 67 64 26 51 71 11 46 43 3 79 83 15 66 61 93 87 44 37 58 62 55 95 15 90 85 12 9 72 24 73 4 90 36 29 41 59 40 38 53 94 16 35 8 34
1932 22 427 95 52 20 91 41 30 52 47 24 66 36 60 77 96 31 52 68 87 93 56 15 85 14 6 22 66 38 52 7 23 46 11 42 36 51 71 39 97 94 56 84 54 79 36
1933 22 447 35 46 22 80 1 89 64 66 94 38 83 93 27 34 52 49 80 14 90 67 61 58 12 6 13 95 11 97 25 99 70 72 62 23 60 78 88 54 15 23 98 41 56 49
1934 22 402 89 87 62 78 54 77 90 63 40 48 75 34 58 23 10 56 6 80 28 19 39 96 93 92 15 90 2 71 57 4 20 62 80 9 24 20 56 51 5 66 73 15 30 46
1935 22 514 52 1 51 91 96 43 82 58 10 23 59 80 65 1 88 68 20 50 99 80 25 70 27 27 53 52 93 25 33 90 77 33 40 67 81 34 38 43 75 48 74 91 48 62
1936 22 458 10 19 63 8 99 39 30 86 66 8 90 69 14 1 89 42 34 80 60 14 13 60 3 8 86 50 81 28 50 94 37 68 56 96 47 77 12 84 92 32 83 58 32 23
1937 22 378 99 65 2 59 30 67 70 84 74 7 34 54 35 48 55 17 20 1 94 22 64 77 66 95 60 23 27 34 21 43 36 31 25 2 8 27 6 93 80 91 12 29 29 100
1938 22 487 34 22 73 98 50 38 92 61 60 70 95 33 65 82 63 89 35 15 96 61 72 41 40 15 67 19 26 47 52 54 46 37 27 19 29 8 78 89 20 99 83 52 16 66
1939 22 426 3 50 32 51 10 56 91 2 70 57 20 95 56 23 1 1 59 27 71 45 55 79 74 96 98 24 30 1 39 46 18 41 95 50 43 5 5 33 58 74 42 77 97 51
1940 22 372 20 49 61 99 57 53 50 30 99 6 30 99 44 75 16 36 21 17 79 77 73 63 34 46 56 62 18 4 12 37 53 73 35 24 29 40 25 11 39 23 68 68 11 94
1941 22 426 88 98 15 5 28 91 77 91 25 75 98 86 44 2 50 80 6 74 29 54 5 64 27 83 64 99 45 57 86 43 23 42 70 14 71 12 90 97 10 27 40 63 76 19
1942 22 443 68 49 85 48 3 90 52 18 86 78 1 1 76 45 9 61 39 32 55 61 97 25 72 86 21 33 64 12 95 40 30 14 40 67 61 42 8 12 12 93 89 12 45 16
1943 22 501 8 54 29 99 85 83 59 81 82 18 79 67 81 42 13 72 23 27 12 89 87 53 97 99 16 41 39 79 86 55 83 37 75 65 95 7 28 24 53 46 56 46 68 85
1944 22 488 39 57 71 43 5 21 59 97 60 37 82 66 75 72 48 63 98 64 9 4 38 37 79 42 87 87 92 14 54 76 4 62 99 98 66 71 8 63 30 97 96 47 23 20
1945 22 439 94 86 17 9 73 46 82 51 87 16 89 25 7 54 79 35 9 40 33 7 6 3 66 20 85 14 15 31 37 34 77 74 3 85 19 75 83 1 21 16 46 74 71 24
1946 22 475 8 80 15 92 86 72 47 3 91 83 17 58 65 5 43 93 30 45 78 48 71 12 48 100 32 15 77 41 35 52 66 67 92 3 90 90 6 81 72 74 38 88 81 59
1947 22 438 77 10 6 99 21 6 98 4 72 14 33 12 1 84 12 66 2 55 69 92 44 74 24 15 99 13 54 28 34 38 43 95 71 63 52 68 67 24 82 51 87 82 47 88
1948 22 426 52 15 31 47 40 54 61 90 18 67 17 61 6 85 43 1 55 57 74 75 75 55 25 14 88 11 11 87 98 15 1 80 93 85 82 2 92 51 14 91 56 98 33 56
1949 22 413 4 42 60 78 16 34 32 93 99 72 3 62 58 52 76 10 31 88 54 15 13 36 68 4 38 33 47 45 79 1 34 72 12 63 88 45 44 18 57 75 85 84 36 67
1950 22 480 71 90 33 36 25 52 91 14 84 89 58 14 68 10 21 14 30 18 60 61 13 77 94 69 3 30 52 39 48 74 28 80 61 4 31 4 69 67 92 26 80 11 88 31
1951 22 467 2 60 97 31 77 56 92 89 85 37 9 39 67 60 29 14 86 8 46 46 63 28 1 31 94 93 26 3 48 8 56 7 4 87 84 60 30 24 96 66 33 34 44 63
1952 22 469 98 81 70 95 27 33 22 27 15 68 71 23 93 74 29 77 56 67 12 15 96 35 62 14 19 95 97 15 9 46 95 79 40 73 63 14 77 81 52 25 47 73 24 76
1953 22 503 1 31 94 12 97 42 99 58 55 69 53 51 83 61 78 91 88 50 5 1 82 33 75 85 57 21 9 33 48 10 63 42 73 60 23 17 89 44 21 91 26 82 39 55
1954 22 474 24 27 57 29 79 9 62 12 83 46 20 4 6 52 51 67 67 44 92 26 78 66 94 66 9 15 35 48 47 41 71 73 49 99 4 58 60 15 86 95 15 38 98 81
1955 22 506 4 41 72 81 19 38 74 36 46 88 44 32 35 91 25 6 15 73 56 18 82 68 84 26 76 70 90 59 69 71 62 62 94 42 80 83 67 81 55 11 64 89 53 88
1956 22 396 46 67 13 54 85 46 21 20 71 96 89 43 38 99 11 8 60 24 53 53 55 36 20 22 16 74 32 31 14 84 19 12 2 83 65 38 28 37 58 51 98 93 97 55
1957 22 363 28 8 31 33 61 85 20 80 6 87 5 89 17 70 72 87 81 26 69 45 63 49 33 20 51 17 70 95 37 66 49 65 25 79 16 68 68 21 54 72 10 70 42 33
1958 22 540 57 22 58 77 19 21 77 51 92 27 67 13 21 4 30 22 20 55 52 20 91 67 87 59 88 40 82 49 61 23 81 69 97 91 46 67 63 22 69 54 49 88 43 48
1959 22 426 42 62 2 94 33 45 60 19 3 47 10 84 47 70 59 28 39 7 18 36 73 80 57 41 85 57 80 3 78 22 19 83 56 12 67 100 72 85 54 70 94 90 17 16
1960 22 454 48 96 6 6 65 41 78 44 49 70 80 6 50 35 83 23 37 53 58 92 24 44 88 9 97 9 54 86 25 21 85 72 26 90 36 18 19 31 41 11 76 42 10 64
1961 22 416 85 62 21 28 26 45 71 65 5 20 74 58 50 31 42 22 56 31 57 26 2 88 96 42 83 98 80 98 34 93 19 61 15 84 35 19 3 8 76 59 58 6 52 31
1962 22 399 14 35 87 91 36 26 86 29 27 8 63 76 60 9 31 78 22 1 44 57 62 11 95 90 21 52 47 73 34 60 7 73 2 42 98 39 70 77 46 32 4 84 43 13
1963 22 448 15 73 86 67 16 42 2 78 52 97 67 72 13 44 34 25 50 6 78 43 55 69 64 83 14 47 87 50 90 99 62 84 82 77 77 36 6 28 32 24 51 83 89 95
1964 22 436 16 65 96 73 42 91 28 10 54 10 76 1 77 42 46 44 3 81 25 31 57 60 37 36 43 60 87 26 48 81 93 64 66 6 18 93 67 24 94 76 2 70 17 47
1965 22 447 13 19 80 90 1 36 37 24 44 49 10 21 48 42 12 69 78 69 39 22 87 14 76 81 89 77 50 5 75 15 54 4 42 4 64 65 99 64 26 19 63 67 32 26
1966 22 516 87 61 94 77 83 81 90 58 61 78 86 62 82 60 76 8 66 31 35 59 98 75 33 13 4 75 1 4 47 94 81 29 26 70 38 38 48 23 27 41 52 58 75 10
1967 22 369 44 72 36 28 35 31 10 52 17 10 55 64 56 87 33 57 82 71 4 22 88 90 48 28 41 57 2 50 25 85 28 60 71 58 70 74 27 31 29 42 38 67 85 71
1968 22 413 23 18 93 30 74 14 18 63 13 45 4 70 47 5 69 23 42 48 83 12 6 4 38 84 86 66 77 24 32 61 46 7 31 38 36 4 3 53 66 15 50 69 96 26
1969 22 506 57 18 67 4 52 30 61 55 44 41 84 20 16 68 33 61 74 63 50 61 66 52 14 31 18 63 54 10 77 10 79 95 13 83 76 74 89 43 69 81 78 89 96 45
1970 22 474 73 8 70 35 57 31 52 8 96 34 26 10 85 31 71 13 40 1 59 4 83 35 77 24 29 98 4 6 86 100 3 58 72 44 16 54 95 23 1 80 62 65 30 32
1971 22 462 29 21 33 88 25 67 22 53 90 50 50 94 7 87 45 9 96 55 91 70 86 37 87 17 48 81 26 32 61 98 16 48 74 82 21 79 24 22 80 69 81 67 65 89
1972 22 424 14 19 21 5 89 59 41 85 97 57 80 96 57 27 2 55 94 1 28 74 58 51 95 38 71 27 56 35 16 69 5 88 25 45 98 18 29 94 26 61 42 67 17 68
1973 22 405 68 23 14 20 3 41 93 60 43 88 49 13 4 99 81 25 21 1 18 70 80 64 96 40 5 14 9 24 33 31 37 52 29 45 45 71 84 93 83 49 30 25 88 2
1974 22 415 25 87 19 47 66 34 42 58 90 7 14 39 96 2 81 31 34 77 53 69 21 36 18 69 20 47 45 7 22 45 70 68 63 4 61 20 93 67 37 58 57 84 12 98
1975 22 505 64 94 32 92 46 52 13 33 69 33 53 67 78 59 66 51 4 36 18 66 39 78 37 83 96 73 93 52 56 4 49 72 97 32 63 42 84 27 75 4 60 27 71 89
1976 22 472 37 36 39 92 71 56 57 61 85 93 44 32 17 36 83 73 96 87 67 58 80 2 6 5 84 75 21 11 74 12 33 29 94 65 65 37 82 24 30 6 14 64 1 100
1977 22 471 30 10 79 83 46 85 88 93 68 14 28 40 76 1 4 9 81 24 2 97 40 90 92 21 13 73 78 26 37 30 77 18 7 1 89 43 82 63 5 9 62 5 94 80
1978 22 418 42 91 20 31 34 92 95 7 70 20 99 48 12 42 54 64 31 97 55 12 59 60 72 12 40 85 17 80 79 48 21 69 67 3 2 59 49 60 80 20 30 67 18 72
1979 22 436 20 81 2 68 36 13 26 95 38 86 21 6 65 51 53 37 19 72 91 72 82 39 84 61 58 37 90 24 54 61 95 87 62 63 22 26 40 68 29 53 34 86 69 84
1980 22 488 39 5 54 62 95 77 43 33 60 3 42 49 44 65 5 11 40 18 73 13 65 32 57 93 36 42 79 4 77 69 82 30 10 24 38 22 78 31 70 21 75 77 58 67
1981 22 539 95 30 79 90 46 63 98 39 91 69 54 67 89 13 48 70 19 9 93 8 30 70 39 99 42 85 74 19 40 13 24 70 69 84 51 59 82 41 27 35 59 15 99 58
1982 22 448 84 17 66 28 25 96 49 63 46 91 99 71 9 41 62 73 64 84 26 32 67 28 91 48 20 69 34 30 36 33 87 19 4 99 51 47 39 97 37 38 45 78 81 69
1983 22 443 93 64 46 76 30 73 66 78 44 87 11 73 22 95 92 96 15 90 20 65 37 11 13 25 48 32 77 12 90 69 75 88 4 60 62 33 56 100 96 28 21 90 91 64
1984 22 442 85 5 54 5 21 42 15 34 18 14 17 39 42 28 81 10 2 68 5 57 79 18 90 34 14 89 74 4 53 11 60 58 67 32 51 33 68 46 33 59 87 60 91 48
1985 22 481 13 58 4 70 88 22 59 22 90 43 87 31 68 90 83 78 1 92 44 32 94 76 73 33 71 59 45 13 58 57 70 62 78 58 35 36 31 24 30 17 54 50 27 10
1986 22 476 31 23 93 24 98 93 37 23 78 59 81 22 72 91 30 93 52 8 2 86 95 32 61 25 67 74 9 6 18 37 74 11 60 24 55 48 46 32 59 78 53 30 20 83
1987 22 456 74 71 42 76 8 36 59 21 60 11 39 85 19 44 89 89 80 14 51 92 5 39 86 37 49 64 41 78 83 75 4 6 16 79 65 52 37 63 99 75 48 70 88 58
1988 22 422 98 1 8 41 90 64 32 75 52 80 93 58 25 67 13 82 35 91 46 86 31 83 48 30 9 47 99 27 34 8 77 87 67 17 76 30 2 82 28 44 26 37 68 92
1989 22 469 49 49 78 91 46 63 21 80 63 2 89 61 52 15 47 11 43 33 77 60 60 7 59 61 88 86 4 65 74 23 8 74 23 86 64 69 37 100 62 90 75 94 55 21
1990 22 438 4 97 53 81 8 64 39 67 76 78 80 42 78 54 49 51 77 34 67 97 34 3 96 47 44 36 21 37 90 93 41 38 97 73 46 60 11 64 36 88 29 44 20 77
1991 22 503 47 48 11 13 44 96 67 40 94 10 75 15 99 16 59 91 5 56 63 50 25 65 54 12 32 20 92 75 20 21 91 82 85 35 77 51 26 71 61 52 37 11 95 1
1992 22 446 71 2 15 73 21 39 37 74 2 68 46 45 95 89 64 67 79 46 52 65 22 2 90 44 14 41 80 76 59 27 76 82 42 6 26 33 62 23 77 8 11 41 74 41
1993 22 494 86 77 6 59 31 47 3 44 88 34 20 98 12 47 79 44 89 84 95 20 78 20 53 91 94 81 98 56 21 23 97 58 54 69 30 100 23 25 39 56 96 37 43 67
1994 22 440 63 31 51 57 2 80 29 54 70 22 35 67 78 7 41 74 17 40 79 85 21 78 7 46 69 14 57 33 83 23 95 65 25 4 67 4 32 72 53 58 43 30 84 55
1995 22 440 33 23 85 69 44 15 75 89 83 40 81 39 73 16 13 19 80 38 22 98 93 53 18 58 79 60 39 95 43 46 30 47 53 26 16 37 48 29 55 80 29 77 10 81
1996 22 582 98 79 90 29 91 29 75 85 74 54 2 3 52 14 99 25 66 76 89 99 92 25 72 31 77 89 59 6 50 92 55 81 81 83 71 9 58 55 82 63 9 37 14 22
1997 22 382 87 90 40 62 30 90 5 6 76 37 16 16 47 21 18 38 75 98 19 10 20 79 26 13 81 34 49 46 56 35 88 47 48 17 36 53 22 80 11 89 96 9 9 65
1998 22 539 47 36 14 17 97 33 95 15 58 7 92 7 44 99 41 31 89 100 32 93 74 5 72 36 94 19 2 83 42 89 96 58 85 80 53 99 38 59 81 66 31 58 71 27
1999 22 432 98 22 58 90 47 62 14 82 7 32 78 9 15 19 49 62 77 34 42 81 84 31 39 81 63 56 21 93 43 71 17 80 5 63 93 18 45 100 74 60 92 8 20 41
