2500 22 766 65 52 60 90 47 61 100 19 56 92 85 58 88 1 23 43 99 62 28 45 30 42 73 31 58 8 21 10 24 24 69 13 71 29 41 36 78 94 46 95 59 45 57 86
2501 22 617 89 38 27 13 68 35 97 77 42 70 38 17 93 6 29 15 87 93 56 74 1 33 67 73 49 65 59 9 75 44 13 22 14 32 10 9 31 46 65 24 4 94 15 38
2502 22 678 77 34 62 77 98 81 35 58 55 30 6 19 52 19 51 59 81 11 60 11 8 24 34 63 69 24 4 59 68 71 48 97 56 10 73 5 90 8 44 37 19 15 40 90
2503 22 492 65 51 70 27 10 32 34 33 18 97 54 41 52 12 8 74 59 4 29 68 77 33 9 36 46 5 24 65 19 64 35 14 23 61 6 94 7 23 42 60 63 46 71 23
2504 22 585 19 30 78 48 49 54 32 58 41 78 14 65 42 32 28 47 66 93 21 26 67 26 71 73 65 33 11 10 55 85 36 63 27 85 68 59 94 9 59 25 29 90 4 75
2505 22 564 7 96 95 84 62 72 6 34 20 70 18 83 79 73 67 7 8 81 33 44 49 43 89 57 30 47 58 88 36 84 46 31 29 92 2 35 77 73 56 47 55 35 19 74
2506 22 736 93 78 54 25 74 54 20 14 10 49 61 42 7 100 29 42 46 59 72 74 2 25 60 79 97 16 77 4 95 29 94 24 34 70 88 89 63 49 38 23 43 96 71 37
2507 22 695 19 30 60 45 83 84 56 13 33 23 89 88 24 35 16 17 59 1 87 7 88 27 69 89 64 43 31 11 17 1 48 87 82 7 65 43 39 29 27 61 18 14 85 52
2508 22 665 81 53 10 81 91 69 21 18 37 9 32 91 92 48 43 91 86 25 49 69 41 43 59 69 69 19 38 34 55 90 66 60 51 47 50 19 19 67 8 79 100 39 11 33
2509 22 665 23 87 33 43 27 76 1 48 96 72 85 30 26 74 47 85 77 45 87 95 63 53 2 41 52 92 9 46 81 72 30 4 58 63 98 85 90 99 84 37 22 20 18 99
2510 22 678 46 65 36 22 9 22 68 72 74 70 64 78 13 73 23 94 96 53 49 53 67 46 89 8 72 44 17 92 62 16 26 51 10 34 77 5 97 98 69 26 11 93 56 88
2511 22 676 53 4 92 71 1 81 78 49 52 21 17 95 82 32 83 7 34 44 41 57 21 97 6 70 31 32 61 31 87 100 42 92 43 72 30 43 75 3 59 22 84 43 56 91
2512 22 714 76 100 83 85 72 79 42 41 48 72 73 8 3 11 8 37 53 99 47 22 23 89 96 25 69 9 89 25 51 17 24 85 63 94 87 10 17 11 70 19 22 77 74 27
2513 22 716 49 72 71 60 47 48 58 16 8 47 40 10 15 15 94 67 61 8 60 99 18 76 10 39 83 15 54 8 93 54 79 92 76 38 38 23 53 30 44 39 59 10 84 25
2514 22 656 22 92 36 21 61 64 82 99 10 16 65 15 23 57 20 1 95 90 37 18 42 99 81 37 90 39 47 73 16 68 64 51 40 76 14 73 74 75 88 38 41 62 46 60
2515 22 819 62 45 55 3 34 24 91 75 74 71 63 15 61 9 88 76 29 3 79 20 44 45 4 71 84 42 11 46 39 23 59 84 69 4 95 77 57 44 86 18 83 14 98 37
2516 22 733 92 17 67 35 13 71 5 97 64 68 94 2 42 52 37 70 65 5 25 68 99 53 93 56 96 79 78 92 22 15 35 90 81 21 3 3 51 66 45 44 68 38 47 56
2517 22 629 7 64 61 83 83 11 35 76 18 31 6 42 60 49 63 26 53 7 3 7 9 80 57 27 76 52 46 13 50 1 71 13 13 5 96 24 40 23 93 22 28 87 81 28
2518 22 570 1 7 62 5 65 16 11 25 48 19 51 23 70 96 88 20 97 10 84 9 15 79 6 1 29 27 80 15 59 59 17 20 20 81 36 30 58 83 8 57 4 96 41 52
2519 22 744 6 25 12 72 55 48 29 56 76 7 87 42 65 46 56 34 17 27 66 52 57 23 86 9 31 43 78 86 38 71 89 95 95 100 18 49 99 46 74 4 15 21 92 23
2520 22 759 54 8 49 19 12 57 42 97 65 24 39 95 61 29 75 59 93 59 99 90 15 24 94 9 91 66 13 19 59 13 37 70 70 30 67 34 5 5 80 65 85 44 60 2
2521 22 646 65 4 61 63 93 27 38 38 35 28 3 86 92 21 44 5 10 14 74 91 32 59 96 36 39 12 73 34 25 32 36 89 48 3 79 26 40 17 12 20 71 97 11 44
2522 22 680 92 15 5 57 40 95 88 51 42 76 41 54 48 74 30 31 61 70 17 60 72 95 85 63 63 96 82 34 44 93 77 36 59 81 51 27 32 1 69 7 22 54 14 3
2523 22 762 36 27 72 52 86 43 46 71 57 9 18 39 94 62 83 70 97 93 2 40 43 28 71 43 96 77 35 69 82 1 17 27 42 68 64 36 66 34 93 26 52 83 19 65
2524 22 582 65 88 13 57 89 52 16 75 94 64 3 81 84 37 81 55 5 59 48 25 22 36 90 8 28 15 11 10 33 75 26 72 87 82 60 90 27 16 42 19 7 26 39 32
2525 22 685 11 97 31 35 70 66 24 77 93 90 87 54 74 13 79 45 99 13 56 41 45 35 23 76 26 81 53 32 19 84 43 67 67 77 37 32 65 77 94 4 30 68 16 61
2526 22 599 12 67 73 68 7 17 2 14 92 29 40 72 82 71 91 17 65 57 83 94 45 67 98 10 43 91 13 24 58 80 36 22 46 60 41 4 29 42 18 20 22 9 3 31
2527 22 699 33 72 96 42 6 41 86 72 38 47 66 28 11 42 91 77 59 88 37 99 44 17 92 13 36 13 21 26 68 3 98 100 20 75 85 55 46 78 88 7 2 76 43 52
2528 22 743 71 11 95 83 46 59 55 23 78 57 81 68 7 32 64 96 21 83 56 19 77 1 97 20 41 3 73 68 24 38 70 72 52 28 26 74 6 82 25 88 90 88 84 10
2529 22 632 22 6 17 93 34 70 89 5 10 43 77 77 91 52 66 97 21 37 62 25 57 95 83 82 35 73 18 34 95 75 51 87 60 20 27 64 81 69 40 57 11 43 7 63
2530 22 691 58 58 62 71 34 19 65 17 52 99 41 72 68 26 66 94 76 4 53 47 30 68 27 50 59 35 60 1 8 18 63 17 77 39 61 47 4 29 98 2 69 21 22 94
2531 22 645 39 15 22 94 20 20 24 87 99 25 46 85 37 98 93 6 61 61 33 89 45 87 55 73 36 56 56 29 38 46 96 59 40 15 31 15 53 29 91 50 13 79 48 57
2532 22 706 85 60 70 69 69 65 86 23 37 21 30 81 28 11 18 74 6 29 65 20 59 79 24 87 21 74 51 100 73 8 84 32 77 4 31 97 68 68 71 4 88 52 36 15
2533 22 576 62 53 40 67 81 4 38 39 34 62 77 55 87 28 54 59 37 42 15 92 24 11 59 91 33 14 30 84 49 44 46 1 36 64 39 2 25 63 1 79 28 32 66 20
2534 22 691 52 80 11 75 42 21 17 74 34 46 57 34 41 54 86 76 18 19 67 19 43 91 33 95 69 33 74 52 39 23 94 70 85 20 5 36 84 90 81 92 23 73 98 8
2535 22 718 49 15 79 67 85 21 57 69 67 77 53 40 80 95 78 54 40 99 38 59 9 42 94 44 83 26 87 5 50 84 64 98 42 16 34 14 24 2 6 19 31 100 48 84
2536 22 539 39 46 21 49 6 14 94 49 48 71 36 52 19 16 18 69 9 86 54 23 8 54 61 13 73 91 65 72 27 55 70 99 4 75 49 76 12 20 63 16 40 33 83 9
2537 22 694 53 91 94 7 13 3 66 67 63 30 91 5 14 83 1 35 82 4 62 46 4 37 57 23 51 72 83 54 71 36 97 64 9 18 59 27 32 88 69 89 34 83 52 89
2538 22 726 30 97 92 18 6 15 68 29 76 51 35 98 86 31 62 31 91 31 89 70 63 28 38 51 61 72 21 46 41 25 34 22 26 40 78 92 7 59 19 57 93 17 94 75
2539 22 616 30 24 65 60 64 34 22 92 24 24 4 95 45 50 87 69 83 9 41 60 48 71 3 54 29 22 63 73 38 8 47 67 84 11 26 47 97 100 90 20 23 94 14 67
2540 22 589 43 53 87 77 61 80 89 8 50 91 13 30 12 27 2 1 48 67 70 10 45 16 6 44 58 25 66 51 91 85 23 73 3 2 62 51 52 26 32 15 53 33 16 39
2541 22 685 80 34 8 90 78 75 95 21 32 72 39 34 62 75 4 97 51 6 63 19 53 66 44 85 81 96 17 48 86 49 45 38 59 72 84 31 55 55 21 89 68 95 18 71
2542 22 788 44 20 28 94 83 46 46 48 90 82 37 99 75 23 47 8 67 36 66 38 71 48 93 78 69 33 45 15 50 68 10 70 95 55 52 93 53 99 82 34 79 18 32 5
2543 22 681 92 30 12 59 17 29 48 88 77 92 65 97 24 61 63 74 28 25 95 23 79 46 15 31 96 48 26 17 31 9 30 42 67 46 71 66 85 99 58 49 47 81 10 9
2544 22 505 54 37 33 48 11 64 45 77 46 93 24 62 18 41 62 48 1 43 42 67 88 64 32 73 41 73 8 22 34 68 27 23 53 27 16 71 61 15 37 75 29 36 80 29
2545 22 628 78 21 47 17 84 79 41 97 71 66 56 92 99 24 19 21 76 97 6 43 67 55 34 3 29 66 32 16 97 60 45 70 7 62 5 37 54 2 9 51 70 32 21 90
2546 22 646 59 17 47 53 35 13 8 68 16 88 85 99 4 82 58 48 51 16 61 7 67 60 11 37 69 61 6 52 81 48 63 49 94 15 83 59 74 3 62 87 24 65 20 81
2547 22 710 12 22 49 25 29 52 91 88 14 27 56 74 33 8 6 32 70 6 77 36 89 35 10 91 60 71 83 35 64 98 22 64 50 15 90 29 97 54 75 4 25 17 82 13
2548 22 676 57 69 22 47 28 44 11 30 26 27 49 89 1 51 55 64 40 83 54 36 89 28 92 100 85 68 68 19 80 25 87 53 23 14 96 50 76 25 29 1 4 78 56 80
2549 22 698 96 19 19 78 25 6 18 4 49 17 89 17 37 59 48 61 45 53 83 10 85 86 13 86 80 42 27 35 21 22 5 91 51 81 97 69 65 73 79 65 68 88 64 52
2550 22 592 25 88 16 11 67 58 89 53 78 62 58 69 12 38 17 32 74 13 21 50 45 32 42 30 62 58 49 50 52 26 61 67 36 79 24 76 32 54 37 41 1 30 90 84
2551 22 591 56 54 4 5 83 1 37 76 30 50 33 78 51 6 81 77 66 47 64 44 23 40 27 76 28 19 49 80 90 64 95 19 8 30 19 96 5 100 98 90 29 48 9 24
2552 22 660 12 56 88 55 78 79 34 5 6 52 53 86 94 49 55 88 19 15 69 90 62 74 89 59 15 70 7 9 82 20 85 69 26 14 47 59 18 5 11 22 90 62 60 35
2553 22 592 23 49 96 48 90 55 62 59 13 70 36 94 41 73 15 67 86 13 77 4 17 87 25 58 1 92 99 21 46 11 55 20 59 50 68 48 56 81 6 20 3 94 14 43
2554 22 758 66 80 61 51 92 38 6 61 24 31 70 76 74 21 96 71 31 50 90 89 52 9 89 7 94 79 44 39 86 4 23 47 7 66 84 12 26 59 48 87 67 68 34 37
2555 22 714 98 84 79 38 87 39 26 45 80 72 23 23 62 66 9 66 88 7 24 6 42 35 83 52 81 30 38 47 49 72 36 46 7 66 93 4 13 89 84 36 12 58 77 18
2556 22 674 15 17 24 38 74 17 72 56 69 52 86 6 51 34 29 38 32 35 55 19 79 58 31 68 93 67 3 16 59 20 30 75 96 67 12 90 56 80 94 93 38 96 26 66
2557 22 594 33 9 53 87 79 31 96 62 50 41 28 80 43 95 39 62 24 65 9 90 65 21 31 20 52 24 12 41 19 89 7 3 59 41 41 37 89 91 29 68 70 71 62 8
2558 22 556 84 85 73 45 26 37 65 9 56 68 32 19 9 3 7 67 57 56 25 98 36 17 86 24 66 44 77 88 5 36 71 42 8 15 19 96 31 79 3 51 11 21 80 77
2559 22 582 73 35 53 22 22 69 7 46 28 24 41 56 11 97 91 34 38 51 9 46 83 87 1 33 49 21 43 65 71 38 87 23 59 8 18 5 70 41 97 25 4 94 16 37
2560 22 796 83 18 36 91 63 18 30 15 50 30 44 47 87 14 84 25 88 94 85 31 41 100 56 38 77 59 31 44 47 13 61 82 75 100 37 90 1 66 97 12 62 47 93 24
2561 22 588 32 7 64 83 62 1 59 72 31 2 18 96 14 100 51 89 39 78 3 56 6 99 20 68 61 66 7 62 10 30 93 17 94 27 30 94 86 2 77 39 71 24 53 22
2562 22 669 26 41 24 64 70 27 19 75 77 38 94 89 56 1 50 17 82 94 33 27 21 63 73 58 16 49 96 38 72 100 60 97 40 83 12 61 61 30 87 38 20 33 27 85
2563 22 795 28 43 66 21 76 93 93 90 65 50 57 65 98 94 88 97 5 36 89 40 47 1 40 37 72 15 73 56 42 16 21 14 43 65 59 84 81 60 92 97 85 84 6 42
2564 22 612 71 94 81 17 46 32 45 85 21 43 56 35 68 11 28 35 84 41 29 100 51 12 11 3 77 19 39 13 24 32 83 69 64 52 15 96 48 99 16 42 55 2 9 17
2565 22 609 29 95 21 23 72 86 32 34 88 60 52 79 24 28 62 59 96 26 10 10 9 61 50 67 89 11 83 69 5 35 28 34 12 13 17 45 53 76 49 83 76 44 58 23
2566 22 613 69 19 33 41 27 45 28 76 11 68 86 45 36 43 79 25 70 64 88 34 80 33 38 8 72 7 60 16 16 82 66 29 12 10 56 39 24 77 17 11 19 95 35 88
2567 22 681 59 23 73 90 7 63 97 91 34 55 50 1 70 31 89 7 17 18 58 24 57 30 99 85 46 10 3 92 96 42 18 14 40 76 28 36 62 43 67 14 64 50 2 71
2568 22 623 46 70 88 3 94 96 84 92 80 29 53 82 21 49 23 22 18 89 13 46 16 1 63 29 43 30 6 31 96 76 76 18 30 11 11 14 54 43 7 76 66 55 51 88
2569 22 640 72 91 52 17 58 52 32 87 94 13 81 52 43 28 27 70 45 42 99 7 5 64 61 99 10 19 74 75 25 76 14 48 66 66 17 24 69 48 62 63 60 94 2 21
2570 22 790 92 71 66 86 21 72 42 37 84 40 46 54 65 72 78 41 38 26 58 55 94 33 23 41 85 52 87 50 53 60 75 25 79 47 48 20 83 84 11 80 37 75 52 67
2571 22 595 67 89 44 25 43 37 9 17 29 3 54 80 41 3 32 100 48 58 76 78 4 76 97 87 59 59 18 47 34 69 65 100 8 76 3 96 85 20 24 39 73 3 79 27
2572 22 638 86 31 27 43 58 4 99 33 53 37 43 11 54 42 44 75 6 96 35 66 71 38 61 7 9 37 45 33 91 76 11 77 37 71 15 41 21 48 93 57 42 3 63 83
2573 22 649 99 37 41 46 71 6 68 60 18 75 20 54 4 45 98 15 73 55 51 95 22 43 16 21 87 24 62 42 86 97 40 74 37 85 97 42 52 56 11 78 28 65 1 31
2574 22 620 61 98 45 85 5 48 79 26 90 94 98 29 18 59 70 55 7 61 29 43 25 36 48 32 47 78 59 63 78 42 23 27 86 59 31 85 37 8 27 83 55 100 16 24
2575 22 579 6 74 84 34 17 80 58 52 79 90 50 8 48 12 37 41 86 64 27 44 46 63 33 54 89 15 10 95 66 77 70 71 51 5 5 19 14 22 15 3 72 74 3 35
2576 22 573 11 43 73 74 21 68 19 84 24 24 66 86 31 62 40 54 64 45 10 34 80 23 56 94 26 79 20 80 13 30 74 85 3 95 53 73 30 4 97 5 70 34 75 52
2577 22 692 47 15 5 11 59 14 44 38 37 51 84 14 29 3 45 94 18 30 86 64 34 10 38 58 50 59 91 24 10 38 90 15 48 80 95 38 68 46 73 81 26 27 77 19
2578 22 672 10 95 1 47 34 56 55 23 66 4 81 56 79 43 93 69 57 92 68 88 87 57 56 84 29 88 9 7 65 80 16 11 80 14 20 65 22 74 88 87 42 8 62 87
2579 22 683 76 70 78 95 58 16 52 13 99 32 8 39 68 87 6 78 18 20 50 82 93 23 69 79 4 41 72 11 2 58 38 24 88 32 81 3 35 45 67 96 61 5 16 47
2580 22 568 62 93 16 33 42 97 25 17 18 55 20 58 27 82 11 36 71 34 23 54 66 78 89 10 31 7 58 91 63 73 24 17 4 57 52 81 79 69 88 98 78 14 1 1
2581 22 655 22 76 54 88 53 42 49 35 48 58 25 62 82 65 86 99 20 42 61 71 74 39 92 61 88 69 26 18 57 27 70 31 2 23 6 17 40 16 28 16 78 9 32 63
2582 22 637 59 51 56 19 73 81 9 64 42 96 33 67 13 41 45 82 71 98 57 40 55 25 10 94 40 89 61 69 49 92 31 60 94 38 30 19 19 39 82 12 34 66 99 7
2583 22 762 75 32 77 24 88 69 79 12 30 24 4 70 85 72 18 28 55 77 74 44 7 92 62 97 25 25 91 55 28 97 81 60 99 93 82 63 58 18 43 42 89 61 21 95
2584 22 585 89 46 39 47 37 52 43 62 77 25 4 31 52 100 11 63 24 66 14 69 48 28 42 5 45 37 98 33 49 70 80 89 16 18 36 4 21 30 17 97 54 20 79 58
2585 22 669 71 41 72 47 7 85 15 6 12 8 62 56 96 11 41 44 80 72 33 47 20 3 61 49 19 10 3 91 88 12 29 83 59 35 68 25 92 31 85 53 39 80 63 31
2586 22 583 24 94 2 8 41 42 27 43 54 27 13 63 81 3 3 92 16 31 75 74 17 94 99 60 83 12 62 14 74 44 89 67 45 96 59 38 1 92 66 6 33 20 8 25
2587 22 569 87 90 99 61 58 44 11 17 67 45 28 81 10 53 24 99 72 21 46 30 20 83 49 72 48 7 4 67 14 28 54 4 78 66 13 21 30 40 9 72 33 62 95 83
2588 22 634 33 15 29 14 25 100 96 25 71 43 31 26 62 45 6 67 83 84 64 56 63 93 47 38 54 18 22 67 5 51 85 64 55 84 12 79 79 67 58 36 57 19 20 72
2589 22 634 26 34 17 24 71 70 41 45 36 56 1 38 86 85 92 68 12 23 73 18 84 3 39 73 49 9 44 20 78 36 9 100 5 49 56 44 81 42 80 82 33 99 45 55
2590 22 565 71 14 90 26 2 30 16 74 78 24 17 50 61 46 85 69 46 42 69 41 24 37 66 65 99 50 15 95 56 37 9 46 14 62 27 29 87 5 4 3 6 64 1 90
2591 22 737 32 46 83 100 38 68 76 74 85 92 42 83 41 8 77 49 44 37 94 58 98 20 84 76 39 81 5 39 23 37 36 5 88 73 24 63 99 8 55 40 47 47 19 95
2592 22 756 42 7 88 51 5 60 89 40 35 82 78 68 86 68 90 22 3 46 62 28 22 24 81 30 17 23 77 15 93 71 8 99 59 11 55 70 99 95 56 80 24 23 92 64
2593 22 687 91 46 62 52 73 83 27 50 63 57 18 37 33 84 81 3 44 80 13 54 86 82 4 32 38 35 56 12 51 47 76 41 92 37 17 71 71 18 88 22 59 71 2 13
2594 22 552 66 33 26 19 19 59 22 50 48 8 5 60 59 51 87 51 95 75 11 45 17 28 77 43 15 98 53 38 52 65 55 84 42 74 2 53 47 4 8 11 65 11 49 67
2595 22 727 57 23 13 67 67 29 46 44 23 13 93 75 2 96 92 56 80 33 29 81 85 28 36 37 34 44 99 50 6 48 68 62 70 81 37 61 25 32 84 89 76 10 90 72
2596 22 639 1 46 51 86 26 83 22 53 19 58 38 14 57 87 4 55 32 73 87 11 9 47 92 82 76 68 65 39 44 62 89 29 88 71 41 60 82 54 16 20 72 71 55 44
2597 22 627 12 65 4 11 52 96 44 79 15 87 95 53 31 57 41 11 96 63 13 39 73 20 57 40 40 81 11 65 35 6 29 52 61 39 55 56 82 33 70 69 79 74 51 35
2598 22 696 66 13 82 29 26 21 84 50 92 92 89 83 72 99 48 59 56 28 10 17 64 24 99 48 46 19 19 69 13 85 65 59 18 48 8 10 39 96 44 63 47 91 73 54
2599 22 612 18 34 70 35 49 46 86 96 91 4 73 9 25 37 45 58 35 9 16 52 8 23 13 99 57 13 68 99 85 22 69 70 3 18 36 88 65 78 44 89 39 68 26 83
2600 22 551 25 12 44 92 63 3 14 28 53 35 84 65 3 34 1 24 2 22 66 57 39 54 31 39 92 21 6 69 4 82 80 99 73 94 38 21 56 22 27 90 75 2 43 96
2601 22 708 19 99 35 72 95 89 55 33 32 75 91 52 30 24 83 80 97 77 33 86 49 90 10 57 63 88 98 37 41 40 60 91 31 85 59 37 69 91 12 59 42 93 77 73
2602 22 700 31 5 57 68 53 46 78 61 8 17 58 97 50 81 17 40 99 99 24 57 36 92 3 93 91 85 69 63 67 73 71 34 77 68 63 38 76 32 47 24 89 48 4 57
2603 22 667 87 2 55 62 10 42 6 9 40 8 1 31 44 21 45 10 93 16 95 21 83 10 41 9 85 29 56 88 43 41 91 56 51 33 61 11 24 20 11 54 63 83 27 18
2604 22 562 71 47 52 80 9 14 20 17 98 100 72 86 36 66 26 26 22 28 10 82 38 34 2 100 39 16 82 41 92 8 58 62 7 62 41 15 75 12 31 72 11 54 46 20
2605 22 691 87 71 93 14 33 74 52 66 27 51 56 95 85 97 86 44 6 99 50 67 91 16 41 2 98 65 12 4 25 57 23 11 79 15 11 40 28 28 19 30 84 13 66 80
2606 22 652 50 10 85 48 11 4 38 79 44 91 76 60 2 79 58 53 47 36 19 71 99 59 26 29 32 9 93 97 40 42 6 77 41 17 80 30 75 20 22 87 73 53 71 82
2607 22 726 57 17 17 76 40 67 86 41 93 14 72 53 58 69 45 51 26 21 43 94 52 72 78 43 62 64 67 66 48 22 55 16 97 94 83 34 27 99 79 56 23 6 3 95
2608 22 750 48 97 98 71 88 76 65 49 39 31 66 77 78 40 31 94 36 24 76 22 61 2 20 18 32 76 95 7 81 50 1 81 46 99 51 33 74 16 34 64 40 76 90 22
2609 22 810 69 78 97 96 99 58 49 18 75 32 45 22 38 78 71 39 58 16 89 60 14 75 85 29 73 36 21 48 25 42 68 2 39 15 52 96 63 22 70 46 66 91 84 95
2610 22 582 13 74 4 28 62 64 80 27 90 64 55 62 51 75 61 28 17 28 81 55 42 33 50 56 6 71 54 23 14 37 18 26 10 21 23 84 85 49 74 100 3 87 78 48
2611 22 667 30 46 27 10 21 94 1 28 99 23 81 22 36 17 91 14 78 11 19 52 47 55 72 6 55 10 8 84 57 37 29 36 80 56 44 32 83 43 54 16 16 42 84 6
2612 22 737 55 62 68 73 65 66 79 65 89 84 71 99 92 54 7 80 82 42 30 13 49 74 44 84 97 99 83 90 34 40 47 7 12 25 46 76 13 30 63 21 51 22 52 84
2613 22 753 15 82 96 64 55 39 99 22 87 49 56 77 82 95 20 29 53 88 40 77 85 67 42 14 64 56 86 14 77 38 97 92 19 92 25 82 5 98 34 47 68 62 51 7
2614 22 542 53 80 91 19 21 57 82 76 42 47 5 31 43 96 1 86 2 25 19 6 22 39 58 26 86 43 72 5 57 75 11 9 54 54 28 26 62 61 3 60 52 86 40 53
2615 22 487 11 10 10 84 67 62 86 10 85 90 18 59 53 26 12 58 5 37 19 18 42 73 77 98 58 30 50 44 21 54 6 31 64 41 30 82 2 67 43 87 9 60 45 13
2616 22 708 86 9 70 42 97 40 59 38 64 35 88 22 17 37 37 42 74 19 5 14 1 39 68 19 81 6 27 41 50 39 78 10 60 19 51 78 48 15 35 36 80 23 4 69
2617 22 609 65 77 39 21 42 39 59 9 58 40 14 36 32 16 75 9 77 86 27 35 37 56 83 51 20 17 38 51 40 41 19 56 17 58 76 58 48 87 57 26 84 93 9 99
2618 22 669 19 17 28 4 43 62 40 99 96 90 70 65 79 20 56 19 39 11 87 48 38 97 95 24 15 4 1 50 9 49 14 25 76 69 20 89 85 50 49 29 58 4 99 96
2619 22 715 66 86 95 3 82 42 27 48 45 79 97 40 88 97 5 64 24 73 83 13 81 52 49 83 90 49 11 48 4 9 69 46 42 23 1 26 80 23 19 71 70 82 65 7
2620 22 654 75 16 7 57 58 55 19 57 79 3 78 77 44 100 55 26 53 81 52 32 69 50 25 90 31 19 32 47 77 58 15 35 66 72 89 84 80 98 14 82 27 90 45 3
2621 22 588 31 77 7 14 75 63 55 17 45 26 48 44 54 57 58 89 22 81 29 57 12 79 93 5 83 8 77 13 84 83 26 14 9 40 20 25 37 97 24 32 3 32 89 43
2622 22 774 53 21 71 61 32 49 83 76 54 94 98 88 74 1 36 8 78 1 68 70 72 45 58 21 89 23 77 65 4 49 87 65 80 36 47 7 41 92 28 44 29 80 31 36
2623 22 532 58 83 56 79 54 100 36 74 67 24 48 18 52 12 22 100 51 38 31 86 37 78 27 93 5 22 21 37 9 46 34 64 24 39 15 11 65 81 12 51 76 24 88 26
2624 22 729 13 18 63 48 6 40 74 98 96 95 71 32 98 79 29 83 94 52 73 8 14 37 40 99 49 42 35 76 65 22 1 77 91 15 24 49 54 49 46 1 95 16 85 44
2625 22 732 46 13 78 39 17 51 98 30 87 38 29 87 79 15 62 96 89 14 24 31 28 48 33 48 25 34 43 92 70 38 38 82 16 28 66 26 80 4 63 8 93 74 56 88
2626 22 766 62 70 12 93 49 11 71 82 58 47 67 52 39 36 90 28 69 57 55 19 74 80 98 77 42 57 19 35 30 27 22 44 96 85 88 96 95 58 29 53 57 95 56 95
2627 22 610 82 97 22 3 53 76 21 26 8 18 3 49 26 73 35 7 99 9 50 46 93 37 42 88 47 22 92 3 69 47 49 50 96 22 4 48 24 74 56 93 28 57 18 52
2628 22 706 91 77 3 51 26 48 44 15 41 83 13 63 67 83 24 67 84 19 88 88 11 92 96 4 19 52 73 70 94 49 45 27 72 88 93 64 22 5 78 47 23 60 70 89
2629 22 726 44 89 76 31 7 15 93 98 10 48 16 61 21 37 55 21 61 51 99 84 90 91 11 47 77 9 69 88 78 57 83 18 84 65 58 73 60 5 40 21 29 27 50 89
2630 22 546 77 48 24 66 39 22 28 85 50 36 6 90 65 62 72 83 46 89 10 96 83 55 2 74 27 31 53 80 42 81 98 17 54 40 12 59 81 77 5 11 17 93 20 64
2631 22 632 90 54 19 91 28 97 21 29 2 52 23 82 79 87 32 47 77 8 69 72 10 49 82 53 50 97 81 14 86 87 84 29 14 80 1 94 53 16 15 83 55 98 83 5
2632 22 671 33 51 76 42 52 27 75 56 36 25 53 69 90 90 55 73 70 20 4 71 65 37 81 51 9 87 48 89 69 4 73 20 32 15 23 58 41 78 46 65 82 66 6 72
2633 22 877 72 30 93 91 34 15 7 70 89 87 49 25 71 90 94 74 62 65 57 28 87 15 69 16 60 85 98 25 91 21 96 20 13 38 53 28 44 74 68 83 97 69 59 67
2634 22 702 58 52 93 71 68 49 99 6 63 67 22 74 3 71 50 93 43 97 13 55 86 17 34 30 54 64 39 22 31 26 1 93 98 51 51 13 69 24 38 72 94 88 64 36
2635 22 668 84 28 42 70 45 28 51 39 81 66 29 54 87 86 64 87 36 9 85 87 59 49 55 82 86 26 27 73 14 9 69 7 30 65 34 80 3 66 71 83 6 99 56 42
2636 22 665 7 92 80 17 40 86 98 77 64 76 50 5 41 10 25 47 39 42 33 70 44 50 66 27 73 48 48 78 46 3 71 4 20 37 88 69 13 51 96 62 36 23 31 35
2637 22 632 61 72 67 30 68 68 95 46 40 95 45 18 92 99 96 44 42 67 80 29 36 93 31 31 6 37 19 29 53 41 43 71 23 62 38 17 7 78 63 52 47 55 2 86
2638 22 580 2 46 27 20 25 7 55 69 37 38 75 73 8 55 44 60 95 86 30 17 47 67 86 5 96 100 42 6 10 80 59 55 6 79 31 65 85 100 1 22 26 26 81 32
2639 22 612 69 40 26 54 95 100 88 32 4 83 31 64 77 89 73 56 47 27 13 25 9 77 10 60 78 83 37 3 64 68 23 3 46 76 24 92 27 63 82 45 5 45 93 17
2640 22 519 28 40 95 93 64 4 69 25 15 98 8 52 52 71 19 74 25 64 1 100 7 27 62 29 9 59 86 53 31 78 22 11 16 3 85 71 23 9 73 16 37 76 38 7
2641 22 415 50 15 23 50 14 29 29 76 10 37 86 95 41 16 24 14 26 93 30 80 3 37 37 27 5 73 2 94 32 3 8 54 74 82 33 49 91 21 34 37 13 1 27 79
2642 22 645 57 56 58 85 7 12 73 96 90 77 68 92 23 51 94 30 4 98 3 38 82 3 80 2 88 17 15 41 29 93 19 37 28 21 92 93 53 81 22 73 72 44 18 25
2643 22 621 27 15 28 64 97 82 43 50 22 11 16 62 91 8 32 27 59 59 47 17 50 92 69 31 13 41 54 56 64 71 80 90 38 59 5 86 93 47 35 14 10 3 62 58
2644 22 559 27 21 16 25 37 18 5 100 28 46 53 35 61 76 67 2 13 25 6 98 17 4 84 82 38 8 65 100 91 20 33 15 8 50 83 64 1 62 97 21 63 22 40 39
2645 22 607 27 89 8 83 25 41 95 62 49 59 61 65 1 32 97 68 39 98 50 3 98 11 15 3 59 36 30 73 57 22 64 36 62 71 18 86 11 64 48 11 23 8 76 75
2646 22 768 92 24 42 82 74 43 36 71 6 51 73 64 86 55 89 94 28 52 29 89 98 75 62 22 99 36 81 74 10 72 49 4 54 22 46 89 45 51 39 69 67 76 75 55
2647 22 676 70 2 58 50 91 83 65 18 61 38 16 48 18 41 9 42 90 12 47 63 87 7 60 78 28 26 53 2 32 74 4 89 76 94 71 75 10 41 99 8 34 16 49 94
2648 22 747 9 90 6 55 52 15 94 11 74 71 38 52 75 39 35 49 76 76 87 98 50 48 88 46 46 73 14 46 66 22 71 29 90 37 22 52 11 92 89 14 80 48 73 23
2649 22 600 41 12 73 42 11 10 29 57 7 1 70 4 67 43 90 89 23 32 26 96 83 88 87 24 53 5 3 52 22 27 27 15 99 56 1 8 85 9 37 78 55 72 12 96
2650 22 766 47 43 73 42 25 60 81 100 64 85 2 15 58 81 41 72 70 39 80 22 99 64 30 65 52 59 86 59 83 49 54 29 91 26 68 37 50 67 21 66 44 53 59 67
2651 22 629 22 97 46 96 95 61 25 11 65 84 49 23 66 97 76 94 40 53 15 7 41 65 92 50 97 9 45 49 67 12 23 64 9 18 10 70 94 73 34 29 21 56 17 83
2652 22 615 39 56 87 54 14 27 70 39 18 71 26 16 36 45 79 10 8 87 27 69 56 20 41 41 1 61 48 94 30 30 85 85 16 90 99 94 11 89 63 81 75 41 96 62
2653 22 699 85 74 71 44 61 49 12 68 21 53 65 8 66 94 38 2 31 5 43 81 99 53 13 34 47 53 81 9 37 55 80 67 44 86 48 46 72 12 54 37 58 43 39 40
2654 22 706 47 81 20 97 34 92 62 19 38 14 99 46 3 5 77 34 71 8 9 59 24 54 30 88 59 66 97 1 56 88 89 59 48 74 50 9 92 87 75 90 85 77 13 62
2655 22 674 69 20 39 77 30 14 83 59 53 93 76 1 94 32 88 45 20 46 44 93 47 5 36 34 31 77 70 59 23 82 92 53 10 68 82 24 2 92 28 95 67 29 40 98
2656 22 559 16 36 69 14 79 13 60 35 48 45 65 25 14 23 47 47 43 38 99 52 58 32 27 11 23 55 5 90 35 44 39 2 8 15 10 72 96 20 13 44 37 35 42 35
2657 22 717 29 32 86 33 41 17 59 51 92 65 56 33 99 51 71 53 82 30 67 43 2 45 38 21 68 50 16 56 37 9 42 65 40 27 49 80 96 60 83 87 24 38 19 75
2658 22 765 40 41 27 21 71 45 63 24 42 53 96 61 2 11 16 90 19 57 55 11 36 55 31 14 24 17 90 13 87 16 53 27 94 25 97 38 72 31 92 67 91 45 77 58
2659 22 675 35 48 67 41 10 2 95 51 32 61 27 100 50 39 86 17 43 12 68 61 99 7 30 50 72 46 26 96 97 19 80 31 12 79 2 64 48 45 75 57 64 35 7 70
2660 22 518 67 36 71 17 8 16 43 89 48 69 84 71 3 80 41 40 11 71 89 2 57 52 1 1 26 9 64 13 16 85 31 51 7 47 10 74 98 73 9 33 44 64 36 55
2661 22 446 74 59 10 62 12 66 13 13 18 91 21 33 3 36 17 33 39 75 31 100 48 71 50 21 32 82 16 95 46 51 1 19 9 10 81 21 27 45 85 44 35 5 76 89
2662 22 594 93 44 21 83 18 3 82 66 74 31 38 5 65 53 51 10 55 51 80 64 13 12 36 39 57 72 35 43 76 62 32 20 6 4 2 75 7 36 40 32 29 88 81 38
2663 22 615 43 88 40 23 3 4 86 38 42 9 29 85 36 90 68 8 95 71 9 70 77 96 61 8 14 42 47 22 84 90 24 64 63 79 1 100 21 95 60 1 31 48 91 98
2664 22 618 55 37 68 15 6 97 63 19 4 76 60 51 74 33 86 15 94 61 78 56 40 31 8 12 25 19 13 55 18 3 52 72 39 19 97 15 1 67 71 28 26 73 53 10
2665 22 743 58 68 3 19 97 11 10 27 70 21 51 88 33 5 87 8 81 78 79 19 26 45 71 92 15 50 69 39 78 49 19 66 95 28 93 64 48 95 60 71 59 41 37 11
2666 22 628 73 82 34 16 48 83 84 87 37 62 35 58 46 5 76 40 32 20 55 31 14 9 15 65 69 86 24 61 85 60 23 58 41 56 89 91 9 27 79 22 13 37 67 17
2667 22 665 12 58 48 31 64 30 96 72 97 61 92 82 84 52 66 43 27 75 36 82 76 24 8 2 3 29 14 91 47 30 2 4 29 84 67 10 79 90 6 39 82 87 74 85
2668 22 542 5 69 11 31 4 45 30 79 68 89 32 22 69 45 12 15 74 13 70 54 48 88 63 27 78 69 17 11 7 91 95 11 6 94 14 2 75 44 64 75 43 84 19 54
2669 22 668 99 44 19 20 97 66 8 11 92 37 79 61 47 86 51 41 48 61 98 93 26 99 68 21 20 83 62 66 65 15 64 60 33 36 43 18 42 79 2 77 34 4 17 33
2670 22 642 16 67 26 93 17 93 13 36 75 59 49 40 56 86 48 91 93 98 85 11 92 15 59 45 91 44 1 59 76 68 25 1 61 42 45 25 29 19 36 78 11 10 66 48
2671 22 472 92 8 40 42 2 85 58 12 29 48 55 81 31 49 35 83 9 76 28 85 56 98 20 85 8 82 25 29 21 32 14 75 22 98 32 85 78 31 59 89 7 23 67 50
2672 22 726 83 51 5 81 71 42 40 4 70 65 32 42 96 51 55 71 24 4 54 61 82 85 52 92 73 73 50 95 80 16 44 63 18 100 95 40 41 34 43 11 98 26 4 46
2673 22 711 29 59 16 4 14 69 64 47 53 15 38 77 39 87 71 19 54 66 33 72 18 27 63 10 60 6 72 10 31 76 55 59 86 22 99 42 78 46 95 93 35 23 83 22
2674 22 591 46 1 27 11 33 98 80 59 13 90 71 18 61 80 36 86 11 21 7 73 72 48 2 17 94 94 3 17 77 24 62 29 24 14 52 56 64 45 81 57 25 33 45 62
2675 22 735 43 17 68 67 88 68 56 61 14 59 29 42 34 42 70 36 18 83 73 7 51 69 52 84 25 29 16 69 90 58 86 58 24 25 81 37 91 66 97 24 59 19 60 76
2676 22 584 1 99 59 1 68 63 84 45 91 51 65 80 8 2 37 83 79 13 26 59 2 81 49 67 30 24 77 48 35 5 33 4 11 34 24 73 69 20 63 20 36 42 27 38
2677 22 749 31 62 16 95 87 26 96 19 26 14 49 91 47 84 95 99 68 50 9 53 25 81 22 44 41 80 88 19 69 18 80 36 65 18 61 60 89 38 74 88 38 16 73 62
2678 22 582 85 41 11 45 93 88 77 14 31 71 6 62 10 25 30 80 56 65 44 26 3 66 14 28 5 4 95 91 76 56 27 16 19 71 61 6 99 26 88 21 32 50 8 31
2679 22 614 10 15 48 53 92 76 7 57 42 87 62 45 81 4 20 89 31 88 53 48 64 52 73 3 72 56 52 54 15 35 63 82 82 67 57 26 30 98 12 43 44 46 14 32
2680 22 658 76 1 90 81 48 5 84 72 8 55 80 11 61 94 45 75 27 78 94 100 35 19 81 84 82 23 78 77 20 91 9 48 43 50 28 90 55 11 13 14 17 92 24 77
2681 22 758 38 69 4 16 98 97 15 84 47 68 48 69 97 24 41 39 84 88 81 34 67 22 40 77 34 5 45 78 28 74 77 82 46 73 49 29 87 95 86 16 96 9 56 34
2682 22 670 93 95 14 78 61 35 69 37 21 73 33 50 52 6 16 100 82 97 97 54 25 92 92 25 77 7 20 38 6 82 8 19 11 68 79 56 78 3 88 27 54 94 42 5
2683 22 561 27 90 1 81 87 78 24 78 54 1 36 25 38 49 30 71 56 1 81 75 6 59 83 13 17 61 18 62 2 75 89 43 75 21 29 4 44 58 9 96 45 34 85 93
2684 22 592 63 55 35 74 20 45 3 54 9 72 14 27 85 67 1 73 10 27 93 90 83 89 91 84 44 24 21 89 39 75 40 53 66 73 6 20 78 15 92 93 76 58 19 71
2685 22 592 45 9 5 85 60 96 68 3 71 88 43 61 15 83 14 76 38 81 19 15 47 62 6 39 37 16 31 88 86 54 84 94 58 68 53 5 88 8 76 27 2 36 41 36
2686 22 763 1 16 35 38 49 54 53 95 15 10 34 3 77 16 90 63 21 74 56 79 93 61 80 20 10 7 98 47 57 50 91 88 96 40 9 10 94 12 78 62 54 40 82 79
2687 22 700 47 12 71 7 3 78 8 9 99 5 7 7 55 73 49 94 87 45 85 48 54 85 41 18 62 2 23 1 36 53 48 47 75 6 93 77 84 1 34 57 44 40 63 68
2688 22 706 88 56 55 84 40 54 38 25 46 7 81 39 35 33 86 81 7 43 74 84 26 26 20 59 82 15 50 45 83 90 52 89 73 44 42 62 68 87 5 38 95 72 32 32
2689 22 617 53 39 75 78 74 52 3 45 11 36 60 12 80 42 84 30 26 27 23 39 46 61 59 2 99 58 97 70 42 28 32 2 5 54 57 49 16 93 79 24 1 32 7 82
2690 22 620 9 33 56 47 30 17 5 32 67 15 28 88 8 7 62 39 61 16 95 66 73 95 33 65 55 11 88 7 94 47 41 2 31 96 1 61 64 57 44 30 71 23 18 30
2691 22 514 29 31 20 89 46 66 6 18 61 38 34 67 1 74 25 94 65 48 2 61 48 14 76 4 57 6 27 79 23 56 8 53 28 48 98 93 54 68 53 43 71 43 26 96
2692 22 685 89 97 12 36 99 24 83 12 38 69 5 64 47 27 72 6 79 99 54 28 91 59 96 1 66 96 25 13 84 22 19 72 48 53 42 3 3 6 2 29 29 7 59 27
2693 22 721 12 39 69 22 85 64 23 84 82 70 61 94 53 34 70 23 5 70 27 39 68 68 42 71 25 43 51 53 49 10 79 13 34 36 63 8 72 96 77 32 90 29 65 11
2694 22 598 3 21 80 29 59 48 97 100 70 21 42 20 26 43 81 4 7 80 40 16 18 48 87 13 76 70 54 57 86 65 6 96 64 95 36 16 8 9 33 51 16 89 9 48
2695 22 656 43 49 63 12 48 1 25 23 22 30 31 7 46 90 64 42 29 27 88 16 94 4 75 3 39 60 5 54 14 1 42 62 15 54 61 67 78 35 59 66 55 9 98 35
2696 22 663 36 85 2 81 88 76 83 26 35 88 32 34 1 84 76 62 99 29 74 65 58 8 5 16 73 50 20 79 59 69 13 46 54 14 26 93 42 9 71 76 96 54 62 48
2697 22 729 37 37 61 35 65 34 52 74 41 56 89 14 5 61 44 15 29 57 60 34 22 38 27 63 98 49 91 93 2 52 92 38 88 52 25 4 85 76 77 77 83 17 42 39
2698 22 600 77 86 54 58 42 65 91 15 2 69 30 99 17 20 43 18 23 34 8 62 37 32 21 7 93 50 89 61 27 90 76 32 47 69 97 37 36 50 6 65 1 74 84 43
2699 22 697 92 58 29 99 19 65 82 35 38 88 79 87 28 91 77 6 80 5 90 26 25 86 15 60 87 72 24 87 45 59 36 16 10 86 86 26 72 63 6 2 49 85 93 78
2700 22 520 43 72 34 32 50 58 69 64 18 7 35 93 94 79 52 75 67 19 36 4 57 61 23 28 24 80 30 24 17 74 53 59 45 86 42 94 44 62 9 13 20 43 5 13
2701 22 644 74 8 39 92 27 26 95 83 87 17 62 62 97 43 85 65 16 38 75 61 6 18 29 67 82 48 61 87 13 34 46 3 25 72 72 6 15 88 20 28 36 62 12 100
2702 22 748 78 1 74 90 76 41 47 45 21 13 27 21 65 33 59 10 87 36 34 15 7 91 81 46 10 8 82 72 72 33 1 24 90 51 51 36 96 72 92 26 84 51 14 71
2703 22 652 84 29 77 75 61 23 36 21 56 7 92 40 7 15 50 48 66 1 13 72 88 38 15 13 27 42 48 77 19 13 35 47 87 48 21 22 68 28 81 11 39 77 17 39
2704 22 766 94 69 74 6 92 13 43 6 25 21 99 24 98 6 42 10 41 48 91 61 21 58 1 20 60 92 97 76 30 90 45 55 96 36 67 90 63 44 66 60 20 35 12 40
2705 22 768 45 52 93 64 11 84 60 39 65 2 35 19 49 22 85 38 67 79 52 63 44 63 63 3 83 7 2 54 94 66 38 69 53 32 73 65 70 37 66 56 55 14 77 91
2706 22 625 3 96 69 55 58 64 17 20 67 52 79 20 5 24 37 50 61 6 87 13 59 77 95 94 13 1 7 41 43 10 36 63 16 45 27 32 93 35 64 40 18 1 89 30
2707 22 649 6 28 94 94 86 23 51 33 16 63 33 23 55 28 84 91 90 51 87 16 34 3 60 69 49 76 8 18 76 48 47 33 27 93 26 13 15 76 97 30 38 81 4 44
2708 22 644 8 87 86 98 89 73 65 23 75 77 91 24 52 50 41 27 49 40 59 76 32 36 40 46 11 36 27 100 16 31 43 24 69 29 73 58 1 89 80 27 17 22 50 68
2709 22 675 23 43 46 71 82 56 65 91 37 62 1 72 88 52 18 95 63 87 87 96 75 75 27 1 92 48 3 11 70 45 9 92 78 64 90 94 7 26 55 59 98 42 11 37
2710 22 642 12 5 51 50 79 37 45 5 63 23 5 54 70 7 17 91 3 25 82 32 40 71 25 46 97 31 57 46 73 67 34 84 23 84 85 1 20 81 61 88 72 20 56 14
2711 22 717 22 80 95 6 71 18 82 17 66 13 73 11 85 91 44 20 13 27 56 65 98 36 21 79 38 81 18 9 74 4 68 79 75 85 12 43 50 24 67 12 60 57 7 79
2712 22 674 21 33 86 85 82 21 5 61 58 37 30 18 37 3 91 62 59 92 32 95 3 74 97 27 92 8 48 15 17 20 99 2 4 81 23 60 93 32 22 50 85 76 40 46
2713 22 666 86 50 89 17 45 91 43 93 69 86 7 34 66 75 5 17 76 9 49 50 20 41 82 16 14 83 42 22 97 27 24 37 95 68 80 89 12 48 75 11 6 60 29 80
2714 22 727 64 97 8 72 45 57 92 85 90 59 50 72 11 91 46 59 69 69 96 64 88 75 52 99 74 26 61 32 85 41 49 37 18 72 81 75 15 17 16 26 67 40 36 9
2715 22 706 85 46 78 5 93 41 44 67 42 93 70 54 24 6 95 86 6 83 4 78 64 30 80 45 69 98 36 56 7 20 2 84 76 94 19 13 67 12 57 88 66 32 94 12
2716 22 631 17 99 94 20 28 9 1 24 89 98 92 86 33 100 5 53 27 80 46 50 51 10 69 14 18 8 31 49 53 42 4 88 83 96 90 6 36 87 50 22 71 49 65 75
2717 22 585 1 44 7 98 45 9 60 13 22 77 73 53 78 25 46 95 28 33 83 11 29 24 68 16 62 17 89 33 17 6 59 69 49 65 19 93 25 78 58 47 6 30 51 35
2718 22 660 6 48 29 34 81 64 96 61 39 63 76 1 32 65 33 48 70 43 17 18 60 35 62 84 64 19 82 69 48 84 4 54 84 39 12 99 86 24 38 100 51 38 31 15
2719 22 646 22 79 36 64 47 5 23 33 67 59 96 37 40 16 85 76 71 90 7 55 80 18 5 65 93 42 64 43 31 47 10 52 77 45 68 23 2 42 4 92 69 40 81 25
2720 22 682 46 60 42 50 76 86 92 40 28 22 38 37 26 14 34 93 36 35 54 86 95 9 29 63 1 47 81 71 99 93 64 49 68 49 59 28 13 96 65 90 9 50 82 96
2721 22 672 84 68 89 89 5 35 97 85 50 49 31 3 30 1 2 74 16 2 93 64 52 43 57 99 59 47 60 8 80 7 43 99 96 31 55 82 39 31 28 69 34 9 21 87
2722 22 557 82 88 88 75 51 32 78 94 40 28 4 38 87 12 18 94 54 68 41 37 23 22 16 13 5 95 34 38 6 76 37 94 15 63 96 46 20 45 75 58 56 44 3 61
2723 22 675 11 43 97 85 17 64 50 73 59 83 62 62 88 37 98 33 51 61 29 48 52 69 84 23 13 10 81 20 53 83 16 78 94 93 1 18 83 79 64 23 15 61 7 17
2724 22 642 73 35 16 77 56 99 99 20 9 79 40 13 62 72 28 91 80 36 92 80 53 94 15 31 57 37 45 70 43 13 42 30 70 85 78 69 4 38 95 51 12 18 2 18
2725 22 660 9 37 61 89 89 7 3 19 63 91 15 32 85 79 26 66 6 47 50 36 73 66 52 75 77 70 5 31 87 13 67 99 1 8 57 55 20 97 93 3 82 71 80 47
2726 22 649 29 27 49 64 93 6 88 58 57 63 87 26 67 17 64 79 35 15 32 42 71 86 20 90 12 45 68 34 24 66 14 50 77 43 19 17 76 79 38 53 45 54 17 23
2727 22 655 89 31 6 30 1 92 49 43 78 12 87 45 98 62 10 11 12 24 40 6 94 8 57 21 86 95 74 30 48 42 4 88 72 10 18 24 53 18 30 82 56 26 31 18
2728 22 642 35 93 81 10 84 86 4 91 42 76 76 36 49 57 36 90 61 23 13 22 92 89 26 62 58 55 43 14 80 25 31 66 17 11 1 48 79 43 89 6 19 77 55 27
2729 22 655 12 96 39 34 61 60 26 1 85 39 58 91 81 71 22 57 53 40 73 15 15 25 62 45 20 3 50 90 79 56 16 90 52 55 75 64 66 100 64 3 38 21 45 70
2730 22 550 44 19 78 48 58 3 63 72 27 76 68 98 17 87 8 25 3 97 28 9 72 91 74 23 6 76 13 78 73 34 21 91 12 21 48 14 35 71 92 10 38 90 40 6
2731 22 640 28 47 30 30 96 9 38 19 99 64 93 4 91 5 34 63 6 53 2 26 67 60 22 58 11 99 61 17 27 59 98 56 7 46 76 57 69 13 51 25 46 14 15 51
2732 22 591 66 16 29 18 82 88 39 92 9 50 90 21 18 68 32 67 76 89 25 21 65 82 33 85 46 83 43 96 24 93 14 91 73 83 13 21 16 73 22 57 94 91 77 10
2733 22 810 65 34 72 81 67 56 12 38 26 54 86 49 99 99 91 71 81 15 83 53 82 56 27 39 1 69 15 29 78 66 45 12 89 26 44 42 42 33 95 18 93 16 58 16
2734 22 619 48 24 98 53 6 5 31 96 57 99 62 85 77 27 30 40 67 55 69 10 10 94 15 5 12 81 49 79 90 64 27 14 14 31 71 70 61 66 11 27 87 5 40 78
2735 22 730 23 46 47 84 94 8 77 8 64 88 40 13 67 82 28 45 93 75 17 63 87 34 89 97 12 51 36 68 43 13 90 88 11 73 81 19 49 40 82 37 32 46 55 65
2736 22 642 74 99 11 18 73 79 80 11 12 20 7 75 71 42 42 13 55 31 52 17 3 33 87 3 24 21 91 7 66 45 43 33 9 67 40 77 60 84 48 82 77 89 46 31
2737 22 716 71 97 25 81 86 28 57 6 18 63 24 15 14 57 74 76 29 14 4 2 39 2 6 16 42 3 98 13 99 97 89 32 83 68 88 40 38 2 63 52 87 29 60 5
2738 22 519 2 35 85 67 91 38 29 91 48 44 33 50 42 97 1 38 84 72 53 23 12 42 24 26 93 63 6 52 19 60 39 55 26 81 92 69 9 83 16 53 15 18 46 63
2739 22 630 70 83 47 53 7 51 27 70 44 50 36 64 53 40 82 12 30 36 89 10 80 57 18 62 25 22 28 94 67 42 15 2 40 19 60 91 45 29 86 46 22 10 79 13
2740 22 688 43 42 94 79 31 3 10 39 72 71 15 46 50 60 64 91 74 17 30 92 76 72 36 56 58 82 83 31 91 13 95 33 55 88 63 37 42 72 27 65 1 26 37 27
2741 22 578 42 19 18 70 54 77 51 87 11 33 77 24 27 61 30 66 76 18 7 99 44 72 93 37 33 39 90 58 16 52 46 33 21 87 38 49 24 60 70 52 83 49 13 64
2742 22 703 14 40 81 21 38 76 44 82 13 28 21 54 86 48 69 89 93 53 9 31 91 57 20 14 68 42 66 50 90 30 65 55 97 27 6 73 70 40 37 98 60 90 35 59
2743 22 624 10 23 3 62 83 33 52 91 5 66 59 46 60 87 12 77 41 32 73 68 89 97 37 28 33 86 39 74 72 97 94 99 45 28 84 96 71 88 13 29 47 40 19 58
2744 22 639 16 11 41 41 78 30 37 15 57 70 52 96 95 24 44 78 69 43 22 49 19 65 34 47 49 80 38 19 90 54 29 30 46 7 11 82 73 68 51 76 15 46 99 10
2745 22 689 75 20 4 48 68 81 16 86 97 1 84 45 81 73 15 70 78 44 51 23 2 62 5 74 7 49 47 4 56 78 71 60 25 38 92 93 89 93 10 85 82 100 94 60
2746 22 550 43 97 82 96 58 86 69 90 93 69 36 48 20 43 26 90 2 2 79 46 46 5 34 39 14 18 15 96 17 9 7 11 57 88 6 66 55 70 47 90 18 32 94 60
2747 22 741 86 96 38 31 93 95 16 83 8 85 98 55 54 58 61 16 14 1 74 79 26 51 33 95 97 74 11 67 57 57 42 4 15 24 96 9 91 79 69 76 76 23 81 33
2748 22 730 36 96 46 36 69 76 61 20 8 55 68 81 17 34 89 25 59 83 28 26 58 24 34 49 54 54 76 81 77 56 13 12 51 10 99 72 85 59 91 44 65 10 33 44
2749 22 592 64 58 54 46 37 79 4 12 65 4 18 79 45 46 86 9 9 88 70 7 59 6 1 49 81 11 76 14 6 92 23 59 38 92 71 54 95 87 25 84 17 62 44 25
2750 22 703 50 14 32 8 19 48 61 20 81 23 47 94 28 38 68 86 27 78 75 18 80 65 87 51 41 22 3 65 95 52 78 78 11 49 23 20 58 45 66 3 72 4 70 10
2751 22 669 30 47 36 99 47 16 63 85 18 56 6 88 58 70 82 61 60 71 37 46 19 94 90 84 96 14 39 17 75 68 10 67 61 77 81 45 46 36 2 33 93 24 67 53
2752 22 598 75 26 76 74 14 73 44 59 62 79 6 75 18 22 1 37 36 11 3 97 39 36 41 37 71 95 21 16 87 20 92 64 47 17 77 19 60 35 81 38 40 7 7 13
2753 22 626 8 44 49 70 46 45 60 33 37 96 4 31 17 19 3 38 91 67 85 7 95 3 66 82 35 56 73 42 62 86 1 5 34 70 30 29 18 77 90 1 93 8 47 98
2754 22 638 43 13 34 49 60 88 67 41 23 74 13 16 35 50 16 92 83 37 46 64 17 32 82 93 22 82 85 81 33 32 30 75 96 63 76 7 3 42 47 25 92 53 61 59
2755 22 534 44 44 47 41 59 63 73 92 56 46 25 92 78 58 75 8 32 23 22 59 29 24 52 76 18 87 43 71 1 66 42 99 7 1 62 31 17 28 69 60 5 26 35 64
2756 22 652 9 57 38 68 85 13 19 12 13 89 98 7 59 97 60 24 58 82 90 19 64 34 87 91 2 47 48 79 33 11 39 89 25 13 29 37 77 17 34 83 27 30 94 50
2757 22 673 20 52 84 9 22 99 94 9 90 95 7 89 25 39 99 64 79 99 21 3 63 1 91 39 17 77 43 58 15 45 77 18 80 38 39 78 31 99 67 78 57 55 2 47
2758 22 645 6 17 25 56 90 80 18 90 70 8 59 98 28 1 56 94 45 32 11 76 21 2 54 52 72 29 57 79 82 3 84 51 80 91 40 11 60 81 32 67 39 30 46 40
2759 22 627 85 40 36 68 2 12 89 55 17 92 7 88 20 15 66 53 69 1 3 48 91 94 58 2 75 42 68 13 71 66 4 7 57 92 26 58 55 14 65 71 5 71 76 85
2760 22 651 24 81 53 24 83 53 67 77 62 68 3 3 88 67 73 53 23 31 9 14 57 18 20 70 82 90 27 52 99 54 36 74 34 41 50 17 93 16 45 54 35 99 22 65
2761 22 665 81 26 87 12 34 52 68 52 23 89 85 64 67 37 63 21 24 36 6 64 37 22 56 52 18 10 39 16 66 60 33 98 86 71 9 71 75 28 22 97 69 7 61 87
2762 22 585 95 75 59 18 62 65 34 99 38 89 2 56 98 40 23 15 52 7 13 37 30 73 7 4 1 81 21 39 64 7 33 38 66 2 82 35 50 19 76 3 26 25 43 49
2763 22 708 40 94 7 4 82 36 76 40 39 28 20 43 10 6 59 42 44 76 96 47 57 82 75 57 98 1 92 1 73 85 18 43 3 58 33 83 77 75 87 33 80 28 15 27
2764 22 688 74 71 9 21 98 65 18 98 62 98 70 98 56 45 16 50 73 35 82 1 61 15 39 93 55 71 20 21 49 45 44 57 65 93 35 90 23 96 93 93 46 89 60 96
2765 22 586 88 32 30 21 85 42 36 75 35 42 97 6 14 46 51 9 2 15 1 27 49 42 50 44 32 94 89 78 34 48 25 22 6 94 68 47 29 42 33 22 39 39 84 89
2766 22 730 96 37 55 97 16 56 38 17 99 22 10 39 43 87 23 16 70 80 62 37 26 42 78 59 64 68 97 51 51 37 98 40 94 55 84 71 49 5 32 87 25 29 8 55
2767 22 547 82 85 96 12 43 11 79 91 13 30 11 21 22 56 27 19 39 49 19 95 80 6 1 57 29 50 28 88 56 9 73 4 20 15 14 99 58 79 36 89 9 44 78 80
2768 22 641 35 26 98 81 5 55 82 13 37 62 15 64 50 70 24 74 73 44 40 39 94 97 17 25 85 57 76 93 53 72 34 78 70 67 48 46 12 61 60 27 10 82 51 83
2769 22 637 6 46 23 44 91 71 12 15 55 68 90 48 68 42 71 53 19 92 52 68 70 49 31 31 9 58 92 42 60 27 47 5 1 43 95 71 54 9 26 74 50 25 41 91
2770 22 666 47 45 61 39 68 64 58 37 12 88 67 72 45 59 65 4 85 12 60 85 54 54 7 59 14 84 32 63 24 5 21 17 97 88 80 54 44 41 43 67 86 1 41 37
2771 22 679 95 1 73 100 6 79 58 72 15 90 86 74 13 43 80 85 59 28 72 91 81 48 22 90 52 59 42 35 99 78 29 51 2 80 9 32 38 80 46 79 65 20 91 59
2772 22 759 51 28 18 79 99 8 11 98 45 32 87 96 42 28 83 93 57 63 95 58 43 3 80 82 58 99 6 100 9 9 79 26 39 78 85 49 75 29 33 14 77 74 93 59
2773 22 675 66 50 73 61 59 15 63 100 46 97 87 55 47 44 7 55 4 85 33 42 14 17 91 41 98 23 54 74 48 46 84 14 56 26 6 23 40 57 20 88 95 27 34 39
2774 22 676 85 41 94 21 25 36 35 41 78 27 38 52 32 63 99 29 46 12 76 54 89 33 28 29 41 47 16 36 73 2 26 9 42 19 30 66 6 64 58 83 48 34 62 33
2775 22 596 1 8 96 28 13 85 60 40 86 80 88 11 81 13 19 22 31 48 39 89 63 49 71 4 48 57 28 9 41 29 16 88 56 28 24 68 36 68 5 68 55 67 37 22
2776 22 554 1 85 12 89 99 60 55 7 20 82 16 60 10 83 18 63 23 85 81 10 4 37 77 10 3 25 28 40 46 80 76 57 69 26 32 80 75 51 62 42 25 60 92 39
2777 22 641 82 76 19 44 79 56 20 40 10 44 1 41 99 28 98 19 54 66 50 33 92 52 46 34 13 21 58 24 12 96 40 66 70 73 35 64 28 35 4 78 63 53 96 68
2778 22 766 70 97 52 62 48 50 95 60 4 36 33 51 93 72 68 93 94 41 64 3 75 79 82 61 83 60 23 87 7 42 57 4 18 51 43 64 63 64 67 98 96 69 42 20
2779 22 595 36 86 13 76 49 67 2 28 48 63 62 59 37 100 66 79 56 21 72 25 23 14 88 85 29 6 34 24 74 27 43 62 12 7 73 91 40 73 53 53 31 41 52 48
2780 22 706 19 60 20 42 84 43 7 72 79 35 29 13 59 3 91 53 64 3 12 52 67 84 94 6 56 98 10 39 39 61 86 9 72 6 51 56 57 79 78 44 42 54 61 33
2781 22 745 6 76 87 69 80 53 53 73 10 8 71 19 98 61 31 84 69 3 41 19 92 28 88 69 46 11 24 59 95 81 34 33 50 65 85 2 38 94 61 60 64 11 20 46
2782 22 647 46 88 86 59 9 29 48 97 8 94 59 31 4 5 63 37 37 12 2 21 65 91 66 78 50 81 88 21 27 33 60 78 70 18 87 98 55 34 62 79 5 44 82 9
2783 22 552 7 71 46 70 24 18 35 14 36 64 15 16 51 87 94 35 72 4 16 58 1 70 43 98 84 74 2 27 63 85 29 60 55 52 77 89 17 12 52 83 80 54 21 73
2784 22 765 88 67 96 43 82 5 95 3 92 86 73 94 65 31 8 49 60 67 3 63 43 32 59 46 66 38 51 87 62 38 53 58 80 86 14 74 40 13 18 78 85 63 42 68
2785 22 631 70 42 79 36 97 93 82 91 24 40 37 42 29 87 28 91 77 32 8 69 13 34 26 51 62 13 30 81 72 59 69 20 4 50 10 27 42 98 68 70 47 60 78 11
2786 22 594 72 98 76 5 58 53 7 94 66 19 24 47 52 47 57 72 18 60 74 27 39 15 77 58 84 13 5 96 34 58 48 32 33 53 89 85 11 34 3 82 9 49 55 5
2787 22 690 57 24 17 30 3 55 96 79 12 31 91 68 26 67 2 36 66 85 68 70 25 5 81 58 59 62 67 7 46 73 63 2 49 79 83 51 85 30 29 97 61 19 64 38
2788 22 644 37 17 73 2 1 93 72 77 49 4 35 7 65 53 13 62 77 27 64 25 58 98 27 42 28 55 90 88 25 54 22 50 15 75 42 38 51 90 93 37 96 57 41 60
2789 22 659 70 70 38 33 94 95 83 73 37 62 27 26 49 52 31 25 64 5 26 30 79 67 19 29 8 11 18 55 58 66 89 27 4 73 73 98 7 45 86 68 71 64 68 74
2790 22 683 46 45 90 50 70 71 80 89 9 96 52 78 3 23 35 68 63 62 71 35 86 21 94 30 58 61 73 29 26 71 67 20 37 52 82 26 12 78 30 89 32 52 23 99
2791 22 709 14 36 22 100 21 42 93 50 51 6 2 24 34 79 94 58 45 65 3 81 16 85 59 79 88 67 91 42 43 4 77 64 55 98 57 48 99 8 53 52 83 38 82 28
2792 22 684 47 26 92 49 59 60 85 69 38 98 8 57 94 98 98 89 1 74 52 7 23 61 54 22 20 58 25 2 7 29 45 84 72 46 83 30 62 21 80 69 29 25 66 26
2793 22 673 13 18 99 17 25 74 77 30 95 96 40 19 49 38 29 83 61 100 28 54 83 9 16 55 36 83 65 2 8 77 71 58 93 95 21 77 68 16 48 16 53 76 44 87
2794 22 564 36 96 66 42 78 75 9 84 14 44 30 97 25 7 68 34 51 14 17 72 42 45 39 57 44 7 62 20 50 48 7 97 48 74 40 56 5 52 74 35 93 15 43 81
2795 22 574 4 14 22 48 5 31 44 11 92 15 12 91 73 9 56 21 34 47 28 43 79 68 38 79 70 82 45 5 24 25 8 38 99 7 94 29 2 4 72 16 15 14 41 23
2796 22 616 22 61 9 20 40 51 23 71 18 12 49 87 93 93 43 17 70 2 6 20 99 48 62 54 71 30 68 36 57 82 51 77 21 53 11 43 55 88 53 28 28 13 78 75
2797 22 664 26 31 97 55 51 32 24 93 89 57 95 17 30 47 15 72 68 77 28 84 2 79 54 10 83 34 37 47 11 63 72 42 59 79 44 42 36 82 82 98 40 80 65 11
2798 22 673 99 93 77 27 76 30 57 82 39 91 15 27 37 77 89 8 70 99 38 13 41 92 74 2 33 24 12 88 3 63 32 32 60 61 45 41 35 7 26 23 83 67 82 5
2799 22 639 65 20 17 57 11 17 31 12 49 54 4 13 93 6 75 24 37 15 35 98 97 33 26 19 68 92 72 9 71 88 81 56 47 44 57 52 21 96 5 47 61 6 42 71
2800 22 705 81 90 19 13 68 37 32 59 88 3 67 59 43 84 91 50 82 35 58 34 78 29 85 76 52 78 36 58 38 61 76 2 28 64 34 38 4 88 5 62 30 40 80 21
2801 22 631 38 89 6 19 67 87 55 42 84 30 95 55 39 84 15 15 42 30 23 79 33 10 35 46 92 26 50 23 99 87 11 56 57 77 64 71 32 47 52 78 1 90 62 15
2802 22 618 56 51 8 86 73 39 70 34 25 16 3 17 47 1 55 10 12 38 50 75 81 73 59 58 74 1 71 40 21 100 93 45 38 63 31 14 30 55 16 46 54 68 63 24
2803 22 706 63 100 73 89 60 5 62 70 87 70 85 78 78 5 77 70 2 66 32 32 80 13 38 47 58 43 15 10 57 90 72 9 14 13 68 18 26 89 31 12 11 67 89 88
2804 22 633 24 18 57 25 83 41 8 14 53 45 13 63 40 27 72 96 68 95 4 33 59 23 2 84 64 32 47 74 99 88 74 5 21 98 39 61 5 53 66 1 65 80 92 43
2805 22 702 3 88 62 49 43 94 8 18 95 43 81 78 90 54 28 29 18 1 33 38 50 71 51 54 75 68 7 91 47 98 85 49 37 46 49 80 91 8 97 85 29 15 92 34
2806 22 565 42 20 51 43 4 88 92 74 38 98 1 5 56 91 3 5 28 3 73 52 64 11 21 100 61 49 14 4 82 8 23 32 2 26 71 45 52 61 17 49 94 20 54 21
2807 22 521 22 47 46 25 19 61 36 39 60 48 39 26 52 20 33 74 3 86 25 30 85 72 6 2 72 51 73 25 23 69 71 41 29 58 31 88 5 21 65 8 40 49 34 94
2808 22 506 34 85 19 64 39 55 87 96 8 58 46 80 35 69 26 57 37 96 50 65 5 32 61 53 69 69 44 70 54 38 3 38 18 28 14 4 23 22 68 1 48 37 56 73
2809 22 695 73 5 90 29 37 94 41 14 10 84 83 63 38 52 32 55 31 46 59 53 67 72 72 19 71 60 45 26 85 69 74 98 87 11 80 48 46 15 19 52 13 50 6 43
2810 22 768 95 16 47 13 39 18 32 9 78 28 87 62 96 21 35 93 91 53 31 53 98 46 16 49 51 18 55 45 12 70 77 61 9 8 69 38 7 51 82 27 85 27 89 57
2811 22 615 21 72 35 71 70 25 86 18 76 3 72 72 67 94 63 43 54 23 2 74 60 40 81 10 59 46 47 28 34 4 5 90 74 14 8 92 41 10 15 13 28 60 27 22
2812 22 638 13 49 75 39 60 14 19 21 87 29 18 33 56 51 88 56 7 29 25 33 95 32 76 35 94 42 99 73 2 25 66 25 21 4 36 35 74 56 3 73 5 58 45 65
2813 22 663 34 73 42 66 67 73 93 54 18 34 52 43 35 29 37 1 5 9 4 41 43 78 48 15 80 73 72 89 99 16 54 32 88 95 49 7 19 41 60 89 75 11 31 9
2814 22 637 91 67 9 96 27 65 36 22 94 35 73 7 7 61 6 74 66 89 62 60 38 68 31 30 79 19 4 89 49 13 80 67 93 89 14 82 48 2 55 60 67 12 34 84
2815 22 717 52 47 96 89 66 26 19 44 44 74 84 92 38 15 58 63 41 50 51 54 16 33 2 17 8 76 56 19 61 40 70 7 35 11 72 12 81 15 55 54 99 46 92 13
2816 22 717 55 54 54 56 56 7 71 88 60 39 78 67 15 85 85 75 76 7 34 62 69 5 73 49 20 27 70 24 97 34 2 87 86 58 46 56 5 47 74 24 61 11 8 87
2817 22 586 86 66 20 48 34 77 48 99 40 17 22 36 50 52 38 89 37 47 44 43 42 90 69 65 2 79 25 89 16 42 60 63 76 88 35 61 85 100 51 6 88 53 9 25
2818 22 744 93 45 23 78 89 65 19 30 85 36 32 15 60 72 31 1 83 45 28 71 79 41 5 63 92 8 21 79 29 55 52 26 77 81 66 42 51 95 78 86 97 49 50 32
2819 22 574 67 29 2 98 69 58 12 61 65 84 39 76 94 79 90 22 59 7 63 10 1 41 47 79 33 96 79 7 45 10 73 25 22 94 21 34 6 37 17 96 13 81 41 91
2820 22 540 22 63 50 28 25 11 81 17 9 59 1 4 37 7 99 32 13 53 70 85 38 75 7 70 86 39 11 76 61 25 77 88 49 39 68 18 48 78 3 67 29 55 17 12
2821 22 642 31 29 16 52 66 54 26 87 12 47 72 50 9 99 10 33 76 50 34 66 69 3 65 47 24 20 52 74 81 63 56 61 7 26 36 84 64 47 82 35 96 91 86 6
2822 22 539 75 61 7 60 26 75 14 91 21 38 10 37 89 35 17 4 90 30 86 48 55 21 31 19 67 12 5 62 54 42 19 81 2 25 40 80 22 72 91 83 9 31 69 77
2823 22 696 86 10 6 71 57 13 91 39 31 57 50 87 71 56 29 89 36 82 14 75 13 65 80 86 70 68 44 53 21 38 97 78 61 53 90 51 72 60 93 11 30 48 18 83
2824 22 704 72 31 57 37 47 37 22 83 58 42 78 10 29 50 26 28 60 78 17 10 21 89 69 13 99 50 89 68 42 12 50 50 97 38 74 79 96 15 8 57 43 58 20 85
2825 22 770 67 50 1 29 70 41 49 34 91 99 93 31 18 86 95 67 87 94 15 25 45 72 81 53 80 76 10 88 94 6 96 46 34 65 83 98 29 33 42 60 50 79 54 68
2826 22 704 66 99 83 42 27 65 98 79 96 25 40 83 72 33 41 67 31 74 32 17 8 81 97 92 75 56 53 61 9 70 60 43 11 25 69 27 74 100 23 99 39 57 70 24
2827 22 679 97 88 54 23 71 22 82 52 18 74 26 26 14 30 86 74 45 16 62 69 37 41 43 88 15 93 1 20 94 72 75 75 48 52 70 14 33 55 87 32 55 46 20 43
2828 22 642 86 14 30 52 58 55 22 71 56 93 24 61 95 88 13 21 32 60 53 25 7 64 88 58 70 85 12 22 43 41 73 1 47 46 23 54 91 46 15 28 92 54 40 12
2829 22 680 85 52 35 89 76 91 47 39 30 5 8 66 86 71 87 28 11 11 80 10 56 55 63 46 29 74 92 82 65 55 18 16 42 6 44 84 5 34 61 94 46 64 68 25
2830 22 700 27 78 57 36 33 11 98 31 10 79 56 53 60 20 8 30 88 1 87 31 84 91 16 100 51 9 29 96 73 96 21 99 77 34 83 39 48 61 94 1 66 60 2 53
2831 22 681 12 88 35 47 79 50 46 29 59 74 77 83 21 49 81 45 66 1 15 100 92 62 61 85 14 33 2 25 86 6 36 73 82 3 42 27 84 52 52 12 34 72 60 66
2832 22 739 16 36 83 69 50 82 60 63 42 96 29 26 53 63 55 41 88 47 22 90 40 1 25 91 52 36 76 76 95 93 43 82 75 11 56 22 98 50 70 26 27 19 78 90
2833 22 748 73 18 77 19 92 18 58 44 43 100 95 78 27 22 25 19 65 58 93 27 1 49 90 50 18 67 28 36 96 17 60 66 45 31 57 63 88 100 5 40 46 34 66 20
2834 22 703 10 85 84 68 29 10 60 29 1 30 79 67 66 14 26 26 71 56 35 85 95 86 89 34 22 52 3 32 88 86 51 16 47 62 97 9 14 78 87 32 53 45 65 30
2835 22 647 24 35 85 58 19 31 96 59 17 79 32 68 81 15 55 18 65 22 16 78 18 76 91 48 63 22 34 67 67 98 48 90 84 84 99 54 14 46 12 30 49 56 10 3
2836 22 630 25 27 41 56 94 68 47 41 82 20 27 48 38 24 8 30 78 13 44 23 77 25 99 72 74 54 33 28 79 59 52 71 15 98 13 90 20 32 16 19 70 92 18 48
2837 22 659 51 47 77 63 42 100 39 67 50 10 92 3 43 19 33 53 71 55 19 20 93 83 9 64 67 77 34 36 68 51 35 18 98 64 32 91 15 71 57 64 48 18 26 67
2838 22 712 51 79 89 5 49 60 32 20 64 98 96 98 85 15 48 19 84 97 34 16 88 48 86 96 11 69 29 95 14 31 73 54 87 21 13 36 4 32 1 80 94 48 56 78
2839 22 692 96 89 93 35 37 30 31 99 98 78 79 92 91 9 16 44 89 56 83 92 39 33 18 33 29 12 80 84 41 75 25 33 10 13 14 92 11 11 69 42 55 59 50 70
2840 22 549 54 97 58 9 79 2 47 64 46 17 96 74 28 75 10 20 1 34 4 62 98 17 5 8 27 73 81 83 51 3 36 99 12 96 30 13 43 93 11 88 84 90 14 93
2841 22 593 9 66 78 12 28 75 84 34 6 57 35 39 91 37 41 27 4 22 64 17 16 8 26 26 95 9 15 60 53 23 82 34 5 56 13 88 42 19 96 76 57 87 49 65
2842 22 596 98 52 86 14 20 54 21 98 79 68 58 46 11 20 4 92 6 60 18 100 41 88 47 68 44 33 31 44 49 80 48 87 45 67 40 66 64 70 85 22 15 63 84 87
2843 22 684 19 75 92 30 26 9 81 66 49 28 33 44 12 15 88 61 95 35 47 39 53 86 56 17 7 92 90 74 73 60 77 99 51 58 25 11 39 42 59 66 27 3 41 90
2844 22 724 37 87 76 83 78 28 20 85 96 27 77 85 35 57 11 11 8 61 68 32 23 6 73 82 99 36 92 77 88 78 52 23 55 31 94 92 27 20 63 71 2 72 33 64
2845 22 710 79 93 83 10 68 41 34 49 63 85 36 14 76 12 2 5 12 45 69 3 71 41 22 86 75 57 96 38 35 40 72 96 7 12 29 7 65 42 40 40 53 93 97 67
2846 22 555 68 60 12 37 14 34 29 35 19 91 61 27 38 50 78 21 56 36 33 85 43 59 49 84 98 41 89 91 55 10 18 98 13 4 26 99 74 69 11 1 6 60 35 80
2847 22 616 17 71 64 53 13 74 53 48 72 45 36 14 85 43 23 84 12 73 48 15 98 98 89 18 8 89 24 67 1 58 99 69 28 62 73 92 78 40 59 74 27 72 21 46
2848 22 657 94 33 18 42 99 68 91 87 85 99 27 60 65 80 70 15 48 49 77 21 41 64 50 80 22 23 58 45 81 79 42 27 11 12 20 61 31 10 15 8 26 27 25 5
2849 22 630 96 39 5 44 67 77 84 30 26 15 3 48 25 99 81 3 93 7 65 4 34 87 24 100 95 50 78 71 6 73 9 62 69 76 38 4 57 15 71 12 15 95 10 95
2850 22 738 97 2 53 61 57 30 37 42 16 61 94 62 62 71 32 19 44 93 81 64 20 70 67 76 85 89 87 99 83 49 45 31 2 97 91 11 78 80 52 45 40 45 7 53
2851 22 728 68 90 71 63 82 3 26 1 73 44 29 57 33 15 55 67 15 51 98 69 99 40 79 76 19 82 20 10 78 62 46 68 85 8 49 87 50 59 28 78 67 60 44 73
2852 22 741 27 11 23 24 79 21 63 9 96 34 42 68 43 20 45 57 65 12 41 24 13 79 56 62 90 36 91 56 47 86 29 73 48 3 78 24 86 71 28 90 99 35 46 16
2853 22 636 98 38 39 10 17 47 23 6 82 65 61 28 3 41 53 50 96 52 28 71 66 65 41 13 44 83 43 17 58 66 90 96 76 6 42 50 63 23 15 75 16 55 6 45
2854 22 688 33 72 10 25 36 53 7 38 47 75 90 4 41 79 52 68 93 17 98 68 83 72 22 99 39 76 17 1 61 33 56 22 58 92 27 16 29 73 91 70 77 83 80 50
2855 22 722 35 24 18 32 91 1 56 12 51 94 39 67 47 72 80 31 27 53 40 18 79 56 99 52 98 20 20 59 81 54 82 98 86 25 50 93 88 1 19 84 15 28 3 54
2856 22 682 98 33 61 96 84 58 15 15 37 86 73 17 40 7 67 77 31 16 69 70 16 6 48 87 90 97 36 56 77 38 74 71 22 21 6 79 87 21 45 84 12 51 50 40
2857 22 667 33 66 8 3 65 50 19 54 99 7 61 27 96 22 18 43 72 24 21 58 88 30 40 72 93 43 32 27 38 91 29 23 56 31 41 61 81 47 22 7 43 43 58 60
2858 22 730 37 29 35 57 38 30 97 20 22 68 12 16 40 96 42 30 23 52 93 5 44 6 43 27 95 85 21 52 96 57 32 83 65 69 64 61 88 37 80 52 52 20 99 46
2859 22 529 1 36 20 52 81 24 95 86 12 37 64 6 73 36 9 21 44 40 3 60 8 18 21 48 55 52 99 58 23 49 84 74 26 64 49 21 60 9 16 65 34 51 6 46
2860 22 649 64 60 6 24 77 26 71 83 29 21 41 52 69 95 74 52 21 100 68 69 72 20 32 36 45 17 38 70 22 84 33 33 89 56 10 66 26 44 94 98 36 45 66 31
2861 22 682 71 70 51 22 89 71 45 8 28 95 96 45 33 65 18 16 49 51 56 5 12 21 82 55 66 80 43 63 97 73 85 18 75 6 6 97 2 66 48 29 60 43 25 44
2862 22 591 59 43 11 59 45 66 63 56 38 97 62 56 76 4 18 24 28 54 42 54 99 3 12 64 50 40 44 17 19 54 30 12 3 47 75 10 37 23 23 92 79 9 73 58
2863 22 571 14 66 64 24 65 66 35 28 15 26 3 10 42 74 63 52 74 54 1 100 37 22 90 28 71 20 88 96 29 1 61 92 24 25 57 10 5 23 36 59 32 77 46 29
2864 22 611 86 20 34 39 71 1 75 93 42 55 15 61 10 89 95 71 33 18 47 41 28 51 16 15 62 47 43 93 45 23 31 16 57 69 9 43 30 50 97 45 91 6 2 85
2865 22 770 76 86 54 75 27 33 77 42 47 38 40 42 83 84 64 13 99 72 33 37 80 27 66 81 62 94 68 48 2 95 7 69 59 40 98 52 38 35 92 79 17 27 95 81
2866 22 629 78 66 13 14 46 92 31 78 67 93 72 32 12 19 85 6 3 91 27 62 82 24 20 10 56 50 79 35 44 59 62 24 77 59 15 7 36 81 51 59 64 62 29 48
2867 22 668 20 32 90 98 45 72 73 9 43 82 65 92 60 51 88 71 62 49 94 38 7 8 96 94 40 47 5 3 33 2 31 16 91 28 14 100 21 56 34 37 87 87 15 48
2868 22 619 87 8 37 45 67 32 38 58 30 42 12 42 27 13 72 42 56 52 54 69 3 74 25 36 10 24 81 96 62 47 95 100 7 31 44 25 14 33 83 96 75 94 53 59
2869 22 671 60 46 66 11 99 86 14 24 62 1 33 37 80 98 26 97 86 8 92 10 74 25 44 69 51 38 57 3 48 16 13 27 98 92 22 60 7 96 25 38 46 4 16 94
2870 22 807 41 23 86 2 96 62 46 64 64 83 20 66 82 88 65 94 14 15 43 5 37 54 95 2 72 84 99 27 92 67 22 29 21 69 42 66 85 5 56 22 81 43 87 26
2871 22 654 56 53 68 12 41 74 60 35 75 31 19 25 10 69 16 28 90 97 48 59 13 43 95 12 98 16 44 93 54 69 7 89 12 47 62 71 34 88 53 4 64 14 72 79
2872 22 685 42 62 27 89 72 17 54 66 63 17 15 78 61 7 84 81 7 90 69 18 88 82 40 21 21 44 76 84 58 48 99 61 93 39 32 61 44 49 23 61 53 73 22 36
2873 22 598 53 28 77 74 97 64 7 88 37 80 31 12 63 88 59 29 86 19 22 77 2 34 20 2 57 80 65 9 4 38 96 9 17 72 82 13 35 40 23 19 30 35 34 70
2874 22 612 45 62 7 16 35 83 69 69 3 71 25 34 87 85 38 76 80 46 92 51 79 4 37 18 55 12 36 98 22 5 42 83 12 9 18 46 30 38 48 100 62 82 98 71
2875 22 663 13 77 68 4 79 46 59 67 15 65 78 3 75 24 57 69 7 20 77 76 65 6 26 98 46 75 10 3 35 65 81 32 47 46 39 77 49 91 51 72 99 71 30 18
2876 22 647 48 57 34 5 21 98 14 98 95 59 72 62 74 48 85 6 79 60 5 25 50 81 25 40 83 48 38 54 78 7 53 86 41 57 7 38 22 56 33 33 28 46 94 89
2877 22 697 59 24 48 15 98 95 24 89 29 24 79 82 1 85 86 38 25 95 44 15 16 100 99 48 52 83 89 41 41 13 40 7 64 37 78 82 63 56 15 63 17 95 96 31
2878 22 619 10 47 29 10 77 24 13 59 5 52 45 58 92 33 11 31 93 65 6 7 57 58 59 25 52 6 7 14 4 87 75 80 39 90 74 44 41 2 88 51 94 72 61 24
2879 22 524 82 4 69 98 61 75 6 19 85 30 22 90 36 87 45 74 24 84 52 66 9 95 11 34 8 56 5 68 31 38 23 99 88 84 26 45 54 10 27 75 14 62 96 88
2880 22 534 74 72 71 77 37 31 94 41 56 2 48 13 21 79 50 44 29 89 27 6 86 32 16 12 6 19 25 19 14 12 45 37 34 21 73 17 44 19 9 99 20 57 11 92
2881 22 591 87 13 35 15 53 13 21 38 44 88 49 2 58 26 20 71 89 16 60 75 37 32 91 80 50 99 30 21 7 41 13 93 5 99 57 12 80 47 19 47 8 76 72 80
2882 22 763 98 13 95 57 87 83 41 29 14 42 79 44 15 86 36 79 78 92 77 37 48 40 68 46 99 38 93 6 65 64 37 63 28 84 71 14 18 63 42 32 57 73 27 71
2883 22 639 58 62 1 35 53 77 24 52 69 91 98 67 81 42 45 57 13 59 85 96 30 98 44 92 96 100 64 22 22 73 35 74 7 39 51 82 43 71 25 92 89 5 33 12
2884 22 708 49 89 76 8 73 23 89 23 88 84 66 83 36 81 57 57 53 43 31 11 82 33 93 76 55 17 67 43 21 51 6 21 91 82 28 16 4 68 38 43 52 55 26 87
2885 22 736 35 34 95 39 76 77 49 9 61 41 84 15 57 2 9 29 52 15 50 43 48 29 58 3 97 47 46 100 1 23 86 87 56 32 25 83 73 92 21 66 75 36 74 29
2886 22 712 96 3 80 10 4 74 9 32 83 64 81 61 79 33 16 19 90 48 95 72 8 20 63 28 85 90 15 10 18 11 64 49 72 67 23 81 51 57 30 38 56 61 70 38
2887 22 622 28 41 79 75 35 50 34 6 65 62 42 6 76 52 23 86 15 23 58 82 97 90 84 54 85 65 43 40 25 12 29 53 4 7 91 56 13 96 72 74 38 77 1 89
2888 22 631 51 87 3 74 96 36 70 85 19 75 21 84 17 60 60 81 88 12 36 94 43 26 1 7 22 73 32 11 49 32 99 52 53 25 65 89 46 1 59 21 42 89 80 2
2889 22 729 69 19 65 5 64 59 82 65 3 89 96 13 89 28 63 40 49 16 16 14 56 62 66 14 87 8 70 18 9 91 25 47 52 84 28 68 48 83 8 96 95 97 75 10
2890 22 667 88 23 77 4 32 65 6 97 98 92 4 19 61 64 9 49 89 7 53 24 35 72 23 17 80 18 63 28 44 24 67 67 22 6 83 86 11 80 54 35 99 14 15 39
2891 22 659 21 19 62 7 91 36 23 22 6 37 49 49 61 67 67 12 89 25 95 26 35 74 41 8 66 7 58 79 73 96 51 92 9 57 34 45 31 55 50 20 55 50 32 21
2892 22 693 17 43 61 41 89 87 27 14 99 67 74 64 73 31 94 46 97 89 87 53 22 31 36 28 32 7 34 82 38 6 50 32 67 90 21 53 68 34 3 35 7 66 59 38
2893 22 403 11 4 16 7 44 54 12 17 37 99 68 5 77 1 42 83 50 25 1 91 45 5 59 79 7 45 24 3 26 34 41 41 2 47 4 19 83 2 14 50 6 43 3 99
2894 22 754 77 52 23 77 95 20 81 53 50 39 49 86 62 51 12 95 9 4 87 63 90 33 32 43 46 34 48 88 36 98 64 39 73 92 85 92 72 37 41 10 37 26 88 89
2895 22 827 18 48 93 56 62 94 46 94 78 88 92 63 88 79 98 85 95 88 57 86 73 100 10 61 40 71 94 37 6 63 84 98 44 15 91 21 55 82 83 94 13 32 59 71
2896 22 615 87 44 95 38 5 56 78 28 21 93 35 76 50 4 73 45 19 16 65 25 97 99 18 61 82 47 52 85 15 99 23 19 6 52 46 10 2 97 4 29 98 8 54 42
2897 22 766 78 69 58 2 17 8 71 78 89 17 96 93 2 10 91 76 81 96 27 26 57 72 10 20 99 90 18 6 43 11 83 63 69 36 80 28 6 57 75 4 61 76 66 51
2898 22 690 3 46 98 29 23 6 52 18 15 71 69 56 40 74 99 3 9 61 96 40 50 54 48 66 28 52 78 3 17 80 57 14 77 85 36 34 88 6 58 74 56 50 54 52
2899 22 733 59 66 26 55 58 75 8 5 93 87 70 89 76 50 97 89 78 81 25 12 68 30 11 77 55 18 53 71 81 12 89 6 18 46 77 2 73 63 62 94 3 37 43 99
2900 22 681 78 21 79 54 84 98 83 46 26 89 64 4 41 86 36 52 74 42 21 71 97 73 46 59 34 91 61 22 11 99 6 41 52 89 38 86 86 16 49 19 15 35 54 18
2901 22 709 60 47 91 31 20 87 55 17 98 88 8 10 61 93 21 60 63 38 99 49 23 66 74 72 84 40 58 89 10 17 88 100 47 7 38 1 24 35 40 83 45 53 75 65
2902 22 685 64 72 25 26 61 75 26 35 40 52 6 75 91 15 16 100 32 3 51 30 89 83 36 23 74 18 67 26 92 83 15 8 27 34 44 62 95 19 86 34 37 17 69 88
2903 22 688 46 82 28 80 17 50 54 35 69 31 78 3 72 45 62 38 71 96 81 32 21 76 51 72 13 36 39 1 52 59 40 49 67 29 57 69 34 43 89 64 91 87 16 53
2904 22 513 24 87 57 70 20 84 72 43 48 7 33 48 10 44 40 59 83 6 39 91 26 24 85 14 9 49 8 5 32 79 3 21 87 10 6 35 71 49 29 83 31 19 42 10
2905 22 687 74 81 18 30 6 90 38 54 51 97 11 82 75 2 85 48 89 46 5 75 16 53 97 35 82 15 60 90 9 22 64 89 39 45 94 80 83 99 31 31 61 64 58 63
2906 22 613 48 57 3 45 61 77 13 13 76 61 99 9 27 11 35 32 14 75 70 58 68 50 92 19 32 23 31 95 45 95 88 47 39 48 23 3 12 50 15 10 59 42 72 9
2907 22 647 28 3 74 3 73 31 22 74 75 92 5 97 23 99 67 93 14 84 88 38 77 90 38 100 46 10 60 25 12 33 27 36 63 1 61 37 92 65 85 14 16 64 33 60
2908 22 754 30 46 95 95 85 85 71 26 89 9 25 34 70 84 10 33 16 89 69 31 81 19 80 98 4 46 13 19 78 24 49 75 19 95 59 3 66 37 91 26 61 76 97 37
2909 22 781 79 12 25 47 94 13 80 13 45 77 68 90 41 86 67 64 86 93 34 81 3 88 98 39 30 23 57 69 96 94 47 59 18 46 53 31 77 17 27 53 84 16 93 69
2910 22 683 34 8 55 78 42 35 80 81 32 19 11 6 70 67 26 65 60 24 75 30 21 79 97 95 38 49 78 5 93 99 53 53 15 94 39 46 74 22 64 36 79 33 3 56
2911 22 669 49 14 79 76 43 100 54 54 48 49 91 49 78 95 41 76 84 93 80 50 38 70 96 64 11 99 21 44 53 76 44 19 55 19 61 6 73 67 5 73 9 53 2 4
2912 22 634 46 78 39 90 9 89 28 79 36 43 69 98 93 42 98 17 37 16 23 7 80 31 94 85 3 3 5 58 82 34 96 72 42 36 51 20 41 21 34 13 50 1 1 73
2913 22 660 8 29 52 38 74 88 93 28 25 49 85 6 82 33 29 75 20 79 47 95 23 39 15 60 72 79 45 21 80 98 39 26 49 28 51 36 79 60 68 63 18 1 46 76
2914 22 573 67 77 74 61 51 12 27 10 83 5 7 55 36 4 26 81 54 31 35 73 9 47 93 24 16 93 70 61 20 36 89 93 48 40 56 74 1 38 31 59 18 62 44 44
2915 22 745 94 43 97 25 29 69 85 75 13 8 90 6 78 3 77 65 43 22 82 77 38 83 67 68 41 11 86 55 54 81 48 48 24 76 9 3 10 16 44 67 45 46 89 16
2916 22 520 74 22 93 11 4 11 31 97 21 68 3 74 48 50 73 76 26 48 72 34 2 33 1 46 99 46 43 42 7 83 57 80 5 1 42 60 11 24 8 31 91 10 56 90
2917 22 609 12 80 65 37 80 89 22 81 21 22 26 20 19 21 13 25 3 21 56 59 50 19 84 73 67 16 88 74 5 99 54 22 87 33 10 60 82 81 91 1 52 63 28 65
2918 22 735 86 84 24 59 85 94 42 9 71 60 58 34 29 8 87 2 46 19 63 5 83 44 25 45 89 87 61 16 52 46 51 27 4 35 20 98 44 42 57 19 90 99 59 28
2919 22 636 5 98 62 9 81 6 46 57 2 34 44 62 50 47 60 52 25 63 39 96 12 82 37 69 52 36 10 51 95 38 51 35 59 67 69 5 24 22 90 67 83 91 65 42
2920 22 613 43 89 57 81 84 68 14 20 88 65 8 98 15 54 35 17 4 69 80 62 48 18 11 21 60 29 3 50 93 97 44 33 53 76 68 72 41 87 58 46 24 99 91 40
2921 22 765 2 11 19 16 98 18 33 60 38 92 88 93 94 32 89 37 64 93 65 31 5 70 75 62 15 31 86 66 73 25 67 36 96 82 45 55 10 32 47 55 87 92 79 31
2922 22 690 56 10 94 12 31 69 74 45 51 11 10 24 87 29 59 82 62 43 99 80 39 53 90 71 44 86 37 87 64 67 25 12 6 55 32 31 35 41 61 58 27 41 68 61
2923 22 511 3 62 59 82 1 63 23 23 13 19 8 1 57 71 19 3 96 82 60 2 14 90 48 82 54 76 20 8 89 30 42 41 92 16 15 56 34 22 56 43 45 26 4 93
2924 22 544 73 45 46 72 26 59 28 85 64 55 5 24 95 34 65 88 78 80 2 33 66 24 41 8 20 66 4 11 59 3 45 3 16 80 10 95 74 1 49 48 6 13 35 83
2925 22 634 44 36 67 61 11 7 20 30 25 23 40 97 33 95 94 35 61 66 4 8 82 29 60 1 29 7 58 41 41 92 36 29 59 97 39 17 68 21 91 12 90 23 6 83
2926 22 582 10 52 95 75 7 54 8 87 14 9 15 20 18 7 13 10 94 41 68 42 31 84 51 25 74 72 48 35 23 94 62 81 69 19 61 29 33 32 47 91 44 56 85 36
2927 22 637 75 26 19 10 35 21 86 86 99 12 7 98 46 81 92 7 14 91 28 32 3 56 17 34 54 7 30 61 91 17 69 35 45 55 8 30 41 42 81 4 49 33 73 8
2928 22 742 46 63 35 29 65 42 45 51 96 52 80 56 94 96 43 14 83 87 69 90 68 61 64 35 30 64 67 54 23 64 9 92 33 51 37 35 88 14 53 33 62 95 47 44
2929 22 652 33 67 85 53 27 67 52 42 1 33 57 19 87 80 82 7 88 74 91 38 10 26 35 49 40 33 86 79 47 19 45 31 71 23 50 74 16 2 59 73 21 45 4 54
2930 22 558 51 91 27 93 81 88 18 67 36 9 6 69 60 92 99 59 62 96 41 84 70 90 57 86 44 15 10 16 11 13 69 13 55 48 35 35 23 54 31 59 43 43 2 93
2931 22 640 1 63 88 93 46 10 83 55 47 78 69 56 93 32 20 13 44 26 60 1 61 47 24 14 21 6 63 100 26 55 52 40 95 45 38 56 79 92 2 56 12 9 43 80
2932 22 492 64 87 5 76 87 17 22 62 30 94 20 6 56 19 83 62 23 22 8 67 11 15 45 2 16 52 14 76 3 56 55 66 94 60 41 33 76 14 46 58 7 65 15 14
2933 22 673 36 97 28 58 70 87 24 81 2 20 82 17 23 47 45 25 55 99 90 100 58 83 32 86 96 78 95 55 94 9 68 29 5 47 86 26 34 61 6 87 40 55 54 38
2934 22 658 99 78 92 98 20 92 7 2 75 44 49 4 38 3 98 98 23 78 2 69 64 80 54 76 85 40 8 76 47 13 14 45 43 5 94 62 48 1 15 23 96 63 26 34
2935 22 713 18 75 31 40 53 85 60 68 64 66 95 100 5 54 76 3 67 41 48 9 45 41 22 45 93 36 89 50 44 74 19 56 58 23 40 18 90 55 83 36 7 39 82 42
2936 22 652 56 74 41 16 18 33 89 62 26 76 80 66 25 76 39 44 46 94 1 68 86 70 9 92 4 44 98 43 33 31 36 40 76 7 74 60 47 87 37 22 67 2 99 42
2937 22 693 92 94 87 38 46 6 75 16 14 66 19 9 64 13 94 94 85 98 27 92 71 87 90 57 23 12 25 62 68 68 7 6 5 52 11 79 76 45 38 85 60 2 78 5
2938 22 684 2 62 80 5 24 66 95 33 89 58 59 65 71 27 84 77 41 28 19 47 70 15 36 6 26 89 83 31 42 97 22 53 60 87 47 44 27 56 43 78 54 64 67 34
2939 22 646 10 37 32 79 4 19 85 29 59 19 11 1 15 95 22 68 54 60 66 97 39 74 50 81 51 30 57 45 77 90 73 32 69 91 68 49 49 39 60 1 53 54 74 72
2940 22 609 59 34 90 55 24 63 56 56 65 85 15 21 29 43 62 34 8 34 66 28 76 85 77 77 23 36 28 41 51 51 99 36 40 5 11 2 60 66 19 97 32 39 25 75
2941 22 580 1 59 34 86 76 62 62 12 38 90 87 25 66 14 65 68 64 15 55 4 19 65 57 78 31 75 26 14 3 88 18 13 74 3 40 35 16 51 24 57 37 48 75 50
2942 22 695 64 42 66 78 49 21 48 13 29 77 95 56 3 9 21 5 90 17 92 56 7 60 6 30 16 95 96 92 84 61 69 32 33 16 62 45 43 17 47 51 89 51 50 78
2943 22 564 19 71 21 74 77 32 31 59 48 25 87 89 73 79 24 85 99 55 18 67 3 31 11 45 47 57 59 96 64 77 36 50 68 32 5 67 9 91 55 81 69 79 17 20
2944 22 664 85 34 86 39 64 96 35 62 4 81 62 29 15 90 98 51 39 44 70 22 48 36 30 91 42 62 11 72 79 30 57 64 47 80 82 41 17 62 41 78 55 67 40 57
2945 22 624 57 35 26 79 35 61 60 25 3 22 52 65 82 15 31 29 94 93 10 87 9 23 79 39 17 85 56 42 14 42 67 44 76 80 55 100 34 28 87 59 51 93 46 81
2946 22 504 73 91 25 34 77 86 8 7 24 24 92 80 31 33 45 73 51 40 48 82 47 100 15 74 86 26 5 88 18 50 20 42 75 21 30 82 27 5 6 18 36 88 2 33
2947 22 508 60 5 72 60 86 70 11 53 44 48 30 100 35 47 1 54 40 92 50 14 12 79 47 91 4 60 71 92 14 3 51 18 26 62 55 96 7 91 36 90 5 34 90 11
2948 22 615 25 33 60 38 45 91 37 87 40 46 95 31 59 49 34 28 27 95 83 74 19 41 64 89 29 5 46 14 56 39 78 15 76 74 5 64 82 4 6 76 16 77 44 3
2949 22 621 66 78 76 36 18 91 24 46 47 21 60 92 28 98 69 43 25 43 99 89 54 32 44 11 8 77 27 36 96 22 90 13 17 48 16 7 23 62 5 44 73 96 71 22
2950 22 705 16 65 46 10 86 64 47 29 74 6 58 52 41 5 73 30 17 71 98 64 87 4 60 81 24 55 52 45 23 68 42 32 35 28 82 56 21 39 65 72 32 69 97 13
2951 22 690 85 67 11 100 5 66 86 56 26 66 79 32 69 23 54 37 65 86 71 44 32 4 99 4 43 16 28 74 84 24 21 90 96 20 47 62 2 39 23 81 70 91 55 24
2952 22 706 79 19 9 50 62 92 5 13 96 47 28 75 72 63 98 58 83 39 55 85 18 11 87 56 33 19 26 76 73 49 54 44 60 69 47 58 48 21 30 11 70 39 45 9
2953 22 738 95 99 45 13 62 31 68 46 1 45 21 74 93 75 69 53 81 73 5 92 94 51 50 41 24 79 51 93 48 53 63 98 98 75 59 80 39 25 6 84 74 36 84 98
2954 22 637 40 75 91 43 24 32 18 54 34 62 22 81 15 37 79 64 11 89 43 57 93 23 48 70 80 31 72 5 55 3 58 30 52 5 69 59 10 82 32 90 96 20 20 59
2955 22 604 31 9 54 39 1 28 86 22 8 16 94 12 14 43 81 59 46 86 34 66 96 43 47 79 33 95 99 52 5 81 12 58 19 65 57 86 45 24 9 83 74 51 63 32
2956 22 717 48 48 17 13 95 60 12 74 44 6 24 47 62 4 59 20 74 23 57 30 60 53 54 43 25 85 65 87 68 64 87 85 77 33 96 40 6 39 45 81 37 58 84 47
2957 22 676 77 10 21 85 39 81 89 44 23 49 6 99 85 22 53 85 37 13 56 32 52 13 22 48 94 58 29 5 34 38 25 71 57 59 72 31 59 29 44 2 66 96 87 88
2958 22 548 32 99 43 15 3 56 36 50 1 45 7 29 93 19 78 63 47 34 21 70 17 32 51 45 75 52 62 22 38 50 53 89 44 19 6 44 50 51 80 57 48 13 29 17
2959 22 619 81 60 67 78 86 71 39 7 8 40 11 48 84 29 90 86 34 34 37 36 36 20 38 30 69 17 68 81 66 36 62 26 55 39 25 77 18 32 17 28 32 52 9 21
2960 22 693 37 42 6 25 29 93 44 66 22 64 34 59 83 15 25 19 76 2 73 66 12 97 42 81 80 10 61 11 13 69 84 2 62 41 78 43 74 60 55 89 94 66 72 60
2961 22 661 90 90 87 91 14 52 54 10 45 87 41 7 99 4 71 67 39 72 80 79 50 74 12 75 34 19 63 79 84 34 38 73 75 24 15 88 27 20 49 71 6 42 29 4
2962 22 682 45 100 22 83 23 54 61 72 27 25 98 12 43 61 90 26 94 27 21 2 64 8 28 83 9 51 41 50 79 96 30 70 76 53 75 88 53 12 74 65 54 34 31 79
2963 22 634 33 28 99 34 43 59 14 26 67 16 18 16 46 13 9 76 34 36 80 8 75 55 61 39 25 44 13 30 44 62 54 94 48 97 52 61 74 70 28 91 85 73 55 45
2964 22 715 48 89 32 27 59 34 8 97 13 84 92 78 14 66 21 27 20 66 74 68 70 86 41 39 83 76 86 89 72 85 29 56 64 77 97 84 62 9 68 53 81 19 58 59
2965 22 615 90 76 33 57 45 70 49 35 35 83 62 72 71 34 56 100 89 19 28 54 67 11 15 28 30 67 13 62 37 23 21 26 50 5 34 46 74 82 80 60 16 94 31 39
2966 22 595 27 39 38 67 9 17 20 76 34 3 57 52 67 18 89 41 66 90 42 100 35 68 33 67 49 12 10 87 48 76 56 56 92 75 31 70 60 85 26 11 52 96 51 92
2967 22 744 85 17 34 79 68 20 98 100 86 24 97 85 38 86 32 13 41 40 56 67 70 26 78 7 3 41 58 50 91 1 35 59 13 26 54 10 77 40 22 15 25 53 79 18
2968 22 613 44 35 36 66 12 14 72 66 6 29 16 96 29 2 7 15 66 84 68 27 61 10 63 38 49 84 52 26 89 30 95 32 30 97 79 95 45 100 48 12 13 6 43 30
2969 22 741 89 62 56 50 71 70 87 20 54 90 45 94 91 25 20 74 65 67 93 61 18 93 72 65 21 36 22 15 17 11 76 72 60 46 94 98 47 87 13 92 57 3 68 95
2970 22 775 75 41 60 41 86 72 58 78 44 75 50 31 96 64 48 58 39 71 17 36 64 14 53 62 52 65 61 20 21 55 94 13 66 86 98 38 43 27 81 69 76 63 10 74
2971 22 747 77 33 43 13 48 56 17 10 60 33 62 20 52 34 74 97 47 40 82 44 71 9 45 46 23 13 37 85 87 13 29 77 64 36 93 25 78 87 66 81 72 92 18 83
2972 22 640 59 14 35 36 19 32 33 41 44 69 25 82 34 93 10 10 57 98 55 33 84 71 64 43 53 41 60 35 93 86 12 63 17 45 13 65 80 94 98 72 56 60 66 13
2973 22 656 96 1 35 57 64 77 9 5 89 43 56 13 87 93 25 1 62 21 74 37 19 35 58 74 46 90 26 63 54 74 63 88 82 26 17 43 5 85 69 24 34 45 24 95
2974 22 568 65 79 20 2 38 88 75 12 85 16 89 99 21 14 61 60 48 38 76 90 72 80 26 12 49 49 45 93 25 39 10 55 63 20 2 46 11 38 13 51 36 33 17 48
2975 22 702 92 64 37 68 53 8 99 78 72 47 79 16 3 7 57 16 15 28 68 25 77 5 28 92 69 96 39 61 59 75 80 11 35 78 40 6 18 73 31 72 81 99 38 8
2976 22 610 13 5 85 90 61 21 69 52 42 64 90 54 74 16 33 84 2 62 75 59 38 45 32 57 16 14 28 96 12 65 56 25 21 40 66 81 86 32 5 1 73 58 41 42
2977 22 501 9 42 4 83 1 93 27 84 2 95 97 29 42 9 46 97 85 66 88 2 47 52 39 78 56 39 3 66 64 43 7 72 84 62 6 36 33 71 8 79 68 36 20 28
2978 22 702 81 69 64 99 56 17 45 59 55 74 15 45 76 80 8 18 38 79 54 52 84 41 58 68 12 17 46 31 4 18 37 86 73 35 93 89 79 52 95 52 18 39 80 49
2979 22 743 46 49 86 76 2 89 59 95 98 79 6 14 76 88 18 93 45 54 30 69 88 23 57 18 74 51 21 43 89 100 91 86 49 28 61 2 17 71 96 66 53 80 77 40
2980 22 696 49 21 36 54 51 4 93 25 12 10 50 62 30 92 2 82 82 87 9 99 83 77 70 79 43 70 74 46 23 22 19 10 75 69 66 67 77 28 42 39 85 92 90 66
2981 22 572 31 71 26 29 54 55 50 84 97 20 18 70 17 92 43 35 2 69 55 67 35 99 14 92 33 22 76 25 64 93 7 86 19 35 91 73 85 74 21 56 92 42 24 35
2982 22 631 84 59 36 52 65 54 38 64 97 51 55 81 24 31 57 39 23 63 25 93 50 15 17 86 41 89 30 16 18 65 26 6 68 91 59 5 54 7 7 8 88 83 90 44
2983 22 646 21 65 59 97 57 8 64 26 93 56 14 85 39 44 52 8 60 78 13 28 68 24 32 21 30 91 80 17 73 70 45 34 71 42 42 30 67 74 12 33 58 50 28 9
2984 22 631 9 87 38 22 14 5 45 98 77 74 40 57 43 12 78 55 8 63 49 56 6 57 75 79 68 7 88 17 34 48 72 86 99 38 90 95 35 19 20 74 27 14 37 4
2985 22 745 20 44 18 96 45 73 1 1 47 79 69 53 37 38 66 14 62 3 64 99 92 10 85 62 82 10 88 95 46 91 15 41 8 62 33 63 90 79 93 10 84 63 98 21
2986 22 622 28 64 82 30 79 32 73 89 16 35 22 25 74 68 65 34 15 24 96 3 56 10 92 87 54 53 70 16 3 42 43 66 24 24 44 55 49 84 23 83 5 47 25 21
2987 22 631 72 58 35 48 5 89 55 14 81 41 68 85 62 83 87 4 78 52 79 53 48 85 1 31 7 83 88 6 91 12 26 14 21 12 13 26 20 91 32 60 10 69 74 45
2988 22 607 55 77 22 59 74 58 39 75 88 98 9 27 3 51 90 80 17 11 43 81 94 100 78 26 12 40 85 84 61 57 10 67 30 67 57 56 7 54 33 8 19 23 87 85
2989 22 747 81 68 24 75 67 53 52 78 92 97 62 75 96 74 31 58 40 13 97 20 30 2 36 15 10 7 89 48 93 25 60 48 55 79 6 8 54 70 18 49 95 1 58 87
2990 22 714 13 82 83 32 63 36 20 29 97 78 17 45 70 41 77 82 40 31 12 40 88 19 41 40 52 41 35 52 99 21 64 32 55 48 46 90 19 75 87 48 43 83 69 36
2991 22 612 59 2 75 41 13 66 80 84 20 23 52 12 9 3 62 81 19 45 35 18 91 77 88 17 15 35 11 49 3 46 7 5 73 99 17 90 78 100 90 49 41 12 83 95
2992 22 632 74 64 13 18 50 82 60 78 69 76 92 3 87 40 6 84 98 62 8 96 30 98 25 82 39 25 56 31 37 90 10 5 90 79 55 71 32 40 14 24 94 52 15 51
2993 22 679 88 13 12 47 60 42 96 37 23 34 13 30 64 49 19 41 10 24 30 41 79 61 91 44 36 85 48 3 87 35 67 99 33 78 92 29 14 66 27 47 78 27 65 18
2994 22 682 89 40 99 29 69 98 7 82 41 50 17 25 49 19 63 35 85 13 68 15 4 96 28 21 9 6 67 38 84 7 73 23 5 1 44 55 59 25 95 60 71 9 12 33
2995 22 673 43 48 46 10 62 1 57 42 22 18 99 40 55 83 23 14 7 98 70 59 41 24 17 65 18 77 40 85 20 73 79 68 81 70 49 74 66 25 83 73 59 57 86 66
2996 22 688 54 55 24 94 31 93 58 48 69 67 40 5 86 64 35 5 33 75 38 2 63 97 41 87 79 13 46 87 50 63 57 38 87 30 96 86 62 25 6 47 88 41 4 20
2997 22 613 67 41 74 42 3 70 83 42 47 87 86 97 1 78 53 38 64 39 20 59 76 21 27 18 88 19 21 60 85 13 33 79 68 54 13 9 5 59 42 7 11 36 55 93
2998 22 639 77 28 64 29 54 81 16 72 27 8 18 59 38 85 50 45 68 61 91 62 19 89 81 82 25 15 82 31 7 10 58 22 63 54 6 86 32 46 43 83 61 6 85 58
2999 22 574 26 97 48 87 15 89 19 96 13 33 30 95 91 91 5 12 29 67 65 86 24 17 50 100 59 32 12 17 68 21 94 64 69 80 31 9 98 78 21 82 67 24 23 35
