0 22 112 13 100 76 90 95 81 28 15 68 24 33 10 5 4 17 79 23 31 98 68 45 14 6 13 79 88 37 62 56 73 42 68 72 69 57 19 49 37 85 68 60 18 78 17
1 22 111 73 46 47 95 29 97 62 73 10 19 85 40 7 73 1 62 98 94 81 69 89 39 63 25 24 30 37 41 59 5 65 57 51 59 72 9 9 90 46 48 48 18 61 15
2 22 86 46 41 36 60 82 26 22 6 1 3 42 93 14 46 57 70 49 67 6 47 38 66 55 28 63 55 27 81 7 88 47 4 80 34 61 12 19 64 91 12 4 10 13 25
3 22 116 58 80 82 4 69 47 11 48 62 17 75 94 23 14 40 26 93 26 41 6 89 76 24 52 66 87 60 21 96 73 45 53 4 78 9 72 77 19 20 38 87 46 31 9
4 22 131 59 22 86 3 99 26 60 87 54 35 91 71 22 50 92 17 74 36 70 77 14 30 1 42 100 72 79 86 17 9 46 27 30 31 81 29 9 41 67 14 75 9 84 96
5 22 115 59 75 13 32 63 34 61 28 15 13 69 14 84 47 99 52 7 44 30 88 26 10 16 86 50 35 77 43 83 72 53 9 36 85 71 21 97 98 35 9 66 100 44 64
6 22 124 98 95 70 93 76 58 19 85 25 56 87 11 55 63 6 89 86 58 97 22 42 68 94 38 17 29 35 80 41 50 78 87 72 22 62 81 92 47 5 48 85 68 2 47
7 22 115 73 42 32 30 38 5 24 57 99 13 26 79 11 12 10 51 61 87 12 52 97 69 81 36 52 79 60 93 63 89 83 19 64 91 69 77 16 47 87 27 57 89 40 95
8 22 113 78 71 55 29 35 7 77 3 57 10 90 9 88 49 53 2 89 35 21 53 81 45 19 24 96 7 63 42 37 85 49 65 7 41 2 62 23 90 10 76 43 51 62 63
9 22 97 55 39 4 35 84 91 53 59 38 11 21 79 47 5 27 11 24 33 96 96 5 10 70 46 71 45 89 21 7 3 75 97 6 9 32 48 13 90 85 24 10 16 67 42
10 22 120 33 42 27 88 89 74 44 98 43 90 69 40 30 41 98 84 68 94 90 76 26 89 41 67 64 29 85 95 34 69 88 12 56 28 80 41 46 19 70 38 16 53 5 9
11 22 131 94 33 86 83 73 5 60 36 33 100 72 79 85 41 66 97 96 45 81 47 70 60 87 67 30 56 5 45 61 9 6 54 41 91 88 13 47 99 79 98 24 57 35 64
12 22 104 74 31 11 19 63 58 40 75 44 59 4 52 49 64 23 54 69 16 96 9 80 43 7 32 73 57 55 82 91 18 21 28 77 35 37 17 9 81 27 13 84 41 13 47
13 22 102 63 18 67 30 65 75 10 59 82 41 32 38 47 13 28 64 19 100 43 96 34 32 64 95 90 59 23 45 44 40 11 26 56 38 35 15 27 46 8 73 87 88 86 82
14 22 115 75 71 13 90 17 76 31 75 74 12 97 18 8 88 81 33 44 18 67 10 88 45 55 95 69 64 56 43 18 89 70 40 2 59 57 29 90 83 3 53 80 20 60 19
15 22 122 52 92 14 21 10 23 8 54 77 54 22 92 86 29 87 55 18 56 95 71 66 51 99 7 33 1 60 64 73 71 35 24 63 48 97 24 71 4 78 99 51 43 32 29
16 22 128 50 49 36 96 71 53 98 69 12 82 70 71 94 93 32 69 55 79 65 31 49 21 60 100 30 10 42 76 93 22 77 93 57 72 63 61 21 32 72 3 53 42 87 31
17 22 99 66 93 61 31 23 10 51 82 32 44 2 59 36 23 29 31 59 91 91 80 74 63 34 78 56 33 75 42 15 93 35 75 9 36 25 91 96 8 49 66 21 71 53 49
18 22 109 53 64 92 44 95 17 58 28 65 12 21 7 26 13 93 100 87 53 88 63 43 83 70 28 32 88 49 54 7 7 40 2 1 57 59 80 3 23 23 81 68 88 25 20
19 22 124 74 78 7 37 72 89 58 100 97 100 26 89 48 32 95 40 85 48 43 79 50 17 22 24 98 89 11 74 60 85 51 18 73 23 59 30 30 27 25 7 67 72 90 13
20 22 99 63 74 12 10 16 91 59 85 83 34 52 45 7 64 29 58 81 1 32 39 57 21 61 81 27 27 4 17 91 67 90 3 28 58 45 39 42 56 73 75 17 33 22 46
21 22 118 42 55 98 25 93 32 81 13 92 61 70 65 8 61 83 49 15 10 6 59 48 99 66 20 25 24 89 58 86 99 52 83 24 44 56 9 58 17 28 33 59 40 7 54
22 22 117 76 13 64 76 63 29 47 88 52 35 45 49 20 95 55 70 96 69 26 56 78 42 7 5 65 96 92 23 1 67 87 64 42 50 41 37 44 75 33 44 95 27 49 49
23 22 114 91 69 74 46 98 67 52 55 92 68 50 83 90 51 1 77 14 95 26 6 35 14 9 46 44 55 24 39 55 72 29 75 45 74 73 63 77 27 54 44 28 88 86 78
24 22 97 41 62 44 35 39 49 69 52 1 29 49 44 84 72 35 90 63 65 40 89 89 3 65 15 8 61 42 48 46 72 88 59 15 74 52 15 22 100 10 57 23 44 47 18
25 22 113 59 63 10 47 51 12 63 17 71 23 58 70 20 81 57 30 95 82 78 61 75 29 27 97 80 89 53 55 32 51 72 42 13 81 88 15 44 51 31 67 25 41 36 97
26 22 96 21 45 26 68 4 80 1 84 7 97 16 95 70 78 41 20 68 74 59 83 69 61 13 35 86 5 71 82 67 7 45 92 62 24 44 98 82 40 28 93 6 96 74 77
27 22 115 15 99 35 97 68 96 62 54 33 66 76 14 43 42 72 87 34 86 63 77 83 96 69 47 24 13 80 29 60 5 57 74 4 91 23 23 38 84 70 49 52 35 92 93
28 22 118 59 30 78 44 44 7 26 40 27 24 63 91 3 43 50 7 99 75 10 41 97 84 79 80 60 100 81 11 35 24 55 45 5 85 88 49 91 65 40 69 2 59 90 96
29 22 123 60 48 46 34 10 86 83 93 16 62 52 68 42 14 54 17 69 98 22 5 85 22 95 49 61 15 88 14 25 29 9 84 76 54 91 51 78 59 65 29 26 58 79 75
30 22 107 63 76 96 19 60 17 65 60 29 79 47 42 3 75 2 38 55 6 87 97 57 64 21 44 80 78 38 58 4 52 33 99 70 44 67 34 95 64 1 36 66 27 37 55
31 22 109 29 43 61 15 92 69 78 46 41 73 70 11 35 74 14 20 24 84 63 91 69 18 37 33 18 25 50 97 13 5 25 8 65 39 99 85 68 96 73 94 2 60 67 68
32 22 113 31 91 51 45 33 71 62 69 3 32 45 5 28 58 9 4 65 25 42 15 61 10 85 52 83 78 6 94 97 73 24 39 75 68 71 97 82 91 52 13 36 56 92 45
33 22 98 16 95 9 40 88 75 84 84 3 18 13 8 11 61 32 86 99 58 54 21 55 35 12 6 42 43 28 36 19 75 77 18 74 12 53 76 30 17 36 92 78 19 76 77
34 22 101 83 49 69 60 40 67 10 52 8 4 31 95 58 49 21 86 18 46 97 22 78 90 22 67 27 99 95 55 33 43 37 1 54 28 19 15 61 72 75 61 44 60 30 89
35 22 94 8 51 61 86 40 69 7 59 47 57 5 1 89 99 41 52 68 59 66 98 36 35 58 59 9 70 2 20 99 90 27 49 64 40 22 22 50 68 78 54 20 18 52 60
36 22 115 58 55 27 16 72 24 3 6 33 61 66 2 62 85 52 3 64 52 5 27 92 26 49 93 46 78 47 65 96 50 25 5 73 28 75 34 11 36 99 65 36 16 68 8
37 22 95 25 11 85 25 3 82 1 47 50 51 23 54 7 25 26 86 53 71 14 88 70 78 36 57 45 39 55 12 98 31 74 83 56 77 64 10 29 62 11 31 89 13 42 75
38 22 91 67 94 45 80 33 66 9 68 22 54 7 28 17 4 59 91 38 66 19 54 27 99 37 30 3 52 18 67 93 92 89 13 70 54 73 90 76 78 48 55 47 3 13 89
39 22 96 41 30 7 46 56 57 12 92 86 66 44 4 32 88 47 65 26 35 29 47 1 36 68 31 35 22 77 38 87 65 30 16 23 75 24 31 15 17 52 10 72 83 98 70
40 22 134 99 75 5 27 73 97 80 61 64 10 95 85 38 84 71 54 13 39 28 87 62 58 76 26 97 10 87 67 9 13 23 35 85 19 66 45 34 75 92 18 75 41 69 88
41 22 99 79 96 26 40 6 50 67 31 25 56 28 35 42 46 43 54 20 29 39 90 95 35 23 21 78 92 85 5 32 5 92 62 1 17 53 6 88 43 27 15 29 69 12 71
42 22 102 22 83 52 12 72 46 99 94 18 76 38 54 32 69 59 23 31 59 92 83 16 10 54 3 4 81 70 33 1 33 55 74 6 86 87 3 36 33 21 63 74 95 90 84
43 22 111 69 72 94 12 7 9 73 60 64 77 92 85 61 44 17 15 18 84 55 23 75 90 47 52 76 73 98 65 56 67 37 50 30 43 10 3 54 25 31 98 9 91 41 78
44 22 107 5 58 13 77 12 35 4 53 89 50 57 16 74 54 81 30 72 69 31 2 63 92 56 16 17 86 77 76 6 6 32 15 19 61 27 53 64 31 94 65 87 61 91 93
45 22 119 41 20 64 61 2 17 23 93 72 39 61 57 3 38 32 60 95 16 75 13 76 53 18 91 83 63 7 22 97 14 16 68 77 76 69 94 99 14 65 89 74 74 43 11
46 22 122 57 3 58 72 77 70 47 81 39 89 63 53 96 84 28 44 97 43 12 26 18 80 71 68 93 87 8 67 60 51 29 17 53 86 88 81 87 61 98 27 23 51 22 59
47 22 125 78 66 7 72 77 32 41 8 54 9 53 41 16 71 18 99 70 37 56 2 96 42 62 93 20 37 95 42 47 24 59 53 87 37 36 46 90 96 98 30 63 68 30 81
48 22 99 19 97 2 7 52 4 45 17 46 65 53 41 58 99 16 68 4 11 54 40 98 99 29 93 49 11 55 68 40 87 38 88 89 44 92 97 36 8 95 52 13 87 9 63
49 22 99 2 76 66 12 81 5 9 32 86 53 80 96 60 99 87 46 37 74 34 80 65 77 29 53 23 4 1 61 63 62 40 29 26 21 85 86 4 22 39 83 69 50 7 95
50 22 113 69 81 81 1 97 9 29 1 45 3 5 97 63 69 60 76 40 1 32 24 39 35 98 77 66 26 50 73 72 18 4 18 53 13 54 9 52 10 6 14 78 65 42 89
51 22 92 56 94 21 31 32 55 28 60 24 46 37 25 70 9 94 26 64 64 78 76 61 83 13 92 58 71 10 65 65 30 95 96 36 23 8 59 20 44 35 89 4 29 14 68
52 22 115 92 43 95 4 78 31 68 69 24 98 42 33 3 97 32 84 80 19 66 87 30 37 82 64 25 86 44 90 53 35 84 99 91 61 58 82 5 55 23 90 77 86 6 60
53 22 104 29 37 30 46 23 11 82 5 75 58 42 70 47 46 5 31 44 47 91 25 4 72 59 46 19 33 22 56 90 33 37 27 63 82 49 73 16 5 99 73 98 69 20 43
54 22 95 25 2 39 71 92 63 26 16 44 84 13 14 68 35 22 58 19 58 84 81 91 84 6 6 41 4 79 90 24 50 33 100 51 23 70 94 37 96 9 81 31 22 46 51
55 22 104 8 67 60 26 24 95 59 15 78 64 72 70 19 50 95 99 44 94 1 18 16 95 54 63 3 86 45 76 32 95 35 50 61 26 92 30 34 63 99 4 13 10 98 63
56 22 112 5 92 64 74 59 10 28 21 65 65 40 96 12 26 98 17 86 23 17 56 14 46 41 76 96 45 58 94 55 14 37 70 88 95 79 67 67 42 31 84 33 79 47 59
57 22 109 76 63 96 98 31 4 11 28 86 76 40 26 85 34 32 98 22 1 37 17 79 3 83 20 34 18 5 12 64 15 87 27 10 36 9 65 46 89 61 83 52 60 48 37
58 22 107 91 97 59 91 34 75 69 36 9 41 21 27 45 32 90 59 70 68 20 5 29 37 2 17 97 85 32 48 44 79 37 35 75 95 25 60 46 96 81 86 16 7 82 100
59 22 116 49 92 21 68 63 26 96 99 27 64 95 63 7 73 83 93 77 17 59 97 14 6 51 74 36 32 73 36 75 45 3 38 70 51 88 49 35 11 9 81 69 33 61 32
60 22 113 39 30 43 87 15 46 73 50 29 97 37 4 42 40 93 63 80 63 55 14 74 15 94 94 48 56 31 46 84 25 32 78 25 47 23 49 52 46 85 7 76 99 1 17
61 22 105 78 64 23 44 89 90 82 37 45 36 19 90 71 96 74 1 20 20 26 65 3 32 55 30 56 98 12 71 21 55 59 62 43 92 50 39 80 68 81 50 63 54 2 34
62 22 90 25 77 54 43 2 70 46 86 27 19 32 25 30 2 97 36 12 58 79 55 7 69 34 74 49 36 89 2 37 74 26 65 21 67 18 4 73 44 74 56 68 4 9 64
63 22 110 39 72 21 69 26 27 90 12 53 38 47 93 92 35 66 69 45 89 18 93 6 73 17 2 46 72 69 49 32 33 40 3 5 60 80 84 49 91 88 39 89 80 82 24
64 22 109 97 50 75 41 91 92 85 48 16 1 49 61 24 70 62 7 54 53 9 58 12 41 93 13 31 80 3 20 11 84 95 60 21 52 37 75 79 89 39 65 44 100 71 97
65 22 95 52 32 7 16 72 99 80 54 31 82 25 93 65 19 49 39 4 76 2 92 50 80 24 71 96 20 22 67 16 26 41 21 21 20 74 3 1 99 95 17 69 47 60 2
66 22 123 92 13 93 93 45 24 69 15 20 88 88 86 55 13 35 77 53 7 49 24 32 51 76 30 97 92 51 95 9 62 96 52 74 88 70 64 13 84 83 52 24 20 6 36
67 22 120 6 34 41 12 82 64 43 84 40 25 33 83 27 27 88 23 95 61 62 39 83 25 3 18 7 6 26 63 77 83 97 17 94 30 80 89 66 71 13 98 91 24 48 78
68 22 117 46 94 90 8 32 72 84 86 91 43 30 68 6 6 51 2 74 96 83 6 48 28 45 33 38 69 33 15 66 26 57 73 10 28 9 47 69 99 99 18 95 56 20 48
69 22 105 82 16 30 87 99 78 14 99 74 99 36 42 31 3 8 8 11 32 17 90 40 64 59 90 5 9 51 64 27 98 45 94 79 83 93 8 97 43 47 78 75 77 32 34
70 22 116 84 42 66 53 32 57 68 42 47 72 50 6 22 65 71 62 78 1 44 22 61 92 64 42 38 93 77 2 2 70 19 54 53 75 21 94 73 44 95 30 17 60 87 73
71 22 100 95 39 16 16 99 60 31 92 49 23 60 15 51 13 21 31 69 73 57 41 19 82 84 13 11 100 24 28 38 96 22 76 64 37 27 75 67 18 23 42 29 37 44 41
72 22 94 4 64 23 72 89 80 64 7 61 47 71 23 46 95 51 35 42 72 11 57 9 89 31 27 6 54 20 87 27 46 79 2 69 67 81 33 25 41 48 63 77 94 13 63
73 22 102 35 85 25 92 45 13 22 23 71 27 43 57 69 58 14 36 36 34 55 16 66 31 8 97 78 23 87 58 12 49 67 76 90 46 49 84 2 69 41 89 82 28 24 15
74 22 114 82 92 33 65 51 29 42 73 5 13 60 43 22 82 54 70 49 30 43 90 27 43 73 29 11 65 69 44 92 44 59 26 87 43 90 38 23 83 62 27 47 21 68 55
75 22 97 75 89 3 56 32 44 82 74 16 62 85 32 30 28 74 38 60 80 41 49 54 76 11 80 22 83 1 42 37 75 91 30 13 34 87 1 73 23 2 7 27 92 58 39
76 22 102 23 51 87 77 26 97 56 99 80 8 40 68 82 22 59 63 34 44 74 72 45 98 46 76 51 48 30 91 92 68 13 42 54 89 19 3 97 17 4 57 1 38 11 100
77 22 98 63 55 25 87 99 22 32 26 31 60 54 21 51 21 34 44 26 74 62 28 22 78 13 26 86 14 15 15 24 14 30 78 39 16 28 12 47 54 88 30 65 41 50 67
78 22 108 13 35 10 91 61 23 18 82 52 31 59 38 96 25 4 71 39 33 49 29 48 28 92 47 33 80 76 97 20 77 63 85 64 24 75 76 46 44 57 98 26 68 87 21
79 22 121 92 90 82 23 10 22 71 2 68 4 33 95 52 72 15 88 87 90 62 62 36 58 70 85 83 89 23 56 12 47 14 86 90 76 60 60 29 27 61 74 67 64 97 81
80 22 116 52 83 70 65 96 57 22 65 93 57 54 67 12 86 79 10 51 16 26 75 62 6 77 66 27 43 30 75 75 33 57 96 49 52 5 23 68 49 73 16 42 58 46 3
81 22 114 61 61 53 38 88 66 44 93 42 9 71 36 90 45 62 74 10 23 4 66 45 23 14 23 96 29 16 5 74 18 65 87 70 3 26 35 98 70 29 58 40 16 48 84
82 22 96 30 73 36 39 95 91 4 39 13 17 60 98 28 65 23 45 29 61 66 83 38 53 80 7 33 38 46 48 37 29 77 9 16 67 56 58 70 94 39 59 82 36 10 35
83 22 89 27 71 61 8 4 41 15 36 30 12 36 18 93 12 78 8 79 33 18 100 40 38 89 21 25 26 19 87 60 45 57 12 16 67 49 82 3 30 46 38 47 38 1 77
84 22 113 97 31 9 14 83 39 5 20 27 78 96 83 16 92 91 27 48 58 94 97 92 48 26 37 37 25 89 1 22 72 61 88 54 52 25 78 69 21 34 16 55 50 7 97
85 22 114 76 7 55 21 98 20 80 86 56 56 11 45 32 16 69 71 21 20 15 45 49 35 66 83 51 72 84 9 75 32 72 51 1 9 59 8 19 55 64 2 22 84 73 42
86 22 92 3 39 86 3 73 3 37 23 75 20 32 95 31 98 21 14 19 44 16 19 52 26 26 70 80 41 71 1 76 95 42 30 33 28 6 82 69 80 8 41 11 2 61 22
87 22 119 36 79 65 3 49 16 29 74 37 8 67 60 61 94 54 2 24 39 81 56 44 15 76 23 22 16 86 24 38 46 97 25 62 28 56 49 18 15 77 75 30 29 84 68
88 22 129 61 39 63 75 66 38 97 34 75 72 71 72 68 96 47 81 70 10 30 70 79 96 37 55 23 97 84 51 80 4 11 70 18 38 87 7 34 20 33 5 91 4 72 38
89 22 122 2 5 64 23 66 45 93 44 40 29 98 62 25 33 12 56 88 75 77 58 63 64 97 83 53 25 52 76 14 54 80 77 76 45 21 68 60 48 85 74 24 70 37 31
90 22 104 57 63 7 14 26 22 30 22 4 26 80 29 2 93 82 81 21 10 78 41 29 65 52 77 77 52 23 14 83 79 76 89 45 2 10 74 75 65 51 1 96 79 40 61
91 22 100 34 60 22 11 52 50 28 56 78 81 32 30 3 97 64 33 73 4 77 26 14 50 30 100 26 79 53 17 91 87 12 49 80 13 76 87 43 8 19 72 10 67 87 43
92 22 87 39 90 19 16 55 21 16 85 20 67 62 50 72 30 40 10 6 3 58 38 68 86 24 10 93 94 33 55 61 19 49 51 8 19 67 63 34 99 11 100 12 60 23 41
93 22 117 52 32 99 6 90 36 73 27 11 82 19 5 14 25 17 32 67 40 92 85 54 82 18 52 70 63 3 55 76 1 60 65 88 33 43 99 13 55 80 38 71 63 62 89
94 22 101 54 53 26 7 35 43 58 26 64 72 29 8 75 83 83 27 43 99 15 27 41 65 92 53 19 71 42 41 34 4 81 87 8 6 46 42 49 3 20 64 27 100 71 53
95 22 107 83 5 79 77 3 45 95 9 94 48 17 41 19 2 44 100 40 52 5 85 45 5 16 21 66 16 43 18 50 48 48 26 93 80 53 25 32 93 36 2 80 53 34 83
96 22 112 10 18 79 66 57 95 86 74 62 29 91 11 28 39 88 77 83 19 73 35 43 68 18 88 4 72 81 35 24 66 17 85 36 47 51 44 41 88 2 68 60 64 95 50
97 22 114 51 24 32 69 48 19 64 16 36 51 71 59 83 5 35 1 73 19 19 21 31 12 61 100 65 80 60 29 75 9 50 93 52 97 11 67 98 69 34 57 90 43 3 62
98 22 117 61 90 33 34 21 96 46 20 12 25 79 92 51 40 23 100 32 26 49 94 92 12 91 60 98 99 62 87 41 65 1 54 54 85 87 26 80 84 8 76 83 11 67 57
99 22 98 10 98 34 10 43 25 22 34 36 19 84 97 57 25 13 57 78 19 41 16 44 72 99 89 63 58 17 97 68 83 5 30 33 38 39 75 14 60 60 49 30 44 97 87
100 22 107 20 10 95 97 80 36 64 23 7 62 21 19 32 69 39 14 73 68 98 62 6 25 75 66 36 23 47 79 72 85 33 80 46 12 67 9 86 73 22 1 41 32 14 79
101 22 110 98 39 46 95 3 71 75 20 7 49 67 37 20 51 35 4 82 32 48 41 53 73 14 53 18 6 85 83 36 34 21 81 80 21 51 47 55 57 95 21 93 67 24 79
102 22 114 22 5 11 89 5 3 41 77 68 45 46 74 81 28 9 14 49 42 94 21 77 44 67 31 52 13 4 44 31 27 75 53 83 37 87 91 33 15 58 77 60 31 88 40
103 22 120 71 88 81 16 60 9 59 26 39 62 38 42 6 69 20 32 73 3 68 13 41 58 45 56 67 73 98 30 89 53 93 21 52 29 79 29 19 40 61 97 32 28 11 34
104 22 116 47 75 27 56 71 82 23 43 48 72 73 54 60 77 98 32 96 2 74 82 78 66 90 62 38 22 42 100 7 88 85 96 44 66 18 87 66 89 11 71 39 20 31 34
105 22 97 21 42 60 3 19 25 54 61 38 92 34 79 43 92 17 77 14 12 94 83 50 59 71 12 81 22 1 52 36 73 93 95 27 63 75 8 24 8 39 66 52 9 28 74
106 22 126 98 73 56 99 84 78 11 64 51 12 16 2 99 89 46 45 67 8 15 47 35 75 22 94 65 40 45 73 73 24 97 5 21 80 34 83 95 84 85 45 82 41 69 41
107 22 110 56 68 75 82 89 69 46 28 65 70 53 89 67 26 37 71 68 56 80 62 39 78 24 23 74 26 4 14 95 44 21 62 71 2 2 39 47 82 3 16 34 43 59 79
108 22 112 56 57 46 11 88 60 49 65 83 23 38 61 78 4 55 74 24 68 44 26 69 34 72 2 36 40 35 31 25 46 9 81 54 7 43 93 66 44 10 100 47 60 96 2
109 22 105 66 69 26 85 12 51 6 45 74 7 32 65 94 62 90 39 23 22 44 29 16 36 46 59 45 97 25 44 57 20 40 22 59 51 72 16 47 98 22 30 62 15 92 3
110 22 103 5 66 24 48 46 92 36 91 50 32 39 26 75 47 97 72 21 36 93 31 38 17 14 67 66 27 34 57 30 38 74 5 86 19 96 73 61 98 4 99 23 79 20 2
111 22 105 66 7 46 48 97 62 93 32 27 11 54 44 5 35 82 78 39 19 96 87 91 56 84 94 55 58 24 100 29 77 17 36 23 16 32 36 8 63 63 70 12 68 16 54
112 22 117 47 46 92 17 41 30 59 49 13 52 55 23 28 6 51 4 22 86 78 37 69 14 96 84 17 95 82 62 80 7 43 96 73 54 48 37 58 54 85 59 10 40 32 47
113 22 132 18 20 68 83 15 51 10 83 97 56 65 10 7 44 69 49 92 68 73 97 67 62 54 20 72 90 78 33 30 9 80 99 99 81 94 1 90 28 58 55 88 26 3 79
114 22 103 93 28 75 11 89 81 30 60 70 59 51 19 72 49 98 22 29 43 22 70 71 18 18 14 27 72 1 53 79 97 2 6 8 42 86 37 55 48 6 66 16 6 37 35
115 22 98 58 58 56 28 27 74 94 54 45 94 71 25 54 24 30 61 65 67 50 66 73 97 10 30 14 26 36 29 22 39 72 77 18 50 11 55 47 5 12 69 29 66 93 10
116 22 128 78 57 76 27 74 48 75 84 41 61 65 69 86 7 97 62 25 47 64 35 1 62 91 65 30 71 22 80 7 31 56 55 60 39 84 100 51 100 21 25 85 79 98 55
117 22 105 19 61 42 72 74 32 88 4 3 17 77 34 75 7 41 60 15 47 72 5 30 23 56 29 43 80 65 74 52 62 28 23 69 46 48 53 33 3 7 1 80 40 38 80
118 22 104 87 52 26 10 57 7 84 64 79 95 51 52 46 65 31 20 91 100 17 38 4 49 93 10 1 72 49 76 61 81 14 65 6 75 21 65 58 84 36 78 54 39 75 70
119 22 109 70 47 60 21 63 49 24 64 41 85 64 64 33 91 77 65 56 41 23 30 13 87 40 96 89 27 25 94 66 51 35 49 74 55 12 23 30 27 15 14 90 31 98 33
120 22 120 7 63 88 47 85 70 11 23 61 6 87 82 57 52 84 19 38 33 45 92 96 19 73 22 33 86 63 15 36 47 50 35 71 86 56 81 8 16 70 2 26 6 55 45
121 22 101 43 87 41 87 34 59 59 7 97 21 58 84 68 30 33 2 53 18 9 33 25 24 71 94 77 41 20 82 47 16 85 56 63 18 14 73 24 8 21 45 65 4 12 47
122 22 129 88 65 99 5 73 83 81 48 53 75 24 46 46 58 92 13 34 77 68 48 33 72 22 40 93 18 57 48 3 36 97 53 69 35 40 99 91 37 44 48 80 8 8 75
123 22 119 80 54 59 52 27 50 96 44 6 95 24 60 82 72 64 74 40 51 46 59 42 96 49 78 91 49 57 98 81 65 61 70 83 11 39 89 5 14 85 64 12 76 66 9
124 22 115 34 7 4 34 84 94 82 40 43 63 56 66 75 25 47 90 20 29 52 10 69 56 21 46 11 84 57 38 1 17 71 7 72 57 90 17 38 81 59 52 89 24 78 65
125 22 100 22 67 37 3 18 46 71 26 73 43 83 78 80 21 78 96 43 84 20 99 25 36 89 58 95 40 46 70 10 92 36 46 6 44 16 31 11 53 50 88 32 22 66 80
126 22 124 65 49 99 15 74 86 3 83 80 95 28 50 64 89 93 99 35 38 4 30 5 86 45 15 91 46 68 68 53 84 98 93 89 53 75 20 47 54 21 62 43 65 60 77
127 22 83 2 16 6 59 53 2 25 95 99 27 69 66 46 73 1 66 28 51 10 16 3 85 87 1 90 60 62 32 24 73 60 78 40 17 36 45 18 60 39 69 7 86 32 87
128 22 120 53 59 37 63 26 91 99 12 91 88 71 4 20 95 28 79 24 20 96 59 64 65 70 54 33 60 13 19 48 44 57 100 2 93 62 79 83 12 90 25 80 19 59 7
129 22 103 49 82 26 96 92 41 61 13 47 45 25 59 15 72 54 71 23 7 37 85 48 26 73 47 38 4 17 96 11 66 29 88 20 81 85 27 70 9 84 80 42 7 90 84
130 22 102 74 38 9 46 36 99 50 53 46 12 70 75 51 82 31 55 30 9 24 38 97 59 69 38 17 23 37 42 64 72 15 1 33 12 89 31 13 93 76 24 62 50 27 43
131 22 78 96 57 49 25 18 24 15 14 35 35 4 3 57 92 44 21 64 10 73 96 22 13 26 86 5 53 10 18 3 36 13 50 61 26 37 40 27 23 75 30 25 83 21 21
132 22 131 55 36 30 80 31 3 92 8 89 97 61 50 14 15 37 26 64 80 39 41 93 75 81 71 97 7 73 41 72 93 96 60 75 75 42 77 66 50 17 14 62 66 28 28
133 22 96 54 5 91 86 43 83 78 69 15 100 17 21 51 90 14 22 34 9 33 60 35 75 37 52 76 5 66 89 23 45 16 76 1 58 61 44 40 90 64 55 89 33 27 39
134 22 99 22 40 13 7 45 67 86 71 55 38 46 59 34 33 51 1 9 51 58 69 50 11 10 4 99 42 82 38 15 22 2 73 73 46 39 59 17 45 48 14 56 54 88 4
135 22 107 96 6 10 17 52 59 27 13 14 25 54 95 20 68 15 92 93 13 83 51 81 79 50 94 34 55 74 10 45 69 37 66 12 15 30 77 40 83 23 5 91 72 98 83
136 22 117 84 32 85 64 10 86 9 96 40 2 69 49 98 89 15 51 26 81 14 92 90 83 45 64 88 50 54 11 47 88 94 30 24 9 87 100 22 55 19 95 72 47 82 64
137 22 108 56 23 46 52 87 33 54 92 43 100 32 88 82 55 48 21 16 17 7 15 38 13 67 57 81 77 79 27 11 42 34 33 71 72 91 15 66 90 6 71 53 43 21 1
138 22 114 34 59 65 100 67 72 32 43 2 58 53 43 91 38 81 80 60 4 70 74 19 75 82 71 79 77 89 100 29 22 10 94 73 28 17 4 18 61 75 60 4 64 92 83
139 22 112 23 96 53 49 17 64 19 91 97 89 21 25 30 72 54 51 33 99 24 60 15 27 82 32 40 56 43 95 71 34 77 45 81 81 93 97 96 12 39 93 52 12 69 81
140 22 113 83 22 32 16 72 7 75 86 85 56 17 24 63 11 18 85 97 47 30 77 27 22 26 23 33 16 67 37 35 17 10 9 77 80 58 3 66 43 59 34 73 45 36 58
141 22 139 93 82 87 21 60 60 98 34 45 14 81 40 49 1 95 1 29 26 58 32 91 52 42 77 70 66 73 5 23 65 38 61 37 49 21 35 83 17 48 34 97 39 72 97
142 22 107 92 18 97 20 44 7 51 86 58 92 62 27 86 83 32 50 20 45 39 21 17 73 55 33 40 81 10 12 77 1 29 26 21 72 71 58 89 15 16 24 57 50 7 58
143 22 110 22 51 96 42 67 68 99 39 35 31 49 98 8 49 27 33 21 50 64 44 59 4 58 30 71 33 38 21 39 95 42 42 91 83 10 30 16 89 14 48 97 40 80 70
144 22 130 41 95 13 100 99 70 81 69 54 18 44 12 82 85 16 93 64 97 3 64 91 12 78 39 60 69 70 29 9 17 93 8 15 14 88 35 67 57 76 11 69 9 95 74
145 22 103 77 39 37 73 41 52 84 15 14 74 27 82 95 7 43 11 2 77 13 90 64 80 46 91 42 66 99 88 40 75 28 100 19 32 36 54 79 72 83 74 31 25 30 27
146 22 119 13 42 68 76 73 65 66 66 83 64 54 74 91 32 1 90 2 84 77 56 30 78 34 53 59 83 89 43 64 15 55 58 82 82 51 47 48 33 10 53 58 52 84 58
147 22 97 93 37 94 70 92 23 99 78 27 11 36 62 30 25 66 36 34 52 17 16 2 63 15 86 25 67 43 76 52 21 38 45 42 82 19 40 59 46 3 46 76 83 11 69
148 22 105 70 28 84 23 42 98 60 66 16 54 94 17 58 66 6 54 7 87 73 46 45 70 91 80 53 18 14 72 28 82 93 7 65 68 1 14 27 18 29 33 11 97 90 76
149 22 98 3 95 34 41 19 32 86 88 31 28 67 84 97 33 7 24 14 99 83 79 66 35 44 45 52 25 29 15 21 70 90 75 64 76 16 83 53 22 37 32 41 20 28 73
150 22 118 26 51 86 77 85 64 94 19 60 90 71 84 18 37 4 87 31 51 53 46 33 59 98 54 96 29 46 67 8 18 93 10 21 95 19 14 65 78 87 61 73 23 17 60
151 22 108 1 47 62 53 44 46 12 93 51 59 21 97 25 80 14 69 89 17 83 88 55 100 65 10 86 78 82 61 94 93 13 92 6 65 35 51 28 27 54 86 99 50 63 78
152 22 99 15 31 66 84 72 1 71 26 35 35 37 64 16 49 57 61 61 48 78 34 17 57 60 22 95 10 87 37 39 5 20 10 5 90 56 77 21 44 40 89 45 49 1 5
153 22 99 48 66 34 82 91 93 55 85 3 77 41 41 14 79 97 33 53 75 27 8 4 94 40 48 42 40 90 57 38 23 28 15 12 69 74 4 62 39 58 23 11 49 70 51
154 22 108 4 25 45 43 72 86 34 28 27 42 65 49 84 44 16 81 55 36 6 58 97 44 91 7 66 17 69 15 21 90 17 24 15 61 18 38 99 51 77 92 29 78 76 24
155 22 97 93 8 78 80 13 87 29 8 30 87 25 98 55 91 18 44 8 41 58 20 96 70 60 12 47 3 24 78 16 68 37 94 99 49 32 27 33 10 19 23 27 63 82 19
156 22 124 72 2 76 19 71 35 31 69 90 23 92 67 38 11 56 83 10 56 67 88 64 79 1 96 41 19 70 19 33 52 57 5 65 75 75 52 44 41 79 87 59 69 50 14
157 22 98 3 59 70 69 98 85 50 32 40 69 1 10 53 4 47 9 8 12 36 35 15 92 78 55 71 16 13 91 65 79 45 75 48 14 25 84 74 15 56 94 64 7 27 42
158 22 114 12 41 34 41 47 56 9 11 46 73 89 90 88 55 24 71 71 97 85 26 91 52 43 89 22 6 95 51 84 89 15 24 55 70 77 63 80 74 21 15 39 8 14 79
159 22 104 92 62 15 70 4 18 12 92 39 69 42 4 27 56 10 48 28 25 79 1 64 99 67 2 59 88 89 80 3 1 32 21 75 11 84 65 52 87 91 7 13 42 69 12
160 22 103 69 45 42 21 8 41 88 61 51 75 27 39 6 6 93 6 37 13 21 64 76 4 28 79 90 71 38 54 12 6 65 33 2 7 53 61 99 92 73 1 19 51 39 24
161 22 113 56 31 82 45 96 54 8 23 58 87 1 99 57 38 53 21 95 69 5 96 27 9 77 1 80 77 71 30 67 94 86 50 30 45 33 89 19 90 88 36 40 56 3 61
162 22 111 12 99 87 20 6 64 72 38 40 42 67 59 88 52 8 66 33 4 98 73 22 87 27 35 48 18 42 51 78 5 1 65 76 58 80 48 95 71 41 62 29 28 65 36
163 22 117 94 50 39 43 22 60 82 73 52 8 59 99 77 52 49 55 56 1 71 32 2 31 53 72 66 53 51 31 88 96 80 79 38 53 19 26 41 78 36 40 55 88 40 61
164 22 121 95 41 83 26 99 84 8 3 7 79 69 59 81 99 47 76 30 77 13 82 66 84 59 7 46 19 82 37 79 28 77 13 6 27 96 13 3 43 98 61 23 48 50 77
165 22 128 35 15 58 53 98 17 59 62 63 56 81 96 92 59 23 69 72 28 47 19 93 76 73 35 25 86 10 72 96 59 48 31 22 74 84 88 64 83 39 74 5 59 97 85
166 22 95 6 16 77 33 40 63 58 25 24 29 21 35 3 59 34 37 81 59 29 16 46 76 31 80 66 56 36 77 53 20 20 48 59 63 23 84 86 52 4 20 80 6 79 65
167 22 102 94 11 75 22 26 20 49 8 51 66 63 86 42 15 58 75 86 5 41 45 67 15 28 5 18 83 24 97 40 54 13 33 64 87 6 41 54 48 8 71 77 51 39 63
168 22 96 7 31 59 26 98 86 30 15 20 5 64 11 76 43 74 15 67 72 5 14 32 75 25 39 27 30 19 85 60 77 10 9 14 39 24 85 96 87 95 54 37 79 28 88
169 22 98 45 52 92 11 83 66 86 59 57 42 85 86 60 21 97 88 31 6 1 21 29 85 16 67 79 21 32 67 6 44 11 97 54 45 15 92 3 71 33 39 8 45 59 4
170 22 106 84 89 9 85 62 89 21 77 7 52 50 39 70 49 76 92 12 72 98 56 38 89 58 8 73 96 15 69 54 71 53 95 79 37 56 20 26 12 33 64 82 33 13 57
171 22 122 77 24 80 74 31 18 62 88 86 83 44 55 89 14 7 83 92 95 90 11 55 25 67 10 52 48 42 17 56 18 35 91 23 4 4 62 33 90 97 76 96 85 2 19
172 22 99 32 48 60 95 2 84 83 68 45 34 15 87 70 56 46 57 99 68 12 2 81 44 43 77 19 38 13 7 91 31 39 38 42 33 40 78 67 7 22 52 54 43 16 99
173 22 120 99 14 18 63 67 98 6 62 27 77 39 83 42 70 73 79 63 57 40 23 25 62 98 21 80 40 88 30 91 53 53 72 48 10 33 74 86 83 13 69 24 34 93 3
174 22 119 96 2 20 36 76 96 49 2 93 21 33 85 61 62 75 13 12 79 84 60 88 68 74 51 97 94 26 82 38 28 30 39 17 67 47 65 68 40 37 1 14 2 62 78
175 22 118 80 97 37 67 65 21 92 67 70 85 51 23 72 80 13 23 96 79 69 12 47 60 49 99 35 97 64 36 58 41 67 55 77 34 71 50 25 37 19 62 21 84 3 1
176 22 130 96 25 48 27 94 60 73 5 60 23 40 56 86 27 66 79 20 7 79 42 56 55 30 26 16 9 99 99 64 99 47 88 98 73 33 9 97 38 68 71 29 76 8 55
177 22 122 41 86 12 93 78 53 33 82 48 42 76 99 5 26 97 45 75 21 77 84 69 14 3 39 94 30 98 1 70 36 80 30 85 79 14 18 8 13 83 63 16 60 59 12
178 22 120 35 31 89 18 99 54 72 89 48 2 39 48 23 74 56 53 80 40 83 93 10 91 6 21 25 20 88 85 79 100 19 61 40 88 12 45 59 100 92 12 90 91 63 42
179 22 111 90 15 21 81 98 66 40 71 62 64 2 100 20 53 70 81 92 9 44 36 68 95 80 31 85 22 65 47 63 54 14 36 35 63 1 76 23 90 17 64 91 69 36 43
180 22 111 38 68 86 47 11 73 66 5 4 96 89 78 61 88 92 66 1 27 52 63 79 80 16 1 69 84 17 59 53 42 19 90 40 81 14 5 85 70 74 47 64 13 82 13
181 22 87 17 33 27 95 12 94 48 80 77 16 90 81 67 94 22 37 35 13 1 69 53 70 20 78 16 36 2 69 80 16 13 73 15 44 30 86 82 96 31 55 84 66 52 66
182 22 77 35 4 6 34 2 41 23 6 9 77 27 10 8 42 74 81 56 17 34 85 54 15 32 85 21 67 39 18 19 25 73 5 30 58 81 11 31 9 37 92 16 30 65 48
183 22 126 85 82 81 21 87 47 52 71 67 70 72 57 42 81 12 46 11 69 51 85 1 14 61 50 59 77 80 23 76 16 56 9 89 43 55 92 65 74 62 89 30 48 73 80
184 22 106 26 57 32 91 23 93 41 33 69 72 56 96 39 63 4 27 57 11 19 22 84 32 62 13 79 91 75 42 66 99 73 44 55 4 34 30 96 26 14 16 49 21 12 88
185 22 120 84 67 66 40 77 36 13 60 67 74 25 98 17 51 39 82 50 11 4 14 63 85 62 88 51 77 89 71 40 28 54 7 93 46 83 29 10 95 95 36 71 44 52 21
186 22 105 82 85 70 44 62 26 10 24 71 63 12 47 51 83 39 78 36 45 23 33 79 51 95 25 97 30 41 81 68 74 65 37 18 78 27 53 24 49 16 35 47 18 17 85
187 22 105 48 5 81 70 89 12 72 83 36 20 64 83 12 44 50 86 61 86 55 38 33 91 23 81 58 9 27 27 78 12 74 34 44 95 22 55 18 57 91 38 20 25 1 16
188 22 130 74 38 28 11 92 65 10 24 7 84 56 16 93 83 43 22 46 16 55 41 63 28 96 80 84 38 69 56 62 70 71 87 50 97 51 14 73 42 82 88 34 16 61 98
189 22 88 61 1 12 89 48 91 24 85 60 79 46 81 1 32 87 50 29 37 16 87 63 40 28 44 79 14 11 61 20 71 10 33 23 21 73 71 96 7 22 27 53 2 27 36
190 22 85 41 29 16 29 96 54 91 35 34 86 65 47 25 18 18 86 2 93 6 74 15 69 22 21 42 48 44 26 61 36 28 64 1 82 7 87 52 13 92 28 82 61 14 84
191 22 101 53 71 9 19 91 30 40 33 29 16 28 55 76 63 60 56 26 13 37 32 51 3 54 15 19 82 48 79 47 31 32 69 92 2 21 41 50 57 56 84 33 67 58 79
192 22 120 27 42 30 81 69 83 95 87 16 95 65 14 25 48 83 16 50 94 89 42 85 90 55 45 86 39 11 76 96 42 23 35 57 5 82 95 73 76 12 38 52 11 20 20
193 22 114 12 13 60 54 49 49 55 55 45 40 93 55 68 41 48 22 29 70 8 38 27 89 84 99 16 95 36 68 58 8 39 69 72 98 74 73 46 81 90 20 96 87 44 60
194 22 101 92 13 68 81 39 8 65 89 24 11 77 43 20 84 33 41 55 30 14 27 27 94 6 68 66 29 63 4 58 64 83 23 16 13 90 32 2 65 42 78 59 14 13 91
195 22 96 54 67 20 67 46 98 13 3 65 78 31 80 33 22 89 96 56 11 30 71 76 20 2 77 36 96 6 95 9 18 85 62 57 28 92 35 71 21 38 90 1 94 53 31
196 22 116 64 28 2 66 56 37 61 61 83 21 30 20 82 65 76 61 98 33 53 84 55 73 49 56 78 86 31 31 95 81 14 12 36 50 24 48 85 44 29 4 25 93 42 63
197 22 115 89 78 18 14 78 25 91 63 74 21 46 75 33 40 7 46 3 42 48 26 41 32 69 69 87 45 14 17 29 7 31 70 84 100 83 61 25 25 76 98 98 21 30 12
198 22 100 31 28 14 25 27 39 17 10 59 86 96 3 51 64 83 9 94 52 93 94 34 5 70 11 32 19 8 52 43 37 15 26 16 28 50 42 18 66 3 28 98 30 53 13
199 22 106 65 62 59 16 6 4 2 62 73 12 94 91 19 97 86 7 12 11 23 91 60 16 61 77 71 88 80 20 70 84 33 34 97 91 49 2 50 16 18 61 9 8 31 57
200 22 103 93 38 68 3 12 11 14 79 71 91 49 10 70 69 79 53 53 12 50 95 13 3 40 14 18 57 27 78 16 57 35 9 46 54 63 57 64 29 88 86 19 88 48 40
201 22 113 8 26 92 60 90 93 54 2 48 45 15 17 1 41 47 17 50 81 77 95 86 39 52 2 67 91 87 37 78 34 76 86 12 20 97 1 3 54 11 47 20 28 61 74
202 22 96 16 10 6 92 56 91 82 59 92 1 49 31 37 27 13 64 79 32 60 79 95 62 84 58 9 4 85 8 10 23 25 67 14 80 47 91 1 47 39 83 17 50 48 80
203 22 114 29 31 92 59 77 53 95 34 13 98 70 72 31 46 89 97 59 20 6 58 10 58 4 49 39 65 41 38 97 21 68 88 32 97 26 30 57 75 52 28 87 82 74 75
204 22 122 31 84 46 88 41 56 45 97 56 88 35 72 80 73 68 53 92 7 84 88 99 61 70 7 21 34 54 59 47 36 95 92 23 35 19 83 6 70 26 38 94 45 90 85
205 22 95 52 73 25 2 33 94 8 67 66 93 39 71 37 7 46 28 81 32 79 100 67 32 57 36 9 94 29 6 83 65 7 89 10 91 34 69 51 61 47 74 64 83 32 61
206 22 104 63 12 93 41 59 24 72 94 85 65 74 90 38 98 6 79 49 64 27 5 67 39 4 40 3 38 23 63 34 7 92 49 17 68 20 62 52 36 35 93 87 25 42 45
207 22 114 55 52 93 70 30 49 36 68 52 27 22 42 49 37 41 35 43 85 35 60 54 21 8 99 80 32 92 24 86 43 68 55 24 16 91 20 69 65 61 70 1 53 56 95
208 22 136 89 90 54 40 43 27 46 35 34 96 14 17 87 89 81 56 60 4 72 2 47 43 23 63 55 44 63 7 99 57 96 88 82 89 85 16 22 32 90 71 70 43 51 26
209 22 108 2 7 49 4 5 43 78 67 97 21 81 55 19 37 6 99 89 87 39 25 54 60 56 35 1 26 43 29 82 45 87 82 76 77 61 72 41 78 77 80 24 28 20 62
210 22 104 66 44 15 78 51 2 78 29 58 21 57 91 17 95 24 16 37 99 44 97 70 44 47 62 65 26 85 44 97 98 10 40 64 39 43 17 16 71 74 88 27 64 4 73
211 22 92 39 71 9 37 66 57 6 9 45 5 70 61 82 6 5 79 3 66 19 4 12 35 71 34 61 11 76 14 84 15 37 44 51 2 52 9 11 96 13 32 46 38 65 76
212 22 103 92 30 46 62 85 9 97 7 43 9 17 54 84 83 90 98 19 33 1 72 9 34 32 73 66 40 70 55 4 46 60 21 3 8 28 97 16 44 51 51 26 40 96 24
213 22 101 1 20 8 61 53 40 33 70 31 54 24 87 99 22 71 93 81 92 96 88 19 92 55 14 94 5 92 85 5 87 9 5 6 68 17 11 59 49 80 42 56 28 29 50
214 22 107 98 61 41 45 11 88 54 77 34 10 68 18 15 54 78 71 12 98 88 74 56 88 5 49 42 12 76 47 40 26 96 52 18 40 51 29 27 56 60 66 24 30 80 29
215 22 116 59 2 92 56 89 65 64 77 22 12 70 33 40 16 25 65 11 76 82 2 79 62 81 34 18 92 51 41 73 82 32 84 13 39 72 78 2 100 66 70 83 5 37 7
216 22 109 69 48 35 2 1 13 16 33 46 85 25 97 78 97 99 80 61 11 19 85 40 72 84 90 37 5 41 42 31 61 65 15 77 82 74 75 66 50 23 43 98 100 13 4
217 22 111 48 49 95 19 84 85 56 89 9 48 30 91 61 70 8 27 62 84 35 10 73 36 32 68 34 84 11 48 63 58 96 58 28 79 94 83 19 54 83 48 69 3 21 31
218 22 111 39 28 17 48 53 80 67 38 15 27 62 41 57 9 50 36 43 19 58 48 44 47 78 46 60 84 94 76 84 45 80 15 64 17 29 42 16 42 34 24 40 78 30 49
219 22 108 26 34 6 69 80 35 66 98 94 2 43 69 85 39 1 99 54 69 79 95 37 20 29 60 21 12 71 60 41 52 9 66 86 68 52 65 93 53 7 13 89 98 13 87
220 22 113 51 82 17 46 18 36 26 29 56 89 52 67 29 55 75 47 92 92 32 59 91 83 76 35 87 34 48 27 31 12 13 34 45 29 14 16 95 23 96 98 90 76 4 16
221 22 109 22 95 60 54 6 50 88 33 37 27 66 36 53 49 99 18 82 44 98 12 9 14 19 3 14 52 77 41 56 45 63 2 4 68 59 5 55 91 41 33 28 86 57 27
222 22 103 3 90 70 52 53 30 17 71 85 5 36 36 81 76 91 77 38 93 80 5 37 12 94 77 44 54 57 81 10 83 35 51 4 87 33 3 73 17 7 8 5 40 83 95
223 22 98 16 73 39 48 29 42 84 40 87 12 40 68 64 1 2 51 3 5 37 5 90 39 58 98 88 62 22 9 4 94 47 51 23 40 86 14 78 98 49 69 17 65 21 19
224 22 105 15 23 75 51 79 64 41 7 22 38 94 83 74 68 91 78 13 90 80 35 81 66 1 11 49 79 31 13 27 74 76 77 53 39 70 59 12 7 5 95 33 72 37 62
225 22 111 84 78 41 71 59 6 23 21 20 71 99 3 50 3 62 24 78 91 76 69 60 86 80 66 42 74 65 63 11 49 40 52 71 50 9 93 70 81 15 21 35 98 22 37
226 22 89 60 97 15 2 72 35 61 10 14 78 51 40 28 16 2 38 16 93 41 38 95 2 82 16 96 36 46 10 4 57 6 70 58 30 18 39 57 74 8 10 12 23 54 52
227 22 105 12 48 53 93 64 86 41 51 38 60 57 94 66 26 3 47 82 20 85 99 25 7 40 85 68 3 59 21 54 71 21 59 15 84 96 7 86 49 44 98 5 37 39 61
228 22 116 63 10 97 13 28 21 71 19 57 38 21 16 11 26 86 31 84 52 66 80 59 3 80 2 36 91 17 29 26 32 91 22 96 18 95 19 51 56 8 66 18 33 3 100
229 22 120 69 55 17 100 13 20 79 14 71 14 4 37 82 85 62 65 75 84 61 44 30 79 31 80 86 38 98 56 22 100 55 90 54 72 89 18 43 67 84 13 32 39 49 14
230 22 86 23 11 30 49 46 90 44 75 20 26 6 58 63 3 65 37 3 19 26 8 42 67 84 85 61 97 17 99 45 82 22 7 11 22 52 53 66 78 24 91 33 6 86 97
231 22 103 94 40 68 19 9 37 77 45 22 37 41 90 35 37 23 8 44 85 30 47 37 47 25 13 89 8 45 94 87 37 61 58 36 21 46 12 65 67 48 57 8 34 42 89
232 22 100 15 23 87 3 69 11 57 70 12 3 67 57 41 3 17 50 38 89 96 1 54 14 48 62 22 33 7 3 74 47 34 72 16 96 25 18 49 27 84 57 19 38 73 21
233 22 124 75 14 16 75 19 29 74 80 2 6 87 5 32 85 73 79 18 44 95 66 82 19 83 82 97 18 39 67 55 63 81 76 7 94 80 26 84 37 64 40 68 48 13 47
234 22 100 18 56 41 35 37 11 69 71 59 86 9 25 92 23 12 72 51 65 78 44 47 9 21 83 45 84 22 65 84 34 11 1 42 3 87 78 13 55 23 92 60 47 83 83
235 22 95 58 6 33 23 35 28 21 43 49 3 39 84 25 3 67 10 13 19 51 67 5 81 31 11 80 53 2 40 84 74 57 41 6 31 75 85 52 17 56 69 30 58 87 40
236 22 105 23 6 90 89 62 70 20 25 2 24 26 41 14 32 71 14 77 55 65 45 40 23 52 60 4 62 46 43 84 3 85 24 17 6 95 41 59 19 66 51 41 79 16 24
237 22 115 81 86 38 9 93 54 53 84 76 57 43 80 18 88 74 53 91 10 7 68 23 47 26 41 64 77 33 95 92 57 27 78 94 35 22 99 39 5 75 95 47 6 34 79
238 22 104 16 24 89 92 82 8 14 80 33 6 96 9 38 90 1 46 30 91 2 51 90 92 7 16 39 53 21 2 86 51 18 62 91 61 95 98 26 75 31 83 70 91 72 11
239 22 108 91 18 26 72 60 79 74 1 70 80 16 60 32 88 62 70 31 83 81 91 77 31 68 3 13 50 72 3 21 34 46 90 59 17 50 89 43 2 22 18 18 6 57 31
240 22 106 75 99 61 9 32 3 85 62 22 88 74 71 11 28 44 45 73 33 55 42 34 44 84 36 54 5 5 23 62 13 6 36 12 18 43 21 81 4 42 20 29 65 82 56
241 22 111 60 26 81 92 33 74 78 28 57 13 13 17 55 75 62 92 58 34 50 90 89 43 9 69 59 42 77 18 20 9 52 82 39 79 38 51 63 2 19 17 76 99 29 90
242 22 107 91 58 47 76 59 88 17 53 96 85 12 89 13 81 8 21 42 59 2 80 89 91 82 51 93 100 20 20 99 100 61 41 57 59 68 67 46 84 19 93 21 82 33 63
243 22 123 89 6 4 48 59 36 88 50 17 91 94 17 10 13 67 61 74 7 69 32 26 35 30 10 53 22 82 35 3 14 49 92 71 52 91 30 87 30 79 4 20 72 72 81
244 22 113 36 38 41 61 96 9 45 21 43 74 82 48 95 63 34 98 29 82 99 85 31 28 24 12 58 27 32 81 50 64 17 87 5 29 65 73 6 60 98 88 59 93 92 42
245 22 117 78 25 34 29 9 16 56 84 27 14 62 10 94 11 74 62 49 30 91 82 15 40 5 13 63 57 28 6 50 58 82 83 86 43 93 26 76 58 88 86 4 98 11 17
246 22 127 99 40 59 32 85 74 71 90 38 49 4 46 77 62 95 86 43 29 78 15 63 5 73 50 42 76 52 44 97 43 3 29 28 76 69 65 48 24 10 76 61 80 84 83
247 22 120 16 13 97 78 69 21 27 11 48 78 14 92 74 57 94 2 84 69 53 4 85 52 64 49 39 43 32 21 10 96 88 64 90 66 37 43 28 69 96 21 22 79 41 74
248 22 131 34 25 77 60 18 55 75 66 93 69 49 65 79 44 60 23 83 85 59 78 72 87 46 19 7 67 97 100 82 24 69 94 42 24 68 59 37 60 33 67 55 18 84 14
249 22 119 40 66 99 98 95 22 36 40 41 95 7 89 94 51 71 17 19 16 10 94 83 21 14 71 80 46 89 34 15 72 48 54 90 98 3 84 91 76 11 85 82 52 78 84
250 22 102 74 46 2 89 8 48 71 28 61 94 7 58 82 92 72 6 91 25 95 88 79 30 59 69 5 21 38 72 34 21 45 80 75 85 39 22 66 82 1 24 15 62 6 86
251 22 116 85 93 16 67 3 37 71 76 41 61 47 75 81 44 6 55 80 96 28 87 61 9 39 84 99 73 98 60 63 3 97 100 48 65 18 2 1 40 77 93 76 19 33 19
252 22 93 76 39 98 71 67 37 31 27 75 66 26 99 16 37 14 70 86 65 17 50 82 71 2 21 47 94 21 22 13 5 92 40 43 42 11 9 78 93 36 52 3 26 1 16
253 22 118 95 86 80 64 87 13 34 88 33 80 82 5 54 46 9 45 37 52 86 47 12 15 92 99 19 2 11 21 79 12 88 73 49 19 36 31 73 23 15 53 56 20 58 53
254 22 124 80 2 90 83 40 36 95 54 79 93 72 32 56 92 10 19 35 67 97 22 2 79 47 77 94 51 32 65 8 85 96 9 74 79 61 25 54 92 69 25 23 24 33 94
255 22 116 99 19 61 48 92 14 26 38 90 19 88 74 35 95 58 31 56 83 9 55 95 85 8 38 53 85 29 5 45 22 3 63 34 50 6 48 76 44 89 46 31 62 81 78
256 22 90 19 11 33 53 39 100 55 99 37 7 35 49 87 39 93 61 41 7 94 91 13 41 18 8 30 63 38 43 43 67 62 53 51 66 23 90 17 77 40 54 36 74 2 74
257 22 89 12 47 34 52 5 28 94 69 20 11 76 1 74 66 44 68 32 57 73 83 22 95 24 39 15 44 11 88 97 84 51 95 18 54 45 48 68 64 10 44 65 35 9 8
258 22 78 3 92 16 75 74 37 21 49 27 96 63 70 6 2 19 90 52 13 59 6 12 3 5 32 18 14 75 34 1 35 93 55 26 8 81 52 45 1 23 97 15 45 54 16
259 22 105 63 95 20 75 53 25 39 55 29 70 25 94 96 58 46 30 51 100 7 10 80 58 6 81 10 29 24 73 82 91 87 29 13 81 86 3 36 66 72 12 60 19 69 57
260 22 113 71 57 7 81 36 16 86 68 25 66 96 100 38 30 91 76 58 52 89 38 43 25 3 15 14 85 57 71 85 27 27 43 59 14 45 82 83 10 29 34 24 27 67 76
261 22 123 67 57 65 10 33 67 76 21 60 29 3 96 55 81 38 66 94 48 62 27 82 23 56 15 74 65 91 1 32 66 40 82 28 24 44 32 15 72 86 62 79 66 52 44
262 22 103 12 99 57 38 80 79 93 94 53 58 84 5 41 1 23 32 34 51 55 34 5 51 65 19 22 3 81 52 68 32 47 31 82 3 21 61 13 6 42 38 14 94 45 28
263 22 93 62 52 13 67 2 77 37 23 79 69 27 99 73 81 33 76 1 93 57 66 51 42 39 44 31 53 42 49 16 4 28 22 53 57 58 28 87 27 54 85 78 26 18 11
264 22 123 1 18 55 57 35 5 50 74 48 80 78 37 74 26 52 29 32 50 82 88 59 9 37 62 11 15 88 28 77 88 97 31 98 5 87 78 23 3 27 31 58 80 70 97
265 22 125 90 78 70 27 92 80 41 79 59 69 18 56 51 66 87 38 64 91 77 93 24 51 95 34 25 22 86 56 43 82 45 20 4 71 63 35 94 31 11 49 82 28 35 71
266 22 119 91 77 47 35 52 98 29 85 26 5 6 12 60 48 45 57 20 48 27 82 35 90 75 28 72 37 28 5 64 62 76 7 90 22 93 41 71 74 25 97 78 83 82 56
267 22 110 46 53 56 72 35 90 13 61 17 37 49 44 41 64 57 16 70 46 90 15 38 12 88 14 8 65 96 19 6 30 75 51 82 30 68 19 39 28 87 75 28 30 16 92
268 22 108 38 83 13 35 24 27 72 36 14 85 43 31 33 62 36 62 88 39 95 17 63 35 3 42 21 30 70 2 45 61 39 79 73 73 52 96 90 65 32 84 47 16 97 83
269 22 100 29 84 73 24 37 86 86 39 27 6 68 96 59 64 8 97 95 33 21 49 84 68 38 100 47 67 18 81 96 1 53 19 1 89 4 86 79 30 44 99 26 54 14 85
270 22 117 51 8 17 23 56 100 43 93 42 14 98 8 83 78 3 83 82 21 35 22 76 73 52 6 68 50 21 64 67 23 71 84 46 79 88 71 86 81 36 83 40 18 12 95
271 22 99 53 93 67 87 66 43 59 18 26 19 82 99 21 5 35 18 83 70 57 5 55 37 41 90 29 10 1 23 62 46 63 35 80 34 37 99 15 87 32 67 7 36 25 70
272 22 107 22 81 75 77 70 67 18 98 28 70 72 42 15 64 42 78 99 52 9 32 40 59 26 91 17 33 78 17 48 39 89 74 67 10 92 84 7 71 53 30 12 20 94 53
273 22 101 49 44 5 57 27 44 16 25 70 58 41 54 35 10 62 34 48 2 59 66 12 2 73 53 36 72 45 89 72 88 29 14 40 96 91 61 83 14 39 92 25 91 56 40
274 22 114 85 56 9 9 60 44 32 4 84 56 43 28 36 9 20 31 51 80 35 33 46 25 77 72 49 19 75 91 82 100 28 90 59 23 74 15 7 29 57 86 64 17 67 37
275 22 112 32 52 82 56 80 5 57 98 5 40 24 47 59 6 46 38 95 57 60 20 71 18 79 56 63 48 12 60 14 100 91 17 33 99 96 38 7 94 94 98 17 40 8 74
276 22 109 38 45 21 94 56 40 16 26 40 94 81 54 93 92 66 7 44 8 75 76 58 71 13 64 6 61 84 98 68 58 35 64 78 28 72 69 43 97 8 88 77 14 20 31
277 22 108 39 63 38 13 96 35 3 11 2 9 72 86 6 91 95 40 7 72 19 78 92 13 74 100 50 65 32 21 22 36 84 87 79 73 28 90 75 88 13 12 93 55 61 29
278 22 86 54 38 20 66 11 71 18 12 87 1 33 33 23 68 17 61 93 47 36 7 8 100 52 55 75 88 15 3 5 23 59 15 45 28 27 32 28 11 64 2 30 80 62 22
279 22 129 27 47 93 14 53 52 66 23 56 20 97 95 86 100 87 90 74 97 5 18 76 83 49 4 65 57 44 71 95 22 17 39 36 21 43 1 50 72 40 44 57 91 82 99
280 22 124 16 31 55 85 6 37 86 61 81 50 18 54 45 88 67 56 90 54 76 84 71 33 77 10 28 85 52 62 83 19 92 89 3 97 25 40 58 57 89 27 62 34 66 13
281 22 99 52 21 3 5 48 86 10 18 71 38 79 50 22 82 11 57 2 45 55 51 94 60 30 35 86 92 20 3 4 71 75 58 27 22 96 36 40 18 25 70 67 46 78 54
282 22 107 51 31 57 81 72 3 92 1 37 77 44 8 31 100 30 5 56 27 4 43 18 21 67 87 88 64 38 65 41 95 68 49 28 91 19 43 39 48 87 98 78 86 27 35
283 22 135 94 82 61 98 76 30 18 42 16 5 58 6 69 75 98 16 46 95 36 49 13 78 39 12 64 37 90 1 63 24 95 97 92 72 65 9 14 32 66 71 89 86 97 86
284 22 111 1 42 32 95 77 32 60 54 70 71 6 12 22 21 87 16 17 74 59 88 38 20 53 22 85 75 10 70 23 96 64 79 69 92 62 28 98 31 51 19 89 62 40 9
285 22 122 1 56 77 74 66 64 64 85 69 85 43 46 91 18 93 13 81 23 25 84 61 22 15 11 40 55 24 79 63 76 86 39 50 52 54 13 88 74 49 9 46 99 39 11
286 22 118 18 61 43 42 97 3 63 11 65 2 41 33 79 16 69 65 21 22 29 9 96 29 17 16 75 67 1 65 77 71 60 73 26 22 35 42 76 99 82 8 50 77 66 50
287 22 112 71 95 58 18 75 26 33 1 44 33 65 72 2 42 94 61 66 19 35 1 13 10 51 46 69 80 95 97 28 61 46 50 7 55 67 33 32 51 34 75 98 46 37 91
288 22 117 92 97 57 62 83 57 74 44 7 20 64 38 66 61 78 58 15 36 65 34 69 96 36 2 23 71 51 20 94 11 55 50 73 38 58 46 81 16 17 45 6 35 14 37
289 22 106 78 22 68 26 58 21 48 80 23 19 86 16 30 92 17 2 81 74 99 14 42 68 10 47 2 66 69 65 31 57 16 61 35 38 88 55 85 19 3 4 45 84 47 62
290 22 108 85 28 87 36 41 80 3 2 26 56 67 46 20 49 55 88 61 85 22 98 24 77 82 42 58 37 97 2 72 43 15 57 70 2 44 62 33 46 63 59 1 81 56 72
291 22 103 30 10 59 42 94 81 40 17 9 73 10 66 6 19 33 49 34 89 70 87 84 84 19 29 46 29 81 79 85 4 60 46 63 1 95 40 8 55 13 18 72 73 23 90
292 22 120 5 23 75 45 93 61 28 76 32 8 73 12 40 3 48 44 62 94 58 63 85 52 54 92 6 18 61 29 91 36 18 47 44 2 71 77 88 31 2 100 70 4 99 13
293 22 98 18 92 22 32 76 73 85 20 30 3 32 58 45 67 28 43 77 20 86 78 9 55 16 39 8 15 60 63 65 25 80 57 46 11 84 71 48 55 50 87 10 46 5 37
294 22 104 88 81 8 74 59 83 34 65 50 72 72 64 83 86 29 7 66 37 5 76 75 23 27 74 24 65 21 21 71 61 2 78 86 12 13 19 76 62 42 99 78 24 36 58
295 22 124 83 1 94 87 29 17 61 3 43 34 79 59 69 99 32 39 59 33 17 96 96 81 14 23 42 55 73 19 31 8 76 13 9 21 99 89 38 11 91 32 44 69 64 20
296 22 141 74 55 30 6 23 26 53 3 91 75 44 46 99 15 28 6 90 40 66 11 54 48 97 31 95 65 73 59 36 46 65 66 3 87 43 55 89 33 81 84 78 79 98 57
297 22 109 37 40 96 2 50 85 8 49 36 4 79 31 20 52 41 8 97 5 73 52 91 67 6 31 99 87 14 29 17 64 85 53 3 81 7 52 52 53 69 82 35 40 75 47
298 22 112 34 31 71 85 21 89 90 3 88 28 16 16 45 79 49 81 32 55 84 1 20 87 5 88 69 39 80 5 65 78 38 95 1 74 67 89 76 43 36 43 39 67 95 40
299 22 118 99 78 94 35 78 14 21 34 53 41 24 84 46 88 14 35 34 14 9 52 54 76 72 30 70 60 18 48 76 96 93 10 25 58 83 59 63 23 82 46 20 22 59 7
300 22 110 55 24 67 59 78 42 82 59 11 41 71 18 70 46 47 63 7 71 20 89 29 34 64 63 80 35 84 90 41 38 66 7 48 43 30 1 34 81 40 85 51 85 31 13
301 22 114 91 54 84 32 34 18 95 96 49 29 79 90 22 69 55 28 16 49 28 45 38 67 35 18 58 19 68 94 50 32 15 88 37 61 85 42 14 26 63 82 33 42 98 81
302 22 112 69 94 82 6 12 16 76 21 34 95 14 35 79 98 89 46 64 29 77 64 18 18 95 80 59 27 21 8 8 42 53 41 99 17 56 26 37 89 51 76 16 96 15 44
303 22 104 77 91 59 46 60 36 40 91 94 67 64 53 26 5 5 66 55 21 21 81 10 61 1 60 88 51 4 46 73 99 22 16 58 19 75 93 66 38 24 29 42 49 85 98
304 22 118 14 39 71 86 19 80 47 71 39 34 21 49 89 66 73 88 88 97 57 15 67 80 78 90 60 71 91 44 68 4 34 38 42 53 17 88 23 55 96 55 62 13 28 1
305 22 104 4 67 97 12 33 37 78 12 66 68 23 36 58 18 3 13 52 41 6 56 9 93 30 16 18 25 70 31 38 49 83 41 68 31 67 30 64 84 49 86 71 58 56 73
306 22 120 22 59 65 28 14 74 72 43 89 41 68 10 71 57 11 53 49 78 83 100 77 1 81 40 84 81 78 54 38 33 79 12 43 95 39 56 20 62 50 60 3 17 70 73
307 22 114 25 80 78 73 9 12 73 85 13 5 77 48 86 6 54 75 90 84 32 78 76 87 50 90 36 9 92 5 16 29 93 54 17 57 69 82 82 68 19 87 46 76 8 83
308 22 104 7 38 59 45 87 48 32 95 91 88 73 6 69 33 51 22 2 7 99 55 27 32 36 46 22 19 48 49 26 30 15 40 3 1 39 34 96 29 74 20 35 42 52 85
309 22 110 15 53 43 13 59 69 44 46 14 46 19 84 93 67 10 23 25 76 27 77 53 13 72 81 86 91 67 79 94 3 99 45 5 9 13 100 55 27 98 73 42 40 71 16
310 22 115 64 47 30 43 23 82 55 46 62 92 88 29 70 81 31 62 76 18 40 40 69 94 66 66 18 28 60 57 98 75 73 96 4 15 85 21 15 99 12 2 79 81 35 61
311 22 111 94 17 36 11 8 28 31 1 93 97 71 20 56 27 70 82 51 65 86 17 35 22 89 1 20 100 55 98 32 89 59 77 57 46 39 65 73 70 17 18 18 87 25 66
312 22 114 58 6 16 75 43 85 61 65 73 61 84 25 15 34 8 55 44 85 12 89 75 76 14 44 92 31 31 71 37 96 81 43 63 7 85 47 67 1 72 79 48 46 70 7
313 22 116 52 13 91 15 53 66 42 18 61 34 74 16 71 10 11 51 73 57 89 72 75 89 95 53 25 42 50 46 48 2 10 91 16 63 8 10 80 20 43 32 93 10 2 3
314 22 117 20 4 6 44 60 94 15 86 35 61 90 11 2 40 57 2 93 66 44 60 80 3 69 12 22 63 43 67 72 44 99 74 87 10 53 95 54 14 84 64 67 75 19 38
315 22 96 15 31 17 69 99 28 91 14 70 57 37 65 77 80 63 2 18 72 21 70 26 35 2 42 54 28 13 73 47 2 88 77 19 56 27 98 98 92 20 6 29 84 34 60
316 22 115 99 36 29 22 56 50 40 34 85 93 75 38 72 87 62 18 89 1 46 59 9 25 6 16 27 64 44 63 97 55 61 84 83 34 33 25 25 69 17 99 37 67 58 77
317 22 139 68 56 35 76 80 43 33 95 69 48 91 31 97 97 43 80 77 71 64 1 95 32 70 93 37 10 82 55 67 58 74 22 45 1 53 87 86 48 7 33 90 90 29 86
318 22 93 32 61 17 60 31 80 13 26 11 82 70 99 43 51 54 61 61 79 35 5 80 87 91 17 86 49 49 75 38 30 22 90 29 33 72 9 45 97 19 78 18 72 21 23
319 22 89 33 81 53 67 85 84 27 100 39 28 49 65 65 30 77 38 19 58 23 90 66 67 36 97 9 5 68 29 52 62 32 18 98 15 15 61 4 15 20 44 6 58 14 63
320 22 103 80 3 28 98 93 15 46 1 20 66 82 46 17 43 29 87 92 44 9 68 10 21 71 24 97 91 19 54 32 16 31 86 95 80 26 83 43 64 11 58 55 97 50 50
321 22 121 5 17 59 25 40 34 74 30 52 27 81 35 43 11 72 89 90 2 50 67 85 78 9 100 56 20 58 62 16 59 63 73 75 21 97 66 6 22 95 9 49 27 37 14
322 22 90 31 79 68 81 45 4 10 54 3 17 25 60 78 92 18 40 64 45 12 13 17 34 57 25 82 83 19 24 72 85 7 50 4 87 94 7 48 99 9 65 75 21 67 90
323 22 93 86 30 34 49 94 96 18 28 4 94 9 38 65 85 61 49 91 10 52 29 56 10 28 54 44 81 38 90 47 28 27 28 13 75 22 60 49 15 5 2 93 65 2 35
324 22 115 27 5 15 82 14 43 87 83 86 67 73 75 13 52 53 93 64 28 76 71 42 60 22 46 67 63 66 1 89 22 16 70 35 10 8 70 95 75 39 93 74 83 96 35
325 22 100 76 9 77 87 31 74 97 88 17 49 39 64 25 73 5 94 20 31 35 93 21 79 18 4 87 71 51 21 98 60 49 84 42 75 90 62 52 38 54 38 14 78 8 49
326 22 100 24 94 41 97 73 59 11 81 50 83 78 61 84 13 54 58 48 43 71 99 33 12 40 38 5 15 43 64 16 67 58 56 63 82 66 14 92 98 15 26 27 76 9 40
327 22 113 81 18 87 24 89 37 8 52 28 45 1 32 11 44 96 26 10 53 34 24 86 99 29 49 3 54 75 30 15 14 32 52 72 40 93 24 67 37 24 99 99 67 94 25
328 22 114 28 98 58 3 35 8 43 63 56 46 16 31 27 30 96 89 14 100 74 85 39 18 60 58 54 84 53 2 1 29 82 50 86 36 84 93 79 98 49 76 13 31 95 26
329 22 122 43 60 77 16 44 16 34 4 73 39 39 80 92 80 71 25 81 8 61 16 53 91 13 53 18 77 83 71 23 60 82 37 26 4 66 81 76 56 55 51 62 86 51 33
330 22 111 33 41 45 37 58 73 19 80 96 30 93 77 66 25 54 21 42 34 97 56 2 47 18 39 20 8 56 52 40 36 98 36 72 7 9 42 86 4 71 30 32 89 6 86
331 22 112 9 47 19 5 44 75 58 42 97 13 51 4 64 60 99 9 31 70 15 39 11 52 94 34 34 26 22 39 30 38 81 86 55 96 74 50 92 87 52 47 50 11 42 1
332 22 89 19 73 22 85 11 33 37 57 18 22 82 39 12 44 20 49 24 58 81 31 53 55 32 96 41 84 42 42 46 36 65 8 64 1 70 48 89 26 10 59 55 22 2 26
333 22 133 70 78 83 51 8 87 57 39 82 49 74 76 90 20 63 84 36 70 99 36 39 46 77 17 62 86 27 68 59 81 93 81 58 28 31 17 14 39 55 48 87 81 75 76
334 22 115 37 11 87 6 9 74 96 54 50 64 67 36 91 34 46 71 79 26 80 6 8 96 71 46 2 18 32 82 44 60 33 80 22 19 31 93 85 36 94 48 3 81 90 88
335 22 120 27 60 66 4 91 23 12 86 94 9 88 63 93 21 7 52 54 38 25 24 75 55 68 59 62 58 45 42 48 84 20 59 2 24 50 24 35 35 69 43 74 32 95 90
336 22 105 38 100 27 63 23 53 69 91 11 11 52 21 55 45 20 39 65 78 92 40 79 15 74 66 36 68 39 67 85 8 44 84 34 58 7 87 49 49 37 100 21 44 96 40
337 22 112 34 12 70 25 51 48 91 76 13 26 44 4 50 88 93 72 37 51 30 75 77 78 75 65 29 96 8 24 87 93 88 56 17 38 4 8 14 68 85 9 71 29 58 59
338 22 123 79 50 82 67 11 41 28 88 16 45 68 63 52 91 49 97 78 5 13 68 60 72 81 27 57 41 98 85 8 15 99 89 51 74 90 41 74 57 55 78 4 74 77 60
339 22 113 86 96 19 58 76 45 14 68 94 50 65 1 64 63 41 97 13 91 71 43 80 63 16 88 18 93 87 21 66 15 32 52 10 50 61 37 46 26 4 92 75 68 92 38
340 22 152 82 33 87 95 75 9 37 7 71 52 94 88 97 32 60 62 46 91 65 55 92 25 91 90 50 94 81 76 13 72 66 95 56 52 89 83 77 41 30 80 86 70 76 18
341 22 106 29 38 63 72 54 18 79 60 4 80 6 84 8 18 73 12 15 24 52 97 35 28 89 16 60 75 85 35 92 14 24 6 37 78 23 51 55 39 40 90 46 9 97 70
342 22 105 21 64 93 24 12 79 4 1 95 63 75 79 97 18 44 21 23 80 50 46 31 57 32 37 47 23 26 93 62 3 38 7 27 49 85 30 49 31 92 23 10 40 40 53
343 22 99 12 63 85 61 60 67 69 43 3 16 65 28 95 2 21 98 39 79 76 88 16 57 36 46 48 11 7 39 2 12 51 16 96 63 27 62 32 69 64 47 43 6 45 78
344 22 92 81 35 9 56 74 76 12 62 21 11 24 80 49 25 91 51 93 38 14 71 99 45 40 14 43 76 8 100 7 4 29 87 39 37 42 12 5 25 85 15 48 64 16 73
345 22 118 6 18 17 43 83 87 93 79 78 6 21 54 65 72 60 69 1 99 59 89 40 22 53 97 47 37 63 94 52 30 18 57 48 34 99 30 91 61 98 48 33 3 64 5
346 22 123 63 32 57 61 90 45 52 64 49 48 10 37 3 88 92 21 96 39 54 94 21 26 36 33 76 35 65 78 99 69 40 82 77 52 24 74 56 87 22 55 59 17 98 98
347 22 133 9 70 94 99 76 39 71 1 27 3 61 68 54 11 88 45 45 17 49 68 90 56 63 10 73 27 98 71 87 20 64 85 95 54 8 47 80 10 75 93 29 80 3 69
348 22 112 24 99 37 24 66 26 79 19 40 41 19 13 67 69 83 5 98 89 34 51 48 32 31 58 6 75 38 85 29 58 61 28 94 84 93 71 15 64 11 55 82 75 73 2
349 22 104 57 77 41 6 17 26 56 65 10 38 74 15 12 63 52 41 21 12 20 66 47 12 37 61 75 99 67 9 73 39 62 81 3 86 84 80 93 48 89 83 46 83 7 38
350 22 99 55 18 57 21 16 69 9 77 95 59 3 31 34 65 63 52 19 100 35 50 44 82 39 26 54 46 24 89 52 61 21 18 67 36 38 75 64 32 85 59 87 67 29 95
351 22 115 21 28 30 70 72 63 60 49 69 5 9 8 85 3 28 54 70 64 91 96 79 74 81 37 12 47 80 14 75 34 55 56 56 78 18 67 38 72 50 46 31 34 49 59
352 22 118 87 70 74 29 65 52 55 97 41 66 44 20 80 71 46 65 77 1 20 7 71 87 85 8 10 86 54 92 50 58 23 75 39 39 79 93 36 19 58 31 38 37 53 36
353 22 115 54 81 36 73 87 58 11 23 66 72 9 71 64 80 24 65 89 98 92 27 70 19 23 88 77 53 65 57 12 18 38 100 43 76 57 5 99 74 29 59 44 44 67 8
354 22 121 78 64 51 5 52 20 23 74 59 51 79 88 16 35 85 24 50 27 84 50 32 12 60 76 55 97 94 14 26 10 65 30 13 36 53 86 95 3 34 70 86 33 25 44
355 22 127 16 26 27 79 85 54 33 33 99 59 61 63 88 73 98 92 10 44 47 26 77 16 28 13 22 53 7 30 93 22 71 1 92 25 76 76 83 86 36 97 26 8 95 17
356 22 115 69 90 15 94 67 31 73 79 4 78 28 10 7 20 84 65 90 36 56 66 20 84 41 55 76 51 94 35 97 63 87 77 49 5 59 74 35 63 51 14 24 57 33 59
357 22 104 21 74 94 29 92 66 64 32 20 32 60 22 78 46 19 40 1 57 68 2 13 27 75 99 41 25 12 16 33 96 5 69 85 60 48 44 4 32 55 26 61 100 96 52
358 22 97 1 4 19 54 16 97 28 66 37 4 77 53 36 24 27 92 44 46 4 79 76 99 34 7 53 11 6 70 56 61 41 9 93 74 91 21 78 26 70 88 49 46 43 79
359 22 113 21 93 65 80 45 75 98 48 33 20 56 93 60 64 96 52 42 86 20 81 53 89 54 86 62 32 6 54 48 37 50 23 87 50 55 6 5 99 17 68 71 12 88 33
360 22 110 65 25 82 84 5 35 24 25 88 9 38 71 66 44 19 3 93 93 89 94 99 46 98 97 62 18 20 25 40 7 9 4 31 91 87 87 25 10 11 64 18 1 34 36
361 22 128 44 52 38 88 96 78 82 94 75 31 91 88 62 12 40 68 21 43 98 63 84 39 47 2 61 47 35 96 42 39 85 81 34 62 28 88 45 70 31 38 83 50 58 78
362 22 119 99 72 59 82 10 49 80 11 61 78 98 8 71 36 92 52 21 5 13 48 9 69 18 53 51 56 87 100 65 64 37 22 32 46 23 63 57 83 41 6 91 11 82 14
363 22 101 61 39 27 61 30 87 81 100 39 32 55 26 31 19 41 81 63 12 53 85 26 61 67 66 66 9 29 6 43 42 18 81 20 30 62 7 11 61 97 94 15 74 76 86
364 22 98 15 56 92 77 19 44 13 45 4 31 62 21 40 90 78 82 84 96 14 3 77 75 61 39 88 58 32 54 83 8 91 97 25 34 26 37 30 82 20 91 2 59 33 32
365 22 113 92 16 79 57 70 55 83 31 94 70 40 77 76 74 36 66 71 51 48 47 26 36 65 59 55 7 12 13 39 43 56 6 21 12 28 46 58 73 16 49 49 43 22 85
366 22 107 8 44 87 8 91 22 85 26 38 43 80 44 6 44 35 49 51 40 21 14 67 48 59 76 20 26 24 69 68 98 5 28 41 91 83 64 71 60 1 13 96 18 34 30
367 22 116 18 36 22 39 49 40 86 8 16 6 85 39 26 53 36 82 32 29 72 18 11 35 88 71 87 100 61 82 69 47 64 87 82 37 25 83 76 62 42 43 19 26 96 30
368 22 121 69 77 61 97 48 78 60 34 65 82 72 16 42 54 85 88 23 22 57 99 56 84 97 27 31 22 26 4 80 3 64 29 2 42 88 88 58 69 59 74 62 64 10 2
369 22 109 84 32 23 40 30 78 76 41 26 2 71 47 13 49 2 92 51 66 20 4 59 59 91 16 79 2 41 41 65 50 42 49 81 16 40 62 45 15 3 70 68 25 80 73
370 22 116 70 24 75 87 95 31 45 54 21 60 32 22 1 24 39 2 65 87 83 32 26 44 76 93 98 97 60 23 17 92 47 86 67 22 24 61 52 68 66 24 79 98 31 21
371 22 108 36 33 38 22 67 69 99 10 97 91 60 93 3 82 61 46 28 46 12 1 21 72 52 88 19 87 25 49 59 60 81 48 17 31 9 65 74 68 76 1 70 21 80 67
372 22 97 84 81 88 7 75 96 11 45 34 87 94 93 46 26 40 78 25 8 9 85 24 82 4 33 2 81 35 68 64 15 7 22 51 82 18 13 78 51 71 43 45 49 73 94
373 22 86 35 57 70 68 12 2 76 67 3 8 1 22 71 68 29 92 18 62 61 30 39 12 81 62 6 78 10 92 52 82 38 86 90 7 53 53 8 80 19 62 87 19 9 86
374 22 88 63 52 55 76 13 37 67 24 17 28 29 46 37 73 97 70 10 34 11 16 38 63 23 17 33 36 51 70 89 85 15 95 60 27 31 78 2 100 5 30 45 93 94 14
375 22 95 11 27 76 78 65 90 33 22 35 88 25 57 50 13 41 16 59 52 42 42 30 95 34 25 37 79 78 30 92 41 9 68 18 25 57 70 31 56 96 55 12 98 19 4
376 22 122 13 77 56 7 18 85 1 10 77 99 48 7 80 40 99 88 59 68 64 67 37 73 97 45 68 51 17 21 60 82 98 15 88 67 51 40 29 20 69 27 75 6 25 46
377 22 113 17 92 9 35 29 33 32 25 53 34 69 55 91 50 4 57 89 70 59 29 98 79 49 76 46 23 82 4 47 79 72 90 39 6 18 72 94 24 75 26 44 81 16 94
378 22 101 84 25 34 5 83 62 55 13 10 30 58 84 63 61 82 41 32 72 90 41 3 78 35 78 4 60 21 84 27 66 19 3 24 38 13 30 50 75 59 60 74 20 92 66
379 22 92 4 15 97 93 7 99 22 93 28 78 1 61 31 66 80 85 17 55 74 30 84 76 56 94 35 65 67 54 8 33 9 74 29 53 81 80 27 73 77 7 64 59 25 95
380 22 132 95 41 49 69 22 84 44 29 78 78 94 44 83 1 76 44 75 57 96 7 36 74 31 94 77 7 1 93 17 77 87 12 69 88 80 91 71 75 48 52 64 44 34 17
381 22 89 71 77 43 27 25 1 14 98 31 8 27 90 8 19 6 36 57 17 4 44 48 46 67 22 17 66 73 32 9 59 80 87 42 58 63 42 72 61 79 87 38 57 19 73
382 22 103 13 88 76 9 35 22 75 57 90 92 81 21 1 91 21 32 30 14 89 92 8 12 4 32 42 45 79 98 63 51 2 79 71 37 52 97 45 41 88 25 40 68 33 71
383 22 114 97 47 12 40 54 75 44 37 65 37 81 95 87 95 46 49 76 71 85 27 67 29 19 6 5 31 72 64 68 20 62 31 60 67 6 55 3 22 91 35 16 77 29 13
384 22 113 77 77 88 47 61 66 65 89 84 23 46 15 20 17 30 87 37 91 70 48 9 75 2 11 48 44 97 15 21 25 28 49 54 67 96 66 33 12 55 16 34 100 82 53
385 22 94 68 11 92 56 53 61 3 61 87 4 23 86 19 100 20 96 79 68 49 46 15 14 30 27 97 12 71 79 17 91 41 8 46 94 1 6 6 56 29 91 55 47 42 74
386 22 119 94 21 42 66 60 8 95 38 79 91 50 2 21 66 92 62 25 89 7 44 89 12 1 45 40 43 99 39 84 25 32 4 70 26 81 85 67 19 15 10 20 16 30 37
387 22 105 59 43 61 100 49 56 40 61 56 84 52 98 35 42 33 11 26 89 32 51 9 12 87 28 82 1 37 1 69 66 89 79 1 78 18 69 63 53 73 12 39 14 45 49
388 22 116 39 33 80 41 93 44 27 20 25 80 56 78 48 74 66 78 34 67 8 42 74 25 63 37 29 35 68 100 44 68 91 28 31 21 43 10 40 19 89 48 96 88 21 14
389 22 102 17 54 80 24 47 5 9 93 29 43 93 48 43 36 67 85 64 18 15 36 12 76 27 31 16 74 26 3 46 91 72 51 70 95 98 27 95 6 19 75 1 11 74 95
390 22 101 99 92 79 14 10 45 49 21 21 27 51 36 53 29 91 50 19 14 1 41 8 50 67 54 7 37 80 59 5 5 98 97 83 63 6 80 11 78 52 89 81 39 41 61
391 22 104 29 91 79 94 43 71 2 44 89 7 26 87 61 25 65 74 39 100 36 96 98 74 30 86 54 68 14 49 21 44 42 63 67 95 58 55 59 32 40 19 8 82 81 73
392 22 104 35 68 68 65 65 93 46 3 81 11 1 7 59 15 73 53 72 79 6 30 63 97 70 79 36 3 51 22 22 70 86 87 31 41 60 95 23 60 25 29 18 39 53 22
393 22 109 62 31 28 43 45 24 95 67 54 30 69 56 3 42 78 88 40 18 20 51 65 92 73 24 16 1 93 6 5 14 67 36 32 69 56 98 74 86 18 82 60 59 39 50
394 22 109 97 59 61 50 25 36 18 25 80 23 30 46 90 17 38 51 48 58 58 98 32 43 15 65 35 74 23 62 13 24 71 23 72 47 89 24 12 5 53 73 55 72 82 12
395 22 98 69 65 7 84 29 41 57 51 2 21 74 11 91 48 33 15 47 91 3 22 80 66 26 66 18 50 89 72 21 70 84 42 34 90 25 14 30 33 64 83 54 89 45 96
396 22 98 89 78 10 87 20 65 8 51 30 85 16 48 34 4 19 6 26 54 47 59 95 23 73 76 88 58 61 29 3 8 69 32 18 55 51 82 62 53 63 46 68 10 31 23
397 22 92 81 88 48 34 35 59 9 83 56 16 22 14 28 50 68 36 70 51 5 24 1 38 85 5 82 72 10 64 46 42 52 94 27 38 7 98 34 63 14 55 93 57 47 28
398 22 103 26 97 84 2 49 21 86 53 21 20 76 82 35 21 23 86 14 49 75 17 8 73 2 70 9 49 30 65 95 58 42 43 41 43 91 14 81 43 34 52 18 67 90 89
399 22 109 24 4 89 98 72 96 70 74 17 7 82 65 37 98 11 46 91 53 38 34 43 51 66 37 36 17 6 2 54 96 42 77 51 31 75 74 26 96 47 43 55 80 59 91
400 22 98 29 70 88 20 74 77 5 69 28 22 15 90 63 69 43 10 10 72 12 40 98 85 18 93 84 12 47 15 22 89 44 43 17 5 71 85 32 92 41 98 81 55 66 23
401 22 106 64 28 46 27 19 43 36 88 47 99 86 13 21 75 56 15 2 22 31 6 92 15 89 83 8 39 15 62 90 26 83 35 4 2 78 67 17 13 88 2 60 76 33 74
402 22 128 30 7 57 87 98 71 28 33 66 47 92 21 88 69 56 23 72 57 52 39 45 68 3 84 69 80 95 97 65 69 26 71 25 64 20 47 91 4 77 8 51 20 81 90
403 22 114 88 36 12 59 92 15 49 36 82 52 72 3 83 66 99 47 86 76 69 62 39 41 9 82 44 37 89 46 8 69 36 95 4 47 5 47 14 54 35 95 57 6 71 47
404 22 109 38 57 22 58 18 13 98 78 94 42 66 34 87 73 3 74 19 58 21 24 5 86 77 39 80 33 96 29 23 66 27 12 74 1 70 92 13 19 58 12 91 51 11 93
405 22 96 24 30 3 96 53 7 81 29 97 13 13 92 41 87 9 19 99 83 19 20 26 83 38 46 40 2 32 31 52 95 75 75 77 23 76 35 56 83 15 20 7 58 35 78
406 22 113 56 17 96 27 42 79 17 39 70 18 23 100 69 17 27 95 40 55 67 42 72 74 24 38 45 2 97 2 36 74 10 4 99 52 87 69 9 20 89 25 46 84 16 1
407 22 136 52 34 94 23 59 69 13 3 70 9 57 57 82 66 12 50 1 60 49 5 47 69 73 55 88 62 80 34 97 47 86 100 81 79 75 91 99 87 69 95 2 25 76 67
408 22 108 89 77 19 48 77 23 94 45 48 49 85 61 80 18 57 78 55 8 10 85 82 1 83 68 46 51 14 47 28 41 13 68 70 83 15 98 6 9 43 5 9 27 65 40
409 22 126 96 73 17 50 80 27 86 62 79 68 81 24 71 47 70 98 87 34 65 8 16 31 6 73 91 100 77 99 26 93 38 73 7 74 45 85 59 58 63 78 48 36 55 97
410 22 100 23 40 13 82 7 44 87 80 34 86 8 85 63 1 74 87 65 80 60 61 64 70 18 26 48 8 95 43 69 44 17 8 56 51 15 99 37 46 85 23 5 69 57 42
411 22 106 24 74 22 83 34 37 5 4 15 52 63 77 98 57 93 26 49 76 71 99 12 68 83 86 25 51 23 81 46 54 66 80 40 54 84 43 68 87 97 37 13 94 29 38
412 22 120 98 77 13 21 76 77 40 10 62 64 61 36 45 5 81 50 22 61 89 75 96 31 43 83 87 39 19 100 32 99 28 54 53 3 30 93 64 43 8 76 79 52 80 11
413 22 90 54 1 23 42 76 19 25 70 53 63 60 23 14 91 21 3 48 56 2 37 20 66 79 27 41 57 31 73 84 25 42 77 52 60 1 21 64 64 80 86 29 22 7 31
414 22 109 97 6 38 24 60 74 95 25 53 21 17 61 3 41 80 38 66 22 15 17 33 15 90 49 30 21 34 59 92 41 91 98 31 66 57 4 8 32 1 21 35 42 72 59
415 22 116 73 38 75 58 53 16 6 34 89 91 44 83 83 37 25 32 67 90 88 70 1 72 30 84 24 50 70 65 49 42 23 74 31 50 35 17 69 5 78 64 87 12 63 43
416 22 113 66 4 82 88 4 53 17 88 77 66 57 93 50 68 91 81 69 73 15 85 12 35 90 42 99 28 53 50 96 68 94 77 55 50 23 37 10 88 45 54 5 47 21 96
417 22 116 79 89 20 45 74 32 80 15 73 30 42 25 31 84 72 98 78 1 52 27 82 74 15 43 13 11 96 70 57 69 17 87 36 32 19 63 43 92 90 20 91 72 2 91
418 22 109 23 28 24 49 94 18 13 5 14 82 34 98 90 86 31 24 4 93 71 47 36 60 66 9 85 8 80 86 51 55 74 55 59 92 19 15 57 1 28 90 50 27 87 9
419 22 104 6 91 1 77 89 88 88 6 48 72 65 80 10 15 86 75 41 40 85 84 58 100 40 10 27 81 12 5 63 98 13 69 97 80 52 84 99 8 2 78 17 16 43 56
420 22 106 54 27 39 64 26 30 73 52 62 84 56 25 34 68 45 73 32 41 53 35 76 89 83 90 63 51 58 78 93 13 31 20 4 94 85 19 49 47 23 87 19 60 7 59
421 22 102 12 94 86 52 79 69 42 41 19 99 18 64 63 1 83 18 94 79 3 64 27 1 35 75 4 10 93 63 68 3 26 61 88 78 39 8 71 32 21 49 1 24 53 95
422 22 121 54 7 58 33 7 75 67 33 31 76 25 93 43 27 71 4 66 100 94 74 70 25 52 42 26 93 76 26 68 28 72 21 86 30 53 44 56 71 46 100 89 78 1 44
423 22 116 96 100 37 69 21 14 72 62 39 64 64 83 17 36 55 2 8 46 24 78 73 62 76 25 92 16 54 44 59 49 95 47 15 60 40 28 98 55 14 37 32 49 86 17
424 22 116 51 83 40 80 55 1 79 44 70 33 87 80 81 81 27 50 47 86 41 74 36 96 90 49 32 21 49 23 58 65 73 40 4 5 95 57 59 25 9 87 60 42 19 38
425 22 110 91 18 24 31 11 26 32 11 10 5 59 84 62 75 57 2 30 13 48 86 71 24 38 3 33 76 63 74 94 100 16 63 75 98 54 37 76 37 47 85 41 57 68 3
426 22 111 31 76 56 61 88 55 98 11 78 35 13 10 10 27 35 56 27 50 18 53 23 90 75 60 59 52 45 78 54 75 61 87 93 15 37 3 68 6 85 94 41 40 20 42
427 22 90 9 25 41 84 14 15 43 1 25 94 97 55 24 60 12 10 52 79 98 7 23 21 74 80 5 67 72 96 39 14 56 63 6 39 28 73 33 80 49 79 77 3 30 52
428 22 114 62 41 61 66 19 11 24 93 83 97 73 39 15 44 34 5 9 41 80 98 39 64 78 87 42 6 71 57 55 12 69 20 82 31 43 27 13 91 99 51 58 94 36 62
429 22 101 3 77 81 69 8 78 59 71 7 45 65 64 38 35 72 93 98 93 64 32 23 7 58 36 49 56 6 1 26 20 55 54 75 61 29 33 83 88 30 47 51 67 34 23
430 22 115 59 83 67 23 14 89 81 71 76 81 78 66 39 79 91 58 85 44 9 60 56 37 92 38 24 21 37 27 40 22 49 98 4 67 72 18 55 52 88 83 18 48 23 96
431 22 101 38 80 80 81 88 91 36 24 83 25 55 13 26 94 34 26 44 38 92 15 7 98 19 94 3 11 27 25 58 64 56 90 96 43 32 31 18 14 8 17 21 20 94 66
432 22 99 6 19 61 43 62 76 1 60 46 94 39 100 57 66 76 66 81 31 7 77 73 39 59 42 4 18 38 52 42 95 23 2 89 36 29 89 95 26 34 86 25 90 51 100
433 22 113 8 83 82 14 59 54 4 70 48 8 87 6 83 24 9 76 70 83 30 58 19 10 46 13 36 80 98 12 21 100 64 28 45 94 93 51 97 62 56 49 55 91 24 63
434 22 105 18 94 98 47 51 16 9 49 80 44 28 30 7 48 29 70 63 67 73 56 17 69 69 66 77 17 20 19 41 34 36 86 31 35 43 84 78 38 59 44 39 66 90 2
435 22 132 32 62 9 100 82 77 65 10 46 36 28 86 69 64 23 52 98 58 49 92 94 78 29 8 36 24 70 75 89 11 72 24 88 71 58 16 87 67 61 22 47 98 91 10
436 22 114 20 42 59 30 42 2 75 20 30 82 7 53 4 81 94 66 60 65 90 47 88 99 63 74 17 23 96 63 73 38 24 92 31 34 72 35 47 43 16 81 50 21 84 82
437 22 104 14 49 42 30 90 88 69 40 2 95 57 77 71 49 79 47 92 61 32 65 67 63 27 34 43 76 54 26 19 27 50 1 68 90 8 91 63 16 4 38 82 84 11 94
438 22 113 68 27 26 34 89 4 67 32 79 73 9 87 91 87 37 91 55 78 60 14 74 81 39 78 70 57 11 6 5 73 93 82 6 34 85 24 65 15 96 25 1 39 12 89
439 22 116 29 18 18 40 83 38 14 15 76 43 84 32 5 89 99 9 61 43 42 18 26 42 92 40 89 69 93 27 32 33 8 49 3 47 40 12 97 15 54 80 46 59 69 96
440 22 100 19 81 91 61 99 18 38 92 62 30 32 30 74 11 13 58 18 13 60 16 95 99 28 91 33 22 11 43 42 58 23 48 73 66 16 27 40 47 8 13 57 20 71 26
441 22 105 32 82 42 78 81 69 68 45 53 41 55 96 83 13 9 57 60 82 29 77 44 44 84 42 14 48 99 33 70 76 16 52 17 93 37 12 28 90 5 83 87 47 45 43
442 22 128 58 78 23 35 21 18 89 56 59 3 56 9 87 77 85 55 28 1 99 11 90 63 39 79 67 73 53 19 11 47 76 40 69 10 12 86 51 68 96 5 75 5 43 51
443 22 105 89 97 31 41 48 41 30 10 60 76 3 26 28 73 88 26 49 27 46 10 39 31 12 58 78 68 84 82 63 34 22 11 64 63 58 57 44 67 4 94 94 81 21 66
444 22 100 69 98 66 47 43 28 37 25 91 94 3 11 29 84 73 63 58 83 78 72 41 86 15 59 25 70 53 18 51 25 35 71 23 53 17 17 32 54 42 22 99 44 28 79
445 22 137 56 42 36 39 19 59 31 5 74 89 81 95 93 98 97 70 84 67 92 36 60 67 89 1 41 87 96 24 66 75 80 7 62 18 26 21 82 46 40 62 33 11 37 2
446 22 116 94 55 45 82 90 4 78 57 40 17 52 64 34 78 95 41 12 18 63 99 57 2 48 34 22 36 87 67 91 83 80 39 10 95 39 78 46 54 11 76 3 15 72 26
447 22 103 73 70 34 75 33 81 60 54 17 47 21 59 81 20 38 19 67 99 13 58 28 11 11 91 86 59 93 52 29 94 62 68 71 94 27 76 10 25 96 20 6 68 76 86
448 22 110 8 41 43 88 3 54 78 88 64 22 91 84 38 19 29 76 32 96 98 77 75 73 87 51 21 58 56 88 67 84 73 75 24 68 14 26 65 36 7 71 54 77 81 8
449 22 90 47 78 84 73 50 22 24 22 80 31 9 46 14 34 72 37 1 37 73 27 30 60 43 36 82 96 12 33 28 71 5 7 52 6 75 28 11 6 88 9 19 21 8 21
450 22 120 17 73 93 95 3 4 89 38 86 36 2 18 63 72 97 19 30 1 25 10 27 4 20 32 91 28 12 60 62 32 28 86 77 74 88 80 78 17 98 79 35 13 83 31
451 22 113 84 83 55 93 10 58 64 93 49 44 47 12 3 60 95 82 46 23 33 3 17 62 71 67 92 5 79 46 88 61 29 22 16 73 83 25 36 76 25 79 74 36 34 83
452 22 88 14 79 5 69 63 59 37 25 30 55 16 34 85 13 73 46 41 47 61 13 29 37 1 56 62 79 49 64 15 31 77 45 36 97 7 46 34 83 75 40 51 61 25 63
453 22 113 33 70 56 31 82 68 60 18 20 67 31 51 96 32 14 62 62 90 6 49 39 65 95 24 99 21 63 49 81 87 64 66 19 96 89 86 7 7 58 74 37 8 21 20
454 22 99 21 83 82 62 40 82 56 28 23 55 1 86 3 81 24 66 98 32 84 46 20 22 52 26 79 77 15 86 34 58 32 67 19 23 80 93 85 80 78 87 61 54 5 10
455 22 115 85 40 55 4 13 59 82 43 87 48 80 84 33 37 67 100 56 42 26 72 31 18 11 48 42 23 1 98 32 37 90 39 92 2 97 73 45 83 72 24 19 5 37 4
456 22 109 68 78 55 93 49 85 62 56 47 9 50 69 61 47 1 97 36 39 41 90 87 65 34 21 37 9 91 41 21 80 96 40 9 2 84 10 38 46 65 85 6 14 53 19
457 22 118 61 5 15 48 95 7 37 33 72 22 54 8 31 96 48 3 27 95 43 36 96 26 45 85 23 9 69 29 74 47 35 78 13 82 73 20 71 5 92 10 50 74 58 49
458 22 123 77 84 95 71 19 42 48 63 26 71 72 47 51 46 20 49 80 49 61 13 21 32 83 78 27 87 75 100 96 75 28 80 69 98 98 10 46 13 88 68 36 34 18 81
459 22 108 53 66 60 53 78 24 74 62 7 3 39 33 89 14 84 85 40 12 16 61 9 13 70 6 77 9 25 12 42 42 92 46 59 3 99 89 27 24 2 33 26 40 17 66
460 22 80 5 100 2 45 11 17 72 82 26 29 58 87 54 70 28 47 61 26 6 64 24 46 42 47 47 26 38 42 37 43 93 39 39 56 7 95 27 88 20 7 46 58 60 15
461 22 124 86 59 75 11 64 90 61 83 32 7 8 55 44 49 43 38 94 33 76 49 40 70 27 27 42 33 72 99 45 38 36 3 65 46 18 54 31 78 89 14 96 68 97 63
462 22 102 69 90 95 96 38 34 66 64 13 7 48 36 57 92 74 93 94 38 63 43 21 40 31 86 27 27 6 58 23 68 78 12 14 73 1 100 90 16 12 48 47 5 55 72
463 22 116 97 100 9 86 15 4 58 54 34 44 33 12 49 42 86 68 71 49 81 43 80 85 64 91 32 79 90 36 61 84 84 22 70 98 25 27 4 10 22 36 74 70 29 59
464 22 108 37 99 60 18 93 60 49 77 76 40 9 54 81 96 86 93 80 21 14 49 19 90 27 74 52 49 61 25 70 89 35 59 39 94 28 31 54 76 67 20 34 47 15 71
465 22 129 40 94 91 5 94 61 95 73 34 46 73 94 22 42 82 56 52 20 2 79 3 7 7 62 87 73 81 20 72 47 90 11 41 32 67 86 93 61 58 26 30 72 79 24
466 22 113 5 35 75 77 36 6 79 42 12 92 80 84 24 99 55 70 40 17 62 71 84 48 15 96 93 54 35 64 32 58 68 18 44 5 89 74 98 100 17 77 27 90 66 59
467 22 108 23 89 94 70 3 89 75 95 42 61 58 26 70 78 95 53 73 100 47 49 93 63 26 28 55 4 16 70 28 38 21 60 12 9 86 7 46 16 80 67 19 66 25 12
468 22 123 64 26 57 26 51 84 32 6 53 47 75 32 37 84 4 96 96 65 81 54 67 78 69 98 44 62 23 14 79 100 78 42 25 34 19 27 74 49 59 5 85 94 61 32
469 22 118 89 25 64 94 91 41 63 40 36 76 14 2 6 13 79 47 65 67 84 67 99 57 16 9 52 2 74 36 43 98 40 92 50 31 25 44 80 30 9 10 28 49 73 45
470 22 107 16 9 11 66 65 78 74 30 82 27 55 17 69 4 67 5 43 58 54 25 37 31 21 16 12 29 78 40 77 50 84 44 10 46 9 75 24 34 56 57 61 11 73 81
471 22 104 14 39 37 9 49 43 85 37 73 5 52 84 33 81 75 62 31 10 5 40 56 66 66 31 51 74 87 63 36 11 44 1 1 80 9 49 22 46 46 50 89 82 83 69
472 22 86 56 96 51 18 52 43 73 69 60 55 20 33 93 82 3 77 21 3 9 81 4 30 26 40 28 76 10 49 16 5 33 8 45 57 77 5 11 48 89 3 81 9 5 58
473 22 125 29 60 66 61 15 47 87 54 74 62 34 34 23 34 50 27 84 34 86 29 91 14 85 1 61 73 56 94 33 12 51 13 68 74 37 66 12 43 40 73 76 25 95 61
474 22 103 74 73 44 8 10 24 50 24 8 50 36 33 57 29 17 69 31 30 91 98 55 80 16 66 22 7 90 97 9 5 60 52 64 69 28 13 87 14 80 19 71 8 39 17
475 22 99 81 88 23 60 55 40 61 29 29 92 16 37 48 75 41 11 95 20 75 39 6 88 70 25 10 77 12 100 67 80 33 7 54 92 93 25 22 73 5 65 88 94 14 34
476 22 121 74 60 53 48 50 10 87 19 34 49 48 97 14 28 80 72 81 24 33 73 6 45 4 70 84 97 97 82 57 86 58 96 91 77 39 24 78 39 89 57 18 13 38 93
477 22 90 45 10 92 2 7 96 71 90 44 3 39 26 8 47 63 12 4 58 2 80 91 41 55 20 79 96 76 48 13 41 75 84 5 81 31 75 22 75 29 60 52 36 6 66
478 22 109 47 62 24 100 41 66 92 48 85 22 43 60 70 50 25 62 53 99 45 9 31 76 35 4 2 63 64 5 50 21 48 82 75 10 39 22 94 60 16 54 81 65 30 94
479 22 98 69 28 39 77 10 66 11 13 19 25 28 23 74 49 92 73 82 37 8 46 9 29 21 44 97 53 60 26 47 80 5 37 56 14 54 18 26 72 94 54 46 19 37 91
480 22 120 87 25 62 95 23 22 75 14 94 71 47 30 93 10 91 81 17 56 34 87 81 5 32 86 2 51 90 93 30 15 54 76 89 28 50 54 21 20 15 67 53 11 63 95
481 22 118 91 31 50 24 17 82 80 49 20 81 51 62 71 43 37 97 66 25 76 68 78 96 39 44 15 92 96 25 54 42 68 85 43 53 72 75 53 43 55 3 5 77 46 95
482 22 103 65 94 13 89 69 32 18 64 70 13 30 62 60 7 67 1 74 3 91 68 56 15 42 8 57 49 63 61 25 8 8 42 1 72 21 3 36 72 12 66 85 72 72 4
483 22 114 72 97 6 15 64 61 29 6 21 37 54 83 98 30 42 57 71 94 28 53 14 30 4 49 53 67 90 38 37 93 62 33 97 11 56 54 83 44 59 65 41 40 63 51
484 22 111 76 15 64 5 18 12 10 36 78 99 74 14 91 87 47 88 14 95 50 21 32 64 58 48 57 97 5 5 59 55 81 25 37 94 30 46 44 55 72 86 93 70 26 6
485 22 98 64 75 78 63 7 93 72 54 1 21 11 58 79 65 38 56 83 26 24 30 22 67 36 93 5 28 15 30 85 78 4 62 93 62 68 7 84 78 42 53 31 22 39 54
486 22 106 4 60 72 39 5 76 67 19 51 48 9 65 92 22 23 56 89 81 91 66 97 57 60 1 30 35 31 52 74 84 7 85 8 45 41 83 63 59 40 14 59 100 50 21
487 22 121 52 57 10 32 27 80 56 86 81 38 21 11 41 46 47 47 30 6 91 71 88 54 19 39 78 100 99 51 97 60 34 96 86 14 4 24 46 41 44 56 89 54 79 70
488 22 81 59 21 40 99 26 21 77 44 11 55 43 51 5 45 48 64 31 95 1 96 98 24 41 90 19 48 22 59 2 100 29 12 73 20 62 98 39 42 3 45 36 53 49 81
489 22 104 52 12 63 99 12 58 96 88 98 38 6 45 11 17 45 62 35 16 23 32 56 61 25 10 5 61 14 5 93 66 16 55 80 12 19 61 76 57 92 55 73 88 59 4
490 22 78 38 90 11 51 15 20 7 27 33 12 19 50 79 25 65 10 88 28 28 48 4 4 41 47 10 65 35 77 23 38 67 65 48 17 5 51 86 75 1 17 51 17 26 38
491 22 86 96 6 37 27 61 92 67 7 2 84 41 30 6 78 70 25 12 100 43 87 56 94 24 30 46 40 32 62 18 69 10 23 5 36 35 97 50 85 82 79 11 75 64 36
492 22 110 38 64 78 76 19 71 1 16 91 32 30 8 53 39 82 57 74 16 5 27 57 6 64 90 85 6 11 69 87 100 84 65 28 3 27 55 55 69 36 77 90 74 10 47
493 22 116 99 26 3 77 34 9 40 75 45 97 74 7 18 61 58 1 77 85 55 15 63 9 69 32 47 4 60 88 29 69 86 79 46 89 8 79 49 99 53 45 96 79 51 13
494 22 111 39 60 13 67 45 20 81 7 28 2 38 26 57 97 14 38 18 99 16 63 75 42 87 74 46 31 69 24 33 33 93 97 32 37 95 96 21 22 86 59 98 85 27 13
495 22 120 23 1 54 10 74 51 92 94 27 25 26 40 69 75 72 5 90 36 51 85 1 83 58 22 16 43 81 65 79 59 77 2 59 82 63 85 85 6 78 11 30 56 2 50
496 22 92 30 25 54 71 60 57 8 60 39 17 34 6 59 66 23 38 24 51 91 82 33 53 18 69 58 96 79 40 3 80 89 84 5 95 16 51 13 28 41 29 61 99 88 26
497 22 95 21 77 1 71 67 34 55 71 52 23 80 99 53 19 33 60 84 89 54 89 4 56 2 31 48 30 43 46 69 20 18 45 20 89 63 6 95 33 57 70 13 55 22 83
498 22 93 55 54 42 90 94 47 78 50 2 79 32 2 9 75 47 29 46 65 74 66 5 36 23 51 21 79 20 33 33 42 15 39 57 80 41 55 90 9 88 73 10 96 56 24
499 22 97 45 72 49 62 28 37 84 79 57 62 98 89 46 91 55 36 38 11 15 30 18 23 71 26 10 43 35 57 90 42 33 34 14 81 47 93 17 30 23 73 91 73 13 88
