500 22 229 43 36 62 90 51 19 24 11 54 70 40 3 44 43 3 69 1 48 46 59 98 6 85 75 68 11 36 96 33 72 90 68 79 71 55 81 8 24 76 48 71 42 81 39
501 22 239 43 29 84 53 78 41 89 4 61 51 39 56 62 97 51 46 75 21 1 81 54 8 5 29 7 35 99 49 15 89 95 24 47 25 64 36 28 76 86 19 83 21 32 79
502 22 253 72 78 6 44 78 86 49 37 42 29 96 76 27 44 43 67 38 89 90 84 65 6 19 45 81 57 63 64 77 94 94 100 23 99 52 85 44 89 73 84 54 51 79 48
503 22 200 18 16 36 59 99 1 64 70 97 97 26 59 12 54 4 5 54 27 56 49 78 40 44 18 17 68 53 22 19 31 69 88 98 57 9 14 5 62 43 15 73 96 29 1
504 22 203 96 84 1 26 75 45 95 44 12 48 17 82 30 38 21 28 94 71 76 54 84 93 10 45 87 24 69 34 93 97 35 41 33 35 18 59 31 12 2 95 11 71 28 41
505 22 219 8 1 20 53 71 47 6 6 91 67 50 29 42 70 62 34 18 48 26 50 35 43 61 65 55 14 11 65 84 39 57 91 39 28 95 61 74 100 66 16 67 44 59 36
506 22 195 6 45 53 5 70 55 39 65 15 56 19 28 66 35 12 56 44 54 46 71 49 6 97 100 71 12 18 37 56 28 24 13 72 77 69 94 31 8 58 97 28 76 32 14
507 22 187 39 88 57 93 33 80 93 91 76 44 13 39 2 46 41 25 58 12 53 79 5 83 86 14 31 52 7 83 55 45 70 11 89 55 42 81 45 17 25 9 8 37 10 53
508 22 198 29 35 63 93 87 41 49 22 78 63 52 29 3 10 11 57 55 33 20 43 39 61 76 35 30 52 43 37 40 53 89 69 51 61 25 91 9 46 68 23 50 48 26 59
509 22 203 59 82 65 43 53 60 33 14 35 67 43 38 61 79 77 13 19 97 51 70 9 28 12 70 25 80 92 74 79 17 85 37 1 31 3 60 15 68 46 81 62 83 94 92
510 22 205 12 6 11 60 9 32 69 36 43 38 74 29 86 53 98 22 41 100 24 54 34 38 22 31 71 83 66 64 27 29 21 37 88 29 68 56 16 62 45 28 36 26 65 40
511 22 217 23 38 32 22 11 55 75 96 93 48 27 63 83 44 78 9 72 98 97 59 16 67 94 77 21 64 88 85 3 10 22 87 85 41 10 80 9 6 47 91 49 76 51 72
512 22 212 74 47 83 52 62 49 45 39 11 66 54 99 2 9 60 76 95 95 35 56 91 20 64 97 18 7 97 94 57 21 19 4 3 70 17 51 14 55 13 31 61 63 85 69
513 22 243 75 12 63 21 23 49 76 13 68 91 61 38 97 58 83 54 30 1 9 32 70 25 34 35 32 46 66 92 2 12 35 13 74 55 82 47 94 72 60 31 69 69 13 74
514 22 260 98 65 82 29 34 58 62 68 89 59 85 32 19 86 43 5 50 68 11 84 42 92 83 35 16 42 17 84 81 9 59 45 87 30 99 100 49 40 58 34 71 29 66 85
515 22 222 21 33 96 56 26 39 38 12 54 31 28 89 92 60 97 2 4 38 88 33 37 39 82 28 49 67 98 77 15 13 9 100 8 65 25 47 89 52 85 68 41 28 30 83
516 22 214 27 69 68 15 60 1 42 8 67 91 36 55 6 48 64 5 56 80 81 54 33 69 5 69 37 97 49 16 86 30 98 12 50 65 26 9 17 67 16 83 57 3 90 14
517 22 187 51 5 18 58 84 51 63 68 19 19 37 7 16 37 22 1 66 20 12 15 36 89 24 53 7 91 87 15 94 28 29 96 32 98 53 67 48 15 35 67 33 23 73 48
518 22 204 11 47 100 76 18 63 42 5 51 17 9 9 8 96 24 53 75 52 48 7 49 52 25 97 66 11 15 50 33 39 50 95 85 1 70 54 64 64 59 66 80 67 39 14
519 22 210 98 91 89 49 90 47 49 41 71 97 58 82 11 60 66 2 9 61 38 9 82 92 24 45 50 90 25 68 64 63 13 6 70 13 47 68 61 40 10 97 19 20 8 37
520 22 194 73 68 49 11 29 30 2 52 75 3 93 51 22 8 13 3 20 70 24 32 17 91 45 56 81 54 4 51 25 12 87 98 31 35 60 59 63 91 67 55 88 15 5 91
521 22 234 86 27 66 18 43 9 14 50 89 19 53 91 95 16 78 44 47 64 3 57 80 15 71 22 81 26 21 92 11 77 49 28 46 91 88 59 92 28 29 44 19 24 12 96
522 22 190 67 10 11 22 18 43 36 89 16 69 66 30 89 57 52 51 33 100 30 79 42 18 45 70 28 63 93 91 10 11 73 32 70 67 20 58 82 88 23 63 31 14 15 65
523 22 219 11 45 58 80 34 42 77 3 22 91 47 64 53 57 16 25 89 85 91 8 94 72 68 35 26 98 7 12 17 17 57 26 97 42 25 96 15 42 52 67 50 19 90 3
524 22 209 33 97 48 57 95 15 43 72 12 94 78 24 10 47 32 36 73 55 19 68 61 98 17 90 75 48 31 95 66 45 44 20 28 90 51 63 84 75 69 2 42 63 34 54
525 22 231 60 85 15 76 27 66 47 1 14 65 83 8 97 55 25 41 72 68 12 99 9 62 13 44 36 81 45 29 43 31 82 55 49 30 93 14 76 93 92 75 86 89 81 11
526 22 202 81 5 30 93 55 39 6 68 82 94 79 22 95 61 56 49 27 4 78 20 17 6 64 96 97 91 33 37 71 95 18 27 25 62 15 67 1 48 12 52 26 34 46 86
527 22 195 41 46 13 96 76 84 64 81 47 11 29 37 44 66 60 38 35 86 14 96 19 28 26 71 53 11 68 91 3 14 55 98 89 38 21 84 24 49 73 67 66 84 56 100
528 22 189 21 22 47 40 1 13 10 28 38 32 81 100 52 23 2 65 77 51 5 14 63 25 49 86 25 73 4 43 56 12 94 77 33 41 68 85 53 29 13 42 61 45 93 12
529 22 233 67 94 28 43 44 84 8 6 60 56 36 29 47 78 58 72 64 42 31 27 68 60 39 61 72 35 53 35 46 14 41 97 54 98 56 61 91 41 88 21 77 97 40 39
530 22 184 7 23 65 26 34 55 86 57 41 90 91 93 35 56 39 27 4 44 24 11 17 53 45 56 73 73 52 16 12 42 74 86 58 99 19 64 36 75 25 17 48 11 38 37
531 22 188 27 81 13 37 37 29 90 81 84 14 5 87 30 16 29 55 54 38 6 72 2 41 99 5 66 67 28 91 42 65 17 23 59 9 95 91 44 8 89 62 10 96 15 100
532 22 224 1 39 41 37 57 58 3 61 38 93 54 62 77 82 67 87 90 13 29 85 20 23 14 61 36 76 8 51 75 8 89 27 83 10 79 96 47 24 50 100 85 26 81 51
533 22 184 64 22 63 92 6 34 14 71 46 1 98 53 51 24 60 91 50 12 67 85 21 98 80 67 81 66 5 58 7 21 19 69 12 76 54 77 77 96 4 80 16 70 27 89
534 22 241 57 47 86 88 65 6 68 82 62 25 79 68 45 49 36 8 76 41 73 40 64 68 96 43 39 11 11 37 53 67 35 90 6 51 47 73 32 8 49 62 75 45 52 37
535 22 215 54 87 9 94 50 29 89 45 67 51 29 39 13 95 73 54 52 75 24 6 59 72 19 85 16 80 46 19 99 57 76 44 58 4 84 2 22 86 62 50 26 96 48 79
536 22 258 47 22 30 22 79 88 45 97 72 12 76 69 43 20 86 71 15 96 74 51 97 48 36 11 49 60 7 67 95 81 96 17 59 36 61 56 25 83 28 54 78 47 92 48
537 22 259 13 87 73 63 35 20 99 45 69 10 81 65 68 47 59 48 94 27 7 29 40 62 88 64 96 15 60 72 77 98 45 40 33 64 90 77 84 99 9 100 66 7 11 14
538 22 252 53 37 72 81 76 85 20 91 80 86 60 5 50 71 27 69 18 53 36 7 81 71 57 42 71 74 48 81 39 52 69 10 85 97 94 4 87 26 90 98 30 91 21 57
539 22 199 17 89 29 34 93 16 92 73 86 48 66 8 74 66 88 12 9 74 1 5 19 5 43 44 46 93 25 36 13 82 5 53 62 38 45 77 82 69 14 29 35 22 54 52
540 22 211 61 18 68 69 91 69 25 9 20 5 22 12 29 9 76 62 13 28 23 3 24 51 84 44 65 64 30 86 18 81 46 35 49 67 77 69 37 45 62 41 66 73 70 26
541 22 234 83 39 27 6 93 2 8 76 46 72 91 75 9 8 56 7 94 56 73 22 76 15 59 20 77 99 37 1 20 62 1 3 52 27 60 44 81 67 19 26 10 52 99 69
542 22 227 7 5 15 14 29 36 89 44 94 8 72 45 96 72 64 58 66 9 51 25 5 31 92 23 8 82 84 59 32 5 18 89 71 31 17 6 12 52 79 83 75 55 59 84
543 22 242 78 25 44 28 49 48 10 92 23 17 25 6 76 57 62 45 97 32 75 65 90 46 77 41 11 36 3 17 46 38 95 70 81 74 71 29 84 14 51 52 39 8 27 47
544 22 215 70 71 43 53 98 7 42 95 35 34 23 46 21 25 14 67 60 88 95 86 10 23 69 24 73 20 62 32 99 8 1 21 50 6 8 47 65 43 33 87 40 53 64 5
545 22 255 71 77 65 59 23 50 68 45 70 43 69 41 56 1 39 63 53 12 64 10 81 24 9 45 66 41 84 57 93 99 61 64 27 77 74 50 26 93 46 47 88 67 43 19
546 22 204 78 58 71 89 21 33 70 96 41 66 61 81 1 69 25 51 30 40 6 13 79 84 58 76 45 42 69 87 60 47 44 83 87 17 15 8 12 7 26 25 93 11 29 22
547 22 204 3 58 80 15 36 63 24 63 44 68 57 65 7 68 11 2 50 97 18 16 82 74 6 60 59 50 23 87 72 25 91 31 17 15 94 12 34 2 76 40 69 86 71 35
548 22 192 11 38 43 44 12 24 49 71 82 99 45 69 22 69 64 76 60 95 92 26 40 3 41 79 3 61 16 96 31 2 58 69 44 2 80 19 50 2 1 100 47 21 73 15
549 22 218 36 48 26 82 39 3 73 94 14 13 24 16 63 56 93 20 88 21 55 7 23 57 59 22 3 31 95 69 66 42 47 48 33 49 20 26 62 85 49 29 91 17 31 11
550 22 242 93 71 83 47 77 5 55 87 27 57 69 73 78 34 66 24 33 98 72 5 75 86 41 23 2 14 57 70 44 19 62 66 1 61 94 6 15 80 84 24 48 8 34 73
551 22 179 24 18 23 47 74 97 32 14 72 98 67 85 6 37 80 76 50 46 76 10 39 33 25 71 68 100 70 75 55 100 73 22 21 46 18 53 12 89 2 78 7 66 5 82
552 22 186 16 50 9 77 40 42 53 62 61 52 32 36 51 86 35 25 10 56 98 8 25 50 19 66 48 90 66 46 42 33 47 50 87 43 14 48 4 65 31 91 68 69 77 44
553 22 259 78 84 41 37 8 42 55 25 92 55 67 52 72 12 93 4 59 43 64 97 85 77 96 40 94 79 30 61 47 6 56 76 89 97 13 49 38 19 25 82 91 33 3 26
554 22 220 51 13 20 15 61 56 43 8 96 36 86 77 84 35 52 60 75 100 24 75 89 42 70 67 90 55 14 44 32 65 8 51 31 20 58 73 28 5 9 65 34 56 49 68
555 22 234 59 60 94 58 83 21 99 24 20 68 42 61 74 8 57 5 72 16 7 2 36 65 15 69 34 79 2 90 79 21 48 38 67 58 87 56 6 75 89 18 49 96 53 19
556 22 275 42 12 20 29 76 46 43 96 79 73 50 68 52 70 68 41 36 25 13 22 80 60 54 100 97 54 96 22 59 66 63 70 86 43 83 85 92 61 58 41 81 61 48 1
557 22 214 98 72 65 72 3 24 50 8 24 98 62 71 20 20 36 34 41 73 77 37 55 13 28 68 22 21 48 82 83 95 35 32 66 51 27 5 2 88 72 73 59 59 99 84
558 22 187 35 35 38 99 15 5 21 35 4 54 69 98 40 100 91 3 34 17 7 61 18 60 41 33 11 51 61 34 77 96 24 27 62 80 47 48 84 53 16 81 44 15 96 86
559 22 269 69 81 2 27 41 71 87 93 63 71 55 14 61 15 47 89 62 70 15 23 50 14 70 33 66 85 65 9 52 12 95 20 93 48 99 85 71 85 77 85 7 83 98 19
560 22 239 98 97 7 59 18 73 82 67 86 3 51 3 88 68 64 91 79 10 62 71 9 60 56 79 96 84 2 67 13 72 78 74 3 55 97 88 58 48 43 97 67 6 39 45
561 22 213 15 100 16 23 60 23 54 7 58 69 61 24 33 32 39 94 62 13 72 64 19 68 3 28 67 45 24 33 2 62 78 68 14 45 91 25 96 31 76 16 52 48 75 90
562 22 210 41 36 54 12 51 73 32 53 98 98 76 31 99 89 60 67 2 4 9 26 74 56 49 23 70 25 42 63 12 47 26 62 19 57 15 71 55 64 37 14 38 96 92 51
563 22 244 92 17 24 99 77 72 21 28 43 4 17 5 68 63 82 81 34 39 95 4 45 10 53 81 76 90 28 7 81 78 51 50 1 49 78 24 70 57 47 12 61 15 80 78
564 22 239 49 60 11 39 7 66 83 16 18 15 91 59 42 50 40 71 41 71 47 21 75 45 84 87 60 51 66 37 52 77 90 83 12 25 51 81 93 39 85 42 30 55 70 78
565 22 230 93 40 24 13 66 20 49 52 79 99 69 67 2 45 65 44 80 28 68 30 8 10 74 99 94 16 28 49 60 50 78 4 41 53 6 72 17 57 3 67 77 69 73 86
566 22 232 12 52 13 31 33 73 40 7 71 34 74 50 34 85 99 11 89 39 63 57 96 34 25 4 88 91 80 9 59 5 94 70 8 58 52 41 30 92 24 2 58 8 20 48
567 22 240 91 82 56 86 67 80 42 55 23 21 63 81 25 8 3 33 65 54 47 97 75 98 21 50 99 30 57 51 49 57 41 82 12 78 44 19 55 66 92 69 98 68 76 52
568 22 253 92 58 76 38 54 50 36 27 99 86 56 8 57 16 28 38 79 58 38 74 91 19 12 89 87 39 31 1 66 20 55 67 7 33 18 93 40 77 96 92 86 70 65 23
569 22 240 44 92 67 34 11 78 74 49 17 18 86 99 18 3 70 24 77 56 87 21 96 63 48 43 6 55 28 75 19 3 69 56 73 98 81 21 66 98 58 64 16 61 91 82
570 22 225 62 47 68 34 94 82 81 36 87 88 16 13 58 18 83 20 38 38 92 35 18 64 1 68 74 16 35 86 25 67 14 23 86 47 67 80 4 53 19 19 17 76 88 99
571 22 203 48 25 88 91 59 58 55 11 25 80 27 59 65 79 35 31 45 58 68 91 34 22 28 38 40 98 54 68 85 5 15 9 44 5 20 1 11 30 77 90 8 87 87 22
572 22 241 36 83 79 55 73 3 88 47 83 77 86 80 5 17 87 19 77 82 76 48 78 59 37 98 81 75 19 69 57 49 23 82 3 63 28 85 91 65 17 73 70 85 11 88
573 22 228 61 93 63 61 27 1 90 37 76 26 34 8 1 52 28 57 52 51 38 55 65 17 91 55 82 7 51 43 56 82 53 16 8 53 5 45 80 30 30 39 67 91 85 69
574 22 233 28 39 33 97 82 39 78 40 66 28 83 56 17 38 89 21 5 49 25 9 45 56 90 74 95 72 59 13 62 44 41 34 37 15 55 66 7 21 93 89 68 34 11 42
575 22 173 12 66 31 38 2 96 76 15 91 8 8 25 24 44 10 97 3 54 37 30 67 14 49 53 47 69 63 88 32 28 19 69 40 72 17 67 39 59 75 46 35 50 89 78
576 22 250 80 50 74 82 56 63 63 22 76 64 75 32 36 62 16 32 84 7 52 73 94 10 99 39 45 49 79 22 29 47 62 36 9 76 37 39 83 63 70 70 24 33 8 68
577 22 218 43 63 19 68 56 28 66 94 24 66 72 97 46 52 44 7 87 4 82 96 92 73 30 54 42 51 26 40 37 93 34 99 63 1 6 91 51 66 84 22 29 26 58 87
578 22 203 64 13 21 11 5 93 92 10 34 43 39 12 27 56 67 77 19 68 82 61 86 32 26 69 6 40 50 31 49 36 46 62 56 57 18 48 48 27 42 18 97 75 44 52
579 22 229 94 73 22 61 54 82 98 86 60 18 43 51 67 25 55 70 61 10 78 30 10 78 8 95 71 25 91 98 21 94 93 16 3 98 49 52 35 8 69 77 11 88 53 10
580 22 212 94 75 22 3 52 51 64 81 10 58 35 100 49 7 39 51 61 93 9 44 69 12 63 79 51 68 88 44 42 61 99 93 14 74 72 72 25 58 71 25 16 16 15 66
581 22 224 76 7 18 85 50 4 5 13 66 83 64 33 22 59 26 82 57 19 96 71 44 67 94 20 25 16 40 32 58 58 59 16 27 95 65 30 99 77 47 81 32 54 51 57
582 22 177 87 7 27 82 29 70 49 74 41 25 90 36 16 73 45 25 31 60 51 26 24 80 76 1 57 92 10 62 42 66 1 93 30 81 14 30 55 55 54 96 22 68 35 46
583 22 210 50 94 97 27 70 28 3 70 6 11 13 15 72 55 81 20 7 25 2 87 38 31 41 92 37 88 34 58 55 20 57 65 51 83 79 37 36 47 68 51 71 74 83 42
584 22 265 80 7 43 66 96 26 59 40 62 46 73 19 53 92 61 56 24 95 42 54 32 96 89 30 63 39 88 73 67 79 36 33 75 61 66 22 40 38 92 92 81 65 4 88
585 22 232 88 99 29 41 30 25 59 39 20 59 27 92 52 45 23 87 49 48 71 14 21 11 51 13 54 31 77 58 70 16 56 99 85 75 36 95 65 55 5 43 99 56 95 16
586 22 208 69 94 87 82 14 49 84 26 2 66 54 11 35 69 66 85 76 2 59 12 49 24 18 53 68 61 53 88 55 21 8 48 41 61 7 76 39 60 44 71 28 13 88 12
587 22 162 40 42 71 3 42 46 21 94 63 40 6 68 28 60 88 87 59 46 72 4 3 10 15 96 5 37 23 17 25 86 57 18 8 59 53 31 4 16 10 83 50 21 70 36
588 22 233 80 67 15 51 70 18 12 36 65 16 73 39 85 49 24 93 66 32 3 76 84 34 79 51 56 40 33 57 61 54 92 40 72 7 42 93 76 53 29 92 20 1 30 4
589 22 230 49 53 96 14 36 99 41 20 84 71 70 91 11 55 47 71 60 38 10 32 51 24 23 55 52 14 74 52 95 30 48 25 65 83 75 57 54 10 28 76 38 82 46 8
590 22 261 41 36 69 72 83 71 96 6 25 47 71 50 51 66 79 2 65 4 67 99 30 75 53 40 2 80 91 39 61 37 98 1 24 66 73 6 36 20 63 12 66 86 62 16
591 22 222 51 40 18 67 95 36 65 25 10 69 16 64 6 2 60 94 52 13 17 17 85 23 5 4 68 21 22 29 89 72 21 58 90 15 45 7 91 6 75 58 69 27 64 71
592 22 206 86 57 74 98 26 42 34 48 46 89 84 66 10 6 94 50 29 14 7 71 81 3 77 71 8 3 44 99 15 52 72 64 13 98 76 11 38 12 47 69 21 48 49 35
593 22 280 6 19 67 8 95 89 16 98 69 44 78 12 42 44 65 8 44 77 57 20 39 94 83 14 93 51 35 40 99 21 98 18 87 5 64 27 72 61 96 15 91 59 8 34
594 22 213 74 72 41 18 1 49 89 39 43 71 5 87 73 91 78 71 11 75 88 49 80 4 75 3 16 22 18 6 81 77 40 54 32 23 63 91 33 95 13 5 85 90 28 47
595 22 278 65 67 47 96 70 22 50 86 95 67 91 75 96 82 81 96 14 3 48 46 18 38 72 2 85 36 59 21 25 86 68 41 52 14 88 22 87 38 82 56 49 8 51 83
596 22 201 88 98 96 43 45 93 60 35 16 61 19 51 39 27 4 58 20 8 24 7 81 10 44 39 43 52 51 54 21 90 52 68 32 48 12 43 82 27 56 52 29 74 91 56
597 22 223 30 48 75 89 71 81 69 33 77 59 27 80 97 29 33 70 19 36 89 2 84 1 17 27 52 69 56 77 59 63 6 58 37 46 81 69 14 65 24 91 28 73 72 61
598 22 270 42 42 96 30 95 31 30 91 48 9 16 16 19 26 78 76 83 66 22 15 86 87 79 35 11 22 62 83 93 74 76 86 70 57 80 52 87 71 99 47 64 14 14 82
599 22 184 91 43 10 74 60 31 40 45 17 19 31 79 92 93 61 36 66 88 21 87 45 52 39 83 22 37 29 86 3 42 19 45 84 28 18 43 27 28 70 57 71 14 6 31
600 22 205 57 78 18 1 29 8 83 3 96 11 40 50 4 58 95 39 38 64 33 47 73 24 25 52 93 82 22 58 51 79 88 7 56 57 8 37 64 42 39 60 5 78 9 8
601 22 213 87 55 99 76 19 31 23 91 54 99 43 98 32 64 7 82 95 41 50 3 86 67 41 76 78 45 5 38 92 93 3 67 11 85 1 39 40 43 88 71 59 95 53 41
602 22 245 97 2 43 96 40 9 88 15 38 33 72 76 89 63 68 91 81 78 27 74 30 65 13 73 5 35 31 99 91 83 39 87 36 81 82 75 42 70 79 54 65 54 73 84
603 22 213 59 2 10 32 32 27 96 4 31 31 86 81 73 20 71 60 55 51 41 82 44 62 75 75 15 39 80 8 17 53 43 75 54 53 37 31 40 61 36 77 9 96 63 68
604 22 199 3 13 60 84 9 22 58 83 88 96 14 48 12 66 90 38 72 94 96 8 24 2 84 37 28 76 45 24 38 64 26 3 63 97 18 97 36 65 10 83 73 65 51 66
605 22 197 13 58 90 14 9 25 2 37 53 47 12 42 62 37 96 37 97 58 85 66 6 21 30 16 3 57 43 27 73 45 45 85 54 86 50 63 10 52 51 14 56 11 46 61
606 22 220 84 63 66 4 92 33 59 100 27 85 72 71 81 9 25 66 58 39 76 9 89 41 2 48 21 51 51 20 48 63 55 10 28 59 1 13 17 52 91 53 23 62 34 83
607 22 161 38 99 41 76 26 1 16 19 11 17 66 83 67 16 2 66 78 56 75 58 27 22 34 78 12 87 73 72 35 62 22 75 37 100 4 18 20 83 19 38 99 72 3 28
608 22 235 80 29 85 45 55 6 31 32 70 69 84 42 40 18 4 61 44 92 12 70 96 29 59 67 77 57 62 49 11 89 26 24 46 83 54 30 52 22 13 46 82 1 92 37
609 22 226 46 39 66 4 6 29 33 14 90 33 24 30 12 63 7 87 61 42 41 90 45 14 54 90 79 35 42 4 63 34 92 60 57 64 81 37 48 94 78 80 18 8 91 32
610 22 251 66 29 92 59 69 81 4 35 34 45 13 20 87 68 82 72 59 42 95 68 57 76 35 38 41 77 70 58 5 13 17 26 94 20 60 79 16 24 99 2 91 80 73 49
611 22 206 21 20 16 29 47 72 84 67 5 18 45 94 26 2 51 38 70 76 83 89 35 62 10 60 58 100 39 83 12 2 68 92 76 66 43 93 92 89 85 62 64 67 2 50
612 22 177 28 58 11 39 16 10 30 50 61 41 3 28 84 2 18 59 67 12 4 89 2 42 35 94 82 71 7 97 90 8 46 17 8 56 85 17 34 29 77 36 9 12 89 78
613 22 206 71 55 90 74 95 43 67 30 36 48 52 94 44 41 2 41 58 19 48 65 3 16 1 88 29 75 4 40 63 82 62 17 23 87 12 65 53 93 46 95 85 99 87 94
614 22 200 69 34 10 23 1 62 97 90 84 100 81 46 43 15 55 81 78 20 34 22 24 85 17 21 32 1 20 18 46 40 52 7 63 4 68 24 9 60 42 57 36 23 39 16
615 22 218 58 49 21 33 86 38 53 17 90 72 34 88 64 37 46 26 41 66 1 92 74 12 43 15 69 75 50 91 65 18 66 15 6 51 4 58 19 46 82 53 33 45 89 30
616 22 232 22 81 95 74 73 69 86 15 35 54 41 37 96 5 54 38 78 71 5 35 74 8 93 92 53 26 44 37 70 85 67 43 17 61 16 41 81 1 56 68 6 48 2 5
617 22 212 9 91 34 31 47 69 4 55 13 96 59 38 91 96 27 14 1 44 26 16 84 7 69 91 74 39 81 27 95 41 70 28 71 16 48 27 60 22 29 49 64 76 7 91
618 22 233 89 7 86 14 75 69 72 43 12 97 16 2 77 95 96 17 64 75 40 79 66 1 34 39 81 35 54 56 41 44 44 100 9 74 50 81 13 77 83 14 6 29 61 74
619 22 179 92 35 13 23 9 30 23 95 68 3 29 22 58 21 17 53 20 98 93 99 45 60 11 74 43 76 79 23 36 52 15 22 37 83 46 11 77 66 57 39 22 77 7 26
620 22 232 97 4 38 89 54 83 1 16 56 95 91 86 17 78 89 31 57 19 82 55 29 10 20 93 66 10 42 16 90 72 81 31 77 15 31 93 22 25 35 59 41 13 47 24
621 22 240 12 56 42 45 10 23 54 81 67 19 90 33 57 75 80 7 84 57 73 14 49 46 35 4 82 47 3 5 58 99 6 67 59 47 39 29 88 23 93 44 98 46 24 56
622 22 246 29 32 94 80 26 83 66 82 64 13 84 21 74 93 19 80 11 91 90 9 81 71 96 4 63 91 53 8 8 88 97 88 33 28 67 94 47 30 58 82 2 31 72 62
623 22 214 36 14 4 44 95 74 39 50 88 81 2 47 47 61 34 43 1 18 71 18 84 64 64 65 21 45 67 3 70 38 17 57 20 100 98 45 90 99 32 70 78 16 12 63
624 22 200 11 64 80 81 81 63 96 96 27 68 92 45 22 13 35 38 69 38 9 68 5 57 33 88 79 84 17 46 47 79 56 63 10 88 43 24 83 91 3 2 82 47 24 95
625 22 211 81 13 63 18 74 31 4 30 39 88 18 17 23 34 15 70 65 70 32 74 10 26 50 44 16 52 46 50 98 21 44 79 85 58 48 10 88 52 40 79 57 47 62 42
626 22 228 61 83 6 83 66 32 92 43 33 35 11 84 32 60 81 4 55 11 89 12 98 100 62 89 30 52 45 76 13 39 47 96 23 12 79 14 65 94 84 76 27 87 41 99
627 22 193 25 92 12 13 21 64 10 49 28 100 89 75 95 11 38 74 76 44 36 27 8 82 35 8 49 64 48 75 5 99 51 48 16 21 69 53 9 79 70 19 94 60 83 20
628 22 219 19 64 82 54 23 30 17 70 56 73 20 7 73 30 22 93 54 98 61 58 21 36 94 39 4 41 84 63 55 81 86 36 60 17 81 25 79 1 31 51 30 4 43 35
629 22 244 53 55 93 77 75 80 22 13 83 62 48 97 36 3 78 21 90 15 32 59 69 13 13 65 98 94 20 93 80 72 47 24 4 21 86 38 35 34 70 88 12 43 77 78
630 22 213 74 35 47 86 17 46 50 33 95 43 52 87 23 75 86 46 59 1 44 39 29 29 73 50 16 36 92 45 13 66 79 11 3 48 8 53 80 3 32 41 69 6 26 15
631 22 248 32 84 67 26 80 5 6 60 77 55 76 64 99 72 64 50 39 66 97 47 18 29 1 65 60 41 33 17 19 99 48 54 66 25 85 70 82 45 89 72 62 87 43 90
632 22 252 2 92 29 67 41 75 37 69 27 1 80 67 85 48 84 96 43 49 72 27 70 54 71 68 94 94 82 80 36 71 81 80 99 99 25 87 92 51 87 71 18 58 7 65
633 22 228 7 37 27 76 42 49 96 35 43 29 66 78 99 98 9 50 80 26 83 71 77 21 93 98 44 11 50 27 56 63 33 84 4 33 31 90 75 59 55 5 57 52 13 58
634 22 238 48 45 84 82 15 12 54 60 9 98 70 67 99 96 73 7 11 57 90 66 72 56 16 30 10 20 86 62 85 44 61 81 79 94 47 90 6 50 96 27 75 89 5 85
635 22 273 97 46 2 38 17 57 54 46 19 25 83 32 61 78 44 41 56 37 88 45 35 45 94 83 72 62 81 46 85 82 98 30 36 46 92 89 91 10 65 25 93 26 3 36
636 22 191 18 58 24 5 3 58 2 48 92 73 9 72 70 10 8 3 60 37 37 95 34 28 35 76 89 51 1 81 76 3 68 94 91 50 14 49 51 62 75 22 16 96 84 23
637 22 231 98 43 12 35 89 45 14 75 73 3 25 73 35 53 75 3 34 93 99 100 93 2 13 37 76 34 52 72 69 26 21 63 55 51 86 69 77 58 23 54 30 9 6 4
638 22 244 63 55 89 8 53 88 52 54 88 82 86 91 5 6 69 25 57 80 71 42 48 99 74 1 80 82 58 83 97 12 24 4 16 63 55 22 15 95 3 52 37 7 83 25
639 22 215 14 14 96 55 13 95 6 86 47 85 20 56 68 19 95 71 34 57 77 55 23 23 9 26 60 15 83 16 50 59 29 63 36 76 41 13 98 77 84 53 51 71 42 73
640 22 228 5 51 2 11 73 24 20 99 35 86 33 51 91 31 98 97 66 25 48 6 89 46 50 82 75 21 24 48 77 74 49 87 6 96 59 44 80 61 78 23 27 19 57 51
641 22 220 18 14 92 15 48 16 65 30 90 85 53 89 13 78 89 99 75 65 57 23 23 100 2 83 29 24 25 8 94 81 10 64 47 1 78 94 16 94 58 78 79 46 42 56
642 22 221 87 41 31 51 49 53 73 100 6 7 28 30 35 75 64 97 38 10 97 16 55 13 9 30 22 39 60 67 80 16 53 72 98 55 20 2 27 19 7 85 99 88 68 85
643 22 253 63 83 81 100 92 30 67 46 94 28 27 15 66 87 97 54 86 21 51 40 40 4 19 11 62 55 61 50 22 45 64 4 78 15 47 7 82 45 9 71 14 26 46 74
644 22 253 62 83 94 64 75 86 67 45 96 29 99 56 30 73 52 93 28 29 7 75 35 40 71 86 41 51 25 2 97 51 63 31 44 79 5 29 45 49 76 25 83 54 72 35
645 22 226 98 99 63 5 25 50 44 95 87 96 88 38 72 89 34 22 3 16 18 81 21 98 78 21 74 2 20 56 8 43 42 5 94 57 61 18 6 57 65 44 52 4 81 23
646 22 203 92 66 45 46 82 14 79 54 11 56 74 84 9 46 16 88 85 73 81 41 33 51 98 89 15 42 40 70 22 63 13 88 59 58 21 72 36 74 43 47 18 52 44 61
647 22 197 19 32 45 91 64 86 24 14 83 12 80 76 52 49 98 66 61 37 9 95 6 82 28 49 5 70 55 50 18 87 84 84 21 95 63 97 12 46 34 86 94 42 32 100
648 22 226 23 60 54 4 51 77 61 20 83 62 80 53 48 63 36 20 10 50 16 7 13 13 22 37 98 7 30 39 91 81 50 80 67 53 95 65 2 78 26 81 82 73 96 69
649 22 222 45 5 18 60 63 31 25 84 19 22 43 48 13 33 29 25 82 60 86 42 90 51 28 23 53 18 68 97 74 85 8 37 67 32 72 85 6 14 85 18 46 65 94 79
650 22 257 24 89 65 65 78 67 59 48 94 82 47 46 51 66 42 77 2 50 69 33 36 5 38 2 89 7 99 5 1 78 81 89 97 18 60 56 5 89 63 3 91 28 96 67
651 22 205 29 45 83 49 30 19 54 67 72 94 26 70 99 26 79 66 92 75 35 3 82 99 8 70 13 62 61 40 57 79 20 54 62 69 32 74 1 3 67 26 24 17 3 23
652 22 201 47 68 14 74 2 69 55 52 28 25 64 89 37 55 45 15 75 98 76 95 80 7 68 33 9 34 58 85 3 13 7 49 20 22 34 40 77 37 67 53 53 55 89 7
653 22 216 55 33 97 31 27 29 89 46 13 50 80 70 34 34 40 82 14 11 4 99 51 32 35 17 84 87 72 24 46 23 30 30 71 60 9 99 1 54 63 50 85 85 83 18
654 22 208 18 22 31 84 55 81 34 86 16 3 21 54 26 96 51 48 25 33 70 37 41 69 37 46 83 38 67 20 85 93 28 57 48 14 42 15 14 20 93 61 71 40 86 55
655 22 209 9 74 95 29 62 92 64 99 74 30 70 26 14 14 76 81 41 33 80 54 26 94 21 40 13 13 35 4 37 89 65 62 45 23 27 8 73 52 38 94 77 3 7 53
656 22 228 35 100 37 14 5 62 7 26 53 20 90 5 54 46 93 95 62 55 29 6 66 2 59 55 95 35 57 54 39 44 75 57 89 64 34 93 24 97 40 21 82 96 15 39
657 22 215 24 21 4 77 31 10 72 18 19 77 56 62 29 83 18 37 23 33 71 15 67 46 12 7 66 53 92 99 58 37 79 93 61 2 78 20 99 86 33 79 68 51 15 90
658 22 230 35 37 56 2 82 19 60 99 71 3 49 70 61 86 45 39 78 96 51 31 18 81 3 16 66 35 46 85 37 60 74 72 97 29 25 30 84 81 70 86 29 92 14 88
659 22 191 36 43 83 39 26 100 19 28 67 84 14 12 68 51 23 93 74 71 73 98 1 72 33 81 94 70 61 37 75 24 3 69 58 93 9 11 21 27 46 35 38 13 37 12
660 22 215 57 10 83 82 59 35 53 91 67 98 12 27 34 79 9 34 22 66 26 67 74 37 88 100 82 74 89 47 62 53 3 23 35 36 81 21 23 87 38 34 13 72 66 32
661 22 211 46 39 50 71 5 75 59 44 27 41 69 67 39 30 19 93 52 5 29 84 25 69 6 63 40 76 93 61 49 83 62 19 36 30 35 62 70 3 60 85 99 52 88 4
662 22 267 32 72 80 100 29 43 58 20 70 86 23 14 98 71 96 59 42 34 47 71 20 8 92 23 88 51 59 87 54 98 86 69 21 37 50 63 94 69 97 29 62 92 40 55
663 22 228 78 86 25 97 93 16 71 33 18 81 19 72 79 60 9 47 80 45 48 95 39 17 70 60 75 98 21 18 37 76 47 74 52 44 67 20 66 51 69 60 68 23 11 13
664 22 235 23 5 51 39 35 72 98 61 21 70 78 10 97 25 83 49 20 1 37 51 56 35 71 16 59 50 34 61 47 56 17 97 46 51 95 11 41 64 50 13 32 13 88 85
665 22 201 32 24 35 87 59 6 2 69 55 37 67 83 9 84 54 86 51 48 49 43 64 89 92 76 57 76 88 44 12 19 46 57 25 3 11 46 58 47 47 76 81 8 13 97
666 22 205 67 61 45 9 76 85 53 51 41 80 90 84 91 60 50 88 16 27 26 72 24 70 75 57 29 34 20 42 30 86 54 26 47 29 10 99 31 50 72 33 34 7 46 12
667 22 186 97 24 35 96 99 57 71 55 85 56 27 26 37 12 31 62 10 59 8 41 72 37 12 4 42 89 67 40 1 15 15 35 11 13 91 33 20 76 40 46 53 28 9 84
668 22 234 89 19 94 11 78 35 82 67 46 37 74 40 25 92 79 25 7 93 12 69 57 2 53 76 29 92 73 82 71 82 17 59 52 10 21 29 44 54 47 42 42 21 81 66
669 22 206 64 59 43 70 3 6 38 59 7 42 87 36 33 59 69 3 92 85 13 43 94 85 24 90 90 70 31 31 42 11 49 6 21 43 27 23 48 17 6 58 71 41 82 61
670 22 238 97 73 45 62 68 91 98 43 80 88 12 10 18 6 72 66 63 92 60 89 66 7 57 50 13 67 21 5 9 2 26 62 93 52 16 87 31 55 99 92 56 63 90 18
671 22 187 6 49 58 23 8 15 73 20 33 45 76 41 98 93 49 75 7 67 20 58 34 6 41 88 56 84 11 11 47 100 80 4 1 38 27 8 4 51 79 36 28 96 99 76
672 22 234 70 57 94 89 14 79 95 6 66 50 90 29 61 88 28 40 43 80 29 69 87 84 71 17 19 69 23 98 64 73 74 34 98 68 52 15 41 43 30 80 21 22 2 2
673 22 196 43 41 85 13 9 56 34 31 53 97 55 78 82 35 97 56 29 94 23 80 8 92 72 51 73 51 25 46 26 99 14 18 83 79 27 90 12 9 60 16 20 42 50 16
674 22 213 49 30 9 71 61 69 15 32 71 39 34 95 36 58 72 34 23 90 69 1 68 58 64 28 76 43 93 87 17 74 48 39 35 68 53 66 38 44 52 84 31 9 55 65
675 22 207 31 96 85 84 63 42 99 91 94 74 65 42 77 3 58 51 2 49 37 69 1 54 96 5 41 27 13 96 43 96 27 79 6 68 48 61 3 32 61 32 54 63 33 2
676 22 265 51 54 54 4 63 2 9 4 80 73 22 68 93 48 98 50 67 27 49 80 29 33 56 24 45 39 59 24 82 9 77 88 12 39 89 72 94 68 96 41 64 41 40 62
677 22 231 90 6 88 91 85 16 23 93 91 19 31 20 77 54 1 85 82 88 96 73 28 68 18 47 64 14 39 27 54 78 95 84 27 85 20 94 59 12 29 95 4 5 56 89
678 22 247 34 96 37 6 75 4 74 19 88 12 45 93 90 85 73 11 24 92 57 35 56 41 63 2 96 68 53 3 8 86 98 44 43 25 99 18 17 57 9 62 50 98 46 89
679 22 228 22 8 12 66 64 98 21 56 61 74 3 80 78 6 87 16 55 83 10 79 81 27 76 98 36 85 59 85 34 56 73 56 15 36 31 34 93 86 46 18 89 25 95 46
680 22 244 63 10 45 20 79 26 98 6 75 33 42 85 69 76 40 93 83 6 29 3 36 14 47 74 59 64 14 35 10 11 97 72 94 43 71 92 46 45 25 87 81 45 20 38
681 22 234 96 77 18 98 65 31 90 89 11 55 23 21 71 44 74 16 86 66 38 77 34 53 97 14 98 11 85 87 58 62 4 56 78 34 3 67 14 21 48 34 70 29 10 38
682 22 217 14 75 75 90 37 9 95 86 22 44 48 7 30 5 20 85 12 97 70 15 63 43 28 35 42 13 71 11 41 32 54 59 23 95 83 41 80 4 84 27 62 13 33 97
683 22 223 95 29 18 9 43 60 36 77 53 100 99 64 40 31 63 45 89 37 92 35 71 32 15 27 16 93 88 80 76 21 29 23 1 46 31 44 58 19 72 10 23 25 10 53
684 22 220 40 6 93 76 49 79 99 81 45 25 48 38 12 79 65 84 7 87 37 53 70 32 62 88 3 71 57 77 18 81 87 76 73 14 24 52 56 96 36 55 85 100 34 2
685 22 230 35 92 40 71 96 9 2 57 48 57 80 57 33 27 26 14 13 1 38 78 77 41 90 84 89 77 91 25 76 24 63 67 18 33 87 19 43 98 34 27 59 92 12 82
686 22 208 18 40 22 59 23 62 35 13 87 63 88 64 25 55 81 57 69 7 95 87 84 89 37 17 16 64 27 59 4 38 40 21 77 62 79 100 65 64 61 27 3 10 5 12
687 22 210 78 63 6 16 46 95 4 14 10 68 41 20 71 78 60 91 55 21 21 6 95 85 56 64 24 80 66 85 36 77 62 99 35 30 44 29 33 10 90 100 50 9 70 27
688 22 246 68 12 33 40 84 90 87 21 63 94 86 25 1 23 60 30 58 64 13 54 92 46 97 64 41 67 90 61 30 75 14 16 78 31 69 16 55 21 38 15 50 73 24 65
689 22 269 86 77 8 83 91 40 31 54 81 49 96 41 79 22 92 44 37 30 29 15 60 49 82 15 21 19 71 91 4 87 28 33 95 62 23 34 93 29 66 41 76 6 97 98
690 22 254 14 33 27 94 99 86 42 32 52 63 50 32 85 93 88 23 72 20 17 86 94 51 30 22 16 70 97 74 93 45 23 58 49 52 80 86 45 12 90 59 13 21 95 57
691 22 220 8 18 29 79 34 14 73 36 43 46 4 64 95 77 39 99 66 20 99 17 36 13 11 77 72 23 98 66 80 57 83 60 88 17 25 60 19 57 7 34 51 35 42 42
692 22 233 85 7 61 35 75 60 23 87 22 99 58 45 48 76 76 5 87 92 26 11 3 30 29 59 88 62 62 75 55 3 59 61 15 46 35 75 68 74 96 66 31 92 66 6
693 22 209 67 22 16 53 13 41 15 67 22 95 77 62 57 38 36 63 92 46 24 7 91 10 81 10 83 28 28 66 20 93 23 38 14 38 43 78 31 57 96 4 52 72 65 60
694 22 179 10 52 22 1 98 97 59 40 7 39 2 41 19 29 6 38 73 81 75 38 18 69 15 100 26 62 4 29 33 68 88 94 72 61 47 69 58 5 60 16 96 61 8 14
695 22 216 41 66 51 13 46 77 2 15 98 16 15 23 29 70 62 89 90 7 60 2 53 28 59 58 40 26 5 100 34 18 99 20 96 48 7 10 45 74 76 67 3 45 69 16
696 22 200 34 10 22 93 12 75 73 22 84 12 88 63 85 57 3 83 76 60 78 23 66 39 68 39 15 86 93 11 7 8 44 68 30 89 31 56 13 53 39 24 4 78 38 88
697 22 204 34 41 22 61 51 83 17 89 2 55 55 40 66 46 7 61 65 88 1 96 43 13 33 88 3 10 26 42 95 18 63 55 90 85 53 43 39 60 82 38 77 79 97 89
698 22 208 44 84 90 39 27 54 38 59 42 92 21 19 33 15 36 47 22 4 11 11 88 15 5 78 26 87 68 2 65 64 91 60 99 32 50 77 85 39 78 30 8 96 14 74
699 22 253 83 60 95 86 22 57 25 37 62 3 16 16 37 58 76 35 89 25 12 73 64 99 51 45 58 98 59 31 81 70 78 18 92 86 43 80 47 97 93 98 70 8 14 6
700 22 268 65 41 92 5 55 30 80 5 25 62 29 35 45 9 56 22 79 99 59 21 78 58 69 23 38 82 68 43 99 60 86 3 77 41 32 56 63 32 18 3 52 74 76 30
701 22 238 72 34 2 2 91 70 24 46 59 5 65 1 3 25 39 6 1 79 89 8 23 52 92 33 95 9 35 98 82 10 80 6 96 33 7 86 55 30 83 13 34 48 66 89
702 22 280 24 4 46 76 82 34 35 56 37 26 89 83 75 81 68 85 12 73 80 44 79 17 98 8 63 94 99 28 74 31 27 49 64 12 83 19 49 9 59 31 95 34 62 70
703 22 202 74 35 1 70 13 17 67 73 16 29 66 66 8 47 39 38 25 39 36 74 72 84 34 30 28 15 29 41 84 55 75 84 24 40 42 12 68 23 86 30 76 20 51 15
704 22 242 72 86 40 95 22 73 77 88 52 91 68 92 75 74 19 58 49 10 10 91 21 30 65 49 15 46 90 17 56 89 62 95 83 35 11 74 70 2 94 14 76 67 84 85
705 22 251 16 93 47 58 65 76 22 65 90 19 39 31 36 67 87 24 80 81 58 15 52 21 88 21 33 86 49 100 69 85 67 13 31 24 77 58 97 41 99 15 30 50 25 77
706 22 254 48 35 43 99 55 82 72 28 15 9 76 66 78 60 32 90 7 19 3 59 99 69 42 28 71 38 95 95 66 94 81 8 45 35 90 68 62 4 89 21 53 1 52 95
707 22 232 43 58 13 42 12 23 92 80 64 71 50 54 65 97 19 11 77 27 7 64 68 74 23 49 18 43 54 18 94 48 60 3 53 66 86 45 97 2 15 99 55 32 95 73
708 22 237 42 23 51 48 38 70 73 67 92 21 84 34 74 1 79 73 60 33 36 12 98 22 8 47 75 23 45 29 54 91 53 47 65 56 46 55 25 18 21 17 4 2 64 56
709 22 211 81 36 67 13 24 78 63 45 86 61 19 60 5 99 13 47 51 11 58 56 17 83 73 37 62 92 52 25 47 32 97 36 43 11 32 80 71 2 39 27 3 25 54 13
710 22 220 87 12 20 56 46 92 44 96 5 36 47 82 34 31 99 27 81 93 89 64 72 11 17 62 37 68 16 13 73 80 51 84 6 29 90 50 24 46 85 23 27 70 53 72
711 22 236 68 79 4 12 19 19 83 29 35 96 65 54 63 29 27 42 79 62 40 85 91 29 34 66 70 88 53 91 77 11 80 22 88 99 57 16 85 52 32 91 15 60 17 56
712 22 240 91 30 96 75 20 76 60 38 2 81 77 7 71 69 83 33 38 14 55 78 64 11 45 1 14 77 28 88 59 36 78 88 4 60 10 63 49 64 95 25 70 18 93 4
713 22 224 50 83 69 56 12 33 66 56 85 80 32 75 59 72 46 49 72 28 53 83 90 67 31 53 14 56 74 31 29 32 34 97 88 45 81 5 1 65 36 84 91 95 7 75
714 22 258 92 56 99 72 60 81 61 78 12 65 91 19 38 73 70 66 57 4 62 44 95 100 52 59 36 36 50 30 42 76 73 49 74 44 55 4 66 68 80 36 5 5 22 61
715 22 276 60 36 56 60 30 55 11 40 90 98 89 71 92 65 44 92 87 52 43 41 61 62 72 96 71 76 53 92 88 12 79 95 50 34 91 31 40 62 74 56 57 66 46 95
716 22 202 69 89 37 9 2 51 32 49 21 60 1 64 47 65 95 42 35 54 43 20 53 33 51 93 46 76 48 2 41 45 97 9 86 85 87 35 7 60 40 71 58 4 17 51
717 22 251 90 70 93 10 75 78 12 67 23 87 66 25 80 11 73 88 48 57 57 34 92 9 72 50 20 11 77 14 88 28 4 58 65 32 49 76 50 72 14 67 33 76 76 41
718 22 203 9 19 49 33 69 68 43 40 96 9 80 23 64 37 47 28 20 95 55 69 18 68 35 65 13 64 84 45 39 12 85 100 30 33 32 50 52 74 42 47 34 21 22 97
719 22 244 57 68 24 28 14 30 96 32 50 82 62 45 80 58 84 91 42 35 72 26 66 22 29 91 63 27 25 83 48 73 91 67 49 18 81 78 65 12 79 46 7 40 38 49
720 22 201 26 80 90 60 52 67 77 25 95 19 87 74 43 21 21 68 11 88 16 80 20 93 44 31 72 89 37 63 31 27 12 56 6 53 67 9 33 18 14 19 91 8 64 75
721 22 218 53 3 90 32 22 35 27 52 58 16 40 20 98 66 83 54 24 88 72 32 11 67 65 28 80 35 71 87 78 34 62 30 36 51 14 57 37 40 60 94 7 99 5 17
722 22 212 48 10 40 87 81 23 97 99 39 77 78 26 47 17 3 32 32 67 80 45 75 17 37 34 10 43 84 75 8 39 61 89 62 10 52 86 17 77 33 79 15 62 63 81
723 22 234 41 59 7 9 95 40 71 90 23 97 88 75 96 13 84 36 26 93 74 78 78 90 54 61 85 75 35 47 28 5 65 88 52 4 58 41 29 75 17 12 10 94 56 84
724 22 219 71 85 25 77 45 51 61 71 37 59 29 64 63 93 4 66 48 13 58 78 19 86 81 48 12 97 11 22 91 67 57 13 51 81 89 48 31 1 70 68 59 99 83 74
725 22 200 43 86 39 43 99 97 20 69 34 100 16 45 49 27 18 91 45 74 3 95 7 44 42 37 44 12 56 3 62 91 76 56 28 66 98 78 14 69 47 99 69 14 92 13
726 22 228 59 36 87 13 31 93 56 24 81 100 89 54 58 46 5 36 12 74 34 10 94 47 62 39 18 72 26 56 84 56 48 40 32 80 91 70 20 44 70 50 76 77 8 73
727 22 221 81 95 84 6 28 94 99 74 50 12 64 67 83 90 22 67 97 21 58 80 1 48 20 43 71 22 18 47 29 42 79 23 26 85 2 71 27 20 95 43 39 29 32 60
728 22 189 95 80 33 4 12 85 51 61 56 45 83 77 14 29 5 56 7 79 43 80 3 26 59 22 72 1 60 100 84 72 47 15 4 50 26 40 53 38 49 20 15 48 76 70
729 22 141 7 7 2 49 38 56 26 96 29 97 96 41 49 31 12 47 46 67 48 71 6 52 9 100 1 28 71 15 28 99 36 34 57 89 34 94 44 60 42 72 8 89 20 75
730 22 244 54 65 93 2 87 98 53 95 50 5 75 72 71 2 22 6 78 94 72 72 37 31 13 61 91 1 24 98 99 52 36 91 5 23 41 9 69 42 14 43 96 87 42 34
731 22 244 64 87 6 35 24 88 99 36 78 52 59 28 23 57 31 11 35 85 92 95 53 33 60 48 97 96 95 83 37 29 47 23 86 33 98 73 84 33 3 87 44 30 9 52
732 22 225 60 71 3 46 55 94 40 60 78 100 7 75 95 53 9 83 33 7 57 18 43 75 39 97 61 34 26 21 86 37 92 88 82 46 73 5 11 72 63 85 18 16 94 100
733 22 216 57 70 91 63 12 17 53 60 77 87 37 98 24 73 89 11 6 86 44 78 55 50 19 20 84 19 20 36 27 89 78 41 52 95 45 63 23 31 99 20 71 60 17 76
734 22 264 46 12 53 88 66 54 92 57 73 12 43 83 79 21 23 9 61 26 3 5 88 77 86 97 93 56 8 61 83 53 87 92 90 41 84 98 65 95 42 7 29 20 27 51
735 22 163 28 39 82 95 15 59 34 52 7 79 59 14 39 41 19 63 27 62 53 19 45 2 83 91 43 89 63 67 21 42 5 48 76 100 14 86 33 65 44 11 23 9 2 15
736 22 208 79 64 94 41 68 12 85 70 95 76 12 35 26 2 15 20 58 14 47 57 28 32 42 44 75 4 19 83 5 33 62 21 2 40 90 38 9 84 13 73 70 59 50 23
737 22 214 25 21 81 38 67 37 17 50 30 13 76 34 31 11 90 63 24 10 41 77 50 30 14 10 65 27 34 34 85 84 57 9 56 37 98 75 7 79 40 9 62 29 23 85
738 22 207 39 63 61 40 92 74 49 56 52 83 42 88 18 50 96 25 38 46 99 62 12 23 20 90 74 59 98 35 40 20 19 30 35 31 69 26 4 69 34 56 3 27 43 72
739 22 284 76 91 97 13 88 95 26 99 69 46 94 56 37 28 95 8 98 24 28 44 72 84 13 5 91 67 83 85 39 58 75 35 22 62 81 99 12 50 96 51 43 52 87 23
740 22 218 98 47 20 74 40 100 69 11 83 81 67 25 1 9 38 10 84 72 97 52 82 9 53 29 11 96 32 50 18 30 96 89 55 87 23 50 22 56 68 46 7 92 30 90
741 22 220 15 13 38 18 94 98 71 22 9 18 54 58 35 35 5 75 41 43 63 44 88 70 12 86 24 32 92 67 61 33 33 25 70 51 18 20 21 92 80 90 97 89 83 45
742 22 286 50 23 87 64 37 31 52 7 94 89 82 77 80 49 89 12 81 14 33 83 83 4 55 74 44 22 71 19 56 15 69 78 54 84 15 36 73 81 75 54 57 54 97 17
743 22 241 87 10 50 69 93 5 76 18 88 19 92 10 38 47 77 58 30 41 43 17 28 15 97 2 68 5 8 74 1 24 60 63 25 80 55 30 24 69 74 67 78 63 14 6
744 22 267 20 90 87 60 32 3 98 51 41 17 55 48 90 8 71 1 70 48 81 76 77 35 99 97 60 66 74 74 31 80 93 72 66 5 21 43 52 71 83 68 26 82 10 85
745 22 173 5 10 54 52 42 29 80 29 27 76 88 44 1 14 26 32 58 97 50 62 51 70 57 2 92 39 22 69 73 31 53 77 6 80 34 86 11 62 13 86 8 38 14 34
746 22 205 22 72 30 71 85 33 92 41 34 35 32 55 4 4 37 8 80 29 66 11 62 51 21 23 15 58 23 23 95 89 8 68 60 89 90 44 81 85 55 68 16 61 19 50
747 22 189 30 50 78 95 12 91 46 32 65 12 89 39 34 35 27 93 3 86 82 92 2 25 66 8 92 33 21 14 70 95 4 99 42 15 39 46 5 50 43 84 68 70 28 22
748 22 161 7 9 14 88 63 38 5 70 29 37 90 94 39 11 88 94 61 81 8 1 19 5 69 90 48 4 10 17 31 31 75 40 44 63 2 81 67 23 4 65 6 94 27 46
749 22 212 40 88 26 47 88 45 52 93 13 41 68 50 8 98 33 82 89 76 44 42 9 63 65 69 18 81 27 11 7 72 50 94 97 49 82 41 74 5 72 46 24 22 78 57
750 22 205 10 53 53 52 13 15 68 82 32 100 8 94 6 31 96 52 27 44 33 20 95 58 24 90 74 48 35 49 69 12 5 30 17 57 81 29 71 100 62 54 99 21 48 57
751 22 194 51 95 8 78 38 92 97 84 1 72 73 74 71 60 22 91 26 21 39 35 53 68 57 53 29 11 3 50 10 11 52 4 18 29 93 9 77 76 61 1 34 71 59 7
752 22 253 62 82 85 34 20 19 86 39 27 38 68 37 93 69 98 3 53 21 1 45 81 29 72 94 29 72 52 82 65 15 70 98 35 40 83 73 66 73 92 55 12 52 19 84
753 22 243 5 91 84 1 24 64 73 17 93 96 95 96 77 80 12 92 1 61 78 40 43 2 58 67 94 12 83 5 15 2 40 71 92 75 72 15 39 44 31 83 67 57 41 10
754 22 229 58 1 87 49 43 89 6 62 34 69 44 90 36 45 30 6 89 4 77 55 42 72 86 24 62 15 53 81 71 93 90 80 45 29 29 40 69 86 1 54 55 44 41 24
755 22 263 47 29 28 24 83 21 20 97 61 34 1 41 57 46 82 36 90 62 64 29 30 2 81 35 56 25 78 97 17 53 43 45 80 18 79 53 51 1 77 36 92 98 98 80
756 22 232 88 60 95 68 41 96 49 76 3 25 5 99 57 94 37 89 63 67 93 79 17 93 55 5 45 23 48 43 73 27 82 84 22 1 76 69 72 25 7 22 65 16 67 53
757 22 205 4 30 20 48 60 88 40 15 92 36 89 92 30 61 18 11 96 91 64 72 12 74 83 37 81 56 53 48 23 6 3 52 25 50 11 12 41 77 56 76 47 6 78 16
758 22 215 68 74 7 31 97 18 95 70 52 83 2 7 35 49 29 92 51 32 16 52 80 92 23 87 40 85 25 70 92 95 58 75 91 27 69 60 78 51 14 37 37 62 17 29
759 22 223 65 49 96 16 95 27 60 69 13 79 9 49 3 78 49 46 24 6 72 14 85 40 25 62 42 38 98 79 52 15 59 68 15 54 83 61 81 94 29 45 37 94 26 66
760 22 258 94 24 89 51 95 54 35 35 79 49 28 16 46 6 19 12 64 86 78 70 21 38 2 14 67 46 38 55 91 63 73 84 86 13 33 19 97 69 52 83 68 8 36 40
761 22 232 45 37 54 63 35 91 70 25 5 94 61 43 58 95 75 76 67 41 24 36 86 88 2 89 22 31 56 41 38 43 81 35 80 86 49 14 76 70 90 32 15 50 74 73
762 22 243 96 48 63 40 24 98 78 63 51 66 36 33 73 76 23 16 56 9 95 93 57 60 68 79 49 100 93 99 25 17 46 73 17 8 12 92 89 54 59 7 92 79 16 14
763 22 224 46 24 22 40 16 30 51 84 8 100 35 53 50 59 69 95 83 85 55 47 76 11 81 22 93 69 13 24 85 26 99 61 23 28 11 58 88 62 44 40 63 55 10 37
764 22 206 45 64 83 72 26 70 53 99 14 73 11 37 9 88 6 68 86 18 43 14 28 52 42 96 92 4 2 51 65 90 95 80 73 67 58 94 71 56 59 43 67 96 4 54
765 22 201 53 71 92 70 13 57 49 65 9 42 12 100 98 13 50 62 2 97 94 26 63 51 71 85 58 30 27 24 77 82 30 81 21 2 17 77 81 37 44 44 36 41 8 37
766 22 200 54 10 33 47 87 47 49 10 31 7 91 10 30 67 11 99 43 83 60 11 1 92 47 44 88 34 36 95 71 90 56 3 50 37 4 32 94 41 24 12 32 35 10 26
767 22 239 69 61 85 80 61 29 78 57 16 12 44 10 34 33 66 88 21 60 89 9 15 21 51 8 74 71 60 32 70 29 92 6 4 34 1 52 63 37 88 80 25 60 91 13
768 22 250 68 5 85 70 64 46 44 34 89 55 65 58 35 56 16 46 59 49 71 2 38 26 75 65 43 99 77 33 63 96 37 48 66 52 45 61 15 49 95 2 56 10 47 66
769 22 248 10 33 88 11 71 13 74 97 30 68 47 6 52 9 1 88 8 66 91 52 78 75 89 93 75 83 94 82 92 92 48 1 25 87 64 47 37 43 81 57 38 8 49 38
770 22 227 48 9 56 38 12 33 13 100 77 39 82 22 21 25 14 20 26 90 6 41 88 9 29 82 89 85 70 26 93 70 16 92 78 71 90 55 41 32 84 23 5 4 99 18
771 22 237 75 24 59 32 16 46 41 45 27 81 29 48 73 70 74 64 99 96 93 40 50 37 81 33 20 55 38 75 53 7 49 29 66 33 44 63 25 88 42 5 69 41 63 41
772 22 214 62 88 5 61 83 49 33 37 32 17 57 86 54 83 91 61 84 19 78 16 14 92 40 54 85 96 22 78 11 62 39 98 18 99 51 17 55 82 63 20 87 45 10 99
773 22 228 28 80 95 93 71 86 98 56 82 19 85 44 33 23 93 50 22 25 20 72 41 26 5 26 88 76 64 84 37 62 12 16 6 61 63 92 58 70 25 29 54 68 61 77
774 22 215 12 62 98 37 81 21 29 6 77 54 45 53 17 29 89 30 92 57 22 49 69 85 78 54 16 6 8 35 66 36 99 28 33 35 60 5 15 18 14 37 37 94 19 85
775 22 272 34 92 86 54 76 77 31 82 45 37 41 79 54 76 77 33 60 63 93 16 78 62 48 98 75 85 69 62 56 5 47 48 90 100 67 30 11 18 72 23 70 4 84 48
776 22 213 49 61 9 49 10 36 85 48 56 98 3 60 96 50 2 95 25 68 76 32 30 94 80 22 17 54 91 20 40 75 20 88 87 80 88 49 15 24 70 21 50 82 68 100
777 22 195 83 14 76 50 90 7 31 35 38 52 3 44 95 74 21 93 22 7 73 10 7 87 85 54 9 6 4 90 25 55 72 39 30 73 28 88 55 14 26 6 16 69 89 51
778 22 214 20 34 24 79 6 33 37 44 18 91 52 75 94 93 99 48 16 37 29 40 81 93 96 13 51 37 15 23 70 39 53 27 71 89 40 31 74 66 76 18 17 23 34 5
779 22 216 3 73 73 19 67 53 63 18 1 76 20 37 90 94 58 28 98 84 51 39 5 90 69 78 8 97 96 24 71 81 28 74 53 100 44 71 6 40 81 12 41 71 57 50
780 22 208 98 55 33 100 45 37 42 65 67 49 61 62 72 32 51 5 46 3 48 69 7 53 60 11 34 71 3 56 80 52 5 86 84 5 30 72 94 38 17 38 44 19 21 93
781 22 265 10 27 97 69 89 82 92 91 37 71 94 42 56 77 98 37 1 43 82 38 88 88 41 56 77 84 74 70 47 14 86 25 11 7 14 92 50 56 81 20 22 27 78 71
782 22 214 63 78 13 44 68 52 32 60 7 60 95 32 82 72 78 95 9 3 5 15 49 64 75 29 35 24 2 61 54 72 83 36 19 50 87 2 61 45 56 28 94 27 6 89
783 22 257 87 60 93 2 79 93 17 53 21 4 29 22 64 82 39 64 80 9 66 66 62 26 74 81 90 68 59 47 56 46 6 100 99 36 67 88 13 70 68 87 86 49 31 76
784 22 236 13 11 84 30 28 97 55 90 70 88 31 37 98 77 44 95 34 44 45 69 88 12 8 52 33 76 38 70 76 21 40 31 80 69 58 76 99 98 15 29 86 64 57 30
785 22 221 59 90 25 55 10 64 18 70 15 3 97 5 72 72 17 64 7 96 84 64 24 59 73 25 43 58 89 52 87 99 93 63 53 55 26 23 41 25 96 95 21 12 58 27
786 22 214 60 42 42 35 52 56 7 77 51 64 17 54 3 15 46 65 19 100 91 41 75 83 79 13 41 51 76 50 29 87 22 21 95 30 71 32 43 39 85 97 5 30 61 23
787 22 212 82 3 16 56 37 32 2 67 44 42 17 72 91 97 58 34 19 79 28 100 57 50 31 51 40 67 47 44 96 60 66 77 14 33 85 51 65 86 69 60 79 86 21 34
788 22 235 89 6 4 19 85 3 27 34 78 25 51 76 68 47 87 34 75 1 18 59 3 82 96 71 94 74 8 76 47 94 64 52 97 34 37 52 61 22 36 90 17 14 33 4
789 22 253 99 59 56 17 70 10 50 65 32 95 91 92 71 37 85 86 88 33 20 24 84 32 46 20 21 44 6 37 57 90 92 8 47 24 69 8 25 86 40 20 28 31 90 64
790 22 222 67 75 3 99 46 79 35 77 76 54 49 19 59 38 75 100 29 82 99 28 57 20 82 5 26 1 32 8 42 47 68 49 25 14 27 59 2 64 91 72 74 80 47 73
791 22 212 8 80 71 87 89 42 74 22 46 99 29 59 15 75 84 82 76 60 47 2 70 89 56 33 31 27 6 10 25 30 69 57 1 56 97 42 18 40 79 91 68 89 5 95
792 22 252 73 38 70 84 85 23 54 73 30 86 3 9 44 12 80 41 25 87 37 19 67 6 58 98 96 77 86 100 23 10 90 44 94 74 47 46 48 84 56 27 63 41 33 24
793 22 272 81 22 94 47 27 51 44 23 80 82 74 2 91 63 46 84 88 64 30 33 11 14 84 19 92 46 59 91 40 43 67 20 64 60 18 43 63 14 65 94 95 90 47 37
794 22 224 5 92 21 92 7 2 77 70 67 60 88 11 58 46 1 97 19 68 4 31 85 46 45 50 62 38 96 3 84 33 28 5 51 34 27 3 25 38 90 35 95 87 87 91
795 22 235 27 58 10 82 40 47 84 96 21 92 42 56 76 1 83 80 51 69 37 29 71 13 66 13 99 61 38 3 29 47 13 10 86 11 88 69 6 79 41 49 96 76 73 79
796 22 245 7 23 47 44 51 69 8 16 81 59 28 84 96 83 12 42 95 74 79 5 61 47 62 40 87 63 82 90 84 60 97 58 58 92 27 99 75 59 9 55 42 56 37 6
797 22 222 49 83 79 27 39 91 73 52 82 59 14 93 93 4 28 4 85 62 43 44 40 41 71 50 2 25 44 57 13 49 6 95 32 33 69 57 84 51 67 50 95 59 5 23
798 22 214 63 56 7 76 98 51 67 90 73 16 91 97 59 48 9 7 5 55 37 36 87 6 92 22 8 59 71 2 69 27 24 83 82 83 10 79 85 76 21 57 11 5 2 10
799 22 217 13 61 14 67 97 50 5 2 93 78 61 3 49 15 72 27 38 6 9 72 16 39 56 91 59 64 34 22 68 36 31 32 96 45 50 92 46 54 90 32 58 93 32 72
800 22 183 16 10 62 21 18 33 88 9 41 79 19 4 64 40 24 51 71 55 46 15 5 90 12 10 87 1 93 96 45 76 68 12 86 29 33 55 13 72 15 5 2 34 9 66
801 22 235 73 84 16 43 90 14 9 46 55 72 56 93 88 69 28 7 81 65 87 65 71 100 36 86 4 38 19 64 43 47 70 38 89 35 46 34 41 70 33 94 62 20 79 42
802 22 228 84 18 58 54 17 94 91 72 83 9 88 37 52 86 41 74 93 86 8 33 7 48 18 100 90 62 20 55 42 37 65 48 5 10 38 77 92 47 16 28 50 1 85 90
803 22 278 75 29 27 82 62 34 29 31 85 69 72 46 91 53 69 80 17 16 84 26 53 12 51 27 96 52 80 32 93 54 61 20 35 74 5 15 56 89 83 27 87 62 82 48
804 22 195 59 97 84 36 1 47 4 4 26 51 55 5 34 48 58 46 19 44 75 10 74 63 45 52 6 21 91 87 68 1 35 3 36 35 2 91 90 27 41 45 31 75 44 40
805 22 237 20 14 35 91 88 44 16 50 68 3 93 88 31 7 94 65 62 81 63 72 41 89 12 85 71 38 80 10 10 93 96 52 39 67 82 27 86 84 25 28 2 84 73 66
806 22 205 45 6 17 59 77 58 47 40 94 69 30 74 39 18 25 42 50 63 60 31 41 46 66 12 22 45 65 5 70 30 1 75 99 59 3 56 57 42 71 26 6 61 44 82
807 22 227 2 45 97 62 27 37 59 92 80 88 16 37 57 46 89 83 96 100 85 3 8 79 3 85 49 81 42 62 24 24 63 20 72 76 46 60 34 89 60 66 76 75 54 85
808 22 206 72 42 19 19 93 4 21 1 82 24 37 82 4 78 43 79 53 58 50 24 33 95 84 19 83 95 36 10 89 94 45 82 13 63 75 68 49 59 11 82 14 40 25 44
809 22 197 45 34 93 68 18 87 3 88 21 49 23 30 22 63 24 66 88 80 71 55 15 97 55 25 59 36 90 98 12 85 94 45 77 62 63 15 16 50 35 17 25 17 38 87
810 22 233 92 55 83 79 86 5 85 53 1 91 77 11 26 19 9 90 3 54 34 32 15 48 46 83 98 33 99 74 88 60 94 95 22 79 58 31 52 48 60 62 25 78 14 32
811 22 209 76 100 63 42 47 61 96 45 74 69 45 13 81 36 6 75 9 85 25 66 67 28 13 26 90 89 55 63 3 87 2 1 32 100 61 7 5 33 64 49 97 96 36 3
812 22 252 70 44 39 47 61 5 74 25 83 15 14 89 30 68 75 19 69 76 2 20 88 61 15 93 45 31 93 41 26 81 95 48 76 33 94 37 90 19 24 86 12 15 85 13
813 22 225 14 87 33 53 99 47 45 43 29 90 83 55 70 78 2 45 62 47 81 3 65 94 26 2 19 38 68 12 76 53 41 91 8 93 89 7 90 83 35 79 48 94 42 44
814 22 185 8 88 25 10 5 70 36 6 88 25 26 51 52 30 27 92 20 86 60 92 42 27 55 58 67 54 4 9 98 11 48 74 43 7 10 82 31 35 85 82 64 63 35 48
815 22 208 61 46 92 85 87 70 96 88 45 99 42 9 15 81 47 9 8 91 70 42 27 3 57 89 28 43 36 88 88 79 24 26 48 15 22 36 12 72 83 53 33 78 20 13
816 22 249 77 28 51 84 18 20 78 96 23 86 84 2 29 72 89 68 50 64 94 50 31 67 37 42 38 19 46 70 49 65 82 25 93 85 60 62 4 37 58 78 75 41 79 3
817 22 235 64 19 70 14 35 15 15 65 81 51 58 19 21 3 40 69 68 74 45 12 5 73 61 93 82 39 67 75 69 69 38 88 91 3 22 5 17 38 86 19 95 56 49 95
818 22 252 8 68 20 53 79 77 57 4 38 1 37 28 68 11 48 36 1 35 78 3 83 72 45 20 90 91 27 81 92 73 89 59 93 93 69 1 58 1 81 37 44 85 56 44
819 22 230 71 33 98 79 67 21 75 86 63 18 64 43 61 37 83 19 29 75 60 49 27 4 7 28 37 95 47 32 79 54 2 87 24 32 53 45 58 91 59 75 54 1 35 42
820 22 182 84 6 70 10 17 71 37 73 29 16 9 23 14 92 54 68 18 55 93 38 58 89 95 100 47 22 6 48 8 47 31 65 69 40 82 91 28 54 19 43 41 57 5 46
821 22 226 76 22 81 14 37 90 3 32 90 1 5 47 48 12 45 30 77 13 22 58 55 49 63 73 44 76 66 52 32 11 27 53 11 7 18 99 96 72 82 37 73 86 83 72
822 22 231 98 80 2 26 44 23 83 99 23 45 71 66 72 36 69 3 47 95 7 9 53 76 59 1 41 37 26 72 95 75 51 96 94 70 34 44 93 30 15 10 1 2 79 55
823 22 216 73 61 8 78 37 67 78 36 59 66 36 89 53 63 91 1 14 37 70 48 80 62 29 94 72 30 48 2 84 47 26 97 7 3 33 73 32 20 83 50 30 18 38 82
824 22 230 80 81 34 94 17 4 93 96 21 42 40 2 89 41 86 87 67 34 66 17 53 37 99 2 69 91 48 71 33 93 39 88 37 35 4 58 28 96 59 68 36 96 54 54
825 22 223 29 47 75 46 15 27 82 14 80 99 70 98 81 93 26 31 69 62 17 24 19 44 30 11 7 25 60 6 63 34 51 77 85 42 91 83 61 32 56 5 13 33 35 33
826 22 276 94 52 9 65 47 27 10 85 70 26 45 75 40 78 78 68 90 62 80 44 36 92 76 43 96 40 75 83 73 21 86 81 85 84 59 30 93 44 99 18 26 9 17 3
827 22 230 77 58 64 38 38 7 73 81 34 16 29 74 90 63 98 10 48 30 46 83 40 75 76 35 74 45 51 54 91 53 30 100 16 67 37 74 39 70 8 6 33 96 60 82
828 22 189 57 59 11 55 41 2 29 68 37 54 13 10 4 66 52 56 95 52 23 13 40 97 3 9 56 9 58 88 69 21 64 79 31 18 20 84 99 87 51 82 8 16 85 63
829 22 194 62 36 38 26 28 34 29 36 41 89 46 80 44 14 7 93 82 77 64 65 75 2 37 26 53 18 85 20 2 48 34 90 59 17 22 87 4 62 49 41 70 15 40 29
830 22 240 59 21 5 22 85 79 75 21 56 27 90 41 99 44 40 32 33 76 1 97 29 4 10 55 50 25 19 89 53 29 61 9 97 87 76 70 94 55 86 53 2 77 84 86
831 22 200 4 25 86 52 53 90 61 60 46 10 84 16 50 88 44 10 96 45 7 34 20 76 79 74 65 26 40 41 25 97 38 11 48 42 52 9 1 49 18 36 64 68 23 59
832 22 262 29 70 3 35 74 62 82 48 48 98 25 39 90 38 63 86 75 25 34 16 28 42 69 76 11 4 91 30 27 49 97 51 77 59 84 76 58 33 96 22 89 10 60 15
833 22 230 35 45 83 14 38 51 90 48 54 32 30 32 81 40 80 35 88 82 11 46 17 86 55 49 2 22 78 12 93 98 77 75 14 25 52 14 84 95 16 86 50 73 26 13
834 22 253 19 42 98 25 42 87 27 63 65 90 96 9 87 72 83 49 38 59 1 51 88 36 45 1 3 30 52 2 22 16 72 15 66 49 56 52 75 71 68 64 76 2 89 58
835 22 205 50 26 16 2 28 56 37 72 8 39 53 5 43 7 26 58 78 41 23 26 48 27 52 18 94 67 35 22 68 24 79 70 1 47 71 29 54 60 61 50 57 17 44 63
836 22 248 43 2 92 35 76 70 34 54 73 52 48 40 86 69 59 61 99 80 14 97 51 42 50 62 45 63 11 1 79 55 15 73 8 7 35 28 93 89 44 88 91 81 94 58
837 22 244 29 7 55 31 4 44 44 18 97 97 61 11 21 68 69 80 54 96 72 42 48 67 38 99 88 39 92 46 20 50 50 49 94 45 73 100 41 21 60 3 79 24 32 71
838 22 223 95 74 18 13 54 8 12 94 46 55 39 65 57 90 67 5 44 60 1 68 11 41 40 70 96 33 48 19 4 31 89 51 56 59 63 62 66 26 55 11 81 93 76 89
839 22 249 82 42 93 77 53 46 97 63 86 36 84 33 68 83 51 24 13 92 74 69 50 88 30 67 14 84 77 46 28 4 34 61 78 37 1 23 33 63 61 21 98 93 40 80
840 22 261 96 63 93 39 88 13 76 94 54 41 77 82 86 56 38 19 16 34 48 4 35 71 37 49 31 9 99 75 78 70 63 22 60 2 34 47 29 27 52 69 55 86 62 23
841 22 221 24 77 8 24 81 94 94 69 95 76 29 93 50 76 70 72 38 44 83 92 30 20 33 89 62 70 76 92 52 100 93 84 45 38 4 39 13 84 31 14 60 53 37 49
842 22 215 96 20 40 24 1 12 31 85 45 55 20 46 66 23 97 58 59 42 95 14 32 59 98 63 25 9 67 13 9 62 37 84 12 20 69 63 16 23 7 35 73 9 82 19
843 22 221 10 29 85 41 87 34 55 63 42 21 76 2 34 7 2 23 43 13 11 75 57 85 56 6 3 24 74 85 15 58 78 54 32 16 36 5 91 37 90 50 39 12 92 3
844 22 204 5 54 78 13 90 11 7 45 68 62 69 6 35 53 21 44 30 26 86 14 41 21 18 84 9 59 85 47 23 28 50 27 33 79 92 22 66 8 11 86 13 97 91 85
845 22 203 92 20 62 29 85 3 1 54 38 10 13 22 8 35 9 13 33 87 56 54 79 6 71 38 68 9 51 17 99 87 70 49 89 55 3 41 2 72 65 10 6 65 18 71
846 22 210 97 57 26 2 35 31 24 25 51 32 75 67 30 13 13 66 6 15 7 65 58 8 37 22 17 42 86 87 64 82 95 90 81 72 59 5 22 90 31 40 72 44 66 23
847 22 210 8 31 80 75 37 44 32 97 54 13 74 39 51 37 73 45 26 59 78 50 17 82 71 59 13 11 82 8 28 4 15 10 83 41 47 26 95 58 7 31 16 10 67 88
848 22 183 6 45 47 83 94 15 65 16 73 29 78 6 36 5 9 2 15 43 43 13 21 15 7 78 92 65 60 7 26 78 95 32 22 93 14 67 30 83 32 58 37 45 17 98
849 22 213 47 31 92 41 95 12 7 53 41 98 17 52 4 43 30 50 26 51 94 39 70 53 69 52 84 26 63 72 71 79 61 61 9 7 24 67 59 65 64 28 16 19 22 97
850 22 221 21 47 14 85 69 66 5 20 1 31 34 73 53 65 41 73 25 1 33 84 77 99 42 93 62 69 60 32 90 57 52 36 56 66 73 24 83 77 95 84 59 28 63 92
851 22 228 96 35 69 49 19 52 25 17 45 17 30 66 76 62 7 84 13 95 39 30 62 13 95 56 6 36 51 68 79 98 55 47 98 73 50 22 42 47 90 71 64 18 32 70
852 22 179 1 45 16 40 74 34 53 38 29 61 33 86 96 35 5 74 11 73 30 84 4 77 72 45 47 35 62 79 15 75 20 54 54 58 38 34 18 70 71 65 57 75 91 89
853 22 235 86 15 70 21 40 25 97 12 43 46 83 73 2 97 99 74 27 60 36 12 29 57 82 94 13 56 53 93 50 75 89 99 9 100 20 4 98 3 28 99 51 27 72 53
854 22 188 77 50 64 12 13 92 20 46 37 33 54 24 46 73 11 59 14 10 19 13 29 74 62 83 2 61 34 80 84 38 56 34 1 67 98 44 86 44 33 70 97 56 7 42
855 22 205 81 69 94 78 71 58 59 44 20 93 97 80 26 76 63 15 31 48 15 49 46 11 87 41 43 56 37 50 14 78 30 83 23 12 52 81 22 95 92 31 19 45 7 50
856 22 279 45 73 98 42 83 84 82 77 92 18 79 57 47 8 91 28 55 79 63 76 26 14 42 69 96 86 87 40 44 36 36 16 86 77 51 21 58 79 12 27 57 21 65 11
857 22 249 53 99 65 32 13 93 9 26 86 77 73 71 63 64 14 99 82 36 76 84 56 86 62 68 64 71 40 89 87 50 42 85 67 25 97 59 85 74 44 61 46 67 23 9
858 22 215 32 73 60 65 8 36 48 64 73 62 83 36 84 22 25 70 23 18 6 89 94 2 47 78 27 43 38 24 61 12 92 85 57 44 79 56 7 51 69 89 52 62 14 21
859 22 227 85 31 78 73 76 79 72 53 57 66 42 80 26 54 64 69 90 7 25 33 33 92 87 1 32 76 53 94 20 55 2 48 94 21 67 99 36 36 40 42 12 24 44 15
860 22 241 64 45 47 40 49 92 81 25 69 100 79 22 99 57 88 44 29 55 42 65 90 33 6 1 56 84 45 71 41 69 60 70 17 80 22 48 1 20 63 99 70 19 87 65
861 22 216 47 41 58 63 82 90 69 82 46 4 78 68 54 70 36 96 62 95 17 79 74 38 26 10 40 25 31 10 11 96 8 3 53 71 84 43 91 17 94 47 7 47 16 94
862 22 206 94 30 88 11 8 13 37 38 9 28 14 92 76 87 96 78 39 66 13 33 56 30 24 1 30 100 43 23 93 72 62 3 31 74 3 67 64 63 29 54 82 5 40 78
863 22 217 82 31 95 95 15 3 76 39 3 3 20 2 45 95 47 17 8 49 99 34 66 97 18 11 77 71 81 63 74 15 68 61 11 70 36 1 73 38 26 34 67 72 2 74
864 22 204 73 1 7 75 18 55 92 80 32 15 24 64 29 49 78 73 17 38 35 38 36 62 62 8 88 96 26 11 49 51 83 49 58 10 64 53 98 47 19 73 11 47 22 88
865 22 270 71 90 26 6 79 50 41 41 64 100 80 11 25 90 59 75 60 84 86 77 90 26 46 9 51 8 55 24 96 26 13 73 83 91 74 23 37 74 62 99 98 4 58 24
866 22 208 80 69 8 17 97 7 6 75 4 14 25 12 21 100 59 46 64 83 56 54 89 45 27 2 95 76 5 52 99 36 72 6 52 69 58 95 20 71 19 31 43 18 41 88
867 22 189 81 23 19 86 30 72 26 74 98 28 21 73 84 24 24 72 96 29 23 16 45 32 10 64 55 80 46 97 49 86 37 81 8 55 18 37 27 44 63 76 83 1 6 58
868 22 274 24 77 53 4 52 68 83 29 63 89 8 60 86 56 45 22 88 4 28 6 93 6 49 7 82 71 41 82 98 57 57 51 60 60 70 60 94 99 74 83 58 34 68 66
869 22 233 78 41 53 82 68 58 26 74 58 32 7 80 72 40 60 69 96 16 19 7 75 41 66 68 39 92 50 48 25 69 13 54 61 18 87 29 12 54 85 43 64 14 51 23
870 22 221 83 98 90 53 4 16 93 22 84 83 13 85 31 89 6 95 42 66 12 81 46 39 92 99 75 87 10 38 34 9 2 39 18 31 53 66 98 89 48 86 94 42 79 12
871 22 217 6 59 57 96 3 8 70 41 69 59 40 81 71 26 89 25 64 53 42 46 38 46 11 35 34 10 72 80 4 3 91 61 13 99 56 15 77 55 75 35 47 7 58 24
872 22 261 47 82 39 100 75 36 89 20 99 76 53 8 84 11 49 74 71 62 73 78 28 30 54 35 56 41 33 62 50 56 61 31 94 12 5 29 76 27 87 74 64 97 22 37
873 22 209 20 35 61 97 15 91 3 49 46 95 81 60 44 88 26 81 31 82 82 57 40 57 36 26 30 99 74 3 45 38 48 42 52 38 96 52 42 32 95 37 19 66 62 51
874 22 219 48 43 63 29 51 54 85 86 31 66 57 69 72 1 58 71 94 61 9 41 12 96 82 95 42 18 65 7 67 54 25 81 75 35 19 13 17 84 49 73 4 72 74 61
875 22 223 42 19 21 2 60 84 97 93 30 38 63 94 44 93 12 49 70 93 83 96 79 1 8 95 84 56 20 40 27 45 73 22 74 56 19 67 86 56 29 31 52 21 43 52
876 22 204 42 87 34 38 17 34 97 63 70 53 82 9 31 78 60 51 93 32 25 66 88 43 32 25 50 60 7 53 33 1 5 74 39 38 63 55 24 60 18 45 64 51 46 29
877 22 205 64 49 73 96 38 35 15 70 11 16 81 17 69 65 18 25 91 56 14 53 63 89 80 33 27 82 37 73 62 53 21 34 48 93 72 34 59 93 44 26 12 46 29 70
878 22 238 28 37 36 32 99 24 96 30 9 22 11 97 46 25 49 66 58 48 10 81 81 20 73 76 98 88 91 35 68 13 14 4 97 54 23 92 35 83 66 98 80 63 22 28
879 22 258 81 79 28 90 60 8 62 32 84 7 71 49 67 90 13 32 94 12 29 99 87 72 34 69 89 31 48 52 52 28 32 82 55 73 93 62 77 97 92 57 19 41 24 9
880 22 213 53 55 54 17 83 52 3 7 37 71 95 19 19 98 22 98 29 4 52 54 48 65 39 24 62 31 81 32 23 4 92 75 10 45 43 93 49 45 99 37 16 45 56 86
881 22 261 43 77 83 23 32 34 76 80 50 67 3 11 97 83 95 19 38 86 45 48 88 92 31 32 42 67 99 38 74 84 80 51 66 55 82 51 13 1 48 16 63 44 57 62
882 22 237 40 95 59 39 29 46 30 59 23 77 28 60 51 11 53 29 46 86 31 27 99 31 75 66 94 70 67 2 32 6 48 42 96 76 39 25 86 67 47 15 17 9 98 69
883 22 224 37 43 6 67 21 56 50 95 95 65 40 48 48 97 96 89 93 23 27 69 9 45 68 75 91 26 99 75 11 87 17 16 5 89 72 54 84 44 35 48 32 95 87 76
884 22 231 17 65 44 77 61 11 51 51 88 93 1 62 3 87 30 71 92 19 42 45 54 37 45 53 72 92 55 38 89 30 5 25 83 65 85 68 75 78 68 37 32 55 66 2
885 22 184 46 84 95 42 37 84 38 41 7 81 43 61 18 31 42 24 87 66 6 52 53 42 71 80 19 38 16 3 44 81 4 41 17 51 83 5 34 72 98 40 40 52 22 23
886 22 224 93 45 9 10 2 12 63 44 82 94 14 72 68 15 41 24 56 9 74 90 7 61 98 65 49 87 24 41 83 85 50 37 96 64 32 30 57 97 1 17 65 67 58 88
887 22 168 22 18 61 63 31 19 24 45 68 40 47 16 78 22 8 13 6 9 49 54 73 32 35 81 28 35 50 92 1 7 75 24 43 37 7 61 12 3 4 49 95 81 23 2
888 22 226 45 80 11 45 33 35 76 67 67 4 53 16 47 6 74 78 32 50 20 68 8 33 10 12 87 11 59 67 60 64 64 22 97 56 84 15 75 39 90 85 25 16 14 56
889 22 238 65 86 75 72 70 58 33 81 44 43 39 63 27 51 26 91 72 33 80 68 5 54 6 24 43 43 58 56 7 74 41 34 97 10 91 30 87 24 49 3 83 26 93 7
890 22 209 10 83 86 78 87 39 35 63 33 77 14 43 73 68 25 6 65 87 48 46 29 86 69 13 34 71 96 11 15 54 21 49 91 50 36 81 84 50 13 61 7 45 75 69
891 22 232 44 39 55 44 84 35 29 4 48 15 27 95 25 41 97 90 38 46 77 18 82 78 94 92 41 38 31 15 6 26 5 13 69 40 47 98 95 94 64 21 88 88 14 87
892 22 210 37 3 76 34 31 45 15 60 27 8 3 67 45 33 33 3 59 37 79 28 61 76 22 7 91 43 46 79 56 33 67 10 8 100 92 5 51 31 53 49 19 38 81 21
893 22 206 48 69 87 26 96 47 54 69 5 44 11 51 74 18 83 40 79 42 40 22 46 54 72 28 27 77 76 97 14 8 17 13 3 38 23 2 91 44 6 87 56 60 24 90
894 22 221 54 84 39 76 81 44 99 9 22 75 36 19 40 96 87 52 71 42 42 46 43 84 41 100 70 46 56 30 21 97 75 32 2 13 66 100 73 87 27 8 57 66 3 44
895 22 223 70 26 85 63 23 79 46 63 78 68 8 85 49 81 34 29 55 65 51 8 77 16 7 49 54 33 9 63 63 6 72 40 42 34 62 20 31 76 98 36 86 46 16 19
896 22 210 26 22 83 28 29 12 95 87 60 1 20 20 63 22 35 20 93 74 61 78 88 32 8 63 32 58 50 17 55 17 33 38 18 60 81 55 5 92 7 76 12 69 97 46
897 22 218 88 41 71 100 18 58 31 77 73 62 86 22 79 41 39 65 25 28 34 84 46 14 90 2 6 96 77 69 16 73 66 3 13 36 2 82 94 84 10 66 98 96 28 88
898 22 208 77 92 12 57 78 47 2 91 37 3 48 84 79 16 3 81 54 67 17 8 62 43 57 27 40 4 65 19 91 94 63 2 50 40 1 3 82 89 5 30 72 35 45 23
899 22 207 89 78 29 55 46 36 2 7 78 10 33 70 14 49 88 56 42 2 10 43 41 10 45 23 98 1 52 21 35 48 44 23 25 24 22 59 82 28 92 12 9 57 61 49
900 22 223 12 54 50 73 97 43 82 93 65 31 94 68 52 80 67 47 3 44 70 83 28 65 93 67 56 4 76 64 16 76 27 70 25 100 18 67 33 62 83 64 55 2 15 35
901 22 240 69 61 89 12 82 71 76 9 35 20 27 42 24 54 57 91 29 84 60 6 67 91 7 30 97 8 96 31 28 8 71 39 42 67 49 28 86 76 22 61 78 52 10 61
902 22 226 63 67 95 44 90 14 86 48 43 82 8 91 65 35 98 35 26 87 28 92 35 8 29 10 42 91 6 93 52 19 7 18 50 59 78 87 73 69 14 63 85 48 60 71
903 22 187 25 46 51 68 33 58 49 94 38 90 36 95 34 87 13 40 56 30 42 15 59 28 21 31 48 34 45 32 5 3 10 2 77 34 62 25 80 51 14 15 99 2 39 57
904 22 228 39 32 23 97 59 43 80 7 28 24 90 13 44 22 82 48 50 67 61 75 46 11 40 61 56 91 14 65 81 22 55 12 45 51 70 39 67 6 31 85 13 4 66 61
905 22 201 53 85 21 79 30 32 71 42 39 61 55 55 41 77 9 52 73 11 11 93 29 98 22 59 34 34 14 100 46 67 36 19 97 17 2 67 59 40 79 65 94 71 93 2
906 22 218 74 65 64 47 76 56 51 56 5 72 67 39 57 80 90 3 98 25 21 95 41 22 13 51 44 16 6 14 8 59 88 73 22 86 30 36 55 34 59 73 72 15 53 61
907 22 204 17 50 37 89 96 30 10 61 80 22 4 95 79 69 3 89 56 27 63 93 78 92 28 84 25 86 57 49 1 9 61 69 98 58 58 27 19 18 6 93 73 53 71 41
908 22 172 7 12 49 85 74 41 62 65 21 45 41 58 1 41 58 61 2 79 23 51 36 80 77 54 34 98 38 69 13 44 80 13 28 5 6 41 26 86 83 38 54 93 51 55
909 22 211 71 73 57 58 52 33 63 52 18 61 72 56 81 36 51 12 49 31 16 54 36 31 8 48 13 98 53 57 48 59 27 20 15 36 23 99 99 74 17 11 97 24 91 32
910 22 180 74 2 32 56 17 37 27 4 19 86 3 84 83 56 40 82 66 19 1 81 54 23 79 4 48 95 14 44 70 4 28 96 57 11 51 25 29 28 18 15 49 90 41 31
911 22 206 55 59 83 35 64 58 14 20 5 60 33 1 82 89 28 77 45 38 27 70 37 8 49 55 22 31 72 47 4 27 57 87 13 73 44 78 92 100 90 24 71 64 47 9
912 22 185 17 25 30 5 32 30 59 5 13 66 27 84 64 30 10 21 68 75 93 63 52 84 63 41 62 11 75 41 9 83 34 64 65 93 24 22 5 89 48 89 29 50 49 76
913 22 186 16 11 28 51 25 68 62 39 31 36 39 70 72 85 51 89 77 74 10 34 14 9 74 18 89 75 41 89 9 100 78 11 24 97 27 59 44 18 82 41 12 85 29 41
914 22 191 10 90 26 24 50 99 41 91 73 33 79 75 78 4 4 54 1 75 19 79 34 63 96 13 44 37 77 80 17 17 90 7 42 65 8 92 57 98 16 89 91 82 6 94
915 22 218 85 59 46 11 78 25 96 92 20 9 87 8 37 67 25 53 8 83 72 90 28 88 52 68 64 94 1 21 88 85 80 33 48 9 9 43 81 3 38 88 39 4 12 43
916 22 251 63 94 40 34 36 76 13 23 80 81 38 25 81 58 64 18 89 49 17 49 57 11 37 14 25 4 93 88 99 56 34 38 41 69 66 54 91 97 86 80 21 66 85 35
917 22 183 78 33 51 78 41 62 27 67 54 82 11 93 80 18 26 70 59 94 35 64 36 31 49 15 3 66 4 87 1 33 71 3 10 12 16 39 94 5 46 28 38 59 85 16
918 22 193 28 43 9 14 6 45 44 6 11 99 72 66 85 24 50 8 78 60 71 94 98 63 39 55 8 66 22 97 25 6 12 52 1 73 18 58 69 61 64 31 59 87 97 96
919 22 198 10 98 55 87 57 25 32 7 87 71 13 46 36 34 94 12 39 58 16 91 30 33 49 50 45 12 80 56 98 28 3 59 26 57 34 81 77 40 19 99 4 16 86 37
920 22 211 61 98 28 18 65 18 99 97 66 48 41 29 48 26 7 50 84 32 6 81 38 9 57 8 23 92 49 36 76 53 5 46 4 1 63 51 94 92 30 93 69 89 43 5
921 22 239 20 48 85 37 86 93 94 45 51 6 68 94 54 3 35 82 7 39 27 62 92 41 13 37 32 94 29 53 82 71 57 54 71 93 90 8 37 35 52 87 19 80 98 73
922 22 210 14 79 32 5 57 93 96 97 81 3 12 33 36 83 89 41 53 81 31 60 17 17 11 55 61 82 86 58 6 52 37 56 44 82 3 40 90 86 20 92 97 4 80 31
923 22 221 92 20 83 24 2 94 19 57 98 79 38 84 36 95 35 23 32 42 66 65 44 57 54 29 29 98 77 32 8 76 96 90 51 98 95 68 46 29 75 33 23 61 7 6
924 22 249 2 24 22 97 80 76 77 8 25 54 92 1 61 67 96 2 69 93 37 63 60 28 55 57 8 81 41 83 94 99 40 47 62 44 89 20 13 73 52 13 85 70 87 39
925 22 202 5 23 53 64 3 7 73 10 40 65 44 85 16 84 31 37 45 74 90 33 46 51 97 70 54 9 55 24 68 41 14 72 15 66 88 17 25 12 79 16 28 22 43 5
926 22 228 82 32 49 8 21 33 53 23 29 22 77 89 76 52 9 68 65 32 83 82 71 51 58 34 25 62 51 24 56 7 39 8 60 40 17 82 90 10 61 18 69 85 1 19
927 22 213 11 23 70 68 57 98 93 70 68 77 7 25 16 14 41 27 5 57 8 25 99 70 86 16 30 6 58 19 17 81 40 36 37 37 80 58 34 95 76 49 60 17 75 64
928 22 183 25 35 41 23 4 78 38 85 83 90 43 41 60 59 73 99 47 61 35 26 18 23 77 51 69 53 28 69 26 92 93 60 32 16 15 61 5 100 46 94 7 3 51 67
929 22 210 90 28 36 64 5 87 33 57 86 60 77 63 3 69 75 86 89 46 93 40 41 38 34 75 43 38 97 40 52 86 67 88 2 23 26 86 31 63 7 25 28 99 37 63
930 22 226 40 83 55 31 75 45 64 1 87 53 34 83 44 38 21 11 77 74 85 2 59 16 22 40 6 1 39 43 30 77 70 60 51 66 76 51 52 80 37 87 24 74 86 2
931 22 204 32 70 55 42 37 70 96 59 9 2 11 99 74 28 72 96 88 22 61 15 65 94 8 3 17 33 2 34 44 72 40 85 18 18 85 29 68 80 54 96 51 1 35 72
932 22 189 14 49 96 30 42 3 32 59 88 44 12 21 39 83 13 23 43 21 6 12 90 91 92 58 70 98 5 73 50 39 15 39 91 44 80 94 27 90 33 70 2 53 8 36
933 22 173 65 82 30 38 88 94 27 30 37 36 51 34 40 23 36 30 19 50 68 61 46 100 6 72 41 38 42 42 43 1 59 83 96 22 4 75 3 41 10 53 26 50 28 61
934 22 203 31 98 11 99 58 56 50 16 79 90 53 20 32 95 21 13 54 55 23 1 28 27 75 30 67 85 34 44 86 13 5 68 10 67 66 20 74 15 35 52 39 72 88 34
935 22 211 44 100 39 50 74 39 77 100 14 58 18 50 91 62 87 4 54 65 84 72 36 9 38 22 60 94 61 83 33 46 78 84 27 58 55 9 12 27 40 3 26 58 9 32
936 22 240 22 92 55 10 92 31 11 86 91 94 70 36 71 54 50 11 45 4 19 83 16 97 23 70 88 100 79 96 83 52 39 37 61 38 29 92 49 66 82 94 87 70 40 40
937 22 229 65 50 36 69 21 71 17 45 57 57 44 35 52 27 86 91 15 47 80 95 90 80 12 23 73 99 92 89 38 84 53 40 71 73 60 41 28 85 16 84 81 2 59 88
938 22 244 26 73 86 57 68 27 37 31 49 9 29 41 67 76 54 6 46 26 17 39 44 23 53 28 55 55 63 13 94 40 38 31 96 57 57 32 87 57 93 16 41 34 24 94
939 22 254 91 22 72 7 60 9 50 34 13 77 89 67 53 12 82 42 94 30 98 2 37 59 57 4 7 98 83 43 27 4 66 85 63 74 34 48 87 63 36 5 5 41 69 87
940 22 230 82 62 68 32 64 80 74 89 71 80 86 59 62 80 85 65 46 69 79 71 54 27 57 16 14 14 73 54 59 88 43 78 19 58 9 38 31 97 8 63 66 24 2 41
941 22 199 11 22 71 81 27 97 90 43 3 15 16 84 25 55 78 2 88 62 14 18 59 21 32 92 38 56 5 91 48 15 64 18 96 91 15 85 85 77 39 51 44 74 51 51
942 22 244 80 27 38 41 41 8 99 13 91 91 3 46 47 93 45 62 9 63 29 45 35 57 85 52 8 11 54 58 90 81 48 82 21 7 81 33 97 23 95 69 39 82 88 53
943 22 259 42 86 33 86 72 41 56 93 79 18 46 89 59 78 36 40 98 94 31 42 94 65 63 44 27 44 38 68 64 23 91 56 95 46 25 15 13 25 75 100 65 73 93 88
944 22 232 3 35 82 19 22 96 63 100 91 45 31 28 65 46 55 1 49 53 1 73 19 98 86 44 24 85 60 96 78 47 98 64 28 69 37 75 66 27 67 93 43 64 95 50
945 22 181 16 43 2 68 68 20 17 53 15 41 37 74 36 66 21 86 29 100 54 66 27 36 92 14 20 36 57 35 83 6 50 77 59 70 44 78 86 96 45 26 33 18 14 50
946 22 209 90 99 79 42 4 96 68 39 49 59 52 20 46 60 54 28 65 55 5 23 24 100 53 62 96 97 87 80 66 52 29 56 50 59 6 16 43 6 26 95 25 71 30 51
947 22 183 71 37 7 93 60 6 97 21 53 45 32 11 11 13 18 13 23 66 17 29 81 60 34 58 54 11 28 59 40 30 29 76 36 74 88 94 22 60 46 67 30 77 42 46
948 22 233 46 16 11 62 96 43 21 82 26 92 79 85 83 9 65 11 90 50 89 12 9 87 78 32 16 6 51 10 24 61 71 72 55 44 53 6 69 96 84 5 30 44 22 40
949 22 220 40 11 41 80 22 50 66 99 81 81 4 45 54 6 17 66 28 88 72 71 92 77 87 61 96 16 56 17 8 95 80 48 27 1 49 44 77 55 61 82 33 26 10 72
950 22 223 50 32 63 26 23 49 86 71 17 42 39 76 88 18 66 71 72 10 70 4 76 81 54 36 62 39 14 23 10 63 7 73 81 73 26 51 89 19 42 64 58 11 24 33
951 22 207 62 85 2 65 22 30 45 75 65 59 13 78 33 23 40 39 47 80 20 19 5 22 60 23 15 75 80 26 55 10 74 39 12 91 93 87 87 57 99 87 30 73 78 68
952 22 189 19 57 87 90 61 61 49 35 75 23 67 52 36 21 62 61 12 25 3 23 17 90 9 25 86 8 11 15 32 89 83 51 45 21 40 58 81 40 44 8 10 59 20 62
953 22 263 94 44 64 16 12 5 77 37 91 36 47 57 67 87 69 84 8 93 44 47 36 51 61 98 62 9 80 81 70 25 86 92 88 90 68 24 55 23 37 22 9 27 90 92
954 22 252 90 50 84 86 48 72 36 8 69 97 30 90 24 6 75 67 45 65 87 21 96 41 43 84 62 3 63 4 95 52 53 30 89 100 1 77 60 21 73 28 20 54 17 95
955 22 229 11 44 62 56 8 100 76 55 40 70 91 54 72 53 9 18 56 61 48 45 12 100 21 71 45 50 92 99 19 87 61 62 68 21 99 95 27 90 64 17 95 88 69 3
956 22 178 5 25 15 4 21 79 4 41 1 76 85 51 67 35 69 53 48 82 2 2 10 28 44 73 97 90 60 65 93 17 41 59 20 61 37 75 38 50 40 69 24 60 71 41
957 22 221 77 86 94 78 47 73 73 19 69 63 31 34 7 99 74 17 18 87 54 45 87 43 76 82 14 100 41 87 22 81 63 59 26 92 5 98 65 76 19 79 58 52 85 56
958 22 190 77 1 25 63 6 69 2 48 15 29 29 28 28 21 14 2 53 76 60 78 68 65 76 84 40 94 62 97 97 98 52 25 50 76 56 97 93 55 11 21 36 38 1 56
959 22 217 52 2 9 79 61 38 46 25 65 29 16 10 42 64 58 39 67 83 89 95 74 96 91 18 2 1 38 37 90 38 45 41 5 72 17 28 59 98 96 68 39 59 26 30
960 22 169 26 60 18 72 85 65 62 2 39 55 3 29 51 44 71 7 15 22 48 83 2 6 32 97 7 51 84 10 69 55 46 85 16 47 29 37 8 32 17 10 27 88 93 61
961 22 221 16 27 62 73 59 10 98 29 69 100 80 52 61 100 7 6 84 74 52 37 55 89 45 38 5 6 64 44 22 8 37 34 18 61 44 28 72 48 58 3 99 19 2 57
962 22 237 76 37 31 28 74 37 68 70 72 75 89 68 48 96 36 81 97 25 55 48 15 64 3 66 34 4 22 10 93 4 37 66 92 56 87 65 27 13 53 46 61 100 17 96
963 22 219 33 58 92 57 77 98 56 44 14 58 9 47 82 8 6 38 96 23 29 51 94 30 21 98 75 33 50 92 1 72 90 77 22 45 20 35 55 80 81 68 41 25 51 36
964 22 257 47 79 87 7 24 16 79 74 90 12 23 33 92 4 33 63 93 62 84 89 70 43 13 51 62 78 91 86 28 78 32 58 64 90 34 79 69 7 21 80 81 53 71 84
965 22 192 38 85 28 99 21 68 31 90 11 95 92 24 72 34 10 51 12 93 61 75 83 94 6 51 52 78 82 32 30 4 67 19 40 46 17 60 13 100 2 75 94 93 99 18
966 22 203 79 60 68 90 52 28 16 86 73 73 88 24 50 21 7 32 76 73 70 67 27 35 18 28 9 63 59 80 3 18 92 22 32 47 81 67 34 12 43 58 14 10 28 32
967 22 223 36 62 49 16 22 11 40 81 91 42 50 42 85 23 20 43 82 23 74 80 7 98 35 18 92 92 31 1 71 62 89 84 62 56 58 73 47 90 15 88 39 8 24 14
968 22 242 27 66 47 2 92 26 51 98 75 37 67 67 28 50 19 51 63 59 86 25 14 43 49 60 32 63 99 23 70 22 36 48 88 82 31 59 33 87 94 51 43 70 69 6
969 22 231 28 54 30 94 97 78 53 80 92 4 2 13 77 37 12 64 70 13 46 80 63 73 65 2 67 15 20 9 84 88 66 64 41 47 57 89 24 61 69 67 64 70 31 41
970 22 200 59 43 56 80 55 2 60 69 74 76 22 92 90 41 53 74 28 18 37 21 65 45 61 40 5 29 7 69 51 37 31 16 40 37 69 51 6 43 26 79 86 16 20 38
971 22 225 41 99 56 29 19 20 73 80 11 77 60 17 97 10 6 57 70 88 25 62 93 12 82 87 90 60 57 31 10 49 30 17 77 48 36 1 79 99 29 39 15 78 72 34
972 22 225 70 12 10 83 36 3 46 69 41 35 80 13 43 11 75 91 40 91 19 39 79 19 77 100 60 43 59 67 78 72 62 65 74 8 33 66 42 64 31 37 5 27 65 47
973 22 242 46 56 77 16 25 53 15 84 48 91 42 14 53 22 43 24 83 7 49 42 91 14 36 54 44 72 28 100 98 44 99 95 75 11 23 80 58 27 16 100 92 68 73 34
974 22 170 43 7 92 91 49 82 4 84 35 100 55 62 99 4 58 97 56 24 9 79 3 85 36 81 87 72 19 11 57 61 18 48 66 29 7 1 15 58 29 8 10 86 5 8
975 22 226 41 80 16 71 82 1 59 14 52 97 37 23 8 93 35 25 92 38 42 72 96 94 86 53 66 60 9 51 17 44 95 84 14 28 36 24 88 21 77 62 80 21 4 12
976 22 234 85 97 35 80 90 73 32 89 38 44 49 89 59 65 6 1 97 33 36 21 26 75 93 2 72 23 84 27 86 68 23 73 48 64 45 31 4 82 74 52 22 85 69 5
977 22 205 90 69 2 74 4 74 99 79 66 1 89 75 49 15 12 17 36 16 52 80 98 7 14 24 10 87 8 30 92 49 45 22 54 18 73 84 35 25 23 51 50 37 25 50
978 22 199 33 28 29 30 86 94 53 47 81 60 77 72 60 26 16 34 79 85 6 14 19 82 15 41 32 64 45 81 5 94 13 84 75 42 69 68 47 15 48 58 91 71 18 69
979 22 210 38 3 47 22 60 13 92 41 27 84 72 42 12 68 74 16 62 86 99 88 79 19 55 25 34 55 35 76 77 52 44 67 54 43 40 13 7 32 5 85 15 28 26 27
980 22 233 95 99 94 8 36 45 66 63 2 91 48 8 77 76 28 19 33 13 42 97 19 25 1 3 39 28 80 17 74 78 63 82 65 7 31 21 81 73 69 40 49 44 76 28
981 22 233 14 77 12 79 70 8 97 94 60 52 85 39 31 1 64 61 63 97 77 21 25 7 42 57 62 97 79 5 72 6 69 48 76 97 15 87 48 99 30 100 41 90 37 19
982 22 249 87 61 25 28 70 56 89 66 86 45 44 14 88 12 14 9 40 10 24 26 9 22 3 38 73 43 80 39 79 98 92 74 52 61 81 92 78 67 66 10 53 5 12 27
983 22 202 89 38 35 62 40 25 34 56 25 12 5 49 55 30 52 15 11 43 92 77 30 9 38 82 14 62 79 74 26 67 13 28 2 89 87 96 98 100 86 53 81 89 19 91
984 22 215 31 63 19 12 23 8 46 36 70 97 66 43 74 32 5 86 12 58 26 77 44 21 15 93 72 52 97 53 41 68 95 23 30 14 87 52 21 84 40 90 80 5 84 53
985 22 243 89 88 91 52 97 16 28 40 94 85 12 46 81 16 38 48 63 60 29 76 46 33 48 81 72 90 60 28 73 13 68 13 3 71 61 70 99 53 10 92 37 74 17 41
986 22 242 26 17 3 86 45 30 83 77 78 16 67 75 80 91 39 47 55 93 70 16 63 68 68 24 11 56 49 100 24 90 77 40 44 14 37 74 65 51 64 17 69 38 96 11
987 22 233 77 94 18 69 63 85 83 30 4 59 93 59 7 44 82 48 20 74 92 34 10 65 74 15 45 90 35 82 37 97 31 14 98 13 75 1 71 19 11 30 62 93 81 18
988 22 242 68 14 27 32 95 52 98 91 94 32 25 30 29 34 12 94 64 57 92 29 83 44 51 1 7 80 14 51 57 94 76 60 8 6 97 5 90 89 21 72 69 6 35 62
989 22 221 22 91 5 50 25 1 59 32 38 9 40 84 76 15 43 21 48 17 79 44 19 16 82 87 16 100 57 44 83 9 60 67 26 49 75 65 32 50 80 74 70 53 74 38
990 22 266 31 69 96 49 85 77 87 6 93 39 3 95 43 85 37 44 21 63 95 27 76 96 58 2 65 11 75 2 41 43 98 42 27 26 80 84 70 18 83 72 12 25 57 66
991 22 198 62 52 86 76 96 80 2 72 75 60 73 91 22 47 45 14 41 94 7 20 19 87 3 89 4 38 12 68 68 33 72 71 50 67 90 77 15 62 36 60 63 49 53 56
992 22 189 56 72 27 94 26 67 97 63 78 64 77 98 49 3 21 19 53 87 20 8 48 22 90 67 9 2 81 9 54 89 16 77 15 9 2 33 6 65 10 21 41 59 69 43
993 22 225 79 87 47 18 7 54 46 54 27 35 72 35 88 53 96 93 41 11 69 7 20 71 39 77 87 100 97 79 59 18 21 37 4 20 6 62 25 51 68 52 38 39 91 33
994 22 231 18 83 96 38 89 15 60 27 43 46 79 39 24 37 56 97 25 12 16 31 40 81 92 43 31 33 95 73 17 64 8 64 53 96 78 13 75 72 58 53 63 82 41 70
995 22 206 30 65 81 45 47 6 36 28 49 31 97 31 15 43 56 83 58 63 11 10 76 23 48 32 40 10 65 80 79 94 12 38 43 69 26 22 17 8 71 100 22 65 55 4
996 22 242 23 17 50 33 78 26 7 14 25 38 53 34 55 85 64 48 81 75 38 75 43 63 97 12 70 19 11 91 83 17 46 5 33 48 89 62 73 47 75 49 37 80 82 91
997 22 237 64 97 38 96 72 75 70 66 89 18 29 58 88 39 71 55 46 27 39 45 68 1 69 14 27 17 2 6 50 92 21 46 82 68 17 56 90 35 45 59 63 54 47 54
998 22 218 54 17 60 51 95 51 62 3 63 28 29 31 87 80 73 59 25 54 27 94 61 16 28 57 74 42 11 72 16 88 7 18 35 57 64 48 59 26 75 39 8 56 80 84
999 22 190 11 33 62 4 45 77 83 2 2 25 12 74 19 27 13 77 96 99 33 59 47 91 36 73 82 43 28 6 29 59 41 39 91 2 95 36 30 77 37 32 1 100 57 72
