2000 22 560 47 73 35 65 10 89 69 54 67 74 75 53 13 27 63 30 61 100 8 68 50 86 45 89 66 58 3 27 93 62 39 34 85 56 96 73 24 1 91 49 27 95 53 57
2001 22 587 43 66 56 50 85 5 35 82 45 52 91 48 31 83 61 80 74 95 16 29 42 40 52 42 83 1 69 77 13 73 86 55 90 41 27 98 8 94 94 98 41 24 33 54
2002 22 575 56 6 48 23 86 41 63 37 82 97 89 2 73 54 27 10 8 68 3 64 94 52 6 53 45 99 38 23 35 91 30 92 90 52 77 30 66 65 11 62 65 87 59 43
2003 22 440 48 66 10 50 81 56 1 86 8 46 85 62 35 59 25 40 39 14 91 15 43 9 32 5 22 37 21 60 95 63 12 25 9 93 80 10 78 39 7 14 41 24 17 63
2004 22 521 87 30 6 53 72 66 84 28 49 99 66 11 78 87 22 66 75 99 5 33 65 5 25 88 4 41 3 42 70 8 95 93 73 30 21 11 2 21 9 19 83 66 48 70
2005 22 537 32 69 35 58 20 91 91 84 47 67 23 51 8 25 92 77 84 38 22 8 42 19 73 14 79 91 96 97 65 80 59 52 37 78 13 89 46 36 53 12 34 81 24 2
2006 22 666 55 43 95 73 67 8 4 9 100 99 20 79 58 71 87 65 98 52 5 43 39 95 47 50 28 27 97 3 81 52 45 75 76 11 83 31 38 30 70 57 60 79 80 79
2007 22 528 66 44 76 69 48 70 7 94 16 8 73 94 57 76 74 8 20 1 35 83 54 72 47 23 80 59 2 59 37 19 12 87 1 33 45 46 52 19 93 8 94 67 67 65
2008 22 472 19 54 47 53 52 24 17 27 3 27 80 14 15 50 67 26 88 20 10 32 65 57 83 83 50 43 28 68 9 93 86 62 91 38 32 43 13 1 21 67 27 100 42 1
2009 22 542 99 19 88 18 29 19 34 37 53 69 38 95 96 5 56 88 42 69 79 79 73 43 93 10 31 44 41 24 44 39 95 31 8 75 1 42 63 5 10 1 5 57 7 93
2010 22 570 99 75 71 29 27 95 72 31 87 33 14 30 73 89 25 12 83 7 19 9 7 60 11 21 24 62 26 80 68 70 78 95 92 59 86 30 4 72 69 53 57 77 49 92
2011 22 579 83 68 52 41 79 23 3 100 98 65 77 78 84 98 7 78 89 65 74 46 6 97 59 26 1 45 34 29 93 25 63 12 43 51 5 42 49 21 70 26 57 67 32 86
2012 22 545 7 49 88 32 94 45 28 53 70 80 49 4 8 41 80 70 5 56 24 47 59 80 40 59 1 9 36 9 27 67 85 67 82 16 61 26 95 13 48 74 51 81 53 82
2013 22 467 50 57 90 73 3 48 4 94 6 4 2 41 12 80 59 58 64 26 39 79 86 16 73 50 63 98 62 65 78 14 47 79 23 36 77 83 7 71 40 62 24 32 26 56
2014 22 467 90 83 19 67 73 50 4 88 74 53 51 72 66 67 1 32 13 32 54 100 34 82 92 52 6 28 31 83 46 13 53 64 85 54 68 24 28 72 38 41 3 69 5 34
2015 22 610 74 5 20 55 38 11 59 63 16 86 18 98 15 62 72 79 46 26 98 70 5 69 95 55 58 87 57 26 44 43 99 48 62 6 37 24 64 51 92 1 69 89 83 51
2016 22 600 91 13 48 68 10 69 72 79 16 26 36 54 35 14 97 77 64 96 90 69 85 13 32 35 56 32 3 45 38 47 94 50 46 61 12 67 42 82 62 29 87 96 84 24
2017 22 521 6 31 65 26 15 30 10 50 85 93 4 81 96 93 27 41 95 25 53 6 91 37 47 24 99 75 46 69 45 70 26 76 34 51 42 63 12 43 5 99 80 52 59 92
2018 22 580 85 83 44 42 25 81 40 100 79 67 9 24 35 6 45 60 33 31 62 74 74 69 30 67 24 81 57 34 72 94 68 67 87 92 47 27 91 77 93 51 53 79 8 49
2019 22 588 90 40 79 51 66 24 76 34 19 5 94 37 8 27 60 53 27 40 37 25 18 79 2 10 82 6 88 89 54 77 29 33 46 8 7 79 78 63 72 100 85 50 59 90
2020 22 502 44 37 29 32 62 46 11 15 7 92 20 46 32 25 74 12 9 52 57 16 10 35 46 73 64 17 72 1 18 82 90 13 71 18 45 32 15 7 98 21 50 17 81 93
2021 22 467 91 45 2 94 1 69 4 88 14 76 51 82 99 3 80 92 12 50 61 8 33 27 30 47 63 98 64 96 6 40 92 100 40 60 3 27 74 78 7 76 32 6 76 70
2022 22 713 57 36 77 41 63 91 71 61 53 68 48 58 82 87 1 81 79 61 83 57 86 12 38 92 87 70 50 94 97 19 2 84 95 42 98 85 12 59 90 32 89 41 68 76
2023 22 408 42 1 6 54 35 62 39 47 82 33 21 31 78 17 1 31 96 73 50 32 36 8 19 46 10 60 13 37 53 65 55 96 46 6 29 30 26 12 60 94 12 90 7 14
2024 22 565 95 39 50 54 11 68 99 20 79 63 56 31 28 49 36 27 4 83 24 9 12 5 87 23 16 80 86 6 77 93 71 71 83 20 93 40 22 13 18 37 20 49 64 21
2025 22 603 36 42 24 71 17 84 34 73 70 8 89 2 93 46 78 85 16 1 19 88 12 27 98 76 96 34 47 96 49 67 84 90 42 54 58 26 87 30 94 18 48 38 15 78
2026 22 521 23 83 78 93 70 53 4 48 50 31 95 35 91 83 96 74 24 38 79 81 63 65 11 61 10 80 9 47 47 38 21 29 15 66 19 21 97 69 52 43 55 81 33 90
2027 22 480 76 58 13 13 36 46 27 52 8 88 87 48 12 85 85 84 51 49 62 69 70 10 89 21 5 44 53 37 28 47 49 93 34 94 19 86 1 6 50 40 61 24 45 89
2028 22 457 39 93 2 8 14 12 48 34 16 91 86 4 27 66 50 76 58 84 21 76 74 34 22 13 38 83 88 27 79 76 17 23 78 76 37 41 24 22 8 66 63 93 25 65
2029 22 578 20 82 40 9 13 42 41 77 80 75 17 58 53 92 74 28 21 2 64 13 25 85 72 90 44 35 34 68 99 53 49 98 93 58 69 57 51 61 82 36 50 39 65 19
2030 22 652 66 66 82 30 42 19 2 31 62 36 65 30 86 17 30 35 61 39 55 18 90 15 51 23 52 62 94 96 78 12 95 46 91 36 64 92 18 25 79 82 6 16 36 50
2031 22 548 11 26 4 80 15 70 82 90 24 33 51 17 29 80 80 89 26 25 31 61 88 74 78 65 52 12 70 67 14 57 68 24 83 23 49 45 85 38 40 36 50 19 67 90
2032 22 591 96 92 21 56 31 94 86 95 98 49 17 16 62 73 36 37 55 58 92 4 54 29 93 21 33 8 99 3 75 88 66 8 6 48 43 43 51 43 11 18 4 83 53 93
2033 22 529 38 11 84 93 64 12 37 37 61 69 44 11 24 70 99 74 87 58 79 35 11 74 29 13 16 39 31 20 21 83 10 45 47 54 43 97 23 11 92 34 86 14 32 59
2034 22 562 89 38 86 52 63 14 64 78 4 46 49 77 81 12 25 59 92 85 21 34 33 43 96 77 28 82 90 59 40 41 29 27 3 91 18 21 69 72 44 81 9 20 91 52
2035 22 647 57 63 85 41 33 17 66 58 95 5 51 46 86 77 48 28 68 66 15 81 69 86 24 1 43 98 5 83 92 13 67 60 97 32 70 44 88 20 41 73 89 53 6 100
2036 22 514 82 86 20 19 61 20 65 55 14 63 58 18 97 49 83 63 8 79 94 29 74 81 48 15 6 47 55 58 60 9 47 97 29 65 9 100 30 15 44 72 31 40 13 2
2037 22 576 80 44 95 60 69 27 8 83 32 6 37 89 19 48 98 65 44 26 82 52 77 11 67 90 6 90 73 45 10 37 46 41 92 100 1 18 59 83 50 65 72 38 35 19
2038 22 593 87 100 15 64 33 18 41 95 36 30 26 2 44 87 39 89 79 70 32 30 70 49 89 5 50 5 76 88 46 26 90 60 22 30 82 16 65 63 67 42 17 10 80 7
2039 22 505 50 58 28 81 88 98 30 28 54 79 32 29 18 22 26 96 64 38 37 85 67 18 53 83 19 77 48 81 56 54 14 82 63 53 31 92 84 22 15 64 92 36 41 39
2040 22 579 99 78 75 36 96 44 40 79 10 55 42 62 80 72 27 61 34 79 43 77 78 50 76 41 93 12 82 31 62 11 57 49 7 100 37 27 50 91 53 91 4 32 14 31
2041 22 561 93 99 9 87 27 71 65 29 46 57 21 9 90 4 23 1 60 23 7 12 63 43 64 85 42 6 88 73 20 18 17 70 79 4 97 1 25 98 76 97 59 66 52 33
2042 22 516 66 64 55 24 75 17 18 16 32 54 9 38 93 81 63 50 78 93 5 26 24 2 42 99 51 100 16 2 33 65 87 56 91 55 25 6 14 76 23 47 84 85 48 13
2043 22 595 77 52 91 21 75 92 62 25 94 62 41 96 45 73 12 83 81 3 38 5 60 76 35 26 51 57 24 86 93 71 98 69 22 40 96 84 2 72 15 12 37 36 42 17
2044 22 607 38 31 73 49 6 59 74 8 67 49 93 59 19 43 79 40 82 19 87 65 59 42 22 65 46 10 52 40 26 41 70 51 90 28 61 15 35 80 64 28 69 74 3 39
2045 22 577 12 20 63 70 13 50 44 29 47 53 81 86 31 21 8 33 10 35 93 77 69 72 92 48 62 25 21 82 98 76 72 10 95 35 7 36 26 87 82 79 67 68 61 88
2046 22 518 75 93 49 61 37 77 81 61 68 29 74 93 7 42 24 30 3 70 64 34 28 51 11 15 33 41 52 1 20 78 45 21 38 34 97 18 46 17 98 19 9 99 77 2
2047 22 505 74 6 5 44 22 90 23 72 37 56 41 70 7 93 84 90 13 73 62 91 20 78 88 90 38 38 66 39 12 23 95 7 96 84 29 68 75 76 87 82 27 17 9 40
2048 22 529 90 83 1 32 2 30 71 91 67 9 8 57 20 31 52 26 26 35 54 45 70 71 97 57 53 17 84 69 77 75 58 60 27 89 13 56 12 4 22 20 63 30 91 93
2049 22 544 81 16 71 68 21 67 37 92 86 34 38 2 35 59 78 9 16 89 57 2 90 68 63 87 19 93 77 64 25 44 34 92 29 7 14 7 27 67 93 85 44 2 53 33
2050 22 534 88 9 34 30 28 90 92 66 60 36 94 23 61 37 8 52 52 8 32 11 97 97 69 23 63 61 59 14 12 43 2 20 31 47 17 74 64 28 10 57 51 22 45 58
2051 22 665 73 48 17 57 58 13 53 78 88 68 91 47 26 4 68 57 29 95 39 27 63 13 90 90 74 46 92 95 50 19 37 18 75 47 83 80 76 70 47 66 24 22 77 91
2052 22 437 78 5 37 17 31 51 81 20 40 54 17 84 58 85 18 46 2 45 44 84 76 20 5 74 24 97 39 36 4 75 86 25 36 57 16 89 73 99 30 83 9 28 71 72
2053 22 617 80 42 77 53 79 52 49 36 52 39 23 7 13 78 93 89 57 53 74 55 92 55 90 1 82 26 5 5 97 85 46 25 89 24 29 90 12 80 28 34 38 41 30 81
2054 22 545 76 31 37 29 56 44 20 10 33 20 44 10 77 48 58 13 93 35 1 69 63 90 80 94 18 13 31 10 13 42 52 95 79 80 50 22 51 59 6 71 54 67 99 1
2055 22 610 24 11 46 10 11 14 72 1 93 65 70 57 48 31 85 60 88 54 2 67 3 75 69 13 80 39 67 46 89 19 22 99 64 31 10 29 55 62 73 19 83 82 66 13
2056 22 554 66 77 36 53 30 38 71 84 12 39 97 44 15 41 18 33 62 17 49 45 78 77 99 39 50 17 73 83 35 85 48 11 20 52 93 9 22 76 21 12 72 64 41 38
2057 22 558 4 11 71 18 27 19 62 56 47 12 46 48 80 18 30 14 2 29 77 73 69 82 53 44 54 65 68 69 57 5 72 67 41 45 97 54 44 65 91 45 14 21 10 67
2058 22 489 49 86 40 81 6 73 33 2 26 97 69 94 25 17 72 4 10 69 63 20 43 28 17 86 24 30 58 33 97 6 19 88 38 24 60 71 77 37 82 24 22 98 48 77
2059 22 565 7 68 76 22 87 19 49 55 56 72 37 13 4 33 70 74 72 8 50 83 78 26 19 96 23 100 96 49 71 24 8 38 99 29 24 69 77 31 67 36 55 51 6 81
2060 22 576 22 13 82 4 42 59 74 89 33 73 12 80 73 82 3 80 19 2 8 95 36 25 46 87 91 33 94 41 90 74 62 54 7 17 95 65 98 14 47 77 38 29 80 18
2061 22 622 47 33 77 41 54 65 17 99 51 7 84 96 73 69 60 27 75 28 92 17 8 89 82 7 65 20 35 96 89 33 28 17 26 82 81 42 32 84 49 15 79 47 40 100
2062 22 559 59 66 26 86 90 17 3 50 5 36 56 22 7 90 17 47 74 97 64 51 78 44 93 61 79 93 76 58 39 67 9 97 84 34 83 73 51 37 22 7 24 77 80 31
2063 22 432 18 49 29 44 45 92 94 22 88 86 34 66 30 61 75 69 27 83 17 10 69 51 35 71 39 56 63 85 9 45 54 57 73 97 1 17 43 74 4 28 7 21 10 68
2064 22 651 96 78 46 30 56 50 49 42 72 87 97 1 1 33 61 97 87 17 70 35 69 38 77 94 41 57 52 13 66 71 60 95 17 90 40 24 91 88 65 63 27 13 63 27
2065 22 554 46 23 24 84 91 45 18 11 34 47 4 74 3 55 86 68 26 98 14 94 87 53 69 29 93 33 71 45 5 97 42 79 72 77 68 47 79 1 47 89 64 66 66 61
2066 22 531 79 11 99 83 27 27 63 18 97 59 74 46 1 53 17 77 73 85 23 4 37 67 13 77 26 78 94 86 56 4 84 39 34 62 65 96 14 55 5 59 7 57 75 83
2067 22 611 81 11 58 84 76 21 62 89 49 39 66 43 24 74 46 59 12 80 20 28 27 51 93 81 55 51 87 63 78 22 95 40 31 79 39 6 51 100 94 99 38 12 41 13
2068 22 621 85 39 23 48 70 43 27 96 45 20 77 51 15 65 47 36 59 87 18 89 24 39 69 90 66 80 82 31 64 20 53 11 89 47 38 37 91 9 65 93 78 79 57 77
2069 22 491 67 68 15 36 8 91 59 47 28 88 85 7 69 15 23 89 19 85 29 66 74 65 82 81 53 12 12 61 88 30 2 65 36 44 24 34 63 3 73 47 61 41 13 83
2070 22 499 81 31 20 10 48 93 26 8 27 7 60 38 18 20 77 99 78 63 35 73 86 20 40 92 1 84 45 35 65 76 6 74 75 99 51 82 9 41 14 78 61 90 76 60
2071 22 483 19 39 46 91 76 17 26 16 60 58 68 43 3 54 7 30 12 32 4 62 35 86 38 43 78 51 21 38 92 96 49 62 86 46 52 62 62 29 29 21 87 48 16 41
2072 22 521 53 22 70 64 6 25 25 40 10 62 82 40 64 54 29 55 2 78 16 87 23 20 48 37 28 9 86 75 24 26 98 47 91 3 72 16 94 33 27 72 93 81 1 99
2073 22 629 82 30 15 68 4 86 68 40 85 95 49 71 22 24 96 49 21 43 91 75 66 6 20 98 35 47 70 79 79 22 77 60 51 43 54 28 98 94 13 93 94 35 69 82
2074 22 543 14 42 24 4 16 41 62 36 39 48 34 8 26 12 29 54 23 31 97 1 84 24 99 29 88 43 74 22 8 43 4 73 79 28 51 20 41 38 58 88 71 17 65 82
2075 22 487 97 19 4 27 15 57 10 90 7 91 30 49 64 3 8 58 6 32 41 37 59 44 81 17 39 52 33 4 85 81 74 41 40 49 68 81 55 10 26 13 62 83 70 93
2076 22 542 24 6 3 19 65 2 99 81 93 2 48 39 45 21 79 3 60 79 23 40 33 32 2 87 57 66 40 35 44 15 46 33 83 38 92 85 54 39 11 53 53 22 31 75
2077 22 581 61 15 59 14 1 67 79 100 58 66 95 24 40 56 66 39 91 55 82 75 9 20 49 7 3 83 86 16 97 44 29 97 10 60 48 20 25 42 43 34 33 51 99 72
2078 22 593 41 54 5 67 62 77 15 20 58 67 30 61 49 15 76 97 10 56 45 72 92 91 91 85 33 24 69 83 23 92 75 28 97 41 89 73 55 60 73 89 42 21 56 17
2079 22 479 17 17 25 61 40 91 4 30 82 40 15 57 9 49 79 100 24 6 48 64 46 20 71 57 2 43 43 16 53 12 84 69 36 45 78 100 90 59 92 56 16 52 5 46
2080 22 500 3 28 4 51 43 1 70 13 58 23 56 55 66 71 7 77 6 27 64 2 87 41 2 29 52 45 84 19 96 88 16 98 15 71 72 22 22 81 44 29 35 9 99 93
2081 22 511 37 57 71 52 58 58 45 59 38 96 55 21 66 50 9 33 75 4 51 84 72 6 7 16 34 41 76 85 85 65 41 55 16 98 64 12 1 59 15 22 24 65 82 57
2082 22 487 16 8 12 66 92 86 38 49 44 5 34 36 32 70 20 96 62 26 64 12 42 75 72 42 86 86 15 9 2 48 17 17 56 28 35 99 65 72 99 8 28 32 43 11
2083 22 576 54 14 59 15 40 22 26 81 48 49 74 33 35 41 94 36 62 53 95 90 87 45 6 10 43 66 89 27 8 99 80 74 57 46 13 30 24 45 30 72 70 14 58 10
2084 22 612 7 94 50 21 98 96 10 36 41 67 97 35 32 85 13 40 35 44 65 92 90 77 73 65 2 88 42 16 46 4 74 91 53 94 88 100 55 23 92 22 71 27 91 44
2085 22 534 89 35 8 32 76 36 5 40 60 58 79 2 25 24 51 14 9 44 53 8 27 100 24 97 78 28 20 24 92 54 83 75 29 71 31 20 30 89 99 31 13 74 87 63
2086 22 663 40 95 59 92 55 61 19 6 84 15 35 63 18 54 86 9 8 69 88 39 66 60 68 54 10 51 83 37 81 22 91 14 38 51 95 86 98 29 48 15 82 86 75 41
2087 22 563 54 10 81 44 75 92 63 80 1 13 97 35 2 29 9 85 71 74 74 21 57 20 58 54 48 6 21 81 91 95 96 56 82 45 53 61 18 10 31 71 38 39 7 9
2088 22 540 12 80 81 20 99 39 74 98 96 46 78 38 40 51 85 48 56 75 29 52 79 42 48 96 51 79 18 88 69 24 33 55 52 5 19 25 2 14 22 32 3 62 34 87
2089 22 544 61 90 13 89 93 43 30 41 91 32 71 8 20 91 32 67 23 86 47 75 65 51 44 30 73 75 84 86 22 46 2 86 86 94 29 68 19 99 56 26 70 47 57 89
2090 22 424 21 95 35 95 37 52 98 32 33 70 7 17 19 90 4 20 76 89 13 4 8 99 22 59 6 47 28 4 56 16 77 2 3 71 90 6 20 21 41 79 58 47 97 48
2091 22 498 50 16 23 91 81 78 31 99 8 36 97 36 92 4 3 68 5 57 90 46 62 10 67 4 45 61 49 42 9 82 89 59 42 19 7 6 36 98 39 17 66 95 6 11
2092 22 504 9 67 29 12 69 74 24 69 67 84 18 75 65 10 64 24 51 34 32 51 40 89 87 37 50 25 5 67 71 11 31 29 58 94 49 83 17 1 1 35 75 65 96 90
2093 22 546 40 46 24 24 48 15 64 34 4 13 10 8 79 81 70 8 11 99 17 5 47 99 74 16 99 74 50 25 90 45 67 30 42 42 5 89 56 68 75 59 33 84 88 70
2094 22 521 27 86 86 83 85 36 56 52 34 29 1 11 18 97 77 99 90 18 3 78 25 23 4 84 55 88 2 17 51 89 87 29 24 11 63 60 66 14 93 94 64 62 31 62
2095 22 524 51 48 17 80 25 39 84 8 45 23 61 61 49 99 54 27 23 64 89 82 82 54 26 75 19 81 90 32 11 52 34 11 20 66 35 58 94 54 71 54 66 47 2 65
2096 22 585 81 39 16 21 20 97 75 45 71 45 77 61 88 64 62 98 83 27 84 92 45 97 30 62 44 83 26 95 63 64 10 84 35 6 32 29 54 8 41 82 95 4 38 70
2097 22 654 27 29 97 55 25 45 84 86 40 19 64 87 81 79 96 16 14 2 77 45 82 83 52 22 47 77 59 42 69 94 75 70 73 59 55 65 29 70 51 61 49 46 62 99
2098 22 627 5 6 80 87 57 53 3 55 29 61 97 94 41 17 87 69 91 56 42 1 63 6 32 8 90 80 53 18 93 4 74 98 83 61 7 88 13 16 75 61 62 16 77 48
2099 22 644 36 20 56 29 72 70 86 53 53 93 94 85 46 63 77 1 27 35 48 85 22 10 97 90 85 58 51 52 98 87 57 5 16 81 74 1 33 27 78 11 43 40 39 43
2100 22 466 27 65 77 75 49 99 36 98 88 72 55 38 23 92 87 62 1 44 29 81 17 81 65 95 26 42 57 20 33 48 62 11 12 39 85 13 37 21 10 76 44 16 13 19
2101 22 556 59 51 80 59 94 60 39 63 92 55 9 70 48 18 89 32 65 51 43 28 41 27 40 77 99 1 4 95 68 68 13 27 18 44 85 64 3 76 26 46 82 86 15 30
2102 22 610 3 56 61 19 58 3 47 98 82 38 74 32 39 29 26 58 96 90 84 13 33 21 76 87 48 53 29 39 99 58 93 6 71 12 63 73 10 60 6 47 85 90 37 13
2103 22 554 67 95 8 57 30 73 89 50 28 97 5 12 78 43 62 35 87 68 57 98 7 42 6 26 76 42 91 95 88 98 51 18 22 91 18 16 29 93 72 91 79 58 58 36
2104 22 548 8 39 17 66 80 55 71 6 31 65 96 25 52 45 27 69 19 17 88 92 35 3 69 15 47 40 5 25 97 14 60 56 53 28 22 32 83 44 89 65 36 41 12 33
2105 22 542 67 80 3 35 94 69 21 62 84 67 53 40 92 1 54 3 57 58 31 78 89 65 73 30 29 81 17 21 1 39 23 3 90 96 42 62 9 77 61 16 20 62 74 18
2106 22 570 78 56 47 19 20 19 51 16 72 94 17 10 71 83 58 67 76 19 75 4 88 71 18 49 92 92 21 99 16 39 19 34 38 70 37 6 42 30 74 3 46 44 85 3
2107 22 668 10 12 74 37 15 20 24 86 90 24 77 81 93 97 79 8 88 49 41 25 71 29 82 64 59 55 66 4 99 3 60 14 84 48 29 3 23 14 92 46 42 24 38 90
2108 22 585 55 97 77 3 38 54 25 66 35 88 76 42 54 32 92 56 42 51 21 25 51 49 79 73 62 23 71 55 46 8 45 100 5 21 94 26 31 11 61 19 87 54 24 70
2109 22 571 45 79 11 47 99 35 97 100 13 70 35 40 68 33 64 84 55 84 38 100 10 69 63 22 39 1 27 62 70 71 92 80 69 42 14 66 41 26 87 6 78 73 28 36
2110 22 529 28 35 71 18 34 32 38 96 5 76 96 31 37 65 1 80 44 70 21 9 87 14 25 19 99 2 91 43 81 78 22 15 48 39 49 32 36 3 67 91 8 19 70 4
2111 22 547 40 43 12 78 56 50 2 74 48 55 16 42 36 45 64 50 92 54 50 75 82 98 11 36 41 29 27 100 47 48 55 39 90 19 97 68 18 70 72 37 57 59 81 72
2112 22 541 61 25 78 62 99 59 59 61 94 99 89 72 51 36 72 5 26 61 23 41 10 91 31 6 34 68 14 92 48 38 4 24 15 66 25 24 83 70 75 24 11 65 81 36
2113 22 529 77 4 76 86 94 86 17 51 71 84 16 62 83 5 66 59 81 95 6 15 32 38 10 8 48 74 89 83 50 92 11 36 37 48 4 39 18 87 31 21 63 48 79 33
2114 22 476 30 11 28 88 78 44 19 15 53 79 15 78 67 49 27 10 11 14 98 58 17 36 55 93 58 28 5 6 88 87 69 67 74 46 62 44 12 66 22 26 43 40 21 49
2115 22 596 37 87 46 95 3 33 73 10 78 30 84 87 94 23 25 62 89 50 59 2 93 71 67 67 48 61 58 26 82 7 63 20 4 9 22 89 81 31 18 63 19 1 49 13
2116 22 623 24 73 26 64 74 85 66 66 7 84 84 54 45 42 80 78 94 97 55 2 70 95 34 1 12 96 71 65 96 83 88 20 61 3 93 45 68 11 3 52 8 48 87 39
2117 22 556 25 38 32 21 93 85 90 87 19 42 51 66 13 15 62 47 54 33 59 8 26 55 76 36 57 79 81 65 20 55 2 57 87 22 49 23 63 88 21 56 72 67 61 4
2118 22 583 78 68 29 32 95 16 89 73 97 5 50 16 59 51 72 97 24 73 20 87 12 12 43 1 22 63 8 93 81 68 58 35 77 42 30 93 82 54 41 86 4 56 96 54
2119 22 516 79 93 78 3 64 16 66 75 10 66 49 72 25 41 4 92 37 14 27 14 55 8 58 36 61 98 73 16 53 68 70 83 12 99 38 75 3 2 75 21 50 98 45 90
2120 22 444 53 37 79 66 15 44 72 74 1 59 34 98 31 2 2 99 23 36 62 21 73 37 38 76 12 96 39 9 40 80 61 28 58 79 42 53 50 67 9 1 91 54 3 41
2121 22 569 76 91 3 96 63 39 33 38 28 96 85 18 56 77 97 68 4 7 98 98 59 48 64 64 8 16 17 50 69 20 91 44 62 45 24 83 75 14 70 50 31 77 26 27
2122 22 490 45 30 85 42 79 96 41 42 59 100 58 75 2 78 46 92 22 7 36 64 83 70 39 48 60 97 13 89 23 91 4 76 78 82 71 71 81 70 32 55 10 53 14 83
2123 22 687 11 1 46 93 22 36 92 4 48 89 68 36 59 20 14 86 97 47 56 67 69 88 89 53 94 11 77 96 9 29 93 1 51 81 45 54 80 33 74 15 95 32 86 60
2124 22 605 69 34 6 76 53 26 63 93 78 56 55 91 54 31 38 62 60 83 14 10 15 58 94 90 40 60 84 71 97 43 91 30 66 34 26 28 3 36 81 46 89 63 35 2
2125 22 492 74 17 15 35 83 73 50 76 14 89 87 50 12 83 44 54 13 44 20 98 69 99 24 23 34 56 68 74 18 3 75 92 71 90 78 6 27 81 79 68 28 31 2 72
2126 22 580 84 66 15 55 64 83 54 87 5 39 94 25 13 63 79 87 6 1 28 84 93 10 39 72 29 58 51 11 59 22 95 77 88 49 40 22 78 27 71 3 33 81 43 39
2127 22 461 33 23 22 39 15 83 29 38 12 86 89 74 96 10 68 72 98 69 63 19 40 97 14 10 51 70 43 83 13 33 16 35 54 6 1 88 34 39 19 27 25 66 88 44
2128 22 606 90 85 12 52 56 86 92 4 51 53 55 21 47 37 85 79 4 19 84 9 71 72 94 9 22 12 87 46 30 75 19 11 53 22 66 38 13 22 41 66 76 61 64 45
2129 22 628 91 20 15 26 80 85 97 74 46 71 37 32 68 66 58 9 36 69 62 58 86 51 70 7 87 34 3 51 50 47 93 21 13 18 67 73 95 37 10 78 4 27 88 65
2130 22 520 15 56 26 72 93 28 52 71 32 37 25 82 38 72 74 58 36 91 10 85 57 34 31 45 95 61 49 22 48 13 55 90 59 99 69 51 50 91 34 87 16 15 76 39
2131 22 591 88 86 74 79 95 11 87 28 41 32 23 53 32 96 96 83 6 37 5 5 43 54 48 77 92 63 68 1 31 53 26 61 99 88 47 26 29 30 81 13 33 8 38 44
2132 22 580 21 42 1 64 48 48 92 39 62 34 58 14 16 62 91 76 60 79 75 38 7 56 89 39 69 84 23 28 64 61 72 85 54 24 43 92 84 28 49 49 44 63 39 71
2133 22 683 74 17 45 11 75 1 66 21 35 88 48 98 71 34 54 94 33 6 68 75 97 3 3 98 51 98 60 90 58 13 96 33 65 95 50 37 81 37 84 30 89 55 64 94
2134 22 614 96 51 20 23 48 22 77 97 25 74 56 14 41 40 23 5 35 55 21 81 57 13 45 93 43 33 99 6 78 50 53 28 69 75 75 43 51 71 67 76 80 69 70 54
2135 22 592 73 56 61 46 89 16 54 1 60 46 43 92 44 100 21 46 53 49 14 79 75 56 82 98 74 9 5 77 96 59 2 52 19 47 40 34 94 98 35 37 93 34 58 38
2136 22 601 38 6 4 69 80 11 2 77 85 10 89 87 99 47 88 2 17 86 41 51 33 96 34 19 84 27 64 94 98 19 62 30 30 15 58 14 24 13 54 62 53 49 65 69
2137 22 596 86 58 71 71 42 18 4 60 2 82 15 94 98 8 92 16 69 73 45 83 82 10 59 95 64 20 58 68 21 74 36 6 83 59 28 76 76 32 35 77 65 50 62 57
2138 22 519 14 78 78 38 74 12 19 84 70 65 99 90 66 62 48 53 67 82 63 95 58 39 44 67 42 93 37 4 2 2 33 31 91 6 10 41 64 74 5 48 8 66 47 13
2139 22 645 32 28 75 78 85 65 55 81 97 73 20 52 26 74 36 8 64 93 2 73 86 65 99 76 21 98 96 48 69 23 74 47 60 39 53 40 70 49 89 52 42 62 39 1
2140 22 557 78 32 2 2 69 18 44 38 49 31 75 44 96 19 52 94 30 90 46 21 11 47 36 51 50 77 65 89 42 72 31 43 40 49 95 35 38 43 66 65 39 43 60 57
2141 22 638 46 53 86 87 50 58 97 96 93 48 22 64 34 99 5 57 81 99 96 81 82 19 88 47 83 26 42 94 87 98 19 26 47 28 43 20 21 88 41 36 73 91 40 29
2142 22 611 72 91 76 52 83 57 22 22 4 56 47 97 49 80 35 46 50 60 45 77 82 87 97 54 26 89 90 98 80 81 78 51 23 53 54 58 61 28 79 16 12 84 57 47
2143 22 574 81 59 6 25 35 39 11 83 45 36 72 86 85 51 18 14 53 41 58 98 79 85 76 94 68 53 51 62 4 31 20 61 56 6 41 96 64 81 90 66 98 4 38 21
2144 22 515 27 35 51 12 63 45 31 15 2 33 76 57 47 17 70 53 16 40 45 11 8 43 86 73 41 89 42 78 62 68 65 12 79 8 61 93 93 21 17 8 19 34 29 23
2145 22 447 1 68 67 64 12 74 6 50 98 46 90 91 76 51 59 92 15 89 70 74 2 14 35 94 34 51 53 5 36 82 27 37 49 94 13 19 5 62 17 3 51 59 78 54
2146 22 553 17 21 20 58 90 93 59 3 27 4 89 30 57 93 65 38 19 1 38 64 2 83 63 51 66 9 88 19 78 8 87 49 30 97 51 9 91 38 8 83 54 97 7 87
2147 22 449 17 58 88 51 14 51 53 24 68 14 11 86 91 18 75 29 18 56 25 69 16 76 5 84 46 59 32 99 65 18 67 22 6 70 8 74 87 22 12 29 86 57 9 93
2148 22 514 81 29 9 9 39 13 92 84 23 75 34 87 93 53 61 50 22 48 57 95 10 31 31 42 62 74 79 71 71 51 14 31 59 52 44 2 88 66 29 73 5 21 25 17
2149 22 633 22 98 64 78 45 73 60 78 56 53 91 81 83 61 14 53 79 36 74 30 31 76 69 96 4 94 52 76 18 68 97 68 26 64 8 85 93 15 89 83 95 71 96 60
2150 22 481 75 59 38 10 32 19 40 59 88 14 33 91 89 2 11 37 21 93 14 84 52 98 76 66 12 8 6 23 83 64 44 47 36 6 22 23 71 6 13 60 59 75 48 80
2151 22 499 68 62 15 71 11 91 89 49 53 100 8 58 75 42 73 86 86 19 21 76 41 95 47 98 59 58 57 34 5 88 18 2 23 81 44 11 29 96 63 88 37 30 77 74
2152 22 650 15 96 94 87 71 34 81 17 84 39 74 40 24 31 79 76 80 99 76 61 8 23 23 48 28 11 77 56 37 43 51 30 29 74 61 42 98 51 68 89 75 98 67 50
2153 22 520 49 99 29 26 61 88 48 35 35 27 98 11 83 34 53 85 15 33 58 81 93 100 31 44 19 19 70 68 38 19 16 36 71 44 13 83 32 60 69 66 39 66 21 51
2154 22 645 81 5 17 66 15 98 58 66 80 53 84 98 22 51 87 93 66 74 63 62 86 45 93 98 13 10 36 31 90 56 33 23 12 50 88 26 99 45 43 78 98 26 27 71
2155 22 471 76 14 63 94 39 25 55 25 21 99 22 86 60 9 68 50 64 100 72 27 1 59 5 99 47 28 4 73 75 100 20 37 45 58 14 51 34 34 49 55 71 61 38 10
2156 22 660 78 90 81 57 90 91 61 89 45 7 16 1 79 22 75 31 41 11 51 76 26 84 62 26 91 32 86 5 22 95 83 11 27 39 52 69 92 66 57 60 66 88 40 18
2157 22 618 74 2 44 24 78 69 59 39 47 49 22 32 54 43 79 88 5 57 26 57 76 48 91 84 7 8 71 40 40 13 84 88 77 4 46 67 50 47 89 34 31 12 87 36
2158 22 524 68 64 44 45 91 43 35 74 2 42 97 41 40 36 5 40 19 44 75 89 24 87 23 57 86 53 20 72 87 35 84 77 78 71 3 79 12 51 71 4 27 95 57 70
2159 22 521 62 31 10 96 6 97 18 15 82 23 86 6 14 25 44 49 9 73 78 79 75 8 42 25 97 62 4 91 70 73 53 100 48 58 30 18 72 12 40 57 69 5 34 12
2160 22 523 53 42 84 82 72 10 89 13 86 66 10 48 21 100 17 93 4 69 27 52 26 8 49 71 12 57 39 16 90 3 83 86 2 54 96 43 19 33 8 28 80 29 79 49
2161 22 519 73 83 17 51 86 94 59 58 94 29 69 2 20 36 44 22 56 26 10 32 54 52 50 87 11 29 18 39 7 18 64 41 66 78 31 76 35 24 57 3 78 76 39 21
2162 22 470 49 46 98 7 55 81 13 58 30 51 69 10 68 59 38 22 9 23 40 39 54 15 73 77 23 28 6 98 18 78 63 76 5 70 8 17 27 38 67 95 99 86 28 46
2163 22 576 66 66 99 33 38 27 55 65 33 5 82 62 2 97 37 6 45 74 92 34 40 87 32 78 51 100 18 78 97 36 43 95 68 80 74 74 58 30 30 19 84 26 8 89
2164 22 550 43 4 15 87 89 6 73 20 83 16 22 83 85 99 31 20 41 26 39 73 51 65 69 8 94 50 26 77 28 33 18 70 36 32 56 24 80 96 72 47 17 6 32 16
2165 22 506 36 51 8 13 42 80 63 6 70 99 50 96 28 29 80 97 98 68 6 43 68 37 90 39 84 7 44 15 74 32 17 33 58 13 7 63 12 76 14 13 23 93 41 55
2166 22 663 89 91 22 68 96 16 35 84 6 74 67 64 69 33 52 50 21 96 59 33 54 22 97 81 87 9 56 79 50 10 40 83 34 87 98 68 70 3 93 89 66 62 65 70
2167 22 553 27 60 29 11 13 2 7 94 88 16 49 18 17 10 84 8 92 17 46 41 36 67 44 29 55 61 42 76 19 6 97 45 18 77 82 30 62 75 69 29 75 86 56 79
2168 22 442 37 1 20 25 19 15 5 74 27 46 49 45 3 97 89 20 26 44 2 55 57 28 24 37 55 9 33 90 30 40 69 18 92 40 42 10 54 46 83 80 43 83 25 46
2169 22 485 80 13 17 5 8 70 11 16 50 34 52 4 95 84 45 24 23 65 93 14 4 35 24 9 32 58 89 27 41 65 72 77 40 28 37 62 38 52 66 18 39 62 14 79
2170 22 474 85 79 34 71 54 43 3 12 31 29 4 47 52 75 23 43 2 11 56 91 63 66 62 18 83 31 45 23 21 23 8 100 78 53 98 32 16 80 12 19 26 15 93 1
2171 22 493 10 46 63 65 37 25 83 50 94 65 81 2 9 3 22 83 62 21 39 40 26 88 23 41 20 35 60 97 1 52 49 10 50 12 27 86 88 9 35 82 73 15 34 70
2172 22 510 56 16 31 29 6 22 54 46 97 94 65 83 5 13 83 9 62 45 58 73 71 43 60 79 29 41 51 96 75 36 4 47 59 9 21 64 17 57 70 99 14 83 33 22
2173 22 561 44 77 79 68 47 21 27 77 1 20 28 96 94 15 60 76 18 59 86 79 31 49 84 47 58 6 97 71 40 81 92 35 22 2 56 94 33 94 12 90 93 26 20 96
2174 22 562 59 6 74 89 54 57 87 11 14 35 33 53 16 24 25 97 88 80 90 68 64 84 66 27 73 10 53 25 30 100 84 35 24 40 81 63 3 95 49 35 47 64 11 86
2175 22 543 40 7 73 72 97 40 35 80 58 62 4 67 66 28 96 65 63 82 89 39 22 21 53 24 15 1 14 17 68 99 56 27 23 27 54 72 27 9 38 44 88 86 8 51
2176 22 761 67 48 41 88 68 93 11 35 93 21 9 40 98 17 66 20 95 40 86 8 57 34 53 47 77 41 84 36 91 50 35 83 90 3 75 52 89 19 72 88 80 12 85 96
2177 22 661 29 56 90 69 42 50 13 50 83 66 48 12 58 31 99 48 33 34 82 22 88 56 73 28 74 97 15 5 60 51 56 51 91 21 1 25 86 100 43 31 87 42 72 75
2178 22 491 36 11 30 60 38 55 56 52 60 15 2 11 3 11 4 10 62 94 14 19 67 13 58 61 95 96 54 9 28 44 29 9 66 16 11 69 27 26 70 37 80 33 93 41
2179 22 614 94 86 23 7 56 89 19 14 2 14 9 7 22 28 87 18 95 73 74 10 83 42 88 60 64 77 91 96 69 32 89 54 54 95 62 94 13 27 47 78 35 54 52 14
2180 22 508 40 69 22 86 41 95 48 75 36 35 87 99 11 77 94 79 60 82 85 13 76 46 59 41 72 5 70 58 10 21 24 49 45 35 33 39 34 8 26 68 25 79 18 9
2181 22 585 82 52 45 46 79 90 56 71 13 61 41 23 70 13 98 71 54 42 57 86 32 90 93 9 38 33 87 12 3 48 6 92 90 84 34 46 55 98 58 47 20 79 59 17
2182 22 605 49 12 10 57 98 93 46 42 2 55 32 86 93 43 88 40 87 93 84 28 29 17 73 83 14 82 81 86 61 39 51 64 18 48 56 15 41 9 69 72 95 14 34 53
2183 22 543 79 36 28 7 4 52 41 18 34 21 3 46 59 56 6 61 19 23 60 27 38 1 87 58 72 33 71 86 67 76 37 97 11 16 55 15 68 95 84 53 86 98 77 93
2184 22 626 55 38 64 78 97 42 67 49 28 76 21 61 47 6 79 22 94 75 84 10 29 50 75 33 33 93 70 82 69 15 36 58 78 65 7 19 31 55 98 7 58 5 32 88
2185 22 533 78 78 14 13 87 94 63 67 20 47 99 12 69 80 33 83 15 90 60 80 48 30 62 3 27 20 29 37 76 61 53 38 90 66 35 28 42 55 26 92 18 94 23 50
2186 22 568 28 89 92 39 68 39 82 41 47 53 70 83 29 82 58 81 71 99 46 46 34 25 39 40 3 82 57 48 4 7 76 92 50 66 12 88 93 81 80 97 14 25 83 71
2187 22 571 6 53 22 3 50 55 80 40 94 82 21 2 81 24 60 8 67 9 74 78 97 59 77 38 19 78 3 43 12 25 64 46 55 65 34 56 45 67 76 99 47 51 58 55
2188 22 516 69 67 80 47 15 38 20 91 27 38 29 33 31 53 84 46 99 38 62 50 71 17 47 89 44 45 36 46 2 42 14 20 21 12 34 10 32 76 95 64 53 77 68 89
2189 22 505 22 18 26 83 68 49 99 66 37 94 62 24 39 15 17 53 35 37 16 20 46 47 96 33 42 96 72 71 60 92 33 38 27 52 86 77 74 71 30 98 9 45 14 13
2190 22 575 79 3 29 50 27 45 33 46 39 28 70 9 95 81 52 28 18 78 55 55 48 29 77 77 26 85 21 91 50 51 93 30 1 93 56 97 25 2 87 4 71 47 99 51
2191 22 422 99 26 21 28 56 75 34 55 3 10 84 80 47 56 71 48 7 63 77 59 55 84 31 85 42 35 40 85 10 38 62 30 18 17 4 51 24 59 13 7 38 11 8 58
2192 22 504 20 23 34 78 77 17 85 60 54 78 46 12 17 30 21 55 91 50 24 59 6 74 82 64 38 40 53 48 2 61 5 73 83 90 51 11 59 35 22 64 64 67 75 80
2193 22 674 96 48 86 86 97 9 45 54 35 26 69 72 66 22 72 19 82 28 43 16 70 93 78 80 79 100 42 66 74 62 16 59 99 65 20 43 54 21 39 77 38 60 48 8
2194 22 573 93 76 50 60 97 95 37 76 73 36 70 67 54 38 92 67 6 50 65 22 69 60 91 74 80 29 51 17 88 98 24 32 25 25 21 19 28 48 15 17 10 20 7 1
2195 22 583 86 64 2 3 85 23 62 75 96 41 4 46 9 43 84 75 20 8 17 93 27 96 92 70 63 9 31 82 67 83 30 84 74 14 6 35 88 54 43 99 87 38 94 70
2196 22 480 12 66 29 80 58 7 76 49 28 90 9 58 71 75 92 42 4 28 15 69 85 1 57 38 27 51 37 13 88 30 34 51 47 63 31 4 21 58 5 49 65 58 69 92
2197 22 558 50 63 95 77 77 64 61 30 72 99 56 22 87 21 10 68 6 12 15 68 42 70 41 99 26 89 97 91 46 66 82 95 28 28 23 56 43 84 37 14 34 93 88 72
2198 22 559 65 49 39 70 60 53 90 54 23 30 4 100 70 1 15 18 62 97 51 84 93 19 41 59 85 98 75 49 46 14 57 18 11 10 92 40 14 92 9 66 33 76 83 56
2199 22 460 37 31 6 72 34 50 91 26 8 46 10 5 21 10 2 86 80 59 55 42 20 47 85 90 94 50 22 69 84 77 57 14 29 100 71 25 43 16 35 100 36 44 1 73
2200 22 469 75 11 28 17 31 26 50 15 15 95 17 36 64 100 65 20 14 98 81 70 89 24 86 23 23 73 19 75 98 45 25 13 68 2 34 16 9 50 3 24 2 67 43 67
2201 22 596 17 95 31 97 64 19 72 1 94 94 74 64 21 71 60 58 47 73 77 48 38 10 15 46 12 17 69 65 36 64 52 58 61 48 73 31 76 17 99 39 37 21 67 23
2202 22 636 70 14 60 32 80 58 95 96 78 59 31 93 41 34 2 1 82 75 83 5 59 21 98 49 58 18 99 3 36 21 25 1 33 8 90 2 75 19 12 58 52 91 13 4
2203 22 608 24 39 38 28 96 49 35 97 58 4 95 60 39 16 84 39 48 91 18 89 44 45 7 55 2 70 83 61 68 21 99 47 59 46 45 42 52 1 89 64 56 47 78 55
2204 22 599 90 47 43 33 91 1 40 44 71 97 88 53 10 7 25 60 53 35 57 48 32 99 51 32 87 14 70 94 13 99 48 2 98 90 86 88 77 84 12 26 16 87 41 46
2205 22 488 29 27 2 28 58 52 79 89 90 44 11 83 56 61 30 9 71 95 98 61 23 81 24 48 3 40 34 79 80 31 59 58 33 39 16 84 69 56 26 12 18 8 68 79
2206 22 499 38 76 88 60 22 85 20 45 17 96 44 19 35 30 49 66 60 60 23 92 98 90 28 66 46 53 77 63 12 96 93 1 24 81 61 45 32 41 34 27 85 52 13 14
2207 22 482 1 78 25 60 53 17 9 94 96 74 39 100 2 54 11 98 98 12 21 78 24 17 95 55 58 80 34 94 31 46 59 83 76 83 94 28 51 2 46 27 12 45 29 17
2208 22 620 8 26 14 71 46 44 94 14 90 48 71 69 33 16 99 79 74 34 54 9 79 33 59 81 5 5 68 1 87 36 64 50 78 9 45 71 23 34 2 3 61 100 86 85
2209 22 649 38 94 64 22 53 96 79 9 54 46 9 41 82 69 4 83 98 65 27 69 39 60 91 35 61 45 95 12 78 33 97 67 26 12 89 30 7 67 90 60 99 52 19 8
2210 22 521 31 16 72 57 36 62 68 78 48 80 23 43 44 52 27 92 18 52 3 58 34 9 76 23 20 40 73 72 88 91 19 59 54 27 46 15 47 24 62 26 56 21 97 34
2211 22 647 12 66 38 14 24 71 74 99 45 46 90 18 69 78 60 99 48 18 52 74 64 18 72 87 31 50 84 39 70 32 82 97 9 47 73 23 76 18 93 86 41 4 88 74
2212 22 557 87 14 89 56 85 27 86 34 10 24 4 41 48 37 8 83 61 39 7 83 66 24 46 10 9 87 13 44 74 86 82 87 37 24 75 57 50 12 53 97 42 57 83 54
2213 22 555 95 89 88 12 13 33 21 73 71 33 69 45 2 83 44 39 6 96 65 15 56 14 78 9 63 26 19 60 55 65 48 94 76 12 26 96 37 97 28 57 93 50 58 27
2214 22 680 94 48 85 41 12 99 96 78 76 56 40 53 57 58 63 22 56 97 75 34 44 63 82 23 71 74 73 81 52 18 28 36 58 92 86 53 69 62 61 60 66 69 17 30
2215 22 566 32 90 93 39 86 67 72 81 82 5 3 52 78 75 30 92 12 17 49 55 54 23 16 66 34 81 50 10 17 39 2 56 76 21 79 56 84 58 5 13 85 89 94 76
2216 22 546 11 77 54 13 82 28 28 47 61 8 80 62 70 97 23 4 27 95 34 48 65 91 53 78 41 71 3 92 33 31 45 45 12 72 24 58 84 84 89 45 85 44 88 22
2217 22 530 22 70 55 69 86 97 73 15 24 65 38 78 56 70 8 100 67 71 23 90 28 6 16 50 77 53 45 4 92 18 25 13 72 45 99 69 18 65 44 34 2 21 90 72
2218 22 477 80 41 90 50 16 79 29 21 4 96 23 80 19 83 92 37 7 4 8 4 54 28 21 19 71 6 20 43 95 43 22 36 84 23 51 63 3 23 66 51 97 45 2 16
2219 22 491 80 93 52 38 49 11 41 54 39 13 72 61 19 44 4 13 38 77 22 100 2 36 54 77 1 56 73 97 58 88 76 50 91 14 50 2 6 4 92 19 27 52 37 70
2220 22 447 55 1 60 32 1 33 83 54 68 88 30 20 44 3 16 1 90 44 2 33 9 4 34 14 7 25 32 85 76 20 21 66 14 21 98 48 26 65 35 56 36 78 58 51
2221 22 468 78 99 46 32 31 6 35 64 20 41 40 3 77 68 23 83 50 43 48 15 15 97 62 40 13 96 95 48 26 4 51 55 3 96 86 33 2 20 49 73 12 40 75 89
2222 22 496 7 49 23 8 43 71 22 9 19 83 49 32 31 95 79 8 51 81 62 53 29 48 37 82 54 83 77 80 35 81 45 43 15 64 32 86 99 32 17 81 78 47 88 28
2223 22 584 28 49 32 56 48 69 89 19 57 42 1 85 73 23 20 53 67 62 34 77 11 19 75 42 87 7 71 33 94 99 12 95 82 19 2 7 59 100 64 43 86 62 77 5
2224 22 587 75 56 38 52 66 56 78 7 42 37 30 26 82 80 90 28 61 8 22 63 67 85 73 66 49 15 86 29 19 90 55 74 27 58 40 34 88 98 24 79 5 5 58 94
2225 22 510 33 19 53 6 71 90 5 89 90 71 30 76 99 48 17 6 74 44 63 65 29 50 14 8 73 93 12 30 50 57 62 20 61 67 52 32 8 56 20 98 79 49 25 29
2226 22 521 49 41 34 22 36 97 86 17 98 99 24 23 91 87 52 93 95 65 12 55 83 16 38 90 23 57 39 1 6 15 30 54 56 63 27 43 11 12 59 9 62 34 31 5
2227 22 671 72 82 97 66 46 60 73 28 75 10 69 98 19 8 98 24 22 79 29 29 42 55 52 18 82 12 79 16 35 39 31 57 91 29 99 17 90 20 14 8 64 83 63 81
2228 22 596 35 69 4 39 86 37 50 17 44 51 43 18 34 99 90 76 79 40 92 68 59 58 28 37 73 10 41 66 21 1 93 76 91 79 12 40 47 16 83 97 58 53 30 8
2229 22 552 94 57 86 33 49 53 44 58 32 32 30 42 72 95 66 44 47 58 19 37 88 83 29 34 50 11 83 7 15 64 8 21 51 93 21 55 36 78 87 67 59 80 39 5
2230 22 493 97 82 52 54 53 40 94 87 68 27 36 31 61 94 45 25 59 5 9 97 65 15 32 94 1 50 4 32 40 8 28 74 34 26 51 27 12 18 5 99 48 66 92 45
2231 22 528 90 50 49 86 10 45 2 24 28 47 77 77 50 8 17 57 88 90 68 21 67 18 99 30 35 3 20 71 79 61 27 46 81 71 4 50 45 32 26 94 92 94 3 79
2232 22 581 35 70 99 53 39 97 82 73 51 61 7 71 31 85 83 2 63 81 33 79 38 34 76 21 60 21 12 5 23 42 40 44 92 92 26 7 91 38 65 13 21 2 95 22
2233 22 544 64 27 56 49 6 93 82 33 13 41 53 77 46 28 18 37 23 62 80 57 1 5 63 91 43 79 55 15 2 36 44 28 91 92 85 35 73 17 66 22 28 63 97 51
2234 22 513 23 58 30 79 59 35 93 1 29 72 8 43 51 9 46 88 73 89 7 14 41 58 79 62 85 93 62 82 95 37 39 24 15 97 10 60 50 90 31 57 84 33 17 14
2235 22 555 79 4 86 67 76 44 32 69 2 10 30 86 54 44 67 48 80 58 24 46 6 33 5 55 75 87 63 58 72 79 23 50 83 8 68 10 4 100 78 5 61 60 42 67
2236 22 525 3 61 66 34 18 89 31 75 74 88 30 48 26 92 5 97 71 28 98 5 87 18 14 42 17 92 29 51 40 47 52 13 90 21 53 72 95 26 59 76 25 85 68 82
2237 22 613 81 90 9 31 94 47 48 7 89 16 50 38 44 100 77 43 56 80 7 45 59 17 95 37 27 70 61 63 42 96 30 2 26 23 1 73 82 41 88 31 78 83 83 55
2238 22 524 25 38 86 31 35 86 90 3 32 78 29 53 38 92 94 32 39 23 85 64 98 85 36 79 23 9 3 57 43 9 82 81 12 67 31 53 69 14 49 67 20 92 30 34
2239 22 578 87 93 31 72 80 61 48 2 22 50 11 64 10 92 96 56 55 62 38 60 82 52 41 31 70 12 81 14 52 66 53 96 97 24 76 9 23 29 30 25 39 46 34 30
2240 22 551 41 41 37 3 79 96 84 30 36 66 51 100 88 31 13 91 96 65 86 44 40 13 53 15 42 34 39 80 24 62 20 65 98 74 95 45 9 76 32 75 26 31 14 56
2241 22 443 96 4 3 12 41 47 4 54 51 18 95 36 8 26 15 31 39 86 47 36 11 41 32 19 16 64 45 41 46 58 48 41 13 51 5 54 49 8 59 51 77 53 86 84
2242 22 530 30 52 14 69 37 61 56 99 53 40 18 69 3 62 61 100 72 9 93 84 59 97 89 7 47 9 32 51 94 67 81 98 80 1 86 92 8 85 45 47 2 65 1 15
2243 22 553 25 1 38 33 93 22 43 41 10 1 96 57 9 79 59 55 45 39 52 76 91 37 68 99 21 64 74 80 98 41 4 98 78 89 42 51 31 82 13 32 77 21 40 7
2244 22 483 79 46 51 70 97 26 60 86 45 10 6 8 7 32 87 4 24 43 1 1 31 42 4 13 75 16 44 3 36 36 9 14 81 59 35 30 95 15 56 72 40 62 3 79
2245 22 495 17 26 21 17 79 3 10 82 15 36 49 11 38 84 46 46 26 56 84 7 92 30 24 37 93 63 51 47 67 73 65 36 3 67 97 36 34 33 44 70 19 89 16 19
2246 22 592 66 71 54 73 14 35 45 37 72 37 52 22 84 96 88 8 61 75 10 79 97 12 4 80 55 73 50 95 40 68 13 63 22 37 76 56 81 65 79 18 68 52 53 63
2247 22 563 40 60 23 66 21 54 37 17 65 40 48 72 97 18 56 16 30 18 89 18 94 97 99 10 75 68 77 27 20 39 18 79 14 83 67 72 83 63 6 27 62 24 5 100
2248 22 636 18 23 45 14 21 6 88 40 82 66 59 73 83 37 38 18 87 56 89 53 51 18 44 30 79 19 64 7 23 15 76 45 60 89 17 17 29 56 99 94 66 23 54 12
2249 22 604 98 40 67 86 44 56 88 61 51 69 91 69 32 50 92 47 25 88 58 66 57 74 94 64 24 87 30 98 83 9 64 23 75 1 18 83 41 31 33 9 21 2 22 45
2250 22 495 39 99 32 96 64 88 21 57 4 45 95 33 94 62 15 3 77 89 29 30 59 11 70 89 44 30 61 45 22 83 89 60 33 72 7 96 12 28 52 15 24 98 47 17
2251 22 495 11 13 71 88 54 100 17 12 10 38 5 67 12 49 41 46 89 100 78 61 59 73 24 86 76 38 61 74 36 77 84 100 23 5 99 91 16 60 28 67 65 47 31 65
2252 22 523 39 76 54 38 66 96 26 41 33 54 78 93 27 65 22 62 16 21 85 21 71 75 88 30 55 55 46 53 11 91 12 16 80 65 28 43 73 60 96 2 5 74 35 81
2253 22 549 50 71 53 20 98 41 1 4 47 47 56 83 9 98 94 24 29 59 80 16 48 81 72 21 49 7 30 98 83 69 27 75 69 30 21 67 37 3 75 86 14 6 57 70
2254 22 619 58 88 37 57 68 60 29 17 8 36 47 57 65 81 25 43 55 45 24 75 64 12 77 90 97 76 92 62 82 48 83 91 36 71 48 55 30 28 72 89 63 70 79 50
2255 22 497 73 21 4 70 96 78 33 7 6 22 55 81 65 17 14 65 51 5 52 22 3 31 29 44 46 98 40 24 47 65 97 50 34 92 27 66 84 39 5 65 56 73 78 20
2256 22 670 76 34 71 97 89 76 51 72 57 94 69 54 86 44 53 50 92 2 35 84 81 100 64 90 42 80 45 15 10 64 95 86 38 36 62 40 7 70 75 23 70 75 72 62
2257 22 526 29 6 97 9 57 82 24 98 23 4 95 89 65 58 30 59 96 19 94 57 11 52 78 96 18 48 27 41 9 55 46 5 15 54 38 38 51 60 93 45 1 9 55 82
2258 22 465 68 50 53 13 58 63 65 35 10 42 86 27 41 12 67 49 18 64 5 32 17 42 22 67 2 66 64 54 75 18 87 94 19 39 6 76 1 22 62 10 16 47 88 56
2259 22 434 11 6 57 28 69 61 12 85 3 33 4 56 50 67 61 24 36 47 54 86 27 81 38 100 42 100 15 88 39 23 98 45 31 78 13 91 89 98 45 21 53 100 22 19
2260 22 480 12 98 54 59 66 59 96 92 39 33 44 80 84 58 19 23 32 69 67 62 46 79 5 34 28 49 6 80 1 27 50 12 24 55 70 42 13 65 85 51 82 85 38 1
2261 22 622 7 69 69 25 83 14 56 87 99 35 87 4 15 87 82 16 58 71 20 99 37 83 86 38 11 67 22 100 67 81 68 87 5 2 52 60 88 50 95 75 61 13 76 63
2262 22 628 96 98 83 94 81 71 28 18 8 38 84 81 37 51 61 57 89 66 58 41 77 98 42 23 24 47 36 85 11 99 80 60 33 25 92 55 52 9 62 42 93 94 30 95
2263 22 541 55 38 83 72 96 75 48 45 17 71 68 15 5 3 51 67 53 82 27 85 6 18 39 9 52 50 71 98 80 65 99 75 64 74 22 8 42 44 56 1 30 6 19 34
2264 22 495 87 45 19 44 15 9 52 93 13 2 63 10 33 27 1 25 17 50 60 76 91 56 3 98 8 84 26 17 41 23 84 37 96 36 29 60 89 91 21 73 69 33 73 45
2265 22 431 19 89 47 30 65 37 85 19 35 92 2 89 18 18 30 92 5 65 28 52 8 63 40 50 83 12 15 85 14 85 25 60 41 49 99 59 42 12 23 11 52 2 86 17
2266 22 615 81 89 68 88 51 8 37 33 19 6 99 55 72 83 80 83 96 72 31 46 83 13 88 94 36 50 75 39 52 60 7 84 48 75 50 82 60 82 18 80 41 14 38 23
2267 22 515 62 61 54 7 43 18 46 89 5 48 63 44 99 23 50 82 22 24 72 57 17 5 9 34 37 67 74 50 56 96 16 1 70 11 19 67 23 14 61 66 64 35 68 98
2268 22 478 9 43 2 32 18 88 60 3 24 78 28 26 33 76 88 100 76 9 10 94 8 69 41 21 34 57 7 53 54 15 96 7 98 95 77 86 6 31 61 83 59 86 67 34
2269 22 549 26 66 61 86 28 7 13 87 75 6 7 60 62 66 67 80 60 25 78 54 1 15 11 32 93 90 90 76 87 75 55 45 40 42 19 97 31 10 65 95 76 45 54 100
2270 22 498 74 7 53 40 69 84 14 61 25 26 23 51 15 50 37 42 5 82 33 46 52 29 45 82 38 10 76 13 6 29 64 31 87 16 70 55 51 35 67 75 13 41 79 91
2271 22 544 14 20 95 47 52 40 50 32 36 84 69 97 11 33 54 92 97 36 30 64 57 37 15 92 3 89 4 96 66 82 86 31 80 29 71 78 89 6 13 57 55 24 42 8
2272 22 558 15 38 96 44 53 52 80 67 43 35 8 98 30 25 7 85 46 35 41 16 64 81 73 29 38 27 52 79 87 18 68 82 13 20 85 93 39 28 79 98 25 60 74 56
2273 22 604 26 80 40 71 66 33 38 81 13 10 9 2 89 60 80 27 29 99 60 42 71 44 34 61 64 58 48 23 83 3 62 95 70 27 27 7 59 91 68 68 93 56 79 24
2274 22 549 34 8 23 93 49 45 37 34 5 59 97 14 6 71 96 61 22 9 7 91 87 33 45 75 68 12 67 76 91 91 9 98 65 2 98 9 90 31 48 79 30 54 25 66
2275 22 494 22 85 72 12 71 56 12 15 30 31 27 97 6 69 39 67 18 3 20 15 11 9 45 27 56 23 61 23 32 26 44 16 97 7 86 4 70 100 34 100 78 82 58 46
2276 22 609 20 24 63 22 43 77 84 3 73 10 58 95 65 19 69 96 96 64 11 93 70 96 91 47 81 91 25 62 22 81 75 37 54 69 37 71 38 46 28 84 62 98 53 57
2277 22 637 94 16 19 38 38 66 85 28 13 66 70 89 79 69 10 12 95 98 65 63 63 2 33 100 47 13 83 9 87 17 55 55 88 92 92 53 77 71 17 94 41 57 24 61
2278 22 519 19 35 56 16 70 78 1 3 77 99 67 12 59 28 98 28 83 4 15 26 95 67 54 66 36 99 58 92 23 18 10 57 25 26 55 8 49 32 17 94 44 44 28 48
2279 22 486 58 54 42 77 7 59 12 58 16 55 80 86 65 36 10 42 44 56 96 3 4 79 61 70 73 78 64 69 91 16 31 96 9 59 55 68 22 12 35 76 20 92 78 82
2280 22 592 33 73 37 81 76 93 11 36 62 36 65 77 4 38 20 19 68 15 27 78 69 46 99 32 81 74 22 52 66 52 85 50 24 74 82 99 93 87 79 28 51 56 31 88
2281 22 646 27 1 7 93 79 84 62 25 82 45 57 56 67 60 73 18 45 74 93 70 56 92 35 100 78 65 80 72 9 68 98 61 74 91 39 58 4 63 91 48 71 98 66 31
2282 22 684 70 35 27 96 28 48 51 71 82 50 46 28 79 18 88 46 67 48 72 57 86 29 12 1 71 12 23 69 77 5 90 12 83 85 91 30 87 61 63 36 60 61 15 90
2283 22 609 30 2 36 96 1 7 5 39 87 68 91 9 79 13 77 56 70 19 19 52 3 9 34 42 69 96 80 56 44 21 85 97 56 33 98 14 89 36 52 56 78 61 35 90
2284 22 600 89 90 11 7 60 63 62 68 48 3 88 43 31 19 51 26 39 87 23 95 19 20 59 7 64 15 84 76 49 25 16 90 36 75 50 36 68 49 90 55 91 72 73 93
2285 22 734 98 63 80 20 9 50 91 69 49 84 75 84 59 75 60 74 64 95 48 64 96 35 83 44 76 89 87 48 13 79 97 75 10 16 84 60 58 4 68 58 94 41 70 83
2286 22 530 47 70 46 94 4 80 38 32 68 76 79 80 6 75 54 16 42 37 75 51 92 94 8 78 87 48 74 54 96 36 45 65 33 39 20 12 28 51 31 3 81 10 7 15
2287 22 554 23 48 4 49 98 95 42 5 25 80 85 3 45 20 47 61 33 67 12 35 97 14 16 58 74 22 73 48 22 76 71 22 90 28 46 70 31 96 54 33 40 26 80 53
2288 22 612 29 16 85 48 28 19 44 93 86 2 66 60 26 14 33 53 62 3 74 51 30 20 72 13 67 78 97 58 3 76 10 83 92 46 71 17 63 54 27 81 65 4 94 97
2289 22 536 56 7 52 29 57 33 29 45 66 58 42 76 60 69 85 94 12 83 76 82 99 1 97 52 79 77 17 82 22 65 37 28 16 17 36 49 45 34 73 38 9 84 7 46
2290 22 455 30 70 28 5 4 78 57 100 29 35 97 68 1 14 56 80 72 15 40 83 26 74 7 63 34 91 69 79 20 39 58 76 42 35 32 93 16 66 64 85 77 40 51 58
2291 22 593 63 17 38 3 99 63 28 6 26 61 48 94 92 19 84 1 94 77 36 25 21 3 42 92 66 26 95 65 65 4 27 82 41 81 32 4 8 89 29 21 88 74 64 6
2292 22 565 10 64 99 38 51 23 59 53 64 50 71 89 13 17 5 77 20 84 60 64 42 63 72 82 43 44 70 69 7 75 78 22 74 15 73 48 77 64 75 47 4 87 63 9
2293 22 494 15 34 92 77 94 7 70 8 78 51 3 73 72 71 79 47 48 1 14 25 71 39 1 34 13 48 38 51 62 98 17 96 89 93 41 95 25 65 2 97 36 72 28 34
2294 22 391 71 80 5 85 4 28 23 4 61 35 3 50 37 17 47 53 64 87 46 4 34 59 55 58 57 6 11 28 85 44 51 16 1 35 19 28 9 75 40 95 29 90 31 97
2295 22 563 36 83 60 75 80 15 8 39 70 17 13 26 74 23 5 11 19 55 26 71 41 97 98 49 23 89 95 51 78 25 48 66 59 40 91 74 99 29 15 94 20 88 68 76
2296 22 597 50 38 31 76 8 23 72 5 24 94 94 18 96 23 95 95 40 54 6 79 44 79 29 25 25 43 70 44 83 37 71 32 75 53 59 82 76 30 39 99 84 68 23 6
2297 22 524 62 69 46 67 74 76 11 4 57 87 28 99 56 23 33 92 17 18 98 75 25 57 90 23 83 73 43 57 30 4 26 27 71 51 55 33 19 34 61 74 9 46 54 62
2298 22 578 35 51 88 86 28 44 27 50 99 92 83 80 48 60 59 18 11 65 50 17 75 20 2 87 93 10 32 9 15 93 95 18 81 32 45 76 58 94 54 8 38 89 40 37
2299 22 437 48 98 6 10 62 55 26 88 74 28 18 89 58 78 4 2 25 21 34 56 65 10 14 10 15 73 99 3 12 35 51 9 40 60 22 46 38 61 71 17 87 40 5 44
2300 22 686 18 8 45 42 28 31 49 44 40 14 54 54 87 52 9 98 39 59 59 30 70 32 76 59 93 46 75 79 86 80 74 55 48 19 96 62 91 62 67 97 71 5 97 9
2301 22 570 15 7 90 84 39 65 95 83 63 69 13 100 86 6 91 55 53 9 55 100 22 45 61 89 41 60 11 45 9 71 59 15 60 95 5 25 87 39 51 90 36 95 99 11
2302 22 512 97 98 32 93 11 72 34 22 82 30 30 52 41 97 12 87 1 88 27 40 26 87 90 67 47 78 61 49 20 59 59 16 8 91 70 14 93 92 96 75 73 99 15 69
2303 22 576 62 53 22 49 79 13 26 17 54 92 16 83 52 64 2 62 23 17 70 65 77 39 30 69 82 25 95 55 76 9 37 13 96 86 43 60 63 60 14 7 75 96 58 38
2304 22 483 50 72 12 66 41 28 94 31 58 15 13 82 9 67 70 41 46 82 89 83 25 48 45 84 51 58 61 61 47 10 32 11 27 24 38 21 6 95 35 70 29 95 88 37
2305 22 512 64 29 82 46 69 64 70 68 61 5 81 11 14 93 23 12 2 6 22 80 60 52 87 54 86 56 34 33 44 71 96 24 4 93 20 62 11 80 18 43 42 83 35 17
2306 22 640 95 88 22 16 20 55 75 71 41 81 9 48 66 41 91 36 36 66 92 29 63 42 72 94 12 14 87 94 1 3 88 40 77 56 59 31 82 82 23 62 90 70 80 30
2307 22 591 13 15 17 78 58 97 39 20 91 10 2 75 47 27 54 35 67 30 90 77 12 71 34 85 99 4 64 28 16 30 97 45 40 45 35 59 96 24 88 23 75 35 49 28
2308 22 512 21 67 10 62 96 21 84 53 55 20 4 10 83 83 77 65 79 21 76 8 14 10 3 89 50 77 63 36 26 43 8 92 52 69 39 72 44 78 24 47 87 58 29 63
2309 22 611 22 60 36 77 35 43 43 96 97 31 45 74 46 32 51 88 39 94 59 33 62 63 76 40 86 22 78 43 2 41 65 61 93 95 70 35 18 18 63 71 50 61 87 88
2310 22 428 20 19 1 82 46 40 67 67 18 9 68 10 25 81 37 18 27 6 4 69 75 21 8 18 83 30 10 84 90 48 23 9 66 24 11 63 56 29 32 65 49 93 41 29
2311 22 581 29 58 55 86 14 76 61 34 83 78 69 12 39 4 53 87 27 62 4 50 51 67 64 7 95 96 23 95 40 63 75 69 73 82 54 86 57 66 71 91 91 54 34 95
2312 22 539 6 20 21 67 23 70 18 89 85 76 36 32 50 30 72 12 57 40 38 45 94 11 44 84 86 37 90 32 61 52 84 73 30 24 58 5 11 89 54 93 12 17 49 51
2313 22 531 53 86 48 25 79 10 20 14 66 6 2 56 37 95 68 41 7 3 13 36 27 22 92 37 63 45 81 74 14 29 77 66 76 42 44 85 62 9 67 10 9 55 57 77
2314 22 569 95 63 79 60 51 57 33 42 46 95 39 26 21 52 55 49 69 20 76 10 64 60 71 72 13 89 34 22 44 42 50 90 56 28 49 6 85 82 30 28 38 7 41 61
2315 22 558 9 81 75 70 96 86 41 19 99 29 4 72 24 45 21 14 53 48 14 58 84 47 65 27 98 72 26 38 78 98 16 52 68 11 38 60 30 88 40 33 59 64 79 29
2316 22 692 82 78 42 91 62 89 78 67 49 49 92 87 85 21 36 100 73 55 63 62 14 92 54 76 59 17 57 89 97 38 66 38 29 79 80 57 44 28 88 66 41 8 93 32
2317 22 570 8 55 93 22 98 93 75 25 3 43 82 91 39 19 57 28 99 35 6 30 43 1 10 100 40 27 48 80 84 31 88 38 24 9 35 68 60 71 77 41 61 67 11 69
2318 22 644 94 62 56 99 43 98 52 52 97 91 79 89 90 58 72 21 10 96 57 96 63 91 55 85 19 47 98 85 66 79 23 21 29 65 80 69 67 23 99 55 12 8 27 32
2319 22 502 5 88 27 61 83 90 4 90 26 22 88 23 7 49 41 37 71 13 17 88 97 8 50 19 6 56 30 13 34 14 69 21 40 30 56 81 33 45 84 81 64 33 73 100
2320 22 584 55 86 69 94 20 17 1 69 87 6 77 68 71 10 81 39 83 21 68 38 52 34 59 10 17 40 73 49 12 25 56 49 93 49 9 50 89 95 7 65 62 77 27 95
2321 22 479 16 9 15 35 46 67 39 79 26 48 47 17 20 96 80 44 3 81 88 51 49 96 89 42 7 6 56 35 32 50 50 40 37 37 82 75 67 59 22 13 27 41 60 59
2322 22 525 37 62 39 24 13 39 72 64 27 65 22 32 57 15 21 58 6 36 94 94 70 68 60 80 89 25 7 82 84 65 98 3 45 10 93 68 25 19 33 47 3 4 55 69
2323 22 544 77 12 75 64 6 20 33 73 80 65 14 4 71 47 39 87 16 36 89 60 97 33 28 74 51 12 20 5 67 26 26 43 37 52 59 42 43 67 50 7 32 5 78 96
2324 22 573 63 45 31 3 4 80 35 83 53 38 46 72 94 13 49 19 55 85 70 65 79 93 8 97 14 28 99 91 57 94 5 1 76 60 56 55 91 7 83 36 30 29 48 78
2325 22 577 47 55 15 69 19 93 13 26 89 6 92 68 56 82 76 1 38 28 77 97 83 83 43 25 90 77 61 71 5 60 1 4 66 15 24 85 59 36 62 99 41 5 97 38
2326 22 515 41 97 76 68 25 24 2 8 66 27 49 43 39 71 47 98 71 2 16 37 52 95 60 13 93 53 18 10 1 55 97 82 21 74 6 75 81 23 53 81 65 91 51 64
2327 22 475 40 74 65 55 10 90 6 57 1 71 53 40 11 5 46 64 54 80 85 27 59 7 63 39 24 5 41 39 44 66 3 51 76 44 56 84 97 78 84 1 17 46 15 10
2328 22 501 59 94 46 85 30 56 95 36 70 33 11 74 25 49 69 91 4 19 18 99 27 1 36 96 73 82 53 39 43 11 32 88 47 61 41 48 16 25 89 1 57 91 62 28
2329 22 494 60 61 54 60 7 9 96 54 81 29 6 71 71 68 2 10 66 14 56 58 14 71 34 24 11 35 82 19 77 96 98 37 8 51 48 14 12 95 68 44 23 25 15 45
2330 22 550 45 68 6 10 82 61 20 47 83 53 70 45 87 3 16 16 50 13 52 57 51 23 27 46 42 70 66 84 65 62 72 85 43 31 17 95 62 34 54 29 49 56 41 52
2331 22 491 12 56 2 34 34 99 75 4 19 93 87 35 54 90 56 77 74 90 7 66 20 99 13 48 47 68 40 98 31 48 51 65 81 50 91 84 68 83 23 2 89 64 9 17
2332 22 546 90 99 36 45 5 1 4 76 99 68 23 97 87 62 46 69 61 96 33 42 45 76 77 12 10 51 65 50 15 26 67 4 24 2 80 54 55 55 22 77 52 60 97 29
2333 22 568 51 92 13 44 37 40 72 100 50 23 17 99 89 42 65 92 18 43 44 23 98 50 78 71 26 29 31 67 77 11 69 69 75 64 57 15 36 56 64 58 24 14 46 65
2334 22 557 31 89 81 48 24 23 80 73 51 50 33 69 57 95 89 25 69 53 83 40 41 98 97 64 12 94 29 42 34 9 64 85 63 96 9 15 98 11 47 30 3 76 19 80
2335 22 467 44 23 12 79 62 52 76 10 68 39 3 96 32 36 56 73 52 40 87 47 1 53 11 99 25 41 2 100 33 95 34 96 47 100 57 67 91 11 23 47 69 47 50 9
2336 22 556 33 48 61 38 43 71 36 67 63 89 18 25 21 64 10 69 89 57 68 41 65 34 31 75 47 5 73 15 51 22 75 36 35 73 57 8 29 19 49 98 96 21 62 5
2337 22 530 89 2 13 8 42 77 41 24 52 39 29 76 6 31 50 80 66 70 67 90 33 23 94 98 11 89 18 24 45 59 25 58 34 59 93 37 97 21 65 54 4 14 86 21
2338 22 575 83 52 11 67 26 60 80 19 57 42 59 26 17 56 84 93 13 2 10 98 60 2 87 8 75 51 62 30 64 47 50 98 65 75 71 44 46 79 37 4 53 59 40 45
2339 22 503 23 93 6 21 52 59 59 12 85 9 73 14 72 71 16 69 20 27 46 98 80 91 76 16 95 32 5 24 28 16 21 100 32 58 31 16 18 55 82 89 77 97 9 96
2340 22 525 23 46 93 72 25 84 41 30 83 12 34 58 28 13 26 100 64 45 31 73 27 99 90 81 80 30 57 28 91 4 2 36 48 74 60 31 52 60 7 64 46 65 43 58
2341 22 601 90 42 74 86 73 46 12 71 36 44 2 65 52 81 55 7 82 90 54 7 85 31 53 96 68 41 10 51 95 52 24 80 76 69 43 98 56 86 99 21 37 31 27 95
2342 22 576 12 69 48 71 70 32 1 74 80 90 42 20 95 3 22 89 6 45 20 81 66 62 30 21 99 28 93 87 10 20 81 74 40 29 44 9 96 82 91 38 75 63 32 30
2343 22 588 84 73 35 81 92 68 46 6 97 18 4 77 63 91 86 34 71 59 73 51 54 33 50 14 5 39 41 67 70 22 51 94 8 83 38 75 28 43 24 97 98 52 59 40
2344 22 589 37 44 63 48 16 13 53 48 27 54 14 84 92 6 50 14 52 7 34 34 44 61 13 38 84 10 88 87 20 27 75 64 89 22 31 54 79 80 80 44 72 49 65 85
2345 22 660 27 68 43 60 54 87 72 66 76 7 63 93 99 90 68 14 78 41 44 31 67 74 17 77 70 17 93 6 13 48 55 66 34 78 83 62 85 62 24 29 60 65 96 73
2346 22 602 95 37 68 77 55 94 39 53 62 68 22 79 60 79 73 72 27 79 89 12 57 72 93 33 49 21 44 13 17 16 7 5 35 84 59 28 74 64 90 41 37 20 53 16
2347 22 643 92 76 42 23 17 5 79 88 78 23 72 26 43 15 90 11 82 97 15 16 32 26 44 5 89 85 98 77 4 2 47 77 85 69 93 90 99 32 67 21 3 44 16 69
2348 22 524 33 26 50 81 93 18 12 70 61 69 10 97 66 86 67 78 98 95 14 67 40 3 65 71 21 38 26 16 53 94 1 78 96 81 22 13 45 91 25 13 78 86 72 96
2349 22 551 15 69 90 28 35 29 83 52 52 3 89 77 19 41 22 19 70 17 51 92 81 95 82 5 59 34 25 88 48 83 85 17 73 64 3 53 46 6 4 1 32 19 38 6
2350 22 531 89 8 74 91 51 55 38 84 11 96 17 88 84 87 35 18 23 3 42 87 58 95 32 63 50 84 9 34 54 98 91 94 5 64 85 7 70 22 81 69 59 68 4 98
2351 22 632 54 22 20 57 63 6 14 9 90 28 11 73 88 44 27 86 86 72 42 49 56 49 71 29 91 3 98 49 70 1 46 23 74 66 31 89 23 96 97 64 76 7 37 63
2352 22 567 2 15 39 86 42 40 94 42 10 22 32 12 71 80 33 24 78 7 97 95 90 85 17 85 34 81 60 92 69 75 46 35 74 84 72 15 23 65 56 32 87 95 9 19
2353 22 672 79 32 48 86 81 42 75 65 58 11 50 90 71 42 10 45 87 96 70 70 68 85 45 84 92 76 74 31 23 83 49 1 66 48 38 46 89 64 63 98 12 40 97 5
2354 22 633 49 93 91 45 62 13 64 98 57 47 90 84 21 20 58 55 20 59 72 67 96 18 55 12 32 4 86 95 43 82 44 74 42 88 87 54 51 85 74 98 45 55 27 16
2355 22 477 65 99 82 13 68 88 24 99 91 9 93 86 42 92 29 67 86 68 53 39 18 37 62 50 6 56 17 21 21 15 54 85 8 32 36 68 25 21 9 68 49 75 16 79
2356 22 549 44 85 16 96 54 77 97 44 35 4 13 7 76 27 60 61 5 67 92 40 34 68 94 36 20 40 27 99 83 63 14 30 69 42 78 64 28 82 87 57 55 99 17 15
2357 22 455 3 35 6 43 21 74 2 14 61 14 34 100 92 32 83 55 97 64 23 90 42 86 18 23 14 4 31 68 47 82 56 82 39 98 54 64 52 67 24 65 76 56 35 10
2358 22 550 62 31 73 36 14 22 90 88 35 45 19 54 98 65 53 98 3 51 37 54 70 12 87 77 8 96 39 90 69 26 34 99 22 33 47 40 86 96 56 72 1 54 97 3
2359 22 538 56 85 77 96 50 35 53 9 82 43 98 2 69 60 36 67 62 9 52 61 48 89 8 3 13 8 9 10 16 93 17 44 40 93 93 74 1 56 92 51 60 10 44 79
2360 22 516 23 52 82 35 51 22 43 6 34 50 13 42 60 80 28 24 26 21 68 99 70 21 6 61 71 15 73 32 10 3 54 62 84 89 64 5 83 69 39 32 32 43 18 71
2361 22 513 88 43 43 56 93 12 76 99 72 98 65 96 29 74 98 34 87 33 22 51 38 4 19 28 52 11 30 17 28 100 4 22 94 11 15 5 13 29 35 77 24 63 2 74
2362 22 566 97 89 6 70 39 95 26 57 74 13 61 37 94 77 64 46 32 86 43 52 44 80 16 24 15 44 99 29 45 72 77 33 30 47 23 76 24 80 50 88 92 86 81 68
2363 22 569 1 26 51 38 65 93 41 8 73 56 31 39 99 81 19 44 53 96 76 34 94 51 9 17 30 10 56 73 47 36 92 48 62 42 37 26 35 78 85 59 33 67 49 84
2364 22 577 47 67 27 51 14 54 84 7 4 93 75 85 2 30 57 49 18 48 48 79 90 36 56 76 65 92 34 50 58 82 33 56 59 7 64 42 72 68 99 52 88 80 61 88
2365 22 576 97 60 87 27 49 22 82 24 39 25 9 88 34 42 20 90 42 78 48 55 41 89 78 60 75 76 64 14 8 24 1 4 83 39 31 84 60 64 59 98 85 74 61 56
2366 22 560 63 2 85 62 8 78 51 86 37 77 13 52 90 20 75 42 24 10 80 6 45 91 21 55 41 61 74 77 35 35 33 49 36 17 11 44 94 13 81 83 93 34 30 65
2367 22 538 61 23 40 22 54 45 66 44 17 72 84 30 46 61 16 80 45 16 67 61 26 62 7 90 42 41 30 87 74 11 51 86 33 90 86 86 24 82 96 17 83 41 29 50
2368 22 653 72 73 66 38 86 43 44 33 93 84 62 31 57 25 81 95 70 1 95 7 77 76 61 72 92 95 64 73 97 87 45 62 24 30 56 75 25 88 20 8 2 50 17 26
2369 22 650 83 11 34 52 63 28 11 39 55 71 62 99 17 25 71 13 67 26 39 49 82 13 73 21 84 81 22 86 97 99 68 59 85 71 21 64 81 60 19 3 69 20 98 91
2370 22 591 32 60 57 10 98 5 91 63 78 11 58 85 83 6 50 64 19 21 84 83 53 95 56 16 21 27 65 11 10 24 74 24 9 36 20 85 68 67 38 69 30 9 89 65
2371 22 614 91 94 60 43 49 27 15 27 43 77 36 18 95 55 70 15 78 22 34 63 83 89 82 49 79 50 30 87 29 84 6 23 84 84 37 10 65 45 11 51 86 81 66 15
2372 22 584 2 51 29 85 92 10 85 70 60 15 8 50 61 88 33 18 10 68 53 98 77 30 62 21 24 24 72 61 4 37 28 58 87 56 94 78 66 78 99 77 44 58 78 4
2373 22 467 97 62 73 6 29 77 55 5 6 68 25 82 92 48 94 95 36 21 4 75 75 3 22 18 12 99 74 9 60 98 66 88 21 44 32 40 20 13 31 68 7 78 3 79
2374 22 549 81 29 7 78 33 52 4 87 73 21 50 23 46 58 82 96 76 21 70 48 64 1 87 84 66 18 3 72 47 57 2 27 86 9 12 7 56 37 80 5 59 77 15 93
2375 22 517 72 90 13 41 37 29 94 75 64 59 44 18 82 90 74 83 17 11 43 72 80 7 31 35 10 92 1 38 6 93 62 47 58 54 83 38 47 9 5 53 70 38 42 43
2376 22 436 73 58 6 15 30 85 21 12 72 63 15 16 10 20 8 71 66 17 25 100 54 23 80 60 75 17 70 89 11 75 56 92 28 3 34 43 48 58 37 19 17 7 36 34
2377 22 657 83 35 87 58 95 93 37 6 67 5 59 88 46 22 62 1 65 73 80 68 58 74 94 6 30 24 89 60 85 23 23 80 92 15 68 50 34 73 8 21 18 81 35 70
2378 22 623 46 59 1 65 16 75 10 21 57 92 97 8 80 8 44 54 5 67 86 97 33 53 66 25 39 94 73 15 83 83 99 98 90 8 71 98 67 58 30 74 84 78 69 26
2379 22 519 73 23 17 50 28 7 43 65 31 58 47 13 45 11 14 52 81 63 3 99 72 32 24 73 67 53 91 35 79 42 60 1 11 9 80 17 51 44 48 60 42 12 32 38
2380 22 529 74 97 42 54 12 44 4 83 75 27 55 42 80 98 28 10 39 87 62 49 95 42 18 98 37 17 57 79 41 16 2 37 7 100 52 63 83 79 89 89 20 20 86 99
2381 22 528 81 77 38 43 77 32 36 46 72 62 2 42 78 18 95 66 26 1 66 78 15 100 8 4 88 27 75 26 56 2 14 50 30 98 85 76 37 15 10 30 44 27 24 62
2382 22 571 4 77 27 33 91 26 40 94 65 18 21 90 95 76 43 60 77 73 57 61 87 68 36 53 18 97 55 41 58 11 17 36 8 13 35 53 73 67 98 100 61 10 76 33
2383 22 542 66 88 32 4 8 20 57 36 37 5 43 29 14 53 46 49 47 5 61 33 89 37 82 7 86 33 68 95 9 100 13 48 84 16 55 55 72 43 28 85 71 41 16 89
2384 22 521 35 72 1 68 29 90 4 62 96 89 94 63 84 54 15 96 2 50 63 8 87 50 46 14 34 16 55 22 95 57 76 35 37 79 48 84 19 42 47 2 13 49 62 64
2385 22 459 8 17 50 9 62 63 95 29 69 16 12 64 24 19 11 99 5 47 29 53 30 48 94 28 1 40 40 50 53 13 99 69 14 7 28 1 59 97 22 60 44 92 70 43
2386 22 623 97 16 23 49 70 94 25 71 85 16 72 76 69 36 74 37 1 33 19 28 29 24 53 50 83 97 42 4 91 90 71 65 90 68 35 35 44 57 59 80 47 27 67 72
2387 22 568 16 67 56 34 94 41 62 70 93 63 4 41 8 83 45 30 48 34 49 34 20 92 42 91 51 21 89 29 39 60 44 57 77 50 90 19 52 53 23 93 82 27 53 11
2388 22 550 26 38 60 59 58 3 48 53 72 36 34 62 47 77 18 14 6 20 21 95 38 73 12 17 55 93 95 7 56 21 44 67 79 1 69 31 74 54 35 7 68 82 85 95
2389 22 516 40 4 68 87 94 92 33 5 8 87 50 2 45 57 22 41 75 53 93 43 35 93 27 26 7 60 61 92 52 47 74 38 65 71 97 24 9 98 25 6 6 99 46 80
2390 22 502 3 38 74 89 30 42 28 9 67 87 68 79 83 76 99 20 63 42 16 86 51 65 8 70 13 53 1 67 42 74 55 72 34 32 86 20 64 49 25 46 77 23 18 44
2391 22 611 86 59 59 23 61 23 37 68 44 1 72 44 67 14 69 73 85 36 68 21 78 66 36 79 90 82 55 13 51 98 50 9 8 24 22 82 13 89 77 13 20 32 74 88
2392 22 455 56 10 75 14 77 95 44 94 31 22 84 64 76 48 14 25 49 74 24 95 65 36 36 41 1 96 12 84 21 51 91 82 26 5 10 72 3 2 38 65 48 37 30 24
2393 22 463 37 4 7 61 50 23 96 85 15 48 32 78 31 52 28 22 85 5 78 94 77 29 49 30 1 86 47 48 75 76 23 11 29 71 33 3 19 17 17 18 46 49 52 73
2394 22 504 22 37 30 51 58 79 39 79 16 85 78 42 13 100 52 95 80 75 27 34 93 44 50 10 44 95 10 95 19 83 83 100 85 65 9 63 94 48 32 22 2 96 73 54
2395 22 552 91 4 80 17 37 24 12 38 85 7 32 95 2 3 29 36 54 14 63 28 94 10 73 54 93 46 56 89 19 61 31 22 40 99 59 63 11 96 47 69 22 34 74 58
2396 22 506 87 39 57 1 66 50 62 90 4 55 36 11 95 6 71 25 27 10 23 37 72 85 85 70 6 16 63 27 1 88 84 39 26 93 40 91 42 1 33 97 7 20 25 77
2397 22 639 77 3 86 52 92 9 88 76 31 93 43 93 20 43 80 55 81 5 47 72 89 25 37 31 50 44 84 74 72 60 29 10 63 20 70 51 14 83 23 69 15 79 87 78
2398 22 533 55 11 60 92 93 10 87 76 35 10 88 15 19 50 34 89 52 80 95 20 32 60 54 6 28 69 37 95 7 14 49 69 25 92 13 34 78 89 21 40 58 77 46 81
2399 22 499 86 27 72 17 25 22 14 45 58 60 3 23 8 23 52 36 33 81 76 5 20 3 92 78 31 12 75 11 63 60 37 34 28 23 11 50 88 7 59 47 62 34 6 84
2400 22 606 33 57 19 17 38 94 74 57 96 65 86 79 76 61 89 38 20 78 24 48 52 34 49 39 92 59 37 53 44 42 28 51 55 97 40 1 70 96 48 34 82 26 61 94
2401 22 551 67 98 13 44 73 12 95 6 12 85 98 23 21 2 66 14 38 94 16 45 42 55 97 11 51 44 96 84 22 56 77 88 5 41 31 78 53 77 35 16 61 84 33 86
2402 22 565 4 46 75 49 62 19 90 16 15 52 18 11 47 53 32 54 29 19 58 70 1 87 74 77 41 37 57 79 69 94 34 66 82 79 87 23 95 54 64 64 72 17 25 97
2403 22 503 65 34 18 65 21 91 41 94 84 29 2 62 49 96 95 66 16 28 45 54 91 7 27 54 22 98 68 74 19 32 7 36 96 79 79 88 24 62 78 23 25 69 34 40
2404 22 629 48 78 93 49 68 52 75 73 73 24 95 41 49 13 24 55 72 86 26 11 61 39 79 38 98 62 81 31 53 28 8 46 76 27 2 100 21 77 94 13 25 6 37 32
2405 22 481 5 8 69 83 18 29 21 48 19 34 46 80 66 28 33 94 36 30 14 78 75 13 50 51 58 63 76 15 51 59 72 10 27 54 79 55 26 27 73 59 24 5 25 51
2406 22 573 89 70 38 18 90 52 47 64 16 96 67 26 10 42 40 12 11 21 26 16 32 42 78 5 53 61 76 55 49 97 93 18 87 96 64 2 63 11 68 88 21 61 28 84
2407 22 558 60 90 5 37 6 56 69 47 85 25 98 89 26 43 22 35 2 60 82 65 62 45 75 29 32 47 42 59 31 53 1 87 90 6 94 10 4 78 86 1 66 70 78 8
2408 22 576 54 100 95 7 59 76 71 72 20 97 53 4 96 94 14 26 46 14 64 35 19 57 74 86 81 27 51 2 4 10 7 3 56 13 84 35 85 55 32 37 58 79 30 72
2409 22 545 56 28 85 19 62 56 75 10 29 12 42 55 14 96 11 23 2 13 31 67 78 14 53 63 68 36 51 78 33 49 69 60 87 73 92 13 82 73 24 24 27 37 19 89
2410 22 537 12 72 2 94 90 31 7 43 93 26 78 44 3 92 76 3 60 35 88 99 59 79 63 41 51 39 16 30 75 86 18 38 9 71 31 99 89 41 46 15 41 69 68 72
2411 22 538 21 54 11 71 13 41 33 5 44 71 20 73 98 5 42 35 65 18 63 18 6 3 72 73 4 41 81 23 64 53 77 26 23 89 66 56 93 9 78 64 75 20 27 62
2412 22 475 84 91 79 47 8 36 1 22 73 77 6 100 15 58 28 40 33 68 57 40 12 18 17 75 50 44 46 76 5 29 18 35 75 77 70 28 99 29 74 94 53 85 47 20
2413 22 580 42 86 31 59 54 5 60 97 50 88 53 31 57 87 34 57 84 32 37 84 58 65 40 84 10 54 36 95 56 88 86 98 43 43 91 44 96 44 74 53 30 83 38 38
2414 22 632 66 69 75 1 26 91 41 61 94 97 46 46 52 33 82 89 30 76 83 39 67 27 86 10 38 91 34 75 29 52 95 55 73 97 92 33 48 38 32 78 16 73 60 92
2415 22 510 55 98 58 33 83 19 37 73 9 22 99 89 73 94 43 77 18 91 20 2 39 57 32 91 14 61 59 38 50 45 17 59 77 52 29 13 76 37 35 74 78 59 19 72
2416 22 556 35 36 63 55 38 1 72 84 6 37 44 64 75 16 65 19 84 23 47 35 3 60 10 91 46 84 68 56 54 40 91 42 2 97 31 54 11 2 89 16 79 12 99 43
2417 22 552 82 83 17 29 69 19 40 79 10 37 14 29 92 19 68 34 60 21 90 26 93 91 8 29 50 39 48 81 74 82 2 51 20 93 81 29 29 46 64 29 6 24 87 65
2418 22 498 27 79 56 93 39 36 42 77 41 9 52 23 58 5 25 78 97 5 50 67 65 96 2 40 88 5 75 67 12 67 5 47 8 33 49 41 29 23 99 33 47 28 30 51
2419 22 647 85 6 52 4 2 68 51 3 8 47 91 12 21 9 75 40 65 73 47 97 97 47 89 77 69 39 10 15 66 91 17 51 96 20 54 98 88 56 95 2 42 58 74 2
2420 22 504 32 65 66 4 64 14 52 10 3 29 31 41 90 97 59 80 9 75 85 14 24 72 69 76 18 22 27 47 23 58 12 40 13 75 54 17 36 8 97 66 86 15 58 65
2421 22 591 80 18 91 64 83 67 88 3 94 57 24 14 84 23 36 93 34 76 58 60 81 74 95 40 70 13 55 27 49 71 6 18 13 21 1 79 60 3 17 79 38 100 25 92
2422 22 611 86 100 49 45 32 74 91 23 43 55 14 49 81 62 19 38 31 32 11 31 62 70 64 23 85 64 99 29 1 51 29 45 82 3 87 5 97 42 70 46 74 31 16 12
2423 22 506 13 47 22 44 61 91 29 98 44 72 7 70 93 7 20 22 3 54 76 89 10 72 82 79 17 56 33 67 73 31 40 16 43 82 96 40 39 11 75 97 81 19 55 100
2424 22 576 40 57 53 67 98 62 39 79 92 7 86 52 4 25 22 43 16 77 88 56 38 26 66 64 23 98 83 77 50 74 54 41 35 68 79 65 59 37 51 11 28 54 49 97
2425 22 567 26 16 25 65 71 62 91 89 65 38 8 93 87 33 30 93 73 64 60 3 29 70 40 31 32 67 84 18 67 32 96 82 56 60 5 70 2 93 95 18 82 54 11 69
2426 22 653 38 92 61 11 56 72 65 36 93 56 66 25 74 1 42 40 33 37 88 97 78 9 98 22 55 16 3 8 23 46 69 35 8 76 58 72 63 51 80 80 75 53 81 16
2427 22 613 93 13 53 18 52 1 47 61 50 20 15 17 74 75 94 97 72 15 83 79 42 41 2 5 91 81 84 65 86 16 32 78 28 36 36 93 44 86 64 58 37 84 48 33
2428 22 642 55 14 68 85 8 39 11 50 71 95 14 56 62 97 85 90 33 31 73 20 75 16 57 38 9 58 59 63 78 100 77 85 90 88 34 60 99 68 95 48 52 36 80 35
2429 22 513 8 99 9 23 56 99 48 18 25 56 75 35 70 97 13 69 73 97 58 60 83 18 45 33 37 40 80 88 11 22 10 83 57 17 81 4 34 57 59 60 91 29 3 97
2430 22 609 80 52 7 92 86 76 88 18 12 27 50 99 54 60 73 88 21 55 44 89 87 48 74 43 58 33 33 86 92 88 35 72 39 41 15 76 68 2 93 79 81 42 29 34
2431 22 523 54 53 73 74 7 16 15 45 88 39 25 73 24 10 64 11 96 87 1 88 53 76 55 55 20 85 87 14 66 72 67 18 44 92 77 11 6 73 78 94 12 2 35 63
2432 22 607 81 97 59 68 97 98 20 72 5 26 43 89 12 56 54 83 22 24 78 14 89 19 72 66 64 35 19 81 69 81 62 65 91 81 13 89 52 36 93 78 79 33 41 34
2433 22 576 39 24 56 62 1 21 13 41 91 36 58 7 71 76 87 39 57 100 47 80 68 87 32 4 79 9 82 64 15 2 24 22 63 77 94 27 69 37 62 27 43 32 2 29
2434 22 543 23 10 29 78 9 60 97 95 91 100 26 51 33 89 52 100 90 27 73 4 55 67 30 24 3 91 2 45 75 55 25 97 65 5 74 25 70 19 22 96 58 54 84 9
2435 22 595 5 25 87 78 80 42 96 9 17 98 52 70 94 78 24 70 74 40 75 99 64 39 20 35 93 41 30 50 47 66 10 3 90 97 70 90 58 24 33 27 69 10 2 39
2436 22 566 35 42 13 33 57 51 5 91 95 45 21 97 43 86 58 46 27 6 77 48 47 4 78 4 62 82 48 24 36 86 50 43 85 52 76 98 94 86 33 4 83 11 9 59
2437 22 605 59 56 62 88 11 41 49 45 88 24 80 25 82 8 74 76 92 77 22 67 64 14 20 1 98 23 35 9 31 46 19 38 6 49 99 6 45 38 24 14 63 31 87 90
2438 22 542 22 63 11 41 37 26 6 56 79 4 30 65 64 12 10 82 50 69 39 50 19 96 94 9 77 17 91 99 61 80 72 23 42 12 68 18 18 98 73 47 62 36 59 72
2439 22 509 69 60 92 7 61 62 2 54 70 79 22 44 72 4 1 43 78 42 7 41 9 76 58 58 57 20 35 67 43 55 86 61 38 99 14 43 44 64 64 65 67 65 29 96
2440 22 492 6 87 36 67 62 46 24 61 54 95 47 72 89 1 49 74 13 86 25 79 28 93 22 43 8 86 29 26 2 9 21 8 96 9 74 57 70 7 68 30 84 69 78 10
2441 22 513 33 15 34 11 94 78 85 88 70 16 62 24 24 82 31 71 42 56 80 95 4 49 53 51 16 82 35 36 11 96 69 25 29 31 58 15 57 94 37 72 55 60 48 88
2442 22 578 90 70 30 97 49 76 52 49 81 3 65 14 37 52 77 84 72 1 64 3 71 21 17 27 66 53 51 72 50 59 53 19 40 1 20 68 68 48 55 32 13 43 36 89
2443 22 513 26 7 42 89 61 64 78 42 82 92 49 98 93 7 50 64 99 51 83 66 55 50 65 9 34 29 51 69 18 28 27 59 16 88 22 28 17 15 5 50 7 5 47 51
2444 22 516 11 49 14 61 51 48 26 5 98 42 13 83 71 15 40 42 29 98 9 16 88 84 85 92 34 43 96 80 46 58 80 11 30 59 48 34 8 90 90 12 12 92 53 20
2445 22 408 13 88 22 100 71 6 43 56 1 90 88 98 48 67 8 70 49 66 17 34 25 6 32 14 69 95 5 19 18 12 12 39 34 97 54 90 44 29 46 43 95 5 23 80
2446 22 502 77 47 38 60 61 6 54 65 25 53 41 94 17 4 33 28 81 33 79 29 28 7 26 22 53 30 85 48 4 65 76 51 2 35 11 59 40 27 83 45 68 29 23 13
2447 22 566 40 60 93 24 90 73 52 48 50 25 53 31 10 100 35 74 27 85 13 47 85 52 25 20 96 44 48 8 67 60 47 78 4 23 68 28 74 67 77 98 19 7 59 70
2448 22 528 41 84 96 77 10 8 23 47 12 100 18 59 43 17 67 9 28 65 87 31 6 58 72 86 62 91 92 20 60 33 4 8 61 65 36 63 78 35 80 37 77 96 3 86
2449 22 598 23 19 24 5 6 29 14 17 99 30 42 91 50 54 75 53 61 87 69 27 22 32 57 56 63 93 85 59 47 70 33 65 45 90 73 3 91 72 54 20 96 69 67 22
2450 22 628 73 79 8 42 57 30 25 13 37 87 5 21 97 51 42 82 68 86 71 89 58 25 79 82 30 51 95 25 19 13 98 44 43 6 99 87 61 64 75 99 20 96 96 23
2451 22 549 37 29 90 23 99 30 32 75 61 13 5 11 59 81 29 23 79 24 65 36 60 16 74 20 31 48 71 50 43 18 72 32 46 61 6 96 70 3 50 26 13 8 7 93
2452 22 514 83 37 17 47 24 76 14 97 48 44 44 18 94 87 35 17 70 32 30 75 27 72 11 96 74 12 38 72 32 82 54 20 98 52 43 26 66 39 25 61 82 94 20 80
2453 22 596 71 89 11 100 63 37 23 26 84 48 37 57 85 8 88 18 61 7 68 65 1 93 30 39 69 90 73 62 96 44 41 18 33 51 47 87 91 24 22 38 79 74 20 18
2454 22 629 91 33 77 58 97 29 2 26 68 70 67 92 83 62 35 23 31 19 25 99 66 63 89 89 85 78 1 15 51 21 84 94 53 60 49 89 26 8 74 92 99 57 6 33
2455 22 440 31 36 52 56 35 69 18 75 9 2 53 10 16 55 30 100 48 34 11 99 34 51 3 59 58 28 2 8 84 59 93 15 95 44 22 81 12 39 55 72 59 81 60 14
2456 22 537 62 59 61 47 22 11 80 24 13 90 34 41 92 41 76 2 33 42 96 28 63 28 91 54 35 63 46 93 43 5 58 57 16 19 3 89 29 35 12 94 24 45 86 67
2457 22 636 86 61 69 70 55 16 98 69 96 40 22 30 2 67 74 97 24 32 5 39 50 7 27 30 41 90 23 17 35 60 83 72 73 3 93 27 71 90 95 66 82 17 68 31
2458 22 591 58 51 35 48 52 94 26 82 86 16 56 2 50 16 37 73 88 91 65 66 61 7 60 26 28 72 22 63 92 53 72 42 39 72 94 32 97 27 18 12 34 71 13 1
2459 22 469 7 37 40 50 2 5 10 60 17 36 47 44 20 58 50 24 82 92 63 53 37 94 1 63 13 96 34 77 49 92 66 88 41 67 93 3 78 61 90 24 4 96 95 14
2460 22 655 98 19 95 89 81 99 25 26 99 39 89 63 34 74 92 82 17 57 22 10 75 14 12 52 74 53 27 29 48 21 94 45 39 40 85 71 38 9 97 89 37 51 33 62
2461 22 637 94 66 78 50 87 39 76 52 2 27 77 54 53 58 54 26 51 50 64 91 35 35 80 95 83 68 19 71 95 9 66 34 41 37 1 68 14 7 72 23 60 97 73 9
2462 22 555 13 15 95 99 42 81 62 87 51 32 16 82 48 10 41 5 32 94 24 97 96 19 59 44 91 19 8 6 66 6 7 38 45 40 97 60 73 44 69 15 64 7 12 47
2463 22 598 52 88 43 51 35 61 61 30 3 32 38 60 97 95 11 55 33 24 99 24 72 58 67 78 63 74 41 21 37 87 73 24 81 23 10 41 36 40 96 67 77 55 71 66
2464 22 524 69 55 41 67 79 12 24 27 78 1 89 51 94 9 39 32 33 15 13 56 5 91 63 100 9 91 55 23 14 72 91 68 12 57 98 23 32 24 84 64 2 29 25 92
2465 22 591 13 57 6 77 64 82 81 6 96 33 14 87 39 36 10 78 67 73 34 17 95 17 40 46 53 56 47 81 80 38 93 88 69 4 77 2 9 72 86 75 24 10 85 88
2466 22 544 28 57 73 44 3 42 35 48 94 90 46 74 21 35 19 61 82 39 64 58 40 72 25 46 91 100 8 100 36 47 79 44 71 22 12 8 45 5 98 90 70 77 49 30
2467 22 502 58 87 45 68 27 17 49 3 14 39 55 73 90 90 19 68 34 42 41 79 53 49 76 58 98 65 88 19 93 36 1 51 22 45 18 100 13 18 3 27 56 57 51 98
2468 22 518 98 22 17 31 63 58 62 15 58 37 24 7 53 11 25 46 46 25 48 20 22 17 19 34 34 73 12 89 81 63 38 79 36 55 61 98 64 74 73 10 88 79 15 98
2469 22 599 55 12 96 32 59 67 53 75 37 38 8 10 50 48 90 64 38 20 99 92 33 96 7 6 79 16 98 9 82 48 15 93 43 46 51 61 77 97 88 36 6 89 35 48
2470 22 482 4 72 19 2 15 51 49 21 57 59 51 24 11 5 26 49 98 71 58 73 27 54 12 14 52 100 55 72 29 56 38 80 56 11 88 14 61 11 70 72 67 25 22 19
2471 22 451 17 31 43 43 37 54 8 100 5 7 10 59 30 90 66 68 21 21 78 8 87 90 70 56 13 36 33 61 2 6 32 18 74 12 25 80 71 24 36 78 85 47 59 74
2472 22 573 12 26 95 85 55 54 71 45 24 78 57 11 62 18 13 68 49 82 56 74 46 80 53 16 41 45 91 87 4 64 50 29 10 34 84 64 80 87 86 88 47 57 61 14
2473 22 580 57 95 69 31 40 100 35 7 6 75 52 96 13 55 12 63 73 48 70 36 56 1 74 41 89 23 87 45 53 2 81 21 84 20 79 30 45 30 26 9 36 89 23 22
2474 22 693 61 71 92 49 78 92 74 18 32 48 56 77 83 8 30 63 81 13 35 53 82 13 94 59 39 29 47 61 50 60 93 8 60 37 77 68 29 85 96 63 25 77 72 89
2475 22 557 63 76 23 27 10 52 20 68 90 100 67 51 50 78 33 94 85 45 30 17 21 98 97 5 45 11 49 22 40 20 2 48 84 29 57 36 76 77 94 27 71 12 7 56
2476 22 496 24 76 28 73 85 17 35 33 38 26 4 100 27 51 7 59 70 7 87 47 6 80 25 6 3 88 99 61 43 22 36 23 46 60 63 46 91 52 71 46 49 49 56 7
2477 22 510 59 62 93 57 19 25 34 24 79 21 74 39 16 96 27 38 86 96 7 83 38 11 5 83 13 53 31 2 60 90 21 34 69 91 58 2 14 36 75 88 90 35 53 79
2478 22 572 79 90 26 86 72 63 96 28 45 60 80 28 62 40 17 74 12 50 94 3 60 48 68 47 22 7 73 63 93 77 66 18 9 89 4 16 76 63 3 76 87 71 1 98
2479 22 534 21 47 52 32 46 72 78 67 3 81 23 79 73 94 45 42 2 33 57 49 48 71 96 51 99 82 31 45 97 35 76 42 6 54 60 83 56 92 5 86 64 50 30 57
2480 22 654 3 15 77 11 63 77 82 10 79 80 43 51 30 25 96 79 59 71 20 64 76 80 99 83 23 55 69 39 57 50 95 59 64 24 70 26 87 78 34 29 28 63 54 75
2481 22 510 41 12 98 13 28 73 44 78 8 66 32 28 4 88 77 99 99 41 22 20 18 21 5 50 55 85 29 69 38 4 62 2 1 74 81 25 17 58 84 34 89 11 88 88
2482 22 631 27 80 9 98 97 81 19 53 30 25 38 58 93 27 61 54 80 13 79 60 90 47 69 73 81 10 84 70 23 57 16 54 65 13 50 97 83 3 26 7 92 35 51 18
2483 22 642 48 57 98 12 35 9 1 34 78 74 66 87 9 35 76 83 91 43 36 7 7 37 55 89 32 47 82 66 97 52 65 5 49 77 92 9 77 25 38 2 90 76 62 76
2484 22 449 3 96 18 45 31 76 51 20 30 91 10 61 37 92 78 86 43 43 90 43 71 81 47 5 41 1 46 16 62 73 19 10 15 40 65 66 11 46 8 21 58 45 64 36
2485 22 537 82 58 30 71 52 100 4 54 98 60 46 98 58 14 12 30 84 21 20 98 36 15 23 82 95 39 19 10 74 52 67 55 22 70 54 77 75 52 37 21 1 94 86 12
2486 22 440 23 69 32 42 18 96 30 85 11 59 64 1 77 73 27 80 39 81 1 60 35 78 34 38 66 54 38 59 50 33 59 33 28 56 13 97 71 60 99 32 44 78 22 25
2487 22 582 78 81 59 7 15 96 24 20 85 34 11 34 67 69 93 97 46 48 9 43 65 79 54 82 77 86 26 54 7 2 84 88 60 42 18 73 91 51 83 77 17 4 95 61
2488 22 579 40 8 61 34 24 39 88 58 68 25 35 73 31 36 8 70 47 2 75 5 19 48 69 82 23 38 85 69 98 85 58 45 94 33 33 90 54 57 76 27 63 86 9 87
2489 22 391 36 65 57 35 12 26 16 86 15 1 7 12 37 67 21 33 54 67 97 43 73 53 71 51 44 33 5 94 75 92 58 31 26 21 8 41 22 93 13 86 29 31 6 61
2490 22 488 42 59 80 38 54 52 43 24 2 38 56 37 94 49 11 85 59 94 62 79 1 55 85 23 47 49 60 76 79 65 36 73 24 15 77 18 4 52 19 42 7 8 35 8
2491 22 611 70 72 66 63 33 44 64 87 81 38 86 81 49 61 12 13 48 84 88 15 45 16 32 1 67 51 94 26 10 80 79 51 50 42 36 45 57 74 25 46 59 58 71 69
2492 22 613 6 19 52 94 33 48 9 64 48 28 66 41 53 75 73 37 54 75 86 47 10 82 3 36 59 100 94 16 93 65 84 50 35 87 95 67 34 56 82 82 83 100 74 35
2493 22 593 74 46 71 79 73 8 77 82 89 31 17 47 30 63 14 22 79 97 72 13 83 66 31 17 21 64 50 3 63 75 11 19 45 70 96 78 59 26 47 57 56 61 29 39
2494 22 578 19 52 3 2 18 85 70 90 48 71 45 63 33 3 69 96 73 13 65 68 91 75 46 89 84 53 49 6 87 24 85 41 77 2 25 46 43 24 16 87 38 13 72 40
2495 22 629 81 67 65 46 83 32 36 58 29 76 93 33 24 98 66 10 21 2 2 98 3 78 95 97 53 63 84 91 75 55 82 55 73 46 55 30 87 64 10 62 56 43 85 5
2496 22 494 60 46 78 61 99 27 15 76 21 11 29 83 46 19 9 100 52 16 24 98 67 79 79 54 94 88 50 82 4 6 41 1 83 53 27 82 30 55 16 75 25 25 40 50
2497 22 561 26 6 80 56 11 74 43 30 75 25 85 80 17 85 63 22 36 23 40 63 4 69 69 20 96 94 22 22 87 23 99 44 3 6 55 76 48 36 50 24 20 29 93 56
2498 22 672 43 14 92 66 53 54 21 74 74 92 69 19 87 42 73 64 90 17 66 47 23 41 47 58 70 29 71 14 84 13 79 27 30 32 80 51 57 6 94 25 24 81 18 16
2499 22 554 5 81 57 73 47 4 39 50 4 29 71 84 51 85 68 15 63 94 45 46 26 47 2 83 40 78 6 72 95 21 29 28 78 1 74 81 48 12 82 3 92 52 87 94
