3500 22 663 44 27 62 63 20 96 15 100 22 41 18 22 84 13 50 40 6 5 31 61 47 38 71 49 60 78 40 14 3 100 95 98 26 9 13 98 4 27 97 77 19 14 2 26
3501 22 1122 99 94 32 3 76 44 1 13 67 49 72 44 89 86 98 40 96 18 92 60 15 47 86 11 24 5 77 73 58 2 3 85 78 78 29 79 91 95 79 14 90 19 51 40
3502 22 920 59 83 87 28 26 46 42 73 83 4 96 87 80 20 97 34 95 99 18 73 77 98 51 19 44 81 32 86 100 83 25 10 17 11 37 42 8 30 14 90 33 61 29 65
3503 22 866 33 77 50 79 75 67 51 3 17 53 73 60 34 5 45 33 39 21 42 55 31 30 48 90 59 14 80 43 26 60 58 36 8 37 62 75 65 43 92 89 2 77 93 99
3504 22 1008 61 31 19 54 37 2 83 85 91 41 98 22 35 75 81 94 85 16 1 73 78 27 11 94 69 54 82 23 30 27 73 42 57 91 95 46 44 29 21 79 56 56 53 37
3505 22 751 49 37 4 1 9 33 28 72 26 48 25 60 22 7 86 94 48 94 85 95 39 28 23 68 14 96 98 22 51 3 10 51 91 13 52 46 30 23 99 82 5 67 45 5
3506 22 880 61 81 51 99 60 25 19 26 20 68 47 70 70 56 72 61 68 75 64 65 4 86 88 85 84 69 36 41 32 97 48 64 46 23 71 16 43 84 94 12 5 1 17 21
3507 22 1032 10 80 85 13 65 72 50 1 93 85 80 68 89 27 31 87 24 53 57 92 53 51 27 98 63 31 99 98 48 19 59 79 55 71 96 79 72 96 71 56 40 2 23 28
3508 22 824 28 5 14 3 10 22 46 62 73 72 11 87 3 9 36 2 79 94 80 34 16 75 12 88 22 34 95 13 35 70 40 14 74 5 68 83 96 3 85 7 41 87 67 28
3509 22 1023 40 46 21 72 79 88 98 42 27 20 75 74 84 61 43 24 74 68 80 41 3 10 54 98 12 39 56 4 77 23 31 17 68 3 88 98 91 37 69 8 17 42 92 77
3510 22 712 36 67 50 56 46 42 58 56 96 7 19 86 63 23 14 85 5 82 4 8 69 53 98 6 43 18 13 11 12 56 87 47 22 88 2 68 29 11 75 76 18 45 32 19
3511 22 940 27 68 24 8 71 31 29 75 80 86 69 97 50 79 60 6 65 7 4 60 46 84 72 12 40 17 87 2 38 10 10 60 92 90 34 23 75 2 76 80 31 33 96 37
3512 22 727 60 51 49 57 34 19 29 45 10 97 69 80 83 70 45 31 28 36 20 61 59 46 14 30 74 45 12 6 40 49 17 90 97 74 75 67 2 20 76 98 7 32 9 75
3513 22 782 76 92 2 64 63 14 22 61 27 3 34 71 14 91 62 14 8 3 81 77 80 34 48 55 83 87 13 14 87 42 39 40 5 53 53 78 31 80 46 1 45 89 59 96
3514 22 847 68 72 28 45 52 61 44 58 95 31 71 60 78 9 1 16 49 57 53 34 33 84 65 30 36 10 18 2 20 13 69 91 92 65 42 52 9 100 98 39 22 58 16 30
3515 22 848 10 83 30 67 2 83 52 86 18 17 16 53 26 33 54 97 98 75 87 89 39 81 93 47 32 42 37 53 51 4 34 61 38 64 79 40 82 77 15 98 92 19 75 77
3516 22 860 73 71 26 47 10 14 37 90 58 36 21 100 72 73 50 76 62 13 92 4 18 74 81 84 23 24 3 98 27 20 77 25 29 91 61 18 96 90 51 68 14 1 95 72
3517 22 983 14 7 92 58 63 62 31 95 45 53 18 99 2 70 25 74 46 49 88 62 72 40 57 61 90 76 75 42 70 46 56 29 89 13 43 2 95 37 99 99 6 97 53 27
3518 22 977 22 26 73 22 27 12 83 50 51 92 63 41 67 89 82 89 86 89 69 74 1 11 28 47 99 26 46 4 98 31 95 23 55 17 18 51 3 69 42 65 61 9 53 94
3519 22 864 49 38 83 17 63 35 79 90 82 77 15 79 80 89 28 62 50 68 51 2 86 54 4 6 95 20 18 55 72 11 3 61 45 71 24 80 65 13 25 80 43 57 20 70
3520 22 771 70 2 71 38 5 24 75 58 28 32 4 99 49 59 59 13 83 56 36 6 35 84 99 61 2 41 17 21 62 86 74 32 30 55 1 39 34 32 43 85 32 53 55 43
3521 22 844 17 89 98 52 47 84 88 17 82 48 70 74 64 42 35 1 67 18 28 97 24 80 10 12 29 94 95 81 37 50 34 1 2 50 87 23 23 2 9 55 31 78 79 2
3522 22 810 61 13 63 24 94 8 71 26 7 7 75 46 41 28 32 9 67 33 11 54 8 33 55 71 9 53 23 42 31 76 96 38 30 89 45 100 66 3 49 99 20 32 59 86
3523 22 816 16 69 39 23 54 46 46 99 6 98 21 48 81 97 2 76 34 83 31 83 33 41 73 33 91 92 64 49 30 80 18 20 23 65 99 21 97 41 70 77 89 23 4 75
3524 22 916 5 19 39 51 89 79 76 74 69 67 70 48 68 39 22 61 84 20 33 6 25 75 44 14 49 99 88 6 72 84 75 47 57 43 65 46 12 13 50 32 38 62 15 58
3525 22 895 94 21 25 19 47 21 32 96 71 71 53 40 66 96 11 49 70 9 58 65 73 3 28 37 19 78 68 57 91 83 14 85 55 90 1 62 86 48 85 8 24 73 48 86
3526 22 713 21 17 46 78 33 18 32 61 55 51 90 74 59 80 56 72 64 10 13 18 11 27 10 11 14 10 86 86 57 23 25 68 88 58 37 20 18 43 22 7 17 80 38 24
3527 22 805 3 54 34 67 23 96 45 30 5 7 43 66 44 29 74 66 39 51 85 26 8 74 97 77 68 18 35 84 49 72 60 3 25 93 70 48 40 14 77 96 21 71 62 16
3528 22 679 99 87 34 89 37 18 15 96 43 11 72 63 81 58 46 29 30 57 84 6 49 53 5 88 18 33 36 90 4 97 6 2 35 39 24 8 57 19 51 19 13 99 10 80
3529 22 1073 81 67 63 87 67 67 91 7 84 76 42 74 79 90 32 24 69 74 99 76 30 70 78 49 12 42 4 30 96 70 44 82 88 10 24 46 94 99 87 19 29 76 49 61
3530 22 756 52 17 34 2 92 16 71 70 16 34 11 14 49 14 96 44 35 39 77 75 20 94 3 7 12 31 60 91 37 28 39 19 61 40 7 95 72 43 67 86 6 14 29 54
3531 22 756 65 48 99 67 6 62 98 92 21 88 28 100 16 18 18 7 79 10 13 25 12 37 19 79 3 4 33 8 69 61 9 63 66 24 97 57 96 36 37 95 52 54 10 84
3532 22 808 74 75 8 85 11 78 15 13 33 48 73 1 37 34 16 100 34 23 81 90 71 68 26 65 80 29 54 55 75 90 65 52 5 77 85 52 1 85 59 38 18 27 89 2
3533 22 996 60 63 82 49 33 2 27 98 72 58 78 52 32 6 98 21 22 50 77 99 86 28 51 22 39 40 40 17 28 93 76 91 75 28 2 72 99 11 3 83 85 8 80 57
3534 22 1063 30 81 34 80 18 61 82 40 51 22 31 67 49 23 94 91 70 66 28 23 89 27 90 29 68 74 88 99 69 80 64 100 76 82 79 3 45 51 93 39 60 59 21 82
3535 22 778 99 99 67 89 79 34 14 66 33 44 87 64 59 86 12 87 52 65 69 69 9 72 13 99 65 6 58 75 26 40 73 24 2 92 27 19 24 22 5 39 81 91 19 57
3536 22 914 53 83 78 74 43 49 86 42 65 91 51 39 16 42 63 91 76 44 91 54 66 75 67 56 7 9 57 25 62 59 95 35 2 43 20 95 59 63 45 97 30 87 11 21
3537 22 813 38 38 64 28 91 26 45 66 72 53 8 97 70 69 55 16 3 8 58 75 54 16 89 99 18 37 27 90 74 64 53 55 31 49 20 27 43 32 7 39 28 46 69 82
3538 22 872 5 78 8 59 46 96 9 9 66 97 87 55 22 51 60 74 91 74 76 69 25 18 83 9 10 6 73 44 50 51 68 47 99 28 56 64 24 94 18 45 44 78 70 48
3539 22 696 20 43 23 88 67 93 40 2 1 44 11 6 68 54 15 69 57 35 16 55 14 23 18 38 35 82 60 64 52 59 83 46 34 23 65 26 62 66 78 57 28 83 24 82
3540 22 938 49 92 38 35 59 44 81 61 86 49 47 19 8 11 22 18 45 68 51 67 84 28 80 49 5 36 28 87 11 9 88 55 98 74 13 93 46 53 94 52 78 53 62 51
3541 22 905 70 58 21 25 53 100 56 53 5 44 81 43 54 41 30 8 91 4 73 83 77 18 88 36 63 39 65 15 15 36 9 85 33 89 41 42 12 84 74 54 37 14 84 97
3542 22 900 56 39 69 39 15 38 26 2 64 66 66 15 33 1 23 69 9 8 16 100 50 27 83 75 80 71 41 15 67 96 53 87 86 68 24 11 87 40 92 19 39 49 47 64
3543 22 855 25 49 90 59 23 69 29 63 84 96 11 88 34 96 55 58 59 76 32 36 62 72 80 32 12 46 70 60 16 23 99 16 64 57 39 84 85 53 19 32 15 7 66 11
3544 22 788 61 75 21 88 6 56 49 29 87 80 40 32 51 6 17 25 4 32 88 60 22 24 97 27 42 80 41 48 71 23 48 29 31 49 57 17 28 49 1 29 99 6 24 10
3545 22 957 80 63 21 2 86 69 28 28 1 20 27 97 71 39 20 45 87 100 75 35 56 92 14 4 92 42 55 97 90 78 58 70 31 71 78 51 50 57 51 69 35 100 91 74
3546 22 852 71 36 12 70 62 46 25 53 11 81 96 5 35 93 94 64 2 63 55 84 85 84 34 40 27 36 45 100 6 32 75 94 8 52 98 18 32 94 74 66 38 68 81 91
3547 22 791 30 35 75 67 19 9 10 45 6 36 81 51 87 38 34 97 13 79 56 64 77 26 47 22 99 64 11 66 44 1 48 30 14 48 35 65 32 71 97 64 73 84 1 6
3548 22 702 32 65 37 88 28 65 13 26 86 11 89 96 29 84 48 76 14 23 41 13 9 5 22 40 75 71 3 47 6 4 5 37 20 41 76 48 88 25 42 51 79 97 36 6
3549 22 1060 62 10 46 75 19 50 96 10 77 18 13 23 23 68 79 60 87 71 86 27 75 11 68 25 76 8 55 24 60 86 5 57 58 7 85 34 49 9 99 68 10 54 97 92
3550 22 850 36 23 54 4 99 29 63 53 4 58 64 41 15 72 52 89 29 59 25 63 35 73 23 85 92 61 47 46 70 43 89 6 65 42 61 15 22 23 67 77 33 82 18 47
3551 22 804 53 69 87 81 79 12 95 65 36 17 50 28 30 48 25 99 90 13 4 6 6 16 20 27 39 38 3 23 19 72 69 23 41 55 55 71 66 50 54 18 37 33 47 84
3552 22 767 57 46 25 21 1 30 26 17 4 7 38 58 29 8 30 49 82 22 3 36 92 21 37 27 7 15 58 53 98 14 50 74 86 3 55 11 71 55 14 29 44 71 52 57
3553 22 1003 84 73 59 72 65 31 8 43 56 14 58 65 19 7 78 20 81 15 74 35 25 44 90 90 72 85 13 80 88 16 36 23 89 47 94 53 29 54 95 85 4 49 37 11
3554 22 891 79 9 91 45 82 77 70 26 18 11 49 3 75 29 42 91 16 64 31 62 10 35 43 63 81 27 85 27 95 57 78 37 2 59 13 23 36 31 12 65 26 54 80 89
3555 22 964 84 94 50 18 88 12 14 93 34 92 80 1 91 68 54 1 81 28 37 63 12 73 99 75 24 28 68 64 63 13 32 100 25 82 65 69 15 9 82 47 61 24 46 41
3556 22 716 13 8 4 85 6 79 73 81 58 40 45 21 5 10 56 86 85 21 7 52 81 40 98 41 64 63 54 88 9 46 68 49 36 26 79 8 37 99 2 9 3 11 12 59
3557 22 760 49 97 31 55 11 94 3 57 8 96 19 53 47 87 53 82 64 32 41 69 68 40 23 28 42 85 39 52 33 87 34 87 86 44 98 41 97 5 37 15 57 35 10 69
3558 22 856 68 93 9 37 12 48 11 39 42 95 77 45 28 64 79 66 1 74 98 87 72 39 83 76 27 49 85 61 54 46 81 21 38 90 49 89 19 87 82 14 15 79 41 78
3559 22 894 9 6 31 82 56 17 5 94 99 33 72 99 17 84 52 14 65 73 51 54 81 51 94 100 89 28 3 6 33 14 62 63 47 17 79 52 29 36 85 27 4 69 55 19
3560 22 820 38 35 69 31 86 57 10 50 59 15 6 91 80 68 53 27 36 83 30 50 63 17 34 42 20 2 72 36 26 54 23 12 22 54 98 30 99 88 5 31 61 24 35 39
3561 22 781 11 70 68 12 32 84 46 73 55 99 44 90 85 21 43 7 33 16 12 82 97 27 8 36 67 68 53 7 74 22 26 85 54 62 30 78 16 81 6 17 94 100 23 78
3562 22 1057 68 87 59 64 65 91 72 78 66 39 41 19 97 14 92 23 98 45 84 80 75 51 60 48 56 28 93 8 2 71 27 88 81 90 52 71 42 23 1 7 14 41 77 10
3563 22 954 54 21 84 3 17 19 82 91 70 93 38 77 20 31 36 22 53 62 61 33 52 13 4 93 87 56 51 52 96 80 14 1 97 55 16 68 37 59 81 96 65 53 78 1
3564 22 855 74 30 62 86 15 65 98 70 57 37 25 60 88 72 39 53 24 90 50 78 17 14 5 47 63 69 99 92 21 24 83 9 47 59 56 47 81 15 34 4 27 46 4 2
3565 22 865 56 70 69 12 16 83 32 14 74 53 37 99 87 97 86 33 55 94 88 1 26 54 29 10 25 55 64 59 9 71 80 29 82 95 11 65 60 36 17 48 35 3 44 72
3566 22 800 88 51 66 27 3 91 81 89 20 90 65 26 45 80 36 5 50 15 33 83 9 95 48 68 30 16 15 16 71 11 58 61 5 84 63 95 64 4 6 20 92 2 52 27
3567 22 975 6 1 94 90 36 2 84 35 22 65 50 88 81 72 98 68 29 10 24 65 25 18 28 80 85 51 79 86 2 57 43 55 90 4 67 76 32 25 64 64 97 14 83 77
3568 22 650 23 6 41 99 75 21 30 10 5 81 40 43 34 97 37 88 46 21 77 49 39 52 25 70 29 89 33 77 2 67 76 72 27 47 18 56 8 22 88 48 16 22 44 53
3569 22 998 9 41 25 38 42 63 41 66 85 69 6 69 97 59 36 2 35 7 99 13 53 16 68 61 89 56 60 57 77 3 61 37 95 85 74 36 47 15 54 83 11 52 84 70
3570 22 913 87 37 56 93 35 68 98 2 10 42 42 69 70 71 58 7 17 94 80 53 93 94 6 75 81 16 26 64 37 12 92 57 86 59 54 87 46 63 28 39 31 26 9 53
3571 22 940 35 15 69 29 46 73 73 92 30 47 72 98 87 34 36 86 26 92 71 36 45 9 33 59 88 24 41 13 32 45 98 14 80 43 38 52 86 68 57 65 22 43 10 80
3572 22 978 75 1 2 63 98 62 47 56 50 70 49 62 53 93 13 2 58 92 97 96 95 82 63 93 39 79 66 33 76 75 65 3 28 66 17 25 32 29 85 80 42 37 73 55
3573 22 882 39 30 98 35 77 93 68 39 37 58 17 2 91 45 29 7 47 56 24 15 32 3 15 31 61 47 73 50 19 27 88 100 76 74 41 67 4 51 36 58 93 80 38 99
3574 22 927 78 45 22 92 28 25 20 42 7 81 88 79 30 58 57 69 10 33 94 86 86 4 56 36 39 65 70 2 26 47 98 100 90 25 76 10 66 82 42 54 13 71 63 69
3575 22 833 91 72 1 84 57 53 21 13 8 57 51 24 84 21 25 62 19 22 13 61 98 88 70 63 11 68 33 33 31 2 75 2 54 58 6 78 23 65 86 25 88 22 97 64
3576 22 907 35 16 37 47 28 34 86 97 49 6 59 16 91 43 46 44 17 100 97 26 10 55 55 32 71 41 8 59 14 5 74 48 72 63 94 99 96 79 47 96 36 57 12 26
3577 22 907 99 9 69 67 60 18 44 69 24 98 52 94 90 60 4 55 16 78 2 87 92 47 85 39 77 83 35 13 39 98 89 6 11 7 66 28 50 86 51 99 38 44 41 49
3578 22 997 95 64 29 97 50 20 43 86 58 20 68 92 84 58 89 73 46 47 83 4 64 62 53 49 51 38 60 91 38 59 86 1 87 34 2 6 76 39 63 47 7 30 15 47
3579 22 835 55 12 93 89 15 56 51 19 57 14 22 94 25 64 32 83 1 84 21 34 38 26 62 76 41 60 34 99 90 48 45 96 12 38 84 78 86 97 52 18 47 76 81 30
3580 22 909 11 82 13 31 67 50 9 28 26 49 88 11 99 29 10 43 76 21 32 59 77 97 47 29 48 64 75 23 96 4 33 29 69 16 70 24 24 14 57 22 94 67 16 69
3581 22 807 39 48 28 89 76 24 87 56 23 50 83 97 98 38 30 26 6 45 73 76 20 100 22 43 13 31 64 7 97 79 27 87 78 6 5 81 14 61 3 16 43 100 80 81
3582 22 822 90 86 77 15 13 96 66 86 38 78 16 53 36 64 83 63 3 61 20 30 65 1 95 77 10 19 2 74 51 34 88 10 82 100 5 47 37 94 24 53 46 12 81 26
3583 22 872 70 41 45 99 57 45 94 86 48 55 4 1 29 6 87 44 93 96 25 92 53 71 46 46 33 44 9 100 24 34 16 79 68 24 75 13 74 68 65 27 13 91 63 8
3584 22 1056 67 6 12 89 86 58 34 18 53 43 70 28 28 39 43 58 58 18 33 23 27 6 90 43 84 37 96 79 26 56 97 32 85 69 76 70 39 28 64 8 55 92 98 49
3585 22 1126 49 55 67 33 29 45 91 70 87 74 6 98 70 36 24 25 32 7 43 16 75 19 38 13 98 1 72 53 92 69 53 93 76 19 77 4 63 67 74 1 93 31 99 62
3586 22 856 67 74 38 50 80 32 18 6 50 55 19 48 55 90 52 99 11 4 43 86 75 19 89 89 14 90 30 45 88 43 13 32 12 44 63 29 49 13 83 19 60 38 61 63
3587 22 711 36 71 66 30 56 40 48 96 29 37 10 70 54 57 8 16 21 39 27 64 2 56 12 66 38 83 77 27 43 39 14 13 20 48 67 28 79 76 97 45 81 53 4 48
3588 22 899 25 95 75 88 96 82 51 13 71 33 89 98 27 63 39 82 6 58 29 100 56 78 52 4 74 33 8 78 80 32 24 6 19 19 70 31 10 54 59 29 97 21 67 30
3589 22 896 78 77 11 77 53 18 55 4 22 80 88 29 9 20 61 32 77 31 50 16 52 32 25 6 2 83 34 50 32 33 80 42 84 11 15 88 95 27 13 3 98 25 87 75
3590 22 803 55 88 90 7 20 66 12 73 97 75 54 100 6 38 80 99 47 63 9 13 2 93 7 81 5 62 78 81 48 52 35 35 93 93 58 4 31 57 52 5 63 52 62 100
3591 22 891 83 60 46 97 20 11 51 12 69 83 68 30 60 48 29 64 16 56 75 73 66 31 55 22 34 59 36 37 72 36 71 31 33 20 3 43 70 14 12 52 82 93 63 29
3592 22 823 74 26 63 41 34 90 13 99 72 68 57 78 8 94 2 95 64 84 27 83 86 22 4 100 33 7 77 70 50 47 28 42 80 17 55 30 40 74 96 3 61 41 5 88
3593 22 984 33 39 73 54 95 24 86 1 56 15 70 69 16 17 96 58 48 64 64 78 3 37 79 50 91 91 45 47 34 77 37 6 31 31 82 68 84 37 53 57 50 21 4 7
3594 22 876 69 19 70 98 73 58 28 23 48 18 65 42 14 11 27 90 99 33 72 30 92 13 2 25 17 11 26 90 66 84 10 85 5 7 57 62 34 31 62 51 95 55 64 57
3595 22 912 82 5 56 66 29 37 31 20 1 32 96 17 94 74 6 60 57 15 44 14 73 52 75 6 83 88 8 29 43 71 38 24 28 93 89 56 81 19 27 81 2 74 97 96
3596 22 880 99 55 55 8 21 50 94 1 47 51 35 35 59 16 77 81 53 52 8 97 40 15 10 93 57 11 67 5 58 17 64 24 32 13 44 25 66 91 75 100 25 85 15 53
3597 22 966 66 67 4 73 63 43 40 91 32 47 50 4 24 67 62 39 90 45 52 86 21 17 76 96 68 52 80 83 97 1 7 22 16 1 61 6 92 53 42 56 96 60 69 35
3598 22 983 49 66 86 34 54 61 33 21 12 65 55 15 61 56 73 82 71 73 42 76 28 86 80 49 79 87 96 38 8 30 38 73 67 24 58 20 84 91 93 48 47 14 15 2
3599 22 1048 87 49 24 11 42 100 91 27 31 39 57 18 86 94 77 16 84 49 82 7 58 54 48 46 89 54 44 3 21 98 51 62 72 41 55 31 97 24 17 91 32 74 65 32
3600 22 882 57 70 73 57 67 62 62 11 64 82 60 4 2 80 6 16 4 47 56 58 77 52 81 45 94 32 28 67 31 93 50 87 23 95 36 57 91 51 38 2 92 33 11 7
3601 22 1008 36 57 62 45 86 65 77 82 59 8 10 77 90 2 27 29 15 1 23 95 79 37 69 38 91 12 71 53 70 58 83 55 99 47 31 80 5 91 89 82 80 42 8 60
3602 22 897 57 60 83 3 95 13 92 32 81 29 74 92 51 26 13 61 87 95 15 85 42 45 17 46 5 79 19 47 38 78 3 97 60 57 91 25 48 74 29 47 49 31 73 61
3603 22 857 91 11 8 5 48 49 2 64 46 88 20 25 58 66 14 36 11 47 77 53 71 76 27 28 56 25 28 87 49 88 29 60 47 34 59 95 87 74 93 26 69 84 82 71
3604 22 800 30 92 69 6 97 40 34 23 19 89 99 46 27 48 85 56 59 32 41 17 26 27 42 70 52 34 38 87 44 20 57 74 63 26 31 59 17 64 33 35 5 32 32 31
3605 22 759 79 16 38 37 47 78 5 25 4 46 94 8 31 32 27 3 3 52 65 80 82 76 96 98 8 82 54 91 13 84 21 28 22 9 51 65 55 10 14 93 59 19 81 61
3606 22 788 22 98 40 3 73 87 52 32 68 5 75 32 41 95 60 62 4 86 12 20 88 18 30 83 83 74 14 42 44 94 54 65 91 94 19 63 32 71 47 52 21 83 15 15
3607 22 1039 42 28 70 79 92 90 18 61 71 53 44 96 66 85 39 59 38 3 2 83 21 16 67 43 62 18 82 100 84 49 94 64 72 7 11 42 81 94 76 59 98 66 69 88
3608 22 1006 20 70 70 93 86 36 35 99 5 4 81 5 40 81 98 55 50 21 61 61 62 79 93 7 21 17 90 38 77 58 7 99 44 86 36 43 91 40 75 95 31 55 85 56
3609 22 900 16 45 68 78 75 13 36 67 33 53 9 70 38 85 79 44 35 80 88 21 82 11 55 56 57 37 10 100 21 17 15 17 85 44 91 97 80 10 81 84 18 2 54 81
3610 22 858 16 89 60 55 9 27 36 71 33 43 27 69 4 78 89 21 92 5 5 88 48 53 19 9 85 2 78 86 74 31 18 89 71 78 96 31 56 31 1 89 79 57 77 56
3611 22 913 98 49 2 5 39 1 57 57 61 41 58 38 79 31 21 96 71 91 25 66 22 81 49 74 69 74 5 77 60 74 51 11 76 7 28 64 89 56 14 78 86 96 82 67
3612 22 716 41 58 32 14 38 32 87 58 5 91 35 7 3 8 9 65 15 14 63 30 70 3 36 32 23 31 30 56 97 70 14 81 83 3 12 21 61 17 64 95 75 66 2 35
3613 22 696 30 89 1 95 3 31 17 5 20 52 88 94 82 17 50 79 38 15 11 72 22 93 77 90 56 23 16 73 25 50 54 65 51 1 67 33 23 52 68 10 45 1 27 46
3614 22 930 31 16 60 41 88 29 15 80 57 4 87 80 20 59 56 21 64 20 23 64 86 55 32 8 58 51 17 55 52 43 34 59 12 75 98 92 89 77 48 44 63 27 73 82
3615 22 772 36 88 1 58 4 86 13 35 45 22 38 62 76 89 56 28 74 66 91 48 63 82 88 39 81 32 53 8 46 77 41 81 17 42 20 79 3 6 24 24 43 37 52 83
3616 22 829 92 79 57 10 21 56 72 2 96 63 82 79 67 41 24 96 12 75 47 83 5 1 88 80 76 83 16 27 17 60 25 69 77 33 40 30 28 2 6 21 4 81 85 37
3617 22 820 27 11 35 9 16 35 48 95 63 82 41 51 22 98 75 90 74 7 81 4 34 35 67 91 55 70 72 70 7 60 17 95 8 84 79 95 89 41 36 39 14 33 65 55
3618 22 1000 58 72 35 13 57 69 79 100 75 1 71 44 59 30 43 27 76 50 11 9 89 3 45 81 38 35 46 22 99 100 80 70 34 92 55 23 78 29 25 33 29 67 69 69
3619 22 813 65 25 9 19 21 41 57 55 86 30 53 85 75 71 5 25 27 82 1 33 81 33 61 100 43 69 68 64 85 92 72 4 12 13 18 50 41 70 35 2 96 5 6 100
3620 22 963 81 32 33 37 32 65 18 16 78 17 58 98 84 73 83 27 45 38 90 9 1 7 10 41 28 44 94 76 99 75 30 60 69 13 24 86 80 53 54 90 51 89 62 85
3621 22 928 15 6 22 56 66 22 14 28 93 71 60 68 23 58 43 6 40 54 74 4 29 11 84 82 64 73 52 34 68 18 92 89 25 9 62 38 36 75 31 59 86 98 81 44
3622 22 782 92 86 35 97 12 38 26 22 21 59 86 45 42 89 79 9 7 70 49 83 30 62 66 88 3 24 74 52 56 17 96 93 4 40 17 78 13 75 15 57 68 3 87 76
3623 22 830 61 8 76 44 38 37 16 3 25 18 78 98 69 33 66 16 77 68 8 33 59 76 10 23 3 24 32 70 18 98 91 26 73 34 15 62 1 69 86 70 46 35 90 30
3624 22 934 52 6 58 19 13 90 29 88 51 52 90 26 83 60 4 52 9 46 81 31 43 42 31 63 79 100 60 65 89 41 16 94 99 86 40 15 98 91 66 87 71 51 6 16
3625 22 850 32 39 46 26 76 89 63 27 48 27 16 89 43 61 39 28 19 78 42 16 68 59 54 84 10 4 6 13 61 22 44 51 67 69 83 95 57 45 21 57 71 88 97 65
3626 22 891 1 35 93 71 12 86 38 32 97 91 67 6 46 72 18 59 13 9 82 91 58 90 87 78 94 74 28 66 88 92 4 25 23 100 89 5 65 60 75 23 5 87 31 16
3627 22 922 20 74 25 10 60 2 7 69 71 1 43 40 80 60 79 71 63 55 93 62 22 81 19 38 45 60 97 31 90 64 3 15 88 12 75 41 70 95 64 22 37 3 2 49
3628 22 757 34 72 11 88 65 25 61 97 95 98 41 39 57 37 21 99 52 23 13 91 86 39 84 56 47 77 22 1 78 70 2 33 18 57 14 3 32 55 40 43 38 47 36 3
3629 22 1012 89 21 93 72 28 78 70 5 71 34 21 56 87 53 29 4 61 63 63 94 76 3 33 70 16 23 68 3 77 57 23 21 80 51 99 50 7 50 72 92 27 79 75 56
3630 22 872 82 35 18 3 50 63 78 4 47 48 71 21 15 73 97 23 96 70 3 98 68 52 4 69 23 95 90 1 25 64 8 59 51 77 61 100 39 39 38 38 74 58 52 98
3631 22 882 55 75 93 24 29 42 43 80 97 63 54 44 52 6 68 68 14 26 18 42 87 69 33 77 23 70 48 27 17 46 90 8 71 32 50 2 28 64 16 13 91 83 26 68
3632 22 986 52 67 54 72 99 82 46 20 95 94 47 64 91 79 6 80 87 77 63 88 78 43 85 65 19 97 7 53 74 75 56 92 80 79 43 62 24 62 8 17 60 71 59 39
3633 22 892 77 39 5 53 16 34 95 19 70 12 37 66 18 41 91 92 96 35 72 74 33 50 90 92 50 63 40 39 67 16 19 83 28 14 2 98 25 90 15 42 83 6 86 78
3634 22 689 92 57 4 68 41 5 9 32 22 58 46 98 97 84 64 64 30 83 47 58 48 100 7 24 21 17 23 78 2 53 69 58 56 88 50 60 34 33 54 79 31 51 15 94
3635 22 868 66 44 28 12 53 75 63 59 98 4 80 15 26 9 16 78 78 26 85 65 27 96 61 12 29 67 91 59 69 57 4 34 52 32 5 58 60 15 8 15 46 22 41 55
3636 22 1063 89 70 84 66 55 48 45 2 61 56 30 27 98 40 95 54 96 80 6 27 77 62 36 89 76 43 22 16 5 17 59 22 71 58 66 72 70 74 54 48 94 25 40 74
3637 22 829 82 66 2 43 54 42 18 96 97 91 12 43 68 59 76 89 29 86 7 53 55 80 58 3 96 26 42 21 59 59 23 1 16 71 60 12 61 23 79 90 13 6 30 94
3638 22 868 43 88 98 98 67 55 52 69 8 99 46 1 72 5 60 46 57 23 61 27 34 73 40 56 79 18 45 91 75 27 36 18 14 33 33 39 18 53 99 68 39 54 10 84
3639 22 1024 11 85 97 89 18 69 28 74 99 97 70 89 72 96 77 89 62 61 55 94 24 46 50 43 95 48 34 49 58 69 42 65 85 79 36 83 75 6 46 53 86 14 60 40
3640 22 824 7 11 15 4 12 58 99 60 43 99 69 11 9 62 76 59 72 12 37 8 95 12 65 18 17 69 31 80 86 89 1 93 54 10 52 41 33 14 94 41 11 18 53 48
3641 22 696 25 47 11 41 16 71 57 36 65 39 67 51 80 9 3 24 15 64 66 79 58 64 10 9 21 20 26 25 19 2 23 81 42 90 52 51 89 91 18 68 72 91 35 8
3642 22 960 96 1 17 11 33 26 20 5 98 45 29 16 47 51 97 40 92 48 90 16 15 31 58 85 61 56 41 78 43 100 26 95 36 27 94 7 83 91 52 11 59 50 13 7
3643 22 948 41 4 6 31 71 20 13 81 56 10 12 2 54 48 22 83 27 15 42 9 58 93 72 68 94 36 74 34 92 79 16 14 50 28 90 87 69 43 57 74 96 4 73 69
3644 22 840 38 51 84 79 12 93 23 35 60 16 22 85 2 13 15 69 27 64 97 72 21 38 58 41 80 14 14 28 69 39 96 7 41 31 37 4 75 60 86 27 70 80 24 84
3645 22 1040 49 2 45 26 72 82 83 13 13 49 78 40 69 68 88 75 9 18 64 64 93 75 54 78 1 65 81 40 35 29 94 34 25 19 58 58 53 70 70 1 99 62 67 49
3646 22 969 96 27 18 11 90 10 85 95 40 38 59 91 51 25 98 44 11 22 14 20 31 66 89 100 19 87 61 40 5 61 87 31 79 98 73 40 34 67 71 78 21 40 80 98
3647 22 976 37 75 60 10 88 79 40 5 19 92 75 57 52 66 62 65 5 44 43 2 16 82 87 35 13 58 64 85 97 43 82 34 17 93 95 56 71 35 41 26 98 29 59 93
3648 22 964 56 2 35 9 70 69 96 4 33 5 67 17 1 61 51 86 77 43 81 32 66 67 43 6 92 81 55 72 85 13 17 92 3 1 36 71 48 91 52 9 72 4 69 22
3649 22 674 90 97 64 70 28 81 36 22 39 79 3 93 2 87 58 18 30 24 21 82 11 43 29 1 98 32 9 69 77 25 5 46 4 38 33 25 76 63 79 20 17 77 34 47
3650 22 844 6 28 62 48 9 62 45 92 22 65 27 50 54 55 26 11 29 48 84 6 23 46 42 62 53 71 95 99 70 100 78 32 99 86 96 78 19 60 56 20 14 11 46 24
3651 22 802 62 74 23 46 31 45 43 15 38 4 19 8 98 17 30 49 46 13 48 32 57 43 61 27 2 68 47 67 92 42 17 64 89 48 8 83 14 98 87 32 5 36 86 85
3652 22 894 45 98 84 76 7 26 88 33 79 8 46 37 22 87 80 39 51 20 86 10 3 51 59 41 82 16 28 81 1 64 25 99 47 53 57 24 40 89 99 20 48 36 41 86
3653 22 1119 67 31 88 87 68 50 89 18 8 81 99 23 79 24 72 56 74 70 82 94 70 96 98 41 95 85 34 80 51 64 37 32 17 77 49 24 57 48 78 74 40 85 47 9
3654 22 957 92 28 2 43 49 97 42 91 76 75 23 26 38 42 15 21 58 43 70 33 52 69 83 68 98 56 7 83 54 67 26 81 69 68 82 17 59 75 60 86 64 38 78 59
3655 22 1020 32 72 80 64 23 48 47 42 97 54 79 8 67 57 88 35 24 21 51 35 95 10 72 95 43 35 33 65 64 43 96 36 22 12 58 21 10 52 69 63 70 17 56 10
3656 22 725 3 79 82 6 65 29 15 37 23 10 71 7 26 87 1 74 22 74 85 31 46 46 60 33 14 82 69 91 4 99 24 9 64 52 75 52 84 74 33 10 34 35 7 71
3657 22 950 64 53 16 97 19 27 81 32 8 82 98 85 50 74 93 65 25 19 51 3 42 84 53 69 86 27 68 1 31 35 97 49 61 30 80 69 11 31 18 47 91 91 45 68
3658 22 1093 9 13 18 63 54 53 78 6 21 75 91 48 94 43 80 40 79 93 69 58 61 31 89 30 77 21 73 67 65 40 27 77 57 90 82 10 67 88 30 29 87 73 59 19
3659 22 844 64 37 11 84 46 23 14 34 52 42 54 76 8 71 15 34 99 72 75 81 33 42 68 14 35 49 95 73 21 5 43 84 41 53 19 38 84 24 79 25 29 54 70 98
3660 22 880 44 44 78 76 37 97 41 71 45 35 96 18 39 38 1 31 43 72 21 69 55 44 47 80 72 53 63 71 73 84 20 16 28 49 64 45 83 87 70 34 58 60 23 11
3661 22 836 43 65 82 63 34 36 6 32 67 77 36 30 47 8 65 18 23 92 66 17 8 62 46 3 69 31 60 28 53 22 70 70 3 32 39 37 86 57 22 86 64 81 56 94
3662 22 912 47 72 53 61 71 50 63 39 80 74 19 33 96 40 2 50 24 56 40 60 93 97 25 14 34 89 95 36 22 2 82 20 73 34 44 84 94 34 15 68 4 47 64 67
3663 22 1001 55 4 78 48 52 55 13 85 95 59 21 16 60 2 35 33 87 15 28 70 8 61 85 27 17 83 93 60 83 57 89 12 88 63 61 1 99 55 11 19 22 23 72 57
3664 22 838 55 59 23 34 28 82 46 64 61 62 99 53 73 81 50 21 24 57 9 38 17 61 37 24 71 55 45 45 27 53 51 85 75 84 64 9 30 80 69 43 78 73 16 10
3665 22 908 34 65 30 57 73 90 95 42 50 83 65 73 89 9 17 15 62 68 51 88 67 48 32 98 68 75 27 41 90 36 26 6 31 7 80 72 8 62 36 80 96 49 9 16
3666 22 1026 20 49 18 38 96 2 87 64 76 13 56 17 33 74 16 66 4 74 98 27 82 11 14 13 13 10 61 30 28 1 66 98 90 14 99 76 77 26 88 84 94 87 67 54
3667 22 816 33 23 28 30 49 9 93 15 73 5 24 34 86 93 61 86 11 10 27 24 8 2 52 85 89 87 78 27 2 45 81 86 19 60 68 19 20 60 92 64 25 50 1 38
3668 22 962 87 63 47 14 86 7 15 89 91 56 75 69 34 28 65 14 13 35 73 32 53 92 36 55 93 60 56 45 49 42 7 48 55 44 54 22 84 96 77 10 16 10 37 80
3669 22 915 76 2 14 100 33 19 44 24 56 79 30 100 90 85 45 39 26 3 38 33 99 91 54 82 82 92 43 80 85 18 81 99 18 66 69 13 41 24 91 22 23 80 6 19
3670 22 772 70 83 22 7 67 20 49 20 1 87 53 44 92 96 24 76 13 56 26 82 21 94 94 13 17 36 34 40 16 39 58 37 74 31 44 40 50 92 12 3 30 64 98 21
3671 22 844 59 21 97 24 77 22 57 49 16 3 62 84 38 95 23 5 86 33 42 59 15 37 50 65 28 61 19 58 25 68 78 35 89 26 10 17 48 19 17 15 21 78 98 10
3672 22 916 25 73 15 10 57 8 20 71 44 69 35 71 82 5 80 6 73 10 92 13 54 81 34 72 97 48 27 98 1 3 70 67 12 26 74 83 96 69 51 83 84 39 23 89
3673 22 920 63 32 33 27 19 86 7 4 9 56 4 100 34 1 52 36 22 71 99 99 96 81 94 65 83 28 56 67 78 7 81 62 91 60 80 28 18 35 36 73 38 87 58 38
3674 22 758 39 93 11 9 91 9 4 23 3 20 58 82 75 24 5 82 33 66 73 92 97 52 9 83 88 34 21 74 10 64 36 21 72 26 29 28 1 83 47 58 65 74 81 16
3675 22 858 30 14 47 38 43 95 90 4 77 77 37 97 2 79 7 66 14 27 89 92 55 16 92 38 15 1 54 40 33 69 69 46 21 67 84 63 61 73 66 37 1 54 86 2
3676 22 1021 85 92 67 50 70 56 93 24 23 84 13 89 84 66 28 16 87 48 14 59 97 21 74 21 39 63 21 44 48 22 91 89 30 60 96 22 35 18 58 48 59 93 65 86
3677 22 960 61 3 86 74 13 51 22 34 25 42 24 39 62 67 38 35 47 28 75 28 87 70 49 73 40 6 20 98 99 37 35 59 91 20 84 4 71 5 89 47 46 12 37 59
3678 22 795 30 74 45 28 1 20 55 39 41 4 11 80 61 83 29 11 71 64 69 61 35 4 16 57 8 4 5 67 91 15 49 64 60 76 79 83 54 19 86 65 51 98 47 79
3679 22 788 9 17 94 29 29 81 33 45 37 92 44 97 19 34 63 67 50 22 65 52 76 71 71 13 35 73 11 33 3 71 1 97 99 29 83 25 17 75 77 60 23 95 46 85
3680 22 944 13 95 59 6 11 10 82 81 32 46 67 4 8 99 7 78 99 55 77 80 83 11 4 99 85 80 26 4 96 38 50 54 44 12 63 77 93 95 74 59 98 82 10 56
3681 22 743 59 60 10 87 39 92 98 95 43 34 26 53 93 52 8 88 41 57 36 68 55 12 12 49 38 23 99 19 32 54 29 43 16 16 34 59 65 28 1 98 5 53 90 8
3682 22 705 60 29 49 16 69 84 36 24 48 99 24 85 21 22 3 4 28 83 47 43 98 32 1 14 59 54 12 15 6 53 23 66 82 71 33 50 54 20 25 1 19 49 85 91
3683 22 800 22 39 95 1 74 93 23 24 48 37 34 1 58 100 70 75 81 92 8 83 46 79 59 98 97 59 35 88 25 34 33 98 26 80 21 1 27 57 79 56 36 7 3 11
3684 22 930 40 46 70 22 43 48 32 41 97 91 75 36 23 51 21 55 49 46 34 21 46 12 29 31 90 84 63 78 42 17 88 81 57 54 5 56 86 97 4 76 71 39 98 74
3685 22 874 59 4 22 56 38 94 53 1 35 91 57 98 68 98 14 7 31 28 15 36 85 70 21 81 26 48 52 16 97 77 75 1 50 82 90 43 87 90 16 21 32 72 70 51
3686 22 918 21 84 57 3 63 71 39 47 93 11 28 18 59 31 33 7 7 59 56 93 48 50 79 90 65 51 73 88 24 8 80 11 18 3 1 17 95 11 44 64 69 26 96 76
3687 22 830 32 7 34 39 99 34 40 29 23 4 79 95 91 99 70 98 6 50 60 24 52 60 92 98 71 35 61 91 8 18 43 14 4 33 12 37 72 92 11 27 57 17 21 27
3688 22 912 66 27 28 78 2 79 89 93 59 79 88 2 90 95 71 84 61 74 68 24 62 39 16 72 65 38 29 33 10 7 98 88 34 27 64 16 33 91 26 63 30 27 52 24
3689 22 956 50 87 36 23 54 60 85 44 75 8 60 12 88 92 21 94 42 61 27 68 49 42 83 34 32 9 96 61 87 100 37 36 38 72 11 92 31 95 57 54 47 20 90 93
3690 22 948 87 31 53 66 51 53 7 85 86 39 93 34 80 85 39 67 22 63 77 65 45 23 52 2 50 73 70 91 65 56 74 17 21 24 8 7 18 53 92 20 84 28 11 50
3691 22 878 50 73 79 66 17 1 69 70 29 70 95 98 61 59 6 34 28 78 57 49 16 7 26 68 51 98 78 8 53 79 32 31 45 100 31 65 70 12 35 16 74 66 96 36
3692 22 784 1 4 3 60 30 71 10 27 73 39 86 25 18 17 55 14 16 38 78 37 49 64 52 61 26 79 89 30 74 24 31 77 27 42 6 49 84 21 41 69 46 10 85 52
3693 22 696 23 53 41 53 89 41 16 41 2 26 18 80 14 47 53 90 29 81 68 22 39 16 24 22 88 17 43 85 26 79 37 49 31 29 1 72 70 68 64 71 45 81 50 59
3694 22 900 79 54 8 86 67 29 24 34 5 98 21 21 92 6 46 70 94 46 53 22 98 76 91 66 39 13 10 19 14 20 97 19 71 56 37 37 28 22 41 77 43 13 68 100
3695 22 967 58 38 93 56 42 66 53 17 9 18 55 21 80 25 87 51 73 5 22 81 61 10 17 41 32 9 26 73 85 25 30 74 67 82 38 83 90 7 89 63 65 49 37 5
3696 22 862 62 69 18 71 85 58 54 45 74 79 17 10 3 99 83 71 35 1 5 24 94 83 23 8 20 39 8 60 76 65 21 96 82 92 33 39 97 77 64 76 46 74 78 44
3697 22 868 8 1 30 9 5 54 43 50 36 18 58 7 56 17 67 83 81 87 79 62 11 100 27 39 64 2 84 89 31 79 96 31 9 4 35 14 99 37 1 16 94 7 71 10
3698 22 656 73 54 43 12 32 4 41 42 56 67 71 20 16 11 51 46 6 33 62 68 19 60 4 71 27 49 78 97 10 2 50 52 13 33 8 54 26 15 72 58 37 92 25 47
3699 22 819 42 70 4 26 76 65 93 46 48 69 2 48 98 51 10 99 52 13 64 85 72 69 62 86 92 19 22 83 43 20 65 24 40 88 46 37 16 46 5 69 19 2 53 71
3700 22 894 67 68 7 38 36 68 24 27 87 97 62 81 69 37 45 92 90 36 31 36 73 46 81 29 25 83 85 79 55 45 54 61 82 41 29 57 19 67 6 80 47 74 44 65
3701 22 888 58 79 47 93 3 45 25 32 11 50 66 95 80 52 2 24 57 14 97 94 14 15 60 19 59 92 15 2 8 72 54 17 83 98 93 66 94 31 55 73 34 56 96 90
3702 22 1012 69 53 86 15 18 52 74 36 98 32 79 12 33 86 36 65 91 4 47 41 96 64 48 90 94 54 14 79 9 62 68 30 66 5 44 83 56 69 70 54 53 48 17 85
3703 22 739 85 52 49 27 7 47 67 3 10 67 44 55 20 57 33 81 18 52 62 35 56 5 17 64 25 38 69 77 14 21 89 14 48 95 13 14 22 80 92 29 52 1 32 70
3704 22 930 17 93 5 24 49 73 87 73 11 55 2 95 92 15 68 32 80 67 78 92 32 27 14 64 70 94 15 70 58 46 74 38 96 98 38 68 84 10 91 63 25 34 77 44
3705 22 692 65 9 10 42 41 20 4 90 58 70 11 16 15 54 49 38 69 74 3 98 64 65 74 97 94 17 13 2 26 6 1 19 18 74 67 75 44 29 42 10 83 83 14 83
3706 22 958 72 6 51 45 8 1 25 74 56 18 91 20 71 68 26 23 38 3 40 12 21 67 7 1 60 16 83 94 81 18 66 87 68 10 94 68 70 70 77 39 84 97 9 3
3707 22 700 74 84 41 28 23 52 48 41 10 48 1 25 83 46 6 100 11 44 19 73 89 39 94 59 32 22 97 15 18 58 17 43 9 22 15 60 21 56 69 8 46 3 53 3
3708 22 847 54 16 46 72 40 34 10 33 44 93 41 59 24 98 28 18 38 36 52 48 60 59 68 80 66 65 82 71 67 35 86 64 59 25 50 20 9 93 13 62 85 71 37 82
3709 22 956 50 55 71 86 94 75 33 53 52 85 51 17 66 21 35 53 58 99 63 34 82 42 44 46 3 29 69 40 62 18 46 33 39 59 87 43 43 39 27 93 55 45 65 89
3710 22 890 49 22 39 11 7 90 44 48 34 90 3 62 58 94 75 75 30 29 17 16 71 60 54 50 52 60 46 69 1 94 90 91 56 97 81 51 96 66 40 98 79 49 91 53
3711 22 855 76 81 12 5 9 28 72 80 87 26 81 91 37 26 59 37 71 100 28 26 48 60 44 25 68 41 3 68 84 7 95 16 18 99 25 46 23 56 32 100 36 74 61 32
3712 22 910 73 31 32 52 8 79 11 35 22 87 54 15 41 74 50 47 68 65 65 19 10 41 96 93 40 31 67 75 43 98 99 73 81 50 60 12 19 33 72 99 90 97 37 65
3713 22 913 17 1 83 57 62 23 53 6 24 88 26 22 87 50 54 88 34 65 52 52 50 1 75 48 43 72 79 36 16 31 70 72 44 92 49 5 59 73 84 46 30 85 51 70
3714 22 881 18 16 73 69 65 73 96 64 67 67 63 45 54 78 27 23 50 70 14 25 71 70 83 43 13 18 40 95 55 90 64 72 5 88 93 21 12 88 85 79 47 23 7 77
3715 22 966 2 81 26 71 46 2 93 15 85 35 79 54 73 8 68 88 32 24 75 24 45 87 11 81 65 16 39 74 55 40 54 32 63 99 34 55 70 42 43 23 67 68 83 86
3716 22 799 55 14 10 82 37 54 68 99 86 84 66 64 74 39 19 14 44 50 28 94 35 82 58 4 23 52 79 42 61 27 26 88 7 14 93 26 12 78 9 77 42 34 67 60
3717 22 756 47 10 61 26 55 96 8 12 51 82 63 29 75 34 41 54 7 66 65 79 34 90 42 63 50 70 4 83 36 15 82 97 76 7 23 66 14 73 48 29 2 74 62 94
3718 22 725 27 20 60 20 84 90 5 73 32 67 22 53 71 4 89 37 37 37 12 44 40 34 9 53 59 8 33 60 82 94 53 60 13 64 79 48 54 35 20 37 2 93 24 49
3719 22 978 29 60 85 18 72 28 9 57 89 13 67 48 46 26 81 39 31 41 4 46 71 51 51 6 23 87 59 15 28 82 15 8 41 100 77 64 79 85 73 19 98 39 95 17
3720 22 944 47 33 39 88 92 10 91 95 67 13 81 25 79 60 6 94 20 98 45 48 62 23 33 34 94 82 24 60 76 40 58 60 38 97 48 82 90 76 54 8 32 68 5 77
3721 22 832 39 54 73 86 15 48 70 100 41 51 76 100 78 15 9 38 53 5 37 34 62 26 85 79 16 84 35 40 91 25 94 63 11 60 10 80 12 2 83 87 1 60 49 5
3722 22 882 66 37 90 28 62 50 64 92 18 48 6 4 39 48 29 32 10 39 44 72 70 55 73 4 93 26 16 45 87 64 50 52 1 91 31 14 41 95 58 58 94 15 61 32
3723 22 875 62 41 64 71 79 59 94 1 13 67 56 5 92 71 49 30 87 50 33 39 41 64 4 33 10 61 42 3 75 54 34 88 95 49 59 25 7 4 25 19 70 33 3 76
3724 22 817 42 89 25 75 79 17 90 83 49 99 43 90 1 70 44 86 57 90 35 67 14 93 71 91 64 92 23 38 13 98 66 90 24 44 6 65 26 7 63 21 96 15 91 1
3725 22 891 50 32 87 69 46 79 91 88 42 82 10 32 38 86 44 88 3 85 63 47 43 80 24 49 96 96 9 89 61 39 70 47 59 15 77 49 2 19 82 63 72 49 45 59
3726 22 954 51 82 73 49 24 52 25 72 46 72 67 54 61 5 66 51 75 64 9 41 40 9 95 10 90 57 11 61 57 8 71 60 89 44 8 12 47 84 35 92 56 53 97 16
3727 22 948 58 14 66 84 77 26 24 17 34 70 26 23 27 89 36 35 96 6 94 36 1 54 99 48 37 33 91 92 85 40 59 94 53 76 30 1 98 86 22 75 9 100 63 44
3728 22 800 87 10 1 80 45 2 33 43 22 75 91 65 12 30 24 5 35 99 34 64 52 38 13 37 59 87 97 11 2 92 11 93 28 56 94 13 50 94 86 77 36 50 88 66
3729 22 841 25 92 52 24 77 67 27 14 79 63 17 12 87 18 3 35 81 95 62 88 40 26 37 33 11 13 21 61 38 85 44 89 60 72 55 38 86 33 53 10 1 64 96 19
3730 22 880 66 30 51 61 43 38 52 21 26 37 31 91 57 43 42 94 80 37 82 91 9 36 29 46 20 81 55 72 44 2 83 92 21 77 81 25 97 7 61 80 49 17 22 90
3731 22 823 10 1 27 91 92 87 78 72 32 49 52 38 20 95 39 62 55 73 5 28 1 86 98 44 12 77 28 50 81 89 51 59 31 94 97 60 65 28 8 16 79 62 68 79
3732 22 926 97 47 80 82 98 77 77 61 5 68 40 54 28 56 11 10 49 7 69 65 87 76 32 51 7 93 58 98 13 36 94 59 67 27 9 95 3 69 99 22 61 5 74 40
3733 22 788 60 84 50 61 42 18 25 28 46 9 31 52 53 40 49 65 75 95 76 94 21 84 88 76 4 39 16 43 22 56 54 57 5 14 99 22 91 78 19 99 8 70 51 47
3734 22 919 71 68 74 65 43 67 37 26 6 12 81 96 61 97 38 82 52 44 39 8 9 89 99 66 49 26 69 100 72 39 67 97 3 9 15 40 86 21 18 16 63 14 97 17
3735 22 695 1 87 24 9 27 5 8 92 4 56 17 24 7 41 15 25 37 17 85 4 70 24 63 40 91 77 53 48 25 70 48 11 45 57 89 49 16 81 23 49 80 82 41 94
3736 22 922 6 30 62 91 33 70 12 8 84 51 50 60 56 50 85 77 97 47 21 5 88 22 72 20 25 47 68 4 28 61 42 59 75 74 80 39 15 41 34 26 96 83 24 32
3737 22 880 9 45 36 96 66 60 67 42 6 86 98 33 46 46 17 87 56 44 12 87 34 96 1 74 30 27 22 64 88 45 95 48 89 83 42 61 47 47 97 31 44 94 99 83
3738 22 905 50 42 46 36 75 42 89 1 23 67 22 86 54 66 33 54 7 15 64 56 61 63 59 11 36 2 5 34 76 82 41 2 81 2 97 47 34 53 66 6 99 80 14 87
3739 22 796 17 77 92 75 39 27 29 43 61 64 48 88 45 41 41 19 21 43 67 68 1 20 9 66 77 59 46 81 73 32 50 1 76 24 2 4 34 14 20 33 53 16 94 87
3740 22 1011 94 88 53 13 56 53 32 17 71 8 75 68 40 99 51 89 26 65 90 28 20 75 93 39 7 46 55 32 91 41 25 30 45 37 85 50 79 28 87 70 78 37 11 29
3741 22 926 63 75 70 42 94 96 34 85 2 79 91 33 69 83 9 50 27 97 35 76 68 87 47 46 66 33 96 22 78 24 84 4 45 77 49 40 10 33 93 89 23 78 5 38
3742 22 803 59 84 35 45 2 83 58 100 1 90 19 48 63 96 23 98 99 67 74 47 84 32 50 24 54 79 11 17 94 94 51 38 4 4 73 61 55 25 3 73 72 65 20 94
3743 22 880 63 70 12 36 69 69 19 100 70 94 5 49 78 15 65 71 60 67 61 64 85 24 77 9 26 1 80 43 21 25 90 36 40 58 56 11 9 25 4 14 73 81 37 4
3744 22 732 92 3 64 55 25 48 30 1 56 8 53 87 50 73 63 6 15 50 45 24 5 55 33 29 11 98 54 43 29 42 46 20 97 9 26 73 8 56 77 1 16 50 21 64
3745 22 962 64 17 87 68 24 71 49 34 68 54 76 49 95 22 91 82 94 63 90 1 39 4 15 16 57 82 65 71 2 80 35 18 18 54 41 89 54 26 8 7 56 2 75 76
3746 22 848 44 56 69 59 45 21 97 1 87 12 57 68 28 27 21 7 13 90 77 67 31 17 20 8 24 27 9 32 80 83 59 23 39 27 33 35 47 30 35 85 93 91 52 21
3747 22 976 70 72 27 82 61 55 43 71 72 51 47 50 11 30 81 94 88 3 84 14 12 17 57 96 9 47 99 29 68 22 8 2 82 14 53 77 85 24 79 31 25 89 60 5
3748 22 756 34 47 60 69 12 47 91 75 15 47 70 23 93 20 4 13 41 63 14 74 76 66 2 60 42 80 18 21 1 75 54 99 86 75 10 32 65 36 98 11 5 20 55 76
3749 22 980 75 67 16 89 80 42 65 98 43 76 91 23 70 60 22 34 48 21 19 22 82 2 86 18 99 96 74 71 51 50 45 69 17 34 1 58 50 50 77 40 46 99 68 85
3750 22 973 64 40 3 38 21 5 23 90 71 64 73 73 65 70 41 81 55 93 91 56 42 91 32 81 30 32 33 97 16 48 88 70 85 8 74 60 98 29 82 13 53 54 77 74
3751 22 1017 46 57 80 39 99 35 32 89 19 13 5 48 96 89 63 37 83 32 73 42 58 32 91 38 65 3 90 18 79 16 16 88 95 6 86 82 37 27 1 83 48 72 10 60
3752 22 915 80 42 84 21 99 16 12 88 32 14 77 2 45 44 17 84 39 74 21 20 62 47 71 63 82 69 10 5 66 72 64 45 13 47 65 63 14 28 50 46 94 78 47 90
3753 22 930 22 15 73 12 88 93 83 49 92 53 63 25 25 29 38 96 34 60 90 50 74 56 78 75 53 71 52 99 60 25 65 84 4 28 70 4 19 74 43 98 23 87 14 20
3754 22 826 49 56 70 74 11 47 48 63 69 51 13 80 76 29 15 63 32 42 85 35 58 53 7 8 47 30 94 36 95 14 36 50 35 9 12 33 56 26 1 7 90 32 34 18
3755 22 899 46 48 49 87 32 36 99 42 40 6 39 87 42 74 81 7 62 83 41 22 94 73 30 72 25 88 61 56 21 79 53 20 79 40 4 66 90 45 58 47 45 96 33 38
3756 22 882 69 66 45 82 48 37 4 41 62 33 64 38 72 25 46 44 55 98 63 85 89 66 51 31 8 77 6 3 96 23 27 92 57 74 28 60 66 41 44 30 79 15 24 58
3757 22 773 60 73 72 44 62 38 46 92 51 5 20 9 7 81 4 82 59 95 38 84 74 49 2 67 44 31 45 10 36 20 19 47 92 90 42 53 79 40 96 30 16 38 3 48
3758 22 932 93 84 59 87 73 42 12 73 43 78 16 25 22 25 58 85 84 52 89 63 91 85 44 34 52 81 36 99 25 71 57 11 51 22 67 93 82 18 6 29 66 100 39 2
3759 22 883 84 90 90 46 32 26 89 65 77 21 53 76 45 23 7 18 34 80 79 31 18 48 56 23 28 73 75 66 74 58 15 55 41 95 55 17 59 44 11 33 80 69 2 13
3760 22 936 48 86 43 31 55 90 86 29 18 58 3 35 83 60 94 97 66 83 37 60 89 6 74 47 49 36 80 28 4 81 93 4 35 86 24 77 71 53 62 67 25 10 32 8
3761 22 780 47 92 48 52 17 95 52 53 26 80 8 58 24 63 28 58 51 34 70 3 79 49 10 11 62 76 35 72 7 94 50 42 73 67 36 24 71 13 55 30 78 93 49 88
3762 22 1035 92 100 73 62 54 4 62 63 14 24 90 100 47 97 94 16 98 35 40 64 22 63 86 34 70 16 55 47 8 4 99 55 59 12 74 23 27 49 12 26 60 19 58 53
3763 22 905 53 73 26 67 59 59 36 74 14 83 81 69 68 31 23 78 95 82 39 20 56 17 43 66 27 13 79 36 18 31 9 43 97 67 54 33 40 67 67 72 87 86 61 64
3764 22 864 48 94 54 67 50 23 86 17 17 51 95 29 29 31 98 11 39 93 60 5 46 44 96 64 62 19 47 72 10 62 20 3 68 38 52 90 76 20 6 26 15 86 7 45
3765 22 976 84 69 35 28 28 91 73 23 86 36 4 85 83 27 46 96 98 48 15 36 52 4 11 71 61 88 37 99 81 34 67 61 94 57 33 17 68 52 49 4 34 76 82 73
3766 22 812 48 96 60 99 52 22 22 64 10 58 62 55 91 47 21 57 7 15 66 91 31 59 34 60 13 68 87 13 1 59 61 96 71 59 99 92 80 63 53 90 24 60 23 80
3767 22 833 36 29 94 53 72 76 64 81 10 23 29 9 6 29 19 18 76 41 77 75 33 8 37 37 97 12 96 28 34 76 15 21 68 86 31 66 58 53 11 38 13 69 66 84
3768 22 852 86 93 24 14 67 8 22 55 45 70 40 98 52 67 13 66 80 3 36 11 21 45 15 31 82 80 51 99 63 37 91 86 50 10 94 23 64 38 29 42 34 48 6 51
3769 22 975 87 37 6 74 47 26 70 14 56 51 93 59 1 55 95 91 40 96 52 85 71 16 74 15 49 3 8 82 2 13 85 40 90 13 48 15 82 13 22 84 57 80 84 11
3770 22 895 26 26 2 74 78 39 44 45 12 10 93 66 17 27 67 81 63 6 81 52 70 80 18 3 91 86 71 21 10 48 47 64 21 76 16 20 65 25 64 31 90 49 73 52
3771 22 740 7 6 55 76 85 72 79 29 15 16 28 85 37 90 84 35 5 5 10 58 20 81 22 97 44 52 89 86 53 62 59 67 34 3 67 64 31 81 32 11 17 68 52 1
3772 22 917 54 56 57 15 13 28 47 86 24 42 90 65 27 42 26 16 44 11 85 98 77 49 81 10 80 91 99 42 78 4 49 34 18 13 14 64 98 37 5 87 53 84 28 30
3773 22 905 99 27 73 61 64 23 89 12 3 98 43 93 76 41 86 53 44 34 39 13 46 52 28 95 40 32 82 93 15 61 22 65 47 25 69 66 14 71 63 8 38 100 52 43
3774 22 1030 95 37 81 7 34 84 28 23 17 61 67 84 22 89 48 61 87 25 63 55 90 28 77 4 35 43 94 34 36 80 82 16 86 15 51 71 42 73 3 92 70 76 80 70
3775 22 956 36 18 46 50 24 87 77 52 90 63 94 83 48 39 70 27 20 37 64 86 87 34 79 12 33 3 42 8 34 63 43 51 8 44 74 94 25 35 82 70 81 8 39 7
3776 22 990 79 76 70 64 14 55 94 25 27 27 68 34 60 30 29 10 89 72 35 34 44 59 77 28 58 87 28 16 65 55 38 80 92 74 45 18 52 71 85 85 83 66 6 89
3777 22 808 79 39 32 89 59 60 17 47 55 26 33 72 70 3 52 13 28 96 31 79 18 67 64 100 85 80 96 90 68 74 81 51 62 39 11 30 37 27 15 11 8 46 10 49
3778 22 866 45 38 44 27 16 14 93 31 65 77 63 60 19 30 33 99 47 89 43 28 25 21 64 39 84 71 37 67 85 11 22 81 89 89 94 82 72 58 10 34 18 28 15 2
3779 22 834 78 47 66 41 28 43 62 91 33 45 14 69 11 98 6 74 19 86 59 31 95 30 88 57 63 57 36 30 10 31 69 89 73 30 32 58 26 45 94 83 61 12 20 75
3780 22 848 70 50 69 52 90 25 66 98 61 95 60 26 23 70 56 43 10 81 72 41 38 49 37 15 36 30 50 97 41 69 71 63 91 14 68 31 9 28 26 69 5 100 12 42
3781 22 820 99 92 65 92 81 13 28 96 48 58 45 96 50 65 66 12 35 9 77 46 76 8 7 55 85 75 59 36 16 70 29 66 14 45 57 94 41 56 42 37 4 43 2 21
3782 22 832 7 88 29 83 34 4 42 40 58 78 66 68 65 33 38 93 98 3 37 7 48 45 91 89 53 84 77 56 26 78 76 32 5 67 51 8 60 42 18 38 59 85 2 91
3783 22 1045 74 47 40 76 83 46 76 28 36 64 80 71 87 97 70 62 66 46 89 26 58 30 43 95 79 48 30 53 46 21 29 67 55 8 54 70 39 25 62 25 73 83 38 52
3784 22 883 21 56 50 9 81 7 90 75 53 29 5 52 10 9 98 30 89 78 96 95 85 50 17 75 26 30 51 98 12 88 49 32 43 50 92 75 56 81 1 60 9 6 70 14
3785 22 724 9 99 54 86 47 1 22 96 17 96 21 98 46 70 33 70 92 28 20 83 75 15 55 35 12 98 44 25 6 42 31 43 88 31 64 35 99 11 7 96 8 76 56 92
3786 22 851 46 99 19 65 33 73 91 47 79 77 21 90 74 64 66 31 57 96 25 45 78 40 31 76 50 38 23 57 13 78 1 58 28 19 60 43 65 58 93 78 62 67 49 2
3787 22 884 23 74 98 53 13 28 28 15 65 3 78 80 87 60 94 61 19 36 77 77 9 69 6 70 35 51 97 36 52 72 49 24 73 76 3 39 93 5 62 70 37 84 8 96
3788 22 814 77 68 66 65 44 94 73 65 94 51 2 91 86 5 14 46 5 89 19 80 43 57 24 48 70 93 36 54 53 83 82 20 48 98 16 42 80 93 30 46 6 68 50 71
3789 22 1025 13 54 59 83 85 1 92 9 61 53 87 66 5 69 77 17 97 44 10 19 75 54 34 56 99 91 23 48 36 53 71 70 89 23 22 2 58 30 38 34 98 35 53 51
3790 22 813 12 86 59 10 28 81 9 88 68 13 10 38 1 84 98 50 58 71 51 71 60 52 47 94 49 81 22 59 85 25 70 22 83 31 15 91 88 83 3 97 20 55 81 69
3791 22 748 4 90 40 6 60 49 66 11 47 11 11 28 32 69 12 8 38 34 42 20 82 57 10 22 39 64 18 10 19 50 78 22 69 28 99 69 45 10 16 55 20 95 89 6
3792 22 952 98 78 91 39 50 25 95 59 46 85 23 15 94 41 65 24 14 4 92 93 2 13 37 63 28 43 83 22 33 23 79 30 52 22 20 1 67 12 43 51 34 57 45 26
3793 22 662 73 20 39 76 11 32 30 75 20 92 54 15 26 27 47 100 6 28 52 79 76 13 63 70 16 48 60 73 51 31 64 26 41 47 7 68 18 99 21 32 48 30 5 57
3794 22 700 27 83 56 30 58 20 45 27 35 44 4 46 69 6 28 32 32 21 30 38 88 47 8 79 64 55 60 91 11 69 17 93 24 98 2 95 94 80 82 38 36 79 6 41
3795 22 770 7 89 24 27 18 14 14 16 1 73 46 16 80 6 58 90 74 74 35 49 88 43 17 68 76 6 55 55 63 95 13 51 19 91 20 32 4 36 84 28 81 52 86 9
3796 22 810 49 11 35 83 59 10 70 2 78 89 29 84 43 35 98 90 47 49 8 37 20 91 92 55 26 72 88 29 25 90 36 76 12 94 85 34 14 22 76 49 17 62 6 9
3797 22 736 47 65 97 66 7 41 73 32 12 60 13 41 36 2 19 71 29 30 17 13 63 63 78 37 90 27 5 52 10 12 74 8 80 48 8 63 11 19 75 52 55 28 22 77
3798 22 957 56 51 93 20 66 56 98 54 45 76 58 48 48 19 59 18 44 67 53 75 13 37 77 83 64 80 37 43 1 14 99 3 70 20 67 73 10 42 82 57 41 100 16 10
3799 22 906 43 34 63 17 51 27 6 79 9 69 58 98 10 63 61 13 20 31 84 33 49 57 94 43 38 2 83 90 69 93 54 7 1 5 85 58 35 93 78 45 90 40 52 53
3800 22 756 18 24 83 2 56 83 10 1 25 99 2 60 88 23 4 24 76 62 24 80 46 81 67 38 11 80 49 64 1 34 6 35 87 13 96 13 94 46 5 86 89 8 9 16
3801 22 813 69 84 48 14 64 14 4 73 24 83 73 39 17 74 72 23 8 58 35 77 5 100 23 51 66 27 36 6 87 96 21 7 79 68 94 81 76 18 10 90 43 26 63 66
3802 22 1023 23 76 35 51 80 86 73 82 51 52 69 8 38 64 28 96 42 48 68 87 43 4 84 4 94 78 82 8 95 81 70 67 33 2 52 57 83 54 8 52 61 97 67 41
3803 22 1087 93 61 88 60 47 67 55 51 2 10 96 31 91 3 78 24 37 47 90 21 48 42 77 83 95 37 86 8 85 52 29 12 87 89 59 5 61 59 4 56 41 47 10 18
3804 22 832 70 46 17 59 66 64 52 95 98 99 83 83 6 67 35 5 96 46 43 36 56 47 82 16 5 37 23 46 33 15 4 78 31 15 47 66 90 44 16 24 27 73 61 77
3805 22 831 37 58 19 72 66 18 53 33 22 90 56 19 24 88 34 28 17 16 42 12 62 59 6 75 76 84 47 18 44 76 54 53 94 26 18 63 30 3 85 71 58 55 95 45
3806 22 838 40 22 61 56 15 25 69 73 29 74 47 57 57 46 74 52 21 79 66 56 26 29 86 28 65 8 85 71 2 81 11 75 94 18 41 18 14 98 12 12 54 20 79 24
3807 22 942 29 58 80 47 13 5 75 50 85 91 58 69 61 59 50 71 86 43 40 26 12 78 91 61 89 3 15 60 11 45 83 40 2 14 71 12 64 55 73 75 14 32 76 37
3808 22 947 69 70 76 94 81 53 37 94 93 39 8 5 49 52 39 40 6 53 77 72 75 40 87 29 60 55 7 43 31 43 11 100 18 56 33 23 92 26 67 82 85 71 83 88
3809 22 784 62 22 93 14 51 64 40 90 20 35 10 74 41 52 4 83 14 56 52 69 88 26 13 65 94 49 15 76 36 76 50 81 44 80 46 99 75 55 25 67 58 80 49 71
3810 22 888 35 53 92 74 78 4 90 70 49 38 37 25 26 12 74 6 53 25 1 84 65 47 59 58 11 90 33 25 63 24 50 40 79 40 62 28 29 98 52 6 61 77 12 49
3811 22 1008 17 10 35 60 62 93 70 72 82 80 57 58 42 80 60 33 11 99 94 38 79 43 41 85 4 17 47 20 69 10 68 85 19 2 97 81 46 66 80 45 89 38 92 48
3812 22 883 70 2 98 64 91 77 58 31 13 13 47 59 33 67 21 52 51 39 6 99 71 51 64 27 82 60 38 71 97 29 18 67 16 82 72 44 2 56 4 100 66 88 86 39
3813 22 814 69 77 44 67 47 47 83 25 28 42 63 98 91 91 16 9 25 83 90 48 26 32 50 33 35 1 98 22 19 36 13 39 12 56 57 10 2 39 30 33 97 79 23 39
3814 22 1093 94 31 63 76 72 11 53 3 12 85 90 64 35 63 82 70 75 72 81 83 29 90 84 67 76 65 51 72 44 73 11 89 55 25 65 78 87 69 98 54 22 14 88 84
3815 22 832 47 57 11 19 89 93 30 28 65 6 45 68 29 88 92 39 28 47 16 44 24 2 13 56 52 66 5 65 75 81 53 19 79 82 46 96 39 42 63 68 81 54 58 9
3816 22 796 52 73 28 75 64 35 78 81 94 37 56 1 54 37 53 72 67 87 69 62 25 11 24 44 91 30 2 51 33 26 3 60 18 95 29 51 10 22 39 89 40 94 66 92
3817 22 854 17 32 78 85 94 55 47 69 50 90 98 51 40 31 77 42 42 80 12 88 9 14 97 82 52 37 59 91 30 24 83 46 56 12 1 66 29 69 68 70 19 18 10 1
3818 22 830 46 3 42 26 14 82 86 79 78 67 31 15 21 96 1 3 8 67 24 8 84 4 29 51 74 99 35 99 66 37 92 43 3 73 80 81 47 11 69 76 32 64 76 86
3819 22 960 57 36 52 32 95 88 36 23 38 61 21 58 71 76 31 63 18 85 87 50 66 41 96 76 9 71 59 25 98 97 81 85 13 80 54 25 60 75 34 6 45 9 79 21
3820 22 1049 98 28 38 38 75 65 99 97 24 23 94 72 55 31 71 19 10 10 70 63 86 29 89 19 28 22 44 6 93 85 31 31 59 95 81 55 3 100 9 30 64 80 91 73
3821 22 928 49 54 58 30 42 28 15 27 55 36 23 12 81 67 48 11 97 6 29 12 79 83 12 72 92 93 87 71 84 59 19 89 68 100 82 47 61 2 2 83 65 83 13 45
3822 22 820 98 70 54 26 82 85 61 45 56 52 37 42 74 72 52 44 60 71 44 42 17 10 2 70 11 36 35 45 36 99 42 85 20 47 63 1 31 23 45 86 26 34 79 99
3823 22 983 57 30 42 17 37 10 69 46 63 38 9 50 24 53 85 74 46 70 94 93 84 94 23 6 91 9 31 76 87 81 32 69 74 100 20 11 88 56 26 16 72 1 75 14
3824 22 908 78 68 6 13 13 81 70 3 41 52 30 79 32 62 47 5 19 67 74 6 75 96 83 90 20 84 58 76 10 24 5 77 81 69 61 38 96 53 89 25 72 38 76 51
3825 22 1019 48 95 76 54 69 71 88 58 90 71 68 17 32 43 73 8 23 41 49 36 30 96 70 20 71 41 58 1 60 48 63 35 53 31 57 41 40 99 7 67 95 49 54 24
3826 22 949 32 2 59 14 49 98 83 69 69 24 78 69 92 89 68 54 75 21 36 31 61 75 29 23 34 48 87 23 57 70 76 67 25 65 18 93 33 41 22 53 84 10 20 89
3827 22 761 84 92 24 66 52 50 47 27 83 94 95 69 32 17 25 1 45 92 36 69 8 53 61 92 82 44 28 43 15 16 26 7 39 43 10 40 89 88 23 82 35 43 13 3
3828 22 759 67 66 47 10 1 15 17 5 27 8 49 60 3 76 2 70 91 79 28 81 22 89 20 10 29 94 44 63 36 56 73 64 64 73 30 81 57 40 77 68 95 52 70 16
3829 22 1032 94 100 43 74 73 31 35 59 39 78 75 85 90 29 58 5 92 82 34 24 11 42 16 39 10 62 91 31 77 36 82 19 55 1 89 12 93 66 84 67 2 25 47 11
3830 22 1047 29 91 93 15 66 55 8 81 69 42 35 99 18 71 33 88 80 87 89 86 75 52 78 92 87 97 45 12 95 56 92 85 58 51 54 66 83 46 34 77 85 46 3 17
3831 22 1004 34 34 55 74 71 81 25 48 72 11 96 68 74 91 23 18 27 22 75 77 92 12 73 26 88 57 62 33 59 30 66 44 84 91 14 64 67 13 87 30 9 54 3 51
3832 22 795 77 72 50 47 6 77 38 17 1 15 56 57 76 88 67 5 10 88 96 75 3 63 87 89 44 47 43 46 49 71 18 26 20 16 83 48 53 51 48 20 47 93 22 52
3833 22 1017 98 83 91 46 57 46 60 96 34 3 94 76 43 98 69 68 18 84 2 17 89 52 65 8 72 54 49 94 99 76 96 85 45 7 32 78 9 25 6 8 67 3 77 86
3834 22 861 72 12 87 89 38 5 59 94 76 65 95 21 21 45 49 72 40 85 68 46 16 98 6 40 3 13 7 57 41 92 29 5 79 69 56 16 25 15 62 52 73 51 75 91
3835 22 790 57 42 36 72 39 41 63 93 5 69 50 98 13 30 54 43 9 10 26 23 71 77 53 26 1 4 77 25 78 67 81 19 4 10 46 67 2 3 87 3 52 99 84 5
3836 22 833 93 85 13 3 10 36 73 87 88 51 39 43 79 64 20 98 96 91 51 100 52 49 66 53 8 2 3 43 6 95 28 18 97 37 5 22 75 45 24 14 87 2 29 59
3837 22 924 99 24 1 2 23 52 50 40 56 100 92 63 53 46 6 58 40 85 27 89 21 84 10 96 80 85 61 18 86 89 76 37 64 76 38 87 79 39 78 35 49 42 66 6
3838 22 879 99 58 90 77 46 63 12 7 58 91 91 18 9 28 36 64 21 64 53 59 42 91 37 28 80 57 29 21 23 86 71 80 76 100 77 38 63 83 47 54 25 64 14 52
3839 22 1004 73 49 68 93 64 72 52 58 15 88 85 94 44 13 67 18 99 89 97 26 40 25 3 7 61 8 83 76 21 35 48 21 54 92 77 43 42 91 82 78 37 78 43 55
3840 22 795 95 93 43 44 18 35 68 84 37 27 96 96 9 71 70 88 61 24 77 56 17 67 89 95 3 66 81 4 56 50 38 23 33 26 1 28 21 10 50 88 4 71 27 4
3841 22 976 83 3 32 90 19 98 79 65 53 44 61 56 85 16 11 34 86 18 30 86 97 2 95 98 41 51 20 68 6 3 22 37 92 40 57 90 66 61 3 73 98 18 84 31
3842 22 823 23 69 1 52 6 49 54 1 47 46 3 66 65 8 20 86 96 64 78 33 85 86 50 46 25 23 43 94 58 26 16 78 83 26 35 24 70 37 90 35 9 20 72 49
3843 22 955 76 9 34 50 10 32 26 84 74 19 41 51 35 18 80 6 53 6 30 87 29 99 70 85 71 31 57 14 54 5 62 39 90 72 15 55 95 33 96 98 19 65 77 76
3844 22 888 69 82 5 56 63 56 31 84 40 53 14 96 18 68 53 58 29 91 99 52 12 13 7 58 98 54 55 68 70 32 44 39 65 100 94 79 76 63 95 28 28 42 46 95
3845 22 847 94 55 76 36 54 27 47 18 33 57 15 38 11 35 8 94 30 46 29 91 41 84 18 3 97 31 71 94 77 17 49 52 52 54 79 51 63 7 38 53 17 72 60 63
3846 22 802 1 57 25 29 99 65 64 16 20 93 2 16 58 78 32 58 82 83 11 12 85 81 74 91 18 78 60 89 37 74 41 93 98 70 43 62 10 33 78 74 34 93 31 12
3847 22 1111 76 88 45 10 98 56 95 30 81 37 48 59 96 88 69 29 40 18 50 34 80 34 44 12 11 17 55 99 61 82 38 5 92 87 60 38 16 40 74 63 70 3 90 31
3848 22 916 36 8 80 21 39 13 64 2 76 32 51 82 30 11 67 15 7 5 74 44 21 66 17 35 15 38 37 11 19 98 98 19 29 63 34 30 90 66 81 71 95 43 86 14
3849 22 895 58 92 70 83 35 90 4 25 67 41 13 29 72 32 79 10 81 97 38 95 82 20 84 47 52 7 94 94 92 59 51 36 28 86 18 85 25 94 3 18 32 89 41 10
3850 22 969 99 22 58 88 16 39 7 52 86 58 31 52 49 89 54 36 68 39 37 76 82 82 78 99 40 9 80 70 90 53 27 77 69 18 36 72 55 93 29 85 96 29 25 2
3851 22 962 65 92 92 22 29 67 55 10 97 54 1 57 45 81 27 34 85 5 62 5 74 97 76 28 42 4 64 37 33 88 90 49 80 82 70 60 48 24 21 96 22 53 25 2
3852 22 900 79 10 38 35 72 43 9 68 18 88 22 52 98 6 39 87 54 70 68 75 81 68 50 2 63 31 23 15 55 76 45 65 13 32 88 55 92 7 73 79 16 46 30 65
3853 22 928 51 21 3 56 42 23 82 23 90 31 76 4 61 98 71 68 25 67 84 37 98 71 44 89 77 68 68 44 13 49 60 15 21 15 22 63 37 3 78 33 12 81 46 61
3854 22 745 3 65 85 70 73 67 22 16 8 50 35 27 46 99 27 5 13 48 19 86 10 7 88 98 84 73 61 17 70 21 34 57 29 7 6 97 66 55 83 92 52 82 18 9
3855 22 864 46 17 27 32 78 86 19 75 69 43 35 85 12 7 56 97 63 43 81 44 1 38 92 66 45 74 9 96 55 79 4 1 95 83 32 73 68 2 99 88 86 73 8 92
3856 22 914 80 5 7 22 37 2 75 75 93 40 19 66 49 14 73 79 70 73 52 56 97 19 9 48 58 5 33 30 65 76 69 34 83 57 35 9 31 79 48 1 45 48 15 69
3857 22 919 26 36 93 51 87 100 99 57 8 46 14 65 30 96 29 58 56 49 91 90 5 78 98 88 88 52 45 54 20 23 89 12 25 27 11 23 83 71 21 49 35 2 96 15
3858 22 902 59 51 15 2 41 19 79 90 58 34 87 46 86 84 99 57 40 69 82 66 31 56 1 1 28 49 30 96 88 46 89 38 19 80 43 5 66 40 42 49 39 98 6 30
3859 22 992 66 39 95 97 47 95 49 74 36 55 90 36 88 3 35 77 40 54 56 34 58 22 74 99 22 64 96 80 93 14 18 39 62 16 34 10 42 80 97 96 33 90 9 87
3860 22 826 25 85 78 78 41 11 87 14 36 85 35 99 32 14 43 97 84 82 58 99 67 20 40 46 16 88 19 100 77 27 38 53 64 15 82 56 26 68 69 61 4 3 12 88
3861 22 844 69 54 84 4 87 42 2 53 13 94 51 28 33 69 28 9 48 65 14 11 80 95 18 57 15 86 70 40 57 8 86 41 11 72 82 65 77 46 10 27 73 42 47 52
3862 22 782 2 94 17 15 56 48 62 73 28 10 24 97 50 56 54 9 93 94 20 64 27 36 40 72 45 18 96 38 48 91 64 58 18 63 19 42 70 46 4 93 94 53 47 61
3863 22 938 92 40 32 8 18 67 99 89 63 17 37 52 85 84 43 46 15 61 70 57 30 15 60 74 8 64 26 7 24 17 98 56 16 74 75 56 40 27 82 72 73 81 87 85
3864 22 841 50 95 66 16 54 92 76 69 17 82 92 85 31 99 61 46 25 35 13 77 45 52 3 72 34 74 96 66 12 33 16 6 83 11 41 10 79 9 91 23 46 22 21 6
3865 22 848 19 97 92 72 9 68 69 61 22 40 94 47 87 59 59 19 26 64 75 61 18 53 70 61 15 34 48 72 4 44 63 28 53 30 96 65 3 87 58 49 73 68 7 92
3866 22 843 94 23 12 54 97 72 23 1 93 35 28 7 68 75 78 24 70 40 51 74 21 46 38 23 84 47 24 56 15 82 99 60 4 10 13 52 34 35 53 26 22 80 33 41
3867 22 787 6 62 64 75 54 14 1 26 11 38 94 85 24 2 51 5 10 61 62 22 12 47 8 16 72 29 95 56 70 52 85 79 23 99 79 48 61 68 48 7 52 23 2 80
3868 22 920 59 11 40 72 84 3 18 44 19 90 72 65 45 93 69 66 78 47 88 28 77 88 44 87 46 48 10 5 49 41 64 12 80 35 47 34 53 90 4 94 14 69 90 58
3869 22 882 37 56 87 35 95 14 11 82 6 54 21 51 1 30 56 2 70 71 65 1 57 63 86 61 53 90 54 18 58 44 75 46 51 62 32 45 27 42 79 32 47 99 35 100
3870 22 796 28 42 1 49 12 17 20 79 86 81 83 75 34 100 84 29 27 81 79 88 76 66 5 54 98 52 52 84 3 31 25 3 31 88 71 83 7 49 68 87 32 95 73 83
3871 22 887 30 1 9 63 32 96 26 7 14 31 12 11 34 63 94 36 45 70 90 75 57 60 63 60 76 2 91 22 74 26 52 26 82 39 67 95 21 78 6 40 50 41 84 71
3872 22 915 82 10 27 93 66 41 53 94 42 95 15 67 20 18 45 54 83 53 87 74 81 94 49 89 89 38 92 24 60 26 34 86 18 51 26 70 44 20 65 11 38 36 28 82
3873 22 1038 41 11 87 27 84 58 59 29 6 47 80 46 36 72 70 95 97 55 66 57 58 36 53 77 52 63 90 48 28 52 86 54 35 43 65 16 48 11 95 94 47 18 15 41
3874 22 841 66 21 73 32 77 30 19 29 58 70 91 23 56 33 22 35 84 7 41 71 1 5 38 49 15 32 94 13 2 60 6 19 80 30 50 56 11 20 37 68 89 79 42 97
3875 22 906 11 16 83 47 74 23 69 75 27 6 75 94 89 68 58 90 63 9 92 10 13 54 30 49 21 70 28 15 66 90 82 49 36 55 23 56 81 2 61 55 47 50 4 91
3876 22 860 52 19 51 9 62 13 22 16 94 22 88 63 1 2 81 91 35 81 78 90 3 34 70 4 46 77 50 95 6 38 2 24 10 85 83 52 45 57 40 8 57 93 99 28
3877 22 986 20 29 69 22 62 90 78 7 66 79 54 16 84 91 59 30 30 96 82 65 47 26 21 86 85 29 31 24 28 58 43 56 26 17 67 46 75 33 76 80 60 22 70 52
3878 22 875 49 65 85 13 12 62 47 14 79 22 41 88 17 48 65 33 16 32 30 42 64 5 22 63 43 82 86 46 82 50 13 44 31 62 90 44 92 63 36 80 83 44 11 98
3879 22 784 75 92 40 90 97 13 4 12 55 37 53 19 99 82 17 11 77 47 24 66 43 16 81 78 47 59 13 42 22 10 1 58 9 13 62 21 20 98 69 72 68 67 5 84
3880 22 941 30 82 31 53 99 73 20 79 2 18 90 14 60 11 76 28 23 76 85 32 41 46 52 60 44 72 83 11 39 39 47 68 72 77 71 1 92 1 9 90 68 68 43 95
3881 22 849 75 18 32 6 10 77 9 21 72 80 3 35 70 94 81 37 65 9 87 9 52 40 62 60 29 29 80 81 23 26 7 93 57 12 2 86 51 77 91 21 35 31 69 21
3882 22 847 91 20 60 5 32 41 33 63 73 8 88 79 97 42 1 82 13 75 90 15 52 81 87 21 55 96 7 38 64 80 28 36 19 83 17 81 24 20 37 23 16 78 75 49
3883 22 1035 42 50 39 57 53 71 95 25 25 90 32 62 6 63 93 53 73 11 88 41 91 94 64 10 83 38 78 12 65 26 54 14 62 18 34 56 11 98 72 55 87 13 47 92
3884 22 904 38 57 79 78 99 24 94 60 6 83 37 70 47 15 23 12 30 36 29 64 43 71 26 92 95 97 46 82 62 92 73 51 48 3 28 98 58 84 56 46 53 2 60 27
3885 22 983 14 90 42 5 8 64 30 100 59 78 45 92 91 37 64 41 36 18 21 34 95 93 78 48 82 2 48 60 15 89 73 8 93 81 72 74 80 82 3 76 94 12 86 100
3886 22 852 5 58 33 99 51 75 29 50 62 10 61 70 17 49 94 77 93 26 48 66 57 29 21 33 1 14 96 88 95 44 9 79 42 11 53 70 60 67 80 63 27 1 31 76
3887 22 988 94 7 68 20 54 86 76 34 6 60 86 71 56 25 73 50 81 81 62 91 85 31 3 51 17 30 47 57 8 54 79 59 61 6 45 18 66 82 88 73 7 13 74 26
3888 22 969 93 54 87 36 39 18 90 41 31 6 70 93 4 78 52 57 54 30 16 14 35 12 84 52 23 24 99 35 98 77 28 51 63 15 41 32 56 82 61 3 7 64 81 58
3889 22 1008 73 86 87 40 51 73 34 25 43 57 48 94 91 45 22 70 84 84 88 68 21 82 76 88 67 8 97 91 93 35 30 43 7 32 77 31 26 85 31 19 75 27 40 45
3890 22 1025 74 76 80 14 95 71 86 76 73 61 15 91 68 63 81 12 97 62 55 3 93 83 19 67 16 89 94 81 37 20 56 69 33 2 39 70 29 63 31 43 54 50 57 86
3891 22 724 14 53 48 20 55 92 2 92 62 20 59 51 12 53 31 1 72 38 21 56 39 59 25 19 73 7 13 26 9 69 22 21 11 41 27 2 94 19 64 13 77 66 76 81
3892 22 885 96 28 52 85 48 59 75 58 36 93 31 94 5 8 2 25 19 23 45 81 15 23 83 8 41 98 72 70 63 100 50 10 79 54 94 79 64 20 99 64 18 93 20 26
3893 22 820 46 44 96 21 88 77 35 10 11 95 3 8 18 24 70 17 25 79 30 24 26 94 95 61 44 58 31 88 77 56 34 20 54 59 79 40 20 89 74 48 52 97 17 20
3894 22 877 74 47 67 3 22 92 48 16 5 92 25 35 31 1 42 64 72 44 69 82 75 61 2 15 46 27 63 97 76 79 49 78 35 3 99 27 51 15 83 94 39 17 24 92
3895 22 886 58 40 15 53 60 97 27 20 50 94 66 76 56 14 51 86 34 51 63 69 54 62 47 56 28 29 1 18 97 76 9 54 67 24 20 37 98 21 30 15 96 85 81 99
3896 22 890 70 14 1 33 34 6 46 80 13 73 60 13 90 56 89 51 61 55 26 19 33 45 55 31 17 84 97 12 20 77 62 41 43 15 25 76 56 33 94 15 36 23 85 86
3897 22 668 83 40 11 1 24 7 7 54 23 42 3 86 61 31 54 73 14 78 1 85 48 8 69 93 74 66 28 96 2 65 79 93 27 31 17 85 38 22 31 24 45 44 96 97
3898 22 916 79 61 74 31 45 73 38 66 66 12 31 45 7 32 62 85 77 88 68 93 73 57 14 31 87 90 27 30 96 22 26 26 82 52 57 79 24 94 44 41 5 26 64 9
3899 22 1041 99 48 85 86 67 77 10 23 43 93 84 19 91 79 93 69 4 74 20 12 95 6 36 62 24 73 25 85 71 25 69 8 98 70 14 92 62 75 75 80 65 5 72 33
3900 22 791 8 98 4 72 53 99 29 52 86 90 27 58 67 11 80 91 32 39 33 81 98 72 69 24 46 1 41 50 24 25 9 73 26 79 60 77 64 2 55 73 68 66 10 49
3901 22 820 42 94 29 50 44 100 70 67 97 70 7 98 94 32 58 66 12 90 43 90 1 71 53 2 26 25 21 43 28 82 91 21 76 19 22 71 92 37 18 61 96 15 6 27
3902 22 940 24 24 90 65 66 79 37 31 19 62 7 92 56 86 73 46 6 100 64 28 70 85 71 59 2 83 54 68 89 32 91 12 21 56 29 99 65 81 78 39 82 33 81 6
3903 22 808 93 60 28 29 30 86 13 91 97 53 22 40 64 42 95 44 92 19 61 72 38 62 23 85 1 52 17 58 77 85 25 6 7 70 12 3 33 94 37 26 88 81 58 41
3904 22 860 40 19 30 1 13 52 37 13 4 54 22 100 82 7 76 39 80 82 9 92 67 2 70 99 27 39 10 97 20 62 72 99 73 27 95 78 85 1 53 23 87 83 23 23
3905 22 1035 13 99 4 31 52 73 81 21 19 82 48 90 96 57 61 46 87 49 75 16 85 27 69 7 59 7 90 81 54 31 84 36 82 9 16 55 12 86 88 59 83 67 36 28
3906 22 951 48 74 28 22 90 12 49 10 71 7 68 12 39 48 65 70 83 100 3 91 15 57 2 100 97 13 26 79 31 61 59 78 87 86 52 28 98 52 89 68 10 56 79 48
3907 22 885 55 95 69 37 46 24 28 12 80 81 63 28 45 88 7 76 1 65 53 87 2 56 66 99 59 54 18 68 61 48 68 15 94 36 3 39 82 50 91 63 64 18 52 76
3908 22 855 82 52 92 87 90 94 94 55 44 53 60 14 20 72 61 87 86 55 75 88 45 85 70 47 27 84 10 97 42 13 24 76 64 16 14 5 7 11 4 59 17 31 41 30
3909 22 838 69 78 36 95 18 80 32 39 78 58 74 40 6 15 52 30 42 68 97 55 72 57 14 83 60 72 4 29 54 97 58 23 26 93 95 24 33 2 10 58 93 15 25 44
3910 22 829 44 66 11 40 73 35 48 86 69 8 9 72 88 63 20 45 37 46 89 5 40 64 57 25 17 66 34 9 32 58 53 76 76 15 67 48 49 67 85 17 26 93 13 7
3911 22 836 60 9 43 5 97 100 8 73 77 73 58 85 4 16 89 31 50 42 52 16 26 69 41 70 9 5 20 13 71 25 22 73 29 97 48 53 54 33 21 21 91 63 76 40
3912 22 696 4 28 7 81 48 99 51 8 3 27 27 15 49 3 75 71 47 51 23 94 29 78 12 49 2 64 26 94 19 5 52 100 11 5 80 90 72 28 92 98 98 19 44 1
3913 22 800 93 38 4 21 15 67 22 65 20 85 43 65 55 47 17 54 51 19 13 23 86 2 94 14 92 63 64 35 63 56 24 66 29 91 84 50 7 4 49 68 40 48 36 46
3914 22 908 50 54 52 62 77 38 64 22 51 9 13 65 72 100 28 79 75 45 59 65 29 60 24 84 45 24 3 37 71 39 82 20 44 85 34 20 22 49 94 24 57 58 89 80
3915 22 804 9 16 10 84 12 69 92 28 23 75 25 47 78 61 17 68 94 89 11 78 74 83 22 76 75 78 33 63 42 30 18 25 38 76 66 99 60 42 97 89 54 65 56 47
3916 22 849 53 66 76 78 27 99 75 2 28 60 16 36 1 46 54 77 39 43 52 71 60 2 30 1 98 18 63 25 67 43 80 45 42 6 95 69 7 23 23 58 20 63 56 58
3917 22 808 6 59 80 65 13 62 18 10 31 71 24 56 75 43 98 54 39 91 11 33 59 70 55 86 92 13 65 63 27 72 20 32 83 99 49 95 12 66 4 43 88 80 62 22
3918 22 844 47 67 12 89 78 44 48 47 99 85 90 63 2 52 89 25 23 73 7 73 21 1 85 38 57 27 25 36 76 39 9 74 5 20 62 34 15 61 80 13 98 21 27 51
3919 22 854 24 68 75 46 40 82 71 12 34 55 49 90 33 25 77 60 63 37 20 8 46 53 23 7 85 87 56 5 66 6 29 33 80 26 13 96 35 47 2 35 88 86 59 65
3920 22 1032 45 74 53 29 93 61 27 97 35 33 81 21 40 38 86 45 66 70 24 43 89 39 79 87 92 65 74 78 76 90 49 43 55 93 41 89 65 22 61 4 11 99 48 76
3921 22 888 20 23 70 13 63 60 43 49 52 8 23 81 83 64 6 83 58 12 27 12 44 67 8 40 65 63 50 63 62 77 82 37 47 46 99 6 89 100 9 48 74 89 37 47
3922 22 710 16 95 58 42 2 60 10 61 74 24 49 88 37 78 21 73 24 67 81 7 75 90 54 48 30 87 84 76 34 95 40 87 47 53 22 54 13 11 31 33 35 6 51 10
3923 22 978 86 57 84 27 62 31 57 100 67 32 1 96 17 95 35 55 54 5 60 27 58 72 37 40 72 97 59 81 16 65 61 29 47 17 81 13 69 28 95 24 28 82 77 84
3924 22 1086 93 3 42 17 92 33 73 15 82 31 95 16 98 11 28 79 10 97 59 22 97 91 17 70 29 40 49 62 68 33 54 23 26 70 66 58 94 80 91 77 6 74 89 34
3925 22 776 4 98 30 14 19 78 5 53 94 74 33 86 75 94 7 99 79 32 21 44 41 14 23 32 90 49 89 16 37 22 71 86 3 85 80 89 8 26 14 40 63 40 85 67
3926 22 880 46 84 98 29 4 41 70 69 16 53 11 16 41 26 63 48 89 17 32 44 97 72 52 74 38 43 36 77 28 54 23 11 51 51 66 44 72 34 59 24 44 26 65 21
3927 22 729 29 79 69 69 95 100 12 43 24 15 16 61 58 3 37 85 57 59 47 59 62 12 2 33 97 12 9 41 89 25 13 69 55 81 1 33 49 44 8 15 11 68 72 66
3928 22 856 4 56 74 15 2 32 28 13 86 12 62 49 20 2 38 96 66 58 50 99 95 51 83 95 46 90 9 8 57 81 73 12 88 46 26 90 30 53 54 15 65 15 15 36
3929 22 868 68 4 32 34 62 33 56 83 14 2 80 3 10 88 11 42 60 22 30 58 71 87 4 76 53 20 91 67 23 39 95 84 26 91 6 91 92 85 45 53 72 7 84 29
3930 22 1052 76 41 80 98 79 83 73 83 3 15 1 10 25 23 48 19 6 70 97 48 75 39 39 60 84 44 83 90 90 66 70 65 58 49 62 88 32 86 86 1 71 95 77 93
3931 22 847 42 47 51 11 43 98 38 34 89 97 69 32 31 10 21 97 80 37 6 80 50 94 63 35 15 48 87 85 30 35 62 80 98 4 29 35 17 83 57 48 13 67 68 61
3932 22 732 46 56 67 77 5 12 40 40 26 87 63 81 41 92 2 71 64 57 99 98 16 32 15 45 20 35 17 90 23 94 95 86 33 86 71 63 3 3 70 56 87 85 13 37
3933 22 757 35 10 4 66 63 19 10 83 5 67 99 46 41 92 40 79 76 77 42 99 67 1 94 83 22 50 21 7 14 57 23 13 58 37 83 68 19 87 86 70 32 78 13 24
3934 22 807 56 41 97 39 39 15 91 33 65 34 17 71 47 26 63 21 38 20 9 72 80 58 76 49 41 54 13 64 53 16 58 91 6 72 34 90 21 98 23 89 68 21 14 82
3935 22 947 41 3 53 50 74 92 81 83 67 29 76 72 91 33 94 6 90 36 12 13 21 1 33 18 22 37 96 87 18 89 42 71 14 70 50 32 77 4 36 35 73 77 23 36
3936 22 807 89 43 88 74 13 15 47 49 11 33 19 51 26 41 92 93 54 61 94 85 10 70 40 51 36 27 38 60 3 12 44 6 35 69 18 49 15 19 99 37 61 25 77 52
3937 22 968 69 82 64 62 18 25 83 58 28 70 84 17 30 39 80 76 82 85 62 50 55 11 16 73 73 14 9 86 90 37 37 58 53 71 35 77 44 56 75 28 72 56 51 31
3938 22 949 99 36 45 100 42 7 15 14 79 80 74 64 70 62 53 79 31 5 50 65 33 54 61 89 28 40 60 83 57 63 66 7 10 58 91 16 72 56 46 3 81 62 24 42
3939 22 836 14 3 72 70 52 88 2 57 48 42 85 39 19 95 64 84 1 65 45 58 55 12 81 10 10 36 90 71 59 83 84 61 54 53 41 6 21 41 57 79 75 26 16 11
3940 22 812 78 80 7 88 34 19 20 95 28 55 36 50 14 18 33 74 23 37 90 15 94 10 55 93 66 86 93 92 63 8 2 40 39 61 27 24 31 47 70 10 53 5 59 66
3941 22 767 74 43 92 96 79 81 11 24 42 17 17 59 54 9 50 16 69 4 8 59 64 86 83 94 32 4 3 37 9 13 2 34 55 45 30 85 77 92 70 8 24 28 14 85
3942 22 976 30 29 5 33 88 63 48 74 97 93 57 1 47 93 61 59 94 13 43 23 20 14 56 41 74 80 69 39 16 98 19 20 82 7 81 80 79 73 36 31 91 29 27 84
3943 22 979 41 69 59 89 40 72 44 33 97 75 1 35 90 50 54 9 83 12 43 63 91 73 87 78 3 5 58 45 85 36 28 25 57 86 65 48 10 60 80 58 32 93 76 33
3944 22 863 98 37 15 9 31 29 51 3 28 57 71 86 1 55 73 28 29 66 47 77 75 7 8 32 93 40 76 20 72 73 56 39 33 86 67 83 40 82 63 96 4 100 48 59
3945 22 1060 72 76 89 1 41 36 29 67 94 36 98 86 27 26 57 99 50 13 83 50 55 17 90 88 79 37 92 78 85 50 12 90 2 4 77 82 22 70 69 71 7 96 96 64
3946 22 882 46 46 76 34 80 77 40 96 18 28 27 7 71 4 43 72 5 54 61 58 9 90 91 30 59 60 66 7 96 29 52 93 56 37 72 84 19 2 55 45 60 25 1 2
3947 22 996 96 57 55 9 15 63 98 57 44 8 16 43 73 22 38 53 25 30 60 61 53 44 89 72 97 43 56 20 68 57 67 25 63 75 91 77 24 47 20 32 62 56 36 100
3948 22 991 61 13 81 20 73 34 63 61 57 59 56 72 66 75 40 22 41 16 84 16 6 12 91 52 31 74 18 93 82 54 44 42 76 61 90 9 24 3 65 34 58 89 32 80
3949 22 760 73 72 95 9 39 52 20 82 55 51 36 78 38 77 13 38 74 13 90 98 47 78 97 78 9 22 2 55 30 92 6 49 51 80 85 45 15 14 34 44 8 99 33 43
3950 22 902 72 97 33 13 94 79 91 91 9 51 12 10 6 93 53 63 93 26 27 44 5 63 40 71 76 26 66 35 24 98 30 95 62 7 88 92 49 30 52 93 61 9 85 14
3951 22 866 23 77 91 50 72 47 12 12 17 88 37 83 22 12 32 3 58 78 64 64 56 65 46 7 68 38 20 76 85 98 50 75 99 22 73 11 41 50 21 75 7 26 89 36
3952 22 765 41 4 52 48 20 97 55 39 86 26 14 59 10 64 8 36 29 60 24 13 25 85 75 100 68 81 16 65 64 19 13 35 15 19 74 100 96 39 57 54 17 44 98 3
3953 22 864 43 62 2 20 99 76 19 18 8 43 26 75 59 41 93 23 75 59 10 88 91 19 96 44 36 39 63 85 41 58 46 95 77 96 22 47 14 30 56 99 31 49 74 57
3954 22 920 59 18 9 69 58 99 87 53 94 74 92 9 84 66 56 30 51 52 40 16 33 32 6 88 30 36 88 55 45 47 73 53 15 30 53 82 96 27 25 4 36 61 21 91
3955 22 1074 90 66 94 93 57 9 25 88 15 65 70 2 52 24 46 50 48 50 64 77 17 11 95 87 51 30 99 24 73 89 89 18 33 46 26 58 92 22 54 46 78 43 75 77
3956 22 1064 93 38 6 44 68 91 52 54 94 82 53 69 57 23 77 54 34 39 92 7 89 32 21 31 98 23 95 3 67 53 22 9 56 75 54 89 79 22 23 31 16 100 84 68
3957 22 968 85 74 11 44 66 99 75 38 29 32 35 4 78 89 22 82 10 30 38 37 84 26 67 57 72 42 87 39 93 23 6 77 96 16 20 61 14 46 99 95 98 59 26 19
3958 22 856 40 87 48 77 23 83 55 42 92 26 83 78 64 75 22 3 37 75 8 3 72 58 97 1 95 94 59 20 12 50 6 11 27 81 46 33 74 89 10 56 18 25 82 18
3959 22 955 46 84 65 83 58 24 85 30 34 33 82 28 26 40 99 89 89 56 51 67 88 48 61 36 60 16 54 85 97 23 30 33 39 64 42 14 23 47 32 4 9 95 24 49
3960 22 942 84 80 52 2 67 99 5 28 87 64 95 92 44 14 82 28 4 97 69 17 97 92 16 80 41 41 90 65 25 44 92 78 62 43 29 98 36 72 31 85 30 58 40 27
3961 22 748 78 56 23 69 54 16 64 46 57 28 87 33 10 36 72 44 77 52 41 64 89 94 59 19 3 98 45 80 6 19 1 28 16 91 18 72 70 4 4 92 33 65 28 5
3962 22 829 8 56 19 31 41 64 89 59 18 87 55 97 44 73 97 71 12 14 13 35 83 68 90 27 53 55 6 9 14 61 16 14 31 46 54 46 87 64 63 25 59 68 85 71
3963 22 761 55 50 6 38 17 95 16 21 49 73 29 15 85 45 28 15 42 33 60 28 96 22 52 65 32 71 54 39 61 90 10 15 39 15 4 8 71 28 62 43 57 76 27 53
3964 22 1052 55 93 46 87 52 74 34 25 77 98 57 48 3 95 60 92 56 74 31 22 30 38 83 52 65 96 95 73 71 73 66 23 15 69 48 100 94 24 97 2 99 48 82 42
3965 22 810 4 8 72 25 37 61 59 40 78 6 34 2 28 59 79 4 24 53 18 44 17 89 23 65 90 46 15 38 27 57 93 34 80 69 22 93 62 70 85 47 13 5 53 16
3966 22 1012 80 5 86 24 4 54 64 79 19 54 76 85 43 2 93 35 88 25 3 61 17 82 74 38 67 21 60 31 77 13 46 9 69 83 84 73 37 47 7 100 78 91 94 31
3967 22 948 36 28 70 60 83 31 76 16 56 65 34 28 24 64 5 88 62 65 57 44 48 81 80 94 35 38 46 12 81 39 42 16 19 64 75 53 94 2 68 1 66 54 29 41
3968 22 974 17 85 81 30 49 37 74 96 69 5 41 3 43 38 66 23 29 59 90 47 22 64 51 15 18 68 82 23 96 74 92 80 54 21 28 42 94 75 10 51 67 64 45 5
3969 22 1017 29 19 85 40 8 31 61 23 81 28 39 50 95 72 73 90 45 64 69 99 36 48 92 82 74 54 32 40 17 76 96 98 46 80 37 53 62 97 75 42 76 65 44 70
3970 22 966 36 68 59 80 83 79 30 18 26 22 99 99 27 30 91 43 57 86 92 2 66 80 6 79 29 80 73 4 44 16 74 31 84 63 65 63 34 40 33 91 14 33 86 23
3971 22 753 18 29 24 35 61 82 14 89 86 44 57 53 69 39 87 53 1 3 67 93 36 58 9 68 52 82 32 89 4 2 17 79 77 60 73 38 81 42 29 19 28 33 20 30
3972 22 822 99 64 66 9 72 33 8 75 40 63 69 41 32 100 28 8 59 81 77 31 18 37 11 60 17 82 39 50 1 69 48 64 34 8 87 18 16 62 84 55 76 4 47 7
3973 22 967 3 26 67 62 6 43 44 76 31 7 87 47 88 25 96 88 93 96 78 3 89 96 18 2 24 78 34 70 84 37 50 98 53 44 28 74 99 14 21 86 91 16 25 83
3974 22 899 63 27 13 66 16 60 35 17 90 59 46 23 80 30 59 27 31 8 27 1 51 73 20 37 88 13 97 50 40 61 67 7 2 75 9 12 21 84 91 2 94 18 84 54
3975 22 1007 49 10 54 7 10 56 31 81 44 45 20 57 94 22 48 54 40 54 74 41 80 34 52 52 69 95 53 63 64 89 16 12 98 21 70 59 76 53 92 72 97 63 28 90
3976 22 929 36 75 96 76 80 21 68 11 54 20 63 75 14 15 89 29 55 4 40 53 76 61 3 13 6 74 62 69 53 51 4 79 98 31 10 18 99 21 24 18 83 98 49 86
3977 22 1000 11 4 41 2 8 68 14 70 70 27 76 96 40 96 48 42 99 79 82 88 57 80 80 49 42 29 83 91 45 46 6 46 53 73 74 95 89 1 90 28 96 89 47 67
3978 22 916 9 28 7 17 66 97 55 8 77 37 50 43 81 95 48 78 99 21 40 72 15 29 25 56 56 20 44 25 18 63 85 97 21 2 3 86 93 26 97 42 68 29 88 16
3979 22 805 58 86 88 98 10 54 26 34 9 33 5 4 23 18 42 71 38 95 74 24 44 34 16 70 83 10 37 63 97 4 21 83 91 70 95 77 4 79 33 60 36 7 77 30
3980 22 975 78 15 76 3 90 20 36 57 89 70 66 77 33 15 53 97 23 74 92 19 68 68 74 98 34 59 10 15 38 65 61 25 21 1 95 87 27 1 31 49 84 4 40 54
3981 22 838 23 59 80 20 10 12 5 68 73 71 3 48 13 92 64 73 17 85 74 11 89 75 19 75 99 74 66 5 48 76 84 67 85 47 24 5 72 94 59 71 6 51 35 31
3982 22 904 67 19 4 29 93 58 69 67 21 39 19 12 58 23 59 33 77 69 5 100 73 28 46 32 98 51 34 32 81 52 2 36 80 94 12 65 38 56 84 49 13 58 97 68
3983 22 930 87 18 24 87 90 51 32 73 48 34 58 80 67 9 81 54 40 27 47 39 11 76 46 46 76 10 56 34 59 23 21 76 17 48 42 90 95 75 74 93 7 47 85 93
3984 22 918 86 74 55 61 71 53 37 33 8 22 91 82 94 66 79 4 82 26 45 23 72 72 22 98 64 77 56 10 75 40 54 60 65 61 21 36 13 9 20 72 10 5 28 75
3985 22 988 83 31 8 60 28 31 31 99 52 28 14 80 76 54 74 29 39 41 86 26 53 46 97 76 79 6 80 6 89 39 73 68 69 56 18 72 35 31 51 70 6 57 95 87
3986 22 728 70 85 27 7 62 32 52 58 7 82 63 39 88 94 28 33 77 95 1 84 12 73 18 94 75 39 31 34 38 52 16 58 80 47 61 37 6 43 44 82 45 47 9 77
3987 22 818 75 55 30 58 66 54 28 59 80 66 10 11 51 99 14 21 15 72 61 84 88 18 78 39 11 36 60 71 12 34 25 93 92 42 98 71 53 78 36 62 39 61 1 59
3988 22 800 27 24 10 87 60 97 5 89 88 17 23 28 70 86 62 47 31 5 28 75 92 5 54 44 66 45 58 92 20 67 30 31 16 86 55 55 71 29 82 92 14 43 38 44
3989 22 968 99 78 72 73 69 76 35 74 20 86 91 16 96 34 87 14 16 70 29 53 41 35 7 11 63 89 54 77 83 44 82 73 95 6 23 92 67 94 30 9 9 25 43 47
3990 22 765 38 10 16 19 62 8 53 69 70 68 9 24 96 43 19 67 24 91 82 83 36 73 49 29 2 10 37 78 4 35 13 3 86 74 10 90 94 32 57 2 55 52 45 25
3991 22 767 71 20 15 84 53 97 19 78 98 47 31 7 35 9 10 21 76 74 23 13 47 85 2 93 16 11 46 22 14 90 84 62 12 19 66 60 89 43 57 35 74 15 21 34
3992 22 904 76 42 9 49 16 21 48 52 74 40 19 84 37 92 50 27 89 33 40 100 4 5 60 92 68 79 73 35 99 6 10 92 66 11 86 10 63 11 1 82 47 37 96 15
3993 22 1005 62 28 6 13 83 11 72 75 92 5 34 26 55 91 87 47 56 49 58 93 20 55 53 1 47 26 96 61 39 76 67 51 29 75 84 90 18 88 75 43 43 65 81 41
3994 22 1021 72 30 98 16 39 69 70 49 74 71 95 51 18 55 89 93 73 91 51 1 17 34 42 34 22 16 28 16 32 61 56 55 90 5 80 25 92 28 62 74 48 79 29 36
3995 22 959 24 53 79 74 6 95 59 47 81 32 15 8 47 46 68 2 1 9 58 22 89 83 13 68 80 26 42 28 57 22 74 93 53 31 40 63 78 20 95 92 41 89 99 95
3996 22 836 41 7 52 63 47 34 75 67 14 53 8 93 9 81 7 88 54 52 92 37 43 54 62 48 57 92 97 90 35 38 49 38 95 72 26 61 37 78 20 29 38 100 87 25
3997 22 696 6 38 16 42 80 22 7 93 69 15 85 61 11 26 95 100 74 33 51 21 56 29 33 92 58 53 72 96 4 58 20 9 48 88 2 79 9 60 29 74 8 90 37 33
3998 22 1003 36 36 7 20 87 27 75 15 59 18 72 63 41 19 67 99 91 27 98 78 81 76 38 40 47 18 66 6 2 91 95 37 97 14 89 85 10 13 51 31 1 21 44 98
3999 22 891 50 76 73 39 16 72 9 33 77 67 34 67 61 70 15 27 45 41 19 85 78 28 49 77 80 42 30 52 37 27 54 13 92 80 23 52 12 99 97 18 79 18 84 57
