3000 22 688 32 70 1 40 30 98 17 25 65 66 97 90 82 14 9 42 35 91 28 98 16 61 29 96 96 71 78 51 25 9 20 77 48 21 6 98 89 82 62 7 79 52 40 44
3001 22 899 12 81 78 99 23 5 96 90 65 24 86 12 46 63 63 22 34 98 22 6 56 71 95 37 85 53 67 88 92 11 51 72 88 49 97 35 9 72 20 20 18 34 82 39
3002 22 751 8 16 89 82 73 96 4 67 32 88 71 99 27 62 61 78 85 48 26 30 91 22 17 99 46 36 19 63 22 100 53 81 67 93 62 40 88 66 58 20 5 29 70 32
3003 22 760 42 82 9 27 29 86 8 19 60 24 18 5 12 36 19 33 87 23 65 6 16 27 97 3 44 54 74 100 34 95 83 76 76 91 54 56 61 75 88 85 96 31 14 80
3004 22 638 17 36 44 74 51 22 70 6 24 31 9 26 99 84 53 42 37 9 22 50 35 9 34 30 4 81 60 17 12 28 52 7 2 55 29 71 97 46 42 13 55 19 64 90
3005 22 781 24 57 79 84 78 28 18 38 13 47 41 45 6 57 56 85 60 14 86 14 94 57 25 91 54 19 55 60 37 18 50 60 74 80 43 51 59 12 88 71 10 80 67 67
3006 22 847 88 22 52 48 87 37 13 81 45 90 71 99 8 25 10 96 95 59 56 68 90 50 48 14 18 23 84 90 77 57 41 76 44 29 89 24 26 78 46 24 37 70 85 32
3007 22 597 64 44 39 84 85 89 6 33 54 15 2 76 56 38 17 85 94 57 12 89 38 100 63 29 9 38 65 31 22 49 46 17 87 29 27 34 34 80 1 87 8 8 24 24
3008 22 855 44 18 33 56 58 70 7 74 84 88 34 21 52 64 94 100 10 11 39 90 64 65 76 49 45 76 35 52 59 27 79 28 86 37 80 92 63 31 83 83 77 34 20 39
3009 22 638 24 10 2 89 37 50 85 64 36 88 98 94 14 28 73 25 13 10 4 57 19 67 87 14 1 21 25 77 7 44 67 82 5 68 70 41 69 6 45 54 50 11 81 23
3010 22 766 35 46 84 38 54 54 4 92 68 5 65 44 33 23 87 100 92 19 26 84 88 31 40 44 28 93 45 38 73 19 72 70 2 61 23 56 17 15 75 73 79 18 5 1
3011 22 832 56 56 99 75 81 83 14 64 22 9 91 66 5 28 38 24 51 8 77 11 82 32 79 96 58 51 26 27 78 83 63 34 37 14 15 2 88 62 19 53 67 98 43 90
3012 22 802 100 2 18 63 83 2 41 79 59 92 56 38 99 34 20 61 67 52 50 32 51 9 6 65 79 59 31 29 53 72 28 54 89 90 36 90 66 1 22 22 38 20 55 9
3013 22 827 32 73 60 81 4 78 84 64 36 48 43 46 30 71 98 1 50 51 41 40 38 83 22 56 35 95 77 24 66 83 97 7 78 10 21 61 74 8 68 53 89 90 39 52
3014 22 833 81 30 89 15 51 96 49 97 24 72 62 6 55 59 64 98 36 74 70 48 99 77 7 66 29 95 30 35 97 81 67 79 21 34 17 82 78 40 6 39 98 12 61 9
3015 22 886 36 86 78 83 84 6 41 1 34 87 59 15 73 56 95 40 68 25 66 84 6 43 75 63 24 75 82 85 35 18 70 65 93 6 56 79 65 70 52 72 17 43 57 84
3016 22 869 67 22 19 24 65 93 39 98 17 65 31 53 51 48 74 15 79 37 92 37 44 70 1 65 73 24 81 67 80 16 85 1 34 61 99 66 47 15 97 51 24 32 43 55
3017 22 977 68 86 91 11 8 43 75 32 66 8 99 45 23 35 97 9 95 14 87 45 31 33 59 27 35 76 58 7 17 12 74 3 54 36 62 96 93 61 69 91 57 44 78 54
3018 22 643 52 72 19 38 17 49 22 27 28 56 2 50 65 60 18 29 85 72 82 20 33 30 78 42 20 99 45 97 4 96 69 74 37 22 58 63 49 65 50 30 76 20 10 13
3019 22 731 91 91 32 76 72 65 53 14 67 72 64 63 69 19 11 89 92 47 25 13 5 39 14 21 55 63 2 83 34 11 47 25 54 78 43 4 38 61 75 53 71 85 31 62
3020 22 849 32 7 75 88 46 40 8 52 54 10 86 88 72 32 12 25 62 63 50 4 66 39 16 92 92 90 87 62 27 69 76 10 97 73 41 56 24 94 17 10 81 89 93 44
3021 22 773 13 54 58 62 9 23 53 76 67 44 66 53 57 44 21 32 48 33 49 20 73 4 44 19 5 99 61 49 95 73 3 52 87 63 27 39 39 93 34 56 97 42 99 17
3022 22 626 26 51 65 10 51 36 35 6 31 53 78 35 3 38 36 97 63 38 1 49 27 39 38 71 24 93 67 65 43 35 42 93 52 43 87 86 17 38 4 92 16 39 89 78
3023 22 751 28 41 78 27 67 68 17 89 91 61 55 7 4 89 49 48 40 100 43 78 37 43 94 74 20 49 65 87 87 5 16 14 45 93 93 63 12 61 51 2 21 5 61 76
3024 22 688 46 9 24 37 60 66 14 96 8 59 21 79 37 66 94 42 81 60 38 26 52 1 12 51 91 84 51 60 5 11 35 41 70 52 54 17 11 64 89 71 73 6 17 66
3025 22 800 39 28 4 16 79 56 52 42 6 94 77 65 96 36 69 6 22 9 27 73 14 95 83 30 31 24 56 29 68 21 19 95 76 34 25 31 86 66 89 31 95 5 30 74
3026 22 715 84 4 34 63 76 100 57 11 29 88 80 95 14 100 67 33 94 43 66 71 25 3 88 13 82 18 12 64 43 95 28 9 27 66 4 7 5 89 39 99 3 38 65 87
3027 22 853 83 59 52 53 84 7 41 48 92 22 17 3 85 59 49 51 87 58 45 65 23 100 24 27 89 62 77 43 99 93 29 81 4 32 86 39 38 26 47 55 65 32 3 41
3028 22 740 82 68 63 82 91 41 22 4 69 64 2 61 92 34 64 75 19 2 13 96 40 41 95 94 24 78 58 7 61 47 97 80 30 22 53 51 25 21 14 26 33 57 11 49
3029 22 760 31 82 2 95 77 93 88 71 86 63 48 96 69 63 8 67 11 87 79 40 60 31 90 84 3 55 61 35 63 71 35 45 52 37 40 81 29 79 51 67 41 51 62 61
3030 22 743 65 21 27 75 59 5 14 18 87 55 1 89 61 61 75 23 83 10 67 87 98 58 26 36 17 44 76 67 57 36 77 14 35 70 22 4 56 76 4 44 36 16 19 10
3031 22 813 99 80 29 85 77 86 51 54 74 19 98 49 38 6 37 20 83 2 69 72 73 27 26 28 71 13 44 41 75 42 20 3 48 88 28 1 13 46 50 62 56 50 3 90
3032 22 745 51 31 58 74 80 82 1 57 10 23 70 53 63 96 94 34 98 71 33 37 50 33 95 35 30 90 12 84 79 14 14 88 88 45 22 40 2 31 62 23 35 24 18 28
3033 22 790 9 15 50 41 51 51 25 100 97 59 62 26 61 30 91 26 70 30 71 91 69 72 21 30 46 55 5 63 34 13 29 35 79 85 81 31 33 40 44 59 11 97 90 40
3034 22 688 67 32 8 38 4 37 83 58 93 97 43 5 25 29 61 55 65 41 85 97 32 81 7 23 1 78 95 11 74 84 2 92 9 81 70 97 15 79 89 11 21 45 35 1
3035 22 674 5 41 17 97 26 13 29 6 72 3 6 49 97 68 74 80 69 65 98 29 45 67 25 11 13 21 9 7 65 47 33 61 24 97 41 81 68 43 38 68 39 5 70 25
3036 22 758 57 67 53 53 33 29 63 77 41 35 45 1 61 65 40 45 78 63 94 18 96 61 29 51 90 21 21 14 30 87 19 82 72 47 79 45 5 57 2 34 25 95 51 72
3037 22 775 7 63 5 35 14 46 8 34 11 37 72 29 18 95 28 14 95 67 45 39 58 68 30 96 99 6 42 2 78 49 64 34 35 29 79 42 89 78 86 70 48 80 97 61
3038 22 762 26 15 57 64 72 24 59 38 53 6 88 59 48 89 21 82 33 99 76 47 39 53 84 8 52 15 56 65 41 70 4 94 97 14 83 49 20 70 19 11 46 66 15 18
3039 22 787 99 47 16 74 93 7 79 76 66 30 43 74 94 83 95 67 38 88 63 52 22 63 71 44 41 54 19 58 68 37 56 14 4 30 59 62 8 86 28 89 1 83 62 95
3040 22 709 1 100 35 63 51 8 25 73 98 13 56 69 70 75 5 77 41 60 58 99 22 17 36 1 6 64 53 40 47 40 24 33 54 26 78 98 43 28 62 51 96 83 52 60
3041 22 702 65 11 69 15 84 86 51 36 91 14 88 82 90 35 21 66 19 74 11 3 41 6 30 54 56 77 37 80 28 48 45 91 16 59 26 1 9 62 43 74 49 24 35 96
3042 22 783 81 54 21 23 16 76 15 21 57 21 76 34 56 13 52 3 23 62 42 70 48 42 46 63 77 41 95 82 14 70 97 89 36 70 45 56 30 64 43 19 55 45 94 17
3043 22 776 25 69 91 18 38 38 60 83 53 88 76 47 69 89 16 17 29 4 86 73 59 83 3 23 34 97 41 89 57 18 6 47 87 96 84 46 30 36 85 5 35 5 45 2
3044 22 800 22 73 5 59 98 64 41 52 86 27 48 78 67 40 64 23 9 69 21 96 56 93 94 44 30 50 78 34 47 31 55 71 36 66 68 51 58 71 88 36 70 17 2 62
3045 22 795 32 76 70 53 96 17 68 4 62 61 47 91 63 76 24 9 6 31 79 93 99 95 5 21 34 41 91 51 42 52 82 70 73 34 17 90 2 20 51 14 66 41 28 93
3046 22 805 16 36 51 46 67 43 93 17 90 98 37 23 79 73 31 30 55 52 3 40 69 44 41 88 94 7 6 86 34 98 53 22 48 99 40 43 91 56 32 40 92 6 29 71
3047 22 700 79 12 52 85 63 54 76 83 49 69 71 42 75 28 8 25 32 81 25 82 20 67 24 75 50 64 19 7 44 41 37 7 92 21 70 98 4 98 17 26 40 91 53 70
3048 22 732 50 30 1 83 54 82 2 72 6 29 73 21 47 79 64 39 16 71 82 88 92 31 88 47 29 4 20 46 25 89 48 54 42 30 59 23 31 82 80 59 52 57 85 68
3049 22 780 95 52 90 29 91 33 59 79 79 87 82 51 6 28 28 47 27 33 88 56 92 62 86 25 42 97 31 45 5 15 12 100 18 1 8 33 38 86 25 20 14 82 99 41
3050 22 740 28 25 74 15 32 17 77 17 41 70 65 23 14 70 37 26 21 6 78 100 11 37 51 74 61 22 87 95 72 80 22 48 5 89 79 21 48 13 86 12 36 99 33 24
3051 22 827 76 53 82 54 52 47 16 41 49 41 53 71 79 47 94 58 21 42 14 9 20 86 25 67 99 10 31 86 60 63 61 36 68 42 41 71 88 8 11 37 64 59 78 10
3052 22 618 52 88 30 93 1 38 65 87 14 31 37 23 13 22 83 76 34 70 95 76 62 65 15 21 76 51 20 39 61 97 84 30 57 85 19 73 23 33 4 59 7 68 32 41
3053 22 730 95 65 10 89 92 23 54 7 43 81 9 62 71 70 11 70 34 46 51 42 82 70 15 4 70 62 60 37 45 53 84 10 14 72 1 37 77 59 31 57 68 45 27 89
3054 22 807 7 49 74 52 99 67 34 68 81 89 73 2 3 85 91 47 37 74 56 50 97 9 38 74 67 69 82 86 65 61 26 71 9 51 22 7 18 7 27 50 96 99 52 98
3055 22 744 35 94 96 71 67 4 73 63 12 10 88 30 30 70 68 46 82 45 16 90 90 48 13 96 26 62 43 77 65 40 11 58 24 91 6 39 2 67 78 83 97 99 42 80
3056 22 772 47 10 21 42 99 69 54 46 94 67 89 22 32 80 33 89 67 66 65 57 71 55 10 37 45 85 31 46 79 10 92 88 38 51 83 96 5 23 18 88 3 2 28 21
3057 22 783 67 92 30 37 98 39 25 30 35 62 60 81 40 21 72 79 3 57 16 5 46 50 53 2 73 22 89 27 23 17 99 89 28 77 58 19 87 53 14 98 33 5 70 57
3058 22 870 83 25 65 50 29 10 81 12 24 54 52 2 76 68 16 80 28 44 37 46 97 75 98 62 67 45 39 49 69 55 99 98 64 50 30 27 73 36 79 74 11 98 27 29
3059 22 639 52 70 65 97 18 91 47 80 66 29 46 11 19 46 79 73 44 28 88 93 10 15 17 45 45 90 7 94 15 85 23 66 39 15 24 82 61 55 41 100 9 11 98 40
3060 22 863 83 93 67 22 38 28 88 54 24 84 96 31 78 10 15 52 27 21 90 41 97 71 1 51 70 93 3 78 17 37 92 36 59 29 63 46 35 39 30 30 69 59 91 35
3061 22 689 10 17 8 99 58 4 22 10 54 91 55 56 20 57 7 37 94 99 24 4 79 38 49 13 76 30 42 96 88 84 31 49 1 90 93 21 71 98 63 77 6 34 34 12
3062 22 868 22 79 62 45 82 41 83 82 53 58 12 47 6 51 36 100 34 25 99 43 69 71 66 66 33 42 71 66 27 35 88 5 96 84 86 36 20 41 76 31 39 81 81 20
3063 22 758 68 32 54 44 30 48 12 100 13 29 84 7 52 2 85 86 41 90 81 24 27 69 90 46 9 17 28 47 97 61 18 16 92 71 59 22 19 22 73 83 50 57 1 58
3064 22 636 26 86 50 67 19 73 93 87 14 91 95 30 18 93 78 78 10 93 70 81 3 43 51 24 15 85 74 23 32 3 12 81 69 30 54 13 68 19 55 62 1 25 2 15
3065 22 803 23 23 47 25 17 97 1 84 82 74 6 59 99 90 13 62 70 81 43 75 45 10 94 100 46 24 28 75 77 43 97 52 89 74 68 38 74 51 71 99 9 81 49 98
3066 22 692 93 11 19 73 5 94 17 67 39 68 89 36 91 17 10 68 11 7 51 32 38 88 57 89 58 55 49 38 3 98 30 65 16 54 70 61 23 88 90 76 86 33 44 96
3067 22 686 54 54 70 57 37 7 44 93 47 54 43 1 25 66 12 30 87 72 52 74 75 94 1 60 26 45 7 77 50 12 46 6 48 4 40 3 55 86 49 97 39 45 73 4
3068 22 791 56 3 42 79 54 15 53 47 15 65 24 11 23 100 61 35 97 66 82 1 67 74 3 21 59 3 70 49 47 42 52 2 96 45 81 50 11 85 48 26 1 72 88 24
3069 22 802 23 48 10 20 66 91 20 32 64 74 5 75 76 26 67 27 24 63 56 64 34 93 63 11 45 86 98 68 9 46 77 28 99 94 35 72 50 61 47 75 84 21 94 62
3070 22 844 97 8 84 4 71 17 96 85 27 41 25 60 79 22 89 58 8 56 29 94 55 77 5 38 98 98 51 94 86 97 3 45 64 81 37 34 57 96 30 36 73 13 43 80
3071 22 847 94 89 58 24 43 34 28 32 83 78 82 28 34 67 77 13 21 21 76 54 9 9 10 56 24 92 92 96 56 86 75 49 74 84 16 69 52 47 81 80 79 14 47 55
3072 22 654 26 19 27 1 72 35 61 34 91 36 25 34 31 32 19 57 81 93 40 4 8 9 7 7 12 87 86 42 53 84 49 78 3 75 62 43 11 4 79 87 37 61 55 70
3073 22 720 51 47 61 54 7 69 13 13 32 99 98 74 82 22 81 36 48 63 9 5 24 64 35 10 28 55 17 78 53 77 84 11 96 75 46 73 54 49 6 27 29 93 75 91
3074 22 656 5 35 47 28 99 34 38 98 81 17 4 49 9 77 30 19 26 77 46 7 22 70 60 22 75 39 50 19 13 92 23 47 39 51 45 24 88 95 56 98 2 6 80 31
3075 22 856 77 6 59 22 12 81 91 23 54 17 61 4 35 25 47 57 72 37 68 60 98 62 63 54 60 66 7 17 90 45 3 48 18 66 80 60 40 34 28 53 89 62 71 100
3076 22 673 72 81 68 31 79 29 46 84 40 63 90 57 12 79 53 66 27 71 31 58 82 23 91 10 75 79 23 3 14 45 3 37 26 22 19 56 2 16 39 42 28 50 42 59
3077 22 672 2 8 37 24 38 94 6 12 85 15 15 89 93 80 34 47 16 59 68 35 14 69 50 4 62 80 31 11 22 41 65 81 77 40 70 71 97 82 7 11 19 21 52 11
3078 22 667 1 85 9 16 43 76 2 8 97 4 11 58 35 93 21 8 34 85 88 10 24 58 32 21 39 38 83 9 72 11 70 80 78 12 8 32 71 4 81 61 26 81 29 59
3079 22 755 17 16 20 93 73 4 65 63 41 99 24 3 85 47 13 54 26 43 18 85 74 88 88 60 21 1 80 46 33 60 56 50 76 75 94 100 30 58 15 23 90 25 40 36
3080 22 893 90 94 13 32 63 98 57 50 85 68 70 85 99 67 59 22 19 86 49 12 37 78 21 3 52 76 92 77 68 27 66 13 40 49 75 37 76 73 24 98 58 74 64 79
3081 22 775 84 38 97 69 38 60 58 67 80 60 19 7 4 95 26 30 12 38 21 60 64 57 68 40 82 43 37 91 16 100 69 100 89 65 20 26 76 29 93 7 11 13 44 57
3082 22 914 91 73 68 28 46 79 92 54 83 35 88 19 25 55 70 93 54 59 9 26 84 84 28 90 94 90 55 37 45 62 65 24 7 43 67 60 40 49 95 27 19 19 82 89
3083 22 826 12 87 47 20 64 82 56 18 62 97 63 51 51 100 49 47 13 13 71 19 8 89 30 47 90 24 74 8 95 7 96 58 45 94 29 9 28 84 78 89 81 40 39 31
3084 22 758 91 87 30 3 52 52 73 59 40 3 5 29 26 30 37 20 88 84 29 33 78 58 41 5 70 45 21 9 83 4 22 85 2 73 36 27 75 29 87 56 54 69 44 26
3085 22 702 56 27 54 40 11 32 12 4 1 56 76 10 91 79 61 64 63 14 88 50 40 70 77 68 8 32 22 76 27 99 84 53 4 23 67 55 24 70 55 80 45 64 37 90
3086 22 861 38 24 40 29 45 16 97 52 99 70 28 25 68 11 29 23 85 89 89 39 65 10 94 96 7 9 17 82 5 23 74 28 14 2 72 81 98 75 79 67 2 55 86 64
3087 22 905 84 9 49 24 39 88 59 32 83 17 93 51 50 77 55 72 82 86 51 5 66 1 80 97 19 33 5 49 86 65 10 13 87 49 23 71 32 39 63 82 88 39 89 12
3088 22 826 40 70 49 42 27 66 42 58 62 61 90 13 17 90 50 81 38 59 45 77 8 68 47 91 58 9 72 98 99 60 61 38 82 9 79 60 74 73 88 85 52 1 1 33
3089 22 721 37 60 77 65 19 44 11 9 54 71 80 3 69 92 63 6 25 71 36 44 61 4 83 97 13 34 97 12 35 81 1 94 57 65 12 53 76 20 6 46 51 8 67 94
3090 22 992 70 24 92 60 5 87 72 60 68 73 3 16 84 37 96 84 82 5 1 93 57 76 64 14 73 67 91 60 94 15 85 74 38 71 98 98 17 70 95 33 53 83 80 89
3091 22 820 65 84 89 9 40 16 25 5 91 77 31 2 70 45 83 6 73 29 19 70 20 36 39 66 68 43 49 99 23 73 74 38 97 79 30 87 55 12 41 77 8 75 82 77
3092 22 737 47 10 48 16 30 83 6 95 2 1 95 100 35 59 34 58 84 8 80 86 28 19 92 39 11 68 46 85 50 75 32 59 22 99 40 56 57 87 81 8 91 92 42 100
3093 22 846 75 1 47 6 86 26 76 29 65 86 97 62 71 46 36 54 56 9 52 96 64 8 82 72 16 14 32 59 5 73 10 79 73 56 37 10 34 12 38 98 98 86 59 20
3094 22 778 31 47 25 39 55 76 86 71 36 67 94 3 32 25 61 37 49 71 67 73 78 3 34 11 72 60 16 57 19 35 40 17 59 30 71 86 15 93 73 81 87 76 12 11
3095 22 715 88 100 12 58 67 84 21 18 50 87 41 10 2 97 80 88 96 98 17 18 84 31 63 56 49 83 27 11 71 78 22 80 44 6 19 17 75 69 3 15 30 57 61 44
3096 22 895 51 8 42 19 25 77 2 87 84 16 87 67 94 98 89 72 19 68 67 76 83 50 55 38 64 36 46 79 96 41 81 3 82 99 79 10 52 66 68 4 12 13 1 100
3097 22 814 84 72 67 51 47 5 85 49 11 74 64 46 19 42 41 60 22 95 93 73 74 3 24 91 48 43 94 59 56 47 10 39 18 28 33 78 95 51 28 41 69 33 81 91
3098 22 795 28 25 63 53 79 38 43 26 81 88 36 88 34 45 78 51 73 19 67 57 48 30 51 98 57 43 19 78 76 51 68 55 82 59 6 71 1 84 40 19 90 74 16 68
3099 22 923 24 40 86 42 96 33 98 82 80 41 53 57 68 55 76 74 82 9 32 88 84 71 23 41 72 96 56 39 95 76 13 42 60 36 40 41 45 76 99 100 4 72 33 12
3100 22 849 3 20 43 38 42 25 60 83 48 56 90 38 79 37 13 91 78 72 17 64 98 48 61 73 46 60 28 17 92 40 71 64 34 8 57 10 68 91 75 81 53 17 58 95
3101 22 728 94 81 25 63 97 22 10 57 47 8 68 74 76 11 65 47 26 51 6 83 60 73 73 69 99 5 14 3 21 24 50 67 4 74 81 52 48 42 8 94 49 27 19 25
3102 22 680 38 36 23 63 86 28 97 97 53 70 65 51 26 31 54 99 6 3 17 9 28 97 13 75 20 20 39 99 91 63 36 26 37 98 63 64 47 59 16 16 76 19 41 58
3103 22 709 24 91 63 26 7 23 5 3 35 80 93 7 51 31 41 45 92 18 81 41 32 96 87 43 12 2 70 82 95 79 37 41 82 44 15 86 46 50 17 90 8 68 20 64
3104 22 814 60 16 55 30 96 95 13 44 82 55 35 76 88 81 54 92 18 94 73 61 9 58 58 10 75 48 69 94 67 32 5 35 86 86 30 80 51 73 79 48 33 66 28 86
3105 22 636 9 97 32 81 57 92 91 15 1 17 62 21 10 80 52 66 14 89 4 96 20 54 33 10 51 32 42 68 11 28 77 8 59 9 64 50 99 30 2 15 43 74 76 75
3106 22 796 25 94 40 13 97 35 84 2 7 16 63 9 47 5 28 58 4 65 94 65 80 95 62 48 78 4 21 53 30 97 46 70 61 94 56 44 60 10 22 58 66 50 67 1
3107 22 822 5 83 94 69 15 40 32 76 87 61 31 59 13 61 55 11 30 67 56 85 10 3 99 21 64 20 79 29 21 97 81 26 80 26 46 94 65 29 69 3 89 99 54 59
3108 22 895 67 64 40 33 71 25 94 25 75 15 88 46 45 68 41 48 44 20 73 89 65 89 18 85 91 6 36 3 11 46 21 26 86 5 97 62 99 21 61 81 9 80 47 49
3109 22 781 80 42 21 52 31 85 93 100 70 35 57 57 90 68 2 62 87 67 41 100 17 62 35 81 74 68 53 66 89 32 8 9 36 90 94 28 15 14 97 71 3 16 24 65
3110 22 746 9 11 83 1 62 99 97 31 87 16 71 40 81 11 23 88 20 58 29 65 37 69 79 3 66 1 5 33 24 69 93 86 3 94 48 53 7 96 94 11 33 91 16 7
3111 22 711 31 87 17 59 51 53 28 81 55 45 33 12 77 56 32 70 94 35 15 93 87 21 88 22 14 50 26 98 92 93 5 22 79 21 81 25 12 13 56 45 43 84 1 26
3112 22 805 5 46 60 19 38 99 40 77 20 5 78 97 3 69 42 59 43 72 79 75 53 55 65 86 93 10 80 28 62 6 85 59 96 63 94 24 34 99 1 31 69 72 11 63
3113 22 976 43 41 89 47 95 26 12 33 18 73 98 86 69 82 44 86 36 91 82 14 34 32 66 16 84 86 39 46 49 33 86 37 80 80 63 43 64 32 67 76 81 52 96 62
3114 22 802 47 81 50 37 81 31 2 14 62 67 29 45 4 19 90 52 51 27 41 30 58 55 24 22 86 90 49 19 93 44 80 39 25 81 27 57 11 80 70 72 98 50 68 2
3115 22 702 20 9 5 70 35 45 52 45 99 75 66 37 17 66 55 61 61 86 85 67 78 93 77 10 14 1 7 15 60 34 29 65 4 15 59 60 81 76 48 49 41 2 10 2
3116 22 733 39 61 38 5 90 31 34 99 96 34 58 11 53 17 44 33 33 47 48 94 5 58 86 34 52 86 26 5 95 79 43 7 17 48 49 99 47 94 66 56 4 70 25 100
3117 22 648 3 57 98 2 2 3 59 58 40 44 9 25 70 65 72 48 8 30 16 7 78 66 39 77 60 56 32 15 25 8 14 79 17 64 80 18 66 91 76 5 34 36 29 55
3118 22 772 1 52 3 8 82 70 66 59 36 4 35 47 11 19 13 35 26 79 42 42 97 12 7 87 87 11 21 74 91 75 74 43 29 33 76 51 98 34 86 53 84 15 39 96
3119 22 767 2 16 74 67 58 15 63 69 73 50 7 83 22 80 26 48 6 20 29 90 95 79 88 80 16 92 99 7 90 94 60 6 20 26 15 86 40 35 59 89 93 93 62 72
3120 22 712 70 62 29 89 90 19 35 20 58 15 1 66 33 59 8 78 18 65 49 43 79 35 83 65 45 23 57 37 37 80 7 98 9 47 87 79 82 6 36 96 92 88 13 76
3121 22 760 47 20 53 64 84 2 59 14 88 93 78 32 67 34 20 3 14 26 74 25 38 52 6 95 39 53 26 65 13 72 85 66 19 46 86 58 90 63 41 56 49 60 10 87
3122 22 709 62 100 90 67 46 80 19 84 5 83 96 29 13 16 91 83 76 40 2 90 80 57 38 92 67 3 29 29 41 90 28 30 8 25 9 78 66 12 56 94 31 68 61 73
3123 22 828 3 25 94 26 89 74 34 79 65 53 81 45 22 34 60 3 93 84 64 70 44 29 99 74 63 18 86 35 20 10 14 35 75 39 5 55 72 37 4 58 84 63 13 28
3124 22 878 47 76 97 42 56 77 40 81 92 9 66 78 29 75 64 94 61 90 84 80 94 38 4 30 88 7 23 70 50 68 31 46 9 86 74 48 65 56 43 36 57 58 81 17
3125 22 796 47 16 96 92 53 99 73 92 6 64 14 27 67 63 94 97 60 2 82 34 1 99 50 8 81 44 37 1 28 53 44 1 38 48 99 63 40 56 26 5 34 93 68 27
3126 22 927 89 79 80 23 12 32 73 14 92 54 57 87 90 58 66 95 56 9 95 46 45 8 48 53 33 52 86 25 71 13 50 44 40 13 76 12 26 67 65 83 5 7 70 1
3127 22 894 47 31 95 92 39 91 51 86 43 84 89 29 60 60 93 77 61 88 16 73 63 28 99 81 44 33 37 50 24 59 50 22 96 66 79 39 64 81 52 61 53 39 23 41
3128 22 682 55 96 34 46 88 77 30 76 27 53 28 26 74 76 91 52 14 59 67 46 9 19 7 71 33 11 62 8 3 16 10 1 97 77 81 72 58 35 31 62 1 83 75 59
3129 22 865 49 20 19 19 78 42 4 89 3 11 91 70 65 100 70 16 48 98 96 72 53 80 29 39 89 59 93 26 99 94 97 70 12 75 11 15 63 65 77 5 34 41 57 55
3130 22 807 56 4 52 51 75 56 30 55 94 71 14 45 59 58 70 10 51 67 79 63 93 41 29 55 5 6 11 90 98 67 44 6 23 95 49 51 38 4 96 8 69 41 18 26
3131 22 703 62 79 77 80 9 91 72 49 19 78 5 76 89 94 26 7 31 29 84 38 30 86 75 33 33 34 1 25 4 26 87 82 2 18 91 44 90 91 15 19 96 90 7 41
3132 22 863 67 66 30 97 46 65 87 75 50 13 59 34 47 59 2 37 97 83 90 14 25 34 55 16 48 74 63 89 32 3 56 49 84 4 95 48 21 49 3 80 83 1 93 2
3133 22 863 26 89 36 16 54 61 1 9 76 48 34 38 88 65 92 95 14 76 99 60 23 40 80 72 42 59 6 94 49 98 95 26 86 31 93 39 91 93 18 92 32 7 98 74
3134 22 808 14 73 72 73 96 64 52 19 57 63 24 51 63 21 97 88 58 27 81 48 69 25 47 38 17 30 44 96 30 42 21 43 93 67 9 8 71 79 64 33 2 14 74 11
3135 22 787 34 31 89 66 31 10 91 29 99 7 58 43 2 88 84 22 82 49 66 49 10 25 19 88 3 42 49 15 64 34 98 5 28 66 90 56 96 65 6 49 4 41 22 86
3136 22 896 42 40 86 51 64 56 90 4 58 31 46 21 91 43 77 90 70 42 31 77 6 26 41 63 26 45 56 100 30 97 39 15 99 54 88 58 79 71 67 36 16 87 78 10
3137 22 712 16 68 31 57 98 7 14 76 47 29 53 91 36 52 72 84 42 86 82 48 7 21 5 37 91 23 24 58 9 2 67 76 21 97 85 70 3 50 45 2 78 98 92 13
3138 22 814 1 64 48 43 29 90 60 2 46 96 44 68 72 2 28 73 20 4 93 69 88 14 23 89 59 24 67 8 68 31 8 31 79 50 83 59 91 42 12 36 90 56 55 61
3139 22 683 9 83 85 28 38 29 48 77 42 71 65 100 46 83 59 13 66 67 43 44 68 26 54 59 19 66 8 21 53 68 29 35 52 8 24 80 56 52 74 78 16 73 23 51
3140 22 669 32 36 16 50 30 11 17 7 64 27 26 81 25 85 1 77 5 81 63 8 41 38 40 96 89 13 73 56 37 47 6 68 34 73 69 64 83 38 22 99 99 79 84 32
3141 22 814 68 88 64 30 47 4 67 86 51 7 98 75 63 35 22 20 54 55 93 23 70 27 12 92 25 27 90 4 87 34 50 16 11 54 34 96 4 41 46 79 55 80 52 74
3142 22 670 85 6 18 59 76 45 70 19 69 97 8 24 63 33 10 48 96 12 6 65 49 54 20 89 99 50 95 30 1 20 14 59 38 73 34 34 42 52 2 38 11 78 52 95
3143 22 650 39 52 91 50 66 48 14 53 86 54 51 87 48 32 88 68 46 46 5 18 31 38 11 34 1 96 20 4 59 55 33 60 21 32 26 34 85 63 40 87 49 87 19 88
3144 22 723 54 16 33 10 85 15 99 95 42 95 96 61 38 71 5 70 31 25 1 8 11 37 70 50 76 70 36 94 58 42 61 42 3 45 57 2 39 8 43 86 55 36 40 26
3145 22 749 40 61 8 17 14 15 27 2 36 28 77 5 15 22 62 8 82 4 11 26 12 12 65 19 54 2 74 8 37 65 85 28 78 92 44 91 58 22 92 45 49 21 50 64
3146 22 756 42 63 71 24 18 33 1 29 44 17 49 18 25 9 6 89 93 34 66 37 77 8 94 99 52 39 99 72 40 14 13 2 37 88 20 69 41 100 57 51 61 27 75 69
3147 22 859 32 64 14 17 81 50 94 41 43 44 92 33 42 63 72 56 27 26 67 97 60 7 96 24 15 99 85 41 73 5 25 88 18 41 21 67 86 61 62 29 52 46 71 14
3148 22 822 70 78 92 95 69 58 43 80 16 90 4 31 88 40 23 61 96 47 48 14 68 32 73 80 45 54 31 43 76 96 12 53 58 73 97 100 13 89 59 95 77 98 17 89
3149 22 647 46 16 36 59 3 56 42 27 35 39 32 18 81 7 13 44 11 52 1 35 49 100 39 13 40 97 59 16 47 27 4 92 92 2 96 99 95 75 33 33 6 2 65 65
3150 22 678 15 8 75 66 8 10 66 59 30 51 48 40 46 67 22 89 65 90 4 63 37 78 47 21 83 49 86 99 45 74 32 5 35 50 31 65 33 71 56 19 44 20 61 99
3151 22 715 34 49 76 32 69 11 32 6 9 98 3 34 30 7 68 79 21 5 38 90 31 20 20 67 75 90 11 46 50 61 98 89 62 19 99 46 24 59 43 26 45 72 84 12
3152 22 851 2 57 69 63 94 58 93 65 77 60 39 66 22 36 68 82 66 65 70 79 83 20 24 59 31 67 84 75 38 68 92 76 6 54 63 98 33 91 57 23 30 58 76 64
3153 22 772 75 40 85 53 5 29 87 95 20 61 84 39 50 75 14 56 80 82 70 78 61 34 88 69 16 97 44 79 71 35 63 76 19 4 45 57 98 65 17 81 3 67 8 17
3154 22 812 74 87 98 43 64 64 55 50 51 23 65 100 66 95 70 1 9 97 13 80 58 36 49 22 5 82 24 23 89 92 96 27 42 38 91 5 93 92 7 67 8 58 33 2
3155 22 790 28 85 10 76 97 41 76 6 77 76 27 81 57 3 3 97 46 98 87 87 18 43 31 9 50 50 16 59 34 69 86 70 30 62 66 71 89 24 47 64 73 4 81 21
3156 22 767 50 30 96 36 68 13 31 51 73 32 40 90 33 8 76 2 38 89 19 8 29 42 54 44 44 32 16 99 64 89 48 93 84 36 12 49 66 62 97 61 13 38 45 20
3157 22 853 13 46 57 53 17 16 81 58 69 25 53 52 92 52 15 80 51 59 16 38 71 16 55 32 88 3 45 100 41 89 72 5 35 28 58 51 96 90 60 64 66 13 68 10
3158 22 735 16 82 41 66 93 56 56 63 23 10 46 11 65 90 62 5 79 33 9 65 13 18 67 8 8 26 25 90 90 34 57 24 75 75 68 82 30 82 91 27 19 55 17 80
3159 22 765 59 47 65 20 11 29 37 29 88 96 6 62 73 96 4 6 79 32 78 46 66 59 27 22 50 53 40 56 21 71 15 19 87 86 81 67 22 9 54 70 68 42 62 71
3160 22 758 99 17 49 31 95 46 48 53 72 69 54 76 60 10 82 76 67 69 61 100 35 34 8 41 3 74 44 87 78 95 4 78 25 98 23 24 2 46 21 3 69 21 84 44
3161 22 872 40 4 4 39 91 37 46 31 92 72 90 35 58 19 81 61 96 57 10 70 80 64 15 23 23 87 77 91 8 13 34 47 16 89 85 6 82 88 68 53 55 63 95 35
3162 22 739 75 90 92 85 11 71 25 94 22 12 12 71 34 97 69 50 85 5 7 61 86 95 29 91 71 35 53 66 79 7 60 63 18 31 14 94 76 87 57 97 50 27 31 46
3163 22 800 47 32 82 51 38 43 89 32 23 79 55 57 83 72 77 61 78 37 76 47 19 41 41 46 28 97 42 77 24 23 22 7 56 25 45 50 13 28 72 43 80 25 53 57
3164 22 798 37 83 45 64 81 63 5 73 8 32 22 1 60 97 77 34 70 83 90 94 79 39 6 7 63 100 40 42 76 45 50 13 46 28 59 8 32 32 67 15 53 68 75 1
3165 22 854 44 8 22 78 97 68 57 88 25 63 50 25 54 43 98 45 64 76 90 92 87 98 75 18 16 90 83 16 74 78 47 56 24 14 12 11 91 26 15 31 66 29 30 56
3166 22 643 88 21 42 37 95 11 4 36 84 87 3 9 16 30 56 71 5 21 34 15 11 11 78 77 31 43 22 81 72 77 20 44 71 8 90 33 17 97 32 77 13 61 35 65
3167 22 654 5 69 31 67 8 96 72 91 38 93 71 61 22 42 56 92 49 45 24 59 74 92 6 69 18 52 83 8 26 65 27 57 25 22 28 67 11 73 89 23 94 30 78 37
3168 22 779 78 22 12 88 96 4 95 53 24 66 70 27 4 87 49 69 13 57 45 86 37 11 9 51 18 54 80 95 90 57 68 1 44 15 56 91 67 79 58 31 40 44 60 56
3169 22 920 88 56 93 24 18 88 84 68 57 37 47 3 78 55 22 79 51 37 86 41 55 65 48 91 79 83 17 10 94 72 97 50 16 21 67 3 56 35 11 93 81 65 70 88
3170 22 685 86 100 38 22 30 77 2 77 19 75 7 53 91 16 47 14 13 96 29 85 62 83 92 48 93 84 81 57 6 68 42 5 5 16 44 43 69 69 15 59 36 13 72 100
3171 22 691 8 52 36 21 34 28 21 78 11 1 86 68 68 28 25 24 95 66 9 38 61 22 51 29 42 17 40 78 29 63 77 88 15 13 81 78 2 33 63 22 46 75 88 63
3172 22 881 83 25 75 56 28 56 98 96 95 75 77 9 51 16 23 15 76 23 6 8 52 8 40 66 81 91 8 26 65 95 99 72 15 55 70 4 16 78 74 24 80 90 47 95
3173 22 860 17 21 52 77 24 59 16 89 91 59 48 16 75 95 56 74 18 22 80 20 35 17 6 12 81 43 32 27 89 48 99 41 74 51 92 63 42 2 62 57 76 56 64 1
3174 22 808 25 85 32 44 27 66 61 84 77 51 65 72 34 43 60 81 94 100 57 67 51 100 81 44 1 43 52 28 50 16 29 27 70 79 26 30 14 54 78 25 73 37 98 66
3175 22 835 36 6 84 38 57 65 33 9 59 85 60 100 64 86 3 76 56 33 53 37 47 6 69 76 83 85 48 71 34 65 6 39 49 96 95 65 28 55 75 64 91 34 63 6
3176 22 887 72 18 81 79 50 33 15 96 91 35 24 25 23 95 5 88 52 44 88 99 90 52 79 45 26 42 87 11 57 92 82 74 73 12 27 71 99 13 46 23 84 68 17 89
3177 22 867 55 69 84 42 19 25 45 97 69 70 39 7 33 95 99 66 20 23 78 42 31 56 64 30 68 9 52 4 77 21 92 83 41 27 59 51 21 8 72 91 46 78 75 92
3178 22 717 76 40 11 50 17 4 81 72 68 10 92 28 13 95 56 85 38 39 25 64 15 36 14 35 43 37 77 88 3 31 42 43 41 92 59 44 72 83 63 33 74 91 45 68
3179 22 590 46 30 5 84 6 20 50 41 33 37 35 70 65 74 36 68 4 77 10 44 68 20 40 91 2 2 23 27 92 20 90 49 25 6 21 75 47 54 63 33 75 27 7 62
3180 22 697 46 10 38 7 6 58 27 45 80 46 23 59 90 94 4 79 94 6 3 99 26 29 97 31 91 30 57 70 36 18 15 97 8 74 2 17 98 16 31 96 41 85 83 45
3181 22 804 15 76 2 17 75 27 98 23 10 88 52 66 9 39 84 24 36 43 97 89 59 48 87 26 30 82 16 71 66 50 67 32 26 68 48 52 46 97 55 85 78 73 93 68
3182 22 806 8 68 3 50 16 92 60 15 78 85 97 11 19 28 2 85 59 79 4 58 82 1 55 7 39 36 80 83 6 40 70 49 99 85 83 33 88 35 51 15 87 73 66 90
3183 22 783 31 47 42 37 53 49 75 89 80 9 44 70 63 49 9 33 50 7 69 27 1 15 28 51 81 15 37 54 32 78 36 78 71 72 82 72 98 22 51 58 65 73 21 66
3184 22 773 81 5 15 40 73 93 33 73 59 60 75 40 26 63 45 9 92 32 86 62 3 19 52 41 36 9 57 8 74 88 85 40 27 9 11 33 43 70 7 82 47 21 78 55
3185 22 740 12 9 92 74 11 63 6 14 55 41 75 11 37 88 76 66 52 60 77 85 3 98 43 36 97 64 14 3 22 95 48 85 57 6 98 11 72 73 79 9 2 73 30 57
3186 22 749 50 28 38 24 15 51 26 89 72 72 89 8 80 46 58 90 43 81 92 59 75 28 32 63 30 57 11 11 65 12 16 49 13 30 99 91 19 23 62 59 82 42 4 39
3187 22 768 83 98 20 49 90 30 24 17 62 86 98 18 96 9 82 60 8 11 79 7 1 49 81 62 7 62 55 10 38 8 72 86 49 1 61 65 14 99 15 83 46 23 17 5
3188 22 572 72 66 13 82 44 71 34 93 51 48 99 64 2 61 16 91 20 39 29 68 40 41 84 53 39 98 36 85 52 89 17 53 77 12 23 11 4 25 10 55 41 11 15 56
3189 22 822 54 34 95 34 53 86 74 36 90 13 34 77 49 57 80 89 48 42 29 60 64 91 15 89 69 29 62 83 36 67 68 82 72 19 26 8 9 90 93 37 38 49 17 26
3190 22 794 1 64 67 81 75 83 71 90 23 22 58 3 83 93 90 50 12 72 84 42 26 91 2 15 35 39 4 35 55 30 87 70 48 67 45 82 37 86 43 6 93 87 96 94
3191 22 781 99 19 94 82 12 20 24 14 34 10 52 38 44 6 19 31 27 18 97 23 86 8 3 95 51 61 87 37 8 80 78 26 68 89 45 43 2 30 53 19 96 10 37 78
3192 22 711 37 7 74 59 6 11 19 60 69 72 44 57 79 76 8 1 63 97 97 58 98 26 9 3 45 56 12 33 33 100 91 59 11 96 21 29 78 49 57 10 49 52 17 1
3193 22 873 67 13 97 24 63 74 84 17 18 40 28 3 24 80 93 34 42 41 55 22 48 84 22 78 57 78 39 57 82 56 20 5 71 34 79 54 50 96 45 30 69 61 95 2
3194 22 711 54 35 8 75 34 92 48 63 25 2 5 6 9 13 28 18 75 14 96 29 63 43 73 44 93 93 4 39 47 57 83 6 97 30 68 45 7 21 1 12 29 65 69 9
3195 22 801 82 43 22 77 23 36 72 48 80 16 40 83 54 86 92 26 74 83 88 4 2 84 10 23 36 73 3 1 41 11 84 11 58 20 5 51 97 45 33 50 76 27 73 50
3196 22 707 9 61 5 62 96 66 36 32 38 39 32 31 1 13 66 85 75 23 4 56 80 6 52 76 90 53 57 66 79 30 15 39 42 71 53 89 88 20 25 78 51 55 16 20
3197 22 879 15 90 95 70 98 74 75 49 49 64 54 57 29 84 38 95 31 65 27 20 52 66 39 77 96 42 74 9 3 88 97 57 22 31 46 1 78 75 84 16 69 58 86 36
3198 22 676 17 37 54 8 13 49 49 96 74 57 98 61 6 46 69 53 19 51 40 96 22 35 36 91 45 34 28 80 50 64 85 57 29 33 57 76 65 73 18 71 70 38 23 88
3199 22 820 40 74 79 36 73 47 9 7 35 51 51 68 78 83 69 94 67 78 74 52 34 49 57 99 21 27 42 64 95 29 56 68 59 43 92 57 98 91 2 1 10 79 31 24
3200 22 827 53 8 97 4 93 45 13 43 17 39 63 58 54 57 38 9 76 48 51 67 5 54 95 55 57 85 87 9 3 94 59 38 71 81 70 9 80 14 52 69 23 79 25 46
3201 22 740 21 78 62 67 84 30 75 69 32 61 29 86 6 85 44 44 38 14 76 60 74 70 91 88 73 59 52 27 49 99 16 10 66 99 40 19 22 53 47 59 58 32 3 53
3202 22 675 21 68 28 32 94 98 22 33 33 46 73 59 83 21 58 50 82 75 1 24 66 19 97 18 18 56 10 32 29 60 53 22 9 26 6 30 51 55 69 34 27 78 35 61
3203 22 737 4 35 84 69 6 81 39 75 88 18 75 97 49 47 25 60 51 99 20 77 50 86 7 56 54 92 82 83 26 42 86 13 70 58 45 44 14 18 41 14 64 17 74 67
3204 22 767 67 93 43 23 94 28 29 49 34 20 83 16 97 24 2 9 1 8 30 58 4 73 54 69 42 46 82 58 15 55 24 81 66 3 93 45 31 94 78 2 28 46 99 51
3205 22 805 99 59 4 6 89 13 61 61 67 29 55 64 10 12 78 17 35 59 16 52 13 60 96 96 5 26 97 32 23 47 21 6 90 26 94 2 38 6 20 18 60 84 79 23
3206 22 611 13 95 9 71 62 60 84 74 8 79 30 85 27 62 7 74 48 27 31 37 4 76 90 93 33 62 10 45 97 88 67 9 35 76 32 48 87 67 73 46 3 30 23 16
3207 22 651 36 48 15 14 30 3 17 5 92 9 38 5 70 34 53 58 62 44 27 93 91 66 59 16 11 7 18 41 29 85 28 29 99 42 58 1 10 15 44 71 4 1 40 37
3208 22 689 53 49 88 14 44 67 58 87 32 68 2 42 74 71 34 55 55 14 83 5 7 92 5 68 6 100 38 9 30 97 85 18 3 76 60 34 95 61 27 69 31 13 75 37
3209 22 914 26 57 41 84 45 51 6 96 66 96 70 63 48 99 99 17 72 1 92 83 86 39 43 64 7 25 76 33 61 53 89 53 36 40 49 39 79 63 40 48 77 39 98 75
3210 22 762 55 22 27 99 4 64 37 99 95 75 88 59 67 40 47 6 89 85 3 33 63 65 24 62 41 62 11 67 68 32 45 66 8 54 38 86 48 12 92 74 99 51 40 91
3211 22 819 49 98 79 33 11 47 16 86 60 8 47 70 74 66 54 70 84 93 29 37 30 14 85 93 58 10 44 8 50 34 56 99 12 40 98 74 86 65 59 97 72 57 18 97
3212 22 779 74 71 66 57 15 94 94 96 59 78 89 16 87 84 75 88 17 82 38 80 21 87 5 58 51 15 54 22 71 72 18 96 35 53 61 28 46 56 96 54 13 79 29 53
3213 22 782 47 62 90 26 83 77 30 92 27 44 98 1 66 69 18 62 14 5 74 32 11 82 70 37 77 76 49 56 4 53 2 65 43 80 99 19 9 91 97 5 88 97 22 8
3214 22 826 67 35 73 71 99 54 62 80 76 50 56 51 11 6 51 65 22 45 44 21 15 4 63 12 60 2 34 61 78 68 33 100 20 83 54 33 81 83 18 31 80 36 83 96
3215 22 748 57 80 91 29 94 95 6 44 69 39 4 46 59 89 46 78 71 51 10 85 31 92 54 13 24 33 48 59 81 56 38 71 85 83 17 27 40 23 8 61 74 5 62 2
3216 22 726 48 85 4 58 69 34 1 22 98 77 6 45 35 38 24 9 37 6 77 63 45 99 33 4 12 59 9 82 72 10 82 56 14 91 76 99 91 49 97 67 55 93 53 92
3217 22 872 45 76 52 81 82 29 96 78 79 80 42 38 90 24 10 51 57 17 16 47 15 89 93 63 56 99 7 60 43 52 36 94 84 17 74 79 94 53 59 27 48 68 69 9
3218 22 814 19 25 78 86 71 22 52 60 66 14 67 65 21 78 7 24 13 52 81 26 86 75 96 53 23 43 92 52 39 68 29 76 91 2 28 2 41 20 31 13 97 89 36 10
3219 22 904 41 43 90 66 80 16 95 75 69 17 89 60 20 79 54 70 1 33 23 68 74 42 98 38 38 39 99 79 68 89 44 47 56 38 73 76 6 41 16 18 61 46 97 12
3220 22 761 52 18 13 84 40 80 57 81 29 47 70 67 20 69 45 39 9 40 85 64 92 35 49 7 61 53 73 4 17 85 87 8 16 96 88 44 94 57 63 13 25 59 3 85
3221 22 933 99 87 49 27 47 40 13 95 98 16 56 50 15 80 5 83 64 44 90 31 91 29 26 84 38 88 48 14 50 99 97 88 75 34 88 28 87 3 35 89 70 66 93 4
3222 22 792 81 36 94 11 78 74 37 61 11 76 8 25 74 57 23 70 96 21 45 29 10 84 9 96 86 43 84 7 29 11 89 16 56 52 88 54 40 63 14 64 22 38 58 18
3223 22 873 58 54 46 19 37 54 66 75 49 2 81 9 30 91 45 46 38 27 39 44 54 57 90 30 70 99 47 79 53 45 97 41 50 14 15 50 96 58 44 38 59 41 84 58
3224 22 802 30 62 97 73 79 50 81 59 91 11 80 41 9 58 45 5 6 86 55 19 4 86 95 14 33 72 21 68 51 29 29 75 7 30 56 17 72 18 96 13 26 5 83 62
3225 22 812 94 37 32 94 92 17 40 57 98 72 80 18 91 61 20 19 41 95 77 23 2 45 19 92 58 96 96 67 30 9 60 66 5 10 57 45 66 54 68 98 24 59 10 95
3226 22 807 77 50 41 6 72 42 50 66 12 42 75 60 89 41 98 53 7 38 57 16 46 53 33 100 21 82 79 91 62 12 3 14 29 67 55 56 26 95 48 14 92 52 81 61
3227 22 816 39 27 13 72 78 33 53 52 11 96 72 70 36 33 81 99 88 46 80 54 52 35 79 47 34 44 38 86 16 19 46 6 45 58 77 22 91 82 25 53 48 22 64 33
3228 22 757 55 62 20 100 93 73 52 79 3 50 13 98 87 98 65 57 95 71 53 52 99 26 94 32 2 99 60 50 23 82 26 37 78 29 77 81 8 31 30 72 28 68 21 93
3229 22 871 77 15 15 81 66 13 7 12 45 8 10 4 9 81 27 90 59 15 94 36 43 70 68 2 49 25 28 16 72 44 86 25 98 83 88 94 90 49 99 29 76 40 39 42
3230 22 827 34 74 36 55 93 38 55 41 62 34 9 59 5 52 17 42 28 93 91 10 32 85 80 34 50 61 61 41 99 2 74 25 37 81 26 35 58 40 68 66 98 24 69 14
3231 22 749 17 97 59 7 6 90 43 57 70 76 30 36 99 80 89 24 4 26 21 51 38 30 42 57 47 39 80 67 53 48 63 11 55 21 97 77 73 35 2 60 33 82 49 56
3232 22 562 37 26 60 9 28 49 38 70 6 36 8 37 3 12 85 17 22 39 74 87 14 46 11 48 48 71 32 81 71 87 17 48 98 26 75 47 15 96 52 51 4 40 5 15
3233 22 797 24 21 89 14 58 14 1 23 11 11 22 58 33 53 90 55 91 7 2 89 84 29 35 98 38 100 79 77 56 46 53 29 86 18 99 70 60 9 19 65 37 8 72 27
3234 22 867 66 73 67 49 53 53 99 77 90 50 55 19 6 100 23 86 37 92 35 62 82 96 94 66 10 2 25 81 28 91 95 91 58 99 41 86 91 41 59 48 92 33 33 29
3235 22 743 24 7 15 85 40 62 30 5 79 40 6 4 72 85 46 77 31 88 35 30 29 72 70 71 64 80 56 12 54 36 87 60 2 24 99 16 53 3 94 44 60 49 16 44
3236 22 758 94 92 75 82 78 56 62 50 25 32 13 56 53 20 19 6 7 5 65 61 28 15 76 33 69 69 70 91 23 63 35 49 44 12 4 57 80 88 26 35 40 45 97 4
3237 22 776 10 13 64 89 27 39 21 95 59 49 74 28 91 97 43 25 45 38 89 1 95 1 80 34 26 67 23 71 22 26 35 41 13 79 93 60 41 33 69 32 81 11 8 26
3238 22 715 48 96 26 42 49 57 76 74 75 1 46 74 25 77 60 65 97 73 95 90 32 36 82 16 4 13 14 73 22 13 20 99 7 68 94 82 34 41 79 59 18 55 19 34
3239 22 784 52 91 29 93 74 64 89 19 39 85 84 63 58 96 82 8 2 50 15 35 43 48 20 35 26 79 80 49 86 83 91 66 27 64 81 53 4 99 34 53 98 29 6 31
3240 22 716 35 72 17 29 19 37 64 44 67 67 75 67 4 10 57 69 88 72 1 40 51 30 15 84 34 13 13 20 70 95 6 41 63 35 59 51 98 54 16 28 83 20 89 91
3241 22 807 40 77 62 41 16 37 91 98 3 27 31 15 2 36 85 8 76 47 42 34 98 91 87 66 6 67 1 77 55 91 17 83 5 57 99 41 96 95 77 78 67 32 97 3
3242 22 677 39 73 50 32 6 99 74 45 16 31 63 68 8 17 59 76 84 50 55 82 97 49 11 74 62 77 57 59 80 95 31 81 78 88 3 84 46 86 14 93 15 24 20 14
3243 22 686 38 3 15 44 36 11 44 46 84 6 23 93 64 54 87 46 34 17 33 64 71 69 61 56 14 26 28 49 19 93 21 7 81 57 17 25 54 53 82 76 45 45 29 83
3244 22 785 90 14 51 74 77 22 42 90 29 56 15 81 35 16 99 28 5 72 34 86 80 3 62 33 7 43 9 51 39 89 85 80 3 36 53 31 95 72 89 2 87 69 36 54
3245 22 658 20 15 10 91 49 95 22 3 8 54 9 2 14 11 40 3 95 19 57 82 24 39 42 70 11 31 71 49 51 58 54 70 73 63 12 21 33 75 69 87 83 71 93 62
3246 22 807 54 87 33 62 21 56 53 62 25 63 92 47 63 43 4 16 64 76 30 76 48 39 8 22 46 56 91 51 87 75 65 7 82 17 20 58 79 64 93 6 60 21 35 89
3247 22 840 96 83 80 56 56 87 1 12 68 98 59 10 97 85 65 55 66 81 75 76 11 90 79 3 47 86 62 67 21 2 15 55 81 70 10 19 22 21 86 20 32 96 72 80
3248 22 711 32 36 35 49 68 61 24 78 50 3 96 40 45 14 12 46 28 66 27 97 97 71 48 83 90 31 30 61 11 61 61 15 9 85 44 10 39 75 57 30 71 70 42 16
3249 22 845 98 59 94 46 86 91 16 86 25 57 68 54 69 78 66 16 26 26 82 34 62 77 43 100 3 51 73 21 23 41 70 33 67 71 28 35 8 52 91 75 57 12 53 74
3250 22 732 79 30 13 64 89 58 65 92 9 46 64 81 20 56 2 52 42 68 74 21 54 81 73 97 56 81 8 60 55 86 6 50 52 18 39 62 82 30 22 79 45 2 98 1
3251 22 749 55 2 94 74 75 14 28 56 38 24 11 71 83 70 25 20 58 82 70 62 99 8 23 33 89 96 33 97 9 85 3 62 30 76 36 96 91 85 78 53 12 22 31 32
3252 22 772 32 12 53 45 63 60 19 95 14 57 84 62 17 69 64 78 50 91 97 46 4 82 75 57 36 87 30 19 70 13 22 9 92 81 27 38 80 92 95 15 11 83 68 89
3253 22 676 85 59 2 81 4 57 62 30 65 50 16 47 20 85 11 49 6 20 93 38 98 30 69 90 76 84 42 87 18 62 27 54 28 87 75 36 1 49 99 68 56 9 14 80
3254 22 789 13 3 78 42 24 67 70 59 60 56 76 21 82 82 40 61 68 66 96 67 48 68 41 46 87 48 7 7 61 86 19 16 15 13 39 33 97 93 37 24 65 70 5 57
3255 22 871 30 24 22 77 91 91 77 10 83 74 96 31 80 3 43 18 73 58 84 85 17 18 44 9 54 68 25 75 24 81 56 100 3 85 90 45 61 51 28 34 98 10 66 52
3256 22 901 52 35 25 10 18 61 57 34 79 1 94 84 20 19 59 95 99 66 53 50 35 98 10 85 77 96 83 86 61 86 37 95 98 12 71 55 49 7 91 32 78 61 42 72
3257 22 807 60 8 18 12 57 4 61 19 89 37 14 23 74 26 8 11 20 70 83 92 66 32 40 72 23 23 1 35 17 25 94 76 42 58 84 45 70 2 85 7 67 59 80 92
3258 22 730 19 42 63 40 2 46 31 19 29 22 43 3 44 43 38 12 67 83 87 60 40 71 57 10 24 93 68 91 52 99 82 22 41 97 61 94 94 91 64 22 12 6 25 7
3259 22 755 49 62 19 67 44 57 27 36 35 45 51 27 64 93 78 62 26 51 54 22 11 99 15 1 63 37 20 61 71 68 22 41 87 17 97 65 52 76 99 48 25 11 70 55
3260 22 746 25 95 5 30 17 68 81 83 68 43 19 32 14 79 54 82 52 46 69 94 84 20 82 68 98 58 30 67 64 6 21 36 88 16 7 10 83 90 23 13 43 56 40 75
3261 22 784 85 34 58 56 54 91 75 52 49 5 70 12 10 83 84 97 64 71 12 80 78 73 62 67 48 26 3 42 1 78 26 34 87 34 88 78 8 39 60 41 74 43 25 22
3262 22 891 58 95 86 37 72 58 50 39 5 76 60 69 52 89 47 86 75 80 25 4 87 15 81 51 74 22 76 16 46 97 26 40 82 14 64 92 54 48 91 5 7 59 56 95
3263 22 781 57 41 22 36 65 25 75 79 6 77 53 79 4 20 24 52 97 15 86 11 78 77 74 31 16 35 83 74 91 77 50 18 48 75 44 78 32 72 82 10 2 33 27 98
3264 22 875 99 12 8 77 40 33 59 15 48 94 97 74 36 26 56 18 27 25 65 1 21 95 84 92 76 93 67 29 77 45 79 76 38 4 71 62 13 70 55 62 95 42 39 2
3265 22 786 60 17 27 76 18 99 70 53 90 98 46 8 26 74 52 4 1 11 42 4 9 64 66 74 85 72 87 80 14 77 81 73 93 59 62 57 15 47 67 12 54 44 58 48
3266 22 787 38 68 41 41 77 4 58 2 88 82 19 47 64 100 71 56 70 18 15 91 84 13 9 95 66 53 31 23 20 43 92 61 47 70 72 86 3 59 5 49 74 4 81 13
3267 22 800 89 98 79 79 33 91 40 79 9 92 10 31 43 29 25 34 41 95 80 63 66 65 65 76 69 14 49 24 84 30 24 79 67 55 12 58 94 42 85 51 48 27 32 73
3268 22 872 60 24 19 91 86 37 55 3 12 76 68 61 51 51 42 39 75 72 58 29 35 15 22 77 32 58 79 31 84 10 95 86 74 85 23 10 91 25 73 18 44 85 69 95
3269 22 738 26 59 21 98 16 1 84 82 74 60 13 31 39 96 66 100 50 60 85 75 44 8 86 32 57 4 28 93 24 22 19 82 94 68 51 31 67 11 96 49 1 91 14 100
3270 22 841 92 25 85 67 20 92 2 5 75 10 8 2 3 83 73 65 68 40 14 13 42 96 31 4 91 79 4 33 44 4 77 68 88 43 87 31 96 44 57 6 59 60 86 85
3271 22 680 32 2 53 23 15 17 64 62 48 20 5 78 23 89 74 26 65 41 59 80 47 55 75 4 12 77 14 71 62 98 54 63 2 76 29 19 91 43 18 10 95 33 35 68
3272 22 720 10 52 61 27 92 73 64 66 76 75 42 41 45 56 39 50 70 40 25 51 16 93 27 77 91 22 77 41 23 28 53 49 38 44 73 1 1 28 3 41 24 10 79 74
3273 22 809 31 71 98 81 80 65 73 7 94 15 54 92 20 76 19 73 76 56 68 49 9 29 49 36 83 89 59 92 32 22 90 82 55 21 46 79 27 39 6 45 85 78 3 2
3274 22 640 48 59 69 96 19 49 96 54 31 84 12 74 55 44 25 2 17 22 80 43 13 73 1 9 9 78 79 27 22 99 40 48 93 30 53 56 4 59 51 3 27 4 71 49
3275 22 781 35 65 13 60 65 21 68 94 79 24 52 75 91 74 69 35 3 21 58 79 93 60 33 20 15 55 50 72 32 9 88 4 76 82 55 7 57 33 31 33 1 4 53 87
3276 22 735 59 73 29 16 3 22 28 88 41 42 42 60 43 65 91 51 53 46 79 86 37 42 85 94 25 17 46 80 69 33 38 93 13 6 95 34 33 82 26 26 76 85 40 27
3277 22 696 19 44 72 49 29 24 85 23 8 31 47 76 76 26 96 60 16 88 73 21 34 58 5 68 84 30 43 20 98 34 69 78 70 17 6 93 2 28 32 26 27 59 4 22
3278 22 833 71 19 61 95 91 95 52 95 62 87 24 56 7 22 89 5 90 18 74 58 76 19 59 55 18 42 81 97 53 36 23 54 79 17 44 25 20 90 38 7 13 93 65 86
3279 22 814 33 69 27 3 94 85 78 12 43 32 30 37 64 78 89 99 95 11 4 25 79 99 49 98 88 86 53 30 20 38 15 88 65 17 82 1 45 95 77 26 31 41 3 71
3280 22 953 91 98 81 95 22 59 93 23 57 33 60 12 85 90 84 74 4 71 90 20 65 49 26 67 29 38 76 26 70 22 99 29 66 73 37 98 33 100 34 22 83 8 77 6
3281 22 846 49 48 61 39 64 61 75 56 87 41 41 15 78 16 92 48 37 90 28 54 63 16 52 47 15 37 68 50 44 96 55 93 43 67 83 6 80 57 66 97 1 32 27 68
3282 22 739 23 26 56 64 53 10 78 68 13 24 34 49 43 83 45 38 89 89 32 56 71 89 35 79 2 52 27 54 83 53 22 57 77 72 82 38 50 1 25 35 99 68 17 43
3283 22 849 57 58 31 89 65 53 77 51 30 2 84 36 62 5 44 91 33 15 73 71 64 73 72 89 59 70 8 28 85 46 4 49 98 33 51 80 89 45 39 50 49 34 40 34
3284 22 669 48 64 4 64 89 27 47 49 11 74 12 74 58 10 30 58 59 62 8 39 23 11 27 68 1 28 68 34 19 1 34 83 56 97 83 100 69 31 62 95 94 87 55 16
3285 22 731 62 14 77 21 4 100 84 82 19 36 9 86 22 27 39 55 61 94 3 83 28 54 10 15 98 4 53 1 58 69 14 23 97 87 26 48 70 7 66 57 67 4 78 46
3286 22 921 42 84 6 87 86 41 15 91 96 24 57 93 79 10 45 89 30 59 11 26 89 74 66 95 91 22 62 46 52 7 39 35 64 26 73 56 92 15 51 67 72 95 98 33
3287 22 760 40 86 62 50 48 39 46 36 12 11 83 55 84 96 52 87 54 91 22 17 16 46 25 59 60 75 77 31 74 63 61 59 76 10 59 15 7 94 78 17 28 32 23 84
3288 22 620 39 76 26 12 45 93 57 69 51 68 95 27 16 53 65 28 11 41 37 21 55 95 15 84 42 68 17 3 5 92 28 16 88 20 24 56 22 91 3 100 93 70 52 58
3289 22 851 98 63 86 35 4 81 49 87 43 43 54 57 59 56 61 2 35 28 90 54 3 97 75 46 99 75 38 69 78 95 18 92 44 3 27 99 69 91 79 99 81 33 26 70
3290 22 771 39 81 18 65 26 17 91 63 37 69 10 6 60 53 86 52 95 13 89 72 33 31 9 12 29 7 92 14 85 13 4 65 30 68 90 98 59 4 79 13 38 66 3 76
3291 22 834 69 97 88 57 20 20 87 28 83 68 35 74 33 71 38 36 55 76 65 31 7 43 44 49 81 61 51 8 29 47 95 37 66 66 75 46 49 94 32 74 26 2 64 13
3292 22 682 88 83 68 15 3 32 45 9 27 40 58 59 8 66 80 7 60 16 72 77 43 69 25 36 51 14 1 14 26 40 48 45 54 50 29 51 59 55 42 16 13 94 75 30
3293 22 798 73 81 41 41 5 17 83 73 94 70 44 35 25 57 13 65 4 57 70 5 37 72 63 91 14 30 55 7 57 84 31 37 76 71 93 93 66 86 27 90 81 61 89 73
3294 22 834 30 92 82 100 96 18 23 11 61 88 92 67 94 48 3 77 37 78 47 29 70 4 7 82 83 39 49 27 67 78 29 18 17 52 28 29 39 19 85 19 98 61 55 27
3295 22 695 59 83 49 14 29 7 95 63 46 89 11 72 7 89 94 6 17 11 74 20 38 3 8 50 78 99 55 32 25 13 67 73 27 95 32 73 57 77 13 20 19 60 93 76
3296 22 724 28 3 50 48 92 4 58 52 5 52 29 3 6 13 27 70 79 52 48 25 83 21 33 11 52 10 4 63 55 31 91 9 80 38 1 35 47 4 39 98 32 41 96 20
3297 22 761 76 74 23 24 50 57 96 83 19 80 86 80 35 49 34 66 39 43 97 28 95 32 74 98 22 23 81 15 29 77 4 2 8 79 52 16 26 86 6 71 65 40 71 99
3298 22 769 5 9 93 2 88 39 85 61 36 6 35 68 20 15 96 57 71 98 16 49 1 31 75 38 32 60 81 71 31 31 76 39 29 27 13 13 39 48 70 26 67 90 40 63
3299 22 795 98 10 12 14 11 64 44 85 1 12 16 60 38 90 26 65 81 100 93 59 57 49 27 74 29 68 66 91 65 75 54 78 37 17 74 21 69 37 88 29 80 78 70 5
3300 22 811 42 2 56 87 60 19 43 9 81 69 34 9 36 99 53 26 5 30 62 22 55 35 90 91 74 70 70 51 40 26 45 93 31 53 51 73 13 31 98 40 29 97 91 33
3301 22 773 74 95 63 87 16 17 21 58 8 95 27 29 97 18 7 41 11 39 71 15 90 44 20 37 76 59 17 24 1 50 96 64 84 63 32 56 91 2 99 20 26 91 78 64
3302 22 742 62 92 5 57 70 25 45 46 35 61 69 36 18 31 25 1 93 57 56 65 47 58 63 18 8 30 95 98 11 11 99 15 67 21 39 11 66 74 24 86 61 37 3 91
3303 22 710 62 55 35 70 63 51 68 72 13 86 31 43 32 28 50 42 39 100 57 57 20 47 37 20 95 75 80 31 77 22 44 84 9 65 46 59 33 69 24 70 99 66 1 78
3304 22 807 67 43 68 18 51 25 38 97 96 26 17 90 48 72 29 22 16 12 82 80 9 40 64 77 63 33 27 80 86 4 98 28 72 16 78 48 5 74 43 30 42 84 55 10
3305 22 781 15 22 73 96 54 81 87 17 9 2 2 87 33 87 90 31 14 13 98 43 60 54 68 54 35 62 37 16 55 44 77 21 65 49 18 81 6 87 41 7 88 27 92 74
3306 22 648 69 74 39 33 71 33 45 24 52 98 58 13 87 26 19 82 2 39 46 51 16 83 64 54 24 22 41 2 13 66 70 86 4 3 8 88 47 83 96 41 34 18 22 15
3307 22 683 19 13 13 21 70 28 4 85 33 79 7 73 80 71 90 50 57 93 16 32 2 99 97 91 73 31 8 47 26 59 9 99 88 2 65 20 23 44 59 93 60 1 77 15
3308 22 690 17 8 16 15 78 65 57 2 47 64 48 43 41 58 52 39 38 39 40 54 11 71 28 54 82 20 39 41 21 15 56 89 23 23 3 52 87 59 53 33 74 53 76 14
3309 22 729 10 79 53 99 69 92 52 79 15 79 85 96 51 23 88 71 89 95 59 63 18 13 14 56 23 19 96 23 16 61 32 46 13 31 57 34 45 71 65 81 55 5 37 43
3310 22 912 47 6 69 11 71 24 33 41 64 80 63 31 40 95 76 53 77 42 61 10 38 31 74 18 48 88 72 4 66 55 22 71 75 32 94 99 16 34 14 95 97 97 87 91
3311 22 845 72 91 67 65 51 28 54 33 2 23 80 41 46 35 17 12 90 90 34 64 22 27 14 37 61 28 84 57 76 70 99 47 12 17 64 62 44 17 94 97 40 25 85 59
3312 22 861 58 48 48 47 82 12 68 8 77 57 56 92 76 31 61 74 30 72 90 93 85 86 78 34 52 2 23 89 12 80 36 60 27 17 46 25 99 54 44 7 45 20 37 57
3313 22 805 93 66 28 35 10 12 72 71 41 5 22 94 6 59 98 17 37 14 39 83 90 89 88 34 95 33 5 84 89 97 49 69 83 59 32 54 81 73 11 54 18 38 64 23
3314 22 728 48 61 39 85 26 29 19 16 70 6 1 16 90 5 99 79 53 100 47 88 10 78 41 90 2 51 43 20 40 58 94 40 33 24 96 13 63 82 15 98 89 71 23 95
3315 22 800 65 10 4 94 3 45 48 5 88 67 97 97 60 36 67 44 11 14 57 4 28 38 54 42 87 94 12 83 86 29 96 85 74 50 29 21 6 68 39 54 50 41 83 46
3316 22 681 51 96 2 6 23 91 12 64 78 5 27 12 69 12 92 96 59 76 21 8 57 41 66 24 31 19 40 33 60 22 62 69 20 91 6 50 35 32 13 3 96 5 54 32
3317 22 902 71 14 88 64 79 64 94 49 55 26 60 77 3 74 97 85 93 88 58 23 45 7 9 29 72 12 24 28 62 77 59 84 90 99 47 20 69 16 18 80 44 73 53 41
3318 22 709 9 97 80 66 19 24 25 28 4 96 91 27 23 4 33 87 45 31 86 65 44 78 85 12 47 16 55 71 69 47 17 78 36 54 15 57 16 5 84 38 60 39 71 98
3319 22 850 35 53 83 51 97 12 8 59 3 14 81 23 61 60 39 38 57 74 91 25 40 100 93 96 82 55 73 4 5 7 87 58 53 51 44 12 46 25 41 68 37 1 59 75
3320 22 755 57 32 17 33 24 16 77 19 50 59 26 74 62 30 33 18 68 42 22 18 85 33 78 83 58 19 2 94 71 60 20 79 44 89 63 67 56 40 37 58 98 62 31 11
3321 22 712 43 63 29 11 4 50 80 41 35 58 75 92 28 28 37 50 40 9 83 49 42 1 33 89 13 30 3 44 93 45 58 73 7 14 74 87 6 8 96 80 51 75 88 24
3322 22 690 98 48 3 80 96 96 32 51 29 21 64 10 23 59 2 19 16 74 78 81 48 64 86 55 11 17 6 37 76 45 12 73 44 66 53 39 61 36 41 89 8 4 99 82
3323 22 724 62 52 1 30 26 78 10 73 93 96 79 55 64 36 43 39 32 54 12 75 19 16 65 31 51 6 20 59 61 70 92 23 21 92 52 46 13 70 60 1 71 24 88 13
3324 22 675 62 20 18 73 46 36 88 63 19 91 68 38 1 28 59 92 2 79 36 5 77 56 98 73 50 43 38 56 9 25 86 54 61 26 16 31 35 20 15 78 8 94 73 36
3325 22 702 50 90 34 74 66 83 16 18 72 23 79 80 48 16 60 41 1 90 56 88 9 23 2 38 82 69 45 75 41 81 76 82 49 48 17 17 39 47 3 38 62 88 97 3
3326 22 755 89 38 10 28 98 33 29 35 66 49 32 40 42 12 68 23 16 22 28 32 38 51 23 84 54 12 41 61 81 98 61 8 48 45 88 82 37 13 2 78 76 21 52 4
3327 22 777 36 74 84 20 63 86 94 99 39 5 96 32 65 47 64 15 7 24 62 4 11 95 13 99 60 66 28 35 86 80 91 74 5 74 45 67 90 65 2 94 12 33 58 48
3328 22 832 77 17 71 38 20 34 84 84 32 43 50 12 30 87 91 20 12 47 45 56 65 55 82 56 93 40 1 3 88 29 19 10 18 38 43 1 73 27 96 74 38 25 61 80
3329 22 704 44 72 26 40 80 90 94 24 23 2 66 16 41 18 18 80 46 88 90 63 77 84 16 49 10 11 99 35 35 78 30 58 55 69 37 97 14 13 19 67 78 34 8 96
3330 22 630 3 39 93 90 80 8 18 16 23 67 25 33 89 24 19 75 53 100 32 8 20 69 4 85 33 22 52 10 8 11 57 62 49 50 81 57 21 96 31 87 15 27 95 33
3331 22 744 1 100 84 85 7 3 53 62 87 85 35 38 46 94 48 3 56 49 4 59 29 12 31 76 42 18 47 56 96 42 40 49 93 23 33 51 77 37 12 63 73 46 70 92
3332 22 702 52 24 47 52 27 57 32 90 87 7 31 56 54 38 4 47 29 52 39 3 36 89 79 24 94 48 49 46 17 40 41 38 1 19 61 33 43 40 44 81 90 61 46 28
3333 22 837 64 33 68 42 56 19 35 55 67 32 72 7 81 64 44 81 34 90 94 74 54 37 13 97 69 8 38 29 5 65 92 90 84 34 97 2 52 21 23 27 32 38 22 64
3334 22 708 71 63 27 17 36 33 53 1 81 21 60 19 49 64 35 41 5 19 26 2 20 45 40 96 18 27 64 92 90 86 54 69 2 42 1 6 94 81 99 27 68 34 19 73
3335 22 781 52 44 74 23 88 26 15 36 4 84 62 19 75 52 81 20 58 74 72 63 67 52 41 19 51 67 38 36 85 10 39 80 35 61 19 12 27 54 11 68 33 37 89 69
3336 22 834 90 46 42 61 8 60 64 100 30 14 66 68 1 2 29 39 33 64 52 75 26 57 88 24 74 77 94 62 45 35 59 39 47 19 98 11 18 28 76 84 77 37 75 15
3337 22 798 70 90 66 73 17 44 81 58 31 57 83 59 50 97 4 37 55 42 73 91 45 91 21 26 16 97 62 43 63 83 84 29 72 88 9 54 44 92 13 45 88 68 94 61
3338 22 800 16 67 51 60 9 21 80 34 88 28 47 30 91 30 14 71 36 65 94 23 74 47 18 17 11 63 56 30 95 49 90 10 67 41 22 75 13 53 60 100 81 59 30 23
3339 22 622 40 95 45 75 11 38 50 84 36 67 52 99 29 7 28 24 8 18 85 26 58 6 1 70 59 12 69 91 70 50 65 9 96 9 7 98 42 33 3 46 31 84 4 59
3340 22 653 59 11 76 43 37 85 1 89 6 59 52 26 22 28 65 82 23 25 17 81 53 75 8 72 91 75 47 49 38 74 43 26 58 43 14 15 40 53 67 69 72 42 45 88
3341 22 853 74 66 93 100 72 100 71 60 42 46 6 42 83 79 84 8 88 27 73 2 79 89 41 84 27 60 52 98 53 97 37 26 14 81 26 37 32 96 96 73 1 66 75 31
3342 22 760 50 34 18 76 6 71 95 12 89 73 23 93 22 75 41 10 54 91 77 91 74 73 38 47 65 91 64 92 21 13 25 91 40 31 61 46 24 86 49 46 78 70 72 70
3343 22 875 79 72 76 21 18 95 72 55 93 89 45 56 80 66 69 4 56 8 34 68 5 62 92 43 10 89 31 61 42 10 84 17 82 83 7 40 20 95 85 76 74 2 96 29
3344 22 849 9 55 15 76 60 76 67 2 86 56 73 16 68 66 77 51 82 59 85 67 91 7 6 37 33 62 44 28 52 82 5 27 93 32 94 46 69 1 71 85 20 36 13 70
3345 22 900 70 23 54 36 61 97 94 66 33 36 98 95 79 77 85 30 58 41 57 51 72 2 48 41 18 77 73 54 41 94 23 16 99 10 76 95 56 93 28 91 42 74 22 18
3346 22 835 58 51 75 50 59 77 21 12 25 13 17 94 41 41 47 82 34 21 97 85 83 72 79 38 64 58 80 5 31 1 74 40 4 100 89 14 29 62 78 5 94 98 15 35
3347 22 833 45 48 20 17 44 4 99 67 35 88 82 92 68 38 23 20 11 62 10 3 89 38 64 66 42 37 59 92 3 45 88 50 65 4 55 11 54 42 92 98 61 81 81 91
3348 22 688 33 55 53 87 95 42 50 60 36 39 71 27 41 15 14 91 31 69 35 51 23 98 56 17 29 22 24 61 64 9 16 68 10 10 45 22 83 92 58 88 65 89 52 91
3349 22 742 31 49 46 47 41 99 27 62 74 88 78 82 3 45 77 64 54 73 37 50 7 28 24 81 86 11 26 19 49 16 13 47 89 63 73 3 60 80 70 14 30 30 66 79
3350 22 746 76 46 3 57 83 65 54 8 2 75 87 29 90 50 92 38 13 23 7 79 47 5 60 76 74 77 6 2 22 60 58 56 25 63 63 59 16 89 42 17 70 6 77 75
3351 22 812 50 66 88 24 72 18 70 76 77 97 2 53 55 55 27 14 64 82 90 26 97 49 41 85 42 57 12 11 14 88 86 15 53 25 39 77 94 60 4 70 9 57 74 63
3352 22 865 11 100 76 74 34 18 99 30 66 39 14 7 47 26 69 13 65 6 27 70 82 65 46 75 77 49 96 85 6 70 68 21 74 42 54 91 92 35 56 83 49 14 29 26
3353 22 716 35 41 42 92 20 11 74 84 56 100 12 57 96 96 14 17 81 89 16 74 95 58 66 29 48 29 79 76 54 65 69 96 57 88 6 30 23 14 29 35 22 76 30 35
3354 22 709 44 24 67 33 91 41 27 48 6 7 13 5 36 44 80 89 8 100 64 87 94 93 62 7 74 96 1 77 66 45 32 29 42 24 7 90 81 13 54 85 48 97 17 89
3355 22 709 57 16 76 20 55 69 65 16 27 90 63 6 90 39 23 86 91 55 14 32 30 20 73 63 85 27 47 84 75 15 24 31 31 100 3 37 20 67 52 99 8 66 4 97
3356 22 662 4 79 83 94 85 48 78 14 20 2 76 56 28 75 39 55 89 15 37 71 14 39 7 85 57 10 64 75 13 79 17 47 24 1 46 53 66 65 55 42 34 68 11 88
3357 22 844 56 25 77 27 90 67 85 74 24 95 57 39 69 95 51 99 63 49 75 63 95 27 28 11 33 21 31 67 88 93 6 96 34 22 58 1 83 24 52 91 14 73 37 17
3358 22 900 23 99 65 97 61 59 76 41 70 8 13 52 26 53 96 84 48 64 17 21 73 17 78 7 92 82 98 6 54 34 74 76 85 38 25 97 49 100 37 70 59 2 68 20
3359 22 758 1 83 36 21 7 53 50 13 96 31 62 1 84 48 74 12 32 64 28 64 87 17 33 97 18 5 85 23 24 4 23 58 92 95 64 96 44 28 91 75 42 44 10 89
3360 22 664 69 73 72 84 8 51 47 46 19 79 95 88 35 79 10 58 83 84 67 26 78 82 21 74 11 100 3 6 9 43 75 82 14 58 41 16 5 87 33 74 70 11 84 79
3361 22 980 93 67 46 18 45 27 90 18 88 53 69 42 58 77 84 84 10 49 42 51 65 98 89 51 21 24 5 83 59 36 76 26 81 45 22 59 87 91 99 39 92 96 80 97
3362 22 732 76 73 99 40 22 39 42 57 11 18 62 93 97 20 53 29 17 74 39 3 64 89 41 74 81 88 61 56 67 9 31 91 7 23 45 16 21 55 33 34 47 61 30 67
3363 22 882 13 10 83 87 48 37 2 37 77 28 69 64 88 76 96 58 25 54 80 89 98 48 61 4 32 94 92 23 20 5 54 43 31 90 67 66 23 87 82 62 62 64 57 20
3364 22 858 40 10 51 28 59 98 88 62 30 81 16 73 55 35 77 38 89 71 69 78 67 87 96 41 74 77 3 35 92 11 54 31 73 5 11 31 50 45 83 83 12 56 37 46
3365 22 721 84 27 34 7 95 64 25 33 59 65 6 87 19 93 78 30 98 60 54 2 70 36 8 72 32 90 43 97 42 89 33 68 74 39 14 37 63 47 47 79 4 33 48 62
3366 22 807 79 46 22 32 99 43 19 6 14 51 48 19 93 96 13 33 28 32 59 66 46 47 80 44 94 59 26 8 47 40 86 44 61 69 42 55 87 100 21 37 39 82 51 66
3367 22 750 22 35 24 39 80 71 19 75 16 29 25 93 36 23 32 73 66 92 41 60 99 79 59 19 68 57 57 49 98 60 71 94 90 10 12 80 51 27 8 75 95 50 3 67
3368 22 814 15 46 59 26 44 37 84 62 4 40 71 4 90 30 70 60 75 11 69 51 22 48 53 100 7 79 1 28 72 67 95 18 77 20 61 14 23 17 45 21 74 42 52 64
3369 22 711 2 73 64 54 72 22 32 41 23 60 65 41 54 82 18 25 42 31 28 16 99 23 60 71 58 85 12 53 36 15 17 37 87 32 90 10 53 74 3 27 33 67 68 38
3370 22 867 37 62 93 19 42 9 17 16 20 40 73 5 51 78 92 66 94 29 4 77 70 66 29 43 56 27 38 75 16 37 11 78 81 71 89 97 86 9 88 10 65 39 87 56
3371 22 763 56 32 84 11 8 6 28 89 48 47 96 27 36 22 42 72 71 53 64 93 41 12 30 1 40 65 90 78 21 97 10 56 7 69 61 87 9 61 85 56 87 21 77 80
3372 22 758 44 12 3 48 75 95 89 87 25 41 86 64 6 27 93 26 23 2 81 81 42 67 83 2 52 39 40 24 67 19 19 79 21 67 53 68 7 91 92 47 28 7 54 99
3373 22 810 29 76 53 10 57 75 3 75 9 56 78 47 47 1 66 17 72 44 38 38 48 57 96 91 42 18 6 46 4 74 99 56 35 7 82 37 91 44 59 89 90 12 54 7
3374 22 879 83 97 96 72 97 52 67 87 51 8 56 56 53 79 59 79 78 67 13 84 2 17 90 45 76 31 87 39 84 93 21 33 88 92 81 91 10 67 41 17 22 48 1 58
3375 22 759 52 30 24 64 65 76 82 17 62 9 47 48 83 92 19 15 31 62 21 71 13 13 39 86 60 12 38 69 63 19 45 79 84 20 95 17 36 56 25 83 55 23 46 41
3376 22 889 31 76 2 77 96 24 41 60 62 78 71 74 16 40 88 34 84 66 69 3 61 85 38 16 72 23 83 36 68 75 18 44 28 94 91 51 86 51 65 64 21 90 79 12
3377 22 835 77 64 95 43 33 49 55 69 39 22 30 10 44 12 98 12 87 15 14 61 45 17 46 47 81 61 68 70 91 79 26 40 74 94 7 12 16 36 59 100 71 70 38 85
3378 22 787 76 51 97 21 19 95 67 99 55 86 20 46 17 66 52 94 57 90 51 48 31 18 36 56 87 26 98 24 62 73 26 59 45 45 53 64 43 7 49 15 4 17 80 55
3379 22 911 10 88 96 29 90 96 11 7 83 66 35 69 91 32 92 4 56 17 62 53 61 66 16 56 25 16 70 28 33 1 94 40 82 22 30 77 84 36 49 70 79 91 53 70
3380 22 627 47 9 39 8 61 51 26 28 58 50 43 79 29 27 31 15 21 71 97 94 25 30 35 36 30 57 14 21 9 36 67 69 28 51 8 86 52 51 64 81 95 1 17 43
3381 22 696 95 16 68 76 50 3 5 6 77 67 55 95 35 32 21 16 60 23 23 45 27 25 7 54 6 53 54 22 48 100 89 15 75 91 69 80 88 8 14 95 3 49 26 23
3382 22 883 64 85 97 38 81 23 63 41 16 98 86 21 72 33 73 60 99 47 50 67 78 98 6 86 88 11 26 62 62 10 43 85 35 17 45 84 2 65 55 86 37 15 84 36
3383 22 725 16 2 65 13 60 2 28 59 41 38 36 54 98 64 31 92 8 26 4 61 70 20 55 57 82 91 44 97 62 3 89 14 2 78 49 56 93 98 19 75 18 34 66 85
3384 22 794 37 27 54 57 94 9 65 75 51 60 71 94 19 84 49 80 72 62 82 50 62 37 12 7 21 52 76 54 18 60 43 96 14 51 89 74 67 15 26 37 44 21 69 76
3385 22 929 92 82 57 93 96 45 39 7 3 11 58 78 64 27 89 58 74 54 8 14 27 74 28 2 51 65 23 95 85 43 70 28 77 78 73 72 63 30 76 73 87 5 88 14
3386 22 722 93 46 39 47 5 53 25 79 80 79 29 44 1 75 95 96 60 71 32 94 98 46 23 25 18 10 75 74 2 13 20 7 17 96 37 97 74 17 92 26 44 24 73 39
3387 22 774 83 43 64 66 89 13 11 11 38 28 72 66 84 46 39 86 10 44 79 58 80 75 48 19 9 91 42 81 30 76 75 45 41 63 3 74 46 30 97 64 65 43 2 2
3388 22 819 5 64 45 83 73 76 10 55 24 80 63 14 95 95 48 22 91 40 84 100 94 9 75 6 8 39 62 41 56 77 85 90 49 13 51 3 36 30 18 49 2 12 96 1
3389 22 856 85 86 92 69 29 30 59 86 89 50 37 50 90 44 78 26 34 26 38 84 25 66 98 74 19 9 69 20 94 54 63 14 91 48 20 58 32 60 7 68 62 48 12 39
3390 22 751 74 97 65 63 32 45 88 97 42 13 16 2 33 87 47 86 49 60 28 48 6 99 58 37 59 64 56 20 12 19 37 15 99 99 18 38 95 59 50 62 61 82 48 7
3391 22 775 20 49 19 47 48 76 46 5 64 56 21 19 75 32 90 84 56 58 70 54 8 1 86 9 62 46 43 62 4 14 74 60 61 49 57 66 12 64 83 38 69 72 40 27
3392 22 780 31 9 33 57 68 33 42 29 46 39 71 59 43 84 20 16 95 81 17 4 98 28 67 35 10 57 55 33 30 94 12 12 54 44 22 28 62 2 73 100 72 32 94 7
3393 22 792 3 62 53 35 78 8 84 57 75 18 19 83 24 51 64 17 62 75 71 5 94 44 32 55 45 57 55 68 40 100 26 94 61 30 81 38 38 64 47 64 34 65 46 57
3394 22 780 15 9 26 29 35 96 85 28 91 17 83 35 25 89 54 16 88 79 9 49 8 89 38 45 5 84 60 90 98 15 65 23 43 99 18 27 79 8 95 61 94 71 1 47
3395 22 839 86 88 25 95 88 85 35 78 81 91 61 41 80 13 97 78 27 62 52 21 12 70 99 90 29 46 2 75 16 2 21 54 90 98 82 86 6 62 77 67 54 8 79 51
3396 22 815 85 57 12 37 29 75 58 79 65 38 24 66 92 68 45 9 82 44 37 15 43 28 57 61 91 32 1 99 95 89 27 69 98 57 36 81 3 99 72 22 83 68 30 16
3397 22 710 63 18 30 43 12 58 24 91 16 14 22 16 64 68 57 42 88 54 99 73 41 79 27 40 2 48 74 21 29 90 83 98 71 77 10 80 28 33 70 43 43 11 62 10
3398 22 754 67 56 50 20 54 74 61 84 52 37 47 77 57 27 18 91 24 89 85 68 70 90 89 68 32 99 81 94 17 36 43 37 41 68 49 24 12 65 28 68 91 46 10 66
3399 22 761 86 29 51 5 75 20 94 63 39 26 14 19 71 30 7 65 18 99 32 18 98 69 49 6 4 46 15 21 31 95 23 35 69 42 81 84 58 97 3 28 78 9 92 96
3400 22 739 59 23 13 33 72 34 71 85 34 76 40 79 42 12 61 37 35 47 57 28 27 40 60 84 88 62 11 66 22 54 80 28 77 65 51 62 95 10 26 73 3 38 33 39
3401 22 896 72 32 96 99 58 87 10 42 75 71 4 92 92 10 24 37 80 88 88 94 22 74 83 100 13 85 89 97 76 60 28 71 86 9 20 27 42 82 74 34 91 77 57 28
3402 22 883 9 96 67 2 17 40 41 51 91 53 35 79 50 62 90 77 32 52 62 41 71 40 75 12 74 49 97 64 77 5 43 37 61 90 68 1 31 18 83 5 22 84 66 63
3403 22 886 13 50 14 74 42 36 66 16 91 16 96 54 93 53 49 29 52 9 71 72 61 1 89 4 35 45 77 71 11 39 83 60 5 8 53 40 73 68 39 63 84 87 69 28
3404 22 752 39 69 8 42 77 78 13 90 30 2 93 65 98 21 35 8 11 17 19 15 24 71 7 49 91 97 63 74 83 83 53 73 51 60 15 28 90 27 17 19 80 61 78 81
3405 22 828 69 85 43 37 56 58 13 26 64 13 16 12 75 41 95 58 45 67 60 5 33 87 94 60 55 64 91 15 99 68 47 67 5 90 20 37 14 32 25 58 97 71 67 42
3406 22 846 38 27 98 22 65 43 81 20 6 24 86 4 91 85 23 47 74 30 58 72 49 47 37 32 51 61 41 99 32 60 40 21 42 2 31 75 73 37 11 92 95 14 87 20
3407 22 916 43 96 91 43 42 79 74 44 39 15 22 26 82 42 63 71 36 16 53 10 89 89 59 99 81 98 45 46 64 41 32 6 83 73 84 9 17 22 75 11 44 100 92 37
3408 22 828 62 14 72 77 67 81 17 7 39 67 89 11 37 24 74 77 55 31 11 80 14 19 48 88 93 58 83 92 1 19 5 67 43 34 85 75 50 91 82 54 79 70 77 5
3409 22 583 46 84 35 56 63 49 27 62 88 19 19 70 40 67 37 82 21 57 2 64 22 70 45 75 14 3 4 11 86 91 18 100 39 44 61 78 31 47 77 2 38 43 20 95
3410 22 655 11 28 48 74 49 17 70 75 16 35 77 72 45 15 62 14 66 52 58 27 29 72 9 27 10 16 42 100 35 36 51 4 36 19 38 13 34 27 3 99 92 6 56 70
3411 22 683 34 79 31 12 78 92 27 20 91 14 7 52 42 86 89 44 24 14 36 55 63 14 9 62 58 14 17 79 99 48 10 25 1 89 44 43 2 3 95 28 32 16 87 21
3412 22 842 92 1 50 27 7 13 93 16 74 50 29 42 28 28 89 89 66 89 77 61 83 30 63 29 10 6 61 77 45 33 68 97 82 47 3 94 39 18 19 40 99 61 26 1
3413 22 784 7 66 66 47 95 27 30 24 41 58 85 47 18 14 43 50 33 39 84 79 93 29 69 63 48 8 61 60 27 38 12 33 3 78 32 97 56 61 73 96 57 94 88 22
3414 22 738 36 89 55 26 72 85 19 1 54 81 13 93 59 91 30 70 76 32 99 7 29 6 67 1 9 47 75 31 35 64 37 12 87 73 26 62 38 91 48 81 83 70 8 15
3415 22 769 20 14 95 26 32 95 79 68 55 77 42 37 63 57 73 75 44 46 56 82 23 70 65 23 19 98 58 88 5 24 8 19 18 33 50 64 69 18 91 63 54 19 80 62
3416 22 738 76 35 96 51 4 67 15 79 85 12 36 73 17 59 32 35 28 64 91 78 5 8 20 67 14 25 45 4 99 20 46 70 12 85 63 20 64 73 51 50 66 86 90 95
3417 22 812 90 50 15 8 39 44 59 95 94 79 37 39 48 34 50 84 10 98 32 72 69 95 45 20 96 37 82 86 23 87 98 30 1 88 73 60 34 67 70 5 89 56 7 73
3418 22 723 65 56 56 88 76 2 32 47 98 80 84 79 17 67 1 3 16 30 55 3 14 37 21 55 58 77 44 13 35 68 29 42 23 17 18 24 64 22 79 99 95 17 53 97
3419 22 672 32 34 4 35 88 17 23 60 24 80 89 67 45 23 34 73 17 56 86 31 49 52 67 100 14 16 56 62 48 41 65 34 29 34 57 87 76 23 31 51 8 4 19 63
3420 22 680 92 4 45 32 4 97 51 3 52 64 71 7 25 70 47 90 3 27 23 58 67 79 44 42 53 75 60 30 62 74 73 17 18 5 21 66 55 75 17 70 75 94 14 74
3421 22 826 35 16 57 25 66 87 21 60 91 47 55 2 76 69 75 48 85 45 52 5 10 58 80 79 27 76 53 73 90 26 7 57 78 16 34 43 54 54 45 100 61 46 29 73
3422 22 665 74 13 69 78 18 78 35 49 56 14 24 61 86 65 44 22 15 59 7 10 65 60 63 9 59 23 6 85 3 78 58 16 46 87 85 76 22 85 83 87 8 43 25 81
3423 22 866 67 98 47 78 4 56 42 63 71 50 73 45 7 57 48 85 66 63 82 53 99 9 26 83 92 12 86 35 18 53 63 65 30 66 72 71 80 42 52 87 79 60 34 63
3424 22 863 26 48 96 30 46 5 7 28 48 18 69 85 4 87 55 56 49 71 86 67 42 8 98 84 80 50 22 58 61 55 72 38 54 67 67 99 23 73 78 70 97 84 53 33
3425 22 728 31 90 51 72 97 48 7 76 49 28 33 10 34 56 47 87 23 66 37 45 90 14 67 32 12 25 28 47 85 32 21 81 38 70 81 97 29 24 82 90 10 37 89 96
3426 22 825 59 54 85 56 95 98 74 78 61 98 6 8 34 89 38 100 62 71 89 31 51 85 27 31 60 73 70 97 17 7 66 1 14 60 87 38 11 36 69 83 8 20 96 30
3427 22 620 9 26 80 93 5 62 53 64 34 22 12 94 39 19 11 91 84 23 41 23 60 52 58 6 21 79 40 80 50 36 13 40 51 17 54 55 33 87 29 96 67 14 43 9
3428 22 898 98 65 50 72 76 1 29 81 73 59 5 9 8 65 66 20 57 68 89 10 23 73 96 51 68 80 69 34 77 83 39 78 54 15 30 82 47 55 93 19 59 1 78 75
3429 22 819 18 98 31 38 38 92 12 10 40 14 29 19 34 62 41 62 44 32 97 46 69 31 92 23 23 63 33 75 8 44 89 90 81 78 87 73 57 68 91 90 84 52 73 15
3430 22 793 43 69 12 11 51 55 86 73 17 18 99 9 77 95 97 19 75 75 52 71 13 24 27 80 66 69 61 49 72 33 63 14 53 74 76 4 29 61 28 97 31 79 5 59
3431 22 785 73 54 77 47 80 80 69 44 55 96 76 21 16 36 87 20 84 100 72 9 75 27 89 88 38 18 33 42 28 5 47 5 3 26 36 72 22 91 19 97 11 34 32 31
3432 22 773 20 3 66 71 74 75 97 1 15 84 7 52 53 91 46 81 47 92 37 1 70 72 24 91 62 42 39 24 27 22 55 98 68 97 65 49 13 100 64 53 61 85 95 5
3433 22 599 21 96 74 44 19 16 6 13 54 81 39 27 35 37 50 7 4 98 20 99 16 20 5 32 24 54 92 60 48 96 80 95 75 14 36 32 26 41 13 16 67 47 52 68
3434 22 729 5 8 66 9 27 64 76 98 20 7 73 73 51 84 98 63 19 19 90 32 6 21 9 99 33 25 65 32 28 33 36 35 50 96 14 13 72 63 84 30 88 57 32 71
3435 22 746 81 30 86 99 75 83 5 95 43 3 28 19 20 11 47 4 98 33 53 94 17 17 61 100 8 30 70 88 59 7 39 58 73 14 15 69 7 34 88 17 80 91 14 64
3436 22 884 95 59 62 11 75 22 25 73 70 54 42 9 64 1 99 73 81 71 38 60 86 6 66 19 93 82 50 35 48 13 6 74 43 33 47 5 57 71 26 62 13 86 77 13
3437 22 744 85 49 45 7 86 5 44 44 22 62 36 4 63 23 3 28 55 60 53 98 92 52 54 100 79 61 16 37 50 52 37 95 59 75 51 2 18 72 5 27 30 79 81 57
3438 22 752 34 41 62 31 32 13 84 32 14 44 72 81 81 21 33 69 67 43 43 17 96 60 41 63 17 19 45 95 53 28 40 14 10 71 26 45 54 12 58 98 83 91 30 55
3439 22 778 23 98 22 17 93 90 64 4 82 27 20 1 15 100 75 42 39 89 52 61 66 48 67 29 6 16 11 48 45 18 70 94 38 86 80 1 90 62 79 9 62 1 13 76
3440 22 777 69 3 16 72 63 81 19 29 10 76 44 72 23 40 41 44 86 79 81 71 11 34 12 72 64 73 85 17 99 97 67 99 59 38 61 91 57 42 52 32 37 76 55 29
3441 22 772 16 98 14 47 31 36 57 64 80 79 24 64 95 22 60 38 89 58 48 26 70 39 34 63 42 66 52 17 72 80 85 69 45 31 51 32 39 14 18 45 54 81 28 40
3442 22 750 29 16 49 76 93 18 66 27 33 8 44 84 76 15 15 60 35 11 42 86 80 51 25 97 95 78 86 57 68 66 72 68 41 65 38 59 43 70 18 86 5 93 19 5
3443 22 761 86 81 46 23 22 26 74 46 20 76 3 57 32 22 56 90 15 20 27 25 62 48 42 47 52 34 98 22 90 35 2 36 58 75 61 83 21 86 54 48 88 63 79 10
3444 22 840 84 86 99 50 5 77 74 18 76 15 16 27 1 65 90 100 53 77 9 79 89 91 75 96 98 62 58 29 23 42 14 73 43 71 49 17 88 76 83 4 54 83 20 53
3445 22 803 25 19 57 1 27 36 90 69 86 64 65 36 77 22 64 100 15 77 24 58 99 25 74 87 56 42 54 91 61 58 32 15 67 10 2 8 31 39 23 95 68 37 51 83
3446 22 771 66 26 92 16 50 17 2 50 24 95 55 14 8 12 80 91 78 47 79 6 82 70 29 28 43 80 96 32 30 30 49 7 21 64 57 37 18 58 60 12 12 26 71 23
3447 22 557 5 61 1 3 13 31 9 94 89 22 95 68 69 78 49 98 26 55 18 41 11 6 10 68 17 74 79 42 44 54 47 57 54 1 36 61 14 88 35 82 16 55 59 64
3448 22 849 52 36 71 21 28 81 26 38 1 43 11 31 84 54 82 10 89 35 30 77 47 44 64 96 97 63 85 7 79 36 42 49 9 21 81 34 58 33 68 64 74 99 35 40
3449 22 626 83 65 16 30 60 31 25 89 27 39 33 17 13 26 17 21 46 50 6 4 82 34 23 97 49 96 48 45 87 28 47 54 9 6 84 33 10 23 71 94 40 35 19 8
3450 22 743 55 16 57 60 71 91 45 94 87 45 41 34 42 23 72 69 21 25 29 78 60 61 24 21 35 46 14 74 80 84 34 86 90 97 70 80 63 19 38 56 4 79 30 28
3451 22 659 99 51 4 27 28 64 39 3 84 74 48 98 79 33 32 64 22 61 2 53 54 16 71 91 23 27 53 54 20 3 57 47 30 20 85 85 56 10 5 9 11 37 40 26
3452 22 808 69 13 86 22 66 91 89 88 82 12 14 3 64 19 74 18 76 20 99 95 57 83 2 66 15 6 26 77 43 66 63 78 40 84 95 30 24 35 35 100 17 50 19 91
3453 22 817 67 46 62 18 92 18 94 36 66 99 61 94 41 78 96 3 8 87 38 54 16 62 88 31 48 40 47 98 10 37 55 99 33 46 68 85 39 55 50 90 44 30 45 91
3454 22 898 85 52 77 74 6 44 87 45 74 35 36 21 84 45 9 99 51 59 97 27 20 87 81 69 76 48 64 58 93 6 42 96 34 67 53 30 54 50 3 88 75 23 82 36
3455 22 727 21 32 94 56 28 20 75 15 53 96 42 100 11 99 44 17 92 40 2 59 31 64 41 86 3 26 12 25 59 47 97 90 70 12 79 36 64 26 77 64 37 76 7 5
3456 22 737 19 98 6 77 90 37 40 82 74 94 59 85 18 17 32 15 7 24 76 35 97 11 99 75 39 14 11 14 72 15 33 70 20 61 8 53 92 81 46 3 66 64 49 30
3457 22 578 77 72 48 52 6 96 14 56 70 53 21 32 18 93 46 2 15 24 67 67 10 64 69 27 79 40 75 8 16 98 7 20 3 55 33 11 76 37 31 8 5 8 40 74
3458 22 846 22 15 3 40 82 12 56 2 38 34 41 64 94 57 61 52 76 63 58 60 25 34 49 8 93 55 97 14 74 23 36 88 27 69 34 23 68 63 88 13 71 48 16 98
3459 22 848 62 74 58 87 7 6 46 51 60 79 99 73 52 21 40 97 39 8 84 72 82 8 91 45 95 3 15 94 71 65 56 44 22 94 2 79 38 17 50 62 69 23 74 60
3460 22 706 19 12 67 55 35 1 62 26 45 9 80 11 2 2 75 57 48 50 46 26 40 49 15 57 51 77 77 73 36 43 65 54 49 99 54 11 76 50 8 13 20 9 39 29
3461 22 756 6 87 30 51 12 70 52 27 78 2 55 6 26 56 41 20 72 46 69 70 79 98 53 49 57 65 20 17 4 48 22 90 25 53 99 76 31 76 77 85 81 54 92 73
3462 22 855 73 63 18 93 85 21 71 34 74 71 42 38 91 58 93 90 32 34 19 56 87 17 31 69 92 59 54 72 12 97 44 36 14 29 48 86 51 33 59 22 49 64 83 93
3463 22 828 53 14 27 24 69 65 40 51 33 32 9 38 55 72 35 51 60 98 64 88 97 49 90 29 63 2 26 84 52 31 98 78 54 18 42 93 75 76 29 12 31 1 81 12
3464 22 926 47 96 99 43 96 40 23 7 3 76 66 80 60 18 10 9 95 15 78 89 46 63 87 75 26 17 27 76 49 38 74 44 88 69 92 79 91 98 81 67 64 61 22 38
3465 22 669 27 89 15 15 61 29 86 87 7 3 65 34 3 54 99 41 90 71 18 39 52 36 2 64 13 34 85 2 25 16 24 28 8 10 14 66 64 30 66 83 57 16 75 84
3466 22 706 5 46 53 96 97 88 49 12 52 83 96 53 47 21 20 25 48 32 13 97 95 47 38 77 4 53 39 10 43 5 82 5 8 85 87 55 89 85 27 8 10 23 7 41
3467 22 854 79 72 90 51 66 88 88 42 43 92 45 81 1 93 75 57 41 56 62 48 92 100 55 80 85 81 46 55 94 38 34 17 27 84 82 15 23 24 57 14 20 90 15 65
3468 22 685 16 23 5 72 36 5 63 36 59 43 72 91 82 69 46 27 6 79 44 33 14 25 99 36 7 49 48 15 64 38 92 35 25 96 49 12 43 35 97 76 3 42 9 72
3469 22 773 98 41 85 74 91 20 26 97 20 97 45 35 32 8 24 23 94 100 19 94 12 76 89 46 72 64 49 13 18 9 84 15 1 20 41 91 66 39 11 62 35 97 93 94
3470 22 859 72 15 39 23 85 33 34 13 21 32 84 84 32 49 2 40 68 40 4 8 30 46 73 20 56 34 55 4 78 48 27 45 87 50 81 71 35 93 91 66 77 26 97 77
3471 22 790 79 36 60 99 75 63 6 56 9 31 76 16 16 30 72 46 29 50 90 67 99 22 37 86 15 79 51 43 57 48 19 35 35 30 33 10 45 91 65 5 73 40 88 21
3472 22 820 43 85 50 93 74 16 96 53 28 62 83 31 56 39 78 26 64 55 58 73 99 100 90 3 72 81 75 12 2 69 51 13 22 18 8 69 35 82 5 17 37 95 46 62
3473 22 617 20 10 16 78 82 67 29 23 21 53 4 47 64 5 11 7 80 84 24 87 52 98 74 33 2 90 48 36 68 45 50 45 78 16 25 1 36 77 35 40 60 50 3 66
3474 22 772 29 86 41 16 90 38 74 91 30 95 39 65 76 6 61 25 2 39 92 26 91 80 3 94 14 94 53 15 48 70 43 86 10 10 75 100 50 48 32 94 80 48 70 37
3475 22 840 9 46 38 99 90 16 89 69 70 34 34 15 48 63 59 42 68 4 74 19 5 73 61 36 67 40 36 88 77 96 85 66 94 74 81 34 2 19 27 17 8 26 79 66
3476 22 877 20 78 85 75 3 4 79 75 64 67 93 55 2 80 83 97 65 49 42 38 81 27 84 83 97 62 51 4 40 29 69 59 58 5 33 60 60 63 86 75 29 79 30 30
3477 22 737 58 12 78 74 12 71 64 45 97 47 79 93 8 29 96 47 9 16 57 66 73 41 77 32 4 62 7 32 92 88 14 50 51 43 75 15 38 59 10 36 37 55 17 2
3478 22 842 94 25 70 51 42 42 91 18 25 46 31 83 30 23 43 24 21 85 98 87 50 88 45 12 23 33 66 18 49 19 12 25 88 62 81 4 83 6 2 65 87 10 73 10
3479 22 902 82 9 60 68 11 47 12 22 69 96 39 39 96 57 50 20 97 63 85 77 18 19 34 19 35 22 49 22 31 73 83 12 94 31 44 40 65 61 89 55 99 84 48 55
3480 22 845 59 10 39 36 27 9 69 46 43 42 46 16 24 19 99 87 52 44 17 95 84 10 11 96 50 65 94 33 41 39 86 2 77 73 80 37 32 35 23 47 58 93 97 97
3481 22 747 44 41 65 38 76 75 71 76 64 64 61 90 56 99 27 9 28 99 40 64 17 47 26 91 94 35 83 42 31 26 82 96 15 9 22 14 79 97 29 94 9 18 49 8
3482 22 862 45 9 35 95 49 50 86 17 97 11 59 42 46 41 83 28 18 17 75 84 25 48 56 97 77 49 5 94 50 12 90 58 98 37 58 48 22 26 44 33 84 85 30 24
3483 22 753 19 9 93 35 84 76 60 83 24 15 79 100 15 36 46 64 47 87 74 45 23 83 44 45 9 87 77 92 58 16 41 66 8 76 1 36 87 84 59 53 62 59 67 97
3484 22 757 4 83 96 42 56 92 65 90 35 9 98 73 37 90 95 94 57 87 59 16 14 60 51 100 43 62 20 71 5 75 52 16 12 43 32 1 29 40 99 1 76 88 47 69
3485 22 858 44 33 80 59 47 91 62 98 85 23 2 40 94 24 96 20 28 47 87 39 41 19 39 69 58 37 69 86 76 15 6 19 48 85 30 46 75 43 43 59 65 96 51 10
3486 22 729 19 46 29 46 45 67 84 85 85 23 54 95 11 22 32 87 89 37 57 88 22 38 48 80 27 7 96 23 9 57 93 54 39 50 4 74 35 40 40 34 59 13 65 97
3487 22 815 1 2 5 40 75 43 24 22 74 51 80 70 25 88 78 69 94 15 7 43 18 33 29 57 68 43 90 33 86 33 60 91 85 48 8 58 50 39 79 26 57 95 72 71
3488 22 688 1 66 88 33 47 96 65 66 38 54 98 97 92 83 8 82 7 94 66 54 53 75 4 91 54 29 69 62 23 92 32 76 58 71 60 4 24 21 56 30 19 52 21 1
3489 22 707 59 54 4 19 12 56 45 67 47 98 96 67 70 59 42 97 68 64 57 23 82 32 43 37 13 61 40 33 50 86 23 54 56 35 9 1 53 7 48 74 61 70 32 54
3490 22 814 66 51 18 74 73 99 58 15 87 22 28 26 55 92 75 92 15 28 1 89 52 53 95 1 53 68 61 22 51 15 39 53 84 65 25 82 74 92 20 95 71 45 62 71
3491 22 732 45 28 51 44 80 39 95 33 85 95 5 8 58 7 74 48 60 9 64 36 42 37 27 61 84 97 57 84 11 79 28 90 29 23 70 19 17 2 4 64 38 60 23 47
3492 22 725 66 48 46 77 56 10 13 97 98 39 57 81 88 13 17 98 91 96 87 72 19 8 42 87 9 97 50 98 24 44 22 71 26 51 10 22 1 78 81 88 49 37 85 44
3493 22 597 75 8 14 83 49 1 43 46 2 41 1 26 36 74 96 77 24 74 79 85 95 79 37 25 11 24 18 11 12 54 6 87 61 20 21 10 72 63 7 25 3 7 91 33
3494 22 935 50 19 8 23 98 92 69 28 29 93 90 4 63 100 16 16 57 54 77 28 74 38 99 88 44 76 43 2 33 86 78 51 93 100 85 69 79 65 13 20 68 75 71 35
3495 22 688 91 28 88 19 55 13 8 6 1 51 81 43 4 9 27 42 87 29 34 86 70 6 59 34 19 31 2 45 35 28 76 5 83 40 12 88 92 14 20 34 28 60 11 14
3496 22 734 41 44 52 21 14 9 31 99 27 61 24 62 40 58 89 67 15 23 6 78 62 98 92 81 83 13 61 95 23 26 35 18 77 55 38 85 82 16 46 81 39 59 72 49
3497 22 812 47 38 63 22 44 40 83 93 16 75 95 76 69 69 1 55 87 30 9 69 67 46 50 82 91 83 21 49 54 69 92 83 20 87 74 3 79 57 70 5 3 97 26 72
3498 22 815 97 80 58 78 89 78 96 34 28 30 76 62 2 76 15 22 22 58 4 42 44 77 74 33 17 79 88 13 59 61 83 68 91 23 45 86 8 24 85 16 52 89 32 61
3499 22 617 92 25 5 69 72 30 53 88 8 92 52 63 50 12 46 69 2 20 14 88 28 89 54 10 26 22 20 77 10 3 37 54 27 93 74 98 23 78 82 70 88 45 19 99
