20 22 334 68 43 78 94 7 90 74 89 96 90 22 80 75 44 59 83 89 82 81 77 4 63 42 53 26 48 98 18 87 52 92 16 39 18 76 76 65 57 45 32 99 72 15 58
21 22 364 59 82 68 4 96 35 29 46 44 46 93 74 31 18 100 87 99 87 98 30 33 37 71 71 94 74 60 96 95 39 76 51 66 98 16 93 70 16 54 52 78 81 26 29
22 22 323 21 11 91 45 4 6 35 86 85 22 89 21 73 93 41 6 97 66 42 89 93 9 51 31 27 5 88 50 25 48 2 92 80 19 38 34 92 44 86 97 45 5 90 100
23 22 274 62 46 96 20 50 56 92 35 95 67 25 28 20 24 34 46 84 73 15 26 36 9 61 31 6 33 49 9 78 72 29 26 51 61 16 93 17 11 75 51 86 45 19 34
24 22 303 75 93 85 54 53 77 2 64 97 27 99 6 30 45 63 84 92 13 37 23 3 55 80 74 56 45 40 35 89 69 38 74 62 13 49 8 5 48 33 22 31 25 94 60
25 22 322 74 83 67 66 64 15 91 28 77 17 37 51 99 28 33 57 51 81 13 71 88 51 4 46 53 54 83 77 81 48 98 68 73 22 40 28 7 14 36 69 34 7 86 74
26 22 276 22 77 33 91 15 18 80 43 93 75 38 99 73 5 41 68 9 60 65 93 24 31 32 54 27 65 40 2 84 41 51 97 60 40 85 18 99 98 68 59 57 12 11 92
27 22 366 18 9 73 64 92 62 89 42 83 90 88 68 98 59 6 78 59 32 74 66 55 21 79 48 34 61 91 61 65 15 70 53 75 51 42 42 97 53 81 13 38 24 58 94
28 22 330 17 82 40 62 48 47 88 16 83 46 95 13 43 95 15 19 58 88 32 64 97 67 47 62 98 37 66 87 4 74 81 55 76 35 51 44 46 12 79 71 71 100 87 81
29 22 281 76 83 70 31 44 45 43 88 60 61 65 24 39 81 20 52 24 70 48 35 11 64 1 36 51 80 77 69 96 100 74 69 16 14 37 69 4 89 83 22 98 51 90 95
