0 22 373 77 35 7 76 95 9 96 15 13 52 93 35 88 75 92 91 74 39 32 99 100 2 57 24 53 37 29 21 34 58 94 78 98 38 72 69 83 50 99 19 46 68 60 36
1 22 314 89 87 21 89 70 46 98 97 96 3 65 24 44 7 3 28 6 2 95 11 80 54 66 63 58 49 20 66 88 79 41 33 69 40 32 6 46 78 75 6 19 71 77 55
2 22 293 91 95 1 13 46 17 72 90 10 84 77 1 51 40 8 67 82 65 15 62 98 33 21 90 66 80 2 49 89 12 78 15 61 100 32 52 49 86 92 46 95 35 36 42
3 22 288 54 36 77 33 89 84 7 80 75 1 10 75 98 12 30 32 52 5 74 8 97 7 28 50 99 28 55 68 94 31 14 7 17 62 90 69 22 73 4 91 25 98 44 93
4 22 253 73 55 78 63 12 46 4 20 40 65 52 22 58 70 9 76 31 99 35 58 14 11 68 11 44 67 75 74 47 52 26 11 11 74 91 29 71 87 72 83 80 25 23 72
5 22 237 71 16 30 80 32 17 28 29 72 10 34 34 7 4 18 67 9 33 21 61 14 51 73 69 29 66 75 46 84 61 6 73 27 99 88 71 35 41 13 2 89 51 96 80
6 22 247 88 2 13 27 12 89 7 49 41 47 6 58 97 38 17 82 74 100 61 72 53 74 28 68 48 9 87 35 10 69 15 42 77 5 94 85 16 13 75 31 20 11 52 89
7 22 260 57 30 15 60 96 74 18 39 24 93 34 31 91 20 72 97 93 52 29 66 9 45 76 70 64 49 59 74 10 9 12 21 98 23 14 27 53 49 7 98 63 29 49 17
8 22 316 31 20 97 68 62 60 42 73 8 32 41 29 60 21 86 87 54 9 70 70 2 29 67 89 40 2 9 39 81 58 52 15 96 100 77 11 88 28 43 62 66 20 93 74
9 22 329 34 90 66 49 75 87 45 32 61 52 68 38 83 11 57 9 41 48 100 14 10 25 54 57 89 94 26 6 46 84 51 65 81 21 74 3 48 33 82 69 90 33 37 71
