10 22 301 50 48 59 34 91 51 45 12 86 80 65 3 89 36 67 84 88 2 72 75 43 21 70 72 34 53 40 2 78 78 8 89 27 28 53 29 21 87 73 66 35 14 12 57
11 22 294 24 74 48 15 16 88 49 23 13 88 92 27 97 5 61 41 95 55 98 31 80 89 29 25 90 32 1 27 60 89 88 43 56 42 52 18 46 39 34 65 42 67 7 20
12 22 318 15 17 21 18 36 100 62 39 8 49 96 10 13 37 98 44 88 48 56 100 47 55 87 10 5 89 90 5 95 80 86 89 23 33 72 50 44 10 68 75 92 78 71 22
13 22 316 96 33 45 57 77 48 4 91 100 14 35 66 79 94 58 89 82 27 46 56 87 34 62 69 3 75 80 43 47 98 76 34 93 44 25 22 98 26 10 56 44 10 20 93
14 22 277 26 78 39 48 42 61 40 90 93 1 68 98 89 41 58 6 51 49 32 8 94 38 29 56 25 52 60 87 75 75 88 42 7 33 82 46 1 6 5 64 16 94 90 25
15 22 240 23 54 41 22 56 75 6 40 17 70 74 27 8 76 58 85 26 99 11 35 92 75 27 1 60 6 66 92 45 25 51 11 49 83 22 36 36 88 78 71 59 22 57 78
16 22 220 29 13 43 10 11 67 4 99 25 1 7 94 60 78 17 32 26 2 3 53 46 45 55 2 73 68 64 47 48 30 13 1 95 74 96 16 71 13 31 10 5 16 59 26
17 22 335 81 54 43 79 95 87 79 62 30 87 69 63 84 78 97 45 70 97 93 90 22 70 12 84 32 15 7 93 16 1 96 85 25 12 94 92 78 64 64 30 68 74 88 76
18 22 302 63 1 3 46 60 59 15 89 61 11 36 66 85 69 9 45 16 2 89 2 87 24 53 44 73 95 28 90 49 89 90 36 51 67 47 81 91 60 94 19 10 71 99 94
19 22 323 25 20 70 62 51 41 97 6 91 92 69 28 49 10 67 88 55 62 78 1 14 94 64 9 96 65 46 81 33 44 48 97 45 28 93 78 85 41 20 35 24 94 74 80
