80 22 347 62 3 92 66 84 95 100 14 67 74 51 73 96 14 99 66 20 88 23 95 3 98 17 76 97 19 38 27 87 74 98 93 90 83 88 48 59 96 55 75 18 45 45 26
81 22 387 94 74 98 15 99 58 84 76 48 89 79 73 90 46 45 3 57 69 12 36 92 61 100 96 49 82 95 84 87 34 62 48 97 97 72 11 22 4 1 79 88 75 80 37
82 22 391 79 89 98 97 93 40 67 35 64 82 91 91 73 83 97 92 99 65 6 21 82 72 96 9 28 47 75 27 94 45 90 21 40 5 68 75 81 79 71 94 70 60 4 37
83 22 336 74 3 64 80 92 35 94 28 76 49 37 44 69 53 55 11 46 37 16 82 86 46 88 24 35 91 72 38 99 4 97 95 68 29 33 44 32 25 7 33 75 68 30 96
84 22 363 27 9 31 85 25 87 92 77 98 12 91 29 95 63 94 23 97 7 61 70 46 11 32 30 96 12 67 53 89 56 81 57 5 69 29 86 66 38 79 73 64 89 90 47
85 22 427 55 99 97 27 98 26 76 76 90 72 84 93 85 3 68 31 60 14 95 57 99 58 96 85 94 43 44 9 51 57 91 83 25 52 88 5 86 63 81 5 59 73 89 27
86 22 374 89 59 30 15 94 82 85 58 97 53 66 53 74 79 98 7 80 97 92 23 50 91 78 76 27 30 93 76 35 34 96 82 22 51 84 65 41 20 64 86 10 78 91 58
87 22 357 84 9 34 12 42 29 6 90 94 100 75 44 67 70 97 33 58 30 92 48 78 69 87 73 74 52 90 21 51 53 99 15 96 95 36 24 5 3 86 46 77 39 1 68
88 22 384 18 15 83 53 77 11 90 50 67 1 91 77 86 32 96 98 43 59 98 90 72 31 99 48 85 37 57 3 23 49 63 74 78 79 88 70 60 22 68 6 74 21 22 57
89 22 399 94 41 99 75 97 69 89 10 35 76 87 75 81 16 71 56 91 33 78 3 37 78 95 94 61 23 77 33 67 68 25 70 86 59 68 75 75 29 98 82 3 26 82 55
