70 22 375 100 16 89 95 84 74 79 26 93 50 43 68 6 79 82 2 29 20 99 41 74 61 98 43 45 73 97 42 39 24 94 67 77 12 52 14 25 10 96 43 30 90 71 4
71 22 375 68 100 87 85 99 71 22 64 59 81 3 3 50 22 93 47 32 15 100 77 94 72 96 14 89 74 52 94 95 26 97 100 76 93 46 85 66 75 36 31 58 87 83 73
72 22 399 24 93 98 88 96 7 91 84 73 55 78 25 58 39 97 71 88 55 65 55 94 18 86 94 68 82 69 30 89 47 85 95 50 89 76 8 32 84 82 18 51 6 46 33
73 22 345 89 96 88 98 52 56 99 27 30 42 24 87 86 49 81 76 28 62 97 100 59 21 65 39 84 44 2 9 22 96 32 44 50 87 74 9 95 29 36 30 98 81 90 14
74 22 395 94 71 96 81 95 100 85 24 97 91 89 79 33 81 17 44 36 76 80 47 62 12 58 15 84 57 54 92 98 62 70 47 83 59 93 23 81 37 35 44 41 20 99 62
75 22 382 99 15 77 24 73 67 82 93 68 79 40 28 92 82 97 34 4 9 88 14 28 53 98 50 57 35 67 20 91 11 93 63 94 80 86 85 96 5 55 62 12 89 33 84
76 22 396 87 25 55 47 82 43 95 2 97 67 62 6 34 8 93 14 58 49 89 13 63 24 80 16 81 23 71 80 91 84 31 80 86 20 96 15 90 40 36 46 16 17 94 69
77 22 368 99 98 69 26 97 68 34 10 41 7 60 74 98 92 33 57 93 61 50 39 89 46 95 81 63 49 18 15 74 48 90 52 92 99 81 59 30 18 26 60 49 83 94 81
78 22 422 94 48 99 3 93 56 92 82 36 83 97 57 91 92 77 96 67 59 57 95 88 23 96 72 98 35 89 36 95 82 28 100 85 58 60 16 75 51 44 26 53 87 74 76
79 22 404 90 54 99 15 46 76 50 41 86 27 97 52 81 17 93 41 73 14 96 89 52 82 94 70 78 42 92 38 69 14 6 1 77 13 28 91 38 28 89 50 84 100 98 60
