40 22 351 97 69 79 96 100 63 43 89 5 46 56 23 17 16 98 16 91 80 82 61 80 22 93 16 2 2 37 69 99 23 92 95 84 13 58 46 44 95 14 23 71 26 62 95
41 22 349 95 61 53 11 88 21 93 82 100 28 97 45 40 77 55 70 71 67 72 97 65 23 34 27 50 29 99 55 78 98 62 8 24 34 27 45 45 41 61 82 36 40 54 17
42 22 327 26 99 87 88 19 44 69 46 90 58 66 70 85 76 38 58 68 48 60 37 30 21 20 38 80 94 70 3 81 51 74 24 83 80 10 8 97 86 79 62 28 91 49 55
43 22 362 98 11 90 29 99 11 47 61 56 43 93 22 65 79 94 91 55 4 26 64 2 85 85 63 18 20 84 83 95 92 78 54 96 18 51 33 70 10 63 41 33 89 50 94
44 22 352 28 91 89 13 36 83 45 55 90 63 75 42 85 79 58 77 94 91 40 85 73 71 15 42 84 12 96 24 97 54 98 10 88 98 91 32 29 85 72 34 6 79 19 89
45 22 337 50 28 89 28 99 81 40 22 98 87 42 79 58 22 19 100 83 79 72 25 48 22 95 86 66 78 44 48 13 47 60 95 92 86 85 56 18 53 28 70 97 79 54 3
46 22 361 67 78 61 13 95 45 24 9 97 20 66 48 94 31 39 31 68 46 37 53 91 1 12 25 64 50 54 35 65 13 89 65 87 18 63 10 29 48 58 6 99 10 85 68
47 22 357 99 33 79 8 87 74 95 94 83 79 57 78 27 65 71 80 90 26 38 71 96 34 44 73 42 18 23 91 65 70 49 48 94 5 15 38 89 85 46 81 63 81 77 84
48 22 345 88 48 33 30 94 48 36 45 41 74 17 33 48 43 37 22 89 62 93 10 83 5 77 16 76 50 10 54 96 91 99 96 74 84 86 43 82 14 22 40 18 96 84 95
49 22 295 78 57 93 62 91 54 61 56 86 50 47 47 24 37 2 17 98 36 6 74 27 59 99 20 63 4 48 32 42 28 65 69 73 86 92 97 1 8 12 39 56 82 17 93
