30 22 378 93 79 44 87 100 62 98 88 97 57 14 71 10 86 96 4 30 36 99 34 92 26 60 26 73 71 77 54 33 39 76 68 94 76 53 37 79 44 22 22 80 29 95 64
31 22 340 8 94 65 50 95 10 93 1 72 99 92 11 25 18 98 69 90 8 23 30 47 43 99 98 11 57 18 19 85 32 82 80 67 90 68 60 70 4 96 50 13 84 44 84
32 22 324 95 22 81 3 64 56 51 84 87 24 93 50 75 73 90 15 59 71 63 23 34 39 20 15 78 62 37 99 83 66 7 28 18 66 89 59 4 8 36 11 94 70 41 74
33 22 353 97 23 79 75 84 55 27 48 96 38 91 10 77 48 14 54 83 78 13 58 62 92 58 62 23 69 43 17 34 68 86 12 82 57 100 98 31 80 55 25 85 8 93 30
34 22 257 89 10 23 12 7 8 32 54 54 37 64 30 38 41 80 6 98 75 88 24 29 73 99 16 4 97 40 33 41 15 18 99 24 87 26 64 76 43 33 52 5 23 63 39
35 22 287 96 28 25 86 85 79 37 20 26 4 61 83 78 8 58 12 90 34 5 50 22 39 91 76 23 26 39 36 98 94 69 12 13 69 15 92 41 90 94 41 28 70 57 35
36 22 362 64 59 91 72 53 83 76 93 88 74 36 22 58 50 98 32 92 66 23 76 96 26 84 48 72 38 50 69 35 80 82 3 61 54 93 4 65 28 13 14 90 55 29 15
37 22 385 84 8 93 82 80 52 51 97 64 91 47 92 96 12 95 88 74 54 77 34 94 56 43 91 67 11 34 80 97 57 59 42 27 100 87 74 68 54 99 41 40 2 65 25
38 22 267 4 74 85 99 36 91 10 71 32 71 28 49 73 32 88 100 56 14 64 6 33 87 44 26 79 91 83 29 31 3 14 8 19 4 84 27 30 42 6 34 98 43 71 69
39 22 304 73 19 61 33 32 66 83 13 65 95 45 67 59 59 22 20 20 83 30 29 33 100 89 14 96 78 47 100 50 40 87 30 60 81 26 2 31 57 64 39 68 24 78 34
