50 22 360 53 12 66 84 26 2 56 50 5 97 40 15 34 55 61 70 100 49 44 3 72 43 96 44 94 90 92 82 99 62 89 71 68 77 81 59 62 69 64 81 59 62 82 97
51 22 324 80 77 70 70 53 95 15 98 96 82 99 52 100 60 93 97 37 93 78 18 28 96 84 43 46 44 50 53 98 83 38 42 88 49 42 6 49 71 19 85 10 41 23 83
52 22 303 31 48 33 8 18 48 81 88 69 37 83 62 26 74 27 73 48 6 71 79 99 90 95 87 17 8 96 97 2 41 28 80 98 73 49 42 91 32 46 23 60 38 47 55
53 22 361 96 12 69 68 19 63 90 66 88 52 70 99 3 52 35 32 62 22 32 22 87 13 63 98 84 89 25 16 81 12 7 48 91 48 97 71 83 83 85 6 99 66 80 66
54 22 378 13 86 56 50 75 63 97 50 91 30 63 96 79 60 66 54 86 16 36 37 73 72 84 11 72 79 49 15 67 41 93 18 88 39 37 15 8 94 95 88 87 12 99 93
55 22 330 11 12 74 24 87 24 5 89 51 18 37 81 96 30 95 86 46 50 62 91 6 38 68 83 52 89 15 19 83 72 85 25 77 67 97 31 72 83 43 8 94 83 64 75
56 22 349 39 43 99 92 96 66 79 20 3 35 19 84 40 28 49 44 91 21 92 68 83 3 74 32 5 44 94 64 62 65 76 82 71 70 90 75 64 12 22 40 66 33 84 97
57 22 344 20 74 49 83 93 61 92 27 84 68 95 60 12 76 96 70 56 37 68 19 17 91 82 7 42 43 71 59 58 11 36 75 74 83 55 31 86 21 99 44 27 57 66 97
58 22 377 59 63 83 70 17 21 88 44 89 40 86 11 93 77 95 24 34 74 16 46 96 66 69 85 64 57 70 8 91 10 92 7 68 77 78 52 60 3 45 36 42 78 74 71
59 22 321 87 45 2 71 99 99 72 3 11 98 22 22 53 23 82 81 17 89 44 81 23 35 68 77 93 9 86 19 90 13 98 63 81 40 85 73 58 79 71 23 4 57 40 80
