60 22 427 98 60 58 60 92 49 73 50 100 93 91 62 79 83 90 3 52 90 87 72 43 98 76 36 89 63 99 76 70 56 77 64 71 88 50 68 86 40 96 98 97 92 37 23
61 22 359 50 44 85 37 17 14 100 86 53 29 94 26 13 93 99 30 96 33 91 76 98 46 60 24 92 17 90 77 20 25 5 32 95 8 26 40 18 12 73 26 89 43 74 50
62 22 355 71 23 35 21 78 79 72 35 87 19 93 95 98 90 19 7 88 60 80 35 99 69 52 59 16 63 23 41 40 41 70 2 95 49 65 13 3 88 96 20 94 84 49 82
63 22 351 98 83 99 6 36 39 10 41 78 91 93 29 95 73 91 13 56 51 22 26 66 90 6 3 92 57 68 97 71 53 4 63 97 42 94 11 96 38 90 46 33 38 11 79
64 22 329 98 25 31 63 70 93 54 2 96 79 72 33 2 89 39 63 25 32 75 22 82 22 74 54 81 12 9 92 26 60 93 84 90 36 99 37 95 74 50 80 23 12 34 50
65 22 406 12 34 69 64 83 12 87 42 88 48 99 74 90 69 38 78 81 64 93 10 23 87 98 72 59 16 56 18 96 97 94 63 97 7 86 54 66 56 63 47 70 45 79 40
66 22 397 66 51 75 14 77 91 96 53 86 89 99 29 73 23 30 17 44 27 90 22 13 40 89 22 65 77 94 56 85 44 72 37 84 56 78 87 98 47 69 76 80 90 25 2
67 22 351 96 73 85 22 75 36 83 45 68 81 45 83 36 4 62 12 54 20 98 9 99 72 94 16 97 64 1 20 49 2 51 46 37 16 95 6 93 66 33 68 47 3 7 19
68 22 355 88 34 73 87 90 36 99 15 49 59 66 83 85 89 82 18 35 46 61 82 93 24 28 62 74 6 80 47 13 26 86 2 97 83 64 92 84 27 32 29 11 31 30 44
69 22 372 40 52 90 73 91 52 93 19 92 96 99 18 68 15 3 8 95 91 69 63 86 64 72 67 11 57 48 72 66 93 98 46 83 19 96 8 75 93 81 73 1 94 31 5
