1000 22 273 89 29 17 131 10 15 9 114 49 144 37 77 95 75 58 23 14 52 2 144 82 131 78 70 61 44 60 1 22 79 32 93 90 147 43 35 33 69 79 7 50 138 83 145
1001 22 282 71 66 33 148 37 32 97 75 96 150 49 126 31 82 18 22 28 61 57 11 81 37 19 118 23 150 67 12 35 114 83 150 82 36 29 118 56 16 84 54 41 66 11 139
1002 22 230 14 21 97 26 3 134 45 70 58 146 39 20 30 2 52 131 49 135 69 28 33 20 38 138 12 5 22 22 95 137 44 142 13 47 27 9 66 34 4 56 53 84 57 56
1003 22 274 16 56 41 34 35 45 38 17 14 127 54 125 81 27 99 26 13 142 19 77 40 95 85 108 28 89 33 74 70 40 89 27 80 73 61 26 10 79 39 139 84 116 69 10
1004 22 228 14 46 74 57 51 147 10 85 4 140 75 18 48 87 13 37 15 145 61 77 70 22 5 11 88 126 31 49 41 76 23 97 92 25 45 103 11 98 42 86 68 65 33 104
1005 22 307 80 21 71 124 33 97 93 7 54 3 16 43 98 92 20 76 67 69 92 63 2 63 65 137 30 131 72 85 10 44 55 135 77 104 78 133 9 32 50 51 62 50 94 33
1006 22 286 75 61 51 43 52 14 15 4 76 129 92 5 62 13 89 23 7 96 8 85 99 37 69 57 18 18 59 31 17 105 64 93 65 14 35 117 79 2 22 4 80 63 10 43
1007 22 243 76 149 16 34 46 73 68 44 59 86 2 78 5 62 74 16 81 139 3 49 18 104 70 123 35 132 33 80 9 83 95 142 28 119 61 23 27 96 54 3 87 14 26 3
1008 22 302 37 93 83 128 47 133 45 102 52 69 89 85 51 68 94 85 62 87 64 30 48 86 8 95 61 63 100 77 24 52 65 119 36 42 67 118 88 69 21 57 57 5 9 124
1009 22 271 50 144 37 37 57 18 36 45 25 130 7 87 29 6 65 4 59 130 24 94 73 141 63 61 83 19 67 38 27 42 89 122 78 75 81 145 60 27 19 142 33 7 22 139
1010 22 321 72 25 97 103 49 93 25 39 5 137 40 5 67 79 34 108 57 85 44 87 31 105 15 51 96 148 59 117 38 30 94 36 82 92 80 59 32 137 95 82 76 102 98 54
1011 22 278 87 105 72 143 41 15 32 123 70 146 23 117 45 131 86 82 63 29 20 96 99 4 3 35 1 36 62 52 83 17 40 39 39 82 79 5 13 3 74 111 27 143 55 109
1012 22 283 28 139 21 58 60 19 29 108 74 33 45 24 68 106 27 100 73 66 88 113 48 18 67 112 22 143 35 31 6 14 69 29 71 130 47 149 37 120 81 33 46 98 91 22
1013 22 276 49 13 38 86 77 137 5 143 26 135 73 21 6 80 34 126 8 104 54 93 71 33 16 144 81 80 83 118 72 150 35 46 7 3 55 91 78 12 96 82 68 100 74 145
1014 22 285 35 149 67 68 66 110 95 145 68 100 65 91 52 35 92 136 82 14 44 134 18 86 11 132 84 94 51 33 47 119 38 84 24 38 28 118 57 80 83 97 31 69 3 104
1015 22 270 63 138 23 49 99 106 82 94 8 66 11 104 84 79 18 24 64 144 43 13 19 24 97 117 56 116 7 123 20 10 86 107 34 36 57 142 17 51 61 53 91 72 42 4
1016 22 278 15 54 49 130 22 122 26 139 78 43 97 2 62 106 89 119 41 24 25 132 92 125 83 75 88 87 42 130 8 85 36 125 39 134 4 62 57 129 2 134 72 48 86 33
1017 22 278 5 26 53 46 50 30 29 141 56 113 18 43 49 59 25 57 45 110 31 33 95 36 51 14 48 37 37 146 74 120 99 74 47 50 3 128 93 9 90 60 39 20 77 97
1018 22 218 64 38 29 149 34 64 93 137 79 40 25 66 37 148 87 148 10 133 48 113 12 42 23 102 1 125 40 120 4 88 35 143 66 83 77 17 57 19 41 72 5 88 8 143
1019 22 299 85 70 28 34 34 39 75 106 40 77 82 131 46 87 20 33 32 85 65 12 63 94 72 112 68 145 18 107 55 111 93 124 88 127 9 26 51 64 30 97 86 70 59 67
1020 22 270 4 26 80 19 69 7 42 80 26 86 99 132 59 74 65 46 2 123 24 55 88 93 34 87 44 60 22 13 19 140 94 119 89 62 75 132 43 52 17 141 33 109 52 8
1021 22 330 75 49 60 50 72 14 87 16 97 125 8 146 74 126 85 144 71 5 84 84 31 15 26 82 34 19 14 144 70 24 83 119 94 48 9 46 82 20 53 30 46 79 66 141
1022 22 232 49 71 77 133 1 143 10 33 26 80 48 21 71 91 5 111 64 2 18 74 99 2 96 52 81 143 30 148 33 80 68 59 14 71 54 26 3 79 7 52 52 10 25 144
1023 22 277 82 129 4 147 83 124 20 131 25 117 84 57 59 115 6 92 95 24 52 60 94 5 87 98 36 144 1 39 5 75 32 136 40 10 53 72 56 144 78 120 50 21 66 25
1024 22 221 25 28 68 31 64 117 9 69 6 113 44 39 50 1 76 131 92 85 84 13 23 3 70 16 32 92 15 103 7 41 29 34 8 9 26 77 60 95 34 23 40 123 22 42
1025 22 274 50 55 83 34 88 47 58 42 19 124 73 110 90 127 18 31 5 104 66 53 68 144 12 14 27 36 3 101 10 96 14 130 86 53 76 93 46 96 70 55 60 147 75 40
1026 22 264 3 78 31 70 32 100 13 45 92 81 67 142 12 42 57 91 79 59 19 21 54 114 91 125 21 50 95 141 76 24 5 23 60 99 35 101 81 2 42 22 65 35 28 106
1027 22 251 65 138 26 36 93 139 28 68 61 27 40 57 67 17 80 89 14 134 73 135 48 75 15 51 68 139 3 68 20 117 6 45 4 50 86 31 69 98 59 109 5 27 75 84
1028 22 270 16 138 20 128 12 104 27 36 54 58 92 108 76 63 26 83 60 82 34 147 64 53 94 123 11 98 99 37 66 77 53 46 40 58 72 126 77 51 31 87 42 140 14 6
1029 22 238 15 46 67 46 31 63 60 33 9 84 95 6 32 132 39 150 43 45 99 100 18 76 77 68 58 65 61 97 28 69 14 73 35 9 55 100 20 138 53 82 37 115 6 36
1030 22 315 76 98 32 25 1 2 28 119 60 142 81 108 69 99 71 143 36 132 47 85 3 84 94 108 68 58 44 84 65 81 13 114 86 114 64 137 91 34 98 32 56 50 78 42
1031 22 295 48 59 38 134 12 124 77 71 91 87 14 124 1 46 85 115 61 70 28 74 57 118 60 54 49 74 88 139 99 129 71 10 4 50 32 44 97 69 42 4 53 104 73 82
1032 22 306 30 31 50 89 87 100 12 47 51 35 92 88 84 122 61 45 75 112 77 70 99 123 39 136 67 44 90 120 18 124 1 49 23 39 85 24 52 81 25 3 68 67 40 53
1033 22 273 88 2 99 13 63 77 82 111 72 149 18 15 89 33 61 90 33 35 30 69 11 132 35 134 51 125 39 29 71 103 41 97 34 102 48 58 52 67 22 41 6 6 47 40
1034 22 250 38 76 8 100 57 9 87 92 28 87 19 150 27 147 70 31 37 18 17 140 66 24 41 132 47 32 39 55 35 135 94 74 13 104 76 71 12 12 65 89 50 33 77 29
1035 22 311 59 109 67 27 75 109 94 98 1 27 47 84 66 51 18 2 46 144 14 149 69 35 10 132 99 101 31 33 90 59 63 99 29 27 92 39 70 92 96 88 73 63 38 43
1036 22 263 15 33 88 28 34 6 14 95 37 114 95 19 96 135 78 10 85 95 39 11 38 129 82 29 68 29 18 43 42 57 35 6 22 85 75 79 1 19 17 64 64 135 12 100
1037 22 244 12 121 84 58 11 146 96 40 29 76 9 59 94 53 50 150 87 57 41 60 44 117 40 144 36 6 59 101 43 70 6 93 85 64 5 82 38 105 20 31 7 20 83 46
1038 22 278 78 125 57 21 42 47 16 77 4 25 79 146 96 128 90 64 19 45 47 129 40 8 66 144 77 149 53 98 31 98 76 107 6 148 98 52 26 6 3 37 83 106 27 46
1039 22 247 76 71 92 4 60 99 22 6 78 22 10 125 4 109 2 110 64 100 66 65 35 73 6 91 25 44 73 133 72 21 58 94 14 64 56 15 87 111 8 70 63 28 20 122
1040 22 270 91 119 31 58 85 18 30 92 8 7 87 30 41 9 50 100 2 64 15 57 78 1 69 21 60 40 38 22 17 107 96 110 77 76 19 61 43 101 54 102 7 91 82 49
1041 22 316 51 83 48 102 98 63 61 27 15 129 47 27 19 135 87 91 95 148 18 123 69 30 67 69 36 69 75 128 2 73 78 34 72 131 82 86 93 10 53 72 7 129 92 93
1042 22 283 78 30 35 125 80 54 97 48 34 115 16 121 83 42 48 134 66 127 20 39 9 53 75 102 12 77 70 107 86 147 47 60 50 58 25 85 73 42 55 107 33 54 43 150
1043 22 278 30 62 39 91 66 13 92 77 91 116 47 97 83 58 32 131 56 144 59 8 51 133 75 25 99 82 4 74 9 86 37 47 76 52 11 67 1 84 86 130 46 143 23 104
1044 22 290 50 76 39 92 65 42 33 73 95 8 83 130 44 29 55 147 73 27 91 56 54 37 21 139 19 119 84 93 22 33 70 112 26 22 76 67 51 14 62 133 43 7 6 52
1045 22 232 22 82 43 78 37 131 98 78 1 18 11 44 90 143 15 103 21 36 29 137 79 52 3 111 95 111 24 146 16 128 17 149 70 94 36 52 44 113 53 11 73 98 52 117
1046 22 278 12 105 87 148 85 76 89 113 27 93 25 73 53 149 68 121 28 85 19 47 30 56 48 125 52 38 92 99 39 109 13 45 45 110 79 70 93 99 42 18 71 46 18 89
1047 22 314 18 147 75 89 93 56 94 42 81 12 44 68 53 44 58 13 56 53 8 17 83 129 66 26 29 9 45 150 57 64 90 24 10 116 62 4 71 106 51 19 40 20 73 86
1048 22 290 28 86 91 80 95 108 62 123 75 139 2 34 85 3 42 48 94 65 59 9 77 12 79 34 9 132 52 150 51 124 35 28 11 78 5 35 23 78 61 111 31 46 96 135
1049 22 221 87 45 28 2 4 88 30 117 18 15 27 149 68 127 2 143 61 79 54 138 40 58 24 112 85 72 69 132 19 3 16 82 22 121 3 87 39 117 64 87 86 92 38 128
1050 22 279 54 119 81 42 8 41 67 121 77 103 92 96 85 13 5 28 34 78 48 54 80 136 98 101 83 42 18 10 46 138 43 39 97 33 7 117 9 60 61 106 23 8 2 2
1051 22 333 91 79 51 44 58 36 88 5 89 68 32 87 50 129 75 142 17 71 76 26 37 137 48 94 82 72 83 73 93 111 23 89 70 60 43 114 80 29 65 58 5 59 77 76
1052 22 269 84 2 15 122 88 14 66 71 35 16 3 59 9 115 81 149 92 24 11 90 18 124 71 98 38 30 53 98 6 80 82 59 94 53 48 9 70 18 45 36 22 53 46 38
1053 22 266 35 94 23 126 69 33 65 36 6 37 33 46 17 85 93 124 16 126 61 81 82 69 2 63 37 123 34 63 99 29 85 127 47 118 84 25 80 117 22 98 53 17 21 19
1054 22 322 92 5 81 124 89 50 74 40 14 12 64 31 96 126 11 7 73 28 50 6 54 131 72 76 28 127 42 50 97 135 55 27 59 143 84 84 45 147 24 42 4 116 83 111
1055 22 307 90 112 62 45 67 92 69 42 45 133 68 143 74 19 78 68 49 61 51 92 57 148 65 99 70 118 66 54 80 5 17 91 83 84 19 127 54 115 11 124 7 128 47 28
1056 22 254 7 65 28 67 17 69 24 114 33 72 35 50 89 90 32 93 58 74 93 143 12 119 11 78 79 134 37 9 83 16 15 149 43 134 65 61 57 131 80 17 94 18 25 12
1057 22 236 64 99 54 6 58 17 76 18 47 5 4 83 15 86 98 79 34 90 62 100 2 70 80 44 1 97 89 120 3 64 81 118 14 87 26 123 55 103 42 1 7 95 35 73
1058 22 285 82 134 2 15 75 115 65 26 37 96 19 39 92 108 9 146 73 41 16 38 79 93 60 34 45 103 86 54 98 123 76 129 56 127 46 81 44 10 6 132 57 77 20 49
1059 22 293 36 80 94 60 21 111 97 51 53 8 84 98 60 72 1 59 46 126 88 51 5 135 83 50 89 31 2 117 50 100 52 130 96 111 56 109 9 116 6 127 61 58 86 106
1060 22 278 33 125 58 89 9 91 88 4 81 70 7 97 72 57 53 102 10 54 59 20 57 67 37 96 24 13 8 31 50 113 66 126 23 106 86 13 94 41 95 65 98 141 6 92
1061 22 242 38 109 3 93 67 22 86 58 47 59 22 105 42 124 19 107 1 41 12 137 55 57 77 149 72 76 91 109 31 132 39 134 89 106 7 40 16 137 51 40 93 142 13 111
1062 22 278 98 13 4 62 51 8 70 78 7 43 5 99 2 86 81 98 74 116 88 81 25 78 21 90 66 24 10 15 93 120 65 108 75 128 8 83 47 137 91 40 92 89 41 29
1063 22 279 71 40 52 89 27 85 13 56 7 4 23 130 85 82 45 129 61 138 78 38 98 110 84 34 91 15 57 63 6 61 1 33 95 65 90 101 21 63 31 57 44 127 37 97
1064 22 318 87 75 25 74 72 84 59 57 86 134 28 148 42 42 54 52 93 38 48 9 27 49 81 141 31 87 35 7 74 81 95 150 57 70 23 93 80 61 18 7 61 12 98 116
1065 22 336 65 142 3 63 81 111 83 72 43 72 58 101 97 90 45 146 47 16 70 139 93 50 68 4 26 16 31 75 95 119 85 107 23 17 19 5 88 11 76 97 63 124 87 57
1066 22 285 19 83 72 90 73 67 90 40 22 59 17 137 39 141 69 85 11 53 92 83 62 140 9 125 5 137 41 41 96 111 75 69 51 147 35 92 38 106 54 144 97 12 74 109
1067 22 267 66 67 92 35 79 31 95 103 49 51 89 139 94 34 68 103 50 67 41 4 45 142 10 140 33 8 52 56 16 117 23 59 3 3 91 99 5 40 28 45 29 29 12 133
1068 22 259 80 30 71 72 86 117 63 145 57 145 4 10 53 19 28 127 30 133 79 120 31 135 11 132 91 26 7 19 90 91 1 19 12 72 56 28 87 150 33 53 45 35 24 73
1069 22 257 63 103 55 41 24 135 75 35 19 104 25 44 12 95 85 3 45 6 16 69 11 143 13 29 87 17 92 47 86 46 1 129 20 138 53 106 56 8 82 101 22 28 88 124
1070 22 272 75 145 89 93 5 133 97 119 63 135 86 38 10 79 36 46 25 139 74 46 26 78 53 33 88 84 35 109 11 24 34 37 68 124 79 75 6 77 93 71 14 80 23 9
1071 22 274 45 70 35 35 43 80 10 73 34 94 60 117 81 70 29 54 53 16 22 26 96 146 83 123 90 5 36 20 64 58 30 61 28 16 7 96 52 57 32 126 76 86 93 59
1072 22 247 5 139 56 40 63 45 94 98 16 110 7 97 70 86 12 16 60 108 24 55 37 76 14 34 59 139 96 69 4 54 73 94 61 62 6 8 58 53 25 117 62 122 88 149
1073 22 291 33 53 58 93 29 65 56 78 65 14 68 126 10 36 79 115 61 123 28 74 80 85 81 85 9 47 96 132 34 146 67 39 59 67 22 39 1 53 87 68 78 146 63 116
1074 22 304 83 90 39 112 74 120 96 34 18 43 16 2 89 132 42 44 92 8 65 130 81 17 33 117 84 112 15 89 70 27 6 104 66 145 91 16 13 126 85 56 36 146 24 77
1075 22 290 91 115 36 7 45 116 23 29 35 106 90 149 97 112 77 52 15 94 98 32 65 45 11 150 52 54 37 147 66 139 44 1 95 90 69 69 68 55 26 9 3 74 20 31
1076 22 256 76 87 24 125 18 9 90 12 21 139 13 124 75 61 3 40 51 98 93 147 37 13 65 56 67 43 64 21 16 86 91 22 26 66 39 84 57 53 4 95 17 30 80 132
1077 22 240 13 30 29 107 27 17 69 91 72 87 85 37 7 1 74 7 43 45 34 110 86 67 66 40 12 6 53 135 84 149 15 14 5 43 32 125 83 3 11 70 42 17 20 115
1078 22 242 25 62 62 58 72 147 26 139 88 49 1 93 2 35 30 37 33 96 53 39 84 13 22 89 23 91 80 141 60 144 15 124 55 24 45 103 49 133 40 149 85 35 21 16
1079 22 309 91 105 61 43 93 98 78 5 21 66 79 112 95 119 73 141 83 146 58 140 75 141 7 11 27 58 32 92 98 136 4 92 29 103 70 35 24 135 64 85 9 122 67 5
1080 22 252 18 24 96 117 82 122 60 40 33 86 99 14 30 147 51 33 40 81 88 59 16 11 46 31 47 77 14 5 48 130 9 115 56 107 34 39 78 45 28 60 26 125 11 124
1081 22 302 28 46 14 8 83 74 25 145 19 55 91 147 69 47 94 150 58 61 7 64 96 145 40 124 53 21 52 129 84 75 56 79 90 64 13 14 38 57 34 45 99 81 65 145
1082 22 256 26 116 4 86 23 119 83 119 12 72 43 114 95 44 92 28 70 148 56 110 13 18 75 102 76 10 46 74 40 60 20 116 78 26 53 150 44 36 55 9 14 20 7 14
1083 22 281 32 129 13 89 40 25 58 14 26 35 73 24 65 135 30 130 62 5 34 113 48 71 33 3 46 74 36 105 37 20 85 149 24 23 68 39 51 52 77 110 91 8 95 142
1084 22 237 36 94 64 70 48 43 18 72 81 72 8 150 6 59 9 81 33 78 69 85 80 133 60 93 62 72 35 19 45 131 32 74 26 2 74 120 50 92 4 1 99 64 10 129
1085 22 271 97 87 99 131 68 33 43 60 44 14 46 63 8 126 76 89 52 103 42 75 75 110 21 126 3 124 77 1 40 136 31 136 74 81 18 92 64 110 53 7 23 49 30 76
1086 22 275 97 121 27 1 62 101 75 124 71 101 26 147 79 86 64 9 73 87 42 140 30 105 2 133 63 124 33 134 6 8 32 28 35 84 39 37 59 112 60 9 40 56 87 68
1087 22 262 43 100 78 67 38 119 56 18 75 57 2 138 33 134 73 140 93 106 67 129 39 5 16 97 19 75 57 108 32 143 27 126 44 54 92 82 23 149 49 49 8 150 86 92
1088 22 206 35 110 81 77 17 97 6 6 51 71 4 21 47 63 30 130 55 106 7 101 60 48 32 84 48 32 82 107 33 18 98 117 29 128 45 146 24 150 1 77 22 56 20 118
1089 22 233 77 101 75 82 7 25 91 56 8 76 4 41 58 110 23 127 60 141 5 37 85 150 61 137 2 37 10 35 32 127 3 145 39 127 87 94 86 63 49 26 20 11 50 96
1090 22 262 70 92 52 8 79 2 18 117 55 56 76 114 93 107 5 39 95 49 29 124 88 124 11 150 75 89 21 87 16 6 82 19 15 60 20 85 27 140 3 42 32 62 86 37
1091 22 291 52 31 37 130 6 74 5 66 25 29 45 115 94 12 72 77 31 87 86 102 71 63 80 62 67 72 46 78 7 34 79 89 70 110 96 146 15 14 93 69 60 14 30 83
1092 22 222 40 12 69 127 14 91 89 45 5 56 18 150 35 77 15 104 23 113 1 37 26 23 82 96 41 91 60 20 75 101 96 78 47 86 68 91 42 125 9 41 10 35 25 123
1093 22 304 51 131 97 115 33 134 42 55 67 88 47 109 99 67 49 150 28 28 48 16 96 38 7 20 98 150 31 134 74 105 37 6 2 101 91 87 43 145 53 82 44 63 80 10
1094 22 211 95 130 61 25 8 8 40 53 45 96 24 145 55 128 21 9 16 28 12 117 68 48 11 15 2 42 64 123 19 61 79 85 9 86 63 32 39 78 93 108 3 123 17 67
1095 22 268 91 37 64 101 1 18 44 60 81 16 78 141 20 58 75 30 45 100 43 76 23 31 6 90 25 13 29 29 35 147 85 111 37 128 74 96 10 141 84 77 90 78 32 56
1096 22 279 51 64 11 140 88 123 20 16 9 18 63 36 5 123 16 41 52 139 89 111 79 113 13 41 97 40 30 126 81 70 76 141 61 65 65 132 32 24 99 144 3 18 78 96
1097 22 280 19 118 84 130 49 148 92 39 44 33 70 22 2 132 52 23 9 43 83 25 7 114 6 132 65 52 95 17 72 112 38 40 97 119 90 145 12 128 40 47 47 61 48 30
1098 22 287 63 121 40 57 5 14 15 119 19 147 83 122 93 51 41 114 30 55 11 148 94 55 9 23 95 5 21 5 55 100 77 141 75 31 4 90 51 75 88 33 96 30 86 138
1099 22 338 43 50 17 100 10 14 93 67 75 18 11 81 88 67 87 38 86 65 78 62 96 84 53 48 60 40 31 7 19 118 95 114 67 11 65 126 77 109 44 101 76 104 83 64
1100 22 253 73 70 3 60 84 30 21 131 65 24 29 74 11 133 36 128 77 49 96 137 23 63 67 65 49 120 12 94 69 64 53 4 45 26 87 62 51 117 37 65 19 150 6 145
1101 22 252 50 51 34 14 75 148 39 41 13 87 12 50 56 132 63 61 87 9 86 73 20 88 57 2 67 27 4 124 22 55 76 55 19 101 2 7 91 16 95 53 29 44 11 62
1102 22 250 58 21 99 66 8 73 88 95 14 46 96 80 22 51 56 93 31 49 26 131 3 134 24 18 28 128 49 73 60 130 10 10 47 17 85 134 11 148 29 109 61 84 97 16
1103 22 226 67 46 93 147 26 72 5 50 27 39 79 108 1 90 17 74 38 130 21 119 90 50 73 50 85 19 18 51 14 110 50 13 88 21 32 142 22 50 19 63 28 26 13 18
1104 22 249 32 31 43 72 12 64 92 51 65 114 3 49 72 2 98 33 1 12 20 23 45 64 97 145 82 109 74 59 73 43 41 105 36 14 17 1 5 119 15 68 23 115 51 44
1105 22 321 66 48 79 66 62 148 89 56 61 37 52 94 45 128 55 69 70 147 73 107 60 39 7 114 10 23 83 82 88 33 26 103 33 104 19 94 53 9 99 116 95 3 59 91
1106 22 270 80 15 11 51 83 8 22 24 64 87 33 137 19 14 76 104 41 128 36 46 98 29 1 108 79 66 54 81 44 60 6 111 3 39 70 25 85 13 96 73 32 111 48 135
1107 22 256 4 76 22 1 25 150 51 133 80 16 86 61 92 82 72 134 87 34 27 53 62 90 38 25 37 10 58 50 10 144 3 85 65 5 61 16 56 143 45 121 31 107 14 12
1108 22 240 81 47 50 64 35 77 69 98 18 8 74 7 67 131 6 78 26 60 12 42 64 75 7 19 17 104 42 147 10 142 56 10 8 42 88 126 89 55 33 13 63 51 45 18
1109 22 264 79 123 42 14 95 116 23 15 35 128 6 133 89 115 43 133 20 104 92 111 41 19 1 47 3 13 60 5 82 58 77 95 4 94 67 68 80 96 26 63 37 140 55 69
1110 22 319 9 110 12 71 52 130 21 148 84 136 59 88 95 40 23 78 99 101 72 52 96 141 69 26 86 144 88 22 83 94 42 93 53 5 63 56 55 119 19 14 65 105 31 142
1111 22 282 53 83 15 4 28 55 74 53 43 18 90 116 2 135 10 47 87 66 59 144 52 44 49 122 64 14 80 78 68 10 71 70 42 36 25 22 98 74 36 67 66 104 19 100
1112 22 274 65 15 39 80 25 32 81 71 80 3 34 143 32 64 60 144 36 81 87 121 55 8 15 105 50 21 97 53 91 48 17 107 86 147 18 79 4 97 83 39 42 117 2 3
1113 22 303 60 38 84 148 10 138 6 74 94 139 26 15 37 128 57 134 47 116 22 145 99 89 75 2 87 108 90 78 24 44 33 85 16 82 42 105 89 18 77 93 65 115 72 121
1114 22 270 1 120 86 122 66 34 60 141 37 48 98 29 78 73 22 10 7 54 25 140 47 29 79 66 58 43 72 32 16 24 51 53 45 17 89 106 57 75 53 6 3 82 30 76
1115 22 297 91 38 81 67 77 80 48 5 95 26 14 3 21 35 86 36 8 86 88 104 4 76 59 10 53 61 17 57 93 98 35 135 85 65 2 12 94 49 68 41 26 131 45 96
1116 22 260 17 30 33 26 65 23 79 119 37 30 52 150 49 11 44 96 45 80 31 11 5 81 11 45 9 94 89 106 60 70 39 36 34 11 66 54 62 5 86 114 54 134 76 99
1117 22 256 31 70 78 113 30 61 56 136 43 69 82 1 62 122 57 21 91 147 8 127 74 30 18 28 15 83 33 50 10 83 83 79 95 61 22 53 48 115 21 30 67 34 3 25
1118 22 243 6 94 21 64 70 79 39 1 99 16 18 33 50 19 43 82 51 23 98 135 65 100 33 31 72 14 5 66 26 12 61 46 75 32 27 63 77 130 2 9 31 20 3 112
1119 22 278 73 126 7 122 62 23 94 105 44 9 5 150 27 130 61 37 28 138 21 104 52 55 30 134 6 140 64 127 93 28 51 120 86 22 31 58 77 12 39 135 66 40 96 103
1120 22 307 23 90 72 28 93 126 9 76 33 148 42 59 90 19 62 59 54 33 13 79 66 76 67 52 91 9 65 38 11 16 12 102 87 41 44 62 99 120 94 47 63 104 38 31
1121 22 294 65 97 36 50 38 50 30 105 25 96 6 67 56 70 57 116 85 118 69 21 11 13 84 109 34 127 5 46 33 43 78 149 91 15 98 78 64 77 82 38 75 89 54 80
1122 22 248 61 110 48 47 30 66 20 40 80 103 13 132 57 58 64 51 37 14 41 101 62 70 40 3 3 16 91 109 70 95 51 62 19 40 94 21 42 106 4 98 66 69 2 83
1123 22 288 88 5 96 59 70 85 11 23 1 53 81 98 8 2 94 107 53 57 25 94 97 85 58 53 32 73 71 29 76 53 18 32 28 102 35 90 24 87 43 6 86 150 57 81
1124 22 309 8 61 37 84 55 39 32 89 46 134 73 20 51 47 59 121 29 59 48 30 45 38 31 82 62 118 33 20 98 140 86 125 74 56 25 71 90 149 96 102 89 104 72 19
1125 22 294 64 71 48 108 8 4 90 91 15 107 75 134 54 114 14 90 40 50 65 46 27 36 35 25 77 130 26 117 49 135 99 20 84 58 79 87 22 51 56 146 87 112 62 52
1126 22 295 53 1 54 67 46 30 4 32 6 83 61 134 49 48 32 86 98 3 69 55 82 106 55 58 62 100 94 73 11 98 27 112 51 45 57 130 99 39 87 33 1 120 83 148
1127 22 344 54 68 97 106 37 102 89 94 57 143 53 118 93 47 92 105 96 18 66 146 13 125 75 13 15 13 45 67 83 27 67 86 47 13 43 135 84 78 23 26 80 42 70 78
1128 22 298 84 125 73 53 42 118 65 118 44 127 82 7 23 1 91 2 67 28 48 129 20 132 47 3 61 69 81 142 60 100 70 145 26 94 64 12 87 107 21 15 5 68 34 117
1129 22 256 67 104 50 63 8 110 33 140 2 143 42 73 39 117 68 86 86 31 25 40 40 95 4 106 65 11 74 3 94 140 21 149 92 36 59 1 18 48 54 112 28 1 58 46
1130 22 245 86 45 78 85 19 17 26 63 23 34 79 35 59 81 28 98 2 79 39 37 37 42 56 34 97 118 25 75 18 32 72 105 49 92 47 68 61 40 52 140 24 10 3 10
1131 22 259 25 81 63 67 91 119 3 90 36 29 64 105 12 35 11 89 35 52 37 2 71 148 43 24 89 16 84 10 69 95 85 1 44 49 70 137 17 24 26 4 2 141 60 13
1132 22 269 27 121 3 11 74 90 15 46 37 7 70 125 23 5 36 93 49 122 95 144 71 114 30 89 87 107 43 38 99 4 52 75 24 105 38 100 94 52 45 32 8 116 58 132
1133 22 231 70 93 76 120 65 121 14 137 34 145 25 123 54 17 12 2 21 14 77 46 18 116 45 63 17 42 44 126 7 53 10 127 85 148 61 7 11 97 93 8 24 115 63 142
1134 22 258 76 64 14 39 42 110 8 7 6 22 75 47 17 51 69 112 82 64 96 79 26 5 25 147 51 148 11 63 89 38 78 53 29 70 64 88 21 110 5 70 55 25 95 18
1135 22 291 6 10 13 86 85 19 29 9 65 131 8 27 43 47 73 1 93 94 66 130 21 86 89 25 5 117 31 29 48 36 72 113 74 58 54 119 96 135 76 22 79 124 38 51
1136 22 290 26 30 94 141 62 117 77 52 91 81 68 124 80 71 47 53 85 70 11 66 74 79 63 110 6 36 88 130 7 105 84 48 16 100 18 143 37 116 19 119 38 66 71 23
1137 22 246 37 131 90 12 11 102 23 19 39 61 50 62 1 106 19 86 53 84 38 28 3 80 36 92 47 106 60 34 30 108 63 97 73 125 96 143 41 8 94 102 10 50 70 97
1138 22 249 54 6 34 34 10 15 19 51 61 24 60 47 99 92 6 108 56 55 82 132 29 27 46 38 70 48 47 19 44 123 26 29 88 44 1 100 52 49 93 8 8 48 14 142
1139 22 247 31 19 70 107 65 60 77 64 6 95 84 51 19 110 30 26 97 25 51 136 80 104 35 32 54 79 41 112 78 106 3 109 24 124 15 88 83 141 1 141 38 137 8 148
1140 22 265 22 34 94 46 36 31 26 91 68 59 45 96 1 8 24 6 12 82 29 135 98 119 70 39 21 112 78 7 54 137 76 20 99 23 58 80 50 150 47 108 44 94 10 1
1141 22 310 67 65 12 50 96 49 48 116 20 38 36 131 65 45 34 3 98 11 75 149 86 82 28 135 31 76 93 127 69 54 27 138 91 37 16 141 84 81 60 21 18 42 87 12
1142 22 259 77 92 12 138 66 110 75 149 87 109 31 14 53 107 84 7 36 71 27 26 60 44 43 124 93 118 4 5 44 147 18 133 7 10 15 66 91 130 68 149 13 76 34 36
1143 22 236 52 61 95 145 76 89 20 54 6 13 71 112 19 115 8 138 47 120 64 54 31 80 21 21 59 38 72 121 66 55 17 116 14 93 41 33 46 97 7 67 83 15 30 36
1144 22 270 69 85 16 148 55 139 8 44 60 79 59 16 36 26 83 88 41 126 28 25 24 125 74 92 32 142 75 98 98 6 35 68 90 2 44 140 37 101 53 48 51 128 15 26
1145 22 266 55 89 51 79 12 43 62 6 17 11 53 22 45 20 61 47 37 56 88 62 44 91 16 91 9 6 65 9 83 129 35 139 70 135 20 133 79 33 95 44 40 18 30 36
1146 22 288 98 85 74 111 81 64 77 121 22 82 36 82 67 66 18 7 35 55 26 70 33 61 7 130 54 49 97 93 60 27 79 57 63 4 43 119 46 66 42 77 1 123 95 68
1147 22 317 91 102 5 45 79 74 29 39 30 58 42 28 87 87 83 17 96 145 20 115 40 40 10 5 81 88 85 74 47 36 78 41 16 1 31 27 98 60 84 49 65 150 71 110
1148 22 242 1 12 21 105 42 110 61 99 94 34 45 79 12 38 95 14 59 1 37 148 56 120 84 56 35 51 58 62 19 32 13 141 11 35 7 15 52 61 67 89 22 110 77 43
1149 22 260 28 27 40 37 88 136 56 21 37 18 63 47 30 97 43 86 14 50 74 121 33 37 87 71 47 60 32 140 36 27 19 114 66 6 53 103 25 139 38 109 86 80 46 99
1150 22 233 32 75 24 2 8 110 90 30 6 49 12 147 36 138 16 1 55 23 5 57 85 29 48 116 15 87 52 16 21 50 47 146 26 100 39 134 91 39 97 139 74 36 54 24
1151 22 301 92 28 78 99 12 108 98 27 25 34 52 76 1 73 20 53 49 74 39 140 59 29 8 18 93 23 77 85 7 85 64 14 84 93 40 117 96 18 69 120 45 18 99 69
1152 22 293 64 87 8 75 18 85 82 87 88 124 61 15 10 61 23 96 77 38 79 121 78 145 16 95 36 41 83 76 39 101 90 125 44 47 97 130 34 72 41 150 32 103 72 127
1153 22 266 81 10 58 101 39 104 17 135 19 54 75 2 13 4 22 89 66 135 35 12 33 14 45 5 6 95 86 61 18 64 91 29 21 142 69 75 60 53 95 65 77 148 41 2
1154 22 277 17 32 53 66 80 136 31 124 92 37 70 129 47 140 89 18 65 82 87 41 91 139 35 7 18 35 52 8 38 20 41 106 24 6 85 11 37 108 25 130 23 119 11 136
1155 22 271 88 95 24 130 85 15 66 44 34 50 97 93 37 66 84 92 39 39 26 102 77 86 3 53 15 33 75 33 6 138 20 95 32 96 76 118 12 141 61 45 41 57 87 79
1156 22 227 24 20 23 115 11 50 66 37 85 68 40 49 2 116 33 59 3 105 86 50 78 54 71 116 7 113 93 41 46 65 13 62 25 13 77 113 49 45 54 150 20 34 5 22
1157 22 256 88 9 60 89 89 63 1 59 30 57 21 102 52 113 50 16 76 111 42 140 90 106 40 34 10 89 31 129 23 137 2 110 98 61 86 25 44 105 8 14 58 61 26 59
1158 22 309 28 103 20 69 44 9 24 84 94 83 74 126 13 46 63 15 58 10 75 8 97 2 40 106 17 55 27 82 22 56 37 43 80 103 50 65 98 34 89 73 99 86 87 63
1159 22 264 45 148 39 52 94 40 12 133 47 130 62 59 71 35 64 107 79 88 38 81 5 80 24 43 4 22 80 141 86 75 40 25 26 34 66 139 18 13 69 7 27 79 60 140
1160 22 202 37 88 79 24 20 69 78 149 93 22 54 116 2 146 52 126 36 28 3 69 45 44 38 109 12 96 34 90 24 143 60 80 10 36 1 28 15 101 22 37 5 140 90 50
1161 22 317 43 115 35 72 69 55 66 62 93 127 75 38 60 64 14 55 95 73 86 56 10 87 85 25 37 107 61 91 98 50 41 140 16 127 13 136 82 78 26 54 74 63 90 78
1162 22 239 20 84 1 55 39 62 43 25 86 80 81 48 30 149 12 71 66 39 33 102 72 13 97 118 26 111 15 39 4 50 91 59 40 2 51 115 38 82 47 37 2 27 65 97
1163 22 306 51 5 82 102 26 44 4 24 61 80 85 94 96 75 97 148 17 57 37 68 60 51 57 141 50 94 94 126 29 59 74 31 65 5 83 91 38 114 11 69 56 17 52 14
1164 22 255 42 11 10 70 3 68 60 2 13 106 29 41 16 54 72 30 61 106 70 60 95 136 20 14 37 125 32 13 79 95 4 141 94 65 96 133 21 149 47 126 88 41 33 111
1165 22 314 21 93 68 92 54 114 79 126 16 2 10 80 30 54 85 70 98 100 81 95 84 52 96 80 74 119 72 108 31 92 50 150 56 114 64 131 42 131 32 102 60 114 55 94
1166 22 237 85 4 45 116 1 130 19 146 62 49 21 80 20 79 13 63 80 112 48 35 77 113 15 119 93 49 22 54 12 28 47 148 32 144 84 123 83 131 36 132 51 66 3 29
1167 22 251 30 16 61 41 13 145 68 125 62 38 19 110 59 22 23 36 20 20 69 115 35 52 38 117 34 73 85 40 3 115 77 62 32 122 81 58 18 26 44 26 49 118 87 82
1168 22 280 83 21 85 122 90 119 96 91 55 38 43 71 8 62 48 119 45 71 49 52 18 129 50 43 77 67 58 147 5 41 31 28 27 2 67 95 59 51 38 4 74 146 15 71
1169 22 275 66 112 91 115 13 145 84 44 46 129 22 62 86 18 16 76 48 43 2 101 11 49 50 122 1 37 75 24 41 94 52 136 17 32 99 10 77 127 83 88 64 101 56 139
1170 22 246 93 1 63 43 2 134 43 90 10 67 24 100 62 123 50 140 70 131 38 81 58 17 13 147 80 15 4 69 65 56 5 66 53 49 57 14 67 80 29 104 16 28 85 60
1171 22 264 81 17 19 97 80 18 28 96 23 146 60 28 24 147 16 41 51 15 98 14 29 127 61 33 94 90 27 131 59 147 18 105 37 85 83 37 92 9 36 57 38 71 2 102
1172 22 310 81 30 62 113 73 52 91 105 3 50 52 122 56 81 9 140 54 70 22 39 8 63 99 93 71 49 33 92 49 134 45 79 65 108 93 39 61 35 44 65 84 147 87 140
1173 22 256 77 97 29 83 66 2 71 75 14 69 20 85 69 52 28 69 85 74 49 1 33 43 89 144 32 58 11 28 46 52 7 92 83 89 9 84 59 84 50 29 53 36 47 54
1174 22 232 65 18 40 88 16 140 20 109 28 65 36 112 73 98 41 20 52 47 14 134 35 22 69 95 7 18 75 61 55 72 66 119 5 108 56 46 78 66 76 94 3 139 18 101
1175 22 259 79 138 4 76 1 37 12 74 57 57 81 75 31 43 9 50 44 115 52 11 86 67 88 32 70 26 49 72 36 125 13 45 62 119 42 95 83 84 76 39 27 134 35 135
1176 22 218 21 123 4 108 25 35 52 146 40 40 22 73 27 84 17 38 2 119 29 49 51 65 24 141 8 102 75 18 36 11 88 10 66 97 15 90 83 67 35 23 58 8 95 84
1177 22 301 41 113 72 45 31 102 43 33 16 68 74 26 19 50 95 56 62 33 66 128 81 130 17 64 98 54 86 105 11 82 39 54 94 10 24 13 92 6 9 81 56 27 80 50
1178 22 316 32 92 84 49 21 15 81 37 80 28 92 65 85 53 48 73 6 91 55 116 96 46 23 76 54 6 83 132 35 35 15 128 68 14 44 37 63 23 79 57 82 76 39 68
1179 22 258 14 93 85 62 90 10 89 93 15 122 26 51 8 91 81 127 56 80 63 99 68 25 23 98 80 131 33 110 20 53 24 114 87 87 54 48 25 148 12 148 74 15 7 116
1180 22 248 45 84 21 76 96 121 72 143 43 77 75 10 82 146 14 57 10 2 15 50 69 64 13 69 39 27 4 23 8 24 1 55 94 146 27 137 90 5 64 66 62 29 51 23
1181 22 289 81 45 89 132 16 2 94 34 41 73 58 144 47 68 20 49 72 63 46 50 51 85 55 113 22 5 12 51 86 133 52 124 64 119 75 9 2 117 83 112 11 32 82 80
1182 22 269 4 46 26 4 97 12 60 11 62 131 67 125 83 124 17 128 35 80 46 10 41 150 28 25 63 40 56 93 71 136 13 101 65 74 10 75 38 93 43 114 77 17 76 44
1183 22 245 46 112 25 43 23 15 94 51 40 106 47 48 11 34 96 77 91 72 8 117 2 9 24 128 27 101 71 24 13 46 67 85 12 62 85 53 68 75 17 37 35 112 81 110
1184 22 303 55 54 17 23 64 68 33 39 95 10 90 118 35 104 65 53 40 78 25 33 32 51 84 98 87 118 12 101 50 71 57 3 89 29 66 56 61 5 52 22 46 21 59 149
1185 22 303 85 61 90 65 75 64 47 58 66 80 58 4 69 6 97 141 62 149 29 92 17 34 55 73 37 28 18 108 36 18 94 149 57 8 73 123 4 133 40 33 44 132 60 49
1186 22 258 80 100 63 28 28 106 46 13 62 18 1 140 87 10 27 54 4 75 61 150 37 117 32 26 23 69 34 20 11 33 41 12 89 138 76 101 56 76 42 42 86 120 48 91
1187 22 234 45 12 1 96 98 69 29 23 70 51 44 53 84 13 16 68 48 58 31 86 6 88 52 131 46 118 51 95 58 47 11 142 3 79 72 27 74 20 5 107 76 31 19 125
1188 22 243 63 8 79 45 39 24 13 141 68 122 87 125 32 80 27 113 1 103 14 74 75 70 82 108 41 59 89 121 7 148 28 66 22 54 51 136 44 70 8 132 94 141 11 22
1189 22 257 5 11 76 119 36 50 40 67 60 131 77 48 3 140 6 52 69 21 79 141 27 31 22 2 83 54 47 126 14 118 30 27 46 98 64 147 88 33 20 59 74 101 62 78
1190 22 258 19 33 56 9 11 89 37 132 42 21 35 89 96 51 58 126 29 3 25 42 50 64 24 55 33 112 9 83 73 86 53 57 93 12 67 81 98 99 23 68 85 63 16 137
1191 22 256 20 91 65 75 57 126 81 132 82 65 16 43 23 150 66 60 3 72 53 66 89 35 39 9 84 125 21 99 12 143 76 67 56 134 42 36 2 33 68 75 33 83 36 87
1192 22 256 54 88 2 94 25 16 84 33 49 9 56 98 22 50 38 97 18 95 33 111 32 150 85 34 82 52 10 116 45 52 90 35 53 133 9 120 19 143 71 77 50 118 98 99
1193 22 256 7 96 66 54 30 76 35 129 13 118 11 14 77 28 48 74 80 89 58 132 23 16 54 41 60 24 69 110 93 18 10 1 64 76 3 139 74 15 8 36 79 135 63 78
1194 22 285 10 142 18 67 26 40 32 29 81 43 2 99 52 146 67 112 96 132 89 50 43 38 99 58 97 134 88 133 17 92 38 34 8 115 73 141 45 55 34 96 54 35 72 48
1195 22 242 39 55 86 38 30 29 77 129 38 73 14 27 58 112 45 49 52 78 7 16 2 47 11 9 8 12 67 51 35 64 41 139 28 70 82 6 48 19 80 114 47 87 75 141
1196 22 314 36 126 20 94 92 73 90 104 31 122 61 144 38 113 80 103 3 118 54 82 87 139 37 5 21 2 57 77 93 144 64 139 97 139 79 100 19 2 63 115 91 125 44 143
1197 22 274 80 114 49 63 3 85 2 39 92 124 93 144 30 19 39 126 22 104 14 119 42 144 20 63 97 132 77 87 59 22 82 140 85 132 87 118 55 128 28 70 5 110 38 95
1198 22 291 87 111 48 100 81 42 96 3 54 94 34 32 31 44 53 64 33 38 45 137 76 12 41 103 71 119 22 27 30 11 21 116 74 70 67 4 13 14 58 18 44 49 88 137
1199 22 255 52 103 72 41 47 58 16 8 50 119 80 120 42 108 99 53 30 64 26 102 33 131 14 96 89 132 3 132 82 92 70 85 44 91 25 92 93 100 13 31 21 104 20 6
1200 22 252 18 85 83 121 69 16 85 15 6 118 37 49 63 8 34 6 51 108 2 99 14 31 72 68 21 143 25 91 27 10 61 48 45 62 82 112 44 27 94 102 77 3 1 77
1201 22 277 5 101 79 70 31 50 37 52 92 14 42 21 25 52 18 99 99 31 30 60 12 149 22 58 77 17 9 104 70 109 82 126 59 10 95 91 62 84 49 35 27 73 87 96
1202 22 251 73 35 26 104 46 140 4 118 49 80 86 107 85 55 17 16 32 77 78 29 67 39 62 61 95 12 22 84 33 67 6 19 11 15 36 14 34 84 45 121 92 80 8 147
1203 22 258 9 134 24 37 14 50 10 9 61 57 82 144 89 150 51 60 44 61 76 131 26 61 71 31 5 50 56 62 98 117 97 22 3 149 87 53 47 113 66 28 7 28 11 116
1204 22 286 73 22 91 4 49 1 17 19 81 124 70 139 37 68 5 34 41 9 82 129 61 141 26 76 57 55 36 115 46 80 7 19 72 10 18 72 78 86 54 101 58 142 88 77
1205 22 298 98 123 69 7 54 97 44 72 96 52 77 81 66 110 47 116 45 68 62 41 55 100 57 109 38 96 35 86 68 55 73 1 12 19 8 122 1 40 90 60 36 78 63 6
1206 22 298 6 26 96 62 77 90 69 135 78 66 21 15 36 125 8 8 28 21 30 50 52 20 89 63 37 26 90 149 81 48 75 77 59 103 68 79 97 145 62 11 20 89 16 91
1207 22 263 17 115 20 118 66 89 56 30 76 133 72 126 64 119 52 142 77 5 11 6 44 108 2 105 83 93 40 71 8 30 39 124 1 106 91 90 13 121 67 98 92 42 62 146
1208 22 267 54 138 50 114 45 45 23 96 49 143 80 144 82 51 53 111 41 127 63 99 69 102 11 89 20 108 32 14 93 9 25 133 60 139 27 104 4 5 86 106 2 98 99 80
1209 22 296 11 47 48 114 59 39 84 119 72 99 40 65 9 15 99 68 5 27 71 67 53 76 75 7 14 26 64 7 67 10 54 80 19 144 65 139 66 113 78 82 42 30 90 98
1210 22 333 8 12 65 61 38 138 69 62 96 84 39 52 98 145 18 57 50 98 27 94 64 65 61 127 95 42 49 138 73 89 86 80 2 2 40 89 89 110 84 44 92 86 91 138
1211 22 238 5 49 38 102 26 83 16 92 45 144 36 136 94 24 10 34 61 141 86 12 33 26 2 142 78 85 85 19 72 27 57 77 46 80 3 130 47 96 74 142 32 111 7 22
1212 22 237 21 67 12 6 28 44 34 31 88 11 17 24 31 89 51 139 84 48 82 15 47 127 38 90 60 48 27 66 71 50 32 133 57 111 26 40 43 113 37 131 48 89 16 18
1213 22 295 5 65 99 19 13 25 59 103 35 108 81 2 29 80 36 61 37 146 88 76 41 3 78 150 60 49 79 80 14 48 80 96 57 143 20 65 47 56 72 27 58 2 93 62
1214 22 249 47 140 2 22 30 104 1 79 46 10 27 76 92 42 23 127 24 68 35 66 39 149 14 47 73 42 54 126 50 98 90 146 87 41 20 69 96 20 49 91 32 78 68 125
1215 22 277 19 40 53 42 57 88 9 97 88 122 43 60 14 148 15 95 77 111 84 67 82 2 1 102 6 84 79 73 58 148 62 61 91 120 98 2 16 37 73 111 49 38 36 55
1216 22 296 3 112 67 136 30 148 89 93 40 98 84 71 20 43 68 33 10 54 52 61 69 39 86 131 75 89 24 79 91 135 45 28 64 142 58 142 59 5 27 79 76 19 48 10
1217 22 309 74 108 13 25 70 83 65 57 64 53 82 2 28 62 94 112 57 71 77 100 40 134 43 98 90 119 27 17 83 140 89 55 73 6 11 38 10 42 39 88 56 134 51 62
1218 22 268 56 28 63 45 13 56 92 5 26 70 23 17 96 1 29 30 90 120 34 114 75 45 1 136 88 91 73 143 74 24 6 29 3 71 15 126 67 71 44 120 83 144 21 148
1219 22 304 49 95 42 51 31 82 92 55 76 65 78 134 46 82 54 120 47 81 86 17 33 24 62 54 8 55 56 122 90 26 70 88 23 63 38 5 44 31 59 22 89 5 43 120
1220 22 248 58 112 18 138 37 72 25 98 28 82 53 83 4 92 10 75 31 32 87 68 36 131 49 147 54 96 35 58 40 56 67 3 24 56 52 60 77 28 57 56 60 61 90 65
1221 22 224 54 50 39 134 83 27 4 19 7 104 65 60 1 101 69 90 56 35 92 29 40 96 90 119 23 49 24 134 59 116 13 15 48 147 67 1 17 75 6 133 37 106 5 97
1222 22 285 91 142 89 71 31 36 11 101 58 109 27 142 19 142 83 58 81 81 6 149 75 73 87 57 59 94 42 14 41 32 7 131 52 137 16 64 88 23 22 16 93 7 64 41
1223 22 252 5 71 89 138 95 111 76 52 22 69 85 11 26 41 91 29 79 6 43 68 31 16 83 146 8 141 4 133 6 94 39 27 34 26 21 145 3 124 66 24 20 2 84 45
1224 22 310 44 25 26 74 32 120 62 135 8 95 69 113 77 124 57 17 52 142 95 73 86 147 98 3 70 118 56 106 14 51 80 91 11 60 20 73 97 97 91 115 94 19 2 35
1225 22 324 42 44 79 16 81 28 64 136 49 133 91 54 98 144 85 91 70 146 50 141 20 96 37 3 36 104 96 56 44 148 93 121 51 23 48 16 8 97 2 147 87 87 65 34
1226 22 288 89 5 5 136 41 57 74 44 54 79 37 103 21 24 95 42 24 68 27 89 90 77 91 38 20 127 36 62 15 90 66 150 33 74 73 126 77 4 80 74 40 124 65 15
1227 22 266 93 108 55 70 46 94 96 88 83 68 16 59 3 27 75 145 94 27 27 117 51 104 54 20 25 28 9 48 23 43 29 112 49 124 36 7 28 54 15 33 80 92 77 26
1228 22 278 68 103 42 68 58 137 24 128 11 101 88 11 46 13 3 99 91 66 97 115 84 121 4 37 87 136 19 28 62 44 47 16 37 17 25 74 40 2 34 92 92 46 54 98
1229 22 284 85 44 15 33 10 41 69 30 94 105 79 25 48 42 68 145 59 57 63 133 80 2 87 15 93 78 11 131 31 60 18 76 25 52 36 15 70 67 60 75 37 38 1 85
1230 22 312 81 121 31 89 77 43 73 6 94 9 72 38 36 132 70 118 44 89 20 141 34 110 99 43 86 36 82 87 14 109 2 4 35 44 76 42 39 37 13 78 74 147 97 142
1231 22 247 42 138 87 111 28 17 94 139 67 38 27 2 71 115 25 136 23 76 39 57 66 98 9 104 62 138 78 10 37 119 1 24 55 111 3 123 6 41 89 45 17 143 65 131
1232 22 268 67 2 3 45 42 11 15 58 60 126 63 122 40 33 99 8 34 74 14 144 76 138 77 46 35 121 11 66 89 64 70 133 56 31 75 127 13 89 17 96 88 76 31 11
1233 22 290 90 24 37 27 75 55 5 71 89 27 83 54 16 46 26 150 3 6 99 117 97 23 46 62 62 12 59 101 13 28 64 51 55 39 11 146 38 45 51 103 92 76 52 45
1234 22 278 33 103 63 132 75 58 43 138 21 3 40 58 41 55 87 104 5 41 94 112 52 106 7 139 57 143 44 35 90 17 46 104 98 73 12 92 84 94 4 143 36 58 80 92
1235 22 261 12 20 37 25 23 143 81 113 44 90 55 139 74 101 80 140 96 134 40 120 47 33 84 80 27 137 14 96 2 55 57 123 42 34 86 14 58 81 5 113 20 128 63 99
1236 22 245 20 110 34 59 82 30 41 17 10 119 3 32 85 98 33 39 56 55 91 2 19 55 62 150 11 76 71 89 40 121 8 51 55 68 98 93 81 102 26 65 51 10 5 109
1237 22 285 67 37 49 118 5 105 31 6 66 6 26 56 95 149 65 96 53 132 29 138 43 129 33 75 82 8 39 83 20 46 86 134 91 55 38 98 46 13 41 121 68 88 69 132
1238 22 206 35 123 65 113 11 9 93 145 34 125 52 124 59 71 19 51 8 2 43 63 42 140 39 54 40 9 21 79 30 4 13 54 20 28 16 131 10 64 94 114 36 10 44 63
1239 22 249 47 6 6 86 57 144 40 96 5 12 27 136 68 89 39 137 66 105 17 38 64 82 31 29 23 35 65 82 38 58 44 34 50 120 21 145 61 118 49 22 94 34 85 73
1240 22 256 78 52 79 146 39 144 70 23 4 137 83 91 94 28 77 60 27 146 30 122 58 147 72 79 43 106 20 127 49 80 8 94 19 1 23 40 74 43 9 106 35 104 34 61
1241 22 281 63 12 8 94 35 15 93 107 46 85 64 117 13 43 65 42 10 60 33 1 75 106 43 35 14 130 89 149 92 53 52 147 97 18 39 105 25 68 81 87 80 61 7 142
1242 22 243 12 91 42 136 48 87 21 113 18 61 11 111 63 23 9 119 32 149 75 46 23 42 29 111 53 27 43 113 83 34 76 75 77 12 73 65 82 135 56 20 6 65 40 139
1243 22 309 63 14 37 88 57 65 61 91 42 75 76 77 52 4 24 120 94 111 87 108 46 143 79 53 59 68 44 21 31 30 10 89 96 110 99 86 3 73 80 22 15 135 83 90
1244 22 304 54 78 2 7 15 111 57 139 56 100 87 38 79 49 76 124 58 26 61 62 48 76 91 120 42 27 4 83 81 81 85 39 45 47 43 53 36 149 67 91 50 6 80 54
1245 22 294 56 3 63 84 65 24 81 142 17 52 85 93 5 68 23 38 4 112 84 50 6 37 35 4 55 78 53 60 58 32 36 127 98 2 31 46 69 82 80 61 89 97 86 76
1246 22 230 50 49 11 52 54 147 36 57 65 111 74 44 30 139 31 108 88 32 60 18 77 128 2 107 39 40 55 74 17 107 24 127 58 77 26 45 33 129 10 145 43 35 40 24
1247 22 245 73 120 32 63 3 43 82 32 71 133 40 111 24 144 36 90 50 109 67 9 35 92 56 69 22 115 15 14 99 54 23 71 88 127 13 19 8 35 4 47 47 127 93 132
1248 22 270 67 94 92 133 53 26 76 58 96 97 24 110 12 124 15 101 49 87 73 136 66 88 57 123 72 110 20 71 86 112 52 2 5 44 36 59 21 63 68 19 11 91 30 73
1249 22 235 17 95 73 65 33 148 53 48 35 9 23 108 20 92 28 105 5 80 9 61 75 96 22 47 59 39 67 121 32 49 43 50 93 118 16 127 65 118 27 49 49 6 99 142
1250 22 223 84 54 98 15 64 110 41 59 31 39 69 72 6 90 3 54 2 98 51 17 26 17 37 104 65 116 4 123 15 47 8 20 94 72 33 4 14 93 86 102 57 107 5 111
1251 22 332 62 138 64 61 91 83 37 57 69 42 74 84 96 146 50 92 53 69 86 26 3 41 39 46 78 40 61 137 99 15 97 12 52 111 23 94 93 11 51 63 2 24 48 97
1252 22 261 21 98 89 123 16 76 50 119 18 138 47 79 76 33 27 140 82 41 43 142 13 137 86 123 39 50 62 97 25 34 46 113 6 14 90 55 84 9 94 99 5 22 26 88
1253 22 235 1 17 19 91 11 12 55 149 49 129 37 48 4 150 46 128 83 44 92 90 57 81 40 141 39 90 96 63 67 133 13 133 3 105 45 14 9 144 14 37 80 13 82 58
1254 22 253 72 114 51 13 4 59 96 99 50 136 40 139 81 52 57 65 16 139 19 72 36 132 82 29 97 120 10 109 61 41 67 132 7 19 47 110 80 42 29 79 1 18 12 52
1255 22 274 24 76 19 65 95 90 50 78 73 30 75 142 89 35 3 30 86 86 72 32 47 101 25 108 31 54 9 100 15 62 74 42 40 86 22 91 66 95 20 142 88 108 76 142
1256 22 264 39 129 28 26 2 61 74 4 36 132 34 89 90 134 53 1 9 44 83 150 82 107 92 149 3 111 42 90 70 119 32 61 99 111 21 12 55 56 43 141 46 82 24 48
1257 22 293 84 34 44 19 35 77 75 76 27 129 36 18 18 57 49 117 59 105 86 32 66 91 87 10 33 133 43 8 82 28 91 127 96 27 5 72 2 81 50 39 68 95 38 18
1258 22 283 14 22 79 120 9 60 87 101 48 146 33 82 40 90 66 67 82 94 13 58 99 34 59 31 36 47 31 5 44 68 74 59 91 102 30 1 68 102 65 86 4 26 61 120
1259 22 290 57 5 84 17 5 70 77 37 76 67 59 69 86 132 79 78 36 10 31 100 27 134 12 141 69 108 46 146 20 65 74 49 71 80 70 47 67 74 22 85 92 23 2 104
1260 22 237 81 34 54 107 17 15 49 86 24 94 44 61 85 69 11 57 51 30 5 77 53 38 19 77 6 90 60 123 64 13 79 31 29 130 66 5 25 98 48 35 35 68 45 91
1261 22 251 18 126 46 36 80 23 91 69 43 17 77 34 97 86 6 11 37 93 28 116 10 82 40 57 31 27 93 149 23 84 68 99 54 130 55 144 1 47 12 77 61 64 36 121
1262 22 274 63 124 65 42 39 74 74 81 32 106 9 25 54 131 10 122 81 90 27 111 95 70 43 33 73 143 2 111 16 84 29 107 75 52 82 57 86 88 71 116 28 62 42 90
1263 22 300 8 13 52 101 96 142 75 90 95 85 5 60 71 83 18 47 87 50 53 22 89 69 33 131 15 3 99 92 64 92 31 122 7 82 74 104 23 98 93 67 35 147 78 57
1264 22 259 82 96 53 70 95 55 91 85 73 75 17 137 77 115 81 42 59 11 15 115 93 38 18 67 88 110 36 122 13 28 40 60 30 111 6 86 1 40 10 125 57 148 3 23
1265 22 235 28 46 81 139 61 95 83 50 14 101 87 76 36 58 34 101 37 125 12 18 35 18 55 37 9 114 13 115 64 67 40 141 72 31 24 69 63 24 82 16 10 57 3 70
1266 22 244 42 3 6 68 67 74 4 134 78 90 92 94 54 109 57 120 47 134 71 30 7 39 94 130 73 109 40 129 12 9 23 66 66 140 32 91 44 67 19 35 11 14 39 19
1267 22 299 20 110 70 118 93 90 49 50 31 143 81 103 51 20 83 14 80 55 46 97 63 136 92 80 56 76 40 121 66 60 42 26 79 12 60 69 2 150 5 71 85 68 3 91
1268 22 305 97 98 37 62 85 78 41 93 56 32 63 121 5 48 71 66 68 40 75 38 40 27 89 143 81 62 77 50 14 120 47 113 6 108 49 136 50 91 93 31 4 115 73 58
1269 22 294 65 43 75 132 82 149 21 73 77 62 66 59 73 42 59 138 63 57 50 69 98 106 15 91 47 94 14 19 53 30 61 77 42 127 34 65 56 45 32 14 19 73 74 56
1270 22 281 36 80 57 106 95 4 13 111 96 114 7 89 79 125 93 109 85 21 21 79 98 4 45 5 28 18 18 50 42 73 87 23 29 94 70 35 58 30 30 71 37 21 2 13
1271 22 272 63 10 50 136 30 80 35 86 76 39 3 56 53 104 99 125 93 22 6 36 43 40 96 22 21 116 60 141 19 73 28 74 91 10 25 95 79 82 20 31 71 58 27 94
1272 22 285 13 13 86 4 60 107 24 127 69 17 96 43 23 116 66 132 18 140 28 47 4 107 78 75 89 12 45 96 91 38 3 25 15 64 34 141 90 102 57 85 94 30 59 45
1273 22 236 43 128 86 121 24 41 29 53 67 17 64 14 65 104 3 126 8 128 91 121 61 81 63 112 37 147 7 18 6 17 49 144 1 69 19 43 99 121 11 115 74 31 40 77
1274 22 200 7 149 4 97 72 116 29 84 17 132 35 136 38 1 99 88 94 101 8 114 95 6 34 5 19 129 3 110 9 11 10 57 32 125 37 17 5 103 39 88 89 41 26 86
1275 22 286 40 33 49 134 90 132 38 112 68 66 62 124 76 22 35 82 5 61 73 65 72 72 53 59 61 93 96 86 30 85 71 128 20 12 59 9 11 27 88 22 2 63 45 87
1276 22 270 46 49 47 65 21 114 36 142 66 94 52 11 41 90 92 127 12 120 23 130 55 48 42 33 35 63 84 50 57 72 71 114 77 84 99 71 1 145 24 63 37 13 64 24
1277 22 288 24 109 99 55 15 146 97 147 32 61 81 83 70 54 80 76 74 43 55 107 93 75 58 139 98 20 26 11 41 86 49 49 36 54 16 81 12 115 44 47 48 28 7 121
1278 22 264 22 11 30 117 87 87 55 134 58 130 46 134 20 34 32 21 19 87 36 102 38 49 16 100 95 14 42 42 88 114 65 98 43 31 86 81 70 89 17 15 89 100 5 9
1279 22 311 69 42 96 72 29 96 87 128 40 150 8 31 93 95 47 8 95 41 88 80 22 75 1 60 42 18 33 80 17 137 90 35 28 37 56 109 82 144 86 72 45 4 92 102
1280 22 294 97 138 93 137 69 114 61 70 25 2 37 9 83 53 45 122 90 75 8 147 33 42 43 20 15 88 68 127 58 22 74 45 64 10 63 127 22 134 53 124 72 111 6 77
1281 22 261 57 130 66 81 89 114 65 80 56 87 44 145 1 14 22 60 35 47 4 100 8 18 78 79 54 80 25 40 10 101 98 91 18 29 79 32 95 111 39 31 84 33 19 55
1282 22 240 42 55 51 97 54 110 67 131 38 70 12 142 44 53 3 97 93 14 29 73 45 25 83 36 56 87 19 140 57 23 34 12 25 80 96 100 23 67 61 64 11 114 18 9
1283 22 297 64 110 72 44 85 119 18 117 4 25 5 122 17 62 96 50 75 122 31 41 57 127 42 79 45 103 95 7 16 112 65 81 74 37 58 57 43 24 60 20 81 83 88 92
1284 22 265 28 37 68 1 67 60 7 95 2 85 90 54 79 46 71 143 13 3 16 149 78 75 5 22 43 30 48 80 73 127 66 140 77 85 52 133 81 53 19 22 8 98 70 80
1285 22 344 92 82 82 9 59 135 38 130 34 103 73 66 52 54 90 78 72 32 6 6 33 140 88 87 58 10 44 107 79 23 98 112 56 93 64 90 30 145 76 34 69 93 85 23
1286 22 306 82 114 94 113 71 1 95 110 88 31 67 49 26 24 79 100 23 40 55 129 70 120 63 17 47 148 35 89 84 59 21 147 54 35 19 54 28 94 64 45 42 140 20 71
1287 22 292 91 142 62 96 72 46 67 142 10 133 90 8 20 129 41 130 1 90 34 85 8 87 16 86 32 80 82 74 69 1 46 111 94 109 66 4 75 109 64 109 98 21 30 126
1288 22 231 13 10 26 52 43 13 62 31 28 147 7 80 38 27 30 133 90 123 93 147 40 147 71 48 10 82 46 82 11 73 94 120 1 148 14 13 9 95 57 57 99 36 44 27
1289 22 323 67 28 66 41 70 63 81 68 85 28 29 116 73 112 48 58 55 64 60 15 51 121 1 58 61 30 74 90 47 114 11 59 94 131 46 24 59 13 98 71 91 45 28 141
1290 22 327 44 84 56 53 15 56 70 32 58 79 87 2 33 136 67 95 46 13 25 91 86 86 54 85 96 130 35 38 23 20 93 78 19 59 88 90 92 118 85 81 69 19 68 37
1291 22 252 64 63 99 90 4 136 75 9 23 30 2 116 42 126 35 86 5 3 45 139 92 84 83 9 19 115 79 89 32 66 44 16 16 57 26 98 63 29 65 4 54 100 41 11
1292 22 278 52 135 1 46 71 85 54 41 99 83 79 32 50 31 78 65 74 28 20 141 35 45 90 99 75 105 4 31 44 41 57 129 91 102 26 58 39 126 17 8 49 137 7 24
1293 22 248 14 77 15 150 23 4 48 148 10 101 78 63 47 68 72 125 25 85 80 15 63 71 83 120 11 82 58 120 5 21 96 21 18 77 70 117 36 23 51 19 22 45 69 9
1294 22 233 28 85 73 98 17 44 11 48 1 130 5 124 27 75 46 46 15 13 37 139 58 39 9 73 60 103 97 55 7 82 80 82 24 123 92 23 76 123 79 49 49 54 44 94
1295 22 307 6 60 58 94 49 118 32 9 40 143 62 88 98 36 46 31 45 125 12 20 55 42 75 77 73 123 77 28 68 23 83 27 30 129 97 12 86 88 99 77 4 86 34 130
1296 22 338 49 96 99 50 93 124 29 67 98 55 94 17 77 76 46 9 56 72 7 118 59 47 74 9 73 127 97 147 10 28 27 97 71 71 87 87 20 43 80 39 72 7 34 82
1297 22 242 15 107 88 34 18 86 7 126 11 85 74 107 96 52 4 53 80 101 13 52 23 1 42 43 19 132 16 127 97 43 22 87 76 39 34 66 32 118 91 116 43 144 70 22
1298 22 250 94 82 23 16 32 112 10 26 91 44 8 108 92 101 79 78 78 119 2 112 36 35 31 77 27 96 19 71 15 42 66 148 14 134 43 7 58 85 18 42 93 118 72 73
1299 22 254 97 142 26 58 80 62 91 56 89 88 27 111 55 20 2 36 59 35 62 3 20 140 44 87 31 136 56 55 8 52 98 85 12 77 47 4 33 37 41 111 24 51 15 83
1300 22 260 85 27 87 27 48 126 70 136 59 55 43 15 65 96 62 1 9 39 47 12 23 33 55 33 31 1 64 5 1 79 89 37 7 125 63 56 3 132 41 113 83 127 5 128
1301 22 305 38 5 37 28 4 50 50 138 82 69 57 46 25 59 76 113 46 32 39 60 87 141 92 29 53 32 61 79 36 90 19 92 28 96 95 28 96 133 33 79 89 26 77 50
1302 22 283 53 39 95 36 27 54 72 70 97 52 24 80 14 55 15 6 23 109 33 120 62 67 87 45 48 89 35 73 67 84 78 7 30 113 86 86 5 134 88 78 64 52 32 80
1303 22 272 7 6 88 91 26 43 53 42 31 99 91 72 85 116 69 43 95 150 55 80 37 141 36 121 81 115 34 97 65 90 4 105 82 31 49 136 25 129 15 50 21 80 40 41
1304 22 251 22 136 90 127 17 79 69 102 99 99 66 134 82 64 50 123 20 4 55 150 2 92 24 83 28 89 84 98 68 123 40 42 8 79 18 126 7 88 27 107 87 45 42 18
1305 22 287 60 42 93 31 97 97 31 149 90 4 83 17 44 16 16 64 89 55 5 148 36 24 24 94 11 102 51 147 98 42 17 110 35 109 40 82 7 20 82 46 76 114 65 121
1306 22 269 29 32 34 19 87 138 69 24 11 94 67 24 45 69 70 145 13 138 4 147 46 93 30 104 65 111 52 142 74 16 62 105 47 146 23 35 85 93 58 98 86 25 21 133
1307 22 305 45 42 29 7 80 132 56 27 26 35 81 42 96 32 33 121 99 145 75 145 90 100 30 24 44 139 21 130 15 91 64 60 35 42 68 64 60 122 42 7 53 124 79 101
1308 22 303 68 104 48 9 55 79 83 48 67 55 79 132 94 93 82 35 60 145 59 135 36 61 46 108 4 54 62 27 65 47 35 12 5 41 40 139 91 58 21 91 41 115 74 51
1309 22 250 95 120 10 31 55 122 26 114 75 79 3 10 90 149 97 53 56 39 44 94 31 101 39 52 92 31 18 74 4 118 20 73 29 150 30 150 25 95 74 5 22 127 67 13
1310 22 243 27 65 15 132 55 108 28 86 11 16 89 2 97 106 52 73 47 27 2 96 56 101 23 102 79 74 36 81 3 115 18 10 94 103 22 61 91 23 59 148 50 61 20 148
1311 22 296 37 21 45 94 74 17 95 50 98 118 54 44 56 86 57 8 52 74 69 147 28 91 8 120 13 66 17 14 36 63 64 57 58 109 82 74 81 123 73 36 67 128 23 73
1312 22 241 85 27 48 106 23 125 96 132 44 60 60 74 27 95 86 91 3 95 1 86 19 104 68 141 53 59 6 128 31 141 30 148 80 54 43 112 47 102 13 108 39 105 65 81
1313 22 277 59 59 82 145 29 135 62 22 13 117 80 19 94 113 61 51 92 58 30 96 50 43 3 5 4 30 46 108 26 16 7 10 33 144 74 6 58 40 35 76 85 47 88 85
1314 22 290 41 95 16 138 96 111 33 101 17 36 32 12 43 77 40 9 46 70 91 143 71 49 84 6 76 118 54 64 94 60 22 133 58 132 66 8 48 51 62 44 67 51 4 98
1315 22 280 98 75 14 39 20 136 37 53 41 14 23 95 27 26 40 39 97 73 46 28 90 5 28 40 95 41 85 13 88 12 38 65 78 34 63 14 3 28 10 49 56 86 44 34
1316 22 260 65 139 14 4 45 41 95 139 81 80 3 73 19 65 10 133 91 138 18 105 53 56 8 132 15 108 90 50 33 136 64 124 99 119 70 139 9 121 43 13 61 77 56 96
1317 22 314 70 95 63 74 68 133 81 85 93 122 86 42 7 21 8 80 69 126 1 9 91 11 33 24 75 46 50 31 43 121 25 55 97 24 29 107 59 123 78 46 65 86 67 74
1318 22 275 67 35 51 118 94 42 28 126 26 1 1 123 53 33 65 123 7 122 71 83 98 50 91 58 72 70 3 88 56 19 63 72 14 39 55 69 32 69 23 8 92 118 41 17
1319 22 268 91 148 62 101 30 19 71 143 26 58 31 26 64 99 52 145 70 79 1 42 89 22 7 65 57 7 56 75 49 3 17 62 5 147 76 41 73 1 3 79 63 104 82 7
1320 22 275 23 110 58 64 50 81 3 106 95 11 14 52 85 114 57 2 28 111 88 142 30 91 41 84 19 3 37 50 59 59 61 68 73 61 27 68 47 137 84 148 49 6 74 76
1321 22 315 69 75 33 56 66 64 96 56 98 66 8 34 65 119 93 26 38 117 88 138 95 107 36 33 40 133 55 89 91 31 64 59 5 149 71 62 14 128 59 129 6 87 73 143
1322 22 246 53 60 32 99 16 17 81 106 2 37 96 92 67 109 24 9 19 146 21 32 73 129 63 8 23 58 65 59 30 10 41 41 61 106 58 91 11 128 54 96 69 55 27 23
1323 22 263 14 147 57 137 78 19 46 150 28 11 11 107 22 123 97 112 34 54 21 76 19 81 5 126 84 51 96 40 75 115 85 123 71 23 2 141 68 52 30 64 76 51 36 74
1324 22 239 15 21 79 135 47 97 18 51 25 51 53 122 43 124 46 107 8 19 27 130 72 69 49 23 38 131 36 63 33 24 88 147 44 66 34 140 51 93 39 103 45 10 68 108
1325 22 262 1 25 78 129 56 149 49 57 22 36 87 9 50 119 84 37 18 128 55 51 17 69 61 107 6 18 73 125 52 50 83 7 31 63 74 117 34 116 20 68 3 137 97 59
1326 22 244 87 115 77 139 26 135 93 131 2 94 55 29 96 54 32 28 13 134 8 25 9 74 24 145 42 93 12 146 31 8 4 69 72 30 7 99 66 1 79 119 95 136 47 42
1327 22 266 91 131 71 53 14 78 78 73 54 51 17 47 95 30 42 25 39 95 45 112 76 51 11 91 53 41 59 47 26 108 40 117 10 19 48 77 94 126 32 70 16 128 55 16
1328 22 267 40 145 69 80 5 67 58 114 7 124 53 68 44 108 59 42 36 103 91 131 45 37 8 76 24 105 1 9 92 55 71 62 78 78 25 86 30 3 97 39 62 90 74 66
1329 22 307 82 6 61 70 64 138 28 39 43 103 91 3 93 132 10 54 4 21 81 32 97 116 84 28 70 32 16 133 23 40 99 57 59 126 12 46 5 50 40 57 95 102 73 54
1330 22 204 55 27 24 35 8 20 2 93 98 71 27 15 54 101 4 7 3 62 35 64 59 139 16 101 7 45 49 30 48 53 56 21 37 15 42 138 9 41 60 87 65 38 61 68
1331 22 246 96 63 29 130 40 119 44 140 18 150 34 16 81 33 68 136 55 56 2 46 45 61 39 106 49 44 21 86 6 88 84 71 69 63 8 83 50 95 67 26 66 86 13 120
1332 22 260 93 17 67 137 29 55 77 150 65 113 56 102 48 78 20 10 76 129 45 121 27 96 12 63 44 77 50 107 43 123 15 79 51 121 23 29 21 87 28 91 90 55 62 52
1333 22 261 82 93 46 4 71 43 70 83 7 14 59 57 22 9 99 46 73 129 98 45 52 76 15 40 19 44 32 108 94 9 33 88 6 36 8 149 58 40 55 71 1 113 44 109
1334 22 305 61 39 83 90 88 77 93 63 44 134 33 89 66 41 89 11 1 23 48 109 9 55 59 116 97 13 49 28 7 138 73 41 77 60 69 119 74 64 3 107 53 20 47 143
1335 22 308 30 149 65 29 57 125 35 115 42 131 80 131 79 57 15 137 94 87 29 23 46 150 43 72 13 47 78 117 16 24 61 147 74 78 77 31 54 62 97 96 76 128 73 34
1336 22 269 43 111 80 79 42 54 27 91 96 48 3 45 75 22 12 150 32 9 61 85 5 115 48 104 62 142 81 89 66 115 83 76 46 114 19 49 90 9 39 64 65 137 2 66
1337 22 235 18 12 40 81 98 97 45 46 50 6 87 32 46 2 48 129 29 43 92 48 43 83 8 39 23 21 30 89 57 33 56 77 44 95 9 42 53 139 10 25 26 57 28 123
1338 22 308 87 56 66 80 55 8 14 113 48 86 85 128 26 94 60 131 72 106 28 130 49 70 32 37 93 113 39 101 90 63 38 147 67 54 88 31 18 137 68 102 16 94 95 78
1339 22 294 74 18 83 51 97 133 23 130 69 136 72 33 26 73 24 138 12 120 68 128 75 7 58 142 45 26 46 61 71 92 88 146 10 72 49 106 56 121 86 124 9 58 35 31
1340 22 305 81 24 42 52 93 72 27 49 70 94 58 15 56 78 7 95 24 66 68 74 73 23 46 8 98 103 67 105 89 49 87 12 43 88 55 116 16 5 86 150 4 52 31 8
1341 22 233 1 56 25 118 81 48 42 126 7 89 28 125 45 118 74 131 30 68 69 86 33 86 40 128 21 142 73 98 64 32 99 71 59 18 2 8 12 77 14 50 39 47 77 55
1342 22 254 83 147 90 15 33 132 44 55 73 77 29 70 92 13 20 12 21 40 65 78 1 92 93 102 50 83 48 73 46 77 30 130 25 19 9 150 66 24 18 144 8 17 72 128
1343 22 209 6 87 7 108 80 50 12 129 82 11 3 130 39 132 11 114 57 124 2 146 89 128 15 85 23 123 42 139 94 22 97 130 28 106 9 79 17 89 13 130 92 144 18 75
1344 22 293 54 133 77 60 57 81 7 47 8 71 83 30 95 77 20 139 98 68 70 127 26 131 94 69 73 110 15 141 37 118 75 63 30 33 43 36 80 50 9 14 31 103 90 51
1345 22 225 43 89 70 13 16 95 23 139 61 144 13 73 8 53 59 127 30 123 12 116 44 143 15 54 57 48 58 148 1 87 69 115 52 16 26 4 71 121 93 130 3 106 78 64
1346 22 250 63 93 59 108 9 64 14 56 71 111 5 73 99 126 87 2 41 45 27 144 68 99 11 12 78 33 15 86 84 92 1 49 86 61 56 94 24 119 52 146 31 106 21 132
1347 22 254 81 59 83 71 56 112 16 73 10 129 34 40 11 100 25 147 91 25 45 28 87 50 22 12 20 75 59 50 80 29 31 13 38 66 33 93 27 101 15 86 79 98 75 141
1348 22 278 48 1 87 140 27 31 18 63 82 41 74 51 67 133 51 46 63 33 58 150 98 43 44 124 95 8 12 25 38 15 57 139 4 96 15 136 28 118 53 18 23 137 70 71
1349 22 238 55 30 51 104 72 95 80 18 52 91 42 11 28 57 17 118 62 115 83 147 29 62 66 138 34 12 3 105 32 4 9 112 4 13 85 48 92 103 2 134 44 62 13 102
1350 22 237 31 81 15 45 63 12 25 24 79 62 89 112 74 43 19 57 96 27 18 52 91 5 49 134 57 52 52 16 32 6 46 62 20 140 26 83 14 1 12 126 41 25 1 34
1351 22 267 93 7 31 72 27 32 14 81 37 84 18 90 99 99 45 44 60 115 33 137 49 149 26 128 87 126 61 29 34 141 2 110 25 118 40 107 67 128 90 34 68 139 64 32
1352 22 232 44 80 17 31 29 115 88 140 46 24 6 105 50 99 58 10 25 125 1 31 91 79 20 75 48 58 59 111 40 54 8 84 71 72 3 108 13 48 84 129 78 6 49 37
1353 22 298 30 74 40 110 64 118 79 90 67 139 77 130 54 119 37 87 89 60 41 99 22 39 34 150 46 125 51 73 66 82 57 41 62 24 21 3 90 109 3 18 88 106 76 94
1354 22 207 29 135 35 127 6 25 12 5 72 36 34 24 61 101 5 58 7 47 19 82 67 124 23 28 28 142 17 83 80 93 9 77 14 87 83 88 99 139 11 86 74 34 46 126
1355 22 266 88 56 34 86 26 115 5 149 89 32 81 48 60 110 42 38 68 119 1 7 41 5 51 142 15 135 40 40 74 45 24 110 20 90 16 69 79 47 96 109 46 56 70 38
1356 22 316 95 40 6 95 96 108 87 102 98 38 93 14 24 134 49 28 81 108 70 25 68 100 71 65 10 119 22 80 56 16 21 63 63 66 19 21 38 11 35 111 92 110 72 119
1357 22 287 73 141 44 140 93 116 7 102 34 128 81 141 53 53 58 18 26 6 38 47 96 51 83 56 47 24 17 20 45 88 43 135 33 134 77 98 40 131 84 68 63 74 16 29
1358 22 269 20 85 54 77 73 100 72 123 32 130 19 7 48 88 1 35 82 38 69 66 66 17 55 46 50 124 59 75 88 124 53 7 8 59 36 130 60 59 4 44 90 72 38 62
1359 22 286 1 124 43 88 58 3 9 115 51 60 90 59 86 128 34 41 36 141 49 21 73 8 82 26 71 150 3 108 11 53 53 42 76 13 94 136 79 144 97 18 4 132 45 37
1360 22 253 72 83 30 120 55 102 80 136 29 132 7 80 84 14 40 88 47 95 74 107 23 59 85 68 5 2 22 137 49 110 10 131 39 82 35 42 61 23 21 144 50 30 94 42
1361 22 273 67 43 86 96 66 144 70 25 80 139 31 83 12 67 22 29 63 60 60 50 52 122 72 74 65 52 25 46 45 16 13 139 3 10 55 98 29 31 77 69 11 60 90 2
1362 22 254 58 105 63 67 6 64 40 29 89 106 80 14 2 26 31 66 65 36 25 21 83 5 51 110 23 11 19 53 60 106 49 116 21 34 56 49 73 112 38 113 8 68 78 122
1363 22 290 53 102 42 138 58 42 47 80 4 115 85 96 76 42 44 92 62 111 64 46 16 115 70 77 59 91 51 126 68 124 31 121 67 118 78 110 10 64 80 46 61 107 37 104
1364 22 226 98 99 16 62 96 82 26 117 10 71 75 1 24 52 20 47 34 141 3 20 25 68 31 40 49 128 50 6 65 106 53 65 21 16 62 54 43 30 14 14 4 16 87 7
1365 22 318 85 35 41 77 50 95 99 127 13 81 68 61 9 18 16 123 75 21 39 147 86 2 51 129 81 66 44 136 33 32 94 17 34 146 18 131 96 146 93 126 63 53 84 132
1366 22 257 69 58 6 41 46 3 26 49 55 106 29 72 49 116 54 30 10 122 98 45 19 17 75 64 62 17 90 126 20 125 8 90 33 15 80 80 57 129 23 115 59 146 63 75
1367 22 224 1 45 84 73 94 128 41 12 5 57 73 71 48 50 42 122 7 131 4 22 12 84 40 21 64 15 35 72 10 149 11 43 31 85 38 11 77 49 65 133 87 130 29 4
1368 22 296 79 111 57 102 25 142 94 45 5 108 69 79 26 31 24 9 67 61 21 94 62 37 78 134 23 10 58 53 13 139 64 71 90 38 63 33 84 69 42 64 49 113 92 77
1369 22 263 45 15 35 62 28 57 55 139 95 132 74 67 43 82 20 55 76 61 90 146 9 8 37 72 51 115 96 130 21 7 59 77 13 147 89 139 3 60 22 146 72 133 19 61
1370 22 296 78 127 21 66 29 19 65 113 64 96 83 22 54 111 34 2 33 29 23 23 67 76 85 112 99 130 1 46 62 29 68 80 79 146 48 95 10 113 42 44 84 97 56 67
1371 22 307 98 138 97 72 12 14 49 46 27 150 26 11 32 26 56 96 4 123 25 84 70 24 80 29 38 21 74 21 67 29 89 116 68 37 88 130 36 25 78 85 39 69 77 96
1372 22 298 64 83 21 90 66 140 15 96 52 18 46 124 85 125 94 50 39 73 75 98 29 111 99 19 31 26 65 146 8 137 37 25 78 1 22 150 54 40 96 77 24 122 92 25
1373 22 260 15 42 14 138 95 90 87 73 52 35 42 33 12 108 28 121 46 15 96 23 67 17 73 21 8 118 49 33 41 43 58 55 36 23 94 80 62 80 4 63 17 47 47 128
1374 22 284 6 77 99 51 43 146 74 59 14 96 81 22 65 32 56 105 26 65 11 111 87 5 42 100 36 145 52 42 63 32 47 39 82 148 31 79 23 142 92 120 24 65 84 107
1375 22 289 21 90 82 137 50 42 76 56 35 75 42 30 91 43 73 4 71 42 57 118 25 137 16 129 61 41 95 96 48 17 29 4 37 23 79 142 5 33 88 146 28 110 49 103
1376 22 287 31 92 12 100 18 50 92 83 28 104 76 25 23 41 34 3 96 20 25 126 46 121 78 73 33 126 63 119 91 64 37 40 7 71 20 11 94 60 70 86 95 23 82 65
1377 22 295 49 7 28 82 89 73 55 116 98 139 43 125 53 112 67 16 50 56 23 20 77 135 18 70 94 37 8 88 59 89 4 60 47 31 93 136 56 147 85 146 29 87 57 147
1378 22 271 5 108 52 129 79 31 63 46 2 6 35 59 95 95 49 49 4 98 81 47 36 95 87 90 80 132 20 68 90 66 24 97 70 102 26 50 64 73 51 121 7 12 66 2
1379 22 312 12 66 55 59 96 103 93 84 98 30 75 29 61 145 48 53 60 122 49 131 73 26 30 39 99 133 59 5 24 58 7 91 15 66 87 67 58 122 14 39 94 102 42 42
1380 22 216 4 54 65 54 34 137 30 116 77 80 48 86 84 45 11 44 1 52 58 116 40 126 76 61 92 66 8 35 17 100 78 72 3 42 28 88 31 107 7 36 2 144 71 96
1381 22 272 57 116 97 110 75 14 49 1 41 11 44 107 20 78 25 19 58 149 23 149 76 11 29 34 13 86 19 115 81 141 62 137 59 108 46 33 24 46 85 64 28 72 78 108
1382 22 238 97 46 65 95 21 63 72 31 44 55 95 31 73 11 11 15 23 50 32 145 8 5 43 42 71 50 20 42 77 29 38 25 34 45 5 5 48 59 30 83 41 150 6 40
1383 22 246 74 137 36 31 92 28 25 112 30 144 3 56 22 43 32 16 78 78 72 83 54 22 93 25 1 126 8 141 75 63 68 131 44 97 5 105 26 150 60 34 73 104 15 140
1384 22 261 81 145 11 15 98 82 8 124 83 85 33 125 61 145 7 60 26 40 41 72 96 148 47 7 71 12 49 60 44 143 21 109 91 52 18 66 36 2 12 45 69 73 42 94
1385 22 292 15 33 10 30 14 59 88 48 79 1 97 91 94 91 61 104 83 14 21 99 2 74 47 14 87 141 32 10 85 75 24 19 91 135 98 55 93 37 4 74 16 32 28 136
1386 22 258 75 41 8 23 94 132 71 57 18 64 88 77 98 112 2 16 55 137 65 111 31 53 14 56 39 66 21 22 58 148 57 32 41 65 34 98 27 41 17 40 30 46 89 144
1387 22 322 97 104 48 85 20 108 18 22 71 123 62 136 96 34 93 45 92 27 87 58 33 73 55 109 15 72 51 144 67 139 37 65 95 36 50 114 38 116 41 49 88 82 35 76
1388 22 226 24 121 33 6 45 138 66 109 11 66 55 77 7 43 91 101 79 42 23 10 3 88 51 52 89 140 35 36 60 59 97 93 41 132 31 52 42 99 6 70 5 150 12 57
1389 22 283 78 4 22 51 13 25 90 15 30 5 64 15 80 24 75 128 68 90 21 149 23 122 92 123 29 61 28 22 85 58 27 58 10 142 82 49 58 111 62 25 45 94 50 122
1390 22 279 21 117 63 141 67 85 64 8 9 92 70 37 72 43 73 31 20 131 90 13 40 70 75 70 34 1 65 127 50 38 99 66 92 82 35 5 41 95 10 132 22 2 4 2
1391 22 292 73 34 43 35 98 134 55 124 54 40 24 120 66 73 57 16 90 6 7 23 92 64 13 87 64 122 70 85 75 23 38 48 59 80 34 8 88 33 18 29 6 137 44 130
1392 22 302 95 112 19 51 70 41 44 83 55 30 98 128 51 32 2 126 71 49 34 150 83 143 15 22 75 132 1 82 96 113 65 9 29 125 61 13 79 140 6 93 94 57 68 115
1393 22 262 8 53 66 92 45 130 15 121 64 117 54 34 63 66 98 23 48 115 1 72 75 116 2 116 76 107 21 65 85 124 79 1 65 123 82 80 50 78 12 65 28 135 14 94
1394 22 304 37 37 68 52 90 35 79 148 95 50 13 21 36 88 38 3 22 20 84 119 64 81 94 43 35 23 29 50 66 15 89 133 69 128 19 147 26 63 98 90 34 34 33 73
1395 22 253 81 6 42 116 76 58 49 144 51 43 30 123 73 81 40 37 69 122 5 99 4 74 55 1 65 140 86 143 72 9 26 27 2 143 59 143 48 61 37 129 35 109 9 74
1396 22 294 98 30 97 52 28 39 57 103 45 60 19 84 95 113 55 55 88 33 9 133 87 17 25 136 14 16 22 127 56 84 73 133 74 79 37 118 38 55 53 35 17 109 91 7
1397 22 243 42 99 89 30 18 15 97 128 83 60 52 59 49 122 16 85 94 98 58 25 86 128 64 40 80 150 9 39 43 115 32 43 5 13 10 19 6 49 15 18 2 25 23 141
1398 22 262 52 119 40 60 43 126 89 108 65 70 10 123 41 94 93 104 6 12 35 13 12 51 30 13 76 48 87 66 49 55 5 110 50 109 47 20 68 121 79 19 60 22 14 102
1399 22 288 27 69 65 111 82 28 14 13 92 139 60 29 54 111 85 10 22 84 40 72 44 38 41 61 8 21 81 117 42 46 19 68 35 81 98 13 94 110 34 72 84 87 32 19
1400 22 312 48 55 54 37 76 97 24 118 59 134 39 39 50 82 84 70 52 100 55 34 97 119 77 59 22 112 80 106 63 26 47 117 79 134 43 125 9 112 85 144 75 94 32 108
1401 22 304 65 135 10 119 18 6 39 96 66 113 7 95 70 6 59 145 52 26 73 137 20 49 98 131 83 141 81 7 86 14 51 148 75 71 15 33 60 12 72 68 95 141 23 53
1402 22 281 87 76 30 59 63 149 9 112 91 102 62 49 38 27 16 40 26 91 60 142 75 19 3 74 42 70 70 134 94 23 20 119 52 130 33 53 44 32 80 48 95 78 37 123
1403 22 269 94 76 48 36 35 39 62 106 93 87 99 12 7 135 57 131 4 127 84 36 60 86 23 5 69 105 2 115 38 87 29 65 16 2 74 77 9 16 66 107 72 91 37 102
1404 22 292 47 64 87 84 23 123 58 127 91 112 31 106 96 70 94 74 85 78 40 38 3 18 21 83 54 49 56 145 38 109 43 101 46 126 68 133 51 10 33 17 42 55 61 17
1405 22 268 41 90 8 128 44 126 23 14 60 76 65 66 72 2 74 66 54 19 43 76 38 128 78 100 24 63 18 67 67 30 33 57 71 41 34 65 68 108 30 79 35 146 94 57
1406 22 284 99 70 24 52 90 117 79 80 44 9 67 71 48 133 37 128 95 148 7 80 14 126 87 146 5 23 41 100 92 19 3 143 59 121 22 88 64 30 68 130 52 115 40 144
1407 22 274 30 84 92 137 65 7 14 3 52 120 75 45 20 6 36 88 60 30 98 130 3 85 43 34 54 22 35 119 74 112 64 109 55 52 23 64 18 77 67 87 63 6 57 100
1408 22 270 94 18 80 143 47 82 78 39 66 133 12 52 3 48 26 115 13 36 21 15 11 136 34 37 20 40 65 126 98 115 71 65 46 113 79 92 51 94 25 112 48 77 93 24
1409 22 277 60 16 40 22 1 123 61 5 92 150 20 119 86 141 64 83 56 127 97 127 57 73 91 104 52 51 28 46 76 87 15 11 14 37 21 118 31 22 39 51 24 42 85 6
1410 22 268 97 13 19 45 91 25 70 31 78 71 34 55 16 109 43 79 24 105 42 112 75 61 44 97 47 67 88 103 33 136 15 101 32 6 25 101 38 4 73 71 10 91 80 54
1411 22 259 69 105 59 112 68 135 74 12 81 23 58 50 48 97 2 132 84 19 82 117 63 13 40 84 24 80 65 77 71 137 13 138 22 87 1 52 11 110 3 10 5 141 93 23
1412 22 309 74 110 98 81 79 110 45 120 68 102 61 147 1 31 83 16 21 104 52 23 58 112 60 24 92 116 64 135 40 138 96 137 20 74 49 115 43 145 32 144 6 128 97 88
1413 22 306 13 12 60 18 65 83 25 28 67 37 1 108 52 65 94 94 54 139 80 73 14 130 89 59 73 52 82 2 21 14 81 32 77 13 58 107 79 44 7 138 98 123 34 41
1414 22 291 76 74 72 51 88 54 89 96 80 111 99 111 63 51 81 28 13 59 40 125 19 98 55 12 4 45 61 129 28 103 6 1 77 6 47 35 59 59 86 21 21 36 3 101
1415 22 335 98 16 61 89 92 29 38 99 43 42 93 103 72 70 8 27 84 33 12 63 81 148 73 39 83 45 70 97 20 14 60 108 51 148 6 93 91 48 47 12 69 54 90 140
1416 22 319 37 24 51 1 4 49 23 43 83 69 54 55 18 65 24 81 88 85 90 134 45 82 74 42 81 137 62 134 77 102 25 104 52 98 98 87 68 51 91 135 67 16 66 104
1417 22 253 52 5 44 136 2 77 61 145 9 98 57 95 76 58 17 77 41 82 65 140 79 103 8 81 45 42 47 62 53 63 66 98 67 76 85 60 35 26 13 39 87 45 3 29
1418 22 246 73 7 38 104 1 81 52 62 42 54 26 57 51 126 25 77 37 113 97 56 41 33 31 89 95 119 77 39 23 5 14 29 44 119 70 44 18 26 76 78 47 50 6 34
1419 22 304 36 18 80 41 60 62 24 100 8 44 27 49 67 133 62 147 77 32 53 3 23 70 78 92 45 8 90 146 63 123 31 133 52 74 94 115 99 94 73 42 22 121 54 34
1420 22 284 57 80 17 38 34 119 10 103 99 54 56 143 94 20 16 77 4 19 52 100 84 50 45 108 91 16 80 3 19 65 11 51 81 98 49 7 89 99 60 39 6 105 85 76
1421 22 249 70 61 31 88 64 32 23 115 76 132 7 141 61 109 12 25 19 12 5 116 97 106 37 54 34 26 10 38 60 87 9 122 49 37 51 121 78 103 57 69 65 66 82 140
1422 22 263 36 145 46 102 41 103 26 128 59 111 5 70 51 116 56 59 39 76 7 77 28 80 27 106 82 85 76 48 52 7 88 1 37 41 93 39 68 72 97 28 16 78 23 39
1423 22 243 83 51 97 109 28 76 37 33 59 22 8 57 23 16 95 12 16 81 52 59 22 119 82 20 49 60 38 28 12 66 87 112 15 95 40 40 72 101 5 82 7 79 47 53
1424 22 268 41 15 36 44 23 109 15 6 78 113 42 117 27 10 53 140 74 99 29 65 82 3 86 84 73 65 26 5 96 63 70 21 14 76 98 28 40 115 6 143 10 132 54 111
1425 22 259 61 18 92 13 33 128 48 7 42 79 34 98 25 96 49 146 66 113 71 16 11 32 68 24 91 28 5 96 40 67 14 31 81 48 8 128 54 101 9 88 50 35 85 49
1426 22 235 30 103 13 101 18 104 11 149 17 130 22 57 7 78 55 46 95 18 29 125 36 5 89 113 61 140 47 146 40 78 48 2 28 117 58 90 65 26 20 38 84 128 67 38
1427 22 307 76 11 5 54 88 21 91 42 95 131 56 55 21 104 12 31 47 16 61 113 73 102 79 48 68 31 51 85 71 126 75 81 86 98 23 127 42 54 34 146 26 37 48 37
1428 22 242 20 146 4 132 61 28 33 139 77 104 59 60 56 95 80 31 91 54 13 27 53 85 55 46 40 41 94 17 27 41 6 98 86 59 29 98 37 64 19 97 22 124 7 68
1429 22 238 61 61 4 68 57 146 8 50 12 86 42 117 84 79 26 14 77 14 65 76 47 111 20 53 52 75 37 10 94 98 73 150 17 131 45 24 30 6 9 73 44 1 50 110
1430 22 303 29 63 88 93 40 135 55 41 54 59 95 131 96 6 76 45 28 75 13 108 21 36 89 127 44 111 1 90 64 50 99 144 86 139 72 93 46 78 8 1 35 97 75 12
1431 22 274 9 82 32 144 71 10 39 133 60 128 48 111 28 94 76 116 31 137 26 126 14 129 67 23 79 113 8 127 87 69 35 71 2 130 91 112 69 75 73 48 75 134 78 118
1432 22 267 9 143 49 139 79 124 66 95 5 132 17 35 45 24 62 83 94 96 3 148 78 95 98 72 81 147 46 16 24 115 75 68 15 65 97 38 31 141 44 114 10 85 40 43
1433 22 224 78 137 47 75 64 42 85 11 63 66 8 110 31 83 74 7 1 138 22 99 27 2 41 21 65 149 49 127 33 40 19 63 39 42 56 124 54 20 13 31 23 148 6 80
1434 22 269 48 45 1 96 72 54 88 44 20 136 94 46 21 133 16 33 10 81 3 138 96 9 36 73 90 109 38 119 92 90 66 13 45 103 8 16 41 51 14 111 85 79 95 47
1435 22 252 61 17 1 101 63 11 10 148 34 1 56 55 98 45 24 40 86 41 4 80 94 62 12 111 46 99 39 92 95 2 58 95 52 70 70 91 77 145 22 70 2 57 5 39
1436 22 280 6 116 38 41 80 48 88 78 79 124 89 136 68 90 8 75 52 77 15 115 53 62 27 126 31 128 85 143 32 25 48 50 62 38 9 125 58 48 55 131 87 41 50 28
1437 22 273 50 25 82 126 91 48 30 2 74 56 85 103 40 27 36 14 27 85 25 16 65 35 41 22 95 2 20 137 2 48 38 28 31 63 68 28 93 22 3 100 58 105 39 134
1438 22 322 90 4 62 127 78 128 41 64 70 65 95 116 18 15 53 121 64 40 48 94 5 18 71 49 89 123 46 129 38 31 20 141 96 20 72 137 33 41 51 129 56 18 93 10
1439 22 260 39 8 2 38 1 8 5 123 58 145 47 7 42 27 94 125 97 36 69 42 55 92 80 39 32 130 17 39 50 62 51 90 4 29 22 111 86 96 70 130 95 126 24 21
1440 22 282 19 48 67 56 18 11 12 59 90 50 92 122 82 73 31 132 52 137 25 149 77 120 68 109 66 93 34 37 63 33 55 18 65 29 60 105 80 51 26 150 32 148 16 61
1441 22 279 83 102 4 57 1 131 27 68 91 42 13 74 80 25 6 135 43 7 51 123 16 57 5 16 82 4 49 31 85 16 68 118 99 74 70 131 52 89 21 96 96 127 76 51
1442 22 256 13 120 57 64 94 74 20 148 89 4 3 139 36 38 31 107 26 79 32 45 59 84 83 81 11 76 70 82 34 35 25 107 56 73 97 59 77 137 16 43 79 72 18 7
1443 22 295 6 64 17 41 47 47 71 134 72 79 44 49 27 134 84 101 90 42 25 88 52 102 74 48 19 126 91 136 96 50 36 148 98 8 31 71 26 119 54 121 43 12 79 82
1444 22 281 66 32 6 113 48 76 91 40 11 76 85 12 78 22 75 29 93 48 65 18 16 2 21 72 74 27 64 88 5 148 53 138 87 130 7 27 90 83 13 104 62 85 14 36
1445 22 266 13 107 83 77 76 1 80 99 72 4 75 137 41 81 86 93 18 90 9 54 69 18 11 2 45 114 29 127 85 35 70 11 1 109 8 104 35 46 46 65 32 38 82 73
1446 22 276 99 87 42 66 69 2 17 113 65 81 41 143 80 83 28 14 54 40 50 5 57 10 34 55 6 150 38 45 31 110 93 67 3 60 87 4 78 149 70 108 39 13 24 42
1447 22 283 3 29 83 103 82 111 95 117 67 50 16 104 46 148 66 141 68 50 22 130 1 43 87 142 55 76 79 145 80 31 30 11 43 24 10 125 65 120 62 61 50 62 23 41
1448 22 296 65 15 29 8 20 105 26 67 35 21 97 17 50 109 59 25 40 18 51 85 33 72 80 114 84 90 63 47 54 35 39 70 67 130 21 23 55 139 57 25 85 123 76 46
1449 22 322 84 102 85 3 2 19 87 126 1 59 89 115 55 144 52 93 64 101 11 95 73 34 99 11 42 124 98 67 95 150 53 129 6 49 91 31 39 107 97 135 8 141 60 2
1450 22 277 44 32 37 142 45 128 67 94 68 138 72 18 97 79 87 12 18 29 4 9 1 143 41 92 88 82 28 134 10 97 77 5 66 116 50 37 85 98 17 2 36 80 70 116
1451 22 233 34 80 52 34 22 98 26 65 51 41 53 30 14 126 54 19 41 19 20 129 17 48 56 54 27 125 19 110 70 143 18 21 91 21 92 93 63 96 23 38 10 150 80 41
1452 22 238 61 49 71 63 67 118 20 120 95 45 40 106 50 111 51 79 30 21 64 14 59 38 3 20 87 95 29 105 1 102 19 117 39 138 65 85 27 21 36 138 21 116 17 93
1453 22 329 87 19 56 102 34 66 39 37 86 77 31 36 58 138 37 59 55 127 46 93 44 30 21 114 68 60 83 79 78 69 99 133 70 82 98 60 35 39 51 123 88 59 54 95
1454 22 272 65 82 41 59 75 70 80 40 87 41 77 72 71 104 90 19 38 62 1 88 23 120 74 61 22 146 56 9 6 11 4 73 45 144 81 71 15 112 63 4 3 139 73 145
1455 22 288 16 94 34 27 46 121 50 65 47 12 39 42 20 49 80 2 22 26 97 102 64 116 9 67 68 149 43 42 58 37 77 35 82 49 86 99 95 147 37 39 35 140 48 39
1456 22 214 13 23 37 16 21 50 31 129 68 150 28 60 42 22 78 100 4 112 99 41 10 145 89 146 85 55 32 126 20 138 9 4 8 134 27 78 34 56 56 27 63 17 3 76
1457 22 231 24 42 73 110 48 5 36 101 76 73 28 84 26 144 12 105 23 147 10 11 89 19 30 68 33 99 96 86 19 127 49 129 74 105 14 126 32 38 55 118 16 31 63 127
1458 22 242 37 135 23 98 47 97 87 117 78 56 50 126 51 35 2 120 63 2 48 88 58 63 15 139 69 8 1 20 93 87 6 17 35 5 73 121 45 78 22 70 20 76 46 109
1459 22 281 33 110 73 124 62 94 81 128 94 53 21 133 8 39 69 112 54 91 85 148 68 106 19 97 64 44 96 35 41 46 2 3 18 77 63 57 91 9 9 113 17 2 59 80
1460 22 242 7 51 64 104 70 20 74 66 85 17 61 119 36 104 89 106 34 15 71 146 21 61 4 82 24 46 50 77 29 33 54 43 38 123 14 11 41 48 30 1 68 65 6 82
1461 22 306 5 13 17 69 83 64 91 96 68 24 71 113 73 97 69 104 29 24 98 16 49 11 28 139 60 7 41 27 99 10 77 111 26 147 94 90 90 91 9 113 11 73 38 57
1462 22 307 93 41 37 117 88 4 67 98 81 107 9 140 99 37 62 147 97 41 8 124 53 115 78 43 75 141 3 148 28 111 92 118 47 10 57 50 76 54 32 84 14 21 33 100
1463 22 259 35 129 48 75 36 22 13 90 88 41 32 113 81 36 62 10 96 3 29 94 15 135 45 140 90 77 76 3 49 108 54 33 2 107 24 125 20 13 10 47 42 82 89 3
1464 22 246 80 144 81 73 8 15 70 99 6 96 24 8 94 31 13 127 19 114 35 92 40 104 56 54 15 52 29 106 86 18 65 63 88 139 4 8 18 111 55 44 68 1 33 29
1465 22 302 94 46 63 85 86 117 91 89 31 44 19 139 29 138 98 93 50 38 34 71 41 141 2 48 21 48 9 55 26 53 51 88 89 38 56 31 78 139 75 148 77 3 88 124
1466 22 305 48 139 11 33 60 4 23 100 57 122 85 79 69 143 34 94 95 136 84 75 41 114 4 79 40 1 7 145 90 133 42 79 74 138 98 98 89 56 20 73 87 140 65 20
1467 22 314 86 12 7 69 47 131 59 12 36 140 52 88 96 96 28 78 39 106 23 64 95 72 63 133 78 34 64 24 35 61 34 141 81 132 73 91 44 58 80 147 45 26 92 22
1468 22 285 55 132 29 29 97 23 1 9 57 130 45 65 70 138 79 80 23 21 60 105 95 50 50 2 30 146 98 57 39 122 11 120 40 118 25 92 78 33 21 122 48 115 91 85
1469 22 249 95 70 59 67 29 63 11 79 14 64 60 109 13 16 47 134 78 118 36 119 37 12 15 44 32 136 43 48 27 29 94 98 38 10 77 102 72 107 16 37 18 24 85 23
1470 22 298 85 12 92 22 83 29 42 95 79 26 30 21 73 108 67 56 89 78 84 40 52 92 5 88 59 31 43 53 26 6 46 47 38 76 32 130 20 110 57 2 82 129 9 133
1471 22 251 47 66 21 125 99 111 26 90 67 15 50 147 4 142 1 79 48 97 77 35 24 8 16 146 69 122 97 51 53 7 35 49 73 58 25 123 70 2 15 36 17 14 72 6
1472 22 245 35 102 55 33 28 141 57 136 7 4 56 80 58 134 93 33 80 52 9 103 21 11 17 58 27 80 42 148 87 27 1 41 61 128 84 119 15 140 72 71 71 23 5 29
1473 22 278 72 39 10 123 97 12 95 57 28 53 85 60 44 132 98 122 82 41 33 12 74 103 15 127 99 128 41 27 1 29 39 74 78 150 18 86 30 22 21 91 16 104 38 37
1474 22 259 88 78 71 149 1 26 76 117 52 126 50 103 44 79 55 75 17 80 2 66 37 97 57 37 86 11 77 75 98 54 47 48 74 123 23 75 26 75 4 22 5 109 46 121
1475 22 317 88 147 38 87 35 87 58 92 23 45 54 99 71 53 55 70 63 143 24 137 68 26 94 29 36 98 87 131 70 77 79 109 13 63 95 72 56 70 69 111 20 39 74 108
1476 22 261 14 138 51 40 25 70 15 139 63 93 74 112 82 4 81 58 32 91 72 146 86 96 52 55 12 26 4 77 64 142 39 66 35 147 1 149 42 24 60 123 79 92 62 32
1477 22 223 5 8 19 50 61 25 15 24 51 21 50 102 34 92 40 51 74 3 85 73 55 85 14 131 96 88 59 89 21 123 20 25 82 91 27 142 41 15 17 113 18 46 8 60
1478 22 215 98 33 64 32 5 18 18 70 13 7 9 51 29 133 23 4 14 65 32 5 31 124 19 148 87 35 17 34 44 126 77 89 65 83 59 133 3 6 47 61 16 100 92 148
1479 22 241 24 95 61 138 28 67 18 1 38 117 37 22 86 121 11 54 46 52 78 60 52 82 17 49 95 35 48 136 32 123 82 95 10 9 79 9 22 33 39 145 23 36 40 63
1480 22 256 7 142 97 26 42 91 60 141 28 143 63 109 87 124 17 150 2 27 49 51 74 22 33 43 12 78 65 147 25 55 32 98 8 57 89 150 18 29 77 10 43 137 99 16
1481 22 246 5 50 19 31 48 20 22 4 47 35 31 114 32 106 68 45 39 17 54 147 55 103 14 135 73 79 67 21 94 121 64 1 70 35 57 143 56 27 21 69 10 28 38 4
1482 22 235 66 4 57 62 10 111 27 94 41 150 72 109 22 17 29 44 32 132 65 67 38 59 45 137 63 97 2 74 3 11 36 14 73 14 7 114 30 72 87 98 53 82 82 34
1483 22 246 98 150 23 108 56 118 44 136 30 40 92 32 66 86 6 53 78 66 58 141 31 40 15 19 37 17 2 70 52 51 69 124 76 91 1 112 71 43 3 4 38 120 39 43
1484 22 299 72 38 20 140 96 113 35 129 92 73 95 145 93 148 61 121 4 37 12 106 34 50 2 37 87 124 75 31 97 65 53 36 67 109 46 145 52 120 41 96 38 42 25 8
1485 22 317 97 13 71 3 12 4 54 65 92 93 38 119 73 85 83 125 72 46 91 33 37 134 62 77 32 76 14 23 50 24 22 64 44 124 77 50 79 143 43 71 31 11 96 17
1486 22 221 95 122 40 140 15 122 82 51 56 144 28 87 21 143 11 22 18 132 35 114 57 13 13 136 55 107 58 87 68 53 53 114 25 43 6 39 16 139 89 21 34 118 9 4
1487 22 230 61 72 75 80 3 11 43 112 23 107 47 80 14 54 66 83 9 119 46 33 63 103 71 128 42 61 1 27 79 59 33 41 32 107 20 85 69 44 82 149 37 16 7 7
1488 22 254 12 39 21 66 61 98 59 72 50 86 2 11 18 42 42 26 63 126 95 75 73 139 46 18 11 29 67 49 45 75 57 8 16 77 25 26 27 34 99 126 86 90 43 28
1489 22 242 17 6 55 114 30 30 4 77 47 14 58 115 65 104 42 71 61 107 50 137 84 126 20 85 3 92 34 139 33 27 68 100 22 63 63 53 16 142 52 131 99 116 45 4
1490 22 276 9 68 64 117 19 100 1 144 72 137 96 15 36 98 3 47 33 127 29 76 89 30 56 89 48 53 42 6 70 107 73 138 8 25 79 11 80 144 82 18 93 32 22 39
1491 22 239 14 148 49 61 79 124 1 10 31 89 57 35 32 115 56 38 89 95 96 65 27 26 59 71 8 126 63 41 47 3 7 47 51 69 75 76 20 36 9 60 45 93 42 109
1492 22 275 99 29 49 93 76 63 72 102 39 80 24 48 7 137 91 103 89 97 1 92 15 77 17 136 63 75 96 107 68 37 67 16 10 95 79 131 46 19 21 66 16 7 56 21
1493 22 301 48 54 73 139 71 50 7 106 62 132 3 118 51 141 34 118 60 100 77 104 78 108 1 46 67 71 63 85 80 121 27 76 79 67 96 28 23 54 91 6 58 58 56 149
1494 22 336 43 23 8 44 52 13 71 9 63 18 27 133 83 11 62 53 67 40 78 48 56 76 75 79 81 16 84 38 92 36 70 64 45 113 65 107 86 25 69 103 4 87 64 15
1495 22 242 39 83 5 19 80 10 46 106 90 26 23 74 63 50 17 1 19 80 45 81 47 52 18 121 72 73 74 25 9 138 92 50 20 48 68 49 7 63 4 99 79 74 52 128
1496 22 214 90 52 46 71 49 78 17 100 96 40 23 120 65 50 78 52 41 27 21 38 44 71 8 75 94 99 5 69 1 32 4 29 79 2 6 147 3 3 38 28 22 3 27 2
1497 22 272 4 67 28 77 6 24 47 1 83 123 97 82 77 65 84 58 23 87 88 53 91 94 99 45 98 39 22 22 48 23 46 64 50 72 19 125 21 122 8 93 18 91 32 74
1498 22 246 81 6 12 119 10 52 62 61 47 111 49 70 82 41 68 56 36 33 58 10 4 132 25 141 74 144 31 145 77 4 76 83 44 94 21 57 19 69 52 139 53 142 6 8
1499 22 283 30 88 17 141 93 49 72 117 91 145 62 22 92 89 77 69 73 96 14 16 22 20 35 90 23 73 65 128 52 146 68 18 36 110 18 7 29 59 3 140 82 146 80 110
