1500 22 286 61 169 73 81 30 191 94 157 56 77 47 127 51 33 6 187 78 34 54 4 49 69 10 174 37 21 82 64 33 2 89 114 84 79 86 177 35 93 5 133 19 55 65 77
1501 22 244 94 194 10 99 49 15 48 17 24 21 18 61 93 51 76 26 53 164 39 136 42 176 64 29 21 21 61 39 27 78 67 20 23 128 19 172 43 166 40 118 38 157 30 83
1502 22 300 8 6 60 12 21 150 47 115 25 162 95 97 82 7 88 9 36 154 80 59 98 30 76 15 69 93 5 78 75 187 85 180 48 52 46 166 23 107 20 41 67 7 49 102
1503 22 215 60 180 12 41 78 141 16 44 62 61 48 139 35 86 75 166 22 17 81 167 83 4 25 194 23 65 29 65 14 40 45 177 33 74 18 200 17 131 21 46 54 195 11 89
1504 22 290 68 28 69 86 62 24 10 107 46 127 19 26 91 184 18 187 60 50 29 49 59 61 97 179 6 150 25 69 38 92 96 59 77 9 82 39 15 180 65 185 57 107 74 46
1505 22 302 28 175 57 156 24 185 67 36 81 45 41 183 22 9 72 13 56 182 42 16 64 132 83 195 96 67 3 154 87 29 99 66 73 178 92 39 13 25 36 106 7 157 66 178
1506 22 331 21 122 12 14 89 175 45 171 92 190 75 146 76 3 96 41 58 151 13 87 95 4 100 119 39 157 77 147 22 6 67 95 17 81 84 43 25 106 63 169 90 114 70 44
1507 22 274 9 62 1 112 27 88 58 30 39 76 20 47 52 166 68 109 84 163 26 16 98 68 93 3 83 161 50 72 74 119 15 34 33 68 97 159 7 54 40 197 81 111 43 184
1508 22 254 28 110 93 11 24 118 27 73 37 171 19 131 77 142 56 147 57 141 79 76 38 189 82 43 30 76 90 172 11 17 33 103 9 172 6 81 60 179 58 136 21 13 83 129
1509 22 303 53 161 4 142 2 137 37 181 66 164 71 37 74 187 21 77 29 200 23 62 8 50 87 107 57 159 91 87 76 51 90 117 78 5 85 43 68 55 31 142 93 51 70 159
1510 22 256 32 121 81 93 83 165 19 189 21 177 60 111 63 187 14 152 3 169 29 60 53 123 27 59 20 52 55 41 62 186 94 30 42 76 95 160 65 167 36 76 30 198 43 101
1511 22 257 16 111 81 175 3 154 74 7 25 177 13 66 38 51 79 132 80 120 7 26 31 23 93 118 98 22 15 111 67 179 78 147 53 45 1 58 71 159 35 147 52 85 21 30
1512 22 257 68 1 1 126 78 131 49 122 48 198 95 114 9 162 32 39 40 130 43 136 30 1 6 88 35 53 10 86 89 31 67 8 83 167 33 160 81 82 31 128 13 91 90 144
1513 22 269 29 29 73 71 16 154 71 22 93 57 26 102 94 66 32 112 66 78 5 178 78 38 11 125 68 138 89 158 27 132 86 7 56 156 23 109 79 96 1 187 21 155 33 186
1514 22 263 38 144 10 104 74 166 33 3 3 43 80 22 68 131 7 200 65 107 24 87 16 54 34 68 92 54 76 191 12 72 52 67 45 118 99 199 72 141 78 94 46 176 30 97
1515 22 260 44 195 3 19 33 170 24 167 90 15 20 163 91 163 74 62 14 192 58 183 56 55 30 86 2 31 75 131 79 170 77 33 88 110 11 76 78 47 6 120 9 32 81 75
1516 22 277 75 190 9 65 97 63 46 82 14 147 64 141 30 142 10 106 98 15 29 60 42 72 37 89 56 49 12 88 87 29 84 151 26 98 96 59 95 123 52 76 16 13 33 142
1517 22 250 10 100 70 122 41 93 29 22 18 30 85 105 4 171 86 187 73 63 21 121 48 115 95 199 42 163 11 74 74 146 14 66 55 94 39 72 23 124 79 46 66 165 19 28
1518 22 216 1 139 48 5 47 198 46 9 61 171 12 185 44 37 82 57 3 136 2 93 60 25 16 40 62 5 19 132 84 72 70 83 71 26 29 21 23 89 33 93 17 36 37 150
1519 22 305 44 91 37 146 84 196 22 151 87 76 12 191 46 143 26 17 64 9 40 189 89 60 63 178 92 156 30 60 91 166 9 187 45 132 93 53 94 179 80 58 25 152 47 42
1520 22 319 16 7 81 56 96 92 19 25 83 74 54 94 71 102 2 79 98 85 74 90 89 68 21 168 25 142 93 76 40 186 43 147 18 199 94 109 69 18 88 61 41 41 63 72
1521 22 270 38 99 45 180 88 64 7 188 93 51 16 32 10 130 5 108 23 65 28 92 59 21 62 146 82 55 86 96 26 76 46 170 55 85 34 6 92 173 98 194 40 81 50 163
1522 22 332 86 109 85 3 89 129 61 9 90 59 42 44 44 89 21 119 87 43 73 71 28 178 14 152 27 8 92 60 93 22 26 1 58 128 41 150 76 99 43 171 84 44 70 86
1523 22 284 85 40 13 115 54 64 93 13 7 152 1 199 73 126 52 183 6 92 68 46 95 144 36 66 71 109 97 40 46 34 31 58 92 48 32 96 82 20 26 33 2 83 77 170
1524 22 260 28 69 16 71 56 33 7 26 93 156 17 38 89 48 47 40 35 72 31 83 3 78 34 84 98 159 99 193 45 20 20 13 36 142 69 68 49 146 61 4 63 150 44 162
1525 22 311 97 183 96 68 65 30 70 43 64 105 92 174 73 190 67 117 62 86 30 197 28 50 16 28 95 128 31 109 78 126 74 108 18 141 24 47 66 110 57 84 39 99 2 107
1526 22 247 12 87 36 8 66 37 75 45 84 103 27 92 80 152 14 5 11 131 97 35 29 58 39 75 9 74 65 59 72 70 13 159 31 196 55 175 57 154 22 188 5 87 92 116
1527 22 250 69 40 50 98 97 1 88 124 61 113 19 139 11 40 3 70 20 133 17 175 60 147 83 13 23 69 7 66 84 175 6 85 24 2 86 111 77 46 13 127 8 116 96 28
1528 22 186 64 154 59 110 36 23 30 58 44 188 24 27 62 181 38 134 49 200 11 146 75 27 14 87 5 122 2 53 1 2 16 6 12 126 41 187 55 151 94 26 8 7 6 71
1529 22 273 44 139 71 144 1 117 18 127 82 156 84 55 58 36 55 111 51 112 22 176 5 60 89 175 32 49 19 77 79 42 72 80 10 41 91 197 41 146 54 176 52 64 64 137
1530 22 291 6 120 97 140 74 37 66 157 85 199 56 76 75 197 47 6 88 116 48 84 8 45 89 136 49 4 14 164 40 19 83 88 58 108 25 24 64 9 12 164 38 112 44 169
1531 22 240 35 11 17 170 18 113 10 153 61 113 24 4 89 6 92 146 13 168 21 128 76 95 39 92 95 77 55 142 72 124 28 134 49 151 4 10 56 65 22 25 40 78 46 121
1532 22 261 11 10 88 183 38 63 77 28 6 124 4 61 17 27 36 197 12 127 45 63 82 155 70 198 28 94 57 59 35 177 69 44 64 151 33 79 80 161 3 16 96 71 95 83
1533 22 258 67 106 61 12 20 143 18 189 92 97 35 29 54 93 15 130 13 11 46 163 43 24 42 103 59 196 19 107 89 133 2 96 38 44 65 78 87 62 64 68 8 82 96 120
1534 22 294 92 41 83 35 16 176 89 127 24 7 85 190 71 125 74 41 26 122 78 21 86 7 8 99 75 65 30 56 61 50 53 84 34 121 11 174 47 134 81 31 3 155 49 43
1535 22 225 81 22 20 1 7 179 8 6 1 34 70 130 42 182 31 141 35 14 26 55 77 199 53 110 83 137 34 189 37 176 69 58 48 122 64 126 15 191 56 172 38 196 6 103
1536 22 289 73 112 79 171 64 141 2 198 77 35 87 113 62 107 70 109 28 85 34 161 6 111 75 196 82 119 7 129 61 101 40 140 23 4 80 76 53 108 39 172 24 46 93 132
1537 22 235 25 177 18 185 34 28 11 81 97 92 55 172 28 116 24 167 7 47 70 38 22 123 45 184 13 116 10 160 38 187 88 7 71 22 35 34 2 83 77 53 90 49 80 5
1538 22 262 72 147 63 118 68 200 92 142 44 127 7 11 33 116 70 22 2 9 29 25 30 15 58 84 49 86 88 138 34 68 94 158 66 56 27 33 18 127 50 144 12 28 42 182
1539 22 250 78 23 48 35 6 196 72 194 86 6 13 131 63 178 39 141 62 145 59 40 47 54 10 34 43 187 25 136 68 102 58 115 88 64 9 147 16 21 30 150 71 63 12 81
1540 22 296 3 158 86 126 68 71 49 162 57 173 97 24 26 54 90 65 69 152 76 29 98 43 27 73 50 94 95 13 6 75 67 115 12 192 34 183 41 95 39 165 43 63 52 159
1541 22 223 17 55 34 46 53 177 46 79 1 196 73 195 60 130 21 26 44 132 69 178 14 161 24 153 78 167 67 172 63 70 30 131 25 16 28 29 74 107 31 90 32 112 10 9
1542 22 280 56 41 77 85 7 138 8 59 67 74 38 188 46 67 71 122 34 198 50 177 9 72 43 191 61 74 3 70 82 10 63 11 94 169 53 179 66 179 55 3 52 21 88 26
1543 22 259 55 186 75 183 8 135 51 126 15 176 80 37 58 189 99 68 34 19 19 138 97 184 16 103 38 34 6 158 21 31 64 6 47 66 92 1 68 169 43 148 52 88 1 171
1544 22 277 73 119 89 11 15 72 26 169 9 159 75 119 32 157 82 89 14 28 54 158 28 121 78 195 64 178 97 167 65 98 38 138 68 26 48 35 50 25 3 10 36 177 67 86
1545 22 232 10 155 51 189 61 108 69 181 38 115 96 115 11 163 31 160 52 20 28 77 19 162 26 144 16 136 45 15 97 130 24 3 80 165 15 140 33 196 77 47 43 143 9 57
1546 22 281 73 69 8 93 48 185 11 61 62 106 76 149 36 20 64 184 1 139 87 181 3 1 20 187 33 43 90 94 99 114 7 6 61 143 69 73 56 74 57 10 72 172 93 72
1547 22 226 10 131 4 165 84 123 3 183 22 136 25 63 81 124 77 94 82 134 54 176 2 178 31 128 87 89 48 158 33 20 20 116 23 136 99 98 38 181 71 125 6 134 5 81
1548 22 305 10 198 14 195 3 89 97 80 19 176 57 158 64 4 67 48 75 38 63 150 73 161 99 11 94 69 35 51 2 192 31 63 89 196 92 84 58 171 54 33 79 163 48 183
1549 22 308 30 95 9 67 58 58 40 18 56 2 63 77 88 113 79 195 45 20 90 54 73 111 85 127 43 164 41 190 98 70 36 6 89 93 16 80 71 81 25 147 20 38 77 151
1550 22 242 32 21 70 22 26 32 46 136 68 124 30 131 65 171 28 186 6 186 74 99 1 153 13 23 85 37 22 105 50 55 10 22 24 183 47 7 82 174 52 11 57 68 81 36
1551 22 226 53 138 73 127 36 173 31 100 48 16 37 69 20 114 18 174 23 139 49 105 7 133 32 36 80 40 3 12 76 107 85 137 16 36 24 140 50 38 9 75 60 99 75 65
1552 22 264 35 33 49 104 16 136 56 190 46 131 96 46 30 81 34 54 70 125 26 45 64 27 82 24 53 194 22 179 10 108 63 158 11 178 93 145 33 82 42 115 29 88 97 9
1553 22 297 21 50 56 142 75 133 39 190 11 20 14 163 65 87 93 174 95 7 83 5 85 127 2 169 8 143 36 137 82 32 97 155 81 153 96 7 86 197 6 162 10 122 48 155
1554 22 305 96 42 61 130 99 97 57 100 66 16 94 101 52 128 32 1 82 164 53 129 23 189 15 119 36 72 80 46 93 127 40 121 12 170 19 9 78 18 26 193 63 126 45 90
1555 22 281 9 97 71 124 1 52 46 189 66 116 25 37 47 122 81 74 73 21 94 136 42 64 96 119 33 121 11 195 98 7 37 158 3 7 82 55 10 79 44 175 95 120 63 141
1556 22 294 93 144 66 17 16 111 4 57 74 200 27 6 72 189 53 70 96 189 50 147 60 105 57 91 31 37 71 94 29 163 89 47 34 112 83 185 38 40 26 192 78 173 32 56
1557 22 233 23 79 16 79 35 158 78 117 46 100 62 74 14 150 20 144 5 29 29 116 63 114 2 122 31 46 99 55 77 54 55 121 7 41 36 158 75 135 71 49 48 21 43 177
1558 22 265 24 93 62 37 97 64 10 79 9 108 34 37 61 114 92 34 21 132 63 8 41 38 95 112 38 194 84 157 37 60 12 104 70 100 53 185 31 45 16 16 82 28 30 125
1559 22 233 13 102 56 76 61 49 65 155 12 102 49 147 10 137 6 18 48 62 40 147 14 124 55 196 21 22 64 2 1 45 78 14 46 85 41 6 33 105 44 6 90 167 85 148
1560 22 292 61 124 94 74 99 200 21 119 73 184 72 125 28 149 38 125 34 130 31 118 95 114 91 55 3 158 55 2 42 102 62 17 47 187 15 98 60 86 70 143 57 146 23 58
1561 22 306 36 47 43 165 29 160 51 123 73 141 77 128 98 83 81 191 84 195 59 82 33 174 79 92 11 200 35 119 46 109 76 181 55 170 97 84 30 47 6 154 88 135 37 17
1562 22 266 14 180 53 60 38 34 92 63 65 84 73 164 70 144 61 178 19 41 84 89 67 170 25 75 23 59 8 160 27 173 91 131 32 28 17 23 43 81 58 67 96 127 10 57
1563 22 286 56 81 49 140 69 138 6 90 74 182 64 196 40 23 7 19 95 197 1 26 77 17 19 97 58 85 93 137 47 101 92 127 31 47 87 189 36 160 70 51 62 74 14 132
1564 22 294 20 162 32 198 38 1 98 108 49 55 45 141 91 191 93 135 17 142 63 180 57 50 39 79 92 125 10 123 72 106 94 109 6 91 55 97 61 47 40 151 74 19 33 190
1565 22 310 81 112 99 30 2 177 46 168 58 56 42 54 79 99 47 87 57 37 55 63 33 167 61 172 69 100 97 87 84 39 19 95 37 200 96 113 94 32 38 101 25 91 23 37
1566 22 300 17 79 25 172 41 157 38 2 81 7 53 177 45 189 15 64 35 103 63 131 95 176 98 132 76 22 74 106 97 162 22 175 86 193 68 95 83 21 75 89 3 85 13 70
1567 22 267 48 48 72 163 30 139 57 105 88 141 32 110 14 37 6 76 10 132 61 3 99 107 85 171 81 125 96 136 8 5 55 128 23 184 66 79 40 154 71 123 15 85 11 20
1568 22 227 12 121 3 124 23 54 31 159 24 63 35 19 98 195 27 154 7 33 82 29 69 99 60 8 4 30 83 18 66 193 89 177 13 92 1 187 45 83 20 145 39 95 78 165
1569 22 305 48 84 49 81 65 117 80 124 77 183 53 159 19 151 41 147 16 184 99 2 81 99 26 29 38 72 58 54 71 94 54 152 83 81 17 185 57 169 55 159 62 102 74 197
1570 22 261 28 29 33 26 10 6 17 181 64 122 51 109 75 154 66 97 36 98 47 53 82 155 73 189 14 186 42 39 35 141 63 25 43 142 34 149 58 66 31 117 72 157 70 137
1571 22 251 6 58 34 152 62 67 7 186 55 172 72 96 58 189 28 20 65 70 61 99 70 170 64 133 52 32 4 8 54 92 11 125 17 124 44 175 9 150 46 32 98 107 89 138
1572 22 287 86 60 2 8 20 200 77 141 16 110 92 147 65 152 57 116 10 33 84 33 28 158 94 78 3 125 75 162 66 164 47 25 54 197 17 83 37 132 44 81 78 8 99 139
1573 22 292 49 83 24 76 40 17 5 95 93 131 56 10 94 154 35 159 60 183 27 142 71 58 37 151 44 134 64 112 85 103 19 178 87 10 46 192 4 190 74 111 68 65 86 78
1574 22 235 24 168 4 17 38 13 53 141 47 48 26 63 59 10 65 170 80 94 9 190 39 152 45 180 25 156 79 192 20 164 21 95 31 176 63 121 88 67 61 87 14 86 49 25
1575 22 277 48 65 46 27 58 154 68 148 5 13 27 130 6 73 39 21 85 104 21 199 24 161 65 84 47 130 95 154 20 11 52 99 66 67 62 78 93 191 97 50 15 87 71 60
1576 22 267 23 174 33 21 49 145 85 184 43 15 4 89 20 176 99 171 74 66 76 139 32 37 69 76 79 117 26 193 56 148 5 178 73 189 21 85 83 4 27 49 59 115 34 13
1577 22 257 39 59 30 66 98 113 54 118 88 32 86 65 77 141 12 133 19 84 21 69 4 5 51 59 83 152 18 97 20 103 61 10 62 90 76 111 2 129 28 189 13 165 89 106
1578 22 239 17 21 24 101 93 92 56 49 94 15 31 97 32 79 68 186 39 178 47 28 5 57 29 85 36 169 97 1 74 37 58 191 9 33 43 53 76 198 1 21 12 83 18 95
1579 22 310 61 85 81 51 14 179 78 170 36 58 55 23 79 3 75 152 92 32 94 200 64 136 53 139 86 105 60 49 40 29 44 100 13 176 3 79 54 180 48 141 90 102 20 57
1580 22 288 38 23 48 122 17 199 85 4 3 76 89 60 87 138 99 15 33 98 79 8 52 157 13 132 57 54 73 58 92 66 6 14 65 27 82 64 64 86 18 191 26 77 29 15
1581 22 298 75 143 99 125 73 158 76 82 71 159 38 76 31 47 44 174 13 149 40 177 28 21 92 43 58 162 85 184 50 65 7 149 89 179 16 60 97 3 57 144 46 83 8 147
1582 22 265 22 136 26 42 80 68 41 4 35 30 16 136 94 122 36 34 50 112 21 176 60 176 84 55 73 118 62 71 39 150 96 181 29 115 32 21 18 18 85 153 6 189 58 82
1583 22 252 30 21 54 57 80 181 93 35 6 10 48 176 49 197 72 81 25 138 64 45 8 81 47 192 33 94 50 173 22 7 4 27 60 112 58 40 56 192 45 166 40 73 66 36
1584 22 291 44 98 13 33 9 40 93 55 84 177 48 33 50 122 39 155 77 17 14 40 74 6 18 102 65 157 30 144 69 179 56 102 91 165 35 171 76 163 71 108 12 144 98 19
1585 22 288 72 66 84 63 92 189 10 109 43 74 65 16 55 160 85 133 16 138 75 32 30 9 54 106 24 165 35 119 15 5 42 80 89 5 71 129 14 131 88 195 87 194 7 23
1586 22 252 27 22 60 53 5 189 14 158 46 137 34 163 23 52 77 128 8 116 50 79 96 163 9 167 2 156 48 62 74 35 86 78 39 26 91 148 24 27 81 138 85 114 29 30
1587 22 231 21 144 79 151 39 93 12 57 47 19 61 194 80 87 19 66 24 48 4 102 3 77 17 84 14 18 20 79 46 149 99 141 2 32 23 13 88 121 83 1 62 39 84 79
1588 22 223 63 132 34 16 22 136 92 138 19 57 8 90 35 105 38 85 98 68 29 191 2 68 11 84 68 177 45 59 12 175 21 95 88 116 44 31 6 14 87 65 4 173 69 93
1589 22 276 9 166 61 147 94 151 48 14 13 132 33 141 28 91 53 3 63 199 62 50 15 105 32 72 71 70 36 174 42 104 66 3 70 178 49 15 80 148 93 79 85 59 3 89
1590 22 269 13 118 88 74 67 154 79 151 25 1 20 160 74 14 63 191 16 84 69 116 51 200 30 44 94 42 29 152 97 117 14 156 89 132 9 119 82 133 19 54 44 44 7 187
1591 22 268 86 142 7 101 92 106 15 22 50 8 78 111 11 46 26 76 54 167 8 62 85 41 47 156 46 190 99 64 48 185 49 190 43 101 81 149 16 154 75 169 27 38 31 24
1592 22 273 15 59 77 181 66 191 58 137 21 104 78 171 67 126 8 168 50 68 47 50 35 153 99 10 73 77 55 101 61 113 29 194 30 19 59 188 7 31 43 137 53 161 62 12
1593 22 270 28 128 62 196 26 163 30 30 91 102 38 189 57 190 2 69 71 195 99 141 5 138 48 187 80 184 39 140 97 151 20 76 64 15 1 178 96 31 84 129 27 40 18 128
1594 22 231 61 88 74 11 81 78 28 64 31 163 55 170 11 57 41 186 72 107 38 49 3 120 88 193 4 168 19 195 85 199 7 125 17 105 2 116 84 165 46 198 71 68 8 127
1595 22 277 8 45 98 67 82 47 21 102 86 113 57 53 83 51 89 181 58 165 5 26 6 94 4 70 91 53 41 58 12 19 18 156 69 84 38 15 52 68 99 104 50 49 44 31
1596 22 288 58 109 87 36 29 92 85 113 19 189 5 129 1 24 98 56 92 133 45 158 88 135 61 155 16 4 34 159 86 143 72 178 15 106 84 128 77 24 24 59 2 180 76 111
1597 22 298 21 163 71 175 47 86 30 180 97 68 75 15 39 52 14 6 10 149 85 86 73 168 42 96 79 143 27 180 28 103 91 48 65 113 74 111 99 55 43 195 22 69 61 113
1598 22 307 72 75 18 181 75 2 47 121 59 195 99 53 73 31 80 75 79 91 85 52 54 135 48 81 16 42 92 87 68 161 20 42 14 189 41 35 35 85 52 107 67 184 34 139
1599 22 280 62 176 76 66 29 162 24 28 95 55 43 188 47 130 55 107 1 48 21 89 88 7 74 43 92 133 10 75 18 200 93 27 53 74 41 28 35 83 44 122 81 25 39 77
1600 22 248 75 11 65 163 17 105 88 12 96 120 21 22 89 72 9 82 99 14 7 39 41 7 25 123 2 46 3 78 73 142 54 147 52 71 61 121 49 132 22 120 4 143 42 125
1601 22 221 16 100 15 57 6 39 31 160 84 34 37 8 27 143 55 30 13 167 2 187 67 185 8 39 88 2 99 63 4 192 39 20 91 54 28 148 92 158 7 128 43 96 35 21
1602 22 297 38 89 51 50 8 104 88 174 89 47 12 76 48 162 90 3 53 29 22 43 34 49 91 125 59 49 52 101 44 187 81 27 24 182 86 179 69 160 67 15 23 95 62 85
1603 22 326 84 17 89 164 38 32 97 39 74 122 49 22 25 49 66 63 22 98 42 197 80 27 76 48 15 61 36 76 72 92 37 35 82 68 93 57 20 15 81 20 32 44 94 29
1604 22 255 85 90 60 63 17 108 1 59 22 61 46 149 9 169 93 145 56 26 65 139 49 157 95 68 23 127 39 54 32 35 6 174 94 21 90 153 21 200 26 33 27 141 66 71
1605 22 314 37 21 96 1 11 144 10 105 63 184 84 153 90 105 85 24 69 83 99 174 3 199 51 135 77 27 61 147 34 194 16 44 89 77 1 3 60 84 56 1 88 192 76 50
1606 22 285 1 197 84 199 70 186 49 72 72 44 98 5 47 113 38 193 80 181 81 156 36 167 16 191 68 104 34 95 5 134 91 189 60 174 33 132 46 76 32 95 30 7 69 22
1607 22 314 38 102 55 145 34 90 64 50 32 31 5 165 77 9 98 168 97 181 27 123 13 110 20 41 93 14 72 75 73 193 96 162 46 102 7 179 91 170 80 22 52 84 86 28
1608 22 301 45 35 95 41 68 174 15 132 35 34 72 128 96 154 24 188 49 85 33 103 91 163 93 160 67 111 78 4 22 191 85 15 58 10 29 89 13 124 14 8 77 37 47 77
1609 22 303 21 131 79 112 93 72 23 187 90 86 17 93 76 90 83 60 4 192 70 185 33 66 99 45 89 164 52 65 50 93 20 80 72 183 43 6 11 184 91 179 28 18 68 63
1610 22 279 29 124 54 98 8 86 15 158 82 103 21 133 19 72 34 12 91 113 83 126 85 177 47 112 73 125 39 142 92 1 70 67 7 20 26 92 74 189 55 58 44 70 69 156
1611 22 230 4 94 92 32 76 138 43 100 14 82 41 158 34 10 24 192 29 150 84 115 9 103 39 18 61 164 31 84 69 86 77 160 18 104 50 12 3 63 45 195 20 79 57 44
1612 22 301 70 137 93 105 51 128 65 153 66 35 14 182 47 96 15 133 94 127 50 97 76 62 52 38 58 198 36 154 53 158 91 197 41 124 79 46 42 65 11 123 63 158 39 78
1613 22 246 90 84 56 92 81 131 5 184 68 162 77 50 87 29 7 177 20 69 1 50 14 42 66 176 16 129 33 6 58 175 13 66 22 195 70 5 62 131 37 91 32 23 71 138
1614 22 282 51 48 10 172 11 37 93 129 13 8 9 97 66 71 54 30 36 75 24 57 31 137 88 120 79 71 94 50 45 49 70 16 32 52 92 60 16 199 68 113 63 185 83 169
1615 22 268 14 119 43 189 75 26 78 114 45 56 85 190 5 145 34 105 66 1 4 49 95 109 20 145 28 84 60 65 67 28 30 137 22 19 63 199 96 129 51 65 33 8 61 118
1616 22 361 64 126 71 68 74 27 14 34 98 159 82 170 78 100 49 159 36 170 29 50 69 24 63 127 42 147 86 2 17 149 79 39 68 5 65 182 90 62 92 55 95 61 84 194
1617 22 283 61 143 81 82 71 31 50 47 8 65 25 2 63 10 55 179 10 34 69 78 90 33 11 179 47 54 86 141 66 169 35 26 67 107 82 97 9 180 57 173 4 58 87 65
1618 22 324 64 18 74 149 86 3 38 171 65 69 17 18 54 157 83 22 43 108 85 110 15 66 58 123 97 14 47 100 71 133 35 102 89 183 88 44 73 58 8 93 26 146 82 60
1619 22 280 19 177 68 3 86 134 20 43 8 16 9 54 67 31 38 30 65 40 71 200 79 114 24 88 73 116 13 50 94 110 31 22 77 134 7 162 53 102 69 121 62 22 87 92
1620 22 303 11 169 9 102 91 60 80 104 83 19 28 150 31 178 62 177 87 92 98 115 77 57 76 82 10 196 2 171 69 188 79 108 70 133 29 112 53 111 81 12 13 10 73 189
1621 22 268 48 65 87 162 41 195 89 74 4 184 75 74 15 135 82 122 5 114 72 85 78 124 60 156 59 24 65 132 13 12 51 125 40 145 14 48 88 73 3 54 7 85 76 63
1622 22 318 50 147 79 22 47 138 78 5 14 142 88 126 6 35 28 30 75 172 40 171 46 27 95 149 81 153 85 8 16 134 67 13 27 113 2 104 69 15 98 157 92 55 91 119
1623 22 245 36 117 42 82 56 164 28 35 58 76 67 111 60 74 78 145 31 96 9 57 8 163 13 76 29 62 84 173 16 127 43 151 95 37 33 51 37 110 87 103 72 198 1 94
1624 22 259 58 96 55 66 17 130 82 197 91 66 69 58 44 12 9 138 48 193 40 199 4 176 60 90 30 183 39 109 35 132 18 182 86 184 36 154 65 70 51 56 87 119 13 30
1625 22 292 82 73 19 81 17 59 32 120 86 43 61 16 26 199 76 112 83 194 94 168 29 81 74 193 50 24 48 36 13 65 28 137 84 8 54 194 91 73 79 34 34 146 11 184
1626 22 270 22 122 66 15 15 186 43 96 59 135 45 34 35 33 27 199 49 6 87 184 14 40 77 156 65 156 89 50 53 199 33 74 21 99 88 87 36 182 34 94 69 131 55 163
1627 22 261 5 105 11 11 91 195 76 31 23 131 95 30 72 144 83 70 28 156 42 178 96 181 13 129 14 58 97 44 36 103 58 93 7 169 3 198 15 30 37 112 74 19 69 101
1628 22 224 53 48 8 146 26 155 90 84 92 48 32 35 35 135 45 27 41 65 81 90 79 110 17 167 22 142 37 4 62 37 10 197 6 135 51 31 76 186 23 18 9 10 4 105
1629 22 278 36 44 69 117 34 147 78 2 65 151 96 2 7 157 90 114 18 186 19 104 89 2 80 74 75 54 43 135 63 146 39 51 42 7 27 105 22 199 5 184 64 170 53 2
1630 22 273 41 57 90 94 88 115 68 41 10 155 56 55 93 106 48 152 76 174 8 71 54 129 69 180 3 125 15 19 95 20 20 187 61 80 27 99 7 36 53 14 91 198 19 190
1631 22 217 49 94 64 156 17 69 37 137 39 14 67 57 8 86 28 46 13 40 25 127 23 133 2 76 47 44 73 17 34 173 63 149 31 17 16 19 68 155 32 34 91 119 43 136
1632 22 281 31 182 60 157 48 83 42 102 10 140 97 134 56 130 6 170 78 185 46 101 19 14 7 102 47 121 93 118 63 128 88 57 96 22 98 197 37 46 16 144 75 121 14 5
1633 22 276 5 165 2 5 35 15 63 137 14 84 29 131 98 56 30 94 95 86 42 16 83 90 71 135 13 115 10 185 80 66 90 96 67 46 31 34 61 19 99 44 47 81 41 154
1634 22 235 10 187 49 148 28 116 30 17 66 53 52 78 67 13 15 98 78 56 93 144 1 75 29 61 27 56 39 7 45 69 35 93 16 14 60 145 25 149 33 155 69 164 74 24
1635 22 272 9 118 76 183 46 89 28 125 44 18 31 44 62 199 78 6 14 143 66 111 73 90 59 57 2 164 41 175 87 101 15 84 42 103 11 118 98 128 48 42 90 199 71 47
1636 22 300 64 114 12 26 38 102 37 94 97 114 47 61 6 174 99 7 69 13 90 10 67 152 27 65 31 127 58 72 77 28 19 40 93 130 18 130 83 54 76 80 22 140 72 147
1637 22 239 90 78 16 103 19 125 69 70 4 185 53 82 94 124 58 22 42 149 66 172 48 154 23 185 37 96 76 9 43 166 38 158 68 109 34 188 30 37 25 182 18 118 6 27
1638 22 299 91 147 76 157 70 141 4 176 60 178 12 48 73 188 56 115 53 46 72 172 54 106 59 83 94 35 65 164 22 190 43 20 51 42 58 54 17 169 83 80 16 56 67 24
1639 22 316 70 19 69 194 42 174 51 53 56 144 87 72 59 39 93 49 34 13 65 184 54 22 90 22 72 101 58 179 20 181 1 138 49 94 80 22 44 132 29 39 98 9 45 98
1640 22 303 94 9 14 129 62 188 70 35 77 194 88 86 72 7 66 72 96 66 17 175 39 60 58 68 51 28 20 100 16 149 33 125 61 186 49 83 73 78 76 60 63 47 18 181
1641 22 338 71 113 46 187 88 37 99 97 56 1 76 175 15 42 47 166 61 160 4 62 94 76 91 69 87 53 67 104 85 89 16 183 55 19 26 104 74 26 79 200 77 146 41 76
1642 22 275 92 7 88 3 62 1 96 137 91 16 75 96 35 78 80 123 45 62 50 100 32 175 3 105 33 56 28 78 97 103 22 55 43 76 16 43 24 4 34 39 30 181 25 159
1643 22 253 60 148 3 74 97 54 5 72 8 162 23 93 69 51 70 65 43 71 47 119 38 190 42 93 75 132 22 55 57 132 66 56 35 139 4 140 96 127 9 150 92 77 52 113
1644 22 304 94 56 56 116 55 26 6 96 19 98 22 50 72 176 58 3 93 165 89 84 69 181 31 195 80 139 96 71 15 199 83 60 7 90 76 161 81 56 33 30 29 35 53 104
1645 22 235 44 8 48 109 31 129 28 161 75 107 51 123 29 18 21 64 77 127 5 4 87 20 36 94 4 166 22 190 70 77 34 177 94 25 7 74 20 148 63 170 91 187 6 16
1646 22 220 17 111 19 156 82 155 1 85 72 175 75 41 3 160 70 79 5 146 86 178 49 157 25 11 26 195 54 113 37 159 80 5 21 98 12 102 4 113 39 75 65 68 41 76
1647 22 271 37 120 80 134 57 157 82 113 81 45 90 27 98 54 15 108 33 120 29 31 31 182 34 95 20 61 36 128 26 111 16 197 49 105 69 31 58 9 23 164 24 183 96 195
1648 22 269 11 78 77 44 64 72 24 156 51 3 33 62 70 29 3 118 85 101 99 53 83 125 63 91 26 14 81 21 8 43 87 114 2 37 15 152 91 148 65 60 28 20 13 72
1649 22 259 27 17 54 3 79 44 4 10 86 77 17 129 53 167 40 112 68 28 71 18 74 188 29 53 7 157 65 78 83 82 38 12 26 191 16 35 76 144 56 22 8 122 61 20
1650 22 274 41 40 46 112 9 171 51 37 23 57 93 40 86 27 21 68 16 84 45 158 99 32 34 94 87 141 15 94 63 127 13 103 66 110 26 32 62 55 24 106 94 61 85 166
1651 22 308 80 100 49 125 58 200 8 43 45 94 83 160 87 197 38 52 52 156 13 17 81 145 85 43 51 8 96 69 84 161 48 36 61 24 93 160 31 87 5 176 69 116 15 18
1652 22 277 53 118 69 108 30 85 89 126 21 183 76 29 34 71 49 170 83 148 5 144 72 49 55 54 35 59 26 96 79 13 92 138 42 29 78 168 12 195 77 46 18 77 15 200
1653 22 263 25 171 43 148 71 150 53 57 8 134 11 134 29 135 64 41 78 53 83 106 31 2 55 142 48 183 39 165 60 105 17 84 75 11 45 160 35 101 20 69 97 150 68 90
1654 22 287 27 20 72 133 2 125 87 196 24 69 34 189 80 39 57 115 65 67 97 110 84 162 46 52 77 150 26 69 89 105 40 112 37 142 88 75 12 95 22 152 75 60 8 41
1655 22 291 25 26 38 186 52 121 99 149 24 76 98 23 53 118 64 57 58 27 45 51 15 71 39 178 66 160 29 92 72 88 32 48 13 21 85 117 93 83 65 16 10 115 91 63
1656 22 263 32 106 71 141 16 143 98 138 81 75 3 193 55 146 42 30 63 107 2 99 23 95 39 62 43 105 4 105 89 109 27 29 41 194 72 138 65 34 48 119 61 113 77 19
1657 22 227 14 75 41 160 56 31 22 50 36 25 6 24 86 32 52 78 26 175 67 157 31 131 42 78 50 25 62 137 17 180 3 144 72 162 51 2 35 200 37 112 5 160 97 136
1658 22 257 64 74 61 138 40 69 68 123 11 98 72 35 90 85 24 106 26 49 35 39 51 36 74 150 25 85 54 84 33 190 47 58 2 137 49 171 4 171 53 94 67 42 78 90
1659 22 320 93 167 79 6 51 167 31 200 91 15 54 174 99 195 21 56 48 109 56 170 64 27 2 117 72 21 58 50 62 57 94 29 9 173 86 159 39 116 29 82 63 154 80 109
1660 22 296 26 87 57 34 94 78 98 120 80 14 44 152 23 193 65 132 38 145 40 110 30 198 48 45 7 28 78 22 82 157 59 195 93 89 16 190 60 47 55 103 29 47 62 160
1661 22 280 85 107 51 46 88 148 94 185 7 73 62 28 6 171 9 65 65 147 5 62 50 117 60 4 19 57 32 18 70 144 54 28 99 16 44 200 52 117 61 179 22 31 87 138
1662 22 313 48 185 46 104 98 95 20 57 50 191 13 34 8 35 29 161 62 22 59 29 67 3 28 118 71 41 96 144 23 135 82 170 79 74 69 126 45 125 75 35 90 160 94 176
1663 22 294 88 154 37 110 65 18 28 19 97 146 89 37 93 32 12 79 33 150 44 158 18 69 3 94 95 189 35 155 83 10 42 136 99 103 52 16 70 12 10 1 20 42 64 99
1664 22 254 6 96 48 1 54 17 21 8 62 16 96 97 22 178 15 66 4 18 17 71 39 83 79 148 35 98 89 198 47 93 99 98 20 105 77 187 53 73 8 30 30 22 95 34
1665 22 237 91 64 4 42 2 138 20 149 24 170 90 121 17 136 66 16 86 15 30 105 6 43 72 130 50 153 60 124 48 93 14 111 56 64 38 27 12 161 1 34 65 188 99 32
1666 22 326 74 13 61 130 84 67 73 7 96 74 60 7 97 159 99 111 21 199 18 84 36 196 95 148 44 148 81 160 35 179 91 160 51 90 79 169 62 186 17 87 23 84 7 174
1667 22 245 94 27 72 163 62 159 10 108 58 53 55 39 12 142 69 154 1 112 5 190 43 25 3 180 41 90 76 16 25 34 89 70 32 73 22 141 79 146 39 117 9 80 86 63
1668 22 257 32 149 19 74 91 143 76 122 36 117 49 51 41 182 62 193 2 93 17 123 86 149 1 131 39 70 18 155 53 49 55 171 22 198 66 150 68 103 11 49 93 72 94 194
1669 22 264 17 162 68 102 62 68 84 100 37 174 43 27 18 98 97 91 47 62 40 165 14 10 16 172 85 108 78 53 11 91 72 164 53 140 52 28 73 69 23 99 38 72 28 118
1670 22 237 61 120 34 174 29 18 42 100 54 1 94 131 5 173 25 168 16 67 77 196 91 197 70 189 41 187 10 47 80 143 73 160 12 114 11 65 14 105 47 119 20 196 44 163
1671 22 273 98 20 58 88 68 127 28 1 19 15 14 28 13 145 23 185 5 34 67 99 12 123 97 130 83 116 25 115 88 112 52 51 76 179 51 194 93 164 74 158 9 96 42 165
1672 22 262 81 40 31 179 3 154 28 132 88 43 9 154 54 48 18 37 96 169 87 71 47 89 17 92 53 142 49 113 37 190 29 117 59 48 83 164 75 67 4 169 27 109 74 126
1673 22 255 11 69 94 149 92 193 89 60 84 41 1 84 5 189 25 133 6 144 4 140 59 30 14 151 23 25 57 48 87 78 21 86 75 180 69 16 80 4 72 168 28 157 24 33
1674 22 241 52 80 73 110 61 130 76 11 14 198 35 122 97 121 51 90 7 71 27 34 2 47 1 181 50 72 78 28 62 79 55 186 41 15 68 16 33 165 12 54 13 85 57 3
1675 22 279 43 179 81 176 28 176 13 177 6 179 88 68 58 194 53 150 60 120 17 137 52 81 49 58 93 185 66 147 79 144 55 124 7 182 89 83 1 89 40 108 69 185 70 144
1676 22 230 32 186 81 35 18 181 44 162 17 9 9 195 5 88 49 180 94 183 68 28 63 120 16 74 59 23 42 95 35 111 39 118 48 71 4 65 51 100 27 167 60 87 61 164
1677 22 308 74 162 96 119 44 63 46 58 83 14 32 93 88 173 22 36 78 191 48 95 98 146 26 16 5 12 28 169 37 89 64 55 84 78 42 12 13 173 57 1 97 44 73 17
1678 22 309 19 20 63 18 69 8 43 84 12 106 80 42 4 195 48 187 25 47 36 12 92 164 53 87 89 36 59 5 54 78 67 123 98 74 65 133 86 122 96 17 15 99 64 162
1679 22 286 37 188 61 169 75 124 72 67 87 24 5 27 12 164 32 165 93 50 88 91 76 104 23 113 78 70 29 92 20 44 6 157 83 166 25 158 41 148 79 172 80 105 43 88
1680 22 235 99 188 38 138 78 13 94 52 25 171 22 5 14 41 1 19 49 183 36 73 40 176 21 67 54 144 47 111 41 198 28 128 87 66 5 99 11 57 75 181 30 132 46 170
1681 22 276 32 165 19 66 52 143 6 28 15 24 33 10 70 143 87 111 93 15 38 179 95 30 42 3 4 174 53 18 35 171 84 87 66 41 80 64 50 190 86 193 28 96 37 42
1682 22 333 85 15 25 79 44 66 81 200 39 164 38 110 17 8 87 43 82 4 83 47 84 98 97 125 35 41 52 130 77 146 15 43 22 45 88 78 90 178 41 27 57 34 96 76
1683 22 244 64 199 10 163 34 160 59 10 94 51 14 76 79 59 42 121 80 86 19 163 49 156 27 87 12 112 21 159 40 185 47 43 60 157 5 154 7 118 81 85 76 22 57 107
1684 22 307 59 68 78 174 67 178 29 45 64 92 57 85 51 96 21 160 96 119 54 56 75 158 61 33 41 69 2 114 25 61 72 44 90 145 11 167 73 55 82 165 63 18 58 38
1685 22 281 78 106 8 183 13 134 41 25 66 167 17 186 21 30 63 133 1 6 22 98 16 40 70 23 86 185 91 4 95 180 81 52 88 64 64 21 56 140 39 74 24 146 85 86
1686 22 288 78 37 44 199 34 11 90 56 33 11 93 170 1 97 16 180 29 167 19 144 82 40 99 21 30 125 76 53 70 112 91 100 50 186 40 193 2 85 98 154 65 133 14 131
1687 22 237 4 157 64 95 8 184 24 132 11 76 53 74 18 52 25 51 2 110 47 141 54 75 42 91 95 23 88 179 36 170 34 193 33 128 52 68 51 83 78 179 35 103 96 39
1688 22 242 27 99 40 137 97 32 90 71 25 32 46 171 55 33 1 42 2 135 86 134 62 137 65 171 30 143 6 132 44 110 35 198 36 166 42 171 51 12 12 19 98 4 21 60
1689 22 271 93 73 76 63 54 118 20 137 59 15 47 99 49 44 34 66 83 192 7 154 94 70 30 29 48 16 31 104 89 142 13 117 10 167 55 45 44 101 43 145 45 28 62 79
1690 22 291 71 69 84 165 90 114 45 23 13 112 54 68 52 95 15 65 64 25 83 197 6 37 93 49 35 145 86 115 7 64 85 127 48 49 16 113 91 77 9 96 60 142 59 176
1691 22 310 5 135 10 54 40 147 46 141 88 133 37 173 47 143 36 131 69 35 32 37 99 76 79 176 74 120 96 15 30 171 72 165 81 125 56 179 70 148 66 54 85 90 25 31
1692 22 263 48 112 14 136 10 141 85 177 39 56 24 105 86 94 76 2 26 100 9 56 22 109 73 75 93 62 27 123 50 22 57 11 62 22 90 160 3 13 65 40 59 192 36 92
1693 22 255 54 192 65 62 16 91 6 130 17 28 68 125 50 69 98 6 31 12 80 178 1 139 33 114 55 172 24 147 59 190 70 2 18 96 36 47 63 66 41 112 86 39 49 94
1694 22 293 2 139 26 167 46 149 90 192 65 149 33 86 50 138 16 19 85 3 49 18 82 142 29 167 80 150 83 181 76 82 41 153 1 86 53 90 77 70 38 9 55 188 98 123
1695 22 244 58 82 25 23 31 142 56 72 23 23 3 124 5 135 74 32 68 66 36 168 51 140 27 9 95 187 16 34 84 38 92 165 14 166 47 56 21 70 30 43 24 105 99 158
1696 22 284 30 82 26 195 17 93 45 157 50 123 97 109 32 182 44 69 25 61 83 90 59 190 63 129 71 57 52 75 56 62 5 189 87 199 58 31 66 133 82 81 27 14 62 70
1697 22 275 34 187 82 168 28 141 57 90 21 127 47 124 54 54 85 158 42 123 56 199 6 51 64 38 69 198 18 195 11 131 16 196 98 164 97 38 72 186 58 151 84 133 4 137
1698 22 298 18 61 31 192 68 81 97 171 34 39 94 3 33 56 86 200 51 154 66 50 38 188 95 188 71 28 43 160 3 42 88 22 22 185 92 18 70 182 63 25 10 166 21 63
1699 22 283 62 38 13 100 75 52 94 14 22 173 56 33 69 110 74 109 84 148 93 27 17 114 9 180 38 174 49 47 39 121 10 153 59 174 52 185 25 197 99 98 6 83 90 68
1700 22 266 56 50 51 55 42 177 72 8 85 151 45 111 92 49 53 153 30 26 14 2 12 51 26 170 33 15 37 41 17 187 95 110 15 66 52 168 62 162 19 5 90 57 67 19
1701 22 241 34 22 32 187 26 196 37 151 17 170 18 153 10 134 91 104 43 157 22 160 8 89 73 121 7 177 35 196 85 101 66 170 50 156 97 144 13 113 67 117 74 152 59 130
1702 22 240 95 115 51 106 23 139 30 195 98 6 29 45 42 81 11 63 55 112 70 154 8 113 3 172 78 122 40 3 25 198 32 19 12 182 76 186 73 105 33 170 62 161 14 155
1703 22 288 94 176 17 148 87 138 1 46 51 155 69 180 28 8 82 53 57 66 71 69 47 99 6 71 3 138 40 17 44 133 91 172 77 43 79 197 38 10 25 97 92 77 54 9
1704 22 341 99 74 7 197 79 78 52 169 69 168 71 74 90 14 59 29 56 130 6 198 98 136 46 35 70 84 37 198 97 49 10 103 45 40 80 148 60 49 67 130 74 157 95 32
1705 22 303 37 50 61 42 99 11 78 97 97 123 66 80 11 16 16 107 64 177 9 60 69 141 60 128 89 26 58 14 34 104 46 71 6 158 56 168 93 152 17 115 70 196 77 185
1706 22 318 64 135 40 96 59 108 36 18 88 176 96 197 89 129 86 199 5 144 63 61 55 12 79 122 81 127 50 117 90 37 16 29 32 127 19 144 76 94 91 72 34 20 23 20
1707 22 265 70 128 15 32 40 129 39 103 60 112 36 186 61 152 75 49 20 103 80 146 43 98 41 18 32 41 29 103 64 148 72 43 14 56 34 142 94 36 1 157 71 186 69 175
1708 22 276 12 18 46 115 97 91 9 47 83 179 41 166 19 69 68 134 40 128 33 195 61 27 27 196 65 164 93 176 38 42 82 80 51 80 15 29 20 80 99 41 48 85 60 39
1709 22 297 12 93 33 73 71 72 69 97 19 39 13 182 84 141 67 121 82 148 53 184 27 67 64 46 98 115 38 197 99 150 35 10 94 67 34 64 90 154 8 193 25 42 76 17
1710 22 271 8 148 50 55 52 134 81 70 49 78 68 163 64 113 17 199 23 10 25 107 62 136 66 54 12 7 28 66 78 120 80 63 1 111 82 68 74 49 84 138 60 178 20 2
1711 22 314 56 181 89 22 86 101 80 66 46 45 57 117 76 119 69 177 30 2 96 55 2 179 92 170 12 4 47 62 75 100 55 140 90 40 40 22 20 67 53 128 83 129 3 57
1712 22 297 28 156 4 34 57 183 77 126 46 132 24 107 6 123 76 60 63 17 51 54 90 59 25 56 12 53 91 192 99 145 78 101 3 111 37 39 83 183 71 6 89 176 81 16
1713 22 282 88 95 85 190 48 126 49 73 82 112 77 124 3 127 68 54 4 168 56 66 93 104 11 127 26 68 15 154 83 141 94 119 30 94 44 130 18 177 41 194 95 120 20 148
1714 22 308 75 39 56 92 15 100 95 77 26 173 45 192 44 126 66 190 96 147 83 40 77 200 68 117 93 20 64 64 39 111 38 129 18 29 17 175 72 94 47 68 86 24 12 163
1715 22 312 89 101 59 188 35 150 64 134 17 132 78 136 95 141 26 158 55 175 58 50 44 32 73 137 31 41 74 154 52 137 4 95 82 138 96 45 23 112 76 100 40 177 80 69
1716 22 324 83 154 26 84 49 157 57 86 87 97 11 193 99 187 55 193 68 44 88 12 66 52 39 117 3 161 56 179 92 24 62 198 45 146 1 183 96 49 94 88 48 92 74 154
1717 22 278 37 41 97 176 4 62 79 94 78 181 7 85 12 98 60 173 95 8 69 193 17 70 27 112 70 72 99 118 64 24 71 152 20 79 19 33 10 112 63 190 47 101 68 107
1718 22 233 25 14 66 94 58 82 15 85 45 184 56 95 53 71 18 76 74 133 47 53 3 79 14 167 41 3 36 88 55 146 32 121 63 125 78 197 91 162 27 70 31 140 5 6
1719 22 311 66 190 52 70 92 83 83 58 23 37 94 162 44 48 7 76 68 22 98 18 43 159 58 21 80 145 51 72 50 157 37 39 60 6 82 42 88 140 17 76 33 78 20 32
1720 22 249 37 195 58 98 97 175 40 107 84 60 39 29 63 110 30 119 46 20 3 101 24 42 17 24 69 36 56 105 82 7 14 80 55 140 71 13 83 51 4 45 12 33 15 109
1721 22 232 4 96 11 56 19 104 96 10 21 71 79 8 78 35 42 36 1 173 90 140 43 3 15 125 5 118 17 102 35 25 31 88 61 1 91 8 63 163 30 93 71 108 27 64
1722 22 239 43 79 36 85 19 78 39 85 55 43 3 75 59 104 62 136 61 144 23 73 96 13 32 58 28 61 50 98 20 29 13 63 7 148 47 77 77 137 83 179 16 158 90 171
1723 22 278 71 177 31 66 99 155 61 163 86 19 90 47 68 139 66 196 51 180 55 150 78 131 27 14 44 9 45 159 18 34 82 40 10 12 5 160 19 66 22 104 84 164 2 3
1724 22 282 2 68 51 105 99 157 6 77 87 84 42 83 45 186 93 162 71 74 54 180 38 58 91 156 75 13 59 110 28 161 13 181 80 15 37 130 43 6 9 126 70 185 36 84
1725 22 278 56 109 37 87 46 46 78 53 21 142 12 30 69 24 94 49 55 60 86 84 30 80 42 39 5 41 81 127 25 116 62 132 77 198 19 74 95 196 27 67 38 97 57 13
1726 22 254 42 157 19 2 94 154 83 73 95 173 30 187 6 156 64 73 17 95 49 66 13 123 12 60 79 148 38 127 56 2 68 13 20 21 73 156 31 20 28 60 33 167 69 158
1727 22 238 35 64 6 52 28 80 63 140 41 87 17 67 95 118 87 107 89 59 64 62 14 94 81 94 5 38 78 71 7 135 22 141 8 101 20 171 40 100 11 79 68 130 73 86
1728 22 308 68 31 74 26 94 87 92 140 67 85 44 157 62 67 63 149 71 136 89 31 36 60 1 76 11 63 54 79 78 164 8 189 76 80 16 136 50 129 2 64 77 124 99 117
1729 22 255 54 35 77 106 10 39 69 15 17 112 44 32 75 151 21 63 3 48 94 195 93 9 82 143 37 83 6 166 58 157 12 191 52 97 18 165 1 61 97 175 11 169 89 65
1730 22 289 68 82 59 160 90 92 2 178 74 60 43 84 77 147 58 34 15 161 82 52 78 199 52 38 47 178 66 64 34 47 75 193 88 166 17 92 12 175 25 88 21 182 73 35
1731 22 243 94 107 38 71 5 89 8 51 18 107 17 183 22 150 81 196 42 20 62 188 37 53 45 100 79 21 87 99 54 59 33 47 23 117 21 11 76 71 34 187 63 156 36 96
1732 22 294 51 30 15 64 17 151 68 14 2 46 34 188 96 188 99 181 3 103 88 65 78 158 45 112 97 160 19 184 55 121 13 121 85 182 24 4 95 25 80 13 49 119 63 29
1733 22 279 5 77 83 7 64 148 36 74 44 147 70 103 17 105 9 38 18 30 74 99 53 177 45 77 30 176 41 179 95 3 7 199 32 90 57 147 89 192 72 132 91 93 87 7
1734 22 268 98 95 44 67 76 169 65 80 46 161 9 75 36 101 5 30 4 12 80 87 53 136 85 41 24 170 1 110 28 198 57 124 64 32 92 180 89 140 72 64 20 57 27 31
1735 22 259 37 165 35 172 50 75 51 58 99 172 10 60 60 16 23 175 48 66 55 111 46 34 70 121 5 89 30 32 20 166 96 106 97 181 40 106 31 111 16 142 62 75 58 136
1736 22 226 49 157 2 155 19 56 1 52 25 73 56 13 39 84 67 87 42 56 35 122 95 41 4 57 8 145 82 54 54 182 10 107 37 28 62 89 79 38 61 187 3 115 77 38
1737 22 288 81 163 79 88 50 52 34 90 7 43 97 104 61 130 57 166 11 167 25 199 46 186 87 25 76 200 63 178 14 39 67 146 54 146 3 197 19 44 56 61 92 59 73 121
1738 22 229 15 191 83 133 82 31 52 20 55 127 19 169 56 132 7 23 30 112 68 15 14 116 33 157 23 94 48 81 66 20 3 180 70 136 10 74 16 200 74 136 57 95 38 6
1739 22 255 49 52 20 16 85 28 39 130 28 119 47 147 66 3 1 98 24 36 59 197 43 27 68 162 56 76 14 62 33 117 48 1 12 186 82 39 57 129 38 22 83 190 71 158
1740 22 235 78 130 7 120 8 55 87 69 62 62 25 146 27 138 30 44 22 177 96 133 15 78 24 171 58 13 44 192 2 15 49 179 50 3 13 36 23 174 99 119 76 36 48 19
1741 22 241 9 77 15 94 43 92 17 65 1 181 8 192 34 174 92 65 21 99 14 175 11 102 98 85 51 96 55 126 84 55 45 44 83 111 37 25 54 105 89 154 85 48 19 174
1742 22 321 36 35 46 86 48 121 97 49 70 81 51 117 87 77 41 173 96 123 83 132 99 36 37 139 21 187 85 91 12 72 25 57 58 25 29 106 98 138 76 115 24 52 66 165
1743 22 313 76 61 39 58 45 138 81 28 85 53 14 21 44 77 92 20 34 1 96 14 6 21 12 43 78 119 99 143 83 174 56 73 62 27 32 190 11 84 55 31 79 32 74 151
1744 22 220 17 27 46 130 84 166 41 127 13 170 97 111 79 36 20 103 18 71 65 44 2 6 6 185 60 36 16 143 62 66 59 40 11 189 23 129 81 1 51 197 4 115 27 139
1745 22 239 86 130 57 156 46 152 3 158 93 14 45 108 58 125 15 197 36 155 72 16 88 72 8 38 69 111 52 47 2 189 28 110 44 25 61 152 27 170 41 67 4 97 24 80
1746 22 313 63 173 67 170 44 182 57 115 90 194 35 52 97 182 53 85 9 162 80 86 75 131 12 96 26 104 62 29 52 186 61 167 58 27 36 1 92 67 98 37 2 1 85 135
1747 22 319 54 169 43 167 48 80 41 30 92 37 55 147 98 36 99 135 96 65 44 122 82 43 11 31 79 64 32 163 85 83 3 182 72 144 63 132 17 109 81 52 59 168 23 11
1748 22 278 21 174 55 54 68 117 85 198 80 116 60 177 52 194 54 127 39 49 37 153 6 14 13 157 72 180 8 147 90 180 96 33 92 112 17 189 43 32 1 171 35 94 89 21
1749 22 275 29 137 9 34 69 14 99 81 23 122 12 130 20 1 61 92 49 93 83 12 10 23 55 193 25 128 17 115 68 189 96 104 97 181 72 63 79 4 37 100 15 18 78 163
1750 22 286 16 122 97 127 31 19 33 76 42 110 3 110 76 170 98 171 25 146 51 197 60 81 52 48 81 167 65 52 34 94 14 1 62 79 32 12 73 73 21 127 96 48 83 19
1751 22 240 73 81 21 21 40 2 24 40 34 90 56 185 75 150 50 175 17 111 6 166 42 17 39 67 89 17 52 184 65 135 54 89 15 75 61 6 76 184 45 9 26 101 2 94
1752 22 289 27 70 56 132 35 149 73 167 88 142 19 123 6 5 77 46 51 106 76 178 41 21 38 66 82 18 26 127 44 95 81 182 49 65 47 19 87 104 23 63 65 6 68 142
1753 22 293 98 140 79 64 64 160 81 189 86 176 35 119 2 116 1 79 21 49 43 67 67 129 22 89 44 70 8 27 50 24 40 80 39 103 92 71 77 46 78 148 99 193 48 29
1754 22 290 13 48 71 131 66 52 52 106 95 73 38 54 51 137 55 27 76 135 65 179 26 136 22 154 33 99 1 132 44 100 60 108 47 83 39 164 86 42 69 32 67 6 85 117
1755 22 258 43 140 70 26 60 100 3 95 21 56 27 172 9 110 67 160 22 74 59 56 64 22 41 106 91 172 24 96 8 40 90 99 35 160 94 59 78 188 32 186 66 103 28 69
1756 22 272 5 49 94 63 4 158 85 196 15 175 67 138 22 126 77 12 25 63 23 100 56 181 78 143 12 63 61 166 8 88 86 112 88 80 75 191 37 11 51 185 40 158 81 68
1757 22 227 21 5 31 43 57 86 24 134 81 87 96 41 53 55 80 38 66 167 17 92 9 105 2 46 7 38 1 46 14 68 86 44 11 142 27 61 72 174 76 28 32 14 45 50
1758 22 291 82 37 58 139 38 155 45 128 55 43 23 136 56 142 73 151 52 66 31 89 92 44 13 65 96 188 44 180 53 188 29 187 76 139 25 66 93 169 48 11 67 83 18 8
1759 22 260 7 20 60 72 51 100 63 94 12 179 41 52 74 120 4 113 49 190 89 87 14 154 79 35 46 78 97 12 15 19 66 134 30 189 36 82 81 145 22 196 54 41 52 167
1760 22 327 41 93 7 179 59 160 58 193 57 35 89 20 47 55 90 64 72 53 76 53 55 57 49 188 78 145 93 170 48 111 11 140 17 89 50 28 98 194 36 185 83 7 97 146
1761 22 291 77 120 50 53 24 57 61 72 96 38 68 188 59 15 51 21 7 119 62 156 47 59 34 195 84 141 37 175 1 8 76 5 31 84 17 2 79 6 70 19 64 136 69 185
1762 22 365 42 139 46 150 85 56 51 171 86 111 79 109 99 53 61 6 81 17 36 164 33 89 95 38 58 13 54 146 90 139 71 87 88 8 94 90 30 96 75 40 48 195 59 65
1763 22 265 82 23 49 170 69 39 80 133 92 77 65 33 15 87 19 103 46 12 44 175 8 71 66 34 6 155 12 105 1 71 34 45 18 56 87 97 99 63 61 31 77 99 31 97
1764 22 279 64 75 23 123 97 189 56 154 95 168 58 148 90 27 33 186 96 88 2 3 26 198 53 40 10 135 17 108 35 199 50 25 79 173 21 119 28 26 13 47 84 112 88 62
1765 22 281 45 125 57 184 26 11 62 23 15 1 32 49 69 92 35 68 99 84 44 177 8 165 95 88 90 60 86 25 71 74 50 94 51 128 4 12 18 12 34 18 81 177 52 100
1766 22 263 75 88 43 104 47 107 98 134 49 9 20 25 80 45 11 46 94 4 96 73 60 59 29 71 8 199 3 36 2 2 62 89 44 17 36 3 15 21 40 27 54 36 89 200
1767 22 294 82 93 47 54 4 106 28 84 87 82 30 74 84 183 36 124 78 52 11 80 18 32 34 193 23 61 98 59 49 49 92 193 48 45 53 25 32 32 65 13 85 48 95 172
1768 22 264 24 72 75 134 4 145 65 137 37 140 49 186 50 50 35 141 94 82 86 161 25 169 41 181 60 89 27 131 64 150 57 97 5 1 14 142 89 153 42 75 54 43 61 194
1769 22 249 37 142 82 30 79 195 6 47 18 146 29 186 5 11 49 54 67 198 59 68 11 152 8 115 45 182 68 188 42 113 76 135 46 157 13 140 62 11 9 159 89 37 97 93
1770 22 328 47 45 99 66 94 109 85 4 12 192 70 108 74 189 95 167 53 22 54 199 78 18 90 191 29 199 50 169 87 46 14 34 42 112 51 36 72 135 91 135 26 61 1 89
1771 22 239 18 54 10 23 4 40 40 93 30 20 43 179 89 30 76 2 15 18 65 65 5 188 99 195 22 124 7 115 75 8 55 144 13 65 66 16 57 108 85 177 51 64 32 191
1772 22 264 66 146 60 30 10 164 17 8 11 90 83 117 4 9 76 159 52 88 75 69 3 30 26 163 14 2 65 129 18 196 72 83 93 31 64 102 95 32 61 105 21 95 73 76
1773 22 261 4 49 86 55 36 112 76 191 93 101 53 159 54 17 87 123 64 110 57 56 41 20 9 87 3 169 43 75 63 115 2 118 88 173 51 151 48 41 44 100 5 161 40 27
1774 22 276 24 150 83 131 42 154 39 128 56 159 70 182 73 136 91 51 22 15 1 73 14 93 16 113 85 69 69 197 60 195 72 9 29 2 50 34 92 129 41 150 74 86 4 164
1775 22 258 36 126 30 36 50 143 28 17 7 164 85 175 12 144 21 183 5 49 84 106 82 127 87 22 43 101 99 17 56 176 46 143 25 89 22 141 47 137 77 22 48 72 42 30
1776 22 327 76 191 65 34 24 91 20 198 18 155 92 171 90 187 83 165 84 26 41 124 99 181 71 136 57 192 35 29 33 165 56 75 81 189 51 124 60 48 93 115 39 163 42 81
1777 22 277 1 124 97 185 38 60 18 30 87 127 73 121 7 58 37 62 84 118 3 134 93 162 33 185 28 72 69 104 52 193 88 45 48 96 77 34 2 155 91 159 43 104 42 12
1778 22 248 6 176 4 20 60 141 99 131 40 68 86 191 12 86 79 56 74 178 32 106 37 16 7 43 65 186 10 159 97 67 53 38 45 93 28 84 13 26 67 50 56 122 24 185
1779 22 284 25 7 91 162 23 97 4 128 14 141 37 172 90 156 9 42 93 153 86 181 80 121 84 193 98 150 94 154 24 169 76 180 13 198 29 69 42 9 65 98 21 173 39 65
1780 22 296 77 176 46 57 96 81 1 194 83 194 99 6 15 188 57 90 20 70 87 148 38 163 41 98 76 105 29 86 61 105 62 158 13 109 54 20 59 104 73 92 34 62 63 155
1781 22 241 10 92 62 50 89 190 6 136 37 134 22 149 90 35 3 95 96 15 49 115 25 52 44 197 95 177 57 131 61 166 74 123 15 114 64 120 50 100 5 23 1 195 9 106
1782 22 219 97 103 1 63 51 68 40 103 11 36 49 39 98 6 21 58 23 94 32 90 59 195 61 160 47 166 34 47 12 142 4 160 45 57 22 95 24 13 86 1 55 144 7 177
1783 22 278 89 91 66 99 37 179 59 83 44 192 81 7 34 137 30 193 39 24 68 152 25 53 52 174 28 149 71 107 56 111 97 174 9 34 19 68 47 11 49 53 96 85 18 25
1784 22 280 29 156 96 107 76 100 58 49 27 158 28 97 17 136 59 13 9 119 98 12 38 66 14 110 47 50 79 123 78 34 22 125 93 150 24 102 50 12 13 156 92 173 74 190
1785 22 272 84 11 55 41 62 20 2 8 69 180 30 98 65 4 22 57 53 197 11 102 46 122 79 95 1 143 50 92 15 75 81 98 38 135 90 99 54 143 7 174 88 23 87 191
1786 22 276 96 95 95 192 57 197 89 30 27 183 30 170 32 174 36 107 54 86 41 175 94 46 70 52 20 191 40 42 29 182 38 76 77 181 25 70 14 51 52 143 68 8 22 93
1787 22 278 89 14 19 134 59 88 86 30 31 177 24 59 58 13 93 70 10 14 83 61 66 177 32 53 45 39 46 118 2 19 41 141 56 123 71 132 82 42 67 27 36 37 16 170
1788 22 272 49 133 47 32 37 143 71 82 60 105 19 142 58 137 34 99 93 156 69 176 1 2 17 10 44 64 56 32 31 126 32 63 24 63 99 166 85 32 77 190 50 70 38 103
1789 22 316 97 82 59 66 58 111 19 74 73 87 69 136 95 52 66 72 83 80 98 30 12 182 61 140 23 162 70 151 63 66 33 73 42 136 2 67 8 140 88 143 86 139 60 157
1790 22 263 74 39 3 71 68 166 52 80 5 127 93 17 48 143 80 13 27 104 39 101 87 46 92 74 40 78 12 99 86 185 37 189 7 156 6 11 35 163 79 84 70 58 14 95
1791 22 266 68 152 47 154 50 139 27 89 90 140 53 127 28 93 33 184 99 95 18 161 31 45 39 114 66 149 14 13 62 160 32 13 7 85 97 63 55 164 5 94 83 121 61 167
1792 22 307 4 159 62 122 19 92 18 9 58 35 57 71 47 18 30 131 83 88 67 96 84 30 50 199 86 95 68 16 27 34 37 95 92 7 39 61 15 48 95 172 94 141 99 24
1793 22 308 23 139 90 171 22 171 72 173 56 67 39 175 82 17 61 152 53 7 96 111 45 156 25 192 3 48 41 112 71 15 50 12 85 23 83 109 95 90 75 33 65 8 1 177
1794 22 270 59 105 83 6 15 128 14 92 71 116 91 84 63 31 47 185 46 196 96 182 70 178 42 165 20 16 49 36 23 102 12 134 6 194 39 21 73 52 64 144 19 154 79 81
1795 22 309 37 125 17 134 72 13 67 41 90 109 57 161 24 58 96 99 59 7 32 116 53 170 88 25 74 151 20 44 50 77 93 126 26 197 5 192 47 100 98 7 76 155 55 74
1796 22 267 65 161 5 181 26 68 42 199 71 161 43 27 63 71 19 88 96 85 68 87 14 139 23 72 30 26 87 46 39 91 78 3 16 46 44 67 57 61 94 119 31 164 58 93
1797 22 254 59 42 12 145 19 25 83 94 97 196 23 74 34 120 24 98 15 92 95 10 58 62 66 170 7 36 52 170 94 144 28 187 8 124 32 159 51 80 54 125 88 44 17 63
1798 22 285 93 131 54 187 63 200 58 184 6 46 35 175 91 131 77 138 78 86 21 36 36 153 41 60 80 56 74 195 48 57 49 115 34 6 98 92 3 85 66 193 15 172 22 104
1799 22 266 49 7 24 36 95 128 28 154 85 108 61 159 54 109 15 153 63 67 20 165 19 123 37 67 60 140 18 8 99 93 93 21 22 98 5 181 59 115 34 167 81 187 43 53
1800 22 295 40 115 69 11 89 17 99 55 83 158 47 100 17 45 45 111 37 165 84 86 21 165 44 188 50 62 68 136 22 111 41 14 77 109 76 165 78 174 71 60 12 199 13 8
1801 22 240 61 101 72 44 87 44 60 130 31 110 44 99 45 165 85 130 37 46 5 101 23 30 34 112 40 197 10 52 4 122 53 127 66 91 71 125 20 153 15 3 32 115 67 161
1802 22 252 51 12 18 103 86 47 26 172 11 17 68 172 20 172 94 172 50 59 14 20 35 186 25 169 27 151 31 194 17 92 44 81 61 99 66 107 76 137 69 192 57 141 63 28
1803 22 240 34 87 77 44 49 178 85 125 98 185 3 48 15 196 17 158 92 197 18 90 62 77 51 45 60 107 22 86 70 8 14 13 8 114 43 192 38 40 28 41 40 195 36 156
1804 22 227 52 179 22 68 65 198 84 115 94 195 73 131 17 58 24 124 83 37 7 127 75 198 54 67 37 200 2 144 4 81 47 25 12 174 36 178 19 130 3 49 98 160 1 122
1805 22 284 83 165 56 72 23 182 46 120 88 12 9 187 65 4 42 97 51 66 49 162 91 36 10 165 93 158 15 105 58 188 39 174 43 10 96 177 55 168 64 118 28 102 35 31
1806 22 311 44 31 81 161 31 194 52 166 37 13 83 29 70 197 33 180 84 72 53 26 1 154 88 120 69 57 47 171 91 129 66 174 62 178 4 107 43 93 72 63 56 194 79 146
1807 22 240 60 112 98 14 51 17 82 107 15 4 50 196 21 23 57 199 78 63 31 99 58 124 2 129 38 53 36 131 35 15 28 147 26 126 12 176 94 145 34 161 1 83 56 121
1808 22 300 57 64 71 87 78 102 85 35 77 139 15 114 91 51 44 78 65 71 76 190 48 87 17 194 83 150 54 83 9 156 41 124 26 79 1 79 64 36 55 154 50 120 96 152
1809 22 284 63 125 16 186 57 85 38 25 78 73 75 183 55 159 43 110 51 166 88 30 67 118 45 154 25 150 44 45 7 7 22 174 21 83 80 111 58 183 81 40 89 191 35 199
1810 22 311 94 200 38 123 66 155 19 119 79 68 74 123 64 132 81 185 5 176 58 187 55 68 46 164 2 126 56 90 69 190 40 114 89 29 36 107 84 106 77 14 25 150 88 188
1811 22 281 33 120 73 90 47 82 76 2 49 73 17 102 51 72 91 19 61 183 32 2 11 119 8 146 84 112 86 199 87 18 71 11 59 117 92 87 18 192 35 93 9 58 36 127
1812 22 308 71 18 10 72 80 80 79 126 55 14 37 154 51 187 93 169 57 155 26 47 65 195 90 24 81 83 32 39 70 11 9 39 72 180 18 52 95 58 75 83 12 26 56 146
1813 22 287 78 110 24 3 8 189 98 98 12 130 32 143 68 153 5 28 91 77 59 160 28 68 55 185 95 137 48 120 58 55 65 36 17 140 90 24 87 73 39 69 56 34 36 108
1814 22 205 38 64 50 166 22 10 93 42 16 30 36 152 29 7 10 184 23 97 62 86 75 90 25 100 80 93 55 165 28 115 3 143 20 117 13 110 92 94 45 44 5 157 1 56
1815 22 337 86 86 83 75 10 182 7 2 88 171 82 102 25 176 70 45 92 46 9 1 38 2 97 133 75 199 37 132 39 161 74 21 87 136 54 145 89 142 16 170 95 140 98 164
1816 22 248 36 189 10 44 42 99 97 90 31 172 41 67 3 15 55 193 27 80 66 114 15 119 58 56 12 125 25 7 65 74 22 152 63 83 96 156 81 192 45 11 85 29 17 100
1817 22 239 35 162 26 115 27 91 81 197 1 136 9 25 13 167 41 186 88 193 23 140 55 55 83 152 18 198 36 46 66 87 33 127 65 99 53 155 31 2 67 10 32 131 76 72
1818 22 288 16 15 68 89 55 174 44 38 25 161 35 113 58 200 99 190 79 63 88 83 70 19 84 176 37 93 7 167 20 31 34 187 46 53 75 1 27 18 90 103 30 24 67 88
1819 22 273 75 166 77 5 80 117 88 149 87 123 68 83 93 139 13 178 25 159 31 152 11 9 69 100 63 99 30 138 1 147 66 6 26 34 45 27 20 119 3 146 86 137 38 25
1820 22 248 2 68 49 160 50 100 22 10 21 73 72 71 47 53 8 99 99 173 56 77 7 52 55 78 71 109 76 56 45 65 80 46 32 181 57 181 78 142 4 50 14 26 48 66
1821 22 269 85 47 17 158 2 93 16 154 47 145 76 55 20 131 51 137 63 97 68 95 53 1 78 183 42 82 84 107 59 132 25 44 30 141 31 33 36 131 64 11 37 36 94 187
1822 22 323 72 56 35 191 2 40 43 179 22 85 12 5 71 136 67 66 65 7 18 48 91 37 73 200 98 9 87 191 48 110 82 101 51 21 29 42 79 193 99 22 63 86 88 80
1823 22 286 3 47 97 102 37 133 36 110 84 85 70 71 27 17 80 176 51 32 26 171 75 55 65 153 99 163 13 200 14 92 2 60 88 3 48 72 91 109 55 27 31 177 54 147
1824 22 306 9 29 49 140 55 20 66 61 36 71 59 98 96 23 61 114 51 172 1 105 20 172 47 80 78 74 10 55 79 109 63 59 57 54 65 176 77 111 90 87 60 85 98 22
1825 22 292 63 169 74 119 88 45 66 20 23 191 29 129 21 137 43 79 46 96 44 173 15 20 84 156 59 195 41 167 7 38 89 169 58 62 98 59 5 117 33 195 97 13 86 55
1826 22 266 45 31 50 140 3 17 12 38 72 170 85 164 36 91 53 76 60 111 38 147 8 148 51 124 32 97 44 63 57 98 7 187 99 47 90 15 58 179 87 79 63 102 14 54
1827 22 292 55 90 65 165 79 163 24 78 13 199 9 161 70 104 75 127 53 81 51 79 54 118 88 33 56 66 95 157 32 200 11 121 64 127 26 50 28 90 36 2 91 176 96 43
1828 22 311 9 160 45 87 66 62 27 150 69 44 96 178 75 96 40 147 11 67 97 137 68 76 78 68 63 180 37 153 55 84 95 163 92 2 60 153 80 109 74 175 5 151 2 52
1829 22 325 90 148 62 108 97 50 76 172 28 195 87 159 83 139 65 18 86 180 12 177 81 124 84 54 40 4 91 46 5 153 35 106 80 158 85 74 44 43 8 83 25 120 39 189
1830 22 322 96 171 12 176 82 47 19 187 37 158 29 182 44 185 87 130 91 118 75 192 83 18 51 65 77 176 36 115 64 31 85 27 58 118 73 91 11 28 93 140 61 88 24 199
1831 22 295 17 166 56 141 60 38 10 10 54 138 85 189 4 100 71 40 26 128 57 151 19 144 61 198 89 100 58 176 76 157 45 141 73 152 33 84 94 93 31 30 82 34 81 152
1832 22 267 25 159 31 181 9 1 77 69 98 165 21 108 92 48 16 188 40 40 39 173 23 79 18 167 72 49 96 53 34 77 56 59 35 139 91 95 19 163 89 183 27 34 63 14
1833 22 270 74 2 53 98 76 31 15 42 3 115 38 107 49 66 63 159 52 1 1 146 91 120 60 179 54 47 26 80 80 40 94 53 41 198 2 68 28 17 10 82 83 99 89 31
1834 22 235 64 3 41 15 55 42 12 197 13 171 76 166 17 53 46 49 45 139 1 37 36 155 5 115 23 14 97 5 37 188 27 91 80 193 21 104 85 26 68 151 43 173 48 91
1835 22 280 17 38 43 53 25 49 57 39 71 122 87 128 85 75 15 11 65 194 3 161 67 106 54 51 84 121 53 78 45 100 20 13 89 62 66 13 63 174 4 33 48 142 60 32
1836 22 285 17 26 43 133 72 197 94 38 55 47 40 138 19 145 15 164 96 134 76 85 47 193 97 9 66 194 5 197 10 131 91 142 2 140 87 91 33 82 83 104 26 97 67 22
1837 22 240 82 194 6 80 87 154 89 105 34 22 99 138 70 8 20 161 1 73 52 40 15 45 24 197 79 127 22 175 93 43 8 187 25 54 27 181 59 60 2 57 50 171 16 121
1838 22 264 83 68 46 134 7 60 30 131 8 8 57 30 34 2 24 41 40 76 80 64 29 6 96 139 18 197 47 119 19 114 91 154 81 136 87 40 48 169 22 155 76 130 36 62
1839 22 286 31 160 54 22 87 33 37 67 91 32 5 160 80 151 30 99 16 20 52 196 56 90 35 55 10 108 9 186 38 145 99 168 90 194 26 60 79 10 64 138 89 166 67 39
1840 22 287 81 138 42 128 45 132 15 99 41 22 60 78 59 4 28 179 11 80 20 4 68 97 63 46 6 78 35 95 95 53 85 175 90 127 54 187 58 168 50 142 44 180 99 7
1841 22 278 30 61 38 49 64 57 46 78 54 51 55 188 97 101 92 182 75 134 60 81 20 69 56 18 41 100 49 93 50 108 22 11 71 74 68 104 7 170 10 147 19 111 90 200
1842 22 257 37 23 59 17 42 127 17 50 96 157 49 197 50 104 23 60 93 86 5 12 89 112 81 198 10 199 8 99 45 74 60 13 15 38 29 16 34 138 64 82 38 14 85 160
1843 22 275 25 136 4 110 41 15 98 104 96 48 65 146 7 115 3 188 55 116 45 96 70 178 33 86 11 171 51 195 82 75 86 185 74 100 34 129 47 33 93 145 40 108 42 47
1844 22 271 46 157 1 90 5 171 19 37 56 29 59 106 75 41 80 9 26 116 82 177 2 11 76 134 55 120 73 14 11 67 61 156 13 198 79 183 68 168 38 197 95 123 66 27
1845 22 288 31 43 42 165 72 43 27 147 29 33 66 153 47 176 19 59 83 146 71 80 24 6 43 195 48 169 90 70 86 116 53 81 9 117 52 4 98 132 75 63 84 73 3 83
1846 22 236 72 48 6 104 23 111 3 166 57 50 86 146 71 171 13 23 74 139 54 177 33 51 8 8 65 191 32 54 45 115 78 44 20 181 67 82 35 84 38 36 21 36 43 200
1847 22 269 29 46 73 19 99 149 52 102 56 159 66 47 90 172 43 56 49 87 27 181 5 108 67 88 98 2 8 33 7 50 84 35 47 157 54 146 13 115 12 111 35 153 64 135
1848 22 266 39 90 15 43 50 81 82 147 41 131 43 114 27 89 22 180 86 79 36 32 91 2 96 53 10 130 5 73 65 196 14 131 90 63 64 72 9 197 37 58 47 178 95 132
1849 22 298 56 83 16 198 84 111 50 45 92 7 17 56 2 31 39 191 45 102 14 54 98 30 96 187 87 52 33 30 44 117 37 78 32 35 62 94 36 6 85 42 75 93 95 57
1850 22 272 31 138 53 84 51 58 81 132 54 167 19 5 68 3 34 164 71 71 41 102 57 2 47 92 60 184 86 76 80 194 58 17 46 141 4 73 40 69 13 159 72 47 22 142
1851 22 300 69 163 96 77 16 94 68 27 77 53 64 104 33 157 61 149 55 101 10 126 19 66 65 139 30 123 62 28 97 56 59 51 24 74 92 53 73 96 76 28 25 189 29 79
1852 22 276 41 148 88 166 18 105 82 157 34 157 70 162 53 125 9 111 27 133 36 23 76 140 95 71 56 22 51 80 62 131 58 3 78 197 68 48 1 50 6 25 47 110 50 156
1853 22 294 72 76 88 107 98 63 47 44 85 154 18 135 33 179 65 142 95 138 1 94 90 102 49 175 59 73 22 168 74 77 39 50 16 197 99 130 66 148 12 101 32 42 17 25
1854 22 263 75 163 14 27 56 103 28 104 30 186 29 151 5 102 79 43 3 46 91 2 27 186 96 92 85 159 44 169 13 193 26 175 59 152 83 113 31 38 42 168 66 92 72 20
1855 22 294 22 66 67 57 23 193 94 170 37 30 80 180 98 32 92 143 57 119 1 61 13 91 38 55 59 56 82 75 20 148 96 138 56 71 83 101 19 130 72 50 28 103 42 70
1856 22 252 59 112 22 119 64 134 62 101 40 20 8 38 53 182 9 200 30 198 7 152 80 159 43 150 89 14 68 68 93 189 27 104 10 197 67 95 58 119 35 129 24 182 60 84
1857 22 255 33 89 81 192 92 113 50 135 62 190 13 109 68 5 49 46 8 10 42 126 5 152 45 91 32 23 66 165 34 101 23 181 41 166 59 84 71 144 19 76 93 164 35 154
1858 22 276 57 61 58 108 92 31 65 56 64 65 38 198 97 104 94 191 3 52 26 154 75 169 72 150 13 187 36 67 44 48 76 3 4 176 86 92 2 50 9 158 87 58 7 42
1859 22 301 3 149 97 7 74 150 81 94 82 7 60 17 73 103 65 100 6 120 75 151 19 4 7 179 14 145 36 120 87 190 20 183 96 193 84 76 86 9 57 44 69 26 16 23
1860 22 318 42 16 80 113 83 70 12 186 76 90 99 173 77 170 59 67 41 93 62 85 90 171 85 98 66 105 23 34 79 164 1 159 29 42 93 98 6 78 74 195 46 24 50 56
1861 22 319 90 191 48 103 75 75 92 197 59 42 63 115 64 148 94 80 4 108 41 196 5 46 25 130 93 153 27 16 55 34 57 97 81 111 23 56 72 66 96 186 33 174 80 29
1862 22 297 49 20 24 106 18 48 35 10 53 14 77 59 47 33 55 180 43 29 87 197 52 44 85 184 3 17 57 144 48 185 93 20 60 198 37 8 84 46 12 197 74 170 96 6
1863 22 275 24 175 52 113 49 4 64 92 88 148 46 57 56 90 93 134 75 152 31 111 11 66 8 22 15 81 91 10 38 66 36 90 70 48 73 163 29 12 10 127 68 118 76 110
1864 22 214 1 150 61 183 13 124 48 72 45 62 5 136 71 94 58 183 22 157 20 94 6 29 79 125 46 146 7 46 2 20 28 114 43 27 37 87 89 41 74 111 35 127 69 69
1865 22 307 48 177 89 142 96 41 99 77 19 123 74 116 75 181 13 176 52 92 94 118 25 132 6 18 69 104 84 89 72 183 65 112 76 161 4 74 49 114 23 46 1 198 97 144
1866 22 265 86 90 62 62 74 67 31 31 35 86 14 23 10 196 40 73 72 152 77 97 2 45 53 143 67 51 95 64 47 139 1 89 63 62 18 145 92 105 57 79 52 118 12 75
1867 22 288 69 40 72 160 42 16 65 184 35 15 78 98 61 68 99 101 67 113 62 37 57 5 41 87 19 78 89 190 39 157 29 62 22 30 33 157 64 199 87 161 11 154 12 173
1868 22 201 23 73 9 80 30 149 18 90 19 196 54 7 37 45 16 117 6 136 39 135 20 95 50 118 33 111 28 87 21 191 59 44 75 45 67 192 34 37 40 44 84 111 44 189
1869 22 265 46 82 76 165 28 25 82 61 87 161 99 108 4 109 3 119 27 129 63 93 72 48 29 11 24 37 22 34 80 111 31 13 38 195 41 162 53 49 51 108 44 159 62 114
1870 22 260 37 90 28 129 61 75 9 123 14 85 60 35 70 139 97 101 4 34 47 44 48 75 67 198 7 10 8 168 23 144 50 24 21 176 84 44 89 20 55 76 90 45 72 142
1871 22 278 48 158 88 143 5 14 90 4 80 39 10 189 98 129 63 193 89 164 68 9 92 152 4 132 23 158 7 12 55 131 53 102 40 93 45 96 6 134 99 86 25 60 26 22
1872 22 273 88 41 15 28 56 182 36 47 85 192 79 8 49 137 19 103 67 124 57 106 16 1 1 73 86 51 58 10 10 136 32 49 76 198 31 179 64 130 55 108 71 155 44 41
1873 22 249 10 63 16 166 20 83 18 73 56 3 23 65 13 185 96 185 27 193 76 139 38 82 46 160 36 41 1 197 55 68 62 175 51 79 99 58 82 73 22 46 57 74 93 42
1874 22 286 52 137 6 161 59 81 99 197 14 96 8 149 37 60 46 191 28 59 17 30 38 115 87 171 88 160 68 196 85 112 89 137 48 194 97 58 26 148 39 43 40 131 73 137
1875 22 336 22 52 95 190 81 84 57 119 6 44 31 125 91 15 36 180 3 83 73 152 93 199 99 98 89 141 63 128 24 136 64 145 87 11 86 20 94 142 38 52 37 168 76 128
1876 22 257 35 12 7 37 46 31 88 138 81 38 70 179 50 197 2 37 13 98 76 23 95 68 77 84 71 13 4 47 92 138 10 198 26 55 29 114 45 161 51 84 30 81 33 179
1877 22 187 34 22 43 83 97 117 18 143 36 46 26 7 10 29 5 102 14 51 44 20 31 157 64 192 59 199 73 92 32 151 25 5 45 160 1 161 29 143 20 103 35 101 7 188
1878 22 297 18 72 39 61 91 21 69 7 64 180 5 137 71 188 47 192 84 106 44 44 86 38 92 111 58 194 98 58 52 185 27 75 75 88 66 196 8 124 59 187 28 47 9 68
1879 22 278 86 156 59 169 13 155 64 199 92 56 61 149 1 58 58 5 43 185 79 169 24 196 16 31 19 27 70 199 73 178 66 110 33 76 30 98 94 96 22 1 56 122 53 166
1880 22 252 32 157 8 168 88 128 91 183 44 173 54 22 42 52 94 120 69 4 4 144 33 101 26 178 48 99 30 56 72 83 21 3 80 170 78 107 12 113 2 85 66 123 17 97
1881 22 223 89 172 53 132 56 153 9 86 7 15 8 31 97 128 33 88 55 65 13 66 29 115 2 46 37 80 14 5 28 2 80 86 84 85 46 121 5 135 96 135 32 123 19 71
1882 22 303 81 73 87 193 91 16 59 192 61 48 71 27 4 151 80 132 30 17 67 166 63 87 2 119 73 97 53 4 23 74 51 148 96 38 28 106 88 105 52 166 9 154 46 192
1883 22 274 83 114 10 49 28 196 2 46 68 151 50 124 73 173 49 24 20 109 71 109 36 176 89 176 81 92 41 141 45 38 32 128 52 41 31 188 77 107 26 182 56 50 79 121
1884 22 288 91 1 29 179 76 118 6 8 61 198 48 6 36 31 85 139 23 12 69 162 44 197 21 27 75 2 82 124 84 112 97 75 12 25 5 39 94 110 47 55 7 146 60 94
1885 22 311 29 96 32 151 59 153 65 2 49 85 28 175 86 9 51 170 20 47 96 31 23 200 70 117 9 68 15 165 34 61 93 29 92 196 87 196 60 40 97 144 68 71 81 28
1886 22 283 73 102 48 119 97 130 42 96 51 10 56 170 84 123 35 17 83 179 26 174 22 33 70 128 41 92 9 169 65 10 68 83 59 197 76 154 37 62 69 20 3 36 18 134
1887 22 320 84 143 7 18 16 92 92 137 19 32 29 79 52 193 89 19 27 147 68 155 67 91 65 135 11 200 90 98 17 23 82 12 81 51 79 172 42 16 91 126 96 69 77 188
1888 22 255 9 96 66 7 63 120 11 81 75 15 73 75 56 122 43 30 55 154 6 33 34 99 76 24 95 197 1 182 5 196 99 64 10 171 74 90 33 100 57 174 64 78 17 93
1889 22 292 85 22 55 142 54 141 40 53 16 64 47 112 64 180 69 111 31 184 20 1 57 9 8 16 41 82 79 70 50 124 23 30 95 177 70 187 81 38 80 149 13 111 93 4
1890 22 298 94 45 60 154 29 120 69 169 1 48 91 102 71 196 24 152 43 152 22 129 85 159 78 16 59 142 80 16 83 9 15 95 62 144 14 82 64 166 81 6 67 3 2 42
1891 22 287 55 144 94 76 24 30 86 153 45 44 22 75 9 44 58 69 59 52 82 154 17 63 69 182 44 175 98 176 41 52 71 186 27 46 15 64 60 91 33 134 51 176 91 19
1892 22 267 34 94 52 139 10 166 8 91 61 82 90 159 9 83 31 68 89 76 83 152 73 93 11 163 25 145 65 153 87 35 38 81 86 77 42 151 84 185 12 17 26 122 55 176
1893 22 249 19 130 10 123 2 102 33 116 79 29 32 31 16 166 68 48 3 44 41 5 25 168 95 151 89 19 20 25 37 190 54 146 12 107 97 174 78 25 5 60 92 22 91 124
1894 22 236 23 132 81 153 56 48 48 158 37 118 20 108 43 56 97 48 54 161 7 105 57 80 34 133 93 125 58 171 15 34 45 198 14 98 6 161 49 114 8 42 5 56 95 165
1895 22 320 62 51 73 193 84 5 29 176 81 87 98 148 72 43 45 185 92 150 97 88 65 98 1 50 5 161 91 9 16 37 25 129 87 197 21 70 2 50 82 88 95 29 59 89
1896 22 288 26 95 80 27 43 67 91 40 19 93 45 179 35 5 46 124 30 74 10 78 95 32 79 196 13 35 93 145 14 18 39 93 33 111 87 173 82 131 69 60 66 173 58 189
1897 22 284 54 31 50 132 77 133 10 124 13 74 58 138 67 102 4 136 92 48 32 25 59 171 49 40 1 117 51 166 89 8 95 191 56 26 88 187 43 52 61 200 42 179 45 66
1898 22 325 45 192 98 121 2 168 69 93 68 185 96 186 26 103 91 120 93 146 97 12 86 83 54 137 95 5 30 73 58 126 39 155 18 88 75 171 55 96 64 74 32 159 11 9
1899 22 281 13 102 80 58 99 176 21 84 59 74 73 153 30 2 78 88 28 68 94 197 55 20 19 161 15 182 86 147 92 197 5 98 35 162 96 162 34 132 20 7 4 125 88 57
1900 22 239 2 75 36 121 20 84 75 40 3 187 54 136 72 52 28 168 59 132 17 193 45 113 6 178 96 126 99 2 23 107 55 150 95 175 69 78 1 160 32 187 14 168 58 117
1901 22 322 95 78 75 78 94 19 74 158 25 3 53 2 90 3 55 12 62 9 13 56 35 34 85 135 93 117 73 58 84 30 30 59 49 107 20 180 44 134 67 145 23 121 51 186
1902 22 335 82 59 99 189 93 84 26 79 76 142 51 86 77 132 60 6 91 60 12 95 79 43 8 174 74 70 50 147 20 135 28 178 85 69 22 20 94 152 96 187 54 133 63 186
1903 22 302 92 168 28 3 31 174 82 25 81 55 52 107 25 101 53 196 87 132 74 172 47 191 45 199 38 31 4 170 93 189 13 112 68 116 42 41 49 166 55 69 80 31 69 184
1904 22 248 27 156 15 152 79 67 50 21 63 100 11 94 4 132 86 92 45 150 60 112 91 152 12 9 25 118 77 156 49 198 39 127 5 6 30 183 24 179 55 86 65 179 82 97
1905 22 263 17 73 93 166 84 4 8 88 67 168 12 84 45 20 42 158 10 146 15 139 80 138 18 34 24 148 51 154 29 47 70 153 91 87 37 46 95 176 62 39 47 58 58 31
1906 22 253 51 168 92 148 82 183 79 20 65 195 47 115 48 127 13 70 3 108 15 48 2 142 59 16 81 105 25 38 87 76 5 179 75 87 61 154 58 12 18 4 10 32 36 144
1907 22 287 72 14 98 80 81 145 33 122 55 200 2 59 25 140 46 52 96 76 26 182 36 131 91 47 48 146 56 31 49 191 23 3 19 188 58 73 87 111 32 163 50 29 66 146
1908 22 335 4 144 79 91 74 22 37 74 67 144 86 182 39 41 56 93 29 75 80 186 47 19 96 30 81 98 10 147 95 65 90 73 55 115 94 43 88 13 44 179 23 25 69 16
1909 22 274 80 162 44 6 41 81 53 59 28 134 92 25 90 19 8 131 15 45 89 157 85 101 95 28 32 69 4 52 84 183 13 27 6 107 93 16 35 26 7 11 21 96 82 81
1910 22 261 26 25 95 23 65 103 7 118 97 34 49 66 37 200 71 165 28 111 70 186 55 185 72 133 44 183 53 39 16 85 17 140 79 39 4 182 45 73 30 30 21 195 66 173
1911 22 331 96 188 37 175 51 58 60 5 94 84 89 137 66 142 76 181 78 144 72 57 82 27 90 178 19 7 24 196 13 163 84 87 41 198 70 135 81 58 23 98 50 30 29 93
1912 22 308 53 185 26 80 74 3 31 44 61 2 9 184 50 21 47 33 59 111 80 60 89 138 34 139 88 184 68 16 76 21 52 102 25 56 82 121 17 135 29 200 84 2 98 117
1913 22 275 60 9 42 68 40 53 9 177 86 47 65 69 66 32 97 186 84 150 89 60 5 122 80 21 61 173 92 162 22 160 21 182 53 41 1 198 43 147 14 111 12 198 59 50
1914 22 281 33 108 90 192 65 112 24 85 20 36 9 163 97 31 75 169 12 27 61 185 84 61 83 26 7 148 88 71 45 199 72 77 6 61 21 170 96 7 95 131 15 158 27 197
1915 22 279 32 47 61 10 8 145 45 68 79 170 75 27 10 97 23 8 68 200 65 180 72 187 56 67 50 197 11 7 90 121 20 152 28 164 96 148 43 18 74 21 27 70 86 189
1916 22 291 94 2 20 65 40 175 31 84 25 79 95 31 53 54 73 26 24 105 88 19 52 30 2 166 45 103 34 38 5 154 55 196 28 185 80 104 64 26 87 168 79 59 93 151
1917 22 250 34 98 38 104 49 120 92 126 21 57 19 17 60 5 7 16 58 61 11 37 97 90 41 12 15 27 80 145 37 124 95 170 85 73 22 56 64 47 28 173 17 145 32 21
1918 22 236 3 147 30 115 57 167 11 199 59 123 13 37 54 10 73 177 4 194 50 40 18 23 95 182 21 23 37 119 10 173 83 91 87 91 49 89 67 23 55 76 63 127 5 18
1919 22 304 72 106 58 90 28 104 23 148 78 128 36 196 64 97 20 98 88 158 96 107 77 63 81 30 17 109 44 196 13 161 19 18 18 108 97 122 82 196 99 9 83 147 24 180
1920 22 268 18 173 67 176 61 114 82 189 28 114 70 45 22 113 92 134 73 162 3 91 51 164 46 114 64 29 12 139 8 30 26 5 72 39 38 12 81 163 93 106 58 165 7 88
1921 22 254 63 122 43 9 88 6 37 199 44 196 28 7 73 184 78 63 21 41 29 124 96 113 53 30 19 65 6 128 10 48 49 5 24 47 1 71 27 107 95 10 57 183 77 138
1922 22 252 6 198 80 153 62 32 57 43 50 122 31 155 1 92 55 88 40 111 63 138 11 185 16 118 79 126 54 35 60 182 72 117 4 69 93 35 25 35 36 198 17 142 98 108
1923 22 319 96 37 99 159 51 89 69 135 4 38 65 81 43 200 40 25 23 56 55 78 76 147 64 153 34 99 50 150 41 100 58 88 88 8 46 39 67 125 56 90 80 199 72 23
1924 22 266 15 79 77 193 55 76 56 107 9 107 8 158 99 107 67 138 95 175 36 185 22 102 21 57 98 53 90 124 29 105 2 158 49 108 33 56 14 193 62 22 50 60 80 69
1925 22 260 50 74 95 85 58 16 86 119 37 194 68 189 1 58 64 29 14 65 38 162 73 122 17 138 79 111 16 190 91 36 39 16 30 23 26 45 60 144 81 106 11 121 6 20
1926 22 273 84 86 33 1 24 94 25 97 63 14 41 77 78 182 67 13 73 34 42 47 59 86 54 19 64 165 91 169 36 27 6 69 79 29 14 103 76 68 40 168 44 169 2 162
1927 22 306 81 174 96 174 72 6 11 130 60 181 93 76 13 11 98 119 31 76 99 145 30 176 49 15 40 93 83 141 54 115 66 49 89 55 51 119 14 183 63 41 28 51 3 46
1928 22 205 34 130 96 130 11 72 1 160 38 192 52 173 84 57 39 149 6 79 12 81 8 77 63 22 17 69 49 119 23 146 5 42 81 15 65 34 26 54 25 177 78 109 9 91
1929 22 259 47 98 54 79 5 30 93 79 98 161 27 168 36 125 20 40 18 152 6 182 85 132 87 10 60 165 70 93 33 78 35 131 76 40 9 32 69 101 10 118 14 89 86 49
1930 22 277 13 157 40 130 8 45 63 45 76 1 6 36 65 75 80 49 52 167 79 79 87 111 75 40 20 144 53 60 29 101 72 185 92 153 45 136 15 89 12 168 94 147 32 120
1931 22 302 78 133 71 144 11 150 50 50 60 176 89 31 19 141 91 100 93 114 36 84 67 32 33 120 82 200 65 180 84 84 58 16 7 53 56 2 27 67 29 15 49 48 55 91
1932 22 291 99 99 5 86 82 23 18 153 7 37 34 7 54 166 42 37 23 9 43 175 86 150 29 165 68 57 79 169 56 86 59 154 84 63 92 118 37 109 70 44 97 55 2 50
1933 22 267 20 43 39 94 3 133 21 88 83 149 52 2 57 183 70 13 68 181 18 3 95 109 72 32 69 93 75 66 48 28 15 119 53 165 24 86 37 63 73 193 49 195 27 22
1934 22 290 69 87 94 200 56 186 26 121 85 53 35 156 74 140 20 97 25 8 60 96 44 26 68 188 14 145 93 88 71 114 57 57 59 8 12 145 34 32 81 38 19 136 64 158
1935 22 273 7 112 34 14 71 181 57 48 97 25 14 141 17 101 63 183 19 93 83 37 50 166 70 139 36 105 2 93 12 114 78 77 58 86 82 160 22 29 80 154 96 88 44 97
1936 22 261 6 165 87 141 69 141 86 132 54 163 9 141 73 94 28 130 75 140 52 148 20 74 83 34 5 88 40 52 35 100 33 199 25 68 27 162 99 32 59 124 49 52 30 178
1937 22 239 43 181 77 162 6 59 95 111 99 34 14 26 21 14 10 19 34 86 78 96 37 109 72 195 32 120 35 101 28 129 33 5 90 38 15 36 13 22 38 42 27 199 60 78
1938 22 260 33 98 55 180 86 15 3 32 46 174 30 133 74 110 61 106 14 103 95 128 90 195 93 111 8 130 4 186 29 116 15 13 13 169 44 50 83 46 81 180 19 63 64 44
1939 22 304 72 77 49 37 79 43 16 20 89 108 31 196 90 186 33 118 1 147 82 65 67 25 14 1 22 147 92 9 96 35 80 24 83 168 2 177 74 166 91 104 13 180 41 198
1940 22 256 49 142 96 130 58 163 6 72 15 127 18 47 78 195 4 109 70 86 76 124 14 158 97 179 52 44 79 192 41 79 33 136 8 43 50 65 66 117 43 83 12 12 61 115
1941 22 269 20 31 52 195 54 166 4 50 96 4 1 139 34 192 31 113 77 19 72 119 68 137 84 136 18 51 43 29 11 109 41 61 94 94 78 149 95 25 16 138 39 46 50 115
1942 22 238 16 121 85 36 9 120 71 192 37 21 86 117 84 94 24 106 61 70 35 161 64 60 65 11 27 2 49 124 3 115 40 75 99 175 36 18 45 27 6 118 12 22 1 105
1943 22 275 89 176 63 1 97 197 13 113 8 177 23 134 30 123 58 132 37 197 7 135 71 42 4 67 20 9 84 31 82 136 87 122 12 49 74 108 98 186 5 115 94 139 44 16
1944 22 245 48 176 4 144 34 138 66 127 93 84 46 1 20 128 55 14 18 63 28 78 60 66 49 16 80 143 54 23 10 101 50 114 96 35 3 13 13 196 58 196 68 137 30 174
1945 22 283 51 136 92 13 16 69 24 81 17 39 12 11 45 186 21 197 88 34 22 188 57 187 83 157 96 179 33 60 98 83 47 141 62 9 70 194 77 60 5 88 56 143 60 153
1946 22 250 30 145 97 103 32 5 89 115 14 85 45 137 17 56 86 51 2 26 16 186 18 109 63 129 66 102 85 160 13 37 57 85 43 40 41 132 6 154 68 102 84 157 28 186
1947 22 253 11 106 82 26 91 151 86 153 79 103 6 163 62 18 51 2 26 35 45 118 28 176 23 133 95 125 27 30 33 55 15 95 12 96 72 2 46 158 55 124 39 26 30 189
1948 22 309 27 7 76 23 24 155 98 99 87 44 75 166 73 7 72 87 54 83 34 125 84 179 90 55 46 102 45 23 83 33 49 141 8 72 65 162 21 163 1 65 89 166 37 95
1949 22 275 37 176 48 19 9 25 2 40 58 44 46 55 45 90 77 79 22 126 19 82 49 83 95 121 97 195 85 112 74 132 1 31 18 109 55 72 65 115 93 119 11 82 96 89
1950 22 277 56 73 59 37 21 142 31 93 90 178 30 127 41 55 10 41 55 40 63 47 33 111 11 99 81 109 89 176 49 44 8 32 72 101 14 65 42 143 94 68 84 148 77 24
1951 22 223 2 69 33 116 15 18 26 177 16 33 9 177 21 85 25 164 36 84 47 8 84 160 72 78 3 165 45 86 64 174 61 65 42 45 80 108 62 158 78 142 44 154 30 177
1952 22 204 16 66 23 23 49 34 46 78 88 162 25 25 48 185 41 141 82 172 43 81 35 172 22 130 77 83 10 59 11 77 24 85 51 124 19 96 2 6 9 176 31 33 67 73
1953 22 271 63 48 96 62 43 77 66 98 77 195 33 38 53 143 14 176 80 116 51 50 52 7 71 179 89 3 1 156 27 115 55 23 76 149 99 23 15 148 9 80 13 175 3 40
1954 22 250 54 170 90 3 33 94 9 55 72 50 10 125 5 36 39 111 67 60 60 141 26 8 92 34 81 98 65 183 37 70 4 178 24 188 23 33 43 95 34 52 71 38 61 148
1955 22 282 49 127 59 60 68 84 19 159 69 58 91 166 22 173 54 44 29 184 67 16 6 51 58 52 84 61 21 100 35 21 61 179 80 15 30 191 83 187 81 1 60 106 3 134
1956 22 298 89 70 49 195 72 159 98 156 19 172 76 118 6 48 69 166 79 80 93 9 88 27 95 168 27 106 25 81 61 158 82 59 15 153 17 13 8 35 84 136 5 41 35 73
1957 22 233 58 113 52 155 57 160 42 84 6 62 10 164 86 142 76 196 63 57 54 177 61 70 41 21 56 76 8 112 16 42 85 74 7 88 28 163 22 46 35 108 20 20 49 147
1958 22 276 15 163 3 68 40 116 89 32 36 97 8 43 75 36 44 48 42 184 28 57 83 101 54 191 35 161 63 6 62 109 21 124 64 40 79 81 47 66 77 106 60 184 80 95
1959 22 314 80 80 89 63 59 45 45 111 98 187 11 149 50 124 58 122 47 121 62 14 51 194 12 116 70 117 75 105 48 21 84 179 61 198 37 5 94 147 55 181 43 17 29 193
1960 22 244 40 186 14 138 58 27 51 108 20 162 23 141 30 149 46 178 22 181 8 82 31 145 39 124 43 45 4 38 61 33 82 152 70 47 89 28 74 192 35 45 53 110 86 135
1961 22 310 10 183 12 83 15 19 65 45 55 169 99 24 59 56 80 162 78 126 50 5 51 41 91 196 46 152 33 80 62 115 43 44 81 113 60 26 66 146 41 64 69 139 74 177
1962 22 229 18 35 54 143 37 158 94 77 41 174 52 173 5 65 39 147 60 19 12 172 96 191 31 101 10 169 26 86 38 161 32 197 48 77 25 147 17 151 50 41 55 114 79 102
1963 22 284 74 50 13 145 45 55 81 186 85 33 47 5 59 132 42 71 22 173 19 21 50 195 67 118 69 159 82 189 53 7 38 65 3 83 71 36 20 155 68 18 78 149 52 200
1964 22 272 22 24 70 42 25 165 60 95 61 128 53 160 62 41 12 120 31 128 23 65 98 58 36 104 77 53 14 7 65 6 74 41 28 167 92 126 59 152 6 163 64 119 56 127
1965 22 273 38 186 55 60 2 4 69 37 8 146 89 121 4 41 61 166 78 188 32 194 31 9 5 183 66 67 98 84 74 124 11 130 85 112 86 154 93 51 40 65 54 132 14 97
1966 22 265 31 154 80 77 84 141 81 118 6 199 15 142 73 39 67 35 20 51 99 5 4 198 49 6 38 166 59 69 19 125 18 2 30 97 78 13 37 58 95 8 45 188 32 35
1967 22 289 54 167 55 156 65 111 12 14 60 117 51 25 28 172 43 104 89 144 33 185 73 145 74 182 75 20 90 72 7 121 58 112 39 164 67 55 78 69 34 47 19 158 52 177
1968 22 282 30 196 9 15 20 5 88 102 32 159 91 103 65 163 12 28 54 76 94 8 50 24 76 83 70 47 92 95 43 23 18 190 31 184 10 87 23 11 81 53 72 45 67 84
1969 22 280 24 120 11 117 80 60 92 155 94 113 53 37 7 93 79 29 62 21 45 82 50 167 44 67 47 48 91 43 14 26 18 86 36 86 65 195 78 119 40 42 76 1 16 106
1970 22 283 81 177 26 92 73 159 93 91 54 59 37 1 1 131 67 26 52 161 85 16 7 162 86 146 56 109 21 156 76 127 36 104 4 179 15 171 66 68 30 54 82 136 87 8
1971 22 296 35 38 68 172 53 75 33 138 72 40 99 193 95 126 71 131 30 26 9 57 40 80 75 160 61 180 80 42 18 49 54 155 69 25 59 195 10 48 66 149 46 110 44 172
1972 22 257 32 26 53 158 34 9 49 165 35 160 77 115 91 19 8 19 87 114 39 12 24 133 73 72 51 21 17 112 16 40 44 141 92 153 27 153 13 168 55 138 86 115 28 47
1973 22 261 36 4 31 108 75 181 80 143 45 196 35 88 26 40 62 30 92 105 69 56 24 21 11 161 59 125 68 83 4 66 18 59 97 177 33 129 56 28 73 3 12 139 39 3
1974 22 325 52 69 47 108 37 2 31 109 64 43 67 40 63 49 96 128 18 154 76 46 39 157 2 66 81 104 27 93 94 65 98 85 93 105 73 147 88 34 62 30 44 1 49 172
1975 22 297 70 102 99 116 92 155 69 157 88 24 35 32 18 200 78 167 36 71 23 9 10 194 30 192 45 83 87 145 31 158 67 85 9 34 76 15 2 133 77 67 85 146 63 112
1976 22 288 6 85 87 166 53 48 59 82 91 103 17 178 47 135 18 31 95 151 10 104 43 163 80 61 48 26 79 10 89 36 46 175 1 50 23 111 83 13 13 199 90 12 77 129
1977 22 276 28 71 31 86 32 134 95 166 89 94 91 19 55 31 6 100 49 180 68 31 44 80 30 86 27 162 24 54 84 155 92 168 40 171 14 5 11 7 47 81 61 178 86 112
1978 22 251 35 43 60 66 10 42 9 190 23 94 85 101 7 108 55 143 62 198 2 168 58 79 81 5 59 41 34 197 52 68 39 163 33 149 56 93 90 131 74 31 45 181 37 39
1979 22 273 95 134 48 48 2 122 5 132 61 42 94 194 38 197 77 159 45 177 67 38 66 197 28 91 27 24 71 116 63 17 49 162 16 102 84 73 33 137 75 31 12 27 39 140
1980 22 229 38 36 16 4 25 133 52 152 23 130 75 94 45 37 62 94 51 78 95 34 50 180 22 34 54 152 12 117 31 51 9 68 24 23 57 174 65 79 55 139 28 138 30 15
1981 22 308 39 15 16 70 36 149 75 40 61 144 70 63 52 189 63 113 83 88 77 114 42 167 37 41 46 126 40 76 89 7 97 177 56 172 68 115 82 66 33 92 45 127 26 173
1982 22 308 40 67 91 28 60 137 54 196 63 45 23 4 52 120 80 159 47 78 57 83 59 174 11 91 65 149 87 143 74 159 82 92 49 162 51 137 67 147 21 55 14 40 86 72
1983 22 282 82 84 49 190 18 7 63 28 80 176 35 122 1 145 56 92 46 17 43 34 83 141 85 145 61 91 59 53 28 82 86 111 31 76 89 190 7 38 69 134 24 43 34 169
1984 22 282 98 26 14 66 68 147 8 184 44 20 74 54 72 54 36 110 16 166 85 96 6 174 2 95 95 36 19 137 69 87 86 194 52 51 13 50 50 172 33 145 92 59 99 15
1985 22 251 12 86 24 27 3 60 74 108 86 176 32 163 73 168 31 111 53 77 62 155 41 63 4 13 96 200 6 150 70 169 35 46 47 37 5 21 97 42 51 73 10 123 92 192
1986 22 294 33 96 68 94 50 109 56 105 73 3 5 28 60 6 97 28 41 42 75 29 99 147 25 92 94 127 17 3 49 108 81 4 14 126 74 34 10 146 88 166 48 171 21 75
1987 22 257 63 115 1 192 13 147 68 56 40 195 72 194 95 80 88 76 35 153 53 191 26 138 23 126 17 95 73 188 15 199 50 81 52 93 45 50 90 107 3 22 28 89 81 80
1988 22 308 51 170 31 73 95 148 19 19 35 86 18 36 66 121 81 11 70 193 11 11 99 134 46 151 89 19 77 145 63 108 47 32 39 72 27 186 90 145 72 75 14 107 93 186
1989 22 244 39 3 56 131 65 118 81 198 63 84 38 134 14 15 78 176 22 76 7 160 47 85 97 137 82 168 27 155 33 165 9 140 96 173 57 28 23 172 11 60 5 24 26 134
1990 22 299 51 100 9 158 59 156 94 156 44 175 75 158 22 101 65 6 66 173 45 113 98 1 92 172 72 3 31 28 78 9 61 129 8 122 38 118 29 31 73 24 6 100 81 179
1991 22 277 45 184 17 18 28 81 67 80 73 38 4 127 20 31 44 184 87 65 5 93 29 116 61 128 48 91 93 74 62 153 77 128 84 149 75 136 70 130 16 113 66 2 38 6
1992 22 233 21 41 35 88 53 162 43 41 27 68 37 40 20 113 19 156 13 35 42 39 23 63 68 38 75 33 91 103 49 75 63 135 62 168 48 97 10 89 30 177 15 1 89 33
1993 22 249 56 53 20 50 91 142 12 10 31 87 43 73 41 17 21 16 79 107 77 198 55 25 60 195 89 171 14 189 11 198 45 63 17 194 53 110 5 114 40 143 65 84 72 85
1994 22 292 99 3 92 75 52 98 11 92 51 99 14 116 88 24 65 32 38 82 25 142 43 81 55 135 24 163 59 86 35 157 40 26 83 192 75 34 2 166 84 1 79 51 54 116
1995 22 217 71 191 49 47 32 91 27 187 25 102 1 175 60 186 10 68 26 187 51 17 62 36 18 27 20 70 58 22 9 111 37 179 2 85 85 128 4 123 57 23 79 117 88 184
1996 22 271 86 74 2 87 22 71 66 193 41 23 14 49 33 151 80 186 87 156 23 114 59 45 18 16 68 48 84 28 35 19 65 160 5 166 47 26 88 112 31 81 70 133 60 156
1997 22 283 72 15 78 137 26 74 6 193 93 153 76 72 87 94 36 199 50 1 97 75 41 108 92 20 45 75 14 7 11 69 30 78 98 167 3 172 47 16 25 74 88 63 19 123
1998 22 285 61 169 76 57 43 16 16 87 87 60 74 119 49 194 26 44 67 80 15 138 78 30 14 151 69 177 70 192 89 190 98 32 82 113 68 125 6 50 1 55 32 86 19 64
1999 22 250 52 156 41 34 70 92 2 198 13 93 86 102 11 183 85 144 48 107 12 172 88 69 21 140 75 15 92 59 53 110 22 104 18 62 89 39 5 191 36 17 35 21 46 156
