3000 22 245 76 302 77 304 25 320 50 103 1 291 30 119 46 210 9 312 82 259 55 98 2 320 13 267 40 266 3 98 31 169 73 34 45 278 66 230 22 143 87 322 96 232 53 180
3001 22 341 91 57 77 44 78 141 12 170 8 114 19 139 34 43 74 180 70 282 96 1 47 213 73 241 99 96 80 245 27 282 76 269 90 152 65 317 45 226 88 302 42 6 75 48
3002 22 295 16 55 70 299 52 170 95 314 44 135 63 39 14 309 18 247 84 86 86 137 2 155 31 228 83 171 50 74 45 99 91 251 40 2 42 86 68 335 21 30 76 186 90 343
3003 22 281 35 125 30 270 11 232 76 142 61 272 31 171 99 125 21 92 28 141 81 331 84 216 98 318 38 279 43 74 20 287 58 344 17 29 55 200 57 198 60 328 23 190 100 323
3004 22 305 16 172 14 293 94 76 97 212 75 65 49 254 59 324 73 98 33 269 23 265 70 20 24 99 92 213 80 21 30 225 37 175 86 274 87 329 60 260 4 157 95 172 22 58
3005 22 249 46 136 29 165 9 79 58 173 28 73 52 100 54 328 86 229 19 264 3 317 33 178 62 188 34 56 59 205 15 154 40 93 70 148 71 229 72 250 4 226 99 157 53 35
3006 22 239 85 282 55 101 36 23 2 20 51 165 8 184 22 216 91 286 30 180 43 130 52 322 53 51 25 278 81 131 66 214 42 168 1 314 69 120 16 236 27 302 57 345 45 318
3007 22 272 23 326 60 252 78 31 5 178 84 29 38 316 16 205 29 159 22 81 42 201 90 327 79 191 86 125 34 182 92 257 7 152 32 66 14 89 94 226 15 312 80 46 70 253
3008 22 265 76 44 94 128 34 123 59 276 8 33 60 141 77 316 47 78 75 231 11 341 96 301 90 39 56 350 7 153 20 111 31 315 5 10 48 29 68 174 38 103 33 128 29 350
3009 22 301 24 258 74 106 18 66 53 269 57 242 96 263 43 105 67 314 65 297 29 121 7 328 51 224 88 128 85 65 58 336 41 215 62 198 35 127 55 84 44 300 98 136 56 14
3010 22 316 52 223 13 332 93 69 59 96 92 262 83 222 48 250 79 234 44 97 89 28 73 239 32 108 82 183 7 270 41 223 23 63 35 304 57 53 64 302 96 325 17 25 86 196
3011 22 245 10 27 91 156 17 220 30 256 3 288 89 285 46 308 75 170 39 154 35 196 58 99 47 154 25 283 22 249 70 319 60 146 59 265 15 30 95 220 32 184 19 131 45 301
3012 22 252 51 134 4 286 79 112 36 277 67 60 10 190 59 329 9 68 77 319 35 43 1 31 64 282 14 123 50 344 42 97 46 345 30 200 60 113 65 286 81 326 97 170 34 78
3013 22 318 80 154 56 251 90 198 51 120 61 134 83 33 84 128 27 182 24 121 11 225 52 70 39 118 57 119 43 104 29 333 22 134 88 272 73 335 74 342 97 257 81 342 53 7
3014 22 284 23 278 29 233 52 282 54 290 99 63 60 294 68 102 22 300 5 87 94 127 67 118 19 73 93 149 97 308 89 225 38 74 28 320 79 270 20 41 13 8 30 36 59 2
3015 22 301 42 195 97 218 19 165 87 137 40 181 88 256 28 197 94 154 86 169 31 5 98 250 27 340 81 241 10 277 8 214 18 103 71 27 26 260 16 309 99 321 47 66 91 182
3016 22 256 85 173 39 184 25 117 23 55 7 322 66 85 80 129 5 332 41 94 54 17 69 165 32 179 15 204 16 261 58 245 31 233 38 305 99 311 59 157 76 242 11 205 96 294
3017 22 272 47 41 63 109 16 246 40 281 49 155 43 169 13 237 74 143 21 63 71 23 59 228 7 134 69 140 18 165 86 258 14 148 81 43 57 63 93 62 6 112 76 94 87 220
3018 22 280 17 99 18 237 24 328 66 182 61 186 50 251 53 64 38 112 29 336 30 12 86 74 75 49 88 324 25 26 93 191 26 112 27 199 89 145 80 82 2 185 47 241 96 176
3019 22 351 28 225 37 10 63 62 84 261 41 273 87 17 48 31 57 223 93 85 74 231 79 55 82 11 86 285 95 83 26 140 60 203 67 48 62 29 59 297 91 101 19 279 66 310
3020 22 274 75 39 52 12 64 134 92 118 18 204 4 102 48 138 29 340 99 84 8 198 95 138 56 44 78 209 62 157 77 230 70 171 17 133 60 250 73 264 5 177 13 244 2 242
3021 22 279 38 59 39 85 96 197 80 226 57 191 84 135 20 253 88 139 73 206 28 266 23 101 29 79 41 323 33 195 64 123 55 105 59 251 53 90 9 280 63 245 2 165 85 92
3022 22 264 87 90 15 216 55 289 18 335 67 196 76 339 31 120 5 255 24 261 63 226 52 305 23 83 19 36 81 53 28 69 43 94 85 147 34 52 32 2 48 209 93 228 80 299
3023 22 321 82 303 59 196 81 23 99 285 47 233 52 115 69 334 68 198 3 310 93 337 58 78 40 191 29 239 51 221 16 330 49 283 79 46 65 201 46 349 97 231 14 301 88 231
3024 22 303 90 342 92 278 51 271 19 242 49 158 42 220 25 224 26 156 69 321 72 21 68 199 24 33 99 13 13 98 52 56 41 231 56 211 61 108 93 32 83 266 8 223 80 244
3025 22 277 62 350 65 31 48 340 13 148 2 325 47 305 82 139 87 288 51 288 36 162 45 280 93 227 95 216 86 67 7 16 69 167 27 349 15 318 64 122 38 163 76 20 1 215
3026 22 220 9 254 2 346 15 196 76 59 25 272 75 10 39 181 27 252 1 344 30 102 60 198 63 275 71 152 37 348 23 190 12 233 93 13 79 309 11 306 17 235 91 46 24 223
3027 22 227 69 224 68 300 25 177 49 289 1 69 43 340 17 17 79 278 71 93 30 229 3 37 97 139 13 338 84 82 63 208 2 88 51 215 5 304 18 197 93 336 16 121 14 265
3028 22 297 93 6 96 223 60 32 69 48 46 58 83 177 70 241 28 208 65 231 74 318 82 178 71 1 77 213 37 192 85 52 6 129 7 253 1 118 34 71 17 181 29 349 58 50
3029 22 262 39 137 9 4 19 282 71 250 12 43 51 88 7 237 79 191 88 186 46 88 23 65 73 343 31 3 29 162 25 268 49 183 67 267 45 169 78 237 69 265 43 107 95 285
3030 22 264 46 180 55 143 69 327 57 241 71 237 95 196 67 207 70 136 54 208 73 22 52 43 1 288 11 265 82 19 66 16 40 172 8 308 16 350 68 271 37 56 7 142 14 81
3031 22 250 14 117 74 164 5 36 31 86 41 204 22 333 75 30 92 325 97 92 51 136 16 273 86 254 80 44 45 195 10 312 47 326 18 283 6 55 39 298 58 10 82 85 11 188
3032 22 259 65 209 40 202 74 112 39 177 41 82 21 86 55 231 99 254 58 16 36 213 70 126 12 130 85 196 64 128 19 74 67 85 32 306 57 219 26 183 11 207 53 346 13 85
3033 22 275 94 116 92 11 53 106 31 228 70 12 15 65 25 94 85 100 10 319 33 165 6 189 21 95 89 225 91 51 12 86 19 5 49 223 61 131 82 142 67 196 16 160 80 267
3034 22 263 71 200 49 335 55 89 69 237 9 65 25 135 5 277 96 43 95 251 93 270 63 223 22 294 14 40 91 181 1 172 97 171 23 347 7 77 85 277 13 345 41 189 29 298
3035 22 294 65 177 42 10 27 234 29 41 56 252 36 119 41 76 1 291 99 197 63 221 93 219 49 79 95 213 73 135 84 165 25 326 7 258 4 97 57 34 85 247 59 185 89 309
3036 22 246 81 251 29 25 71 79 53 65 41 327 52 341 78 235 6 158 12 131 65 319 37 113 34 143 97 218 42 57 55 180 16 235 33 346 3 75 20 167 93 173 58 120 9 115
3037 22 262 79 270 47 293 89 233 6 174 28 202 43 19 8 47 50 75 84 232 71 145 85 297 10 206 63 52 78 72 23 236 86 52 33 146 46 267 1 19 94 204 13 264 14 60
3038 22 297 64 338 93 145 10 89 81 308 48 186 71 52 65 294 76 251 80 227 56 164 25 251 30 25 31 83 89 294 44 304 83 238 1 293 26 231 52 326 69 122 27 35 68 202
3039 22 229 35 149 31 142 62 55 42 193 64 168 13 149 59 6 91 132 14 335 7 247 86 234 15 158 99 177 25 296 27 286 52 221 28 184 84 98 47 84 8 54 21 294 9 285
3040 22 246 78 17 81 314 51 97 23 312 45 99 27 282 73 124 9 8 75 179 37 109 64 186 7 350 93 210 77 14 4 237 48 81 3 280 44 153 26 316 17 270 66 293 38 67
3041 22 271 12 97 93 292 84 53 7 21 59 206 66 69 79 24 20 228 54 123 57 300 27 182 67 343 3 283 38 58 70 306 69 119 48 112 52 303 19 324 11 326 89 31 62 19
3042 22 229 54 331 48 310 55 6 61 134 37 127 28 242 11 15 49 233 72 120 1 22 33 304 24 153 27 286 29 16 19 240 86 324 22 234 83 79 89 343 62 228 21 132 6 21
3043 22 259 64 77 90 14 23 317 77 46 61 57 13 79 46 48 2 120 83 335 48 322 79 211 1 202 49 271 84 106 41 149 35 233 15 234 57 83 9 333 30 219 42 297 87 342
3044 22 243 48 58 74 134 5 197 15 267 49 266 18 269 1 173 62 2 57 46 66 193 52 200 51 36 80 319 25 73 65 14 64 64 21 290 78 136 14 44 87 329 11 7 32 86
3045 22 339 68 183 94 215 36 116 1 138 54 80 56 180 53 172 93 18 66 307 35 345 95 298 40 181 78 301 87 259 88 7 91 231 21 192 69 139 43 56 92 24 14 73 85 68
3046 22 247 46 172 83 104 6 127 48 155 16 330 18 167 91 57 25 34 38 195 27 206 35 169 63 226 43 26 51 170 61 168 17 134 50 71 90 228 94 345 28 215 19 271 40 4
3047 22 313 60 336 30 17 71 1 80 148 45 105 98 164 67 65 33 3 66 3 92 43 72 337 40 71 65 54 88 335 24 29 90 334 15 169 37 169 31 84 13 138 82 129 56 198
3048 22 300 13 8 64 17 1 208 90 338 97 111 54 252 50 290 26 179 29 11 95 49 12 281 20 195 66 334 32 299 87 147 76 147 42 147 69 182 86 18 94 89 19 45 78 296
3049 22 310 75 258 56 19 57 270 51 326 14 267 59 247 67 223 35 315 98 181 26 292 28 247 13 264 68 154 82 62 33 128 37 241 85 257 99 306 60 324 21 228 84 117 94 108
3050 22 275 52 209 56 332 86 199 61 182 73 176 47 292 29 231 53 113 58 241 55 44 50 153 9 278 22 138 62 139 81 119 42 41 26 225 27 26 36 310 48 313 39 93 89 244
3051 22 248 5 48 36 10 91 37 12 242 97 242 14 84 3 204 17 173 45 307 51 169 35 178 6 197 26 268 16 10 93 261 15 140 99 224 32 35 37 76 84 230 89 217 92 133
3052 22 322 57 136 92 259 6 326 36 62 74 213 29 178 81 339 22 141 5 13 89 30 95 326 66 120 59 96 10 127 79 253 60 287 88 151 97 295 28 83 56 252 85 79 77 125
3053 22 267 53 118 79 315 8 158 61 185 25 82 45 72 91 222 3 243 33 189 82 83 86 27 62 70 34 63 66 320 94 295 44 246 22 12 21 181 73 258 6 254 52 229 31 289
3054 22 273 57 320 21 191 99 3 78 32 15 145 2 160 89 95 5 302 19 67 23 101 41 282 8 294 85 137 90 110 67 279 66 38 1 59 94 101 61 171 82 277 35 87 54 30
3055 22 269 43 6 50 161 30 202 51 113 60 297 47 246 38 306 14 168 74 2 18 34 45 18 94 318 2 172 85 236 10 290 67 3 97 168 15 278 20 166 40 281 87 328 91 169
3056 22 304 19 292 38 2 39 58 97 208 59 69 94 46 78 185 13 282 32 280 61 101 14 203 81 127 91 8 29 234 1 249 55 42 87 6 96 253 41 4 23 34 99 52 69 313
3057 22 232 34 302 95 32 12 145 64 328 73 54 87 253 90 237 2 94 81 90 1 12 35 305 53 88 77 138 38 129 6 53 14 307 47 295 21 43 41 36 20 315 7 19 31 195
3058 22 270 70 226 25 259 26 89 43 81 93 232 9 330 72 87 88 24 2 246 22 248 16 314 40 2 84 156 42 175 75 136 94 250 63 55 51 199 57 143 31 216 24 204 54 61
3059 22 246 29 256 7 300 55 74 13 345 77 48 50 119 41 126 95 79 20 194 26 21 43 174 27 337 4 142 60 259 46 123 37 303 81 236 59 106 51 53 83 150 3 291 80 198
3060 22 298 21 51 43 111 76 213 55 2 40 291 57 83 2 316 80 276 32 156 91 64 90 345 96 191 1 298 33 83 47 103 83 140 65 311 19 312 93 61 68 26 63 333 38 37
3061 22 292 87 296 26 179 59 17 75 206 57 126 55 292 60 252 94 142 91 59 4 194 29 17 37 240 35 162 52 169 66 91 38 134 84 348 11 203 9 38 8 100 97 211 95 340
3062 22 237 3 3 94 246 82 62 23 96 45 326 17 113 66 225 18 56 59 252 10 12 8 270 49 17 71 247 27 116 86 279 70 281 26 253 43 160 25 240 4 100 56 266 68 333
3063 22 265 84 23 91 237 77 102 36 22 2 192 96 130 9 31 8 181 12 34 33 304 93 10 48 109 1 216 78 283 23 87 29 176 88 166 47 187 18 191 82 47 51 12 57 281
3064 22 258 25 92 14 78 34 23 23 233 33 23 98 161 55 298 62 29 86 292 54 123 58 203 59 177 43 92 93 256 31 226 30 22 39 108 57 63 90 147 4 239 7 110 37 321
3065 22 316 90 174 62 295 99 171 47 209 97 341 1 22 86 206 2 161 35 126 94 232 65 125 23 211 78 262 20 237 50 290 28 225 53 273 73 174 69 182 72 212 82 343 39 97
3066 22 285 9 23 22 111 19 103 25 93 78 187 71 189 8 259 40 49 37 114 52 311 87 27 31 70 98 42 53 143 90 141 89 250 15 110 62 283 64 138 41 325 82 108 70 331
3067 22 273 96 86 84 106 74 12 37 43 59 130 45 303 22 337 91 323 1 300 85 36 16 272 15 56 48 214 87 330 73 308 62 71 43 295 26 16 6 264 60 116 46 254 19 117
3068 22 275 42 61 89 145 13 223 32 278 95 346 83 344 59 121 23 331 81 236 51 75 80 29 43 287 94 102 5 289 58 75 99 287 46 343 18 126 26 114 21 161 31 83 14 313
3069 22 275 68 116 40 99 44 82 88 40 83 194 28 340 18 185 91 204 30 135 55 99 11 130 63 31 92 122 62 175 27 289 22 342 73 136 61 10 3 304 35 272 90 325 19 110
3070 22 262 81 168 22 313 32 4 4 105 17 30 9 193 21 333 85 50 55 320 61 164 48 56 68 51 90 89 91 167 65 211 26 198 30 249 10 163 2 15 67 219 97 328 69 310
3071 22 313 45 168 64 16 80 277 13 85 96 316 25 334 8 291 50 318 68 347 18 308 62 319 81 187 73 158 41 117 94 58 32 112 88 110 24 324 55 341 98 338 48 190 89 218
3072 22 290 59 88 17 76 47 278 71 260 35 93 84 333 85 330 43 16 41 82 75 116 55 129 57 305 68 6 96 207 23 305 44 191 82 140 21 180 13 180 15 157 98 140 31 227
3073 22 245 84 49 19 215 73 235 2 143 23 219 50 169 25 325 20 165 58 112 35 88 74 67 52 180 15 151 21 147 28 254 95 298 68 18 39 319 26 61 89 228 31 216 55 35
3074 22 281 66 15 98 253 2 321 69 203 3 83 53 225 79 182 74 130 93 113 36 13 91 99 1 268 86 53 50 350 38 1 23 156 55 227 40 159 51 269 43 31 44 272 31 188
3075 22 285 36 268 78 16 95 297 18 215 82 72 1 81 23 338 33 147 96 39 73 335 97 276 5 141 8 350 14 338 87 50 56 36 79 73 38 174 69 57 40 2 84 152 30 116
3076 22 309 49 75 6 123 11 305 48 266 45 308 67 309 97 254 8 2 91 38 77 280 86 203 99 265 42 282 19 123 98 167 47 3 10 307 54 248 43 162 94 48 71 148 74 220
3077 22 285 71 70 8 223 68 74 66 50 92 339 99 260 35 53 1 196 62 291 72 15 88 115 26 333 48 130 4 305 55 124 25 25 33 197 44 158 63 145 50 51 95 161 37 50
3078 22 277 11 233 61 253 56 27 40 270 4 225 84 301 54 137 5 309 12 230 85 146 78 230 92 177 55 294 71 15 83 70 28 167 82 230 22 108 72 242 96 277 1 63 18 261
3079 22 268 77 149 45 72 28 77 20 253 31 213 75 198 47 145 27 313 26 206 35 136 29 328 96 276 4 109 16 28 89 44 76 336 3 62 92 272 66 125 87 190 22 235 84 100
3080 22 276 98 12 57 132 99 236 9 194 13 164 54 191 79 131 30 173 58 315 90 111 76 183 34 141 7 272 32 80 16 179 29 286 37 227 73 197 72 285 60 128 26 290 55 264
3081 22 278 18 221 53 278 96 338 63 188 44 337 19 24 43 236 2 298 66 289 36 344 61 232 16 196 93 123 32 52 77 48 21 249 52 100 89 13 83 133 51 253 8 293 91 311
3082 22 234 92 58 50 77 52 160 10 267 7 152 11 279 35 264 57 332 5 184 36 150 22 198 34 154 98 139 13 92 81 224 85 288 23 11 39 84 20 57 91 73 19 321 58 183
3083 22 292 28 339 19 284 72 104 84 346 54 167 51 253 7 214 97 337 37 81 75 11 92 263 94 13 22 136 86 40 43 222 34 233 42 317 57 198 52 202 1 171 55 277 67 151
3084 22 273 66 253 32 340 65 125 4 159 37 175 94 24 68 238 85 151 30 4 57 179 58 129 77 161 83 256 28 86 21 32 17 112 47 243 15 255 31 340 50 205 56 202 72 45
3085 22 274 38 272 76 241 80 204 89 332 28 250 67 283 29 2 55 60 20 166 8 12 81 212 92 122 14 198 79 215 73 254 43 349 47 123 52 346 11 336 12 54 40 55 62 350
3086 22 305 76 328 57 337 60 321 80 33 86 178 61 152 99 85 55 341 33 1 15 87 46 278 24 171 89 277 78 129 91 280 8 218 38 246 29 160 75 161 47 204 23 248 52 8
3087 22 275 53 295 92 105 11 328 3 288 51 73 77 127 2 57 59 42 38 168 62 327 13 190 37 90 83 293 27 283 97 234 93 126 41 3 5 195 91 258 67 219 86 220 12 16
3088 22 250 14 125 42 127 66 280 18 70 65 310 97 247 58 180 85 350 7 225 5 164 20 247 71 138 56 160 43 152 73 8 51 144 62 81 13 182 22 128 93 82 9 329 33 18
3089 22 311 53 37 83 74 5 14 99 110 23 191 64 45 50 81 43 151 76 304 33 338 87 229 61 216 73 294 27 101 77 296 65 278 29 100 32 344 98 43 68 291 58 12 40 140
3090 22 265 56 242 17 111 24 106 98 152 69 65 76 262 93 176 40 288 33 57 61 156 6 103 95 23 43 52 86 135 94 191 26 310 51 102 18 150 5 186 15 131 49 207 8 291
3091 22 247 45 190 97 313 52 152 13 307 56 57 29 251 10 164 85 253 6 212 65 107 63 34 20 21 70 300 19 129 59 11 25 49 37 300 62 101 18 157 87 68 69 3 4 273
3092 22 294 58 267 39 66 32 122 22 201 42 243 50 213 71 8 23 95 82 132 60 143 18 112 91 206 31 211 86 133 3 222 83 334 95 6 84 287 99 135 1 269 44 173 64 152
3093 22 255 56 297 61 301 30 128 62 170 85 195 45 230 15 114 32 186 48 317 4 150 20 52 36 170 22 30 95 287 81 150 83 93 52 213 66 184 6 310 14 300 39 178 71 165
3094 22 229 63 139 48 166 39 318 19 24 87 292 5 83 29 35 35 111 86 125 50 51 59 106 60 324 57 199 3 72 21 269 34 159 66 51 49 333 75 272 12 279 4 40 16 38
3095 22 272 3 44 24 77 94 176 35 251 86 8 9 186 60 330 56 228 65 166 96 67 15 28 87 291 51 99 19 105 90 136 44 242 30 69 69 325 45 155 27 232 17 76 67 74
3096 22 249 6 83 41 151 50 257 80 86 47 81 86 218 37 276 3 280 67 334 51 287 58 45 42 136 76 208 71 144 33 289 90 21 7 340 20 316 22 256 12 202 29 340 68 32
3097 22 229 71 135 15 221 21 125 14 260 42 171 82 287 56 222 3 95 93 212 87 62 27 8 19 140 11 162 50 129 2 70 65 168 41 288 44 7 4 151 74 287 37 281 59 42
3098 22 300 25 203 5 63 66 33 70 337 72 80 42 79 30 143 1 295 63 43 84 206 99 86 61 1 59 298 88 41 8 129 68 110 83 280 27 215 79 262 60 142 24 260 86 36
3099 22 217 52 119 92 152 6 54 53 315 1 240 7 60 70 24 21 154 4 298 68 105 10 7 85 324 36 96 15 260 45 260 72 338 12 277 16 43 44 57 56 226 25 26 79 130
3100 22 264 75 198 34 187 4 21 60 342 66 274 51 75 77 347 48 137 45 274 78 212 69 173 18 120 28 295 44 56 24 180 72 309 31 175 19 49 50 21 73 326 67 106 25 305
3101 22 301 3 201 82 164 69 107 32 88 34 26 83 39 51 306 71 274 67 36 53 197 13 173 97 64 43 169 92 12 75 316 66 227 16 250 90 286 6 273 91 299 58 180 15 200
3102 22 243 76 183 37 29 82 201 3 228 15 348 47 106 59 321 21 126 49 39 27 38 84 113 51 125 63 310 6 113 74 107 40 107 43 70 44 73 17 258 20 13 30 135 87 157
3103 22 301 83 227 84 323 3 317 35 105 93 297 64 348 61 139 4 100 47 247 72 136 42 44 51 265 17 265 94 52 50 184 30 85 6 332 92 238 96 338 48 241 97 100 38 245
3104 22 336 71 225 88 266 29 188 80 46 54 125 97 7 74 82 86 311 40 119 14 81 56 259 58 154 70 348 51 319 37 47 91 312 85 106 92 124 28 59 36 285 67 171 41 210
3105 22 231 88 96 70 58 53 74 28 2 26 48 89 272 39 202 58 344 43 332 81 182 11 291 16 346 75 282 18 271 32 29 5 202 9 77 67 310 2 15 3 233 48 296 64 280
3106 22 279 77 24 21 294 71 247 78 138 70 218 45 251 46 301 54 286 9 330 52 20 83 266 20 108 22 340 19 5 49 97 30 319 43 350 68 220 87 337 89 135 24 321 62 309
3107 22 279 39 183 16 8 55 207 77 225 61 78 24 40 98 316 41 215 85 327 1 73 90 207 43 334 76 135 59 247 17 285 31 34 94 337 40 73 52 150 36 93 49 253 33 14
3108 22 271 37 61 66 160 71 57 18 115 42 94 49 51 99 19 28 79 5 123 65 246 95 77 48 146 92 295 17 127 60 4 87 125 58 182 34 272 25 27 23 27 20 273 46 197
3109 22 264 1 250 20 217 97 316 45 246 64 109 88 208 26 216 69 181 2 243 47 11 76 230 33 51 59 57 77 28 79 274 31 325 48 347 72 113 91 167 6 35 21 153 7 325
3110 22 200 46 153 85 73 32 69 25 90 27 154 20 255 96 187 54 93 33 125 55 76 43 33 1 67 3 73 9 47 17 263 84 291 52 216 38 179 19 257 35 247 22 100 6 26
3111 22 325 52 283 21 134 59 71 53 263 45 24 92 90 85 175 80 31 78 47 18 56 67 274 43 114 77 164 65 22 91 123 54 311 64 183 11 27 27 84 97 270 25 334 96 156
3112 22 265 14 124 53 31 81 221 56 73 34 184 38 349 5 59 41 129 64 151 87 277 85 49 3 63 82 2 33 258 28 64 98 153 18 180 88 87 22 270 94 72 26 104 12 54
3113 22 291 67 214 93 193 50 243 96 212 27 147 84 131 76 147 80 178 66 261 61 304 97 319 18 212 43 117 48 33 26 42 75 285 22 338 11 120 34 194 2 9 81 186 8 43
3114 22 268 49 263 39 267 56 280 40 250 46 150 98 230 77 139 6 253 73 230 41 335 99 224 29 51 34 123 33 219 30 226 17 345 66 235 85 324 14 75 23 11 76 122 42 153
3115 22 297 61 298 55 135 27 97 20 175 77 3 22 12 74 303 89 342 97 256 82 229 92 106 54 5 33 25 96 85 37 343 21 38 45 298 10 44 62 265 87 337 19 175 29 316
3116 22 279 81 7 49 111 50 56 16 4 38 343 52 225 46 166 54 317 55 198 64 43 89 128 57 328 28 304 92 245 34 250 43 297 12 55 4 256 63 137 80 40 70 235 40 85
3117 22 288 98 82 25 175 41 54 39 318 58 182 62 193 32 56 83 305 3 187 43 308 95 58 94 298 37 286 19 323 75 5 21 56 79 347 46 135 65 142 71 28 34 304 33 275
3118 22 242 36 189 27 272 34 86 66 41 30 113 79 115 33 102 91 37 74 296 72 344 52 159 10 43 31 188 28 334 20 102 19 261 42 244 60 284 95 222 64 61 7 315 1 93
3119 22 239 90 48 10 112 41 111 22 3 3 102 31 85 61 234 5 171 64 96 14 79 99 25 79 13 37 285 27 339 77 17 36 237 30 229 51 231 2 254 20 84 88 132 69 94
3120 22 248 3 232 41 16 12 196 15 136 76 177 74 312 55 162 40 123 98 26 52 228 77 204 8 278 7 329 13 246 10 281 89 214 65 330 80 76 27 196 14 202 87 315 49 104
3121 22 255 3 348 82 256 75 258 12 332 87 18 99 264 73 231 4 237 95 185 68 73 11 113 36 164 38 272 28 169 22 232 23 69 13 279 45 222 40 228 8 9 89 158 72 12
3122 22 253 88 128 98 35 12 165 9 123 29 344 38 318 17 18 86 291 49 159 13 239 6 84 80 133 41 238 72 250 85 287 39 334 23 202 50 31 76 28 26 214 47 45 31 282
3123 22 261 85 281 92 145 43 130 50 28 59 183 20 247 56 19 10 192 57 250 25 32 1 124 14 227 3 40 90 99 34 122 80 220 2 272 96 203 16 175 62 200 94 260 55 114
3124 22 292 69 146 70 320 22 251 20 245 15 296 97 306 37 295 91 308 76 60 61 199 25 156 2 90 82 65 75 126 88 196 94 58 65 265 10 234 9 26 80 157 81 168 1 171
3125 22 284 28 29 82 88 27 257 96 80 98 177 46 41 52 71 37 241 16 31 80 295 10 314 54 235 95 260 18 112 63 188 89 343 22 279 21 278 24 101 77 150 17 203 84 336
3126 22 267 45 264 80 6 27 185 43 323 47 60 86 59 99 77 51 70 55 223 78 323 28 279 21 94 84 89 49 179 72 34 25 185 16 331 13 300 37 196 23 254 34 299 56 306
3127 22 251 55 329 4 234 53 281 12 75 27 247 13 27 37 213 52 223 78 334 36 277 58 224 23 193 98 178 26 196 31 102 66 137 35 120 69 299 95 197 45 159 74 72 18 215
3128 22 272 56 155 41 63 80 65 57 78 95 332 23 282 65 25 47 303 61 68 71 109 62 18 4 223 43 177 67 280 49 336 94 156 92 86 20 122 1 76 9 273 28 25 26 129
3129 22 277 10 293 50 18 7 119 23 229 13 299 97 242 49 283 35 4 24 120 75 147 72 52 95 220 11 268 87 16 74 216 67 317 25 237 17 305 66 251 90 166 76 170 47 146
3130 22 244 57 71 98 152 40 260 21 239 46 38 62 13 65 330 29 209 56 215 27 10 13 194 61 304 10 47 79 57 28 126 14 298 23 167 37 232 25 228 74 339 42 188 70 21
3131 22 256 48 176 87 75 35 252 18 247 5 277 94 236 57 152 13 33 15 60 83 98 39 171 75 68 97 13 59 36 34 281 68 110 46 219 29 342 8 87 60 164 24 348 33 155
3132 22 304 88 181 45 10 57 62 6 19 72 92 2 253 77 213 20 236 58 240 64 299 16 123 38 178 87 76 51 86 80 284 42 319 66 36 29 74 99 34 71 277 95 275 53 209
3133 22 262 94 90 16 185 56 267 50 78 54 79 81 280 4 110 15 95 79 82 83 57 5 333 92 48 3 169 44 127 73 253 22 265 70 58 72 136 10 99 91 38 17 21 20 283
3134 22 304 83 16 61 214 50 219 18 83 62 65 85 232 59 214 55 163 87 321 82 297 42 320 56 242 10 95 58 183 14 229 15 346 45 277 46 297 27 228 94 315 92 202 78 298
3135 22 199 64 66 68 197 62 259 16 69 2 176 14 62 10 27 40 76 22 336 83 132 50 260 9 109 55 323 6 302 47 171 18 214 17 181 74 335 28 160 13 89 71 241 30 196
3136 22 233 12 166 99 295 48 6 59 206 10 34 8 317 37 304 39 306 20 107 45 91 36 72 22 140 40 17 53 307 65 299 55 264 6 115 15 148 29 33 85 232 71 240 78 178
3137 22 206 98 168 13 119 20 264 31 41 5 70 60 210 78 26 8 34 40 264 48 13 80 98 41 13 32 324 35 73 27 212 51 24 15 142 22 243 43 254 44 270 30 202 3 21
3138 22 244 17 101 33 48 98 125 12 31 47 103 24 10 55 97 41 70 39 43 86 36 30 76 20 83 29 92 1 281 48 280 60 310 46 208 64 69 67 171 68 58 92 206 2 243
3139 22 268 69 187 28 75 78 159 1 249 41 179 93 261 16 41 90 316 52 301 13 109 64 333 27 334 34 25 57 86 67 226 74 347 3 155 48 80 44 40 59 232 31 126 83 281
3140 22 340 38 43 95 221 70 230 55 57 79 42 75 154 68 121 76 5 73 123 86 318 62 28 46 8 4 130 89 142 23 33 64 144 14 135 98 120 63 142 45 18 59 15 80 92
3141 22 279 79 253 14 314 20 178 91 348 25 349 54 304 37 347 26 121 62 71 84 96 71 106 61 312 50 328 72 166 51 60 80 253 23 94 75 252 86 74 29 182 22 275 7 244
3142 22 299 36 180 80 134 50 335 94 311 86 223 82 103 25 284 12 54 39 237 99 263 40 185 88 168 70 67 44 143 57 39 31 286 18 314 85 54 9 47 91 81 55 264 5 59
3143 22 318 2 141 57 316 83 343 53 50 63 321 98 8 16 154 96 96 90 116 9 176 19 267 73 160 99 4 55 154 67 309 64 168 72 133 84 165 38 183 79 160 32 338 25 185
3144 22 246 83 322 26 300 30 54 19 98 28 80 49 81 34 202 98 244 17 317 97 188 2 232 4 289 66 332 69 325 11 103 14 23 77 241 25 322 89 78 21 83 46 87 81 84
3145 22 321 90 63 37 78 78 21 80 327 91 256 60 294 53 320 49 282 36 221 61 176 25 337 99 115 15 69 97 310 8 180 45 97 42 234 77 321 4 106 94 163 56 140 88 97
3146 22 192 13 10 7 38 36 193 39 51 9 9 97 171 16 228 17 215 19 50 41 242 5 98 38 301 62 344 42 226 23 229 74 285 88 132 24 325 12 224 35 271 72 157 2 324
3147 22 287 52 70 25 244 61 280 43 301 32 204 96 273 18 303 5 102 92 137 77 317 63 91 42 249 13 66 56 200 67 181 4 238 55 299 51 86 94 301 19 97 91 328 95 135
3148 22 250 16 89 73 294 5 335 84 199 35 196 64 90 48 280 20 101 67 77 1 319 62 94 69 233 91 314 75 320 28 170 6 245 8 328 39 114 22 312 99 68 25 40 65 306
3149 22 222 12 167 25 188 67 243 51 111 62 33 3 277 58 224 5 229 82 149 38 259 37 51 75 209 15 125 28 39 64 144 97 275 10 71 13 217 40 276 1 294 18 259 88 251
3150 22 306 57 77 61 196 78 135 56 292 59 283 82 225 1 339 50 17 66 113 83 156 40 283 99 42 93 68 32 318 9 259 79 156 38 215 81 276 95 62 24 142 2 112 41 268
3151 22 285 27 205 84 45 35 283 88 79 2 340 62 120 48 320 50 105 59 64 17 239 41 11 53 290 34 46 92 47 36 261 73 343 13 107 37 97 91 274 77 342 63 38 60 112
3152 22 316 18 118 78 34 9 118 96 63 8 131 51 177 95 113 37 325 73 71 98 349 49 189 63 237 52 275 46 15 42 315 92 228 75 110 23 139 69 204 71 30 93 283 29 179
3153 22 285 8 288 54 130 85 54 29 126 16 17 92 214 43 36 78 187 13 255 96 335 38 91 86 218 33 320 48 13 88 68 9 22 71 289 49 39 55 327 30 168 72 265 47 8
3154 22 272 27 51 5 314 94 170 51 184 57 170 18 328 70 30 7 7 48 317 80 20 55 129 8 11 38 178 28 4 76 237 83 177 41 296 72 312 98 57 20 68 26 298 89 255
3155 22 302 56 345 54 72 24 326 28 302 83 138 61 122 17 88 92 127 10 220 69 7 93 33 1 2 73 176 81 206 57 36 29 81 84 196 95 194 19 261 46 305 60 107 76 280
3156 22 249 63 69 12 169 69 314 41 195 16 204 27 224 10 264 52 342 77 310 26 272 6 19 42 319 88 273 94 50 43 259 18 4 39 119 85 137 74 163 60 284 54 72 2 225
3157 22 265 28 271 67 296 74 106 70 89 99 69 83 159 89 88 35 79 9 206 15 145 29 327 4 114 54 266 41 158 40 92 84 269 64 250 66 140 7 187 30 58 57 312 16 197
3158 22 286 99 253 75 209 58 89 3 136 17 156 2 71 24 242 78 165 35 213 85 101 15 250 92 71 36 71 44 184 46 141 34 48 67 243 5 306 95 92 53 295 94 228 88 73
3159 22 298 42 123 36 276 25 200 27 66 22 214 88 200 57 121 97 297 56 194 64 198 71 245 41 46 47 338 40 126 75 314 67 249 1 244 73 52 70 140 24 235 79 125 91 151
3160 22 318 71 140 57 266 55 106 65 177 50 107 22 248 44 113 73 69 79 341 19 279 34 42 33 255 83 256 89 212 82 332 62 254 23 118 69 179 74 35 75 141 78 75 37 293
3161 22 253 47 257 21 240 25 251 23 66 83 180 51 90 70 62 71 253 73 174 27 343 94 155 68 178 11 194 19 141 7 235 67 63 55 56 37 305 30 305 40 159 29 81 66 150
3162 22 278 85 90 25 112 32 71 18 99 48 181 93 18 73 12 24 7 78 236 61 233 17 213 77 306 83 185 53 98 36 190 37 260 1 71 30 18 19 30 50 263 99 122 75 23
3163 22 298 28 254 10 188 37 184 57 349 62 112 23 144 48 28 91 233 17 230 95 167 76 336 70 105 36 183 4 107 59 128 85 162 87 224 50 173 80 98 34 294 78 41 68 76
3164 22 304 66 347 20 84 98 95 19 18 52 206 7 115 10 234 99 223 22 24 73 44 6 222 28 301 94 5 91 343 24 218 60 73 87 343 82 214 85 69 38 241 83 97 74 333
3165 22 263 22 147 59 94 41 14 65 318 16 59 24 106 53 199 74 113 21 12 5 243 45 120 79 279 69 169 23 317 44 308 88 241 66 181 83 281 46 2 96 6 25 303 8 125
3166 22 333 78 320 96 90 77 288 86 148 18 315 88 236 85 113 53 29 70 290 71 337 73 303 19 220 54 114 25 230 84 4 4 201 37 232 90 222 79 260 67 297 29 149 50 241
3167 22 292 75 136 65 277 6 184 32 119 58 63 88 291 68 235 96 221 71 329 60 95 10 221 84 326 8 56 12 7 86 294 24 264 49 307 47 219 66 159 59 179 41 6 63 335
3168 22 312 60 9 94 231 43 271 98 2 28 317 14 134 77 201 27 250 15 25 57 211 93 174 72 50 84 350 90 240 50 53 26 209 63 321 91 257 40 259 70 57 24 105 33 124
3169 22 333 83 82 88 159 40 251 53 66 72 252 49 223 92 340 74 46 15 234 58 137 25 317 79 214 48 254 4 271 86 138 61 44 46 94 84 148 93 306 91 184 29 338 62 47
3170 22 306 85 338 13 316 54 237 15 75 36 19 81 259 56 268 69 100 46 79 47 192 12 96 86 269 88 219 99 25 19 112 72 6 50 236 71 103 25 85 79 110 55 109 68 311
3171 22 228 78 38 12 276 16 8 17 79 56 152 97 293 72 245 68 41 7 191 46 258 26 16 10 152 52 140 62 157 51 81 28 119 3 36 37 71 15 42 11 335 96 6 54 236
3172 22 242 64 294 31 71 21 98 32 323 49 21 36 155 73 268 71 101 88 50 55 224 87 126 38 228 48 212 44 255 17 31 20 212 11 290 33 58 7 57 94 13 16 261 34 118
3173 22 283 49 333 23 322 21 100 61 199 60 212 96 265 79 226 84 190 39 226 74 46 98 332 54 343 25 267 38 2 28 136 36 102 9 107 53 171 55 205 80 318 44 296 27 30
3174 22 300 88 65 57 113 11 56 45 166 99 69 84 211 6 235 90 43 21 44 3 127 96 273 83 52 50 101 98 298 30 179 35 44 37 347 56 93 43 122 93 312 7 153 69 42
3175 22 237 92 64 12 137 18 340 35 241 22 36 95 71 89 294 25 54 11 311 3 69 55 95 42 147 8 148 1 229 91 195 44 52 31 61 93 315 53 64 51 247 37 91 43 106
3176 22 269 8 267 62 120 27 316 40 82 60 331 80 70 29 131 48 119 25 41 73 107 3 317 72 6 83 224 54 271 64 46 76 123 89 242 41 104 32 224 16 14 53 35 44 185
3177 22 279 34 215 61 326 87 68 78 305 39 35 37 164 7 127 86 235 1 248 23 292 40 279 75 263 94 141 17 278 2 213 48 112 88 286 29 217 41 119 77 282 92 236 60 77
3178 22 231 70 260 76 142 4 165 22 130 79 115 20 196 94 156 97 56 53 260 45 39 91 64 9 315 7 93 6 342 54 334 11 166 10 55 21 274 28 100 3 193 98 188 27 146
3179 22 326 94 231 55 90 69 295 3 349 6 269 58 198 26 249 53 160 62 268 68 238 44 95 40 146 89 311 95 277 39 242 22 319 47 213 90 43 66 38 86 295 99 64 96 52
3180 22 256 23 309 21 293 28 9 86 222 98 234 63 260 30 39 22 162 68 320 74 157 14 191 97 114 77 93 12 340 40 265 48 36 8 325 94 43 49 343 11 54 58 301 3 81
3181 22 290 64 122 50 287 31 213 80 229 28 206 71 342 47 211 6 162 10 291 19 337 86 113 85 280 43 247 83 202 99 337 82 262 59 133 41 147 29 219 25 286 89 266 34 201
3182 22 234 73 245 13 264 15 199 51 230 85 131 72 231 65 225 81 54 56 94 12 90 43 304 86 22 22 312 7 162 29 41 2 87 77 67 52 225 17 83 61 199 4 43 16 330
3183 22 225 23 319 85 166 32 26 58 235 11 81 8 223 88 19 1 230 33 54 16 11 20 169 37 189 51 47 39 6 54 335 13 224 71 280 5 296 90 191 59 70 98 33 9 219
3184 22 257 83 138 3 139 56 214 8 74 96 127 49 285 34 339 40 269 52 64 91 231 70 89 20 211 97 92 10 129 50 278 13 290 1 195 46 61 94 282 36 234 39 99 42 69
3185 22 292 68 232 41 130 28 334 42 258 83 269 23 272 51 75 48 135 38 147 95 335 93 288 66 328 73 267 18 223 11 37 43 292 79 272 22 262 63 329 46 334 53 120 86 128
3186 22 261 89 286 14 328 82 110 13 126 48 30 6 172 99 223 95 159 61 187 2 339 10 323 25 104 8 156 21 95 85 9 30 301 87 263 62 101 9 130 94 233 16 277 90 227
3187 22 285 15 242 67 174 14 221 48 317 72 257 25 92 52 161 33 263 38 96 40 286 85 72 29 67 1 44 95 91 61 332 91 35 47 111 84 314 34 43 90 275 46 2 76 28
3188 22 245 65 216 25 39 5 210 73 76 40 92 77 86 36 69 7 249 49 283 46 111 68 161 44 262 52 218 54 196 37 268 61 13 58 217 30 95 64 223 21 349 11 141 59 190
3189 22 230 6 243 87 267 10 350 12 24 53 230 30 156 27 218 75 89 31 332 55 255 14 49 70 336 71 319 46 261 78 54 2 35 41 103 8 242 15 81 94 146 72 230 26 110
3190 22 256 12 208 16 166 23 67 35 108 37 255 56 250 84 11 3 169 57 43 21 166 36 35 98 130 32 59 81 3 90 6 64 1 15 130 18 137 46 255 47 184 59 202 95 14
3191 22 277 38 263 72 32 85 287 68 172 36 49 3 347 29 156 86 184 69 239 1 350 56 137 97 110 35 333 71 338 65 2 58 229 23 40 13 60 9 34 57 187 93 185 44 231
3192 22 265 70 14 69 170 16 126 59 162 36 245 46 108 33 315 74 234 72 302 6 163 14 217 21 350 29 338 8 265 83 238 35 296 56 263 82 316 77 169 11 172 78 93 88 151
3193 22 242 78 260 4 285 24 219 54 147 18 319 25 7 76 340 39 214 37 21 83 299 1 175 11 149 53 305 86 303 34 147 6 168 73 75 21 319 44 89 45 101 65 336 91 80
3194 22 289 61 227 52 96 28 8 96 152 83 158 2 236 14 340 90 147 36 196 8 72 87 78 65 325 73 67 91 258 72 271 86 126 18 263 35 113 17 72 4 335 57 44 81 245
3195 22 279 41 246 4 112 84 82 78 259 47 251 13 204 25 135 91 52 52 204 86 64 20 154 37 37 58 271 94 53 3 238 43 251 56 184 72 235 27 181 92 186 71 126 22 78
3196 22 233 30 107 93 49 12 230 37 269 52 230 71 307 19 215 7 160 20 192 83 105 36 212 87 32 53 75 4 130 1 25 59 332 82 146 33 68 15 284 48 187 90 216 2 96
3197 22 306 77 73 38 262 29 175 73 66 58 127 42 261 6 142 37 265 75 171 68 106 16 350 82 283 72 19 25 290 18 96 61 179 85 301 92 142 33 204 87 176 90 3 60 20
3198 22 268 55 228 21 179 9 255 3 77 79 344 50 101 61 196 63 90 70 150 42 13 93 223 45 297 88 161 69 300 80 175 27 350 5 235 54 209 62 285 2 213 87 265 8 49
3199 22 259 56 129 48 347 41 291 19 35 39 179 6 76 89 226 25 320 52 201 71 7 38 25 15 199 61 219 13 297 83 271 95 288 49 345 86 190 87 107 26 125 35 282 2 274
3200 22 243 9 179 95 161 29 166 69 266 42 335 16 102 3 129 48 137 1 194 26 249 40 312 90 76 20 266 2 154 99 4 7 182 76 269 62 241 87 80 82 222 47 333 24 77
3201 22 228 82 13 27 177 38 176 67 1 17 44 20 132 46 176 1 206 41 184 81 309 47 323 26 204 25 338 42 101 69 304 78 148 44 5 14 344 73 7 16 307 54 343 6 198
3202 22 312 78 39 31 237 38 253 82 65 9 300 39 246 41 342 17 347 71 14 42 175 29 135 99 287 52 305 43 294 93 148 94 272 24 158 76 278 91 42 86 142 81 234 35 122
3203 22 292 50 181 92 265 74 268 45 258 16 283 62 23 75 305 15 175 98 288 13 273 40 201 88 181 36 232 69 66 34 170 48 327 86 171 46 80 30 114 63 241 89 196 2 213
3204 22 263 45 89 27 168 38 316 68 76 47 205 59 61 24 174 21 73 31 41 71 212 70 186 26 313 23 65 60 274 29 204 64 256 73 104 40 331 19 45 89 230 62 326 66 132
3205 22 292 50 348 74 120 60 45 7 37 29 253 66 304 32 322 20 237 94 23 59 136 3 78 91 109 53 2 36 318 85 85 10 7 77 104 63 13 44 68 80 97 99 153 37 297
3206 22 283 90 345 84 192 24 215 34 332 67 237 69 86 21 104 53 32 62 179 38 176 94 2 19 61 31 66 11 184 83 347 82 225 41 165 16 215 2 348 49 188 72 237 92 183
3207 22 295 17 129 8 12 80 129 22 313 96 332 98 228 78 229 54 121 95 122 87 25 23 286 25 260 70 25 62 9 13 192 69 74 74 297 48 86 42 81 33 321 9 63 77 331
3208 22 260 9 148 17 235 20 52 79 308 16 199 34 164 10 143 76 103 63 101 61 200 11 304 31 145 91 9 52 121 49 39 1 118 92 309 47 199 77 95 83 90 56 277 67 260
3209 22 269 39 19 86 51 19 248 4 149 43 79 51 181 11 118 79 249 20 349 90 331 45 339 57 141 21 148 98 49 66 207 36 342 89 104 40 292 54 84 22 144 52 4 55 233
3210 22 245 52 75 81 42 55 277 32 113 19 304 62 166 27 174 90 12 18 178 68 9 21 123 42 92 17 27 46 270 28 172 58 160 15 162 88 196 26 106 49 137 73 302 13 246
3211 22 250 41 76 15 170 45 23 90 268 64 333 34 293 28 103 76 157 33 118 44 157 87 121 62 37 7 136 38 321 84 330 96 198 99 343 21 40 10 136 23 245 2 347 3 11
3212 22 286 25 135 30 116 87 203 50 150 91 8 86 29 78 271 58 176 18 157 90 348 27 276 22 321 5 26 69 208 36 145 94 117 11 126 3 265 77 3 85 90 62 10 43 37
3213 22 272 29 101 4 69 98 82 44 72 54 148 47 125 7 284 71 103 50 331 28 253 56 57 40 146 88 154 57 80 85 180 96 105 30 79 1 85 99 209 32 279 60 183 12 289
3214 22 271 85 108 95 293 13 334 40 1 39 348 30 129 33 62 26 139 43 204 89 245 38 293 48 243 76 29 5 258 42 243 45 151 37 87 64 223 79 214 61 126 91 160 6 18
3215 22 300 49 98 22 337 42 311 74 86 61 268 91 222 69 132 65 15 82 3 3 297 75 31 60 188 7 255 30 118 62 98 16 310 71 52 31 275 89 293 95 151 85 216 21 116
3216 22 341 80 35 50 135 88 146 59 120 58 348 78 12 28 196 23 175 61 334 95 313 39 177 89 77 72 33 79 256 51 50 82 236 73 316 70 127 27 124 1 17 63 177 98 121
3217 22 319 42 136 82 14 71 67 93 276 67 244 49 298 79 121 66 104 91 192 48 167 15 19 57 318 88 321 44 115 68 67 58 156 39 321 36 57 13 111 73 58 10 273 87 132
3218 22 293 38 290 72 179 39 191 45 307 49 262 44 19 8 60 74 169 91 160 66 76 30 338 99 113 24 131 15 154 53 146 26 161 90 107 62 97 68 52 22 137 96 62 61 289
3219 22 247 61 141 78 1 28 77 13 153 57 14 69 162 45 121 8 71 33 151 60 341 65 208 9 216 29 247 63 242 44 74 32 306 66 59 7 145 85 221 47 143 87 15 5 281
3220 22 260 87 64 1 171 14 112 12 180 19 272 97 149 20 260 90 313 83 173 18 150 82 26 44 16 47 240 11 85 56 265 15 144 30 168 64 145 79 277 25 50 98 171 48 167
3221 22 295 80 40 31 214 62 199 13 93 76 306 61 74 97 221 58 204 37 173 18 142 12 70 39 336 71 39 9 119 57 190 60 288 54 323 88 218 68 313 74 280 22 150 94 176
3222 22 276 38 168 74 105 9 86 18 181 25 254 53 163 14 21 69 203 82 258 6 105 95 124 10 99 46 222 54 341 99 241 61 173 97 71 58 64 3 184 19 306 98 132 78 119
3223 22 278 85 260 26 42 66 221 17 289 30 217 43 327 39 146 69 287 86 231 9 334 2 169 47 4 4 318 59 302 49 87 20 235 48 247 79 115 95 205 50 64 97 226 92 147
3224 22 303 90 329 77 151 62 130 21 160 34 274 29 244 25 28 32 96 14 81 93 294 95 261 91 49 63 204 45 188 55 186 86 46 16 315 46 277 44 316 89 29 42 167 66 346
3225 22 259 56 164 12 287 58 155 33 20 45 332 32 148 26 322 4 14 59 152 29 223 97 58 17 115 98 147 14 221 73 62 77 188 23 165 95 229 47 317 74 230 48 123 21 229
3226 22 284 71 330 30 201 52 178 60 320 92 157 17 249 37 122 34 215 9 206 31 256 84 80 72 59 66 42 62 238 91 89 74 68 98 344 12 107 10 329 50 181 15 292 69 247
3227 22 262 97 2 26 68 13 285 38 196 81 57 40 251 99 230 77 318 27 222 29 285 83 189 32 171 74 248 12 92 95 110 46 272 10 206 17 105 58 247 63 176 28 180 4 49
3228 22 291 9 91 31 299 53 164 69 329 64 33 72 160 92 269 81 121 78 287 39 84 96 337 98 144 38 60 21 265 40 124 13 198 16 295 66 347 50 218 42 137 51 252 46 238
3229 22 303 47 289 78 107 9 42 98 335 55 147 49 94 20 209 59 318 32 211 88 264 2 124 77 17 41 27 18 42 73 307 89 263 34 347 74 126 44 260 82 92 61 230 85 231
3230 22 279 91 145 98 222 55 185 86 58 10 62 24 151 40 341 92 62 50 82 77 183 30 250 25 311 43 266 71 225 3 115 95 251 36 51 37 273 9 149 32 299 26 325 89 74
3231 22 284 76 167 8 207 18 168 82 178 12 297 99 36 97 251 50 93 53 288 43 190 10 251 88 148 35 88 73 209 31 213 32 158 30 339 15 247 96 227 20 144 77 155 92 279
3232 22 253 57 84 82 44 29 223 55 81 62 202 65 251 26 173 83 191 6 193 20 245 7 268 4 54 44 275 97 172 41 101 38 74 54 6 89 335 69 43 1 69 76 103 10 331
3233 22 263 95 231 77 151 51 31 6 94 7 5 66 338 18 127 20 149 11 124 10 124 94 10 13 237 96 25 91 255 43 205 26 349 85 155 68 124 49 335 1 18 35 163 93 240
3234 22 280 62 202 65 107 64 158 20 250 53 144 69 95 15 88 57 192 38 307 76 42 26 300 92 62 52 161 96 164 4 37 5 3 34 120 60 153 72 214 98 90 11 298 54 350
3235 22 307 6 246 37 262 73 80 89 172 23 50 33 197 36 35 64 243 97 12 48 252 83 13 51 75 28 122 5 175 60 268 98 41 56 219 65 107 44 98 53 332 85 337 95 277
3236 22 285 75 343 41 172 96 75 37 197 49 109 46 79 33 301 53 344 18 300 35 276 71 99 82 164 48 137 45 33 73 191 61 100 85 201 81 276 9 227 76 320 24 304 2 74
3237 22 265 57 345 44 308 31 171 80 82 2 243 29 338 89 111 13 181 22 12 16 224 36 196 1 295 74 177 14 347 67 223 88 213 18 248 94 288 77 125 91 22 55 81 62 268
3238 22 253 43 193 41 156 60 164 55 115 37 30 2 26 74 268 98 162 31 15 11 326 4 187 50 45 25 22 23 269 66 113 24 175 77 266 5 10 85 56 58 324 87 271 56 53
3239 22 285 81 231 57 120 32 3 79 37 27 150 10 197 65 322 20 141 48 337 71 90 91 282 26 247 69 134 22 5 54 79 59 337 15 106 90 17 84 278 95 186 37 141 9 212
3240 22 252 93 158 1 63 50 191 47 225 39 265 10 62 21 16 40 279 2 98 46 107 62 142 67 209 77 205 99 129 15 13 23 13 35 124 55 81 60 107 27 247 98 128 43 36
3241 22 279 37 306 79 5 16 306 61 315 36 126 56 48 91 240 21 297 23 122 42 269 81 251 88 207 47 37 86 94 31 323 32 186 2 338 9 349 68 294 74 198 99 323 40 290
3242 22 274 95 86 14 66 78 285 97 328 74 155 26 60 41 171 40 65 5 277 16 142 24 140 19 263 94 219 35 133 61 179 21 174 45 250 60 193 29 283 99 106 42 241 81 306
3243 22 313 30 208 21 24 87 197 63 36 67 228 81 36 62 314 96 93 86 321 39 35 83 63 13 281 68 155 72 245 77 127 49 150 35 247 12 170 64 189 50 99 53 115 46 347
3244 22 274 66 135 86 96 19 148 59 349 67 215 22 12 51 250 90 149 99 89 33 197 50 254 10 41 3 160 93 170 5 139 21 73 75 307 68 143 6 228 43 175 42 265 88 345
3245 22 267 14 277 95 114 15 227 11 216 32 22 56 184 84 48 55 38 38 26 10 62 34 80 91 307 99 15 1 15 2 347 80 80 43 246 44 319 58 310 29 215 85 164 92 202
3246 22 243 4 217 13 266 52 344 23 342 53 173 9 303 87 312 1 319 92 193 14 287 63 23 98 14 3 263 50 17 79 241 70 332 59 284 49 60 28 274 80 96 12 134 35 125
3247 22 285 84 53 16 228 18 255 40 90 52 5 42 16 54 110 94 295 29 278 53 63 28 65 90 51 21 147 81 304 33 205 39 237 73 216 27 207 45 28 63 288 98 339 62 328
3248 22 237 66 167 40 196 33 181 96 300 1 194 82 304 26 36 42 112 10 309 67 86 63 266 29 151 11 197 50 99 58 327 24 17 12 206 99 59 57 350 53 290 3 128 28 47
3249 22 285 92 137 57 258 25 124 21 290 4 73 22 300 58 200 66 83 18 279 41 17 88 199 16 240 39 120 69 266 60 204 75 270 78 50 42 319 53 264 70 205 87 120 62 336
3250 22 313 35 196 4 316 86 172 3 287 87 344 77 108 14 294 78 326 47 154 95 177 53 86 57 151 65 161 74 74 72 120 79 237 50 341 88 136 71 146 64 175 25 261 28 121
3251 22 289 39 332 58 33 88 158 49 251 44 186 26 319 45 198 54 247 37 48 87 272 19 34 21 332 97 44 85 17 82 166 24 117 55 333 67 307 28 253 33 197 62 179 57 282
3252 22 313 42 93 82 178 15 350 61 187 33 68 36 329 54 54 62 219 78 330 76 60 99 232 90 253 66 286 64 145 79 20 28 222 65 9 31 160 60 69 45 130 4 73 83 8
3253 22 244 86 204 87 266 31 98 16 162 37 168 30 122 33 226 2 204 3 124 68 112 25 350 23 36 19 167 65 174 91 150 77 3 69 44 17 309 96 305 78 327 10 202 13 305
3254 22 231 55 83 18 181 82 290 67 302 7 183 26 147 8 275 36 327 20 293 16 49 3 244 77 314 96 57 29 50 13 163 19 94 94 8 10 348 92 123 65 276 30 139 61 206
3255 22 271 7 281 50 184 48 349 39 91 27 152 86 285 82 37 98 44 57 291 88 265 2 87 45 209 46 72 35 133 93 215 47 76 62 347 14 304 24 218 42 8 49 130 43 37
3256 22 277 49 232 3 150 18 84 47 328 82 18 67 218 2 114 60 166 11 185 77 307 1 333 68 274 42 18 53 348 62 241 43 343 96 312 79 344 91 310 58 177 63 71 38 281
3257 22 273 83 272 7 140 24 291 23 243 64 114 11 69 62 24 9 208 19 302 55 330 30 249 73 291 76 52 56 106 85 79 65 176 3 5 48 295 87 325 31 245 84 49 98 238
3258 22 278 30 329 38 52 19 349 83 187 27 85 92 82 69 271 96 144 25 151 93 69 21 106 28 259 80 60 5 63 58 303 53 89 81 40 41 2 23 188 67 59 32 248 54 196
3259 22 244 20 28 48 63 98 318 68 125 78 50 86 332 14 93 36 16 34 169 56 276 59 214 42 263 85 45 8 307 24 57 21 122 26 140 3 189 84 337 5 278 72 270 11 42
3260 22 272 77 338 11 174 88 172 89 196 63 102 82 160 38 33 18 260 54 243 50 4 46 40 39 82 44 116 5 16 79 347 42 166 59 118 53 332 6 50 95 57 32 256 20 121
3261 22 237 88 287 31 244 79 80 97 76 71 237 9 215 2 66 80 332 62 173 50 222 90 154 4 48 56 235 5 125 7 142 11 187 37 42 68 235 17 339 26 5 25 141 36 256
3262 22 257 4 208 57 225 50 161 30 149 14 331 35 179 6 129 41 195 15 82 62 200 99 250 70 274 56 46 66 91 54 21 51 110 47 202 20 277 85 257 3 286 94 33 72 74
3263 22 261 88 336 55 201 37 3 53 109 28 308 4 95 99 59 65 301 19 162 52 240 40 151 75 146 5 62 39 38 62 111 94 350 17 145 22 47 46 299 54 202 10 310 80 273
3264 22 238 7 120 12 257 96 110 62 307 48 101 13 255 61 79 51 298 50 247 46 51 3 349 58 258 57 14 40 280 20 59 93 179 4 2 42 260 2 342 23 113 80 75 84 280
3265 22 286 74 336 79 169 36 183 17 83 90 227 91 55 16 322 75 26 65 3 66 46 67 37 13 279 42 142 55 75 73 329 10 201 99 247 35 116 31 75 44 174 11 145 57 136
3266 22 274 9 61 16 27 6 305 93 142 69 274 85 112 28 210 8 71 87 157 20 172 74 52 98 217 75 130 79 172 37 66 32 97 83 8 53 239 3 146 81 321 7 140 55 165
3267 22 310 12 94 21 283 67 44 85 266 62 11 95 342 34 81 7 316 78 189 75 182 27 127 77 286 56 257 57 313 98 13 8 249 44 324 94 80 89 155 43 86 46 226 66 4
3268 22 225 93 145 44 118 28 70 96 105 8 52 13 64 66 11 26 94 24 136 42 269 59 85 51 150 41 43 35 338 20 202 65 149 36 134 57 331 30 164 34 345 27 349 5 105
3269 22 296 92 330 90 235 98 150 19 48 99 161 85 148 64 187 28 137 27 111 12 234 93 244 47 77 88 76 25 44 82 319 23 23 53 72 22 324 20 273 34 163 57 84 26 245
3270 22 255 25 55 31 52 15 245 87 210 88 133 86 177 10 10 70 341 30 44 13 333 35 306 59 89 49 165 24 124 12 149 79 44 52 145 38 4 75 22 89 53 32 101 22 22
3271 22 298 80 315 35 14 32 21 19 267 31 210 65 245 33 41 8 133 69 302 84 165 89 23 21 116 95 61 68 76 11 242 47 193 58 283 5 327 88 72 72 112 91 105 92 40
3272 22 281 49 283 13 69 59 129 19 334 92 212 82 86 70 317 93 260 23 221 67 210 58 91 41 180 52 31 34 136 75 125 84 159 89 104 10 247 32 328 16 210 61 32 5 272
3273 22 233 4 325 89 113 33 229 5 12 32 188 47 17 14 23 2 222 12 307 81 60 41 160 44 115 51 309 27 163 40 231 85 45 73 310 53 116 84 105 3 168 23 156 91 86
3274 22 270 13 23 47 103 83 190 19 135 48 145 39 25 84 136 32 208 45 22 12 12 74 45 67 273 49 86 5 277 69 299 31 123 33 20 91 68 68 286 17 106 62 152 93 9
3275 22 302 87 165 22 149 90 116 17 64 2 61 73 78 44 41 77 124 13 111 94 303 78 113 46 218 52 297 61 96 7 199 12 178 97 51 96 215 15 162 67 327 84 246 76 74
3276 22 329 96 140 85 141 42 164 53 284 60 272 35 58 34 332 67 183 94 296 81 246 41 196 12 4 64 138 39 61 66 135 7 255 71 149 99 284 51 82 95 124 68 103 58 299
3277 22 272 21 92 94 166 22 40 59 69 3 164 82 293 5 295 4 220 79 312 75 199 60 75 84 312 58 329 85 275 33 344 25 103 35 169 70 309 10 230 27 12 61 106 98 7
3278 22 228 59 169 35 20 45 85 79 169 70 90 26 148 77 202 32 122 27 284 9 197 6 119 85 297 69 78 25 27 15 335 46 251 55 290 11 155 36 104 5 238 16 21 86 112
3279 22 304 76 4 17 211 1 137 90 309 61 269 74 48 66 224 54 205 38 267 53 70 70 342 55 298 57 178 85 18 39 334 65 91 20 257 49 183 75 174 80 90 48 235 46 210
3280 22 200 22 13 76 290 67 245 61 108 2 260 16 31 45 183 83 233 18 200 73 239 6 173 32 347 4 323 46 138 20 55 10 232 1 150 78 61 59 281 21 224 17 56 44 51
3281 22 275 73 193 75 64 47 286 31 145 90 305 77 174 46 288 58 227 38 7 55 51 16 235 23 91 39 147 41 239 21 335 63 34 34 59 20 66 54 311 72 345 37 345 93 225
3282 22 220 4 219 64 11 75 264 28 12 36 318 9 274 16 349 14 39 35 26 22 20 37 193 42 153 58 236 52 228 56 249 31 218 23 45 47 36 32 16 94 8 34 42 71 122
3283 22 316 76 149 95 195 35 188 81 276 92 290 63 33 42 343 49 241 31 218 65 277 66 301 10 83 96 17 16 340 90 287 88 282 12 124 71 44 62 334 27 155 46 127 54 61
3284 22 290 14 14 93 9 82 111 98 123 97 315 10 130 78 335 50 123 83 264 58 196 36 152 55 312 49 83 59 110 21 125 51 66 85 235 26 283 7 24 69 154 3 5 38 268
3285 22 224 8 233 27 145 36 82 9 184 64 167 95 51 88 219 54 3 4 338 30 238 44 3 38 212 15 65 63 114 52 32 23 136 59 218 21 342 78 307 7 94 51 159 31 72
3286 22 277 62 185 77 249 64 66 43 319 3 104 26 17 20 40 32 223 72 157 8 180 76 131 73 103 89 279 96 91 87 29 12 349 65 340 99 331 5 291 59 197 24 25 18 264
3287 22 212 7 191 35 265 16 90 32 90 92 170 18 189 11 256 17 224 56 232 14 105 70 197 12 79 93 185 55 163 50 211 3 36 77 2 34 242 5 259 46 165 67 64 41 22
3288 22 306 47 206 28 110 75 125 71 155 19 58 10 131 59 72 35 145 99 287 97 14 22 189 73 78 49 220 45 17 83 235 41 182 90 118 93 166 94 316 13 175 80 295 1 230
3289 22 301 29 99 68 328 65 141 16 287 18 216 6 64 83 240 98 73 73 189 42 316 55 36 81 325 57 156 96 189 56 327 7 294 45 71 86 12 59 256 79 116 69 261 19 135
3290 22 272 80 257 29 147 63 116 39 117 85 344 62 323 2 191 42 10 34 38 82 172 49 40 27 230 55 197 40 113 65 77 92 324 7 288 36 272 16 225 88 300 20 251 75 223
3291 22 225 41 68 32 27 6 113 98 154 4 76 33 260 22 325 23 339 3 316 12 161 54 149 82 221 25 271 73 195 99 219 14 266 1 242 71 15 77 121 16 161 89 287 27 291
3292 22 242 70 140 51 225 89 182 47 113 4 21 9 227 69 328 42 135 30 333 5 46 25 283 18 142 94 150 80 30 3 9 21 324 48 223 50 238 55 247 53 110 19 63 86 288
3293 22 227 42 77 22 223 11 28 69 37 86 178 56 35 58 37 40 168 9 315 15 32 65 5 38 13 7 347 83 21 33 170 13 211 43 85 74 71 3 260 41 88 77 247 26 218
3294 22 277 14 35 83 180 66 299 34 303 63 142 49 345 33 317 75 294 9 261 69 79 16 30 56 117 52 134 15 128 28 162 86 58 77 86 93 331 50 337 79 344 51 12 12 127
3295 22 251 7 121 37 227 1 102 6 64 59 175 67 143 89 244 46 217 83 76 18 270 13 167 56 144 12 206 76 332 65 346 19 91 96 272 11 281 70 328 75 159 73 170 27 230
3296 22 272 54 252 14 221 73 329 89 229 74 302 86 230 27 218 44 324 38 336 70 111 81 332 91 303 61 265 13 286 36 89 65 289 92 80 11 114 8 149 3 30 12 231 49 105
3297 22 240 55 238 92 326 48 223 7 191 27 220 39 155 43 129 21 81 72 200 94 337 10 144 31 40 46 312 2 277 60 308 33 49 8 46 24 214 38 2 85 143 40 39 87 170
3298 22 244 9 319 91 161 62 227 20 306 59 259 3 120 81 281 22 163 29 223 77 248 86 214 49 320 58 290 11 244 19 213 1 129 26 179 31 338 34 259 66 342 95 129 50 298
3299 22 267 66 85 64 164 57 273 5 17 69 165 37 333 15 68 58 296 17 289 35 77 74 343 51 141 84 195 16 71 55 281 70 247 13 45 79 13 68 345 32 185 52 27 53 242
3300 22 315 61 280 17 256 32 208 91 126 28 298 98 305 24 305 76 120 67 120 72 98 89 17 26 271 53 80 99 205 21 12 86 190 97 109 45 126 57 87 74 163 10 230 38 231
3301 22 297 98 8 3 47 91 141 63 67 15 298 62 72 18 125 57 107 74 305 51 18 83 7 4 6 21 216 87 209 96 184 50 231 8 341 45 24 55 160 68 33 92 39 49 84
3302 22 323 64 56 85 233 38 193 89 95 54 131 22 99 66 39 99 346 98 91 93 324 97 204 46 15 86 136 8 274 37 142 40 292 26 22 81 18 60 125 83 315 7 4 14 172
3303 22 227 94 164 20 144 6 14 17 104 67 212 70 102 50 328 27 36 71 316 29 96 38 159 15 299 85 50 14 293 5 129 66 49 37 344 51 50 10 54 74 17 44 307 21 311
3304 22 337 85 118 50 45 34 49 81 233 64 223 88 44 89 288 87 175 31 87 77 192 92 292 62 265 11 84 67 304 90 39 66 125 6 166 71 142 52 176 74 65 14 154 60 41
3305 22 259 36 348 67 77 39 160 41 204 70 124 22 25 15 61 18 256 12 159 73 265 87 3 40 201 26 254 57 237 96 42 84 314 19 324 11 329 43 236 51 67 50 61 80 214
3306 22 243 54 39 36 18 27 90 7 329 65 262 85 103 59 177 88 122 47 112 45 57 90 287 44 242 3 293 12 185 34 175 40 174 63 259 2 268 28 219 81 263 23 140 41 261
3307 22 222 11 337 72 155 95 263 41 288 57 246 30 60 7 217 43 183 8 216 67 15 49 86 19 66 55 97 51 116 33 124 20 79 39 163 16 145 60 47 4 66 13 247 98 173
3308 22 269 14 145 91 279 45 76 23 113 41 231 3 148 27 256 13 211 31 334 89 171 48 304 15 157 52 321 24 217 69 74 82 20 79 12 56 36 76 46 16 280 95 242 87 257
3309 22 283 4 320 43 344 90 142 47 257 1 251 79 124 67 47 49 155 80 18 85 142 31 240 77 8 87 245 40 82 86 76 42 197 34 185 37 126 84 45 28 184 23 151 21 150
3310 22 240 6 50 17 42 93 200 33 322 57 169 66 98 52 153 26 344 44 172 77 331 8 254 64 4 31 97 34 198 46 185 5 198 53 98 42 2 30 313 61 348 80 108 35 83
3311 22 272 95 80 57 323 10 214 79 323 20 309 21 95 94 220 43 178 76 242 31 23 33 134 2 348 46 2 27 54 5 261 38 199 91 344 73 202 51 327 81 112 49 275 69 319
3312 22 257 35 296 10 217 69 93 50 322 42 296 75 218 1 129 81 240 29 73 36 102 74 197 4 250 77 15 51 103 72 71 24 6 66 83 86 327 23 108 68 120 34 238 22 163
3313 22 320 68 312 41 240 99 194 15 345 98 17 23 264 67 275 35 137 92 304 83 15 40 161 29 309 32 68 31 346 94 89 76 292 82 240 38 181 58 62 95 276 12 286 73 168
3314 22 317 70 87 57 280 76 57 10 37 90 177 19 236 63 164 74 138 7 57 80 344 38 237 32 315 44 62 79 134 93 200 73 251 82 298 91 136 97 20 6 234 69 9 20 225
3315 22 286 65 1 70 302 39 226 85 3 20 147 31 300 32 175 50 104 76 81 4 184 73 339 82 292 45 65 74 113 40 290 47 159 91 185 28 340 53 157 44 2 11 221 84 114
3316 22 209 5 157 4 38 48 200 53 73 13 327 17 254 66 213 12 309 96 86 39 151 11 160 69 153 57 29 26 41 44 32 49 198 19 248 47 323 21 161 52 37 14 17 77 251
3317 22 305 73 14 41 174 74 50 79 293 54 135 27 67 12 127 64 81 75 112 5 345 56 183 38 323 34 65 1 286 88 265 76 63 90 27 84 183 57 11 80 238 49 109 65 83
3318 22 315 11 189 16 275 89 54 64 155 31 226 95 58 66 28 90 243 34 52 98 108 26 229 97 282 35 298 43 34 70 59 32 247 84 307 87 89 72 292 69 148 38 328 15 165
3319 22 239 19 107 1 223 56 10 48 135 7 182 4 24 25 82 72 307 80 57 65 266 45 336 9 65 85 146 43 150 61 213 58 213 35 314 22 335 50 180 16 320 83 341 75 10
3320 22 291 72 246 68 201 52 334 48 319 29 313 56 224 7 205 86 19 64 198 54 179 88 78 51 55 49 136 45 74 69 64 18 73 47 187 20 167 65 282 91 240 78 78 9 292
3321 22 261 78 12 22 299 1 152 51 305 36 151 75 232 18 346 95 337 68 341 39 158 40 273 81 332 12 211 9 70 4 136 33 225 86 133 76 37 28 322 41 52 56 258 97 300
3322 22 301 96 266 43 21 55 52 62 27 84 43 40 244 51 212 97 39 44 72 74 29 10 69 24 84 60 128 89 319 90 167 32 187 35 248 19 92 63 62 9 32 70 132 58 298
3323 22 243 30 67 16 304 27 233 40 198 56 230 64 297 13 2 92 98 1 115 18 142 29 287 55 189 69 174 70 76 21 350 44 289 5 246 67 139 35 14 94 316 43 279 86 178
3324 22 293 30 303 45 173 82 175 60 286 66 230 87 107 32 88 20 192 95 137 80 32 52 326 97 131 77 310 5 254 92 57 14 88 25 75 26 92 4 87 28 60 68 116 88 109
3325 22 282 6 26 91 39 77 216 88 259 35 264 19 191 20 12 48 269 27 137 95 52 62 286 55 48 64 65 18 79 26 55 87 333 30 77 74 208 44 11 67 180 76 137 21 45
3326 22 288 50 70 14 276 56 158 27 320 44 134 19 57 36 287 77 342 73 109 2 84 31 247 49 77 20 287 99 214 86 120 79 161 87 138 46 230 17 88 72 4 74 198 96 298
3327 22 266 58 20 51 192 2 348 37 250 26 256 86 276 22 71 45 250 84 171 38 323 19 219 95 135 66 290 31 115 81 222 57 133 15 8 30 302 60 157 59 47 82 280 20 126
3328 22 251 32 303 47 169 25 167 40 121 3 297 88 42 80 152 29 262 37 44 94 326 91 255 82 349 2 214 81 221 41 214 23 239 99 55 21 157 20 208 1 199 59 129 10 183
3329 22 241 17 153 74 10 30 14 67 62 65 18 27 245 40 217 8 212 6 291 12 160 14 82 69 85 39 119 83 99 49 194 98 107 26 78 20 242 36 259 80 298 11 338 95 257
3330 22 323 20 29 47 338 61 95 36 306 30 202 53 86 77 180 57 269 70 93 79 136 72 79 69 113 91 158 92 17 7 236 73 326 16 270 65 178 66 150 83 145 51 235 80 180
3331 22 275 67 39 48 138 81 228 74 4 58 94 66 299 1 209 17 8 46 39 85 311 60 250 88 276 22 222 4 109 83 127 92 82 14 224 11 339 79 219 32 145 69 135 5 85
3332 22 254 92 51 73 78 63 35 29 103 62 330 24 333 33 84 88 317 10 329 48 276 54 310 14 33 78 148 46 282 30 225 35 155 52 300 39 233 27 84 72 114 2 313 47 256
3333 22 269 72 113 40 100 62 68 95 343 77 217 87 81 70 286 21 202 39 172 15 165 7 12 27 330 75 1 84 87 49 289 9 311 78 260 22 247 4 166 96 232 34 234 14 306
3334 22 269 69 184 57 307 24 274 16 185 2 345 10 152 28 198 1 118 58 113 47 267 87 193 71 102 91 104 36 324 68 241 45 203 99 251 74 326 77 9 21 120 79 1 19 81
3335 22 265 70 127 96 19 43 282 63 265 35 103 19 120 29 236 12 325 38 163 27 249 36 3 75 146 80 48 17 210 93 271 88 289 6 19 52 71 3 206 41 125 78 88 60 167
3336 22 255 50 237 66 38 39 292 85 170 91 52 79 142 37 121 63 350 10 1 5 180 2 27 58 267 9 195 44 198 11 98 43 228 87 133 71 271 62 322 32 55 60 55 17 161
3337 22 285 64 118 68 244 69 144 78 28 13 188 23 208 85 79 70 284 21 49 72 303 20 293 6 283 66 187 87 228 43 104 40 107 7 152 91 253 81 271 17 20 95 124 25 296
3338 22 359 92 345 94 313 49 165 57 306 75 142 36 304 85 141 43 93 13 100 46 55 54 76 27 70 95 223 93 102 97 290 84 158 41 250 66 246 40 190 76 326 86 268 90 287
3339 22 284 63 146 40 190 23 159 86 145 53 187 44 93 32 186 78 189 77 77 54 174 46 13 12 340 89 25 57 278 71 226 2 210 62 295 94 117 61 163 25 340 3 201 66 6
3340 22 257 26 245 53 341 6 93 30 95 69 39 24 32 9 49 85 71 48 349 65 244 82 125 62 206 66 216 58 331 36 27 76 176 83 218 7 227 37 345 52 320 1 156 54 92
3341 22 289 45 70 92 227 46 103 84 261 69 244 94 342 29 70 19 56 52 137 12 230 75 159 32 44 66 134 1 91 35 155 80 224 58 220 28 143 48 36 25 191 95 109 71 246
3342 22 247 95 135 26 121 9 316 60 294 67 152 78 273 35 159 96 112 18 167 41 211 49 238 48 73 30 314 38 86 65 35 22 92 5 116 2 273 27 195 89 130 74 161 17 235
3343 22 268 8 178 52 77 18 314 77 255 62 201 86 325 20 273 84 307 64 151 78 186 30 74 26 259 99 188 27 33 97 304 85 173 21 100 1 27 11 152 37 271 56 343 34 182
3344 22 219 58 86 61 45 17 134 20 276 32 259 2 117 6 158 53 178 78 2 79 307 13 82 1 2 56 249 59 251 84 340 8 72 55 88 35 74 15 68 69 184 40 176 38 317
3345 22 237 55 240 47 213 4 130 33 304 81 38 91 90 90 232 98 61 52 149 19 77 15 287 11 133 22 350 60 312 51 167 27 4 9 229 63 320 40 103 1 137 13 86 69 228
3346 22 225 92 31 10 116 33 120 77 103 36 277 71 14 32 169 25 190 48 175 3 169 14 207 21 203 19 58 94 132 62 314 11 53 45 170 70 177 41 46 31 226 24 151 42 205
3347 22 296 70 216 47 169 92 149 89 257 55 111 59 175 19 55 8 180 18 268 84 12 90 4 82 201 20 160 75 23 51 331 94 66 27 312 2 315 33 12 74 108 80 128 17 161
3348 22 251 47 87 95 309 76 350 50 107 22 266 94 268 57 137 83 133 41 62 1 158 62 231 3 144 10 270 4 258 6 300 16 133 49 118 51 89 59 276 84 26 34 172 61 319
3349 22 284 73 3 30 23 60 23 86 192 26 129 53 347 83 61 54 32 28 286 33 195 78 83 35 236 70 64 46 291 74 314 63 226 43 337 38 15 29 92 3 182 90 335 42 43
3350 22 318 69 121 80 103 66 60 87 202 45 146 22 160 91 64 83 256 79 61 98 15 50 65 89 78 8 42 11 198 28 104 92 148 25 172 42 231 86 193 77 184 26 30 21 32
3351 22 275 60 183 31 224 82 145 65 112 53 8 22 102 87 78 93 287 2 314 86 95 96 224 39 125 59 55 63 136 35 167 45 18 20 51 44 86 12 98 43 136 49 232 15 144
3352 22 304 68 118 9 155 62 255 28 300 81 38 56 243 74 41 29 142 37 246 41 57 49 187 92 62 84 37 85 268 63 78 35 130 38 239 43 194 19 245 50 68 97 223 79 344
3353 22 291 63 235 92 51 79 154 87 215 4 71 32 317 18 248 37 256 91 281 26 87 56 34 86 174 14 28 72 138 59 265 3 45 53 223 62 189 17 61 70 33 60 37 83 249
3354 22 278 95 275 31 220 61 238 5 146 71 326 84 108 36 49 12 180 57 315 3 320 89 36 64 311 21 25 97 303 75 91 27 207 63 237 19 184 7 289 91 199 96 139 10 276
3355 22 297 97 226 78 268 81 268 3 196 80 325 22 27 77 97 67 153 5 31 41 199 25 156 88 137 96 288 33 186 60 134 89 51 58 155 38 130 14 208 70 132 13 124 53 323
3356 22 243 64 179 30 53 66 327 41 350 92 309 47 66 97 299 73 6 53 24 43 34 45 208 40 54 4 56 67 37 21 2 13 153 36 254 11 132 20 309 80 92 16 334 15 309
3357 22 313 18 62 66 259 29 307 12 70 60 169 35 328 55 29 51 8 63 160 86 67 72 69 38 182 50 81 98 284 95 58 3 58 73 11 87 332 74 108 93 292 23 147 71 73
3358 22 237 6 124 35 116 11 103 39 282 90 171 31 20 70 316 17 327 18 226 1 78 64 332 22 177 45 214 49 91 84 71 96 9 7 313 20 210 2 1 74 33 71 193 99 139
3359 22 287 71 66 64 321 96 278 5 298 49 83 44 162 31 286 97 303 34 56 61 96 77 222 29 173 22 111 95 116 9 83 86 327 48 209 24 175 65 173 23 197 67 86 52 285
3360 22 305 31 285 90 43 33 68 15 31 46 239 55 256 70 167 17 308 93 314 68 18 39 82 13 80 8 301 58 162 85 340 96 26 82 278 43 98 61 238 86 65 95 320 36 111
3361 22 266 86 243 55 350 62 224 40 93 64 154 74 73 4 131 34 140 22 132 65 304 9 59 51 321 98 189 35 43 58 123 44 167 10 345 79 233 36 73 39 47 73 145 27 206
3362 22 245 34 251 87 251 4 198 61 56 20 209 94 5 3 204 29 7 47 95 18 193 23 203 78 346 2 166 42 74 62 20 32 198 70 98 75 67 58 133 89 218 26 345 27 77
3363 22 294 67 246 69 92 48 196 39 2 14 82 75 77 51 308 74 173 28 173 49 46 33 31 84 50 7 228 70 87 66 319 95 234 12 345 32 100 96 197 81 70 83 180 5 7
3364 22 288 71 154 54 155 34 88 55 42 67 326 31 267 75 48 37 269 81 248 63 314 97 258 12 329 80 37 11 309 87 316 17 159 21 320 64 256 59 320 50 326 45 182 44 119
3365 22 245 79 80 39 311 27 102 75 161 38 103 42 226 13 202 14 280 68 23 52 90 86 60 48 107 59 75 51 142 21 20 47 159 30 325 12 208 98 3 16 273 18 120 49 87
3366 22 287 61 51 28 98 62 78 4 222 52 56 13 270 26 32 18 336 43 200 73 143 74 220 98 141 94 67 60 232 15 149 92 317 78 91 5 294 99 157 49 111 45 162 59 189
3367 22 240 61 81 84 36 33 328 93 299 38 277 13 188 68 182 65 209 59 120 4 310 78 105 72 107 30 318 1 91 28 242 3 108 75 90 9 257 18 253 5 107 29 69 94 99
3368 22 255 52 58 9 263 79 62 72 208 16 245 64 96 12 215 88 239 56 43 48 282 34 6 3 61 44 259 89 64 54 139 97 28 42 111 1 50 76 295 65 173 7 181 13 197
3369 22 220 88 157 45 19 40 152 8 45 12 3 3 253 67 307 93 182 20 90 11 163 50 61 14 277 5 179 2 313 59 16 60 97 72 306 15 63 75 107 23 277 43 168 76 139
3370 22 275 8 336 51 259 96 315 86 203 43 239 15 303 4 126 99 75 33 316 89 142 40 46 14 166 57 40 11 226 58 286 18 74 16 176 71 80 63 275 74 51 90 129 67 177
3371 22 323 78 52 42 119 95 183 64 210 1 222 99 111 8 198 25 271 79 1 94 61 13 268 36 214 9 14 17 328 91 347 84 115 73 119 80 232 69 103 82 29 89 28 66 101
3372 22 231 94 166 4 130 13 142 93 322 5 312 1 147 60 129 83 26 3 201 7 336 19 9 49 161 59 128 76 224 78 69 91 123 25 321 36 116 15 59 20 228 9 219 87 89
3373 22 298 1 164 93 151 72 330 21 32 48 171 92 258 98 19 82 328 88 322 2 214 42 187 79 209 97 50 36 7 68 225 47 218 91 170 60 220 19 14 35 327 12 303 10 91
3374 22 290 92 33 55 325 81 33 35 179 70 186 2 294 84 172 75 341 43 146 85 135 65 198 71 343 61 174 3 15 34 195 22 60 27 56 94 155 40 114 42 209 76 263 5 186
3375 22 297 47 41 73 113 39 343 55 1 66 6 54 333 42 200 53 176 11 347 32 1 62 274 92 272 51 156 14 204 49 300 21 63 93 16 67 245 81 325 48 315 68 297 70 170
3376 22 285 24 31 18 56 31 31 74 303 33 231 68 236 44 268 85 248 41 49 42 306 37 136 36 253 61 35 32 308 54 102 65 236 95 311 86 327 43 253 14 37 73 199 84 263
3377 22 292 99 76 68 66 14 155 59 199 7 219 35 233 51 145 38 302 9 324 56 86 73 184 29 175 15 299 98 200 61 246 75 78 62 340 83 170 41 91 91 25 93 169 11 144
3378 22 261 80 186 30 137 21 102 72 151 79 121 15 27 20 115 88 168 91 117 81 333 49 252 23 90 42 347 14 284 68 274 29 49 11 59 37 182 12 260 84 40 31 49 69 302
3379 22 246 15 106 69 307 22 201 39 23 53 261 64 346 10 127 80 179 60 227 63 170 46 132 30 323 4 80 91 256 26 304 20 179 45 144 31 305 57 276 66 335 7 344 89 119
3380 22 225 20 102 88 234 49 221 8 228 44 111 9 34 68 106 32 146 60 253 24 104 96 56 4 133 26 40 40 171 29 60 43 282 97 76 80 20 35 310 13 298 18 48 17 174
3381 22 273 81 62 35 35 37 138 82 242 49 287 75 174 77 316 97 5 39 286 23 216 67 192 1 326 56 350 46 56 66 171 38 130 55 223 16 144 6 10 92 193 36 268 19 151
3382 22 229 14 325 27 204 62 149 21 78 93 273 56 150 22 51 5 188 73 195 67 29 19 84 24 93 65 316 78 182 36 230 47 62 2 123 57 273 3 101 95 10 17 60 34 101
3383 22 261 74 262 69 307 85 244 50 149 62 129 83 99 9 331 11 16 24 107 39 74 51 248 76 219 84 324 42 284 99 253 54 306 37 99 7 88 10 285 20 209 45 200 13 232
3384 22 247 5 236 90 144 12 91 91 237 11 150 70 237 41 155 35 196 60 190 34 108 46 221 18 83 28 329 42 48 75 302 27 265 47 238 38 276 67 239 45 153 81 301 26 310
3385 22 260 29 312 17 177 82 86 61 74 13 39 65 10 30 289 12 208 3 10 97 9 47 172 26 185 68 230 18 69 45 29 50 306 95 76 90 333 88 13 77 107 7 267 20 66
3386 22 257 22 229 62 280 76 285 57 162 4 237 29 321 74 151 6 81 98 233 70 30 20 32 26 298 10 232 1 70 50 330 83 81 5 118 38 118 71 126 99 294 82 24 46 238
3387 22 293 4 293 20 124 72 92 7 98 89 119 31 194 97 232 65 348 61 248 78 15 67 165 34 139 92 182 84 324 55 130 13 309 96 25 42 95 15 110 75 59 58 106 18 172
3388 22 242 85 284 40 301 68 279 43 49 64 16 6 93 28 166 17 113 51 314 38 192 60 2 2 236 62 211 44 137 18 261 10 102 95 250 52 62 30 246 12 293 61 119 84 154
3389 22 243 3 134 69 142 26 128 95 79 13 157 41 308 45 208 54 309 63 255 76 234 8 187 29 121 56 166 12 41 71 16 25 191 57 302 18 102 32 132 60 272 90 306 30 110
3390 22 281 9 88 72 64 2 249 99 110 85 229 82 192 44 43 35 316 59 11 56 215 12 275 18 143 29 64 84 193 45 83 80 110 36 278 58 197 14 87 78 158 32 271 98 131
3391 22 291 54 205 47 315 30 67 59 140 45 124 39 131 19 97 25 201 78 134 88 7 93 135 72 229 62 281 13 84 24 210 64 277 66 163 95 229 3 134 23 227 70 229 97 197
3392 22 229 62 284 53 155 20 327 35 34 57 147 17 181 8 133 9 24 95 104 73 206 6 247 34 279 2 30 99 330 26 197 94 112 81 178 14 236 33 283 18 40 67 127 13 313
3393 22 254 32 35 37 39 90 183 73 220 36 104 20 66 80 67 61 241 70 110 47 43 39 132 25 273 50 117 28 331 3 111 65 189 49 306 21 223 76 107 27 197 24 258 63 136
3394 22 224 50 332 95 322 30 89 12 314 16 234 15 282 74 42 64 76 4 79 14 102 86 87 77 163 55 10 18 162 53 111 6 149 34 237 37 196 52 231 35 55 7 199 62 79
3395 22 272 44 14 64 282 42 229 76 196 88 45 7 311 49 269 18 97 52 207 83 149 56 187 30 172 73 84 80 321 65 42 1 210 41 148 45 66 95 32 60 303 8 221 14 306
3396 22 315 74 320 41 323 77 277 52 348 51 85 30 172 99 123 59 329 38 99 28 234 67 72 17 228 61 88 96 324 43 219 95 133 91 271 42 269 12 78 50 35 79 122 58 287
3397 22 332 52 298 87 179 81 305 98 183 77 260 20 272 35 312 40 129 97 133 99 107 24 119 4 270 56 182 91 166 70 292 65 106 72 95 13 323 94 45 51 205 14 272 89 77
3398 22 287 14 169 75 346 68 232 71 138 3 126 58 311 7 250 76 28 94 40 84 265 36 148 40 232 42 40 64 127 85 129 45 310 43 46 54 345 24 311 82 12 10 5 73 243
3399 22 353 72 9 92 111 90 33 52 127 91 217 53 325 95 350 34 270 13 276 68 18 73 91 80 179 24 142 61 83 48 133 77 19 93 318 81 334 85 111 51 165 17 48 64 200
3400 22 283 67 279 26 236 46 198 28 228 76 102 19 238 84 316 73 311 85 115 17 99 80 101 61 21 4 327 37 201 43 137 23 64 5 318 45 88 87 15 81 300 83 117 64 62
3401 22 269 33 314 93 86 26 314 89 103 2 89 47 340 7 219 3 63 88 115 99 183 85 349 30 57 31 81 41 247 44 55 32 260 69 187 12 7 91 164 97 287 53 105 5 206
3402 22 247 70 143 22 318 77 324 4 125 5 13 58 185 55 304 81 59 87 192 8 105 80 319 63 271 32 159 7 87 14 164 44 233 65 2 84 341 10 247 19 217 82 324 23 14
3403 22 243 34 111 7 41 68 186 60 280 8 293 41 267 31 154 30 274 88 187 39 189 72 281 45 31 27 266 22 73 74 284 15 301 69 76 83 126 20 273 42 1 76 273 24 65
3404 22 359 59 214 55 132 44 199 15 321 66 14 82 306 87 255 80 120 37 246 73 155 71 255 81 292 77 124 92 54 97 18 18 307 33 172 89 177 22 53 99 88 68 130 93 54
3405 22 274 86 24 25 275 69 197 79 41 51 161 33 79 85 274 82 133 43 51 91 126 74 329 4 196 54 85 52 135 57 123 3 32 97 221 30 277 14 283 38 46 11 174 21 295
3406 22 327 58 16 95 348 91 19 79 46 64 113 99 100 15 33 28 21 57 330 4 3 53 234 32 218 18 169 94 185 72 251 50 69 92 87 37 102 87 201 22 30 78 162 83 183
3407 22 283 16 118 14 183 37 82 47 214 27 233 88 79 35 6 78 26 92 108 15 345 48 251 56 322 76 134 52 187 68 334 2 287 86 173 80 32 87 156 17 126 51 131 63 128
3408 22 254 74 270 42 18 19 195 16 24 68 191 60 119 30 327 52 331 14 150 69 238 29 102 26 236 51 271 70 133 86 48 58 307 91 325 28 185 53 305 33 12 23 312 27 94
3409 22 275 56 278 12 93 57 114 69 244 83 171 17 3 4 202 2 261 10 192 88 187 77 329 42 133 13 53 7 224 95 333 70 200 81 95 96 65 14 281 35 280 90 131 84 53
3410 22 227 93 127 42 231 3 22 22 87 35 325 94 310 21 228 29 321 90 12 67 10 57 281 24 139 17 253 7 186 56 161 28 133 2 308 37 73 30 174 9 6 69 119 76 296
3411 22 286 49 248 36 10 64 245 19 44 68 7 63 273 30 119 8 235 29 337 82 96 56 127 83 165 34 101 33 212 96 281 59 281 43 25 28 311 20 195 69 32 98 150 78 35
3412 22 259 30 316 5 163 62 62 19 340 94 333 74 194 67 135 92 149 45 322 41 69 49 3 39 296 22 320 66 119 44 305 51 159 10 314 72 173 32 12 37 262 71 303 15 77
3413 22 255 23 334 27 175 24 122 48 43 88 19 64 133 67 93 84 32 65 257 15 278 75 230 36 13 34 341 44 300 66 85 45 93 8 167 40 3 6 208 33 34 32 66 96 124
3414 22 257 81 173 98 212 38 136 74 23 26 168 23 344 35 209 40 177 67 6 19 171 63 26 2 8 22 236 76 188 99 19 56 97 32 93 34 256 16 311 75 240 6 309 48 295
3415 22 291 88 266 3 106 86 15 33 176 19 93 97 4 68 136 36 118 56 41 66 338 99 243 9 269 92 114 27 341 11 164 57 313 71 144 29 4 69 247 96 267 2 215 53 338
3416 22 273 32 160 80 348 47 267 96 191 69 207 9 12 22 138 3 332 53 61 24 204 25 329 71 74 93 325 88 247 14 71 57 293 68 5 12 266 98 282 58 294 45 45 29 300
3417 22 260 8 274 25 163 48 253 39 71 28 332 95 217 37 284 52 5 91 65 72 88 47 345 45 290 42 37 19 141 46 293 15 158 69 97 12 48 78 158 14 107 65 200 93 19
3418 22 263 6 283 83 77 70 79 23 14 62 205 8 82 97 3 74 13 61 68 31 59 79 178 88 187 43 44 53 245 36 321 50 168 56 129 39 284 1 3 14 9 13 146 66 321
3419 22 237 18 228 38 101 36 219 30 25 5 323 9 19 6 282 70 75 37 198 14 222 1 218 77 216 76 192 11 183 7 134 53 136 71 253 91 134 97 47 58 116 56 276 89 346
3420 22 215 46 227 95 9 48 147 28 27 13 253 18 175 38 126 8 40 11 281 94 133 21 29 29 168 37 144 75 14 17 113 9 112 39 156 72 238 2 299 66 116 53 283 41 42
3421 22 262 10 50 31 272 30 326 4 253 55 234 22 291 96 106 46 310 65 259 48 72 82 185 25 82 51 291 36 335 83 278 47 82 60 268 64 288 74 268 42 159 39 34 38 184
3422 22 306 39 135 43 55 45 242 78 328 3 211 80 195 97 265 79 176 63 262 37 330 75 74 53 194 17 64 82 2 67 293 38 261 49 334 54 77 64 182 81 324 11 327 72 177
3423 22 325 55 47 89 266 86 219 93 59 73 36 78 186 70 29 88 321 49 272 63 152 98 76 85 130 2 246 6 73 74 262 29 105 83 171 15 255 9 342 30 173 33 267 95 62
3424 22 246 17 216 76 221 15 54 55 144 2 51 27 276 64 248 38 93 54 170 65 271 26 73 12 270 36 154 71 181 67 37 48 193 57 213 58 302 11 80 92 124 28 31 66 283
3425 22 304 52 281 53 228 55 267 99 9 5 281 34 271 69 332 65 178 96 312 41 305 13 157 15 343 49 241 72 29 58 54 81 340 57 60 95 325 60 305 76 64 37 62 35 155
3426 22 254 43 249 82 190 11 24 46 275 31 63 19 331 53 190 10 46 91 2 54 52 48 78 12 252 5 275 90 66 61 244 60 112 28 99 74 51 95 48 83 259 13 211 8 174
3427 22 306 72 305 66 223 10 218 20 287 81 223 92 307 62 7 68 8 17 129 87 167 4 39 63 101 22 271 69 236 83 279 61 307 85 179 79 245 96 151 28 23 24 34 37 83
3428 22 293 53 296 1 133 82 119 86 170 84 287 93 204 57 279 39 187 91 245 22 119 75 116 16 25 48 43 24 229 88 58 81 83 8 214 28 49 35 61 37 30 67 244 58 5
3429 22 275 82 248 1 103 69 77 70 134 4 270 79 255 45 207 42 302 87 276 11 302 91 88 51 277 56 17 32 65 23 64 65 223 68 283 49 140 59 196 58 105 52 299 6 141
3430 22 264 26 168 92 118 57 92 97 7 81 304 23 14 69 195 29 285 19 349 20 138 36 323 48 234 2 285 31 309 27 7 78 319 24 334 12 320 91 44 65 210 44 10 88 180
3431 22 325 80 238 48 349 25 235 74 174 68 4 77 205 36 187 31 142 64 201 98 63 87 240 56 112 4 315 57 215 55 186 97 92 83 45 19 70 20 244 89 125 71 193 61 309
3432 22 239 76 52 25 276 19 124 88 308 13 246 71 218 62 228 85 18 63 281 10 248 27 180 47 225 7 221 52 131 56 177 35 180 2 103 53 242 17 137 33 334 50 112 68 318
3433 22 265 26 148 79 25 75 210 93 173 34 250 43 81 51 174 36 329 60 17 30 62 71 123 87 259 10 22 61 71 90 328 46 189 8 71 15 217 13 87 50 264 66 105 17 44
3434 22 263 14 233 76 277 53 48 54 41 9 113 13 119 83 302 98 31 42 255 57 121 17 95 70 181 52 48 30 118 44 345 3 169 24 155 68 227 46 126 92 258 96 126 11 293
3435 22 265 6 104 49 58 60 119 75 55 91 307 30 242 56 12 9 49 58 161 17 33 18 235 62 115 12 203 24 208 78 184 52 134 37 301 93 49 69 119 55 59 77 136 33 299
3436 22 266 13 81 9 73 48 291 92 334 2 106 95 204 81 154 84 66 6 117 55 56 11 203 74 30 85 256 44 86 38 145 21 53 23 270 66 253 97 274 49 152 4 3 70 108
3437 22 274 3 224 65 116 78 88 95 288 74 202 33 112 42 277 61 112 81 133 76 301 35 224 24 85 25 29 37 312 48 346 16 123 60 281 52 200 75 89 23 79 22 336 72 300
3438 22 317 97 85 81 181 17 6 31 1 6 237 55 185 74 168 84 121 7 81 64 160 82 141 99 306 21 272 92 192 71 188 76 301 70 344 58 103 46 138 95 92 14 176 28 99
3439 22 316 84 8 13 343 41 305 43 196 75 314 87 318 85 126 45 287 48 38 97 200 33 136 57 214 82 1 21 246 28 100 44 313 59 158 55 149 14 150 94 238 63 283 99 58
3440 22 259 1 188 5 88 86 156 72 123 13 88 55 65 10 102 42 9 97 4 67 207 65 120 11 210 58 326 14 226 56 304 50 312 78 173 76 265 29 242 30 85 84 178 38 52
3441 22 263 34 349 66 154 62 325 13 187 69 128 68 344 27 75 50 128 38 79 65 343 30 256 20 61 40 103 89 229 4 272 80 71 77 241 47 341 79 115 19 290 14 18 61 165
3442 22 251 46 98 93 247 15 37 77 322 56 87 12 60 27 342 13 201 23 85 63 282 70 291 98 140 33 232 53 50 44 20 47 41 64 46 7 101 74 79 8 112 42 118 39 335
3443 22 270 82 89 8 19 67 22 2 338 15 299 27 147 32 348 25 1 47 118 14 192 24 316 65 104 74 328 95 293 66 280 76 106 39 244 75 260 62 24 94 141 20 77 72 320
3444 22 302 52 122 66 271 87 109 96 105 25 50 78 302 72 320 27 97 77 115 41 101 35 115 98 80 5 20 7 26 10 299 6 230 91 140 26 120 93 172 62 48 90 89 65 32
3445 22 242 41 339 68 105 38 248 61 207 6 338 47 317 36 54 48 175 21 324 65 312 50 135 55 323 27 218 22 318 58 136 49 251 26 167 7 114 64 318 70 71 69 37 43 324
3446 22 300 86 217 45 159 33 306 10 167 12 84 96 332 6 213 89 193 91 119 28 298 84 243 65 155 15 21 73 151 49 138 81 43 46 114 50 58 82 264 29 245 48 342 85 41
3447 22 252 55 276 11 184 25 344 76 289 98 190 23 142 71 279 8 115 73 66 83 7 29 224 35 25 21 278 62 263 32 237 17 261 70 144 1 318 33 263 42 276 90 262 56 50
3448 22 271 78 32 22 243 66 330 74 139 15 200 12 194 11 76 76 47 51 194 59 270 88 261 39 122 26 30 98 15 43 53 64 72 36 38 65 152 17 140 92 283 3 127 50 331
3449 22 282 54 348 31 247 59 152 84 321 41 6 46 22 5 113 67 59 28 338 45 15 98 184 95 339 16 34 44 44 35 26 47 134 6 344 79 165 51 34 10 73 90 24 99 2
3450 22 273 30 195 66 34 92 1 78 232 67 263 27 312 49 302 59 183 54 26 18 232 42 318 4 192 7 277 34 7 64 201 96 97 46 326 26 14 39 252 76 287 21 62 99 329
3451 22 268 70 90 49 139 43 290 98 270 24 54 97 137 5 292 85 196 90 10 71 203 50 225 28 139 13 59 39 51 7 270 73 49 20 63 41 109 60 310 84 164 9 272 18 250
3452 22 294 58 65 41 270 38 94 19 64 73 259 91 238 20 81 40 276 52 212 76 321 27 167 32 186 67 349 36 91 68 136 98 85 24 271 87 344 96 279 31 265 9 122 93 313
3453 22 314 34 118 83 60 84 164 97 212 81 198 47 271 67 34 70 301 62 37 76 132 74 164 27 221 42 309 36 253 31 280 15 216 63 275 46 293 22 242 89 78 41 289 72 269
3454 22 260 72 197 82 301 70 174 59 157 26 141 36 290 8 284 88 234 16 350 9 211 44 82 5 108 94 313 17 231 95 116 12 45 35 287 56 141 96 226 3 54 91 89 27 340
3455 22 264 49 39 84 131 95 343 28 338 14 299 55 194 94 220 8 240 6 244 45 146 41 21 96 331 50 184 9 140 33 198 25 165 17 166 22 5 80 270 61 125 65 282 82 5
3456 22 330 37 326 99 234 81 41 56 40 86 36 90 122 47 131 6 346 55 320 39 323 60 129 16 330 89 191 96 122 72 52 1 93 31 243 98 121 36 112 54 134 94 259 79 198
3457 22 288 30 217 70 316 77 101 34 58 91 176 55 63 99 157 74 298 9 167 28 251 66 300 31 253 13 336 86 256 94 164 5 75 33 227 93 109 26 318 67 201 22 329 51 228
3458 22 289 3 198 38 21 28 289 88 327 71 191 90 157 26 247 52 192 27 24 78 119 34 4 96 251 20 298 74 51 98 154 55 46 41 275 73 129 64 201 4 192 10 232 89 261
3459 22 249 75 42 39 248 69 259 33 224 4 233 45 303 6 345 1 159 51 348 2 325 22 280 94 66 55 99 47 95 48 217 80 90 9 164 36 114 81 264 82 231 61 83 58 132
3460 22 314 65 148 55 347 93 70 91 320 25 147 68 21 89 198 99 128 59 113 16 122 84 98 85 167 30 97 87 228 64 86 12 29 54 54 98 128 2 217 1 45 36 339 44 335
3461 22 240 69 52 49 34 75 332 31 161 60 257 99 199 36 262 84 320 26 114 25 329 63 2 33 130 2 329 67 93 22 301 11 226 94 2 32 326 13 282 35 221 30 235 7 194
3462 22 272 69 278 21 84 2 51 97 153 83 278 57 161 94 349 35 195 61 12 95 204 63 329 81 175 10 215 46 191 4 186 20 281 6 305 34 309 1 36 91 228 44 104 74 244
3463 22 299 38 118 54 99 14 59 13 92 91 240 53 56 37 146 57 90 81 178 72 239 32 55 47 235 92 139 64 138 56 237 31 220 97 294 88 183 66 145 71 61 10 193 33 233
3464 22 304 15 339 29 49 80 218 63 169 61 301 52 42 7 40 72 276 86 167 88 225 49 105 69 69 65 73 10 304 64 42 19 302 73 319 84 140 83 152 2 34 53 243 92 344
3465 22 301 67 319 80 283 58 4 34 263 25 304 79 49 84 38 53 99 32 273 51 154 43 186 45 278 39 296 11 94 41 4 37 107 72 216 29 22 91 348 76 72 96 211 61 200
3466 22 301 9 142 74 161 95 317 48 39 94 287 37 6 30 127 66 233 80 134 21 108 5 195 51 304 72 174 99 282 84 1 42 226 24 5 22 240 52 11 85 88 49 290 67 75
3467 22 286 33 307 31 16 79 141 22 25 41 275 46 264 75 27 99 75 21 24 49 225 48 40 76 158 77 266 8 66 32 332 68 66 90 198 20 338 54 295 80 280 40 295 57 219
3468 22 302 94 231 91 269 81 115 66 223 42 25 49 207 32 216 39 263 83 106 4 31 24 170 44 170 74 11 82 229 62 119 58 295 35 223 67 327 15 183 31 182 73 46 65 329
3469 22 294 49 197 17 74 68 310 93 217 85 254 13 68 84 53 80 205 60 276 39 235 44 215 34 210 50 66 91 72 61 55 62 53 71 280 30 239 16 133 1 184 66 106 65 270
3470 22 279 15 90 61 1 33 327 86 192 76 152 32 248 14 89 49 175 93 267 12 163 48 41 52 113 23 104 96 40 59 110 62 326 1 224 78 135 64 326 65 10 25 230 73 55
3471 22 251 92 241 16 157 88 58 10 153 30 113 98 71 24 10 34 251 62 207 78 297 7 241 72 82 57 83 6 287 32 130 43 326 71 160 82 60 17 141 12 248 55 112 18 330
3472 22 253 23 104 30 84 10 258 16 300 2 249 57 186 6 95 18 138 37 143 58 46 26 19 62 216 83 311 70 144 80 52 66 183 81 149 93 340 79 310 40 282 61 98 17 216
3473 22 295 42 86 53 78 30 312 75 105 81 338 22 13 98 194 58 27 95 23 60 175 23 154 67 151 63 256 84 123 41 346 38 143 20 257 49 174 39 288 48 203 85 291 10 261
3474 22 318 37 334 72 161 6 75 29 259 90 184 94 112 38 96 52 135 84 197 9 205 55 309 80 293 96 277 45 130 69 106 93 5 89 114 68 196 91 246 4 330 30 48 43 219
3475 22 255 95 297 54 80 43 164 84 199 23 114 41 170 90 285 2 59 42 294 15 280 9 182 75 1 78 31 30 309 80 25 29 174 71 332 4 265 48 339 13 222 53 41 44 339
3476 22 278 92 154 30 237 68 261 98 200 37 248 79 217 54 167 72 24 51 127 40 248 65 202 19 19 56 159 62 244 53 115 25 339 34 287 38 285 23 88 13 340 67 201 39 322
3477 22 262 18 110 47 318 88 236 17 305 37 135 23 342 95 86 87 349 50 63 40 285 49 177 70 121 14 232 12 182 35 301 3 252 71 52 34 37 56 72 73 130 65 219 66 115
3478 22 254 57 150 13 183 69 36 99 53 30 287 49 233 88 63 33 10 64 319 48 271 40 170 5 38 7 255 29 224 11 278 96 99 23 144 51 272 87 122 26 336 35 99 58 282
3479 22 292 71 49 53 22 5 92 85 214 97 215 87 59 45 224 54 195 49 249 95 120 22 233 43 180 58 29 19 194 29 78 77 100 21 231 70 208 44 68 74 180 56 232 14 54
3480 22 300 33 310 25 206 92 17 85 149 95 256 44 126 83 70 75 109 47 340 22 156 35 341 82 65 19 303 72 303 17 125 28 99 90 70 26 20 64 181 16 239 65 272 87 213
3481 22 176 13 160 71 298 2 2 64 221 6 235 25 24 61 11 11 252 73 327 27 142 42 8 7 130 23 294 44 46 32 59 43 229 8 244 16 137 9 240 63 19 31 151 36 207
3482 22 279 80 279 51 289 86 30 61 131 26 108 14 284 68 206 64 225 99 147 49 15 83 57 6 245 77 108 60 107 10 245 16 189 66 279 63 197 39 293 72 99 7 116 22 143
3483 22 264 11 68 41 127 3 200 83 199 26 92 59 183 1 155 42 130 65 70 44 113 36 185 9 43 93 274 5 217 66 216 34 209 88 58 78 87 85 219 97 269 22 303 68 313
3484 22 299 35 284 82 328 47 244 14 33 52 208 77 128 63 193 95 130 29 5 73 166 12 203 54 347 71 50 65 242 55 85 6 39 68 190 66 64 83 181 46 287 89 225 16 303
3485 22 275 17 210 32 345 67 156 61 78 58 16 26 79 16 293 72 220 27 128 10 44 75 260 51 256 57 137 46 31 52 48 48 14 31 244 80 86 56 259 44 222 87 324 89 229
3486 22 297 95 110 7 24 19 252 40 243 11 191 50 120 79 197 83 244 49 98 24 95 27 62 87 155 21 123 28 259 53 24 18 209 98 186 89 231 73 181 82 192 62 179 94 44
3487 22 301 22 344 91 48 38 69 59 38 55 65 10 180 94 269 32 169 88 343 16 76 53 207 8 175 39 89 69 300 17 312 95 141 85 340 93 155 98 80 12 314 57 159 74 125
3488 22 262 49 166 43 124 20 151 31 47 89 121 65 91 88 176 35 178 32 322 17 324 76 66 5 337 81 96 29 289 56 3 15 104 70 159 79 192 59 61 38 100 2 342 71 79
3489 22 318 26 198 62 349 16 136 25 33 42 263 65 39 44 303 97 48 67 152 76 181 8 86 43 95 85 26 98 328 96 228 54 45 90 4 27 280 94 270 93 210 9 238 57 285
3490 22 326 81 158 51 258 90 311 93 335 7 330 10 7 57 56 84 312 73 316 62 51 45 307 71 239 17 81 76 130 87 60 46 163 36 123 20 131 43 179 99 36 61 136 95 128
3491 22 289 99 146 24 157 16 63 73 348 40 255 84 202 29 166 85 116 90 246 35 220 88 266 7 188 53 179 50 40 75 127 20 301 45 137 65 19 56 75 19 309 91 300 15 213
3492 22 285 72 152 85 161 69 43 48 321 23 348 11 97 26 250 78 296 7 344 67 191 2 191 61 60 31 310 84 7 75 198 80 176 32 340 44 276 38 166 87 176 45 214 76 163
3493 22 263 42 21 19 37 39 211 88 130 74 198 62 333 83 321 7 182 50 334 66 140 29 341 45 289 67 322 30 199 47 123 22 317 10 310 97 89 3 296 1 335 78 23 94 112
3494 22 277 72 279 77 113 60 167 91 254 5 257 39 139 26 337 61 247 6 70 35 169 97 87 14 149 23 44 71 168 55 342 47 331 49 297 54 6 89 94 94 114 33 206 12 338
3495 22 264 28 18 24 246 66 310 11 64 34 204 84 304 8 27 90 131 57 89 80 69 44 235 39 180 23 71 85 34 60 112 3 83 9 118 94 320 81 178 73 64 33 243 32 122
3496 22 233 25 340 60 54 55 288 16 144 69 190 64 304 24 74 17 76 58 26 46 152 45 176 31 167 42 261 49 284 94 271 85 282 14 44 37 53 11 30 72 201 20 141 1 228
3497 22 254 66 296 29 160 24 159 79 117 21 277 50 264 49 309 31 272 93 319 75 303 48 296 3 194 22 28 64 314 41 130 28 171 51 329 19 69 99 146 20 264 94 229 13 226
3498 22 276 2 257 94 78 59 343 25 12 37 196 91 102 60 321 92 91 1 262 31 303 42 202 22 42 47 291 55 292 71 269 20 273 75 315 52 185 10 327 98 98 74 189 49 285
3499 22 311 61 92 27 311 55 8 64 196 59 87 87 7 77 343 48 63 19 72 89 186 23 223 45 1 71 42 25 59 90 61 33 238 32 287 97 197 82 57 83 170 63 111 14 108
