500 22 252 74 11 24 31 8 46 11 16 32 71 56 88 70 29 4 72 79 77 39 61 14 7 1 32 30 38 91 64 45 16 21 47 82 66 57 97 97 27 84 48 20 8 69 96
501 22 309 98 29 61 5 81 92 34 19 68 76 82 64 92 8 84 38 41 49 94 89 73 93 20 76 72 91 35 40 38 33 21 99 89 1 42 74 19 9 50 53 12 8 30 52
502 22 325 57 75 40 6 47 32 86 19 60 57 61 46 49 99 78 69 66 69 90 92 51 41 44 23 33 55 82 62 6 90 36 45 95 35 29 81 53 40 89 13 85 89 63 15
503 22 246 57 11 32 78 1 23 17 51 63 12 25 95 66 6 56 71 48 44 67 42 78 47 74 82 86 15 46 71 3 9 37 60 19 68 71 91 5 73 53 16 49 100 33 7
504 22 244 7 3 54 50 21 95 79 20 69 60 5 83 6 27 85 66 63 96 36 83 32 7 73 88 77 3 80 76 35 86 89 39 62 33 15 81 1 74 37 35 31 16 20 96
505 22 284 30 15 32 12 99 90 84 86 20 61 41 99 88 27 22 68 58 81 7 72 13 59 97 49 94 80 16 65 27 46 31 10 57 29 93 67 71 53 59 69 92 37 5 66
506 22 293 4 78 23 36 84 46 48 95 94 97 88 25 12 52 52 9 34 61 66 15 58 81 82 62 91 2 5 27 70 83 92 18 89 66 17 35 14 4 59 77 7 62 86 93
507 22 235 23 3 7 86 12 87 19 73 29 72 77 7 30 99 41 17 42 59 91 31 76 8 17 41 63 75 69 22 37 54 14 11 8 20 96 19 58 66 43 86 72 44 18 70
508 22 257 85 86 11 95 77 93 70 84 9 62 98 36 30 19 24 36 32 34 95 51 81 14 8 46 45 34 31 89 4 52 73 41 15 19 17 7 88 52 68 1 50 55 20 78
509 22 284 17 52 11 12 54 43 77 14 40 36 58 25 67 98 28 70 22 69 84 40 37 43 79 89 10 79 90 16 61 9 93 29 12 55 66 97 68 79 36 4 88 60 38 40
510 22 300 91 11 60 75 51 96 69 81 36 30 12 77 45 24 86 37 52 49 44 14 87 11 74 66 84 85 21 76 30 31 35 56 33 31 24 14 66 53 25 43 97 100 80 33
511 22 347 51 28 75 94 94 13 57 37 86 74 20 22 61 92 98 42 23 32 97 55 14 20 32 24 96 26 95 5 4 98 84 30 91 29 42 99 66 27 73 37 100 85 29 97
512 22 307 78 3 81 74 9 94 45 29 77 68 76 2 39 71 58 94 68 42 23 10 70 64 61 87 42 85 41 21 4 90 98 58 66 15 67 46 92 86 22 93 44 51 69 63
513 22 312 44 91 72 65 6 84 52 47 68 27 39 88 82 28 37 91 97 59 56 64 77 54 55 62 27 99 70 49 57 32 92 99 4 91 60 2 58 38 41 98 71 68 86 61
514 22 257 17 45 68 80 73 21 86 35 47 84 23 68 33 80 51 76 30 58 84 34 48 95 87 57 32 79 6 2 92 62 15 88 46 60 2 31 1 14 21 68 98 52 71 26
515 22 259 81 80 9 66 27 56 53 35 87 31 41 89 29 84 2 95 71 83 40 82 85 22 28 37 88 48 56 85 99 26 62 79 5 23 45 83 78 49 18 64 31 10 4 60
516 22 280 93 6 54 15 40 46 96 24 67 23 60 54 22 16 91 20 52 51 50 74 47 32 51 95 1 67 25 62 70 36 6 27 42 20 87 68 5 90 59 64 21 49 83 65
517 22 239 52 85 14 26 31 98 28 77 50 46 2 64 16 89 69 94 30 41 12 68 8 54 73 49 59 31 79 31 95 95 82 79 9 59 62 58 39 38 7 84 91 70 51 80
518 22 285 91 45 61 31 56 29 38 61 1 86 19 83 50 49 65 96 44 46 26 52 57 87 95 25 67 78 15 89 29 46 79 25 7 61 80 35 93 87 87 11 21 36 60 85
519 22 266 31 55 30 57 58 38 43 18 32 19 36 62 34 24 42 31 54 18 37 14 49 23 63 41 61 50 52 81 85 63 65 68 17 47 24 74 84 18 68 37 78 81 22 2
520 22 227 74 52 7 91 89 21 39 63 35 80 24 36 83 4 73 45 21 40 13 67 63 86 2 32 80 69 68 57 1 89 10 74 93 17 16 81 55 43 23 86 18 11 22 83
521 22 307 12 42 22 24 60 36 61 61 67 40 82 87 48 82 75 58 8 67 74 23 99 14 29 94 88 66 11 98 33 84 80 96 77 53 71 36 83 49 55 74 30 93 63 67
522 22 286 79 70 86 4 45 36 69 25 81 56 91 44 54 75 27 85 23 56 38 93 77 28 39 83 1 20 75 74 83 94 4 52 31 59 48 66 73 99 15 42 88 89 20 72
523 22 251 11 75 61 56 18 38 83 8 72 35 28 47 9 10 40 64 13 70 23 13 87 49 37 85 31 51 78 70 39 98 94 2 24 54 57 41 43 39 49 15 25 28 85 89
524 22 245 4 49 53 73 71 65 11 19 1 48 2 51 25 71 42 74 64 43 98 70 99 90 89 38 30 65 17 42 50 5 45 98 58 69 68 74 32 38 27 79 39 29 55 62
525 22 270 70 81 25 64 78 46 14 19 10 2 9 39 67 25 33 68 82 29 65 91 98 84 64 29 73 90 59 12 71 13 40 45 1 56 74 47 69 93 8 23 41 25 30 8
526 22 212 6 59 72 48 8 7 12 36 79 53 46 42 23 58 66 15 3 19 70 76 65 90 20 24 21 52 97 3 59 54 13 82 2 20 40 13 7 19 17 52 92 61 30 6
527 22 227 15 48 27 43 64 16 62 87 28 82 7 79 30 61 90 83 73 71 84 44 11 48 50 81 65 53 44 56 14 73 13 28 72 39 70 35 6 84 21 33 17 80 46 40
528 22 299 53 28 13 75 64 56 85 11 58 17 27 10 61 34 75 85 98 3 57 36 24 91 94 7 12 26 23 43 89 20 82 41 48 46 16 11 54 52 73 11 21 52 72 33
529 22 273 85 47 17 35 1 73 22 24 16 15 83 79 41 57 21 81 77 54 74 76 89 86 53 92 10 15 64 61 86 96 98 32 13 32 32 37 8 4 68 90 82 60 54 40
530 22 226 26 8 13 1 7 53 38 11 97 48 25 60 60 10 56 57 94 20 40 25 8 93 84 12 12 25 45 71 23 51 10 100 58 23 1 16 27 90 89 2 83 49 11 38
531 22 249 57 56 9 97 81 16 89 64 79 52 41 76 22 63 26 31 62 83 5 14 50 32 4 75 54 92 28 88 92 38 25 49 94 33 45 26 1 85 31 36 6 9 95 31
532 22 289 91 9 65 96 22 14 79 77 40 84 21 67 72 12 57 48 12 2 33 8 44 19 63 31 52 69 39 98 51 30 6 16 77 80 81 7 8 21 90 28 61 92 95 61
533 22 308 55 48 93 63 26 77 58 97 39 89 48 59 27 97 62 8 29 36 86 9 42 93 81 84 73 20 96 16 66 56 70 14 84 39 24 42 35 15 30 34 25 8 83 86
534 22 288 68 37 14 3 22 75 97 66 55 80 38 26 75 53 44 31 23 57 78 58 47 54 99 34 80 19 92 40 1 30 7 89 43 61 62 69 57 28 24 88 65 49 63 18
535 22 309 44 93 92 100 22 49 99 27 32 46 79 2 90 70 55 19 76 43 13 89 5 82 97 32 57 85 48 57 47 17 1 91 60 100 64 61 50 91 81 88 35 77 89 95
536 22 271 87 31 60 27 41 24 70 97 8 70 5 6 86 5 96 46 57 11 58 6 53 17 21 17 69 61 64 8 91 23 34 30 15 57 51 11 16 20 6 72 68 3 28 79
537 22 297 60 33 83 28 71 23 37 43 92 6 3 55 65 46 29 98 75 43 55 25 5 22 45 19 43 2 90 10 56 69 40 15 2 23 94 72 97 30 15 40 87 17 46 3
538 22 254 62 74 1 88 16 7 13 20 28 9 91 70 10 32 32 65 23 31 2 97 76 73 94 5 87 85 44 56 31 98 17 4 98 5 20 56 69 39 84 77 81 5 38 13
539 22 264 88 54 13 11 84 14 7 59 38 52 15 77 37 10 32 67 8 100 70 57 56 41 24 80 48 52 60 52 89 24 40 94 36 50 29 49 87 87 54 63 96 15 46 62
540 22 268 22 45 83 31 1 24 43 76 55 90 28 14 93 68 90 32 14 25 33 42 26 41 29 12 52 34 47 48 23 8 67 90 19 65 46 47 87 26 85 79 74 63 58 98
541 22 273 47 100 23 39 80 86 90 13 63 36 12 85 95 85 4 37 88 74 1 33 20 20 71 45 50 90 29 64 26 10 46 49 25 86 89 49 78 1 85 72 8 73 62 61
542 22 316 57 33 32 28 78 87 29 67 15 92 65 40 53 11 40 53 87 26 95 76 26 72 76 10 43 12 50 3 36 63 63 93 46 20 72 32 48 90 91 55 85 95 77 48
543 22 258 3 54 42 78 79 13 5 40 7 17 89 9 52 51 23 44 46 68 15 69 51 14 59 96 56 65 33 51 81 9 98 83 62 91 61 40 55 65 13 33 20 74 85 70
544 22 312 96 80 67 16 47 36 66 12 46 14 68 10 18 90 54 67 24 15 57 84 6 63 1 36 75 33 55 48 69 77 95 63 30 80 58 27 93 77 88 38 94 77 43 60
545 22 288 53 9 68 36 66 30 88 2 5 73 8 4 41 36 99 93 31 61 91 12 1 39 33 77 26 23 71 55 65 30 7 26 98 94 79 82 92 35 6 52 39 46 87 37
546 22 327 39 69 50 29 81 90 19 74 58 96 96 28 2 13 9 8 38 58 54 28 37 87 72 71 92 23 61 89 98 79 30 99 60 10 88 40 80 13 97 27 76 29 73 85
547 22 295 88 62 94 93 41 30 79 12 53 22 86 65 63 47 14 41 28 12 89 99 40 20 64 88 46 24 26 48 9 93 58 49 75 89 13 27 10 98 43 72 96 57 65 23
548 22 247 68 16 11 19 55 82 82 95 28 5 58 5 52 9 18 12 1 28 60 75 16 72 53 77 22 96 17 52 65 92 19 80 54 37 87 36 33 63 74 42 67 77 50 37
549 22 284 88 50 16 48 25 31 71 77 59 92 72 59 61 23 75 52 42 55 5 30 93 40 54 25 66 73 2 15 89 64 76 88 40 58 17 16 62 63 49 13 56 55 18 37
550 22 298 99 9 36 23 63 61 40 87 14 6 47 2 70 74 90 61 31 100 77 46 1 17 72 63 73 27 86 79 44 22 78 53 10 100 67 22 92 53 35 97 51 88 18 24
551 22 260 29 79 6 28 7 3 23 75 43 53 99 69 90 77 65 64 54 69 25 6 35 46 49 39 32 45 41 71 63 64 93 69 27 99 71 7 74 97 1 26 47 22 68 24
552 22 256 86 83 29 54 7 86 40 52 34 30 35 79 70 5 93 85 4 85 53 83 75 41 8 24 42 86 63 53 45 100 74 5 59 96 96 93 25 30 23 46 15 30 51 34
553 22 226 76 85 8 16 45 83 9 30 53 23 34 97 22 20 78 12 81 73 7 25 97 88 47 42 73 13 23 66 63 56 41 99 16 57 43 98 17 24 2 40 57 51 13 76
554 22 274 72 91 87 4 15 45 28 64 32 26 57 57 38 80 22 52 35 63 51 50 71 45 39 69 1 30 77 3 43 53 75 85 91 30 88 58 14 71 83 71 27 73 50 1
555 22 225 24 36 15 26 38 37 71 37 75 91 89 5 19 92 99 71 18 35 14 47 85 53 4 99 23 39 21 50 11 70 2 34 57 16 12 94 52 34 30 78 82 42 62 32
556 22 287 65 79 66 30 25 3 82 81 53 4 71 73 5 81 94 6 50 73 77 44 24 10 54 85 43 35 79 56 19 95 34 36 59 38 57 91 42 12 61 14 17 93 74 10
557 22 215 9 99 39 4 74 48 28 27 85 23 14 15 78 32 12 67 32 22 57 40 64 98 51 24 19 16 22 45 25 30 43 63 16 63 13 43 99 35 56 13 21 27 5 4
558 22 251 48 61 95 11 59 45 86 22 16 53 43 60 30 25 2 44 9 69 6 73 63 56 70 68 23 8 40 49 65 95 49 77 89 11 35 86 97 8 1 49 3 60 78 79
559 22 323 13 22 39 33 79 12 96 35 70 17 54 92 77 46 93 41 92 41 17 81 51 4 66 99 63 66 48 17 95 89 98 34 21 29 45 68 15 66 85 20 10 61 65 54
560 22 307 53 57 94 21 89 96 24 54 95 39 71 94 55 99 70 50 87 20 35 59 31 79 14 96 15 33 57 75 50 10 79 58 3 99 46 51 75 51 45 13 73 90 67 71
561 22 325 59 16 9 30 50 19 29 80 97 94 28 11 27 84 37 28 94 15 85 48 66 82 98 40 84 94 52 56 83 18 78 94 34 38 75 35 56 4 67 53 15 75 77 52
562 22 277 54 70 18 90 83 71 67 22 6 61 73 13 95 43 90 88 76 27 15 62 35 18 28 87 66 21 1 93 98 4 46 19 22 88 88 4 58 55 78 16 2 28 9 44
563 22 274 70 49 71 48 63 33 82 32 12 20 49 33 73 41 76 39 26 40 5 35 94 82 2 8 83 30 68 79 51 68 50 30 33 32 13 45 3 62 77 75 54 10 44 61
564 22 269 51 21 55 8 93 88 9 52 23 90 20 1 92 39 49 42 69 82 25 33 78 27 46 6 54 100 15 8 95 27 10 68 27 17 75 71 4 35 26 77 94 78 68 32
565 22 272 79 9 52 12 33 85 89 12 30 94 65 81 60 24 28 86 95 64 49 21 35 53 55 57 83 50 8 51 38 11 85 49 44 21 37 7 50 82 23 83 41 46 10 26
566 22 284 78 56 90 79 76 76 31 82 32 12 65 33 71 67 8 77 1 56 72 21 44 78 23 25 5 65 45 66 43 75 73 84 53 48 59 35 81 42 98 97 74 21 15 90
567 22 249 28 92 43 36 63 63 31 93 37 56 92 93 72 89 58 66 15 30 49 19 29 59 53 62 2 58 25 22 73 67 50 16 61 37 78 23 67 22 12 74 14 4 46 54
568 22 303 62 11 68 43 12 38 72 70 90 33 22 91 42 98 13 66 64 14 81 24 2 11 99 20 32 62 94 97 65 91 78 1 21 21 58 44 86 47 28 7 69 4 54 87
569 22 245 20 19 67 95 29 45 39 13 6 84 9 71 74 11 48 27 31 20 90 89 63 75 87 90 33 28 11 89 81 97 8 51 15 54 70 96 99 61 4 96 68 26 30 26
570 22 290 96 13 45 37 53 8 12 39 49 96 67 59 84 99 7 43 50 74 97 71 69 95 83 28 79 95 28 100 25 53 47 89 41 56 94 79 5 90 15 25 48 22 68 49
571 22 247 47 64 71 15 10 54 94 11 84 88 38 35 64 42 81 4 39 63 44 94 9 75 50 50 23 65 74 70 41 70 36 56 2 65 46 95 28 81 34 17 15 50 59 95
572 22 252 53 97 57 97 42 17 23 44 66 45 60 40 67 49 32 36 84 88 28 85 4 25 31 83 5 64 19 65 58 65 18 6 22 66 99 38 88 42 56 32 95 50 1 78
573 22 288 86 36 17 65 72 73 90 2 55 94 18 54 65 82 63 29 51 68 2 16 19 92 60 47 39 65 93 88 70 25 1 39 24 11 31 26 95 71 40 28 85 69 79 5
574 22 272 22 46 23 13 1 34 59 39 98 51 26 15 73 3 15 11 92 90 21 22 67 37 97 61 89 89 44 57 19 48 78 64 43 16 55 1 54 53 4 32 76 86 33 86
575 22 301 77 22 58 50 41 94 98 1 53 86 48 94 59 47 24 23 68 66 90 74 66 44 26 69 27 44 96 12 28 81 40 2 38 41 42 84 88 76 35 35 69 93 33 44
576 22 239 67 100 9 57 73 27 52 51 47 78 46 43 41 74 23 32 27 13 72 20 96 61 13 35 88 47 21 57 40 53 6 4 61 62 28 87 30 33 42 76 75 34 1 50
577 22 245 65 79 14 88 98 61 1 10 95 88 57 15 96 96 19 48 53 74 8 15 46 79 83 30 21 58 6 10 58 23 88 71 10 37 31 10 25 50 2 91 45 49 61 92
578 22 258 2 34 51 68 86 96 46 68 78 18 77 34 76 38 43 98 13 7 69 59 19 18 12 61 14 61 73 6 58 56 81 43 4 78 63 33 48 91 18 23 29 60 72 5
579 22 301 72 78 18 66 98 28 36 67 39 48 81 99 20 38 12 77 45 44 71 100 74 85 32 21 76 1 95 56 60 66 83 95 8 35 63 47 34 95 97 53 61 81 29 4
580 22 205 4 28 29 88 12 1 15 12 95 70 24 12 82 58 59 14 58 3 22 44 17 68 78 12 16 82 43 76 23 32 18 3 60 5 14 61 20 77 7 41 52 71 74 10
581 22 304 29 88 67 83 9 62 51 28 91 62 43 73 57 71 87 79 2 56 81 61 60 46 73 31 23 32 72 26 97 35 82 84 53 16 44 67 66 23 28 66 84 36 19 14
582 22 325 89 74 95 49 86 40 74 16 14 5 39 40 58 36 26 39 71 79 6 67 97 71 53 50 34 85 93 52 99 81 45 82 63 36 55 78 50 11 69 41 68 56 18 58
583 22 245 26 48 63 44 44 85 33 97 35 38 82 19 31 33 17 11 10 13 92 72 49 98 2 50 8 70 42 27 25 59 84 2 7 98 46 2 83 30 98 17 19 79 87 49
584 22 265 64 56 12 73 68 55 97 16 53 98 17 12 19 58 39 95 74 48 75 72 93 76 54 74 26 22 4 60 67 15 56 92 35 11 40 50 15 89 78 7 76 68 1 44
585 22 243 42 100 18 13 93 94 19 91 10 74 50 55 65 10 36 99 72 75 38 63 16 21 46 83 73 89 24 72 7 88 52 5 34 22 95 95 47 97 49 39 61 11 26 11
586 22 277 82 100 62 20 14 32 35 86 77 69 10 65 93 82 23 32 49 26 89 34 99 35 29 46 31 29 36 43 39 62 53 73 13 15 44 79 98 78 64 74 26 90 42 7
587 22 250 65 74 7 90 62 41 89 96 69 86 79 49 21 21 40 82 74 64 47 40 25 37 36 40 33 65 51 75 23 15 48 30 57 61 70 45 8 90 30 86 38 2 29 36
588 22 324 32 92 82 71 98 6 59 33 45 20 66 62 22 92 84 89 91 13 51 82 41 10 71 22 96 61 23 54 58 85 33 39 55 82 65 15 93 36 54 57 75 37 2 41
589 22 271 67 35 81 76 58 54 23 18 77 76 10 86 60 42 66 24 72 82 90 16 17 73 69 26 47 58 22 63 11 63 45 95 56 2 49 31 71 77 6 81 14 18 74 90
590 22 293 83 49 14 17 90 29 33 62 98 58 60 7 80 74 17 42 54 61 88 62 15 88 92 85 64 49 78 66 91 19 1 39 32 17 29 61 49 42 10 59 68 38 27 36
591 22 296 31 81 96 18 42 62 58 85 47 21 33 63 50 99 5 69 51 96 52 67 76 64 67 17 73 25 22 92 62 1 27 44 75 14 26 36 71 10 34 91 97 93 92 53
592 22 242 13 42 48 64 8 23 28 75 92 52 51 65 96 13 65 22 56 97 21 22 84 91 31 17 34 25 26 16 18 38 58 17 53 17 32 43 35 84 94 99 16 52 12 100
593 22 267 86 86 83 76 68 99 9 92 64 86 60 33 75 69 49 28 85 92 11 28 26 46 21 25 76 78 40 28 42 3 79 79 61 55 8 11 15 51 74 53 10 58 27 78
594 22 278 59 6 15 50 17 94 76 62 14 52 38 43 43 17 36 45 95 67 37 7 21 44 87 94 39 56 66 85 10 23 99 60 91 92 35 53 57 38 42 51 80 10 56 5
595 22 277 12 62 77 55 78 63 1 72 2 8 72 19 92 81 41 91 32 34 36 43 15 29 93 94 90 83 70 45 87 81 6 63 88 35 40 7 31 47 30 49 38 62 80 54
596 22 291 24 66 31 11 8 46 91 100 80 83 60 24 21 93 81 36 68 65 71 74 95 17 55 95 54 16 87 86 63 51 52 73 58 49 16 9 39 95 43 99 64 43 3 51
597 22 287 74 70 15 44 95 61 60 49 55 65 17 93 50 37 52 40 80 9 88 95 70 27 41 12 77 11 27 71 14 29 44 83 43 87 30 3 98 78 9 62 46 2 64 35
598 22 324 8 15 74 87 76 14 81 45 40 22 56 68 84 35 38 97 63 33 32 6 71 13 60 68 90 21 88 74 96 22 47 68 82 51 73 89 18 9 23 7 5 86 91 88
599 22 280 43 61 54 80 42 74 13 81 47 8 2 80 70 100 99 59 60 98 40 10 23 81 80 31 3 38 87 40 29 27 82 41 26 36 73 19 61 37 96 52 39 18 52 37
600 22 306 76 63 86 68 72 60 48 3 90 50 93 77 73 3 23 13 80 10 37 51 71 73 49 82 69 53 56 60 61 18 45 80 41 5 27 44 46 77 36 74 18 8 28 92
601 22 268 72 8 2 61 58 24 33 58 5 53 62 76 38 17 87 51 86 31 30 27 57 70 85 85 54 16 45 39 98 99 21 84 11 77 36 25 4 74 41 90 76 27 73 57
602 22 243 5 59 65 26 43 1 34 53 54 49 38 51 39 82 48 38 35 21 21 97 97 8 1 81 14 42 8 92 96 73 81 21 67 82 71 87 37 92 41 37 27 9 53 24
603 22 238 57 61 44 57 93 9 51 1 64 17 47 88 97 19 7 30 24 77 17 77 37 5 21 77 1 4 6 27 58 66 22 66 83 16 10 82 32 26 81 19 75 99 25 56
604 22 309 75 2 72 51 38 29 23 14 21 76 69 74 81 47 83 46 3 3 68 65 36 99 90 16 16 67 94 72 41 95 95 43 84 75 66 49 96 41 18 21 64 55 6 72
605 22 320 86 73 36 22 23 78 89 92 93 55 85 16 95 31 63 38 14 37 55 62 84 95 31 4 67 95 10 84 30 16 68 88 43 89 20 77 54 12 90 80 72 42 73 98
606 22 246 14 67 29 69 85 75 79 20 56 94 27 23 33 69 11 95 88 40 51 75 41 30 4 12 23 23 48 53 95 98 18 14 26 86 98 52 16 18 7 9 44 30 94 64
607 22 246 92 40 51 83 1 57 32 83 13 96 57 35 43 61 29 92 78 42 17 16 20 31 9 27 40 4 8 85 67 51 24 17 34 15 69 42 99 3 54 94 60 88 88 72
608 22 278 69 80 50 62 48 65 53 68 47 61 46 38 16 5 22 82 55 46 88 12 71 82 10 73 35 55 84 75 43 56 95 74 5 56 73 21 9 40 67 21 37 57 89 41
609 22 256 78 70 48 75 72 35 87 42 68 48 66 55 3 50 29 97 5 75 70 61 30 42 33 90 34 51 63 22 7 51 15 85 62 11 43 48 97 36 16 45 2 70 99 51
610 22 247 50 95 7 24 16 67 5 57 99 95 42 49 9 64 8 59 78 92 82 39 54 25 38 51 12 53 47 13 22 45 15 23 91 21 46 6 87 51 14 37 97 56 71 45
611 22 324 15 100 88 96 90 41 72 27 43 84 80 89 96 53 85 63 76 75 83 73 32 22 75 46 58 71 53 95 27 23 39 41 22 78 89 63 19 60 61 95 20 2 73 86
612 22 269 5 100 13 87 24 44 8 99 89 18 21 41 12 48 15 3 40 88 80 80 50 50 91 11 34 10 64 28 49 32 85 13 19 9 57 78 59 97 95 31 90 59 78 56
613 22 295 61 70 44 92 49 45 42 40 35 4 26 97 67 53 30 67 85 67 80 55 27 88 84 85 36 31 15 25 89 45 33 49 66 76 92 66 72 85 6 59 88 83 55 6
614 22 258 35 36 25 71 2 56 77 80 95 61 64 30 91 31 7 31 27 39 31 44 66 22 9 37 46 48 1 4 37 28 5 90 83 34 70 77 85 58 36 67 93 2 48 88
615 22 290 67 69 97 56 27 62 50 73 62 51 76 96 39 3 52 28 37 85 65 30 34 22 17 100 38 34 45 91 81 32 10 50 80 65 94 66 55 68 75 2 6 29 53 86
616 22 265 17 90 34 33 19 67 55 88 44 21 63 34 54 46 95 55 26 59 30 19 77 82 25 44 8 26 2 37 87 5 72 38 90 39 57 87 97 71 16 67 56 93 38 11
617 22 242 5 19 87 1 26 12 2 14 42 40 19 60 11 56 49 1 99 77 9 37 79 8 27 47 83 39 3 20 59 38 88 59 63 52 12 29 93 51 47 4 14 2 52 81
618 22 288 23 88 6 53 95 85 51 21 67 42 75 86 43 33 82 44 89 33 55 17 77 58 63 33 71 16 36 67 69 10 54 27 1 63 65 73 29 6 47 66 31 40 26 28
619 22 289 66 81 97 43 38 59 27 60 15 95 93 35 5 99 61 19 99 75 83 71 3 89 69 68 88 51 59 21 77 39 87 57 35 81 46 45 7 5 71 73 16 7 14 20
620 22 313 73 12 94 56 34 97 96 2 16 35 52 75 56 28 65 94 36 99 26 33 43 84 37 66 88 81 62 42 33 15 57 27 22 90 75 17 90 51 58 74 80 3 61 30
621 22 257 80 94 73 63 30 90 70 69 84 11 63 16 77 71 42 98 60 16 14 2 58 16 47 25 26 20 57 80 33 86 10 74 7 99 44 76 20 27 38 82 94 14 4 36
622 22 269 11 63 3 76 16 12 43 63 37 68 34 45 66 30 92 84 50 42 79 25 62 57 95 51 75 99 38 37 61 40 12 29 4 54 74 76 36 25 94 17 35 36 60 70
623 22 270 85 2 49 61 63 5 74 57 7 100 44 36 20 36 99 48 39 5 90 82 30 17 17 54 62 85 40 50 45 9 86 98 9 47 12 14 72 68 27 16 59 46 51 10
624 22 281 93 89 14 34 22 95 50 90 48 64 74 39 13 70 47 98 67 56 96 78 21 68 98 92 39 24 7 49 69 57 58 13 97 71 46 18 17 47 64 62 33 54 54 53
625 22 204 72 21 60 67 50 80 34 99 23 24 74 30 25 94 38 82 6 87 5 3 4 21 2 63 37 63 47 90 94 60 53 78 22 84 64 72 7 87 46 88 11 91 45 97
626 22 226 11 49 51 67 21 4 29 57 19 75 99 55 26 92 66 98 45 43 71 28 6 42 86 45 39 73 7 30 50 51 78 60 80 26 72 84 2 32 8 58 22 73 18 67
627 22 309 77 45 25 18 83 21 9 55 27 38 4 30 15 16 80 94 93 3 29 99 35 30 82 12 89 91 85 13 97 2 73 99 56 43 81 76 51 87 2 40 91 83 54 58
628 22 288 15 99 50 17 80 100 51 61 82 15 24 99 62 21 53 93 45 51 39 31 75 41 17 29 59 11 85 16 25 84 66 94 65 44 98 10 22 61 38 94 13 82 90 63
629 22 243 82 29 45 56 69 61 36 49 72 47 33 39 23 68 56 16 34 73 12 9 70 21 32 43 81 21 3 78 7 84 6 51 39 26 64 75 26 35 73 11 47 30 63 64
630 22 297 53 26 72 22 46 55 17 79 76 4 23 78 81 82 61 86 32 51 64 47 77 89 33 1 99 6 48 29 86 10 92 90 35 15 11 32 69 27 62 44 31 37 21 63
631 22 269 18 33 1 1 84 64 48 60 52 80 61 3 37 8 83 74 69 74 63 55 40 26 86 8 34 36 24 97 53 57 97 53 12 52 51 63 32 63 17 68 22 99 94 90
632 22 271 24 56 96 63 81 34 71 85 33 74 18 68 97 66 72 5 14 24 25 28 47 40 59 61 56 78 83 7 30 79 20 45 53 67 43 37 40 13 4 88 75 93 44 50
633 22 287 88 20 77 86 59 87 47 67 65 29 73 87 4 2 23 46 76 27 12 70 63 3 82 18 91 64 44 35 46 22 78 22 8 37 61 6 3 25 34 75 89 28 28 12
634 22 251 26 3 90 89 72 5 92 6 74 34 21 18 68 79 63 41 56 36 44 96 5 46 35 79 14 42 77 16 83 65 39 39 8 96 13 93 16 82 12 46 96 53 2 31
635 22 285 4 45 79 61 43 50 2 14 84 32 65 97 25 41 64 8 58 55 98 65 50 62 18 43 69 63 38 73 16 21 77 61 99 89 55 100 42 68 74 33 32 98 48 57
636 22 285 82 54 7 47 55 68 56 72 11 24 87 100 49 2 72 77 14 70 65 68 70 58 88 5 31 20 81 96 89 78 40 95 76 95 63 31 18 25 6 4 24 6 58 96
637 22 283 82 71 17 98 91 38 56 78 94 38 49 82 18 44 20 7 73 60 1 48 54 63 30 23 87 88 27 63 93 36 10 27 6 26 24 48 64 31 77 9 69 25 90 86
638 22 265 21 10 92 93 45 93 26 59 74 48 46 61 60 6 9 69 32 67 7 66 61 90 43 70 58 19 11 95 39 20 87 84 83 28 17 41 53 65 38 66 90 97 71 51
639 22 230 17 54 69 63 12 34 23 1 28 44 58 47 55 53 37 26 91 72 18 25 99 34 65 4 50 3 40 51 39 42 68 44 10 82 95 56 8 75 21 54 9 79 11 81
640 22 291 96 35 31 82 34 31 54 2 22 4 92 15 23 35 76 4 42 23 12 49 97 11 65 69 16 34 77 46 44 9 94 79 40 75 30 25 57 83 79 31 38 70 45 61
641 22 275 57 73 16 50 95 79 98 91 89 14 59 56 47 87 2 43 96 95 21 87 63 77 84 41 4 33 71 28 1 20 22 31 69 64 20 82 74 27 29 60 28 23 55 22
642 22 225 43 93 94 96 56 71 79 48 29 51 10 84 36 80 63 88 51 84 18 19 47 89 1 20 16 81 32 43 3 38 17 97 31 62 92 38 70 85 13 72 95 48 7 26
643 22 276 11 46 77 46 64 95 45 52 47 64 19 27 14 81 85 82 67 43 68 4 75 89 88 39 13 34 38 19 12 48 17 40 46 80 86 90 83 33 5 2 52 15 92 88
644 22 307 96 68 54 38 88 57 64 76 40 82 92 59 45 91 27 84 36 6 69 77 53 82 41 64 85 7 55 72 74 25 44 13 81 59 28 13 80 61 56 90 5 46 16 88
645 22 258 34 21 9 10 13 61 43 53 76 27 12 82 98 65 8 22 20 54 67 60 31 40 94 86 29 99 45 38 16 17 26 29 59 68 86 95 68 44 61 75 66 69 71 87
646 22 287 6 4 17 45 98 2 25 48 84 69 37 100 38 35 77 18 93 96 3 30 42 99 97 86 60 23 80 17 73 18 74 29 34 18 26 87 22 63 61 73 52 95 49 21
647 22 298 39 97 24 69 38 22 17 23 33 40 25 12 8 50 29 81 78 14 50 55 52 43 79 74 57 91 98 8 86 99 81 76 95 4 96 32 77 13 55 10 4 31 73 11
648 22 277 80 54 43 57 67 92 11 71 86 41 96 43 32 93 2 69 91 82 44 85 37 40 17 14 4 23 75 7 53 99 69 85 52 11 93 71 54 4 41 39 36 81 27 28
649 22 285 83 47 71 16 91 55 53 82 23 18 37 97 44 43 50 42 11 86 46 73 78 16 26 33 56 64 29 43 97 7 22 79 54 92 96 99 77 73 19 65 70 14 7 71
650 22 302 8 69 56 53 93 33 68 18 18 75 33 98 17 29 4 38 59 9 82 5 80 6 32 52 25 96 73 38 54 43 45 74 98 49 66 83 16 35 90 68 97 58 96 52
651 22 265 48 55 61 29 11 16 60 16 63 92 95 36 82 1 78 78 74 28 27 92 10 94 26 61 36 93 9 93 41 12 92 47 24 20 57 40 31 24 39 94 68 85 29 1
652 22 274 85 58 78 11 37 56 2 98 50 27 58 37 72 18 29 12 82 21 5 92 66 96 23 41 86 68 60 71 96 60 7 5 38 17 42 45 18 39 46 97 49 82 68 18
653 22 272 63 31 99 35 40 56 26 57 51 100 49 37 67 9 59 14 68 65 19 57 82 12 2 51 47 47 29 66 20 43 48 70 77 39 25 2 95 28 54 44 16 20 52 74
654 22 274 34 71 38 4 28 71 67 81 22 20 27 20 7 86 93 49 85 62 77 24 39 79 18 18 84 13 33 3 16 58 88 87 47 43 66 70 61 46 91 81 24 10 54 83
655 22 259 47 46 83 32 59 60 7 49 90 24 66 73 89 50 27 4 67 42 6 61 75 22 4 17 54 28 78 7 62 77 52 44 8 62 3 66 11 92 76 16 29 78 43 33
656 22 268 36 61 74 93 21 33 19 42 35 95 15 13 53 28 89 56 72 48 18 26 13 28 70 53 55 85 82 84 79 66 20 39 39 64 60 23 83 53 11 17 77 81 52 5
657 22 273 21 8 76 68 77 53 32 56 22 85 10 59 18 46 89 83 17 80 73 80 39 96 62 43 58 79 42 34 11 94 38 32 53 65 99 29 83 84 91 19 45 1 36 42
658 22 330 90 18 58 69 42 38 59 89 99 1 46 29 95 80 92 88 69 23 86 73 72 3 55 7 45 73 3 98 60 45 87 29 54 7 71 91 65 59 17 5 22 11 36 13
659 22 322 50 56 35 93 41 60 64 95 14 22 40 39 25 37 98 21 75 27 74 81 97 65 7 58 65 11 79 28 92 29 54 78 22 94 37 37 89 3 59 80 83 68 90 55
660 22 217 42 16 28 74 64 44 22 71 1 86 33 80 13 83 23 42 36 52 15 81 89 51 69 91 9 100 83 43 67 72 97 8 40 25 3 68 54 25 21 40 58 100 4 40
661 22 322 74 97 27 25 11 7 65 62 28 55 70 27 89 65 94 61 61 53 37 86 54 57 39 79 77 30 36 28 86 27 1 82 53 25 93 11 90 54 38 96 75 65 91 10
662 22 298 97 52 14 48 40 51 1 96 90 79 24 71 66 51 56 44 51 38 96 28 82 7 69 87 16 13 60 52 4 21 7 35 47 46 85 100 94 26 78 17 49 96 68 56
663 22 294 39 70 45 87 97 26 17 12 40 33 77 52 36 80 24 36 86 58 82 83 95 81 76 72 11 45 20 58 12 28 48 81 72 34 30 98 98 61 70 30 37 73 66 16
664 22 269 96 53 53 54 34 36 67 63 71 29 7 43 38 70 70 85 3 93 84 90 81 3 21 11 39 93 28 7 89 80 11 94 65 46 45 83 61 67 63 19 9 52 41 30
665 22 273 37 43 23 59 26 64 10 6 66 31 68 57 47 63 63 78 73 56 95 71 29 83 67 44 1 27 93 9 83 35 41 12 46 3 70 64 33 89 20 7 36 34 65 6
666 22 248 77 59 28 29 40 62 47 83 15 25 29 7 33 12 42 67 4 53 13 6 74 76 90 63 49 98 80 18 14 37 46 25 17 26 64 78 24 98 92 49 26 99 89 92
667 22 279 93 96 12 50 70 39 40 32 37 88 81 16 57 94 4 54 18 20 32 33 50 55 30 41 3 8 91 36 96 82 35 40 78 98 90 47 88 81 76 20 10 91 28 3
668 22 287 46 81 73 18 64 57 67 19 87 7 21 46 50 8 41 31 94 81 8 43 22 6 30 2 35 5 44 47 99 45 32 23 62 96 79 28 14 17 86 86 55 18 39 35
669 22 244 25 82 8 83 63 61 17 68 33 61 66 84 11 10 15 33 23 62 50 75 28 88 13 41 74 58 95 91 96 81 16 29 88 98 92 48 32 78 76 15 38 30 20 60
670 22 239 91 83 62 18 49 82 2 74 39 49 65 86 29 32 67 69 81 58 16 46 68 100 24 43 14 63 32 95 35 92 38 17 5 7 30 5 88 83 78 78 31 42 15 60
671 22 254 73 81 28 5 38 95 51 57 94 26 52 60 88 83 54 22 26 43 30 49 19 34 2 64 17 32 5 32 91 30 64 70 34 54 65 84 10 10 61 61 21 49 96 75
672 22 295 70 73 69 60 3 18 78 88 57 79 51 74 63 8 5 53 89 20 75 22 73 91 58 83 52 18 95 73 66 42 99 88 15 67 47 69 36 24 8 93 55 59 17 18
673 22 267 22 21 6 41 47 27 66 37 36 100 89 54 46 13 71 88 11 58 54 77 56 22 65 32 29 57 86 39 74 54 26 61 87 73 40 52 61 75 3 49 80 49 13 3
674 22 290 36 23 12 89 52 68 62 16 99 90 24 36 81 97 89 36 95 14 49 33 38 88 37 99 14 39 46 87 48 22 34 59 78 23 76 65 27 11 45 75 51 32 69 17
675 22 299 80 2 54 19 38 4 85 76 3 30 63 14 29 36 99 39 50 88 17 24 39 44 88 18 55 84 92 57 16 61 73 47 62 79 66 51 82 50 26 84 31 40 49 11
676 22 316 28 100 49 77 87 17 77 61 40 94 67 23 86 75 90 98 48 37 11 78 54 61 59 55 38 95 85 78 95 47 5 94 47 33 32 64 61 76 71 6 94 46 43 68
677 22 256 35 40 67 71 50 44 24 10 55 78 48 49 14 77 43 12 33 89 59 65 20 74 32 49 71 38 94 16 80 13 2 20 25 21 75 100 83 29 30 82 29 95 58 72
678 22 264 7 90 60 65 6 31 38 53 63 38 75 100 31 90 95 44 50 26 68 23 1 67 5 81 96 86 10 91 43 81 49 84 92 13 41 74 93 36 39 20 87 69 9 18
679 22 259 15 4 19 41 71 41 93 90 45 73 37 82 82 79 76 14 27 11 57 39 51 31 40 96 66 78 5 98 23 22 13 27 92 53 49 33 97 38 29 69 11 3 38 16
680 22 260 32 49 25 22 99 55 62 94 72 39 8 76 89 83 49 1 61 41 5 61 1 51 53 21 77 15 23 81 91 64 15 86 51 21 97 92 4 20 38 68 29 50 60 85
681 22 273 11 84 37 61 58 37 3 32 69 7 74 33 59 88 70 62 60 68 4 56 13 23 85 51 42 65 52 2 50 62 86 22 73 95 10 76 79 79 34 52 45 92 80 6
682 22 273 51 99 15 54 6 27 28 90 29 70 55 81 23 56 42 7 93 16 32 88 25 7 66 3 92 69 65 36 60 44 11 94 7 16 34 44 89 14 95 94 87 50 88 45
683 22 318 43 3 76 82 79 34 99 82 26 67 46 13 27 42 6 89 35 12 56 86 97 99 75 11 15 21 53 71 95 98 65 49 73 98 28 7 96 61 84 14 58 96 40 99
684 22 276 1 80 86 65 36 71 13 86 97 75 18 83 53 40 77 2 56 78 75 53 5 33 17 16 74 11 25 64 62 80 71 32 92 57 81 67 9 50 89 77 15 96 54 41
685 22 307 10 73 51 26 88 15 52 50 19 76 65 7 37 44 77 20 85 100 6 45 49 6 58 89 34 24 84 88 64 35 75 75 78 76 70 53 41 76 36 5 60 75 89 60
686 22 292 80 86 60 85 95 49 19 18 84 58 33 19 58 20 55 84 46 54 61 73 76 13 65 3 53 1 7 65 75 48 24 7 83 43 27 83 13 96 67 22 37 80 51 91
687 22 229 63 48 97 24 20 24 88 37 26 93 37 33 57 63 32 32 21 64 14 64 42 49 76 89 15 98 68 3 77 70 45 91 17 41 16 54 24 42 46 12 2 27 33 47
688 22 286 72 98 62 13 46 38 53 12 87 20 66 15 41 11 57 57 3 71 96 19 76 20 60 21 83 37 74 9 93 58 8 64 7 69 28 5 58 80 16 96 51 34 10 91
689 22 303 44 67 99 46 89 94 16 64 13 75 36 96 63 9 56 55 18 63 70 24 32 97 28 89 96 85 78 29 46 68 72 64 66 69 4 12 85 19 76 11 54 71 74 14
690 22 271 79 80 31 41 50 55 24 98 82 65 26 29 1 55 57 98 75 80 62 92 65 3 37 84 47 89 72 3 52 33 53 39 95 2 73 11 11 34 10 9 60 41 22 51
691 22 281 41 38 54 29 73 84 76 62 84 99 64 15 50 48 38 54 87 32 8 59 95 86 11 5 71 20 65 30 61 86 33 53 24 86 82 96 21 9 9 56 7 24 70 9
692 22 243 72 59 14 10 91 21 20 37 7 30 93 29 2 58 59 14 95 91 18 70 28 99 66 100 26 55 50 77 73 35 82 77 12 1 13 70 6 98 83 15 56 96 9 98
693 22 358 66 79 25 64 96 76 75 21 31 92 70 7 69 94 93 59 22 27 34 91 9 39 89 43 53 96 91 14 94 56 92 70 71 87 46 45 59 28 88 81 86 56 74 78
694 22 273 67 49 47 88 27 81 79 35 71 19 30 76 14 20 89 59 75 80 81 97 18 78 42 76 5 81 56 90 19 55 66 94 8 98 24 95 68 42 95 8 43 83 69 14
695 22 252 50 65 31 27 58 7 83 91 14 24 79 95 43 33 76 60 78 84 9 2 28 95 1 23 54 95 5 72 15 19 73 31 52 41 59 86 25 10 19 4 93 47 63 70
696 22 260 30 71 23 59 98 18 11 72 71 57 29 94 47 19 53 99 70 93 58 55 75 82 16 83 52 19 27 50 33 49 79 55 89 5 40 51 76 63 7 4 56 29 2 26
697 22 277 34 53 95 78 10 50 53 43 65 87 46 36 14 96 68 62 26 75 84 15 79 24 17 6 86 24 93 4 63 19 37 15 67 76 19 70 31 57 16 66 22 11 85 35
698 22 226 88 59 19 54 37 42 71 43 79 94 4 23 49 18 41 38 33 6 60 71 74 30 1 30 45 18 7 3 38 94 61 56 48 50 18 44 63 99 2 11 16 94 51 3
699 22 240 60 22 28 89 74 58 85 92 13 91 46 50 36 58 58 83 7 58 52 2 37 66 90 77 16 83 15 34 31 74 14 80 67 98 23 79 40 68 81 76 78 38 10 36
700 22 300 47 62 38 35 27 89 24 55 4 7 83 71 92 65 96 98 74 10 77 93 7 52 23 47 71 3 48 92 84 39 73 73 75 61 97 81 17 55 15 87 46 79 82 95
701 22 240 5 91 71 97 50 22 19 48 93 22 21 92 65 55 27 3 3 99 28 77 12 76 57 28 82 72 66 79 2 47 73 6 90 43 91 17 61 46 10 52 16 79 18 29
702 22 272 92 94 40 19 3 19 74 84 78 27 83 2 33 24 96 86 14 12 10 3 24 55 64 28 65 31 6 29 1 86 72 94 42 48 48 93 73 32 22 100 66 23 84 41
703 22 325 18 69 54 30 79 8 5 85 23 32 49 5 89 29 75 52 51 52 93 98 99 37 71 82 58 22 80 5 39 98 25 44 55 3 83 40 77 15 88 82 3 69 86 29
704 22 258 72 36 32 17 86 83 53 56 16 11 29 15 90 33 5 87 57 1 17 12 3 100 51 32 66 90 13 20 10 50 49 82 98 23 14 50 30 30 60 58 96 50 88 46
705 22 256 5 9 55 56 11 86 73 1 50 92 62 99 92 43 84 24 58 37 42 87 18 53 44 13 54 33 65 42 31 16 98 91 22 5 2 7 77 2 8 68 15 7 60 58
706 22 262 42 35 49 100 71 42 86 41 95 30 53 48 14 69 41 44 85 38 35 6 36 65 18 89 72 38 55 30 12 72 83 13 5 54 8 45 48 37 50 48 3 18 88 46
707 22 270 2 78 32 60 19 19 24 89 59 47 78 14 77 26 48 8 89 70 64 95 9 42 66 58 41 20 27 29 65 29 6 49 40 76 63 64 93 43 37 18 84 77 60 5
708 22 254 41 54 34 1 47 51 10 88 70 36 16 86 73 86 55 48 5 17 64 34 78 56 76 66 26 46 2 2 57 6 42 10 91 42 51 96 87 63 48 54 35 33 9 34
709 22 285 37 77 97 70 54 5 20 30 95 73 31 51 78 25 13 69 18 69 61 69 64 71 7 26 60 12 50 20 45 39 94 60 2 98 57 73 79 3 53 23 85 65 43 3
710 22 242 85 3 23 100 25 81 77 94 92 88 96 12 34 8 78 93 9 27 1 82 57 3 26 17 8 100 2 24 42 56 61 97 12 73 10 89 67 1 28 62 64 95 71 41
711 22 241 39 32 19 92 13 75 46 90 44 53 90 97 29 83 52 41 31 81 4 90 92 70 42 72 6 35 77 76 28 67 7 46 58 71 73 4 61 68 8 2 64 36 84 15
712 22 240 28 15 47 32 18 36 23 39 29 94 21 34 97 62 56 63 20 53 73 91 77 76 3 44 83 4 7 71 39 73 98 5 19 29 74 6 4 12 35 97 32 68 80 81
713 22 275 84 95 1 37 67 43 65 42 97 9 24 52 94 90 40 44 47 58 20 64 27 32 98 76 15 17 52 95 50 88 89 2 7 44 48 92 23 43 69 32 6 12 78 15
714 22 336 87 50 78 14 33 27 41 47 96 44 93 45 31 33 98 6 39 93 46 38 84 45 61 26 11 29 9 68 92 39 83 78 88 60 43 72 35 18 86 79 63 30 47 79
715 22 253 67 38 71 12 75 54 8 35 79 19 15 39 86 6 77 68 36 64 80 30 87 70 65 5 55 43 19 36 3 17 14 69 54 84 32 29 37 40 10 82 5 47 39 82
716 22 315 67 74 97 98 4 84 68 40 73 62 10 8 64 26 85 80 56 16 60 44 7 26 62 16 59 66 15 98 99 81 23 48 78 78 83 96 74 68 58 83 27 74 91 54
717 22 331 25 2 49 32 80 10 99 38 27 13 87 78 45 10 74 87 59 69 84 32 88 93 66 14 77 12 23 68 17 48 69 65 31 100 26 29 38 53 94 24 82 90 85 6
718 22 268 64 72 16 84 7 47 72 51 37 17 40 49 91 7 65 90 28 82 20 27 59 1 63 46 92 44 35 76 1 50 99 16 34 5 14 57 8 77 93 24 69 93 66 75
719 22 277 10 56 54 91 27 33 49 79 64 24 91 7 11 67 8 60 65 75 45 22 89 53 29 65 46 4 33 90 69 60 99 76 3 49 90 81 53 57 39 11 67 5 70 78
720 22 262 22 45 75 43 33 27 23 49 24 26 82 14 46 93 12 22 9 53 76 58 94 56 6 98 96 8 30 1 78 60 34 16 54 12 38 2 36 15 35 49 60 79 88 64
721 22 300 8 97 57 16 54 54 79 49 14 9 1 91 68 74 64 53 89 17 78 70 99 92 4 87 63 88 26 26 96 22 35 11 75 40 76 53 49 76 95 68 50 58 20 90
722 22 269 26 84 20 48 34 63 56 85 66 42 47 54 68 24 1 41 10 11 2 51 43 6 70 1 67 71 39 61 88 74 80 35 7 42 90 43 60 83 89 65 50 65 65 43
723 22 310 74 27 10 27 29 4 33 80 73 33 99 44 94 37 56 81 87 67 68 80 8 11 39 43 51 55 92 67 19 34 93 97 95 19 26 98 5 71 35 55 66 81 91 73
724 22 231 13 52 59 80 20 38 39 82 29 81 84 83 25 51 54 10 95 50 5 13 27 54 16 84 76 50 38 41 30 81 43 32 23 74 3 61 64 36 89 45 71 69 22 24
725 22 275 30 16 26 86 80 52 40 95 87 15 97 25 8 78 5 20 72 88 43 45 91 55 61 26 65 25 70 41 6 37 66 92 17 69 31 63 56 45 11 32 52 89 88 24
726 22 323 60 75 18 57 17 72 95 66 73 43 30 49 13 70 54 1 87 45 69 56 75 32 63 72 42 94 82 33 98 42 7 67 50 76 38 66 70 3 90 12 85 38 76 54
727 22 227 91 77 93 88 45 100 14 28 62 85 70 7 12 51 39 61 44 97 28 93 72 65 10 93 20 51 57 4 88 32 9 31 8 1 18 5 83 32 13 20 1 71 31 4
728 22 283 9 91 99 58 18 44 81 35 53 74 54 4 82 9 43 13 17 25 73 70 94 77 21 77 8 34 96 61 56 26 16 65 68 14 74 86 57 6 72 62 31 77 12 85
729 22 282 59 25 53 84 97 74 77 73 95 5 32 80 92 35 51 45 73 76 82 81 42 12 29 10 24 65 69 48 17 4 96 91 20 37 37 51 68 88 2 65 5 5 9 77
730 22 242 80 90 10 61 42 3 73 22 13 48 86 81 47 54 36 42 96 19 61 32 55 63 51 43 9 53 7 14 57 67 88 56 49 49 6 73 22 18 20 7 50 66 12 85
731 22 222 59 8 3 19 91 10 33 42 4 94 46 62 54 28 41 35 89 35 8 13 56 77 32 14 26 49 25 62 7 84 64 77 75 25 10 68 80 55 13 41 66 20 6 6
732 22 264 18 47 40 77 59 47 53 43 60 78 91 37 39 98 20 55 74 46 31 35 13 11 89 77 51 53 42 23 17 100 28 86 98 68 63 56 14 15 50 26 45 41 62 83
733 22 284 90 81 89 63 27 20 50 91 82 90 68 32 43 61 6 11 12 34 96 9 53 10 17 18 77 66 21 58 56 55 47 89 62 67 15 63 57 96 52 76 79 46 37 37
734 22 299 56 100 70 4 9 74 65 77 91 41 42 86 13 52 93 20 98 81 15 11 47 81 73 56 28 25 31 58 22 19 94 30 19 63 85 79 88 49 55 31 48 68 54 99
735 22 289 60 73 49 93 87 11 39 67 84 46 46 60 77 4 81 47 97 10 17 12 94 95 99 95 1 29 36 1 48 89 51 8 14 99 10 90 19 45 64 4 67 84 16 46
736 22 275 27 27 91 73 25 85 26 6 20 26 53 61 76 12 74 75 63 73 36 53 43 80 88 59 35 3 77 70 12 92 15 90 18 58 95 42 40 52 62 65 56 22 68 95
737 22 297 66 82 19 53 34 14 84 73 72 18 75 100 88 39 92 54 80 61 11 94 7 53 33 58 49 66 39 41 85 85 58 66 55 63 52 68 46 24 91 64 51 43 3 41
738 22 311 34 56 20 46 67 66 53 71 50 62 88 99 27 26 91 11 62 100 77 16 80 36 8 3 78 23 5 20 25 97 69 3 98 34 55 20 83 68 7 33 95 84 75 57
739 22 293 45 75 85 13 36 64 43 19 77 17 23 49 41 72 53 73 40 55 22 25 61 42 59 81 92 27 84 18 83 80 68 92 28 83 91 22 1 20 39 76 31 47 72 3
740 22 264 38 79 77 62 91 18 20 71 17 63 97 52 81 32 32 72 99 75 51 33 18 25 34 37 15 9 4 97 7 75 52 44 5 28 96 97 76 66 65 39 63 17 19 46
741 22 273 42 44 26 45 76 43 21 61 79 87 69 34 83 27 61 34 22 65 13 26 60 9 54 78 74 92 92 42 62 37 41 55 32 66 51 7 9 71 20 39 40 73 67 85
742 22 295 77 88 49 90 66 61 50 19 38 23 62 29 64 75 65 56 29 96 74 80 54 34 2 73 72 11 96 54 31 32 82 70 81 71 35 93 73 5 30 95 10 11 40 26
743 22 238 18 21 73 91 52 26 24 5 51 48 67 15 43 20 97 75 2 66 7 24 53 51 96 57 80 43 75 41 5 66 66 22 38 90 13 89 36 46 17 35 12 83 30 32
744 22 203 31 56 85 49 62 60 1 64 8 9 43 2 83 35 6 1 52 27 38 41 39 79 7 27 24 76 61 35 10 90 18 41 45 54 41 58 14 41 21 73 49 15 74 84
745 22 251 1 79 36 52 57 25 44 96 3 51 74 26 78 86 13 87 28 30 79 24 19 34 11 6 73 12 46 47 76 82 77 32 6 20 61 22 4 38 99 42 50 38 69 32
746 22 302 68 44 67 39 29 67 49 35 91 60 7 88 58 31 63 91 46 97 79 25 9 100 28 46 51 21 48 88 89 79 85 97 45 13 15 94 99 5 5 57 92 15 88 6
747 22 219 5 46 51 53 24 27 61 76 7 7 26 27 54 65 68 84 71 52 32 68 16 46 13 15 2 17 23 45 83 10 50 88 56 100 40 31 79 1 6 85 11 12 99 78
748 22 327 47 22 81 78 89 97 23 1 63 76 69 85 20 52 39 54 30 84 98 30 42 34 88 76 45 51 75 74 97 96 55 74 36 3 48 88 17 23 56 53 94 59 99 14
749 22 240 49 4 34 79 40 83 60 81 17 100 8 13 50 82 86 47 29 40 72 16 94 72 3 10 11 63 69 13 53 70 48 56 21 59 88 89 58 95 38 6 9 30 25 23
750 22 283 79 85 46 89 99 85 58 11 37 79 75 78 34 47 36 73 87 46 20 39 5 100 76 62 60 57 90 84 80 42 15 16 3 14 23 12 24 11 85 67 88 83 13 69
751 22 330 48 32 7 4 83 83 65 42 91 54 78 70 95 92 37 33 94 50 6 26 18 47 80 54 14 19 68 31 57 67 64 70 96 98 34 90 88 39 67 10 86 10 46 18
752 22 309 3 96 77 60 73 94 59 52 99 72 70 87 91 53 44 57 66 7 78 14 4 63 55 43 1 21 52 86 30 98 56 84 45 32 96 17 54 20 75 77 41 14 67 93
753 22 246 57 75 11 63 4 76 18 66 30 60 66 2 12 4 31 61 59 66 5 42 13 73 92 44 94 84 60 77 86 39 27 89 14 44 54 43 56 72 44 19 75 26 79 33
754 22 276 43 35 74 56 7 43 73 50 86 67 85 95 78 61 64 99 4 64 81 10 58 36 1 54 55 78 84 39 18 64 28 76 6 52 77 43 62 37 96 74 11 25 14 88
755 22 281 61 75 46 49 55 98 54 61 28 38 99 100 7 62 27 83 19 78 59 62 48 72 98 95 45 5 70 77 57 90 38 51 52 91 12 79 80 10 78 87 24 56 69 42
756 22 282 85 79 55 32 51 5 78 96 49 82 17 26 4 73 15 100 27 4 50 30 46 61 60 26 23 37 12 98 44 32 91 28 62 46 89 59 75 27 93 77 96 26 7 94
757 22 278 39 66 19 13 54 82 10 49 65 100 28 26 97 91 90 98 80 48 48 54 75 26 31 74 59 3 66 36 9 11 74 26 29 86 62 47 79 78 47 58 4 95 49 45
758 22 239 93 28 44 92 33 18 17 15 43 87 73 45 5 8 15 34 82 96 19 64 9 18 94 87 16 52 90 10 34 2 79 77 45 11 47 62 25 41 49 86 4 56 42 71
759 22 323 89 76 66 60 39 74 77 33 60 92 84 1 1 35 86 55 13 15 99 75 12 51 53 12 90 67 6 32 95 59 54 6 97 80 34 81 91 25 16 92 50 29 83 62
760 22 249 43 82 36 55 45 38 60 8 49 75 42 32 63 88 90 69 39 48 78 19 38 54 35 81 30 36 10 13 98 4 46 85 11 90 23 70 70 24 3 2 6 86 81 5
761 22 287 15 52 95 68 38 27 98 73 88 62 22 92 7 59 54 96 33 75 93 42 44 68 97 97 6 38 40 63 76 72 68 90 23 14 58 12 85 28 71 74 16 76 21 48
762 22 294 50 66 90 45 33 38 42 38 75 33 53 2 4 20 92 79 85 1 24 7 26 3 84 25 51 99 71 99 1 36 88 46 21 77 39 10 62 53 74 33 96 4 17 48
763 22 291 46 93 54 71 47 31 6 72 81 57 23 51 55 24 39 94 69 11 70 59 20 72 29 82 76 54 66 71 58 83 3 75 75 25 21 5 83 44 85 39 67 88 93 90
764 22 249 78 38 10 88 7 68 59 78 48 92 6 1 58 28 40 98 12 66 72 89 38 77 71 82 13 9 53 41 77 90 50 16 69 75 16 66 82 68 23 10 26 14 89 31
765 22 282 78 77 69 6 99 2 19 59 1 70 11 41 52 42 14 51 62 40 28 29 6 61 96 80 70 73 46 28 76 58 90 44 63 89 97 33 47 97 3 10 89 1 13 82
766 22 316 66 64 43 6 91 71 63 3 67 42 73 39 87 52 52 15 9 42 10 24 82 7 56 80 55 10 41 96 54 77 76 17 20 33 59 42 95 61 8 36 85 99 75 37
767 22 301 50 89 97 43 98 20 76 56 28 8 11 37 48 6 47 53 34 74 21 53 6 79 95 52 92 54 39 76 52 13 64 2 53 61 96 3 32 72 10 59 79 20 78 77
768 22 256 94 31 11 19 51 15 24 82 61 27 73 15 65 100 66 30 16 19 82 28 15 36 59 38 46 70 17 65 45 94 10 75 56 28 26 70 3 59 83 29 31 97 93 82
769 22 247 14 74 97 85 56 24 51 43 35 88 40 4 55 57 20 99 2 29 74 57 8 51 78 62 9 12 90 91 34 72 21 58 15 44 57 30 95 49 33 1 5 4 99 6
770 22 253 84 24 14 91 26 43 52 34 55 93 76 14 27 48 87 86 68 44 63 3 8 93 49 56 77 49 12 81 69 64 23 82 7 49 58 34 83 3 10 96 29 9 35 66
771 22 279 28 30 65 42 33 24 86 81 32 63 82 43 95 81 12 58 3 45 16 3 73 26 89 55 50 3 56 10 37 73 66 37 30 50 83 43 64 38 24 96 49 33 45 1
772 22 261 53 18 26 93 24 53 42 26 60 51 62 32 39 80 68 20 81 31 87 63 16 78 63 91 73 63 76 23 7 76 27 76 1 19 12 25 43 52 70 62 71 50 44 58
773 22 306 65 69 25 42 31 68 67 45 43 89 52 70 15 79 70 85 78 74 96 55 37 9 45 79 60 66 92 82 35 91 56 16 73 86 83 91 77 79 34 46 12 67 81 42
774 22 257 40 76 48 76 36 92 6 47 57 97 28 23 83 71 38 38 78 76 20 20 58 48 98 91 93 94 54 59 74 47 1 94 25 88 37 30 34 45 13 20 60 83 50 20
775 22 278 54 25 91 73 82 38 22 24 67 29 92 40 28 41 21 65 79 10 94 64 6 71 76 25 83 11 1 84 30 54 8 73 78 41 62 99 16 44 65 96 35 56 23 76
776 22 300 99 96 92 77 5 86 40 62 8 68 87 42 78 39 25 59 93 84 83 70 76 45 21 91 85 39 26 93 61 1 91 56 45 20 12 82 59 74 41 78 7 50 66 94
777 22 229 43 48 16 70 44 36 61 83 72 51 9 64 11 61 7 19 5 26 30 86 36 55 27 14 66 61 20 68 19 37 13 37 76 83 80 63 95 63 87 45 71 2 31 8
778 22 254 25 88 33 55 69 61 3 34 27 63 5 94 34 42 6 46 78 34 80 57 48 74 71 34 70 41 36 77 24 43 1 63 28 7 87 96 68 90 81 46 52 85 91 37
779 22 297 26 48 83 55 81 14 64 29 88 34 14 9 27 49 85 2 44 38 71 96 50 18 15 91 98 60 95 34 2 31 60 50 65 66 30 79 10 18 24 26 93 24 63 94
780 22 269 67 100 9 89 47 10 6 62 1 55 73 95 89 75 77 100 24 42 17 5 72 98 15 89 64 90 14 56 65 76 84 27 74 70 30 87 70 36 59 16 76 33 45 75
781 22 232 56 86 44 13 57 41 79 45 4 68 10 11 84 38 11 67 16 71 39 89 40 20 75 62 55 86 29 31 18 73 26 10 38 66 62 95 35 24 5 18 61 67 85 28
782 22 346 37 75 69 29 94 95 42 100 80 70 30 98 95 39 75 4 38 12 22 30 79 83 76 65 58 81 82 70 99 18 98 36 44 66 16 89 60 57 89 40 78 70 24 8
783 22 249 63 80 98 26 1 27 4 35 2 68 93 34 14 33 71 11 20 14 28 87 3 88 95 43 79 24 12 67 48 72 29 27 69 54 47 9 13 100 57 86 80 71 70 50
784 22 232 81 41 16 9 27 70 48 21 12 26 96 75 44 43 46 72 21 66 77 99 37 12 64 64 20 49 43 90 18 45 23 58 60 83 36 81 30 8 7 3 50 46 73 66
785 22 255 33 1 65 97 37 28 60 52 47 8 94 89 77 90 11 86 1 93 21 81 74 28 24 80 30 42 29 27 9 53 45 41 53 61 89 89 88 48 92 86 7 37 35 27
786 22 268 36 20 27 28 40 8 53 19 83 32 1 76 12 27 84 64 23 77 68 83 65 8 22 65 99 60 71 36 33 6 62 21 25 40 48 17 87 82 57 96 66 93 11 88
787 22 255 69 79 23 85 38 44 49 37 55 72 72 88 77 85 8 53 76 7 21 75 59 8 43 46 64 90 63 8 52 3 28 82 25 13 20 20 13 56 75 84 79 14 12 15
788 22 281 73 17 90 31 37 64 96 71 84 94 87 25 56 94 28 10 22 10 34 86 29 6 98 84 32 34 14 45 45 28 69 61 17 99 50 33 40 97 55 75 41 99 27 7
789 22 354 60 88 93 45 16 98 94 51 29 27 64 25 72 91 84 59 91 33 43 83 30 98 57 71 90 8 68 76 86 27 87 73 19 31 88 68 25 90 96 3 53 72 74 95
790 22 276 64 58 5 6 42 48 40 71 45 97 94 86 56 61 14 41 39 100 65 57 83 52 24 59 93 71 61 45 87 91 57 44 95 15 37 42 54 8 38 50 1 24 13 37
791 22 276 97 52 36 61 60 18 64 36 28 56 58 89 52 100 75 42 8 70 89 22 6 30 13 68 29 65 43 86 30 79 82 33 66 95 92 36 10 79 63 66 37 51 69 88
792 22 290 77 63 95 46 51 69 52 80 96 16 99 24 33 41 9 62 19 43 46 37 37 89 72 46 68 34 63 4 32 91 13 94 59 96 5 10 75 52 74 76 66 36 22 85
793 22 264 78 67 73 66 56 44 64 23 29 26 65 9 20 30 54 8 88 49 49 76 16 25 1 43 86 66 79 7 2 8 74 74 26 29 17 89 3 98 66 32 62 75 51 43
794 22 288 80 10 30 29 74 30 56 90 7 56 84 92 21 14 98 23 22 23 48 47 51 65 87 5 14 52 88 27 26 90 70 58 38 73 81 93 20 11 27 42 50 42 82 52
795 22 329 6 20 9 71 72 96 97 49 86 66 37 17 43 9 87 75 35 34 64 54 34 42 47 70 88 3 45 23 55 15 94 2 29 100 75 45 84 93 81 58 79 66 71 66
796 22 282 36 18 35 30 57 90 76 54 12 30 20 57 32 83 50 70 64 1 45 60 95 80 53 27 89 83 92 21 77 63 86 64 73 93 40 62 21 93 13 81 33 47 30 55
797 22 284 10 31 51 70 77 82 74 3 70 8 94 90 84 8 27 99 39 99 44 79 60 64 23 84 65 87 64 98 34 46 4 95 76 54 35 89 6 56 97 51 45 32 59 23
798 22 244 83 97 22 26 27 33 41 2 17 5 88 32 54 73 29 57 68 56 62 83 59 96 24 64 3 20 15 99 73 22 85 21 43 62 75 54 1 43 40 27 12 13 55 21
799 22 316 32 11 82 66 69 30 89 33 60 99 83 15 23 4 51 95 46 13 72 66 98 15 76 38 93 40 2 47 85 57 50 26 74 91 10 58 40 16 34 43 67 28 31 74
800 22 287 63 48 71 29 24 60 21 63 61 68 74 97 76 18 47 53 92 89 62 1 90 73 40 58 6 34 34 25 59 87 53 81 16 28 41 88 55 15 50 31 33 48 83 76
801 22 258 36 97 76 77 21 67 34 27 52 9 12 76 14 22 19 2 29 46 42 17 88 47 23 2 96 5 86 43 40 13 30 88 58 8 6 92 57 52 49 84 66 70 98 36
802 22 307 24 26 81 17 94 68 63 69 22 10 25 59 4 64 72 33 51 11 91 59 69 34 96 25 85 45 9 2 66 6 37 89 83 70 58 29 89 20 49 10 30 73 33 37
803 22 245 92 18 39 2 60 97 70 93 45 47 29 41 7 31 6 64 19 47 98 40 4 26 23 26 38 4 99 58 89 87 49 6 25 3 17 74 24 9 18 22 58 28 71 15
804 22 241 43 90 61 41 29 64 18 9 39 44 47 94 42 56 82 80 5 39 4 59 55 77 15 94 3 83 74 18 26 15 78 66 96 94 83 4 32 78 2 25 71 58 59 50
805 22 286 14 97 54 72 4 30 5 18 76 8 73 30 91 99 47 16 65 77 33 12 70 15 16 53 45 69 77 15 78 35 43 84 18 66 87 99 71 56 26 30 81 56 72 79
806 22 255 54 39 95 82 71 7 51 38 74 3 82 42 32 96 72 18 12 14 53 81 80 39 2 47 57 83 27 64 55 57 18 93 16 57 30 56 86 24 39 33 9 45 8 61
807 22 246 25 39 56 92 46 13 75 24 28 29 80 97 73 30 48 88 39 49 92 68 29 91 95 62 37 55 6 45 15 82 35 14 38 79 11 2 53 34 33 65 26 5 47 25
808 22 273 45 85 73 88 52 80 17 95 26 78 31 80 35 27 95 68 62 60 57 92 71 10 44 56 39 76 16 32 19 40 76 3 64 64 54 95 32 100 21 61 94 14 70 6
809 22 274 71 61 76 80 56 83 70 31 55 37 63 73 28 90 27 91 53 33 86 36 32 58 96 62 57 90 3 56 40 8 26 53 35 57 8 17 91 24 48 91 42 27 33 47
810 22 333 59 70 82 90 27 78 52 36 19 74 38 74 65 97 51 17 31 8 77 99 34 67 74 48 90 12 23 10 58 44 92 47 71 21 50 58 91 23 95 17 88 91 67 56
811 22 296 73 74 32 71 59 98 97 59 68 70 48 80 69 22 89 26 66 32 72 88 4 74 45 95 96 91 11 35 33 29 91 5 3 22 27 13 20 23 71 87 92 71 18 60
812 22 255 92 59 37 9 90 61 48 46 34 44 81 34 2 16 66 30 6 22 84 27 1 49 98 23 19 37 67 89 54 78 33 12 15 41 27 89 51 60 32 42 40 18 43 55
813 22 277 35 24 12 9 60 39 9 8 88 83 78 24 49 67 79 99 41 45 91 46 71 31 96 82 15 37 21 32 31 28 66 55 39 26 29 34 73 17 17 50 40 17 68 17
814 22 193 47 18 10 91 9 55 13 91 51 94 5 87 67 36 70 94 54 76 84 79 41 13 65 65 29 33 14 68 49 34 37 48 46 38 11 52 3 2 2 96 6 41 62 94
815 22 258 10 7 99 37 91 29 77 55 93 41 83 25 6 2 26 39 90 73 42 87 62 4 39 64 5 92 12 63 32 25 8 93 81 74 34 57 28 27 49 62 3 55 63 80
816 22 270 45 53 52 38 91 66 42 29 29 46 21 40 60 4 65 67 49 48 24 29 58 38 36 86 61 38 40 75 18 37 79 21 74 70 86 15 98 67 13 70 26 74 14 54
817 22 280 93 23 91 44 58 29 4 48 20 31 17 56 9 37 30 78 75 96 28 93 8 49 50 32 74 24 99 96 39 5 41 62 95 84 71 75 40 70 70 86 78 75 31 8
818 22 300 1 27 87 93 86 35 42 69 9 17 59 65 33 63 5 46 10 40 68 84 79 38 78 48 75 80 49 10 37 1 88 23 93 26 57 87 94 17 3 88 76 19 72 90
819 22 289 23 17 99 15 84 35 93 73 12 93 48 43 22 96 5 58 97 92 80 41 69 88 27 63 82 2 32 100 73 21 75 41 20 89 24 54 33 97 17 25 96 60 46 91
820 22 242 16 3 39 59 34 32 28 22 58 42 26 91 43 9 91 67 29 17 7 100 5 30 53 37 78 22 14 73 33 11 48 14 6 6 99 37 20 47 97 37 68 5 79 34
821 22 272 34 95 92 33 51 22 38 40 11 53 76 43 15 43 90 28 48 47 79 37 32 98 83 57 95 71 25 51 50 10 36 44 2 69 47 75 58 86 77 68 4 10 46 51
822 22 248 84 46 97 14 82 80 11 16 37 57 86 13 60 35 22 95 31 75 15 77 1 72 14 30 91 55 33 52 10 79 54 45 24 51 58 57 21 72 18 29 57 30 88 92
823 22 257 4 83 74 30 97 2 31 21 67 60 11 21 44 15 82 22 68 79 70 36 53 52 8 76 69 37 33 99 24 76 54 58 49 83 7 2 65 27 76 89 40 20 3 21
824 22 329 41 71 99 90 92 87 94 43 70 12 82 2 62 58 29 67 15 29 49 21 30 14 97 41 88 88 60 42 8 53 64 59 42 56 45 35 98 90 56 61 24 57 74 81
825 22 277 37 40 95 65 41 68 46 6 66 94 53 81 6 47 89 58 10 99 51 65 85 63 84 41 75 7 49 49 39 38 88 34 2 80 1 100 18 93 31 71 74 36 69 14
826 22 243 45 78 64 95 43 58 31 57 93 23 52 72 90 61 71 75 14 50 75 13 35 45 6 65 15 31 44 96 12 7 54 16 20 62 8 43 59 66 1 78 91 95 50 4
827 22 295 81 94 9 45 60 91 48 94 34 43 57 92 84 11 59 55 24 66 49 68 77 66 43 77 87 51 33 52 37 13 97 97 8 87 56 53 72 50 10 15 85 72 73 40
828 22 285 95 38 40 63 66 6 5 42 48 43 93 33 28 96 69 40 17 49 3 56 53 74 6 62 90 33 12 81 79 2 21 41 67 78 97 61 25 92 58 19 78 10 92 95
829 22 285 10 44 49 66 96 75 23 9 14 64 93 26 45 71 79 17 64 97 94 60 57 70 3 61 21 61 83 4 92 47 51 57 25 31 54 39 95 46 16 91 17 94 59 32
830 22 306 90 52 91 99 73 46 59 52 18 71 60 100 27 62 92 25 64 100 19 89 31 24 79 77 70 94 38 39 77 69 80 80 11 30 52 56 89 55 74 11 14 25 16 14
831 22 289 91 16 84 79 98 7 57 74 76 2 92 65 20 33 23 99 96 53 2 51 93 57 3 22 1 92 49 68 39 83 40 69 32 46 77 5 74 78 48 38 21 67 43 17
832 22 332 18 47 19 68 39 27 96 94 48 48 85 96 15 93 34 98 32 2 81 29 78 86 54 7 92 79 4 66 74 20 83 20 90 2 59 16 97 52 64 44 88 11 80 97
833 22 335 8 63 50 88 91 80 25 97 38 62 40 17 65 5 90 36 87 9 78 88 19 93 85 70 80 57 71 90 88 67 97 50 68 37 93 47 61 89 22 28 53 38 32 42
834 22 280 74 70 2 3 57 21 47 93 90 55 73 99 77 14 86 43 11 88 62 47 32 9 59 72 45 81 51 97 70 82 38 43 3 39 97 59 44 52 1 98 76 51 26 89
835 22 276 88 20 51 27 81 49 58 89 8 29 33 88 79 29 57 12 18 52 14 9 48 25 19 43 28 71 92 55 73 17 43 61 36 46 87 17 94 45 1 25 42 40 56 70
836 22 224 49 67 40 52 33 48 51 57 18 94 84 41 85 38 13 54 32 73 89 77 12 57 23 8 14 75 7 67 39 28 15 6 67 18 38 66 20 94 29 76 50 66 88 3
837 22 285 49 13 43 78 76 52 83 17 26 66 23 92 5 50 58 62 17 75 51 34 47 44 11 24 44 60 41 32 14 89 96 9 66 71 60 17 95 70 50 86 99 44 87 15
838 22 261 70 37 49 16 32 17 27 7 13 38 47 44 4 88 91 12 5 61 23 74 65 50 68 86 99 53 64 97 48 50 39 64 37 22 63 81 44 53 56 66 29 19 71 89
839 22 259 93 44 5 42 63 91 92 15 54 40 15 55 3 84 45 18 20 19 2 35 51 45 39 29 36 46 95 64 64 17 8 60 61 1 22 3 88 56 83 54 38 37 59 55
840 22 278 9 29 56 95 79 53 33 8 40 78 2 55 93 18 59 100 29 72 52 2 74 43 41 82 77 95 44 14 83 54 69 91 76 37 13 80 20 71 98 73 26 90 42 36
841 22 279 89 22 7 92 23 81 34 64 62 11 10 57 76 92 44 35 72 71 57 3 92 76 74 89 1 99 79 42 86 19 64 93 11 38 25 96 53 38 58 62 94 34 6 55
842 22 291 29 40 99 52 62 7 55 5 34 80 94 34 78 24 28 15 42 43 7 4 80 83 52 33 20 9 46 13 3 20 75 94 70 26 56 76 60 9 59 5 95 88 22 3
843 22 275 22 64 61 77 95 44 28 79 63 89 25 28 34 27 47 8 21 68 43 13 39 3 24 44 97 63 23 70 65 44 85 78 80 21 58 35 88 34 62 22 13 60 29 33
844 22 326 27 14 12 21 79 50 76 2 45 72 64 68 94 81 63 78 58 35 57 30 35 67 74 100 78 47 89 28 96 68 41 7 88 19 9 63 72 53 87 88 32 20 29 69
845 22 285 18 58 55 84 73 81 35 2 27 99 91 6 94 10 99 53 49 69 61 64 41 65 50 28 37 33 71 41 10 84 98 45 8 78 80 10 56 78 52 62 23 61 12 75
846 22 294 61 80 87 24 20 52 25 99 88 57 97 10 98 23 52 59 58 49 4 18 26 35 27 34 64 30 95 86 42 6 13 2 37 99 57 50 50 7 89 7 56 98 30 2
847 22 284 14 40 50 69 57 28 3 35 61 18 64 7 4 57 16 10 66 35 8 16 37 67 95 74 54 2 7 67 94 8 88 50 87 90 84 47 99 5 63 55 20 30 65 20
848 22 256 95 51 79 62 39 97 18 85 70 71 38 25 29 57 36 44 68 23 33 3 21 92 2 26 6 8 97 35 24 68 82 27 47 43 17 43 60 54 65 82 91 89 10 47
849 22 245 6 46 90 25 68 75 28 40 18 81 17 76 40 14 10 16 81 43 94 79 86 10 74 97 15 38 79 6 26 40 4 83 85 46 8 4 72 87 44 41 19 60 16 58
850 22 266 25 78 6 20 18 84 57 80 54 94 46 32 51 71 71 55 8 52 13 63 75 51 58 15 69 70 31 78 94 8 55 99 79 72 35 36 43 89 45 89 72 47 59 94
851 22 238 1 16 4 80 64 78 30 73 93 50 42 75 80 36 34 34 86 12 5 20 47 8 63 35 3 6 50 13 29 52 6 8 67 36 38 40 39 81 54 18 68 87 51 54
852 22 279 98 8 25 97 15 87 31 18 89 89 19 2 40 21 30 91 79 89 10 66 26 1 45 65 81 50 34 1 36 85 54 85 92 78 58 17 64 27 57 52 43 18 91 85
853 22 264 48 80 94 13 57 94 9 73 27 58 7 27 45 91 32 81 34 61 14 91 77 77 69 34 80 65 43 74 82 34 58 81 65 4 21 49 53 94 62 100 42 36 39 75
854 22 254 97 52 17 73 80 37 58 59 1 53 32 35 38 41 15 2 44 60 22 93 64 15 19 26 66 24 83 7 11 73 33 7 24 1 55 37 41 65 90 93 96 24 30 89
855 22 269 38 83 32 49 5 76 13 71 47 90 89 22 24 95 97 80 39 72 22 27 69 62 91 58 7 39 33 88 27 70 71 10 83 97 84 24 37 5 88 95 63 78 19 46
856 22 273 99 45 14 13 87 23 19 77 55 6 77 76 17 47 2 54 81 51 89 4 39 45 22 32 97 36 10 15 82 60 11 47 72 49 90 26 28 48 80 4 23 96 1 82
857 22 257 79 89 37 17 33 39 39 65 87 26 26 53 7 85 15 54 57 63 75 98 40 2 45 72 58 20 19 59 96 20 93 26 8 29 42 93 32 9 10 34 61 16 70 27
858 22 237 21 26 42 95 76 81 49 20 52 58 39 71 16 86 60 11 1 41 5 93 59 88 53 68 97 86 80 65 56 7 85 33 48 32 8 80 32 89 18 54 4 56 47 16
859 22 294 18 47 56 22 92 66 62 44 33 10 82 65 74 89 71 59 73 70 42 81 49 73 12 32 61 81 37 16 36 83 31 54 86 27 4 40 68 88 50 49 52 23 89 22
860 22 328 33 62 91 26 94 92 98 5 23 58 85 60 74 73 56 78 75 42 4 99 45 44 67 32 93 15 36 67 57 52 17 100 77 10 43 75 14 65 84 50 76 57 70 65
861 22 259 51 44 6 55 43 2 50 61 85 94 27 20 12 82 29 63 98 80 92 7 22 18 72 86 1 74 14 10 47 83 74 98 78 31 4 20 84 5 80 68 59 40 9 40
862 22 304 68 24 38 99 67 96 20 84 57 36 93 70 97 91 4 70 40 82 52 43 53 35 47 85 55 96 43 46 82 65 80 71 63 98 34 81 42 68 30 12 65 72 86 12
863 22 270 48 38 6 1 24 5 85 78 52 79 75 8 60 39 39 83 1 36 49 34 68 86 76 36 67 39 90 5 37 1 5 26 59 57 50 63 41 79 66 71 54 74 30 92
864 22 322 12 12 45 100 78 67 49 5 54 67 95 5 57 52 94 9 56 19 67 12 20 81 4 51 47 74 72 55 83 19 91 34 82 21 53 31 77 6 63 5 23 8 66 78
865 22 263 26 32 41 98 65 96 48 63 69 3 34 75 49 68 93 92 2 27 64 54 9 40 11 57 73 14 85 80 79 14 58 62 6 55 1 54 40 69 56 73 96 4 47 94
866 22 281 66 10 99 74 2 9 31 64 34 44 49 65 74 14 35 20 80 61 20 33 52 89 88 25 36 44 69 75 90 62 41 52 12 66 53 72 96 16 5 91 64 22 30 95
867 22 314 99 49 75 11 68 7 14 8 47 90 43 90 58 18 79 71 10 30 82 75 34 54 71 50 13 65 83 29 94 30 42 4 41 62 62 54 69 60 44 12 49 1 81 80
868 22 262 24 90 61 5 64 95 10 86 96 72 51 60 54 79 6 83 57 99 38 49 60 52 2 81 11 97 44 60 50 24 91 73 65 51 77 28 45 39 66 40 16 52 63 46
869 22 258 9 98 54 7 35 2 19 86 3 99 49 52 42 60 1 65 50 73 81 100 60 97 39 25 88 48 92 39 63 37 47 60 90 6 94 91 24 32 46 22 32 97 15 91
870 22 259 49 31 40 21 11 91 21 70 39 12 95 27 38 17 73 75 16 84 30 7 96 61 4 69 92 52 83 34 13 25 72 23 15 44 44 54 55 90 32 66 28 48 90 2
871 22 292 63 74 17 35 3 75 30 15 98 58 81 32 91 32 44 15 18 81 47 62 86 53 51 17 70 78 65 60 31 79 85 100 66 87 74 95 1 4 45 10 36 76 68 72
872 22 270 66 22 89 98 20 2 84 73 5 52 42 82 68 53 65 47 37 64 12 75 58 27 44 54 36 80 30 87 99 53 4 20 41 2 40 43 64 99 88 57 80 56 10 96
873 22 311 54 98 11 17 73 52 74 99 95 80 87 26 61 73 24 13 29 96 5 30 99 66 50 97 53 6 60 67 13 65 89 38 55 87 32 34 25 10 94 50 85 6 78 80
874 22 322 62 59 66 61 24 67 57 28 73 85 40 91 61 52 55 47 81 43 84 35 82 67 20 58 76 13 7 61 70 36 83 94 58 43 69 24 97 48 36 39 44 39 45 90
875 22 311 71 88 25 5 21 92 76 78 67 40 37 27 61 72 19 44 66 28 86 34 51 85 82 51 69 41 16 8 85 58 78 24 35 44 73 62 74 92 2 10 70 62 81 88
876 22 318 57 98 67 43 32 70 79 65 20 51 34 60 93 96 76 22 8 63 82 70 88 25 23 97 94 36 30 34 27 100 87 10 69 65 75 88 68 60 99 34 4 95 61 77
877 22 284 14 17 85 28 50 6 68 74 80 64 15 45 1 7 72 52 45 81 21 10 7 60 77 66 59 62 5 22 98 70 90 34 97 40 91 64 65 70 32 84 24 84 43 47
878 22 267 36 87 80 56 48 86 15 76 4 25 89 24 29 62 73 50 6 47 43 48 62 59 17 93 53 69 26 47 13 85 94 20 85 32 87 60 35 11 1 10 92 62 83 41
879 22 297 17 40 39 11 40 53 70 56 45 12 60 65 37 6 80 50 91 25 69 75 56 55 86 42 18 38 52 61 1 68 77 92 79 16 44 48 24 40 59 83 57 47 89 36
880 22 286 48 31 12 69 57 20 75 42 61 92 80 64 4 31 1 57 98 78 28 45 43 75 68 34 33 51 90 32 91 77 79 73 89 47 29 60 22 22 20 65 36 21 83 36
881 22 321 77 33 65 24 60 62 66 87 29 51 71 31 41 2 73 17 81 45 5 79 64 52 95 36 69 47 23 89 82 10 27 40 88 57 63 68 7 34 99 47 35 71 67 16
882 22 228 20 98 40 36 49 86 23 69 33 97 57 66 6 73 31 32 12 7 71 20 22 39 27 55 37 25 41 59 60 26 66 47 51 21 26 35 17 34 74 7 82 6 70 41
883 22 279 76 90 62 66 68 68 2 92 60 13 32 19 38 91 27 55 89 84 58 9 61 92 77 94 44 50 52 77 7 74 17 35 63 78 30 97 21 57 66 4 75 3 94 54
884 22 310 58 34 89 15 94 49 70 94 53 72 46 30 78 71 64 33 76 64 14 72 17 86 28 82 90 55 84 35 8 93 69 96 59 14 44 69 36 89 21 7 86 50 56 48
885 22 279 88 23 63 53 94 31 39 22 12 28 76 47 62 35 40 82 30 98 96 25 66 31 13 39 89 99 24 6 87 75 9 89 46 55 19 36 3 77 77 89 68 10 18 17
886 22 270 57 94 35 39 58 73 27 8 12 3 14 99 77 59 59 18 56 13 36 92 40 18 6 94 94 82 82 13 44 51 29 100 63 39 54 87 65 61 51 19 74 49 48 32
887 22 278 59 65 88 72 79 63 69 36 57 62 70 38 26 13 41 55 12 36 50 89 56 67 6 85 75 6 84 7 16 48 46 39 76 2 68 11 10 82 80 47 7 44 39 13
888 22 273 56 75 82 57 63 89 23 12 46 60 39 3 43 45 18 43 42 9 94 17 10 13 79 19 11 17 53 54 65 9 30 98 44 86 40 8 83 51 85 46 55 88 33 51
889 22 237 24 45 29 94 39 39 10 43 93 17 7 53 98 5 70 42 42 62 49 77 12 94 13 9 35 67 96 69 81 80 19 56 25 47 15 38 59 57 30 27 34 25 71 4
890 22 252 66 65 17 66 41 80 59 53 89 45 72 36 13 4 16 83 60 40 29 60 54 66 70 62 47 97 76 81 21 99 36 86 63 52 51 3 31 61 7 71 57 78 34 22
891 22 274 3 45 61 83 4 66 1 74 79 47 70 6 90 4 66 27 69 29 20 52 41 27 22 97 56 28 49 71 85 61 53 89 78 5 62 8 52 31 14 82 72 69 50 35
892 22 277 68 30 6 19 70 84 93 18 92 20 86 32 21 8 17 33 12 5 63 17 66 70 20 48 35 53 71 4 52 72 90 20 1 95 22 79 82 91 2 28 53 74 87 69
893 22 268 6 98 73 68 66 90 38 85 89 72 11 75 41 82 16 60 34 11 50 7 83 49 62 84 28 14 9 14 35 15 64 59 82 29 49 71 95 55 52 21 85 37 7 71
894 22 295 99 8 77 39 90 78 52 26 5 17 34 71 51 48 86 10 82 66 10 52 31 50 98 37 1 19 84 86 7 90 56 5 97 84 43 86 13 46 63 18 62 97 40 65
895 22 282 44 25 74 77 90 35 81 73 36 78 61 37 48 44 54 33 29 58 64 100 19 77 97 81 46 59 77 85 23 73 49 2 34 29 69 7 87 57 30 30 8 63 10 65
896 22 268 43 74 17 61 50 13 94 95 23 70 31 97 42 91 96 91 44 81 19 70 2 77 56 58 85 88 90 47 97 6 22 22 54 71 87 47 61 69 47 10 10 89 5 52
897 22 255 33 38 71 2 39 99 57 96 81 41 35 70 40 84 28 33 5 1 38 76 37 44 91 9 66 31 65 18 63 2 16 40 72 88 22 40 56 5 19 40 10 20 77 37
898 22 345 58 65 80 9 69 22 17 35 53 34 52 67 35 43 83 27 54 14 50 70 87 42 25 92 60 16 31 93 89 89 57 20 97 78 42 66 64 94 99 67 85 9 94 63
899 22 285 40 100 76 42 69 15 35 46 6 46 61 58 77 5 98 17 14 17 65 91 10 30 54 55 80 20 67 17 60 79 19 59 7 12 28 21 46 25 78 92 85 35 68 42
900 22 318 84 84 55 100 97 10 30 2 16 61 73 82 77 52 42 56 22 100 14 34 79 34 3 11 70 40 89 33 80 24 87 31 24 83 92 5 8 65 56 89 94 59 82 49
901 22 314 80 82 14 13 12 47 44 15 9 13 6 5 54 38 36 77 76 18 52 10 62 56 45 69 73 100 66 10 91 14 89 24 79 54 35 25 97 1 85 61 58 41 95 28
902 22 241 95 22 45 46 31 6 2 75 26 74 87 39 35 77 4 76 82 81 86 58 29 87 94 41 44 34 7 91 61 1 12 57 46 43 63 99 69 40 24 95 14 81 8 53
903 22 280 2 88 39 11 68 77 4 9 72 37 67 62 49 67 26 6 64 20 20 15 88 59 90 34 85 4 15 86 24 74 91 26 62 81 36 81 9 92 89 80 80 55 42 29
904 22 303 73 19 86 37 38 5 3 25 63 92 11 47 47 77 85 71 50 75 96 63 7 83 44 15 26 32 46 6 39 39 57 71 99 94 75 1 71 37 45 81 84 91 68 61
905 22 291 6 94 8 69 52 43 64 18 68 95 63 25 85 2 10 96 80 46 4 54 47 26 91 43 26 33 62 45 46 19 90 5 39 41 99 2 67 49 72 91 33 25 53 80
906 22 287 35 32 26 90 86 24 15 28 66 20 53 50 33 49 95 3 38 52 94 30 50 95 39 68 62 11 28 87 63 7 73 94 84 62 31 7 76 58 72 47 22 31 10 68
907 22 269 85 99 71 78 28 21 25 18 88 19 80 50 98 66 12 57 38 58 40 51 47 78 18 76 11 91 6 73 90 71 81 20 51 1 44 68 41 62 42 60 64 54 16 53
908 22 257 63 7 3 2 53 32 99 23 7 62 65 64 86 75 54 8 56 25 58 8 68 78 29 76 42 40 40 47 44 9 14 99 10 66 30 61 89 22 5 52 59 79 57 66
909 22 323 86 81 76 94 48 53 45 29 80 86 68 19 84 27 15 92 40 13 54 5 94 14 82 87 1 34 79 90 10 65 71 37 70 89 98 69 92 18 39 27 44 5 19 83
910 22 203 17 72 39 63 37 35 44 23 35 77 67 66 19 28 30 41 65 91 10 5 96 60 25 39 29 16 66 72 20 36 6 89 7 96 51 95 31 46 23 35 82 93 14 63
911 22 293 33 30 5 94 87 1 53 63 39 33 78 4 4 50 61 90 97 57 92 91 37 7 7 11 93 41 3 7 36 8 81 74 60 85 98 18 14 2 73 15 34 56 89 90
912 22 306 47 31 80 84 90 86 94 82 26 97 40 81 83 28 15 1 99 100 37 96 69 3 49 41 93 74 25 81 71 63 46 54 52 84 34 61 48 73 41 82 32 97 53 82
913 22 258 48 89 30 16 43 78 8 12 22 82 36 2 58 65 46 64 68 29 63 1 89 10 26 82 91 77 13 39 29 47 86 70 76 53 12 5 61 23 27 94 10 80 93 68
914 22 257 96 38 31 64 18 93 64 7 54 41 40 96 4 87 46 50 24 15 25 77 79 30 89 1 56 34 63 35 26 30 16 12 94 33 9 91 50 30 19 34 42 16 83 66
915 22 248 83 8 42 61 89 82 13 44 15 75 30 92 4 60 59 15 5 44 70 66 34 30 67 16 86 85 1 27 92 34 85 94 82 66 7 25 32 81 76 37 18 34 3 23
916 22 265 77 25 40 63 54 6 30 91 90 30 18 41 64 9 75 58 46 20 39 63 26 16 95 59 22 70 47 39 55 49 13 84 25 52 31 57 21 98 4 38 91 19 99 17
917 22 240 76 44 36 15 6 14 30 52 24 3 73 70 41 28 70 54 63 47 57 8 77 14 34 97 11 89 35 53 7 33 69 83 28 57 49 85 89 93 32 61 14 24 40 35
918 22 305 29 54 81 86 61 57 99 46 54 61 34 88 14 93 72 34 27 51 90 75 87 11 4 75 3 87 88 68 10 79 39 33 83 24 45 92 74 91 76 84 68 7 85 94
919 22 283 57 74 20 95 85 23 70 39 9 9 59 71 87 13 71 47 84 16 38 57 58 34 42 33 17 41 53 23 77 98 31 50 18 26 86 92 47 77 1 55 23 93 99 31
920 22 248 16 45 14 83 35 22 40 68 63 24 85 3 28 59 79 26 42 81 43 67 18 34 65 46 86 71 32 8 15 82 90 30 3 12 13 76 80 39 41 6 75 72 31 16
921 22 237 4 73 34 73 59 98 19 44 68 2 84 93 64 14 48 27 26 23 30 5 61 60 21 54 65 47 77 96 62 32 20 47 44 74 63 76 29 96 11 21 24 20 38 1
922 22 314 43 19 5 55 78 77 8 94 23 36 41 36 67 13 82 71 42 77 96 67 91 23 47 87 85 20 49 8 39 38 60 33 56 65 88 85 93 47 79 16 35 71 51 1
923 22 306 83 85 23 25 61 19 91 52 41 90 90 78 9 38 85 47 76 45 32 83 19 20 53 17 50 20 51 20 71 4 3 55 78 27 67 48 69 18 58 7 18 18 97 54
924 22 306 65 24 98 96 58 10 66 77 15 34 78 34 37 98 56 92 52 62 69 30 29 17 50 46 57 8 5 74 77 53 27 41 76 77 88 85 38 5 14 52 91 91 79 40
925 22 303 93 70 91 7 38 72 35 54 22 32 62 81 88 87 57 40 14 50 67 42 89 4 79 94 17 83 36 59 20 14 99 64 83 41 70 72 13 4 26 34 39 14 75 26
926 22 267 70 67 39 71 85 32 60 88 10 5 4 92 40 63 11 53 13 27 87 53 96 58 17 52 35 2 74 67 65 51 89 31 41 59 16 72 18 3 81 22 59 25 61 73
927 22 315 87 65 85 13 51 89 9 61 58 60 95 59 50 20 26 14 70 14 45 62 72 12 33 42 66 66 63 76 90 76 48 28 40 84 41 43 25 1 55 82 60 1 92 9
928 22 231 21 69 22 42 82 18 4 6 29 88 47 47 53 61 94 36 70 22 28 5 14 22 76 62 25 76 54 85 48 74 6 42 8 76 45 13 56 84 11 2 37 23 97 3
929 22 273 38 1 68 11 82 81 43 5 13 48 89 13 22 47 54 81 74 50 93 29 33 55 83 69 29 58 3 39 5 28 6 73 87 5 75 82 62 40 81 50 4 54 48 57
930 22 284 34 21 6 78 2 90 84 84 11 13 93 13 51 98 17 31 3 41 68 42 98 95 75 59 86 7 8 89 61 8 45 46 28 2 76 81 91 59 64 1 71 8 65 74
931 22 225 5 34 4 60 74 23 53 23 69 79 81 54 85 41 42 97 48 38 43 27 39 18 8 82 28 23 34 51 31 99 76 87 32 79 98 57 2 80 22 80 12 75 17 52
932 22 308 69 13 99 6 7 26 97 76 85 30 4 7 63 6 89 13 81 28 96 11 25 5 79 36 36 58 47 63 26 99 31 91 49 88 74 84 10 65 80 17 28 85 57 92
933 22 299 65 84 40 75 61 96 89 39 31 25 48 29 87 74 27 69 64 28 56 12 53 92 36 63 67 31 35 51 79 67 23 18 41 83 82 73 95 6 72 23 44 97 2 64
934 22 295 12 29 71 76 81 62 11 95 70 30 25 56 80 64 34 47 86 3 39 20 67 20 44 13 77 15 36 20 64 89 35 75 69 6 50 1 19 13 96 40 42 72 73 35
935 22 281 29 19 72 84 58 91 50 29 86 63 6 53 77 16 90 12 69 92 10 87 56 57 27 97 74 69 15 2 40 87 37 49 87 77 1 82 67 2 59 82 91 22 23 100
936 22 251 90 66 61 28 21 18 6 17 98 79 38 12 33 77 69 25 79 55 1 93 7 35 11 8 45 92 50 66 66 1 32 62 34 52 92 21 76 70 58 39 2 86 37 71
937 22 243 10 15 77 62 59 84 48 69 43 92 12 45 9 77 45 15 60 6 1 12 36 92 32 63 61 89 2 15 74 38 85 35 4 13 14 48 96 82 91 39 93 35 21 31
938 22 258 62 81 37 14 92 24 57 75 87 70 15 88 84 40 77 20 26 32 32 73 45 80 20 78 22 59 8 6 42 38 19 22 33 65 50 89 91 88 10 5 27 93 96 55
939 22 282 64 21 86 96 94 82 27 13 59 48 71 80 7 76 73 44 47 47 22 31 63 71 54 10 81 10 36 73 6 90 37 26 84 19 8 62 18 61 49 67 82 21 62 80
940 22 275 19 83 10 82 53 80 87 62 60 96 49 85 1 38 21 27 64 56 97 23 17 80 40 77 86 40 43 19 13 4 98 31 7 64 91 38 50 5 82 98 54 76 58 9
941 22 333 25 81 77 56 72 53 93 12 95 11 24 50 60 6 88 18 70 79 56 71 35 53 68 39 86 66 81 39 39 99 69 71 75 25 42 27 17 5 73 80 28 74 62 9
942 22 276 55 92 64 25 26 68 45 16 53 62 49 43 54 87 93 23 9 67 99 2 15 7 69 46 86 42 85 71 77 46 8 2 23 27 98 91 31 59 39 25 12 77 17 86
943 22 325 85 35 84 38 79 51 44 99 96 30 40 32 52 47 76 29 35 82 19 61 9 43 37 47 67 100 75 83 86 59 69 21 47 71 92 45 73 37 50 24 83 78 4 78
944 22 237 12 85 96 25 15 4 67 51 2 86 3 76 20 40 86 89 60 34 87 83 25 84 1 97 72 54 79 76 31 43 19 27 82 37 29 36 22 31 11 94 97 82 34 30
945 22 223 20 16 6 3 68 2 74 21 25 27 52 100 10 94 12 88 64 90 21 100 18 56 22 1 19 15 67 48 7 48 53 70 41 6 43 62 30 22 65 82 83 10 93 22
946 22 275 73 34 94 72 51 2 45 3 20 11 77 86 58 83 85 77 57 37 46 49 42 40 62 23 13 26 4 47 35 48 7 81 14 79 84 15 75 86 86 86 23 43 49 7
947 22 273 19 5 95 16 53 36 8 67 10 72 92 14 71 27 61 90 85 42 55 15 77 21 90 14 6 75 28 28 69 28 86 40 32 80 7 36 67 66 2 77 38 46 42 60
948 22 285 24 2 1 8 95 56 23 71 76 12 37 34 38 64 13 6 91 99 97 74 30 4 61 97 69 15 25 58 60 66 17 83 19 18 90 14 64 36 52 27 72 85 87 50
949 22 228 22 29 18 2 29 73 15 25 42 29 49 99 40 66 68 22 85 37 63 50 61 27 64 5 9 1 21 47 50 94 76 49 11 29 77 84 43 54 23 54 27 62 20 94
950 22 272 35 4 30 98 53 42 76 89 6 80 97 6 52 96 7 45 71 55 8 51 83 91 46 36 19 68 90 45 82 9 39 16 64 20 65 16 62 92 4 19 24 53 75 100
951 22 342 30 20 70 36 27 72 18 69 17 54 87 37 95 83 55 21 85 18 93 2 54 93 88 72 16 92 47 91 91 28 62 12 63 88 84 80 56 100 94 88 79 76 57 85
952 22 277 49 42 2 93 95 86 98 87 26 69 55 69 67 97 12 94 58 23 56 45 87 52 10 24 97 97 54 24 39 72 47 92 16 41 78 13 79 55 33 33 23 99 29 86
953 22 301 44 86 9 51 82 18 38 85 27 61 81 76 14 5 29 4 28 27 96 44 67 25 56 97 79 89 30 53 39 10 83 96 99 33 16 22 95 82 94 70 48 50 50 3
954 22 306 78 76 98 73 94 22 28 90 68 19 5 7 81 43 89 76 41 73 56 8 95 69 2 28 15 71 27 64 20 30 93 95 79 65 40 1 45 30 52 12 70 80 50 10
955 22 331 7 42 83 63 50 29 51 56 97 74 35 13 93 16 57 40 94 22 31 94 66 60 98 29 60 5 99 39 55 8 46 96 42 60 45 70 48 78 91 21 12 55 65 27
956 22 289 11 56 20 32 87 66 49 46 63 78 57 67 76 48 73 35 93 69 77 4 65 46 97 12 23 87 84 86 41 49 64 4 56 36 35 42 1 36 40 15 13 96 33 40
957 22 291 43 6 26 87 2 42 90 100 39 54 74 25 37 12 18 37 75 73 93 10 59 86 62 94 77 76 58 73 61 49 67 18 6 95 28 47 36 79 85 89 53 62 78 16
958 22 196 31 66 90 3 10 100 61 48 13 7 24 41 64 96 1 13 15 70 39 20 18 18 99 97 3 40 16 17 46 34 5 100 44 56 12 91 69 18 14 9 82 62 28 30
959 22 333 36 47 93 53 16 43 49 18 82 49 85 98 84 21 81 27 28 45 69 48 62 82 8 95 95 68 92 22 27 20 41 32 80 5 17 81 90 15 96 71 98 68 4 76
960 22 301 48 100 44 95 61 77 3 8 24 22 99 45 71 78 17 63 9 52 98 88 56 15 20 97 81 16 30 35 75 5 82 74 77 34 28 31 93 51 52 92 74 69 64 37
961 22 340 77 67 86 16 22 100 36 71 80 3 42 9 37 16 65 19 89 16 47 74 44 29 67 94 32 10 93 6 78 56 94 6 79 21 96 79 56 18 10 10 59 71 74 35
962 22 234 17 14 3 15 87 46 43 5 91 74 14 84 31 43 24 48 65 3 69 60 33 76 77 42 38 87 12 36 60 99 4 25 1 18 63 98 68 88 37 33 23 20 76 14
963 22 294 43 75 78 97 95 89 29 71 17 71 60 3 34 95 14 32 98 38 84 67 81 30 67 21 18 52 37 27 56 80 53 85 28 48 73 57 70 89 27 29 91 12 23 4
964 22 188 44 72 41 79 38 93 12 19 59 32 36 62 74 73 40 82 4 93 66 31 39 39 9 79 17 89 70 29 11 25 24 34 18 2 23 10 13 41 20 44 76 82 21 51
965 22 299 55 65 16 38 4 6 76 64 85 93 52 6 21 14 82 44 47 99 97 69 60 10 61 80 5 89 13 26 40 85 95 50 44 32 49 59 69 85 51 72 90 23 86 72
966 22 273 66 84 22 15 5 82 24 65 13 80 77 6 45 61 33 39 62 76 67 77 80 87 61 83 58 3 95 26 71 79 47 85 35 28 60 99 92 91 4 68 48 48 29 81
967 22 320 38 42 8 11 84 90 46 97 72 4 99 77 50 24 80 22 35 14 2 46 65 93 36 68 61 36 67 41 16 56 82 75 66 42 59 7 87 7 79 42 57 7 92 80
968 22 218 57 71 53 43 37 54 88 1 47 75 20 59 10 38 51 77 93 32 52 10 25 10 16 12 68 46 5 24 4 96 55 60 19 7 2 7 61 41 7 59 26 69 77 15
969 22 265 19 54 7 2 5 16 27 66 83 38 33 29 42 8 32 90 62 44 60 68 97 66 80 90 24 38 1 58 15 76 86 21 78 42 88 4 22 93 91 50 98 34 11 29
970 22 261 86 79 77 3 10 66 26 100 22 26 57 55 40 33 92 12 34 51 65 92 73 57 35 74 42 84 59 69 95 87 6 25 16 9 81 34 33 3 12 90 9 51 74 100
971 22 251 63 83 33 65 99 77 37 55 11 11 48 94 21 68 88 8 26 12 75 34 46 55 19 30 9 30 69 33 44 69 47 78 53 11 76 29 82 39 10 30 30 49 20 89
972 22 313 74 84 15 7 81 70 78 10 30 59 99 91 24 19 37 2 71 100 77 100 59 38 8 40 22 89 88 94 62 77 44 20 57 65 49 66 47 8 46 97 98 22 87 23
973 22 260 37 86 99 36 84 9 26 43 48 47 31 88 40 12 1 68 8 20 24 24 69 42 70 28 39 18 25 60 32 11 82 69 33 56 93 81 73 93 28 56 80 19 19 80
974 22 285 87 26 51 62 2 71 55 71 98 94 89 23 5 72 85 87 92 85 71 48 15 15 80 40 7 59 47 86 30 65 65 16 43 16 29 44 86 84 66 36 6 58 33 30
975 22 249 94 71 21 78 41 20 45 8 84 14 10 82 39 46 16 6 40 83 35 35 70 1 56 98 6 65 30 35 58 1 8 88 93 27 32 100 78 67 66 88 48 65 26 45
976 22 235 32 32 37 15 18 71 35 87 71 90 36 29 54 65 15 63 17 22 50 62 49 33 13 78 51 78 94 95 47 26 26 83 40 95 53 74 33 76 68 4 20 84 82 53
977 22 239 92 84 66 92 16 78 69 19 8 86 68 1 80 14 26 57 48 17 3 53 42 35 28 56 54 83 27 37 52 9 41 43 6 34 59 36 29 43 40 97 43 71 62 21
978 22 251 27 10 89 81 62 31 15 41 38 20 23 65 8 74 25 49 69 68 54 2 26 89 56 7 83 95 3 78 65 16 98 43 77 38 90 20 30 58 4 74 16 78 46 17
979 22 321 21 99 94 10 55 100 44 1 2 21 66 70 70 60 46 8 35 36 27 75 65 36 83 21 9 50 98 58 95 74 85 45 68 46 99 19 90 100 62 17 42 32 28 87
980 22 283 39 62 22 17 89 39 53 71 59 13 72 8 23 88 54 48 98 67 70 49 86 11 48 58 16 99 55 43 37 93 57 11 62 45 1 66 67 59 30 38 18 4 77 23
981 22 233 4 48 20 22 69 20 7 31 67 16 3 82 66 57 77 3 2 33 13 15 29 13 80 95 23 61 84 92 65 60 14 68 59 85 89 28 57 48 10 23 15 12 81 21
982 22 284 85 83 74 69 47 88 97 11 19 91 79 26 28 95 41 62 95 77 3 74 33 50 84 8 64 47 16 96 67 100 30 92 68 28 31 16 38 49 58 74 80 83 1 74
983 22 218 19 93 36 13 22 90 87 54 39 70 13 54 16 80 2 35 79 31 26 98 59 57 48 57 4 22 10 22 15 97 86 73 41 76 42 54 81 9 85 82 43 64 21 13
984 22 333 71 29 78 18 85 99 39 73 3 13 82 76 27 78 62 62 63 86 54 90 79 59 70 88 44 52 59 64 86 82 55 19 99 46 91 53 58 72 80 36 1 42 49 15
985 22 299 27 2 4 6 61 73 45 56 76 26 14 39 32 36 13 36 31 83 34 28 73 86 85 96 65 72 96 58 20 62 37 21 94 33 90 90 88 65 67 53 56 98 89 31
986 22 231 63 24 13 45 9 92 70 46 28 65 62 99 72 18 26 8 91 91 53 75 32 42 15 96 8 67 3 58 7 34 20 82 98 64 90 90 85 87 17 50 49 68 14 72
987 22 328 37 39 31 27 81 83 54 12 76 68 60 83 86 62 40 45 47 11 26 97 75 68 59 54 73 25 25 10 64 55 88 96 89 41 19 99 46 80 90 90 79 1 67 75
988 22 288 27 34 12 37 40 17 97 45 90 73 22 99 36 28 86 84 69 79 43 32 38 61 82 35 92 72 24 22 72 43 96 50 28 59 19 76 34 64 17 7 37 67 94 64
989 22 249 4 77 32 82 19 16 20 31 97 54 23 20 30 96 43 72 92 92 51 2 78 70 77 63 33 45 69 21 11 63 84 15 39 68 96 10 35 67 40 83 21 14 3 2
990 22 228 10 45 25 53 89 75 54 18 44 83 80 28 27 49 48 90 63 84 4 1 51 51 62 85 18 2 67 90 21 43 28 18 6 41 86 75 37 68 64 46 12 35 16 95
991 22 273 90 69 97 41 30 33 10 83 51 51 2 72 93 29 41 59 9 46 94 72 87 13 25 51 31 14 45 98 60 86 66 8 26 48 40 87 82 42 37 83 65 29 12 5
992 22 262 39 72 50 90 17 73 76 29 98 78 38 80 91 34 77 2 20 95 9 97 94 48 84 75 42 72 10 6 1 21 11 39 44 12 28 60 85 56 88 34 33 77 13 24
993 22 281 63 41 77 34 35 86 30 80 85 65 55 26 37 16 32 37 88 42 27 31 5 7 90 89 62 29 22 94 57 86 69 19 46 52 13 31 34 93 67 98 47 93 86 14
994 22 281 76 22 1 69 31 73 7 72 14 68 87 13 8 73 82 27 99 79 30 63 61 15 55 27 13 53 71 98 66 46 72 66 24 48 91 30 19 4 49 70 90 13 78 14
995 22 286 94 56 64 24 37 27 84 52 81 63 34 33 13 99 31 36 17 48 59 64 38 40 35 41 40 56 83 53 33 96 98 40 60 22 77 86 5 28 66 19 43 99 52 7
996 22 243 50 34 43 66 81 53 19 45 15 11 84 23 93 88 55 89 86 47 48 7 23 85 63 2 82 44 1 85 2 18 44 67 49 47 68 93 14 31 28 88 16 94 11 1
997 22 265 40 10 59 62 94 21 15 96 54 58 48 38 60 49 7 55 67 57 3 65 76 47 30 6 27 17 81 94 11 91 50 53 4 64 98 76 78 93 88 92 47 40 26 1
998 22 306 6 34 56 23 61 54 52 67 80 69 99 73 79 89 18 28 93 21 43 91 97 21 35 78 8 27 96 54 21 6 76 54 13 98 67 67 49 85 46 17 83 71 47 71
999 22 214 40 75 16 61 17 6 9 89 38 96 18 33 1 36 54 59 11 59 71 60 25 37 8 9 35 77 91 57 23 14 96 49 29 8 86 68 6 77 5 54 95 38 82 43
