2000 22 275 81 59 50 15 37 76 65 170 69 15 7 27 1 6 51 192 66 6 64 28 90 28 49 35 33 172 68 113 82 249 94 184 15 182 9 29 53 227 45 161 55 145 17 206
2001 22 278 86 182 63 51 11 130 53 150 57 102 37 139 75 104 54 207 4 197 92 68 80 250 49 183 29 93 43 183 90 9 40 27 3 180 55 34 32 104 85 242 31 212 46 34
2002 22 288 68 49 82 11 19 163 10 167 45 190 11 40 73 200 50 112 79 44 66 8 48 49 41 203 78 195 23 189 92 156 8 42 39 218 51 79 76 96 69 37 87 141 38 136
2003 22 271 4 18 29 222 25 28 72 18 81 64 95 175 86 183 18 91 90 209 7 219 32 37 46 127 5 134 65 47 22 100 1 239 74 116 60 197 83 240 61 229 66 196 63 183
2004 22 288 89 152 92 169 10 110 100 146 7 178 51 91 94 247 12 94 99 152 26 74 69 85 21 103 77 31 31 192 78 93 18 96 68 237 57 79 38 55 35 68 25 61 55 38
2005 22 215 6 204 40 183 29 160 20 149 63 46 81 93 89 109 38 65 76 235 84 14 42 112 4 96 47 73 52 123 35 156 11 93 2 25 61 246 23 143 21 68 34 81 5 148
2006 22 253 58 191 82 122 45 127 29 41 1 130 66 35 38 176 27 200 77 4 91 89 51 83 12 244 3 29 85 235 26 242 75 109 65 9 4 91 37 146 43 169 11 28 86 6
2007 22 245 57 64 61 100 3 212 82 216 55 134 96 133 20 182 60 111 8 169 26 216 22 18 53 169 11 173 30 140 67 145 86 183 37 187 19 68 52 125 47 7 72 30 18 33
2008 22 284 87 86 10 203 9 79 7 28 91 129 57 80 60 225 77 97 84 234 93 104 51 244 78 104 42 86 75 121 53 159 8 89 20 162 49 49 68 76 39 98 21 157 59 99
2009 22 285 53 165 84 236 58 237 37 103 14 242 47 151 66 167 5 27 26 195 96 37 94 44 54 69 35 1 7 9 11 5 12 127 38 247 85 89 91 126 70 29 92 15 65 235
2010 22 303 61 71 53 147 73 7 32 117 59 193 94 148 91 229 76 67 15 51 3 57 44 206 65 234 30 150 78 192 20 233 88 245 39 242 6 150 70 201 97 10 31 21 87 200
2011 22 320 35 88 2 91 33 59 93 148 94 37 79 44 64 120 15 96 59 109 37 50 86 144 99 207 44 245 67 226 53 175 49 192 91 27 39 183 24 83 69 102 76 185 73 92
2012 22 305 82 131 53 68 80 188 11 230 97 156 24 213 32 90 67 158 90 111 38 230 87 227 62 60 9 233 63 36 19 85 77 2 17 31 70 98 71 132 52 29 73 241 47 30
2013 22 276 82 159 70 61 45 146 74 206 6 158 68 91 26 154 69 178 22 100 99 169 20 82 38 221 48 218 43 238 64 225 23 144 81 219 41 55 25 196 62 142 40 148 58 19
2014 22 251 19 9 40 178 36 117 71 84 84 215 48 189 92 172 34 222 74 128 16 121 60 110 31 57 18 199 27 176 17 218 6 68 54 72 90 137 56 155 59 5 45 152 28 129
2015 22 245 26 19 4 103 35 27 94 94 86 76 2 155 74 128 31 42 46 36 62 1 59 151 39 216 57 47 20 102 51 99 32 26 18 237 30 52 13 24 97 1 99 248 5 225
2016 22 255 77 235 18 72 22 79 24 183 82 162 98 238 11 220 39 111 68 22 88 37 9 217 40 123 92 186 23 191 33 28 67 160 14 236 83 88 15 109 20 248 69 235 30 238
2017 22 284 76 42 58 197 29 194 57 98 34 180 89 69 52 231 54 181 97 115 33 49 84 149 7 105 98 29 23 232 60 111 9 2 18 58 82 211 14 81 96 43 20 117 47 250
2018 22 264 70 229 99 186 25 183 36 108 33 95 62 180 73 187 63 184 97 22 37 64 29 169 76 192 1 72 20 188 35 222 9 113 72 46 40 104 31 49 86 77 13 215 49 49
2019 22 290 77 133 45 100 21 10 28 41 37 222 92 160 10 113 99 44 84 207 58 5 54 97 60 235 96 245 61 8 11 112 56 140 46 2 39 116 67 157 49 240 9 149 62 207
2020 22 208 44 96 14 51 52 119 50 162 55 145 8 118 4 69 29 161 58 176 62 196 43 24 51 122 5 50 30 55 12 87 48 9 2 1 60 220 71 175 46 129 42 101 49 122
2021 22 302 11 6 99 24 53 41 97 119 92 168 23 241 28 154 36 177 12 189 27 122 8 28 94 184 25 74 72 50 87 127 98 110 82 239 58 150 76 72 22 177 49 176 62 226
2022 22 296 37 202 54 60 9 32 95 8 77 73 35 99 73 171 70 133 58 58 40 109 89 167 31 213 93 81 6 158 28 57 12 238 68 45 62 154 21 234 88 169 98 28 43 57
2023 22 244 35 32 16 26 49 96 90 41 28 181 47 186 8 203 20 95 91 233 98 112 19 236 32 26 46 229 3 138 36 240 21 53 65 219 48 206 62 175 86 110 12 95 64 160
2024 22 255 44 236 56 184 68 104 45 138 91 177 14 186 57 216 75 144 5 195 46 71 16 195 26 127 72 13 36 183 8 149 95 1 34 50 54 153 33 91 61 106 80 217 6 111
2025 22 302 28 203 58 199 68 103 26 196 74 89 83 6 48 33 2 48 67 102 85 222 6 117 14 51 77 20 82 146 93 40 20 242 15 18 59 117 94 6 42 34 88 48 81 70
2026 22 278 51 230 38 52 14 59 60 31 75 162 59 94 95 104 36 84 61 105 25 226 35 194 20 242 86 203 79 135 33 99 85 12 88 239 27 199 50 57 23 11 68 218 5 221
2027 22 262 53 241 32 209 67 9 85 154 2 204 45 39 56 26 73 40 74 110 13 98 80 211 97 88 83 59 55 200 15 176 4 205 9 115 24 69 51 127 72 205 11 212 48 185
2028 22 268 54 123 44 6 86 141 85 96 39 23 81 247 79 232 64 4 88 120 43 132 4 71 6 160 16 122 50 77 94 82 1 236 19 148 75 243 30 23 21 162 38 177 58 92
2029 22 259 54 2 26 107 23 181 67 118 46 240 60 247 66 125 92 249 27 78 69 177 11 106 28 134 19 166 75 3 72 76 81 250 58 247 17 55 88 29 2 5 55 143 3 34
2030 22 279 72 74 10 27 34 167 5 167 38 22 28 156 96 81 80 23 60 125 68 108 41 72 97 121 75 51 76 220 55 159 43 228 70 170 64 238 24 132 25 47 12 133 44 142
2031 22 307 64 118 51 125 92 20 32 85 44 130 5 20 80 239 86 90 16 161 31 149 26 112 73 122 57 217 66 20 84 169 94 76 90 227 60 233 56 114 3 137 96 93 25 237
2032 22 254 74 42 48 126 22 46 53 235 20 26 8 177 42 175 26 195 35 168 12 217 27 71 64 24 88 113 37 181 60 115 52 157 17 39 78 193 98 206 36 222 54 111 67 195
2033 22 251 65 3 64 126 19 191 55 40 5 230 3 194 92 191 75 203 7 178 9 74 16 139 18 13 44 5 87 97 43 182 57 209 10 177 99 14 66 203 20 249 63 123 89 219
2034 22 225 2 100 44 220 88 113 34 183 18 170 32 85 76 126 16 232 84 175 59 85 40 226 89 135 48 137 21 160 11 61 30 13 10 226 49 190 67 182 7 189 63 243 14 188
2035 22 285 9 148 24 35 56 208 77 133 46 61 30 85 83 241 95 43 73 59 53 48 44 53 87 161 84 146 1 148 38 14 98 13 61 135 18 120 11 201 67 121 82 3 3 23
2036 22 291 98 247 45 108 1 244 52 104 32 114 89 227 14 87 67 179 76 66 42 38 50 111 57 10 63 75 97 78 86 69 27 183 65 234 35 110 37 188 41 152 77 20 15 236
2037 22 270 98 190 3 141 29 103 1 235 64 16 11 48 12 238 33 232 14 17 96 200 2 207 88 141 97 140 69 18 56 35 5 155 76 8 95 154 60 46 40 73 63 151 70 224
2038 22 255 38 205 5 104 73 52 3 174 8 40 67 6 31 35 74 89 22 128 43 247 85 38 1 244 40 169 47 142 20 30 94 126 35 19 27 37 44 184 78 210 89 61 97 212
2039 22 298 99 18 92 141 66 76 30 16 72 214 58 90 60 149 81 231 27 106 64 45 32 152 88 67 82 48 6 242 46 69 40 13 10 132 28 188 62 246 9 125 55 50 87 105
2040 22 287 82 17 87 8 23 250 52 6 54 140 35 39 28 28 34 248 67 148 60 150 27 47 63 224 57 140 30 158 76 35 39 44 21 147 66 122 50 172 75 41 94 161 29 173
2041 22 275 88 214 22 206 13 233 56 192 81 120 15 137 59 95 46 36 31 35 30 103 83 97 24 82 18 201 73 113 11 53 87 151 67 11 79 243 63 22 74 183 37 112 43 133
2042 22 241 8 79 15 42 58 67 26 4 92 7 74 92 29 88 5 182 75 205 35 162 30 227 25 152 52 9 40 64 51 72 21 129 86 214 88 204 89 244 45 145 17 187 4 93
2043 22 289 59 30 97 208 64 208 87 93 34 90 46 42 29 209 45 202 31 175 37 94 63 42 58 137 74 175 56 79 67 216 15 173 24 111 68 8 3 64 51 81 95 33 55 20
2044 22 292 71 98 84 163 82 91 51 12 66 75 19 146 93 34 56 107 58 80 70 99 39 72 14 90 55 138 36 37 92 55 7 91 40 171 24 32 21 135 97 247 5 143 91 190
2045 22 233 98 249 97 179 31 119 80 119 42 143 10 46 82 96 32 125 2 91 16 92 13 89 73 36 26 222 30 216 75 172 65 25 70 244 5 138 19 235 25 101 9 225 34 249
2046 22 296 92 127 11 131 51 146 56 72 80 187 87 56 10 102 47 35 67 171 62 148 91 148 73 91 81 168 65 131 59 241 41 191 93 239 48 15 20 37 3 175 46 106 4 225
2047 22 246 52 140 92 74 1 239 67 201 63 7 32 95 76 246 25 87 38 68 27 30 6 25 46 27 11 49 56 6 81 160 48 224 85 100 14 1 77 110 31 121 35 28 21 115
2048 22 264 65 248 97 172 74 244 98 36 42 250 91 150 57 223 9 204 93 156 64 144 7 240 3 238 62 239 67 11 10 84 25 59 30 48 34 73 95 69 17 96 11 218 5 234
2049 22 289 76 160 83 20 15 96 22 187 69 211 51 108 77 11 19 160 36 79 91 83 12 16 80 180 34 127 90 51 31 25 28 141 10 197 5 105 62 178 92 80 88 42 87 67
2050 22 308 4 207 26 189 35 169 24 146 34 155 77 119 81 117 19 114 93 96 54 2 92 60 57 105 88 250 27 143 73 43 96 180 69 87 64 39 62 212 74 216 38 192 48 106
2051 22 259 10 211 49 57 16 202 50 126 55 113 9 91 39 153 65 132 94 2 87 160 42 198 23 215 15 212 6 214 68 117 25 18 40 219 74 217 79 130 29 139 72 20 92 237
2052 22 330 53 92 82 106 78 193 47 27 17 211 91 229 18 4 96 186 80 165 60 122 83 35 88 113 69 104 40 247 76 142 38 210 97 167 4 243 43 21 55 85 49 124 59 220
2053 22 267 10 18 43 44 2 132 9 170 50 112 89 108 85 32 47 96 28 213 22 7 91 72 51 30 69 209 1 128 26 43 73 130 25 133 49 176 44 158 67 203 95 98 92 126
2054 22 280 15 193 99 171 14 127 63 87 77 245 55 236 45 134 40 9 42 16 41 93 37 102 7 41 46 207 92 240 82 56 32 79 48 158 34 185 85 41 72 132 24 84 73 182
2055 22 277 28 238 25 72 80 161 73 139 1 171 95 194 60 28 50 91 59 180 88 217 20 174 3 157 14 126 90 239 62 23 38 99 97 9 9 34 18 159 54 64 53 113 91 204
2056 22 250 5 2 33 195 18 104 70 72 12 183 97 1 23 7 62 45 45 62 43 55 42 51 90 11 60 143 75 164 7 17 69 14 1 208 87 56 77 158 68 211 6 20 13 132
2057 22 272 80 9 95 222 15 188 73 105 51 84 47 125 99 206 93 67 69 113 19 28 49 176 4 209 66 164 13 248 28 96 77 236 92 201 3 180 75 107 30 10 5 206 8 160
2058 22 248 50 26 30 162 44 7 13 219 12 171 14 77 86 128 27 164 75 53 49 66 5 3 97 179 9 76 40 64 83 147 33 172 57 196 67 15 8 138 77 78 53 153 64 30
2059 22 340 79 177 56 234 77 21 90 180 70 221 40 147 60 55 30 9 80 64 88 9 49 152 17 236 28 96 33 211 69 163 89 224 48 166 96 188 97 167 10 188 64 19 93 195
2060 22 332 27 224 58 59 11 118 57 114 86 244 42 232 83 176 44 103 40 33 78 188 50 125 77 98 85 105 6 27 49 133 93 212 75 51 76 13 96 19 94 139 32 133 71 111
2061 22 289 72 220 85 148 17 128 2 232 91 230 82 75 67 43 18 167 70 30 62 238 25 41 83 115 22 18 86 84 39 107 26 196 75 229 29 115 8 13 89 5 57 184 53 153
2062 22 333 36 243 79 128 25 244 51 144 84 185 87 2 73 12 49 147 90 179 64 198 91 154 38 48 63 123 69 87 78 74 20 202 2 246 95 5 40 75 88 74 12 41 98 175
2063 22 306 89 46 65 120 59 214 12 165 3 209 79 26 28 15 53 203 91 124 4 93 19 201 97 8 27 136 83 40 77 230 17 26 29 236 86 194 98 52 96 208 80 121 35 97
2064 22 320 75 39 37 248 93 81 17 245 29 226 21 17 61 161 40 125 67 105 99 5 48 248 58 143 55 138 66 42 36 240 30 74 90 22 57 58 68 137 83 239 53 43 97 135
2065 22 252 25 210 1 81 8 107 78 205 15 122 9 4 89 52 39 181 32 14 70 5 27 123 59 211 61 13 56 111 60 240 87 169 42 167 28 51 46 182 65 119 68 60 44 8
2066 22 300 90 125 23 111 31 143 89 103 3 101 63 15 56 175 24 47 11 244 91 29 71 41 76 4 5 145 98 24 54 143 81 45 67 153 57 247 47 45 52 1 45 16 66 203
2067 22 273 91 91 49 53 37 239 32 157 79 209 63 235 3 60 58 158 4 140 54 70 45 60 18 143 6 221 44 203 87 159 55 177 81 37 46 162 76 223 11 75 69 70 85 22
2068 22 317 10 138 93 104 62 246 57 183 91 59 69 149 65 197 20 27 36 17 41 81 92 13 40 54 39 208 74 23 31 83 13 125 88 164 37 135 71 126 79 141 76 245 87 227
2069 22 274 14 113 15 182 55 195 74 17 37 227 8 96 52 182 27 136 46 153 73 209 89 160 81 211 11 101 64 5 87 91 71 152 57 102 56 103 77 25 32 235 7 13 63 43
2070 22 282 59 165 17 119 56 78 99 216 64 209 19 180 66 207 22 236 58 178 39 116 30 66 90 169 71 73 55 177 37 17 21 97 83 138 65 16 8 31 77 126 12 142 82 183
2071 22 207 29 42 10 167 57 139 34 148 9 104 22 163 33 8 31 55 5 166 42 172 7 9 37 114 91 115 2 108 25 134 86 66 95 105 24 85 38 221 94 144 8 128 51 141
2072 22 257 82 107 8 226 28 64 34 67 76 33 18 177 91 144 62 226 9 6 80 32 40 120 4 185 63 247 45 140 87 71 6 194 48 236 7 131 54 36 56 186 84 76 49 45
2073 22 237 4 8 52 85 41 242 45 28 66 93 72 207 92 210 30 50 3 27 35 160 10 40 95 217 25 202 1 153 51 247 8 8 49 242 40 196 44 19 63 87 43 72 80 152
2074 22 262 1 79 55 227 15 66 38 4 62 55 31 64 7 85 14 3 42 173 51 85 72 142 80 18 61 145 56 205 66 235 6 166 64 12 94 130 79 184 84 41 4 244 69 246
2075 22 292 93 191 97 77 12 140 59 231 2 205 86 106 70 171 14 187 36 75 32 215 56 215 96 54 65 101 47 16 19 145 60 59 87 22 82 247 53 184 1 40 91 222 10 204
2076 22 290 60 45 81 143 62 236 10 61 31 13 26 231 12 193 51 158 53 9 52 91 82 183 87 236 68 139 76 211 85 164 23 132 46 215 43 131 55 113 39 230 95 52 25 145
2077 22 275 9 77 5 212 67 137 96 105 24 214 95 249 26 158 36 189 80 69 85 46 11 67 22 215 32 212 97 226 65 173 71 175 49 125 13 131 23 87 46 67 87 221 62 157
2078 22 288 90 198 52 2 14 125 69 45 88 217 23 154 89 95 28 137 71 213 55 184 94 227 72 141 45 58 62 220 32 123 78 21 20 179 25 185 6 193 82 195 9 204 49 149
2079 22 306 48 176 85 118 91 141 53 186 67 24 26 113 34 39 32 115 61 59 37 82 89 111 17 96 5 200 43 63 52 18 97 169 60 237 74 45 49 223 82 11 50 198 72 160
2080 22 270 35 105 51 45 23 48 52 172 90 114 24 32 77 227 2 125 48 11 64 171 8 168 69 130 87 53 36 250 13 98 34 18 81 240 95 132 62 37 47 87 68 125 16 71
2081 22 292 52 163 82 65 83 239 34 153 20 22 5 109 60 205 74 57 90 141 56 172 2 155 95 238 84 158 78 99 30 79 61 161 51 181 49 220 54 181 11 210 4 69 96 174
2082 22 321 73 27 76 127 24 215 80 57 74 60 57 54 38 119 66 235 63 169 65 11 90 116 16 170 79 77 75 197 28 120 71 202 99 98 14 160 40 219 88 145 58 6 12 192
2083 22 255 70 230 58 32 74 48 41 202 76 66 3 37 6 137 19 86 60 85 97 241 24 65 78 70 85 131 68 154 13 125 38 34 50 85 53 162 15 80 20 216 45 107 29 203
2084 22 294 18 4 17 46 73 243 80 55 10 36 86 73 50 186 59 176 88 170 68 242 36 47 66 58 13 60 64 190 90 117 57 243 85 4 27 136 21 238 74 95 91 161 5 18
2085 22 310 74 236 92 12 82 209 69 146 70 232 37 109 48 44 3 185 49 221 11 34 91 1 56 132 76 2 75 136 6 242 35 182 77 78 93 111 86 11 7 94 65 44 38 169
2086 22 254 28 236 89 240 22 182 40 177 63 215 79 37 2 134 81 239 67 107 66 109 4 221 75 210 15 119 27 108 56 197 85 43 86 176 14 17 43 181 32 121 20 184 23 56
2087 22 265 39 233 75 42 4 199 18 67 82 227 74 78 63 166 88 182 31 105 14 87 94 133 22 201 84 43 91 233 8 215 27 11 65 230 28 81 6 56 40 18 55 105 53 187
2088 22 248 60 128 50 148 23 234 69 173 17 61 98 8 95 55 24 21 67 89 46 21 64 151 27 206 18 150 10 124 4 196 83 31 48 230 3 31 25 198 74 57 7 180 80 177
2089 22 293 96 70 29 141 91 92 69 47 60 168 56 184 71 104 18 203 1 98 5 33 97 231 30 209 7 138 67 36 93 234 37 171 76 29 13 17 47 59 78 66 61 136 72 229
2090 22 279 90 174 78 144 56 226 27 38 86 83 75 2 68 44 45 101 33 65 11 179 10 238 74 225 6 85 63 79 65 152 52 92 98 59 19 124 96 205 23 58 18 54 26 250
2091 22 268 69 204 13 149 22 238 73 246 93 159 10 121 23 64 24 16 11 33 35 84 30 241 89 204 50 213 54 90 71 174 95 83 94 206 19 54 77 113 27 200 26 150 67 238
2092 22 290 84 1 21 116 43 211 69 243 76 40 98 115 13 221 62 47 44 5 3 203 73 56 59 202 70 185 1 48 86 69 35 220 72 208 14 168 55 108 97 155 10 9 77 21
2093 22 227 7 121 77 11 25 202 18 183 3 188 19 155 87 155 73 121 74 144 28 60 10 98 14 219 90 210 51 70 2 173 50 89 85 5 46 204 11 132 8 85 52 83 79 182
2094 22 296 44 90 79 57 58 170 19 33 71 188 85 245 16 10 96 105 60 248 11 195 54 156 64 37 59 199 90 41 29 71 86 118 99 192 25 19 12 208 41 100 35 217 53 231
2095 22 221 71 115 80 33 9 184 40 58 49 76 18 199 68 10 27 138 45 196 39 188 23 209 50 32 1 51 77 235 67 81 17 190 22 105 34 114 12 182 91 131 33 108 11 98
2096 22 253 84 7 88 222 31 246 23 112 96 223 40 232 41 220 51 30 65 149 4 19 17 33 7 163 97 217 53 110 14 86 16 101 9 48 48 81 61 195 76 144 19 178 75 33
2097 22 202 28 128 4 211 46 186 53 200 76 21 52 185 34 190 2 36 48 199 33 31 59 177 35 108 54 180 29 234 55 111 11 184 66 122 30 51 1 184 39 145 12 174 43 111
2098 22 263 8 125 21 184 59 131 39 239 22 45 85 228 87 106 9 87 58 244 33 197 95 43 89 57 60 133 69 117 7 41 52 168 71 141 29 214 50 198 31 86 5 90 74 112
2099 22 287 33 65 95 132 59 39 68 99 47 178 82 215 46 90 56 48 57 28 88 14 7 3 15 58 51 48 43 105 37 18 17 71 84 213 52 244 3 20 93 50 99 176 16 194
2100 22 278 65 223 41 124 1 30 37 157 83 54 14 233 8 189 89 77 7 159 11 219 61 4 72 130 48 223 30 123 88 223 90 163 63 163 45 249 21 229 54 236 93 2 94 121
2101 22 300 8 103 81 79 63 237 52 194 36 224 23 159 95 250 25 10 12 89 57 110 59 185 16 244 98 221 88 249 15 11 58 17 43 38 79 229 89 24 67 114 46 25 92 24
2102 22 271 3 52 87 144 60 198 4 44 63 248 91 34 41 50 49 101 66 242 88 146 70 29 19 188 92 16 62 20 7 87 25 210 75 218 21 123 15 185 20 107 59 100 69 57
2103 22 253 86 48 39 33 20 217 3 57 59 68 21 230 77 59 4 38 84 123 58 94 25 244 65 131 14 175 30 34 82 179 72 131 68 204 2 186 61 146 28 131 76 4 41 179
2104 22 231 94 126 4 204 33 247 28 77 13 108 92 38 38 127 21 118 48 1 37 104 5 23 62 215 18 239 45 145 24 238 27 43 97 75 20 123 39 127 66 178 16 93 98 36
2105 22 277 42 151 22 95 5 246 58 69 66 249 65 160 43 1 85 182 63 224 62 89 95 236 80 221 2 157 89 146 55 174 37 105 47 84 11 245 91 129 12 91 21 183 60 222
2106 22 305 41 221 13 135 56 142 8 9 48 198 4 2 73 41 71 226 18 215 16 248 76 159 90 199 91 237 58 159 96 229 1 166 88 223 32 97 84 182 94 89 85 118 79 95
2107 22 264 88 206 62 53 24 212 80 182 3 178 74 189 37 32 34 16 35 151 58 222 76 142 68 59 73 213 49 107 30 230 1 167 15 71 28 51 89 180 63 119 17 146 54 234
2108 22 285 30 107 91 51 82 132 70 242 56 182 40 15 63 219 65 30 6 231 58 2 52 138 32 114 8 50 61 63 33 191 19 125 41 102 59 63 95 164 44 37 78 107 57 245
2109 22 290 38 112 77 189 25 35 41 28 74 124 93 131 23 103 45 57 43 214 33 136 15 141 98 112 57 43 48 186 99 4 80 238 66 7 42 143 69 69 16 194 61 148 18 163
2110 22 300 92 24 8 7 56 193 74 49 40 35 55 182 82 140 83 37 72 22 54 30 50 45 22 120 15 189 13 25 36 30 79 155 47 136 41 59 63 30 45 167 78 158 97 116
2111 22 256 31 119 20 210 66 233 90 231 71 202 7 108 84 146 89 90 44 76 4 234 15 180 34 30 57 244 26 22 24 96 93 134 16 9 68 5 39 139 58 95 48 243 43 186
2112 22 278 33 38 61 188 22 246 54 238 27 137 17 35 80 245 9 156 90 151 89 57 11 108 13 249 98 73 46 196 15 140 99 177 87 198 93 90 38 72 78 54 6 60 48 14
2113 22 286 65 240 67 105 98 27 64 163 26 162 85 73 7 151 62 191 50 240 88 86 40 81 27 77 52 206 30 109 17 30 23 183 71 241 37 120 53 32 94 114 18 216 72 19
2114 22 228 29 12 18 19 2 3 58 184 31 236 37 86 67 45 3 98 19 135 70 9 24 190 76 226 23 169 41 191 12 209 17 125 26 237 30 146 59 110 81 245 97 98 92 101
2115 22 312 95 160 38 15 21 213 6 148 40 128 16 230 68 154 91 26 73 115 53 109 93 232 55 3 87 100 42 84 41 192 81 2 97 124 54 21 32 31 89 111 1 92 76 214
2116 22 239 20 81 23 12 62 179 66 107 15 215 1 205 43 83 9 224 81 182 16 84 3 50 91 12 34 215 94 150 86 74 24 247 87 2 93 18 29 244 70 235 2 43 10 84
2117 22 284 77 227 67 131 28 133 21 140 50 206 56 143 55 191 16 178 89 203 81 2 47 49 30 141 20 165 74 59 38 107 35 216 26 15 94 110 37 233 59 93 90 152 49 230
2118 22 227 17 79 18 171 59 19 9 51 8 129 65 36 2 23 73 110 10 138 85 126 31 94 63 65 5 207 54 106 35 74 83 202 45 44 23 62 75 121 82 189 56 35 13 78
2119 22 336 95 174 17 231 25 62 64 29 70 170 86 226 4 59 61 158 55 204 82 216 7 56 88 241 46 93 75 10 22 21 84 89 52 85 90 76 96 53 56 117 93 92 78 101
2120 22 241 2 85 6 57 18 73 66 175 13 6 70 205 80 131 29 51 19 154 8 229 47 12 86 113 78 205 63 30 58 199 37 115 68 62 30 242 74 237 61 230 43 160 9 30
2121 22 253 21 158 37 151 55 149 88 17 86 217 73 98 49 131 98 235 47 215 28 206 23 64 68 153 31 60 14 201 18 194 26 182 76 30 32 163 48 17 16 80 51 113 29 64
2122 22 237 28 134 88 143 51 240 23 113 56 125 30 199 7 130 75 86 62 239 86 180 20 56 46 151 8 8 19 56 87 232 35 172 71 27 25 161 1 87 68 76 18 216 47 1
2123 22 272 62 110 89 97 90 61 52 185 63 11 44 231 18 82 64 52 4 235 78 228 47 131 16 14 6 183 31 232 9 27 84 121 37 72 69 28 73 212 99 83 55 129 1 87
2124 22 288 95 154 92 29 34 169 75 214 40 169 18 220 52 227 98 85 49 234 58 17 11 94 89 74 24 181 22 126 17 16 79 208 44 112 78 170 63 161 80 130 28 134 6 63
2125 22 252 94 175 76 87 15 249 30 138 29 151 13 47 67 144 56 62 55 83 84 182 47 244 28 229 26 76 36 203 9 244 17 54 68 144 40 32 45 171 72 173 22 90 79 29
2126 22 242 3 34 62 86 67 60 82 194 38 157 19 124 11 80 27 133 86 221 25 19 15 45 90 239 68 176 12 57 4 191 89 154 97 155 13 30 1 1 36 71 76 146 50 194
2127 22 246 25 135 31 147 11 199 13 155 39 53 75 16 15 133 19 7 94 160 12 143 14 76 72 14 78 108 85 153 5 86 98 179 28 177 82 77 89 167 42 163 8 147 52 116
2128 22 305 91 161 77 83 52 106 90 232 15 26 34 170 64 184 35 61 79 69 39 117 57 155 10 21 38 19 67 190 86 209 14 143 28 18 49 118 99 165 95 234 58 167 45 228
2129 22 239 16 163 68 184 21 75 46 143 62 214 61 53 52 120 55 15 82 32 51 30 77 98 64 212 30 199 59 16 15 179 50 137 3 145 29 14 60 190 19 11 11 173 28 172
2130 22 311 54 159 86 57 41 14 4 225 60 85 26 61 96 143 77 124 92 64 76 88 91 150 33 159 12 43 81 139 67 137 95 190 17 198 43 143 7 179 68 169 74 61 46 247
2131 22 276 54 159 74 194 52 215 93 87 25 206 31 56 95 149 44 244 38 183 68 137 27 161 43 205 30 164 92 9 29 198 69 3 41 222 67 85 8 43 40 141 48 236 39 243
2132 22 274 79 93 32 13 62 68 89 224 63 96 54 226 76 97 34 54 46 104 58 138 25 226 22 235 19 114 27 218 51 117 61 180 59 244 44 171 12 185 96 226 30 1 57 98
2133 22 287 36 62 95 139 70 233 65 195 6 151 63 169 27 181 22 244 93 151 54 236 46 76 99 230 24 9 26 17 71 211 79 116 1 48 98 16 44 153 18 159 74 145 39 145
2134 22 290 40 183 97 145 70 192 71 169 24 42 44 134 13 70 1 236 82 81 83 128 98 200 73 202 69 231 77 213 21 223 4 103 49 225 19 245 88 62 26 59 61 43 51 111
2135 22 274 25 130 10 176 5 214 44 35 90 59 8 15 64 12 35 162 86 249 82 230 43 220 7 121 78 129 81 70 30 94 96 11 55 73 65 68 19 202 27 9 74 190 72 108
2136 22 261 54 108 59 135 87 244 30 56 50 100 86 181 82 107 10 175 53 72 27 239 49 245 42 58 71 152 83 13 23 243 66 130 1 202 19 194 33 226 46 132 11 176 64 18
2137 22 287 87 240 72 160 19 98 98 70 43 41 77 165 42 12 65 4 94 94 6 196 14 101 78 240 46 212 50 123 27 19 61 16 40 121 38 120 32 161 34 246 54 195 73 168
2138 22 258 50 166 14 105 11 127 56 191 66 153 52 16 28 178 84 88 93 176 60 181 13 32 36 144 94 172 39 247 18 163 17 18 29 130 74 41 81 83 22 184 34 137 63 22
2139 22 280 52 58 47 14 38 111 97 226 6 42 45 38 64 9 4 233 87 35 57 230 41 89 12 162 74 46 50 36 60 23 67 220 53 205 82 149 88 190 28 134 29 143 42 235
2140 22 244 78 81 69 36 10 59 74 121 22 248 18 221 33 178 44 22 15 24 96 172 81 135 63 10 92 153 60 26 32 240 17 49 5 140 21 26 37 141 49 22 20 92 43 165
2141 22 277 58 67 15 105 90 197 40 53 7 7 44 211 68 221 92 7 14 208 18 97 80 96 86 170 41 137 49 105 17 219 48 157 39 61 74 96 6 36 76 227 89 36 59 132
2142 22 324 11 6 69 132 49 175 72 85 76 177 78 242 47 77 50 14 16 60 39 113 65 124 77 142 81 237 82 41 71 194 96 39 14 249 30 241 59 232 35 84 89 102 93 80
2143 22 199 16 60 3 245 53 155 46 35 41 227 75 111 23 222 2 200 17 67 48 246 7 77 56 38 52 43 71 192 44 116 12 27 26 56 29 230 1 114 72 130 40 185 62 186
2144 22 248 51 180 2 150 28 160 26 133 97 29 25 170 21 171 87 241 32 163 16 37 43 147 39 206 19 68 48 155 71 211 92 23 90 45 23 19 4 250 52 29 80 171 49 200
2145 22 245 57 91 31 71 59 69 14 155 8 221 75 177 20 29 48 130 22 20 66 192 42 69 94 245 21 174 25 93 74 224 52 114 7 174 27 189 79 36 12 3 63 181 84 210
2146 22 277 63 205 29 34 23 23 25 93 16 122 15 239 46 108 62 221 61 227 27 134 51 6 73 79 91 84 81 3 66 66 28 123 95 213 88 137 80 59 52 220 6 111 33 26
2147 22 241 21 59 5 56 59 110 30 87 65 20 53 31 35 216 10 59 56 73 20 112 42 201 72 95 70 77 2 204 77 163 58 34 67 14 60 169 28 231 23 60 88 220 24 146
2148 22 324 44 78 67 5 69 168 78 13 87 204 41 157 97 103 17 81 75 233 94 234 53 123 64 175 83 131 15 4 56 60 49 35 76 3 45 130 20 234 85 239 24 193 59 115
2149 22 279 52 94 60 88 46 183 53 21 67 135 87 72 92 96 20 127 23 72 82 120 1 103 89 191 78 31 55 40 58 133 47 80 36 200 54 186 38 175 28 185 44 154 8 167
2150 22 299 87 27 69 139 81 159 80 108 39 157 12 80 21 64 3 118 94 88 19 197 91 104 35 115 10 34 78 126 72 6 46 211 36 104 90 93 45 48 56 224 97 127 38 50
2151 22 274 96 33 89 14 79 32 67 163 98 248 84 208 33 11 5 17 31 17 52 86 8 197 80 205 4 53 28 93 23 125 93 88 53 224 55 118 21 202 1 178 86 11 13 140
2152 22 272 29 95 8 131 30 165 77 12 19 180 65 172 57 125 82 33 67 220 35 142 76 2 63 79 52 142 14 115 6 6 93 200 25 232 78 153 43 148 33 59 92 115 46 225
2153 22 282 49 112 46 133 54 71 87 218 90 109 63 204 67 168 99 16 32 23 47 209 76 91 57 110 27 101 65 72 75 113 36 121 48 39 41 84 8 192 23 68 4 229 34 123
2154 22 313 27 2 4 151 98 215 28 191 21 37 89 97 37 204 71 64 66 56 84 163 46 226 53 19 72 122 1 106 96 127 57 102 79 206 16 57 88 195 34 184 90 104 97 105
2155 22 262 61 32 20 206 59 217 58 128 37 230 99 87 87 197 15 145 98 46 52 113 4 98 48 184 85 81 25 241 29 179 1 210 50 59 19 117 16 196 55 147 96 42 35 242
2156 22 302 58 79 91 105 81 105 80 56 6 15 43 138 39 35 67 119 87 26 19 195 96 237 13 141 61 39 34 46 82 42 76 23 46 6 27 56 85 113 53 227 50 41 16 12
2157 22 276 99 194 82 194 89 118 56 132 8 166 70 142 11 51 85 187 75 32 94 154 37 233 38 199 16 51 28 128 18 89 26 161 72 69 52 189 24 135 48 142 54 239 25 242
2158 22 254 31 157 38 34 95 120 73 44 54 88 46 233 67 163 23 192 26 244 13 77 82 88 79 218 70 183 24 155 53 61 90 97 30 112 42 86 1 187 20 219 50 93 11 25
2159 22 269 36 23 3 120 10 117 51 89 84 222 73 108 18 46 63 70 9 154 17 240 58 177 45 97 37 46 91 149 72 126 26 97 82 92 49 72 75 171 46 32 38 194 96 58
2160 22 288 2 50 76 243 17 233 20 186 29 118 74 76 58 174 97 135 96 74 82 180 65 32 3 191 49 75 92 92 72 99 95 121 26 87 39 8 8 177 75 202 64 234 13 119
2161 22 230 73 138 52 102 3 233 5 95 35 205 69 78 98 241 28 242 63 53 80 204 62 38 30 200 14 183 16 98 8 230 68 83 17 19 34 21 51 240 37 46 36 216 43 228
2162 22 289 93 36 91 45 66 144 7 105 25 8 18 57 67 217 4 234 99 223 84 95 26 210 95 221 98 61 14 175 53 51 15 200 16 110 56 222 86 15 90 245 8 63 45 44
2163 22 280 61 219 49 46 64 205 73 125 50 44 22 110 9 247 14 109 63 227 23 220 98 158 35 239 52 126 47 214 72 92 26 193 40 74 56 45 46 130 96 41 54 55 70 60
2164 22 219 12 133 86 84 2 233 94 188 22 97 15 20 63 37 40 229 13 86 48 11 17 245 51 120 99 2 69 71 11 33 53 198 18 54 30 61 3 10 8 124 46 188 76 92
2165 22 239 78 61 89 88 30 34 90 99 34 93 20 4 3 152 58 100 21 214 32 134 57 236 43 64 12 166 62 149 28 37 40 57 50 131 96 179 16 236 29 51 7 83 64 34
2166 22 265 24 177 17 207 35 3 49 149 66 116 12 214 43 98 4 152 97 186 47 77 51 234 56 1 14 55 9 246 58 223 31 231 99 148 87 86 2 137 84 67 82 96 94 187
2167 22 262 47 143 72 144 69 174 29 26 77 142 31 35 87 90 57 120 8 119 10 93 70 96 28 38 49 74 21 44 19 208 43 61 81 138 82 105 16 9 58 89 67 246 30 24
2168 22 267 65 201 83 85 62 225 54 107 93 157 79 114 53 97 23 195 10 103 34 243 9 49 51 189 58 192 6 6 81 222 24 213 7 35 89 112 94 144 5 2 70 54 20 92
2169 22 271 81 46 33 225 55 184 26 145 43 19 2 198 41 32 70 216 96 226 53 236 39 96 99 154 64 3 76 5 4 156 89 233 7 124 8 151 16 78 18 236 85 134 82 112
2170 22 301 86 169 50 183 45 131 5 208 85 180 15 189 88 217 77 170 25 150 29 225 17 56 79 182 23 165 68 208 98 179 93 16 81 227 67 125 8 172 84 194 51 248 32 140
2171 22 228 16 10 59 140 61 37 15 78 92 43 9 167 77 124 6 107 19 24 87 145 42 61 4 165 95 48 68 94 31 7 60 41 51 51 2 117 28 46 62 239 12 70 17 187
2172 22 315 28 23 55 101 10 102 44 122 7 9 18 104 76 62 85 132 73 27 99 75 77 3 92 57 98 203 97 111 74 63 1 85 4 153 96 105 47 18 61 107 37 117 82 250
2173 22 250 3 215 74 129 64 249 57 118 40 215 65 244 61 127 17 25 73 68 12 176 20 107 82 68 26 145 24 63 63 222 38 93 37 86 51 204 25 216 68 178 96 134 5 120
2174 22 271 53 16 48 125 22 29 42 200 75 116 62 35 25 249 95 12 91 133 99 194 38 223 9 157 88 104 78 242 24 130 7 223 54 231 3 196 80 128 13 43 12 136 69 13
2175 22 227 33 81 55 65 29 148 53 104 8 11 45 96 65 124 39 190 4 48 62 109 78 14 56 59 41 170 1 155 6 169 69 238 51 223 80 121 35 130 17 131 77 133 5 16
2176 22 291 72 110 13 233 20 192 48 226 50 91 95 100 45 52 70 13 41 221 87 45 52 59 86 189 68 18 15 100 24 132 23 233 46 107 3 237 55 130 88 45 89 141 76 159
2177 22 262 55 216 79 91 12 182 50 164 67 88 83 86 54 185 10 86 57 44 81 64 98 118 18 77 7 164 3 96 30 4 8 197 84 148 9 165 49 222 88 56 68 42 40 129
2178 22 276 77 197 73 7 60 120 76 129 49 33 92 1 78 95 80 233 4 76 66 3 36 130 52 207 64 239 13 31 8 50 84 117 11 155 39 203 26 80 55 205 34 39 29 112
2179 22 341 54 32 97 235 35 156 98 23 20 81 5 21 92 14 23 127 80 83 31 74 72 86 1 53 90 106 79 176 96 209 37 250 85 86 76 140 86 149 59 68 82 11 68 204
2180 22 319 87 150 88 167 23 9 52 123 64 244 30 242 69 76 57 177 94 41 14 19 33 101 91 168 73 74 28 193 27 64 92 17 83 166 25 186 40 188 79 72 81 199 47 185
2181 22 318 55 175 78 148 90 96 80 241 15 222 8 139 46 188 31 174 53 24 35 189 73 79 54 151 87 202 98 71 74 250 63 95 86 53 11 208 50 3 76 204 66 139 44 182
2182 22 287 13 24 37 113 73 25 16 172 97 224 95 196 78 158 41 164 60 101 71 124 52 225 23 182 50 77 67 67 80 150 29 204 39 243 59 150 62 132 46 57 11 3 49 176
2183 22 244 15 152 48 40 3 122 63 86 24 91 22 92 59 204 44 139 82 233 88 46 91 89 7 124 85 214 87 39 12 62 5 165 60 245 18 183 8 201 77 250 30 93 49 140
2184 22 292 26 181 27 121 24 66 78 149 2 93 85 140 56 199 97 21 60 191 88 44 99 142 52 149 18 53 9 99 45 9 38 220 89 67 92 214 34 219 15 85 61 249 74 167
2185 22 315 99 170 87 160 62 26 54 12 67 7 10 237 9 220 35 55 78 175 26 19 93 67 34 76 86 48 60 198 85 114 97 7 52 209 20 29 12 82 48 20 84 78 63 220
2186 22 292 32 142 46 109 62 88 25 96 63 210 43 174 60 41 11 225 90 17 77 48 36 7 67 54 30 112 87 9 74 159 92 167 54 100 79 242 24 126 6 86 68 180 45 161
2187 22 255 90 69 2 58 97 149 45 156 11 14 9 242 75 148 56 93 16 209 42 96 52 67 23 58 43 89 98 103 30 19 4 39 67 204 83 72 66 148 33 107 72 30 8 171
2188 22 275 35 50 39 145 43 36 47 159 59 106 13 51 96 10 55 175 80 60 63 47 65 97 70 230 95 102 38 16 33 145 89 169 46 229 14 138 66 112 24 69 10 126 20 232
2189 22 250 38 199 43 102 97 7 48 169 88 44 20 25 12 3 21 52 71 66 30 86 5 145 99 203 17 12 98 230 83 32 19 234 74 72 33 122 15 120 26 224 29 246 35 8
2190 22 281 34 239 5 232 93 225 1 55 24 32 87 55 72 229 22 4 13 93 32 110 80 185 95 97 64 191 83 23 26 223 29 207 66 205 57 172 79 189 60 33 91 82 12 85
2191 22 239 25 107 37 59 16 159 88 2 55 86 17 247 18 142 72 43 70 179 8 225 81 203 27 90 87 167 71 52 7 128 39 44 36 206 4 176 58 11 76 107 28 123 38 108
2192 22 282 82 62 45 112 16 123 1 55 92 224 6 72 33 62 77 21 67 130 96 75 90 58 46 138 68 173 12 56 93 117 29 4 35 151 7 139 42 132 65 165 78 26 50 144
2193 22 244 23 247 69 212 55 118 9 44 88 184 56 243 66 48 11 94 54 45 96 62 33 138 45 28 8 82 2 9 75 25 6 45 12 15 97 205 30 110 94 245 10 154 40 15
2194 22 283 49 35 78 233 24 74 11 228 36 70 61 38 35 164 83 32 53 244 96 99 1 247 30 160 90 226 71 195 15 137 93 52 66 228 25 91 88 154 27 159 14 216 86 51
2195 22 301 29 171 82 83 14 127 25 163 76 16 39 98 10 53 87 205 54 2 32 31 43 21 84 21 79 248 36 16 98 216 31 48 2 209 81 17 83 244 42 198 92 9 86 28
2196 22 268 63 242 81 246 22 75 68 205 95 148 54 182 14 203 97 99 33 195 50 141 25 67 10 224 1 203 87 230 47 28 45 151 37 12 55 234 9 165 23 213 62 23 96 108
2197 22 268 25 138 82 241 63 2 2 138 55 120 40 36 69 19 98 163 19 35 76 24 18 185 34 182 59 246 95 132 43 202 6 131 86 148 87 1 32 40 5 154 41 172 38 186
2198 22 257 19 124 61 94 41 248 29 175 8 76 21 191 73 98 51 8 95 95 96 246 28 187 2 31 18 42 54 120 32 91 88 5 4 33 48 151 11 24 60 86 94 151 98 56
2199 22 284 27 95 50 222 42 130 61 243 62 228 37 168 47 120 58 36 26 161 68 75 13 180 25 16 44 125 71 13 74 77 40 68 78 161 59 59 21 104 51 92 88 199 97 87
2200 22 262 38 110 54 215 74 186 64 98 3 7 22 73 72 196 1 61 65 181 23 226 89 96 29 161 46 22 48 146 86 97 32 223 6 238 37 79 73 203 77 225 11 148 99 182
2201 22 240 45 2 92 60 34 65 85 124 10 215 35 107 38 34 4 23 30 86 97 85 25 136 14 97 42 173 48 191 73 80 36 174 57 237 33 81 49 115 6 86 50 60 60 130
2202 22 295 45 158 66 171 93 229 17 232 72 41 30 213 63 61 50 137 35 246 95 174 77 171 78 93 27 215 43 38 26 222 84 183 87 204 18 72 59 139 62 40 3 74 52 62
2203 22 258 85 249 57 108 30 133 7 226 8 223 20 145 50 141 83 29 33 110 48 54 18 239 17 208 91 91 59 195 54 195 43 112 4 73 95 34 31 72 93 156 40 5 69 37
2204 22 246 13 2 98 111 57 166 49 174 25 39 66 133 33 119 30 28 81 83 52 77 34 250 11 39 92 200 46 176 18 34 38 219 82 148 28 49 1 125 89 16 7 73 36 38
2205 22 261 52 216 21 153 94 88 37 143 48 177 34 247 22 159 15 106 97 35 39 196 12 37 96 14 11 134 81 19 8 117 57 10 84 29 62 78 66 50 20 164 79 56 10 150
2206 22 227 64 226 57 12 13 95 10 226 33 205 40 245 72 14 47 190 58 124 53 167 21 124 30 249 29 92 51 245 19 209 8 31 6 167 7 138 73 98 85 14 69 100 63 111
2207 22 279 71 220 84 72 91 138 38 114 11 170 62 42 64 138 29 25 95 62 80 14 18 169 36 17 53 250 35 2 47 124 33 132 24 19 85 137 32 56 75 66 46 190 8 9
2208 22 286 69 21 26 37 59 92 90 108 79 43 71 75 19 3 65 128 27 99 64 60 56 216 84 71 31 245 20 105 88 125 5 76 33 148 17 192 78 160 55 178 13 242 96 89
2209 22 245 93 212 1 50 27 84 21 57 81 241 28 35 69 165 11 175 90 244 73 107 37 100 68 151 56 147 19 168 66 109 34 27 59 84 55 44 6 213 74 46 10 16 4 121
2210 22 288 41 196 64 13 4 150 14 21 52 222 17 20 89 156 88 99 40 66 9 125 71 103 30 83 28 225 75 38 92 80 58 32 73 146 78 22 62 50 76 183 68 147 23 76
2211 22 263 84 124 17 150 82 241 70 136 54 64 46 78 1 87 58 110 21 34 16 64 5 77 13 130 11 181 77 34 60 9 74 111 40 214 32 178 83 38 91 230 65 193 52 36
2212 22 276 10 135 4 73 89 182 87 221 43 69 97 178 76 208 86 149 19 227 14 50 48 87 46 177 88 95 29 91 30 140 75 235 12 66 17 101 36 61 69 32 38 95 91 25
2213 22 279 45 159 51 59 11 7 6 249 52 183 4 190 27 35 82 8 74 209 38 24 13 88 59 173 56 192 12 202 84 138 97 145 88 207 55 246 98 246 89 124 43 170 34 166
2214 22 224 78 180 53 3 42 240 11 214 48 104 27 49 40 214 47 234 3 153 38 199 17 242 46 64 2 86 90 44 55 23 12 235 4 66 37 95 8 150 60 5 86 155 94 51
2215 22 256 52 177 3 106 14 53 24 208 88 9 85 27 55 190 51 68 76 204 33 12 98 40 11 59 94 16 59 94 2 136 48 109 1 1 10 100 20 21 35 148 75 76 92 101
2216 22 298 3 226 12 2 16 125 60 161 40 103 11 200 98 214 85 245 73 38 95 105 47 95 76 217 31 123 93 56 72 86 8 124 71 227 27 95 36 89 88 50 86 37 65 222
2217 22 262 81 187 59 128 93 58 24 220 54 194 17 211 65 204 68 190 15 40 18 193 35 53 32 72 92 183 28 47 9 86 91 236 30 200 11 50 64 243 60 45 43 101 62 134
2218 22 338 19 104 18 23 37 192 15 21 50 142 82 102 55 75 89 84 24 99 85 99 62 228 90 87 39 87 31 91 61 55 84 84 92 125 98 164 77 141 81 58 93 87 71 8
2219 22 323 32 155 56 45 34 148 82 224 86 164 67 185 78 227 89 162 62 132 88 161 96 116 2 128 74 146 15 157 37 16 9 141 72 104 77 19 87 200 54 250 18 38 80 47
2220 22 275 28 241 58 10 80 221 7 96 74 34 21 121 79 48 36 145 9 227 66 164 55 136 6 91 1 74 78 180 72 107 29 218 52 1 99 124 60 171 96 109 49 144 47 45
2221 22 282 4 125 12 117 79 47 68 34 87 68 59 116 48 180 25 19 11 42 22 63 18 70 89 129 42 134 91 27 85 185 30 9 97 198 45 165 23 234 33 133 99 82 63 25
2222 22 328 2 125 67 74 87 186 95 225 64 87 59 152 79 237 63 69 11 16 82 206 81 156 91 15 88 241 48 202 16 149 26 82 72 115 69 69 39 182 55 49 33 233 86 119
2223 22 238 47 206 14 160 71 247 17 3 54 7 19 41 66 95 62 215 20 195 38 136 63 106 27 244 10 125 79 94 12 47 93 217 2 188 60 168 92 163 24 161 6 22 76 150
2224 22 330 84 42 71 228 80 57 93 185 85 238 97 109 16 242 65 34 89 228 87 126 38 4 70 152 79 180 59 51 7 208 36 151 81 15 39 157 14 123 95 62 33 60 4 203
2225 22 329 26 189 92 204 76 119 41 131 90 94 62 169 53 62 28 212 49 178 42 113 7 182 70 172 6 16 86 239 77 139 93 153 29 184 56 155 98 187 94 141 48 165 95 111
2226 22 240 94 107 9 73 50 71 31 82 42 2 87 59 39 225 86 179 18 138 8 53 45 163 1 55 84 250 21 131 12 114 20 186 36 93 16 69 69 158 95 58 80 236 19 195
2227 22 238 6 115 60 66 8 160 20 93 92 223 23 155 11 143 42 197 87 59 67 74 30 24 18 189 58 49 26 110 19 221 33 180 85 142 41 154 35 202 48 59 75 54 70 169
2228 22 250 46 168 7 156 34 180 87 160 75 19 1 230 19 73 97 53 4 131 95 146 36 31 48 35 39 124 8 42 41 11 29 128 20 80 54 40 80 56 69 150 28 217 83 199
2229 22 229 98 229 37 130 78 221 69 51 9 28 44 244 3 193 15 223 16 36 55 119 25 36 75 93 35 154 62 90 10 190 67 148 46 29 65 89 19 133 13 83 57 78 18 111
2230 22 350 48 44 96 222 38 182 28 149 72 66 61 211 82 8 79 227 78 168 22 109 84 62 83 4 44 247 74 55 63 121 58 195 37 190 36 63 89 48 73 72 57 153 98 237
2231 22 209 22 169 45 5 32 179 10 25 25 47 26 100 1 138 98 118 89 39 41 174 51 229 23 225 50 229 29 199 65 151 17 161 7 50 39 117 15 163 52 214 16 191 86 17
2232 22 261 40 153 55 78 46 28 30 124 52 106 76 181 85 224 47 235 43 158 41 242 57 20 13 20 71 176 87 13 61 3 5 216 8 84 11 237 14 86 89 219 63 221 53 187
2233 22 300 17 139 31 124 80 74 22 88 43 36 59 165 61 195 30 24 98 184 39 157 1 143 82 36 81 201 99 153 55 37 20 244 69 95 73 192 68 62 87 203 71 51 14 215
2234 22 274 32 39 64 115 77 170 34 79 13 215 16 245 17 66 48 122 52 119 20 213 41 14 81 2 50 185 22 52 89 234 88 102 72 35 44 186 60 180 68 225 79 91 29 47
2235 22 278 7 250 62 247 63 94 99 14 78 122 16 228 60 151 67 164 2 183 87 237 22 88 89 3 5 66 32 46 94 80 45 191 1 108 34 199 23 62 90 141 82 40 57 147
2236 22 250 94 139 83 80 69 154 17 207 56 121 22 189 68 117 19 120 12 209 70 171 93 120 41 135 46 24 26 2 4 50 61 107 66 19 15 189 91 53 6 157 23 177 20 132
2237 22 228 48 242 26 217 35 131 60 121 78 235 46 29 7 117 23 210 66 185 69 132 4 33 22 244 87 229 2 110 6 74 43 3 15 68 72 51 83 171 77 17 19 207 25 35
2238 22 297 30 85 64 3 83 69 37 104 23 83 66 34 88 91 26 92 5 193 15 58 92 149 20 18 48 127 82 206 78 232 71 182 90 68 53 141 2 70 74 41 60 152 84 167
2239 22 324 96 249 26 188 99 155 59 16 3 85 58 184 40 87 17 213 19 33 52 86 56 78 5 178 54 245 89 107 80 105 78 180 91 179 85 50 94 89 34 203 74 26 90 141
2240 22 300 88 160 75 191 97 28 98 175 82 225 30 78 64 236 57 18 37 87 50 128 15 236 77 60 24 162 63 197 87 154 39 26 65 216 59 194 14 185 16 104 51 151 13 21
2241 22 273 90 51 72 19 65 9 97 226 84 208 38 232 45 243 23 22 55 87 66 31 3 250 7 192 16 13 68 125 15 59 25 238 77 91 98 123 81 81 6 12 27 148 34 98
2242 22 275 5 223 37 222 53 39 73 161 81 90 25 8 99 241 16 73 80 245 15 177 17 183 57 49 88 70 77 87 6 177 93 178 13 214 82 4 87 192 36 126 60 235 2 51
2243 22 246 90 33 97 54 9 13 38 17 64 27 36 140 14 41 16 106 70 31 72 101 84 208 43 119 35 9 30 170 25 183 15 218 23 230 7 41 78 135 49 121 50 104 40 82
2244 22 263 77 41 65 186 85 85 21 45 64 40 19 98 11 33 12 180 54 86 9 60 76 154 43 104 90 91 24 89 97 15 73 55 37 211 41 222 31 135 87 120 6 235 32 140
2245 22 270 48 11 43 234 21 2 9 26 97 64 65 139 89 106 87 154 28 62 60 14 22 3 52 239 26 73 44 60 4 133 57 16 27 42 88 31 51 164 77 66 80 217 5 35
2246 22 238 54 210 62 65 19 28 86 21 16 187 10 41 9 105 2 14 90 11 31 16 52 18 48 54 33 226 70 213 43 176 47 196 85 11 12 5 97 128 5 235 39 248 45 195
2247 22 227 99 108 84 209 90 152 13 107 66 140 27 137 52 69 64 200 16 48 62 227 55 201 23 134 8 157 74 155 3 168 10 54 28 7 5 43 48 83 32 201 51 195 1 118
2248 22 327 95 64 44 249 65 118 84 24 76 207 28 228 82 187 79 147 37 85 24 196 42 169 93 124 75 144 96 142 40 209 88 88 25 205 23 98 81 231 27 58 7 111 97 235
2249 22 305 57 35 22 133 30 213 53 25 86 102 70 212 97 165 4 187 73 43 76 50 47 151 27 131 24 237 39 134 33 174 92 219 45 226 99 159 28 75 44 81 94 206 80 8
2250 22 323 11 68 82 203 95 31 51 195 80 128 78 155 66 116 90 150 91 131 18 87 9 168 45 188 92 91 19 85 96 150 94 58 69 28 10 113 60 160 89 39 43 106 4 232
2251 22 296 55 47 65 123 33 25 40 230 12 134 70 82 20 217 31 14 74 49 93 135 14 52 46 173 43 187 13 185 92 16 69 47 85 169 99 109 10 128 49 152 84 128 90 135
2252 22 300 22 24 48 173 69 172 65 5 84 52 99 1 70 195 6 215 63 114 76 42 33 69 42 186 62 197 56 33 3 205 90 76 97 61 75 145 96 191 27 151 5 241 14 30
2253 22 269 34 48 75 86 84 132 57 145 78 12 79 149 66 86 89 241 9 35 3 233 65 128 21 244 25 86 43 6 70 190 8 146 28 131 40 105 94 168 56 159 53 144 1 11
2254 22 309 80 153 95 60 20 222 30 63 1 154 98 243 61 219 35 170 15 161 63 142 92 54 37 221 53 46 76 198 96 188 27 51 83 36 70 106 65 34 7 70 81 199 52 85
2255 22 273 2 116 96 16 7 139 69 206 75 142 61 70 67 208 18 6 35 120 40 220 41 246 87 124 4 206 56 104 38 157 39 240 24 184 82 72 76 188 98 169 20 135 57 189
2256 22 310 42 191 8 234 13 250 79 149 75 134 54 130 37 94 89 175 35 12 60 41 94 133 68 33 81 236 32 52 22 88 40 214 31 149 97 245 98 27 93 122 53 248 41 93
2257 22 259 75 227 57 86 68 52 69 85 84 151 21 17 52 144 6 43 88 191 5 182 90 33 26 163 42 24 65 42 16 108 43 64 1 162 67 221 48 50 73 168 24 164 18 20
2258 22 248 61 110 27 242 99 59 68 211 3 43 28 144 10 185 11 2 50 63 65 66 84 113 17 6 32 134 45 108 49 167 59 193 62 109 1 179 20 205 23 147 98 32 83 10
2259 22 259 36 134 23 150 51 106 12 17 13 246 2 244 40 109 45 206 77 153 50 38 63 103 18 182 57 242 80 7 62 16 58 97 88 160 47 45 73 163 68 16 1 160 75 195
2260 22 340 17 3 99 217 92 62 69 61 95 125 52 25 83 74 88 249 84 85 36 95 31 233 96 240 37 11 42 248 87 139 64 239 82 130 50 100 97 77 43 73 9 167 10 159
2261 22 291 52 246 97 196 29 79 64 176 18 2 36 11 99 25 49 65 63 88 96 245 39 48 38 135 76 231 57 34 19 193 89 147 44 219 62 219 86 16 7 148 16 31 30 145
2262 22 248 34 128 41 72 27 129 7 2 11 15 85 209 33 79 10 99 69 158 44 187 63 74 86 71 74 52 53 120 83 97 3 62 40 176 38 170 32 89 80 249 76 88 4 247
2263 22 250 83 125 6 177 13 74 41 89 12 61 33 97 11 135 59 150 60 246 71 44 35 50 94 60 39 126 65 87 42 235 16 77 44 129 37 57 91 1 89 211 25 147 36 143
2264 22 240 83 231 29 35 24 240 23 250 54 110 10 247 1 246 52 218 22 97 46 208 5 238 58 193 77 20 19 225 84 54 69 217 85 47 3 158 86 125 59 92 36 168 38 139
2265 22 304 13 141 56 234 87 54 43 241 93 102 85 221 72 3 96 205 8 164 73 192 27 202 50 204 62 41 39 230 30 177 94 120 35 80 40 122 98 182 26 232 53 49 36 200
2266 22 253 3 244 63 128 35 27 54 238 77 57 69 198 81 99 26 124 68 110 5 176 51 29 73 183 4 207 52 42 34 6 37 248 33 174 27 89 61 103 47 62 23 46 92 171
2267 22 284 72 168 41 233 22 18 34 250 92 166 3 198 2 106 87 112 28 86 96 151 12 36 64 64 33 225 37 78 67 159 49 84 84 157 68 167 57 10 32 111 85 217 71 78
2268 22 268 28 106 75 130 68 61 93 233 21 22 86 232 23 119 82 156 25 250 22 33 9 5 44 215 41 110 65 161 39 94 18 63 73 37 66 20 69 135 42 191 70 73 13 140
2269 22 219 5 170 66 54 43 49 62 97 42 128 87 153 94 249 37 116 7 12 3 182 27 24 63 115 32 40 6 71 44 75 86 249 17 236 15 177 39 203 81 133 1 75 21 169
2270 22 239 82 182 73 65 60 48 64 72 6 105 3 63 77 248 38 113 98 54 59 21 27 48 26 234 54 46 15 236 20 181 47 117 94 71 51 175 37 64 2 134 16 84 8 115
2271 22 267 42 228 43 241 53 2 24 180 87 178 25 203 65 146 83 161 14 78 95 181 8 231 44 61 17 148 28 50 5 192 93 185 84 237 40 107 66 76 36 242 30 150 89 12
2272 22 264 63 102 91 245 48 121 4 29 16 164 47 113 98 70 35 240 54 23 25 92 12 34 59 189 19 202 18 171 40 181 33 41 71 179 88 242 96 166 72 39 13 93 55 96
2273 22 265 97 79 87 208 62 147 48 133 65 53 79 217 15 118 10 197 36 221 95 1 92 135 16 86 9 20 81 5 19 64 11 194 14 227 23 84 30 141 47 53 34 23 93 185
2274 22 244 66 27 52 101 85 71 33 191 20 203 56 81 17 166 26 232 44 223 81 168 58 210 8 212 42 234 48 28 51 74 29 201 60 149 35 52 68 137 7 249 5 174 86 167
2275 22 267 51 116 84 60 27 243 17 87 57 74 28 40 23 105 93 148 33 45 30 60 66 216 71 139 26 58 7 78 74 92 87 202 56 140 43 129 54 173 76 101 5 171 60 37
2276 22 312 52 169 89 117 85 40 39 125 65 197 84 144 72 225 31 25 63 86 5 66 33 241 69 156 16 222 62 138 99 139 49 239 6 235 78 246 95 44 45 238 21 120 92 184
2277 22 265 5 56 40 123 88 30 93 45 96 214 7 135 94 157 74 145 95 131 31 24 26 192 18 170 8 36 61 77 27 94 84 84 35 6 15 100 62 64 24 248 9 182 71 103
2278 22 310 26 151 86 100 79 229 19 48 17 26 85 27 5 214 72 88 97 58 95 122 24 44 92 37 57 17 35 168 99 55 6 57 25 84 44 233 54 171 82 125 80 205 64 29
2279 22 272 62 8 50 38 52 243 74 10 60 108 29 208 65 151 33 220 57 58 5 94 53 239 47 225 80 100 89 34 13 119 98 23 70 185 26 113 8 37 22 218 66 79 32 216
2280 22 253 11 53 22 70 9 118 72 47 66 247 5 146 98 143 29 212 61 178 84 131 12 159 45 222 46 216 39 113 96 170 28 56 1 126 30 218 49 178 34 97 82 179 94 225
2281 22 264 59 108 87 137 43 69 4 163 71 149 78 9 63 23 90 181 51 40 8 30 10 156 57 143 5 141 73 250 65 233 3 119 72 219 84 39 14 150 86 77 6 68 30 195
2282 22 286 75 61 4 233 18 48 87 10 22 86 24 55 45 176 96 149 98 183 86 52 46 135 68 83 13 173 3 242 19 227 23 61 72 172 97 181 85 156 50 129 83 174 32 19
2283 22 253 73 116 6 26 61 240 43 245 52 215 49 146 33 178 7 238 71 81 37 3 76 71 58 177 1 192 23 220 38 75 75 50 16 119 97 70 83 245 65 117 22 14 26 12
2284 22 330 86 208 98 88 83 68 47 161 70 38 10 47 13 82 96 152 58 220 52 174 90 200 93 124 44 59 18 174 67 229 9 176 76 198 60 145 66 35 32 12 97 13 57 99
2285 22 251 22 78 2 147 67 101 39 242 96 49 31 113 50 193 30 125 70 29 35 16 74 104 59 137 92 7 99 100 5 123 29 6 19 147 6 10 88 2 8 221 66 30 20 11
2286 22 191 11 146 30 242 32 46 15 238 26 225 74 120 25 71 36 247 50 194 67 246 51 126 4 36 6 220 17 227 27 224 20 6 35 95 84 9 70 5 42 194 23 11 22 123
2287 22 261 36 7 77 171 14 198 87 40 79 216 15 139 85 222 47 221 16 180 82 136 34 173 31 110 52 75 26 85 57 149 72 15 27 95 30 176 81 71 6 248 46 83 44 155
2288 22 320 72 223 86 209 58 11 92 220 12 168 55 90 52 113 88 175 27 216 69 158 93 200 78 150 99 162 95 233 18 239 38 142 63 225 2 173 35 193 60 98 44 156 45 36
2289 22 262 7 72 37 6 35 231 38 5 21 227 98 236 2 199 60 186 44 151 34 205 18 59 47 157 96 242 12 192 77 121 65 165 76 199 55 68 92 52 3 143 51 62 80 244
2290 22 305 64 164 48 163 86 217 73 85 23 68 26 37 11 205 57 225 19 134 14 200 80 184 43 132 88 237 82 150 67 227 65 80 52 151 17 72 27 105 81 113 99 98 98 11
2291 22 305 98 142 44 37 79 125 38 45 3 103 76 81 34 42 75 185 93 141 56 169 46 188 99 210 49 58 27 15 7 239 14 98 83 1 59 38 20 14 42 245 94 25 87 18
2292 22 321 60 81 10 67 49 5 4 199 67 51 99 124 79 64 30 18 77 177 52 27 55 162 74 175 8 121 68 183 59 137 94 89 97 60 37 3 16 137 69 216 85 192 95 248
2293 22 254 73 114 77 152 15 153 6 228 21 179 3 79 51 22 11 159 9 4 49 55 85 57 30 173 76 46 8 169 40 207 44 153 35 45 69 88 96 8 98 188 81 222 41 130
2294 22 279 3 240 36 218 26 92 47 199 69 194 8 90 83 216 37 151 77 205 90 226 53 199 57 202 73 186 30 154 91 169 39 160 44 133 58 244 2 151 92 86 74 73 29 208
2295 22 258 77 131 8 136 83 144 22 107 32 1 11 22 21 51 33 67 90 60 86 193 63 127 79 31 3 203 51 104 31 60 64 67 18 248 91 104 42 94 66 15 14 17 47 180
2296 22 238 99 238 42 36 31 6 13 209 38 117 11 138 22 93 47 4 56 13 23 153 75 164 9 68 59 74 82 222 40 230 54 39 68 197 26 148 2 190 58 89 20 78 78 164
2297 22 243 76 233 20 138 6 74 15 171 32 132 29 6 16 102 97 45 57 87 62 153 13 11 56 202 46 8 91 75 87 55 50 71 26 190 78 49 4 100 33 237 28 190 52 82
2298 22 264 86 97 88 223 60 43 85 73 50 38 94 98 47 135 22 133 39 122 6 164 61 133 12 166 83 146 52 212 4 145 71 152 33 45 13 77 79 35 28 66 29 125 15 15
2299 22 227 97 49 3 20 4 116 32 237 29 97 21 177 50 134 61 53 79 83 6 63 77 19 89 155 5 18 23 35 43 239 49 41 87 103 10 141 20 93 1 189 88 182 37 193
2300 22 212 60 120 98 124 48 118 14 105 25 132 29 159 24 17 10 166 3 162 27 193 32 169 21 82 9 71 55 246 40 166 67 140 15 7 53 21 33 34 49 142 65 201 74 117
2301 22 226 14 2 60 195 70 82 28 128 53 87 26 7 35 117 72 3 6 211 19 115 64 189 47 249 87 90 58 51 42 83 18 106 29 152 4 160 80 234 11 170 27 194 57 35
2302 22 248 56 175 51 221 14 199 20 202 41 229 3 32 11 22 89 145 1 9 72 86 75 91 96 46 45 174 10 97 27 162 67 240 61 36 92 103 46 134 77 67 23 71 16 115
2303 22 281 73 26 38 8 78 5 96 172 79 186 22 90 32 149 52 201 40 214 36 33 16 102 28 51 30 144 75 200 11 139 89 126 88 204 37 35 77 17 23 101 6 104 99 209
2304 22 284 56 90 72 142 25 237 45 52 88 224 48 62 75 208 3 101 46 178 33 186 83 171 60 39 94 60 96 100 5 5 1 126 98 75 63 194 29 2 19 26 15 146 85 217
2305 22 286 46 183 97 180 20 229 50 143 90 240 37 201 36 238 62 190 94 165 15 194 39 29 89 217 82 8 53 31 13 250 65 9 80 136 40 131 78 129 21 166 32 208 5 143
2306 22 298 47 99 7 63 94 148 82 216 75 139 62 121 93 192 84 143 8 244 22 243 83 54 20 212 74 186 43 131 42 137 79 140 44 135 37 17 58 61 55 69 17 42 69 160
2307 22 259 15 63 43 18 83 56 94 120 48 26 61 186 57 153 31 50 37 173 36 155 98 60 1 129 63 147 54 183 7 20 46 49 39 180 6 182 51 153 10 163 90 66 67 171
2308 22 251 17 56 93 104 10 25 1 121 28 180 31 92 78 134 24 234 3 121 84 42 52 89 25 52 86 67 83 153 19 38 47 222 48 24 23 118 53 54 94 231 69 67 39 90
2309 22 294 2 182 41 141 8 145 83 94 11 117 96 45 71 115 35 170 88 182 95 62 51 47 67 51 40 198 87 108 16 77 49 167 42 159 15 36 94 60 98 110 56 244 33 22
2310 22 253 28 52 9 109 96 123 12 142 89 162 33 138 40 3 76 39 22 135 30 180 50 67 73 59 66 33 16 9 15 237 39 68 98 147 20 110 56 110 24 38 23 129 99 19
2311 22 283 23 233 3 84 16 225 95 233 9 210 44 23 99 132 42 96 80 206 67 240 63 226 13 102 35 231 25 135 51 197 70 151 49 53 18 76 97 101 84 109 94 59 57 177
2312 22 269 4 56 8 220 95 20 47 9 72 20 94 204 46 180 6 142 99 56 93 54 74 170 2 126 3 60 21 161 16 97 61 171 52 70 40 49 89 187 57 62 67 3 32 23
2313 22 267 96 32 28 90 35 103 59 37 62 198 74 16 46 136 86 100 5 178 48 44 64 56 57 23 58 74 27 41 75 64 9 128 24 147 7 137 44 59 63 109 56 248 45 105
2314 22 283 53 222 4 98 37 160 54 61 69 229 61 176 10 234 51 75 94 180 90 238 87 186 46 201 44 52 49 190 58 3 13 112 50 199 73 5 11 143 84 47 59 207 38 211
2315 22 318 83 132 90 233 73 230 72 10 75 22 54 178 45 186 24 210 99 173 10 21 80 121 63 13 67 217 4 234 58 237 42 210 65 219 31 239 74 110 60 71 95 134 8 39
2316 22 249 15 39 9 79 1 178 95 176 2 151 11 111 37 87 5 198 93 121 69 223 94 82 21 166 79 6 23 163 36 190 96 18 54 23 65 131 25 65 87 53 30 41 51 222
2317 22 272 12 121 96 122 64 229 92 30 57 147 26 82 62 161 21 215 90 170 79 54 3 55 20 145 42 23 76 84 73 47 95 143 44 219 58 173 10 137 31 109 15 62 22 225
2318 22 343 82 86 83 222 7 214 77 9 68 97 56 61 19 81 45 243 28 241 37 173 61 94 71 83 76 131 97 137 52 223 39 56 94 45 70 156 90 116 51 234 91 47 78 220
2319 22 316 89 64 93 200 8 237 72 92 64 102 38 153 53 62 23 143 69 218 87 89 37 92 29 205 52 231 90 243 68 64 17 181 56 68 40 45 81 208 18 212 94 182 86 88
2320 22 329 50 3 75 239 42 218 69 46 22 1 85 166 79 202 95 133 35 213 72 81 53 205 90 95 74 102 88 5 87 128 5 242 2 245 33 221 65 128 92 15 12 207 93 16
2321 22 290 86 139 48 120 51 71 50 204 27 89 98 201 92 87 55 31 64 211 22 217 54 188 19 83 79 85 96 38 77 161 23 116 10 194 18 83 95 123 59 185 11 216 26 176
2322 22 312 80 243 83 85 82 53 69 112 38 164 49 114 75 223 81 234 16 149 62 123 27 197 45 35 55 250 33 130 26 114 74 158 60 68 19 199 31 117 63 157 90 245 93 107
2323 22 269 93 58 19 118 34 167 12 71 43 218 20 175 49 97 90 173 56 189 29 168 47 116 38 216 30 245 7 25 87 115 69 146 85 136 32 1 99 2 16 173 65 122 58 87
2324 22 206 77 248 67 144 5 66 12 193 31 141 89 39 65 127 3 184 24 238 21 55 40 170 8 235 35 81 51 54 13 89 30 110 56 26 15 121 37 9 29 47 43 44 75 45
2325 22 282 79 148 84 101 53 76 70 212 10 7 92 112 7 197 76 246 27 186 51 104 52 23 60 127 20 158 19 115 82 165 95 79 46 133 26 165 35 23 38 248 30 185 77 13
2326 22 278 11 179 16 112 1 207 73 179 78 232 47 143 13 111 37 93 82 78 88 99 72 224 23 11 24 152 49 30 59 109 58 26 10 84 96 188 62 127 84 4 91 97 40 233
2327 22 311 59 124 62 47 74 185 20 46 46 93 92 91 79 153 1 37 28 224 98 12 19 86 73 97 71 228 87 19 78 244 81 24 17 66 95 215 63 90 64 206 32 92 8 185
2328 22 229 30 138 8 128 51 129 15 225 75 237 2 212 56 72 33 233 16 15 84 182 54 198 44 193 11 102 27 155 61 11 34 198 18 113 50 148 79 24 23 16 77 186 71 149
2329 22 268 68 105 16 232 62 49 66 167 47 59 10 207 36 111 71 196 70 215 11 70 63 90 95 87 57 22 72 79 91 183 39 174 46 237 12 233 73 42 61 160 4 183 5 100
2330 22 286 53 172 13 124 86 102 18 222 10 191 45 238 64 37 72 2 60 119 39 1 32 73 50 107 16 62 20 245 73 171 49 144 33 172 81 136 41 102 95 134 98 134 97 186
2331 22 270 57 51 95 227 89 247 9 213 98 215 29 10 32 148 4 54 68 52 99 103 75 179 38 165 85 150 70 97 64 127 47 111 3 37 7 63 5 129 79 166 11 28 19 14
2332 22 300 46 72 13 50 96 93 87 162 75 23 62 153 93 10 19 19 8 81 73 44 36 144 43 16 23 110 76 200 80 92 97 201 6 48 48 98 37 212 22 209 77 101 84 47
2333 22 316 21 141 27 46 36 165 33 179 60 198 53 219 26 5 49 219 76 51 75 237 62 199 97 36 77 148 71 173 20 161 17 48 13 49 78 72 99 31 93 226 87 241 94 139
2334 22 262 41 121 89 91 95 27 2 93 24 37 71 73 7 243 94 69 93 11 18 106 11 46 29 9 26 23 84 64 13 29 6 149 43 96 96 121 48 90 44 236 61 118 53 12
2335 22 254 65 46 74 33 3 34 78 133 45 5 56 128 18 20 9 121 25 9 13 121 4 234 70 96 29 157 6 147 51 158 10 116 55 133 98 159 66 225 92 60 99 40 50 18
2336 22 316 43 158 33 65 14 68 86 9 46 142 16 94 93 125 53 160 80 87 57 88 5 133 31 16 63 29 55 110 99 56 79 41 66 211 28 44 89 226 87 204 69 229 74 240
2337 22 297 59 212 46 49 16 30 81 82 42 160 88 203 8 146 32 250 61 244 91 22 53 231 99 239 86 19 70 215 44 59 76 106 57 76 23 236 6 104 30 217 82 176 39 65
2338 22 261 25 49 11 84 41 34 36 171 82 25 56 150 44 22 96 4 47 1 10 22 46 80 29 127 24 10 22 214 98 114 35 184 4 18 69 76 51 95 33 2 90 154 97 44
2339 22 274 51 249 53 224 24 50 3 204 76 201 27 186 72 190 12 21 98 204 58 67 23 33 69 119 15 170 59 170 67 202 65 56 46 188 8 250 91 133 50 219 70 223 60 133
2340 22 252 94 164 82 197 71 248 21 5 16 90 38 100 41 4 53 62 20 60 9 210 17 111 2 2 62 171 35 32 6 128 96 87 74 168 87 147 23 204 36 45 91 187 37 246
2341 22 258 39 149 66 148 9 227 17 221 78 18 83 98 40 17 30 195 44 177 84 69 94 70 15 118 75 52 13 16 49 113 80 30 10 106 46 80 34 63 12 233 52 228 62 47
2342 22 247 23 140 80 144 84 101 58 203 75 12 15 92 51 216 7 131 16 186 10 27 42 205 27 119 70 159 50 123 18 222 62 149 97 249 25 50 76 188 66 19 38 83 1 11
2343 22 268 31 27 4 87 35 182 7 155 40 27 54 64 94 227 78 43 44 24 43 18 25 218 55 43 37 94 75 163 66 227 23 98 38 109 51 119 99 114 65 226 91 9 19 167
2344 22 264 53 38 93 221 44 235 59 187 62 221 4 188 46 204 91 173 40 31 34 82 74 184 73 149 69 100 27 120 8 131 7 150 1 250 35 11 88 96 92 33 31 97 26 205
2345 22 230 86 208 38 19 31 21 23 105 22 191 6 211 69 175 20 200 81 21 52 182 5 163 70 102 48 113 87 28 59 164 82 146 21 172 14 203 44 87 10 65 27 215 25 198
2346 22 245 90 146 47 72 67 48 4 173 12 75 27 11 37 215 40 145 28 122 42 248 93 55 2 86 43 211 53 122 26 129 69 167 25 67 91 114 65 28 55 55 30 201 34 3
2347 22 300 42 133 95 147 35 232 39 145 34 112 22 113 80 88 46 30 81 212 74 245 41 243 88 230 47 94 59 148 28 11 89 10 7 237 94 241 91 76 12 40 19 52 78 116
2348 22 261 31 160 29 54 55 19 96 92 99 243 87 109 42 164 22 82 74 230 19 219 20 46 9 148 36 21 37 106 72 67 54 226 2 159 82 21 5 175 21 49 62 81 92 125
2349 22 275 2 223 82 41 19 103 88 27 50 26 99 39 81 72 57 204 75 182 56 234 14 78 40 88 98 190 1 28 76 182 5 175 65 48 45 167 35 172 62 172 9 243 44 115
2350 22 213 48 170 96 105 5 61 32 146 1 231 85 151 11 17 28 42 22 203 58 219 47 226 55 120 44 19 4 113 87 118 10 158 16 117 13 178 60 178 81 245 43 113 8 236
2351 22 259 86 12 93 206 61 168 13 80 14 131 73 17 43 211 37 4 19 2 20 133 31 20 42 209 52 138 91 94 3 198 81 238 60 123 46 170 58 101 55 38 26 24 32 238
2352 22 255 60 237 6 11 7 90 41 228 34 101 81 121 26 223 91 206 13 202 30 108 73 71 15 73 4 100 49 137 38 8 95 120 31 135 62 58 68 215 40 90 57 117 99 72
2353 22 290 27 100 3 84 72 174 50 247 51 205 46 101 91 35 10 213 30 79 94 66 92 203 35 8 45 124 65 161 38 165 83 116 15 85 52 36 60 56 84 210 98 18 19 211
2354 22 272 99 99 6 14 93 160 48 150 54 24 16 115 13 81 49 29 97 135 31 236 95 33 72 206 38 5 36 124 86 148 23 35 5 86 79 14 78 70 11 196 34 23 28 234
2355 22 284 3 74 70 84 9 66 68 182 22 157 38 39 92 162 26 241 84 212 47 171 90 211 58 168 80 118 65 65 43 92 50 145 67 119 30 177 35 47 59 58 54 146 48 47
2356 22 283 57 23 40 142 85 86 63 224 98 172 93 29 45 134 48 94 78 64 65 210 41 101 8 201 58 163 46 105 10 5 29 201 13 36 60 187 84 232 79 64 23 238 9 6
2357 22 279 35 102 85 201 66 196 93 118 4 243 25 216 40 231 77 194 10 227 92 172 15 1 60 150 34 241 13 58 78 221 12 175 64 192 95 106 50 98 36 116 38 19 94 83
2358 22 276 78 73 74 1 37 127 63 188 62 53 50 120 30 223 36 143 97 185 57 190 82 164 99 33 14 37 3 55 94 187 32 66 11 134 4 189 96 41 48 42 21 129 16 107
2359 22 242 22 12 43 80 4 26 45 52 59 60 88 58 12 244 3 249 25 218 11 11 73 249 6 213 7 71 86 222 77 57 71 238 89 197 85 42 5 244 82 164 58 225 17 156
2360 22 266 52 136 68 112 59 66 19 21 67 224 77 87 10 99 15 168 84 36 8 174 44 215 40 37 46 103 94 171 69 201 72 55 70 235 13 37 3 235 4 127 64 140 88 164
2361 22 296 57 7 97 244 66 122 77 159 36 16 46 134 20 241 54 241 94 177 47 163 61 111 15 95 3 41 8 244 80 73 87 169 45 2 40 21 13 228 88 208 60 198 93 44
2362 22 204 46 6 6 206 55 220 52 59 13 62 92 134 4 230 5 198 34 46 21 96 23 60 83 19 54 250 18 47 93 165 2 98 22 108 74 166 30 185 19 23 68 72 3 222
2363 22 314 22 188 68 44 85 40 53 39 25 122 92 24 41 140 69 208 91 16 29 150 83 52 65 114 86 134 37 156 57 241 77 178 30 246 71 164 38 74 52 162 47 45 39 185
2364 22 332 5 148 27 73 77 7 80 43 21 68 76 109 23 85 51 201 62 230 47 85 93 84 60 196 97 158 42 133 96 128 90 246 57 114 72 83 20 51 92 118 53 52 89 2
2365 22 228 93 100 81 89 34 225 22 193 20 18 50 114 2 198 91 43 43 197 6 116 31 128 68 108 69 238 12 123 29 200 74 71 1 105 59 187 32 129 51 51 16 53 30 56
2366 22 317 97 174 5 205 89 87 32 56 94 152 43 157 24 222 8 250 92 109 56 53 95 136 34 25 88 35 57 153 86 61 37 9 65 191 49 103 74 205 78 99 53 172 13 2
2367 22 243 66 223 57 118 19 93 53 143 30 89 85 129 37 245 16 46 61 158 46 215 32 250 63 11 1 168 13 122 15 187 4 73 6 122 17 109 99 49 83 178 79 145 91 52
2368 22 316 46 155 35 46 68 195 48 185 60 219 18 74 56 71 13 44 65 21 9 63 72 226 97 99 79 225 45 181 76 171 83 123 88 229 70 224 39 41 63 211 58 6 77 231
2369 22 260 17 139 52 242 35 102 22 111 98 102 77 45 27 47 79 200 37 58 71 60 47 61 1 160 6 165 72 216 48 48 87 38 51 30 24 4 84 51 54 12 45 230 8 174
2370 22 281 81 144 83 52 54 29 12 156 88 220 20 11 37 92 10 84 80 197 34 159 70 137 11 5 64 16 33 196 76 56 19 240 79 124 43 131 58 164 53 69 94 228 26 27
2371 22 291 16 34 98 154 97 3 40 210 70 74 55 147 80 233 21 111 91 239 72 47 18 226 17 167 69 194 51 96 32 70 28 174 12 37 43 236 94 190 67 26 7 187 88 197
2372 22 208 26 43 20 222 12 95 90 29 16 233 31 161 5 249 44 124 69 71 97 131 10 191 68 3 82 184 30 238 37 45 11 8 18 225 3 157 55 20 42 35 46 33 21 104
2373 22 258 96 169 34 157 59 201 11 91 86 140 80 105 9 216 2 221 24 221 45 178 78 49 47 221 84 228 68 218 5 138 21 53 56 156 66 208 20 106 43 211 48 171 53 151
2374 22 342 42 76 71 188 53 100 37 51 70 172 31 187 39 235 76 62 87 83 17 98 49 27 19 56 69 129 91 118 96 18 93 121 30 226 90 216 78 160 89 8 48 230 95 226
2375 22 333 91 233 58 109 80 8 85 100 64 206 79 6 73 28 1 193 70 24 35 151 99 124 17 228 57 236 83 186 82 160 78 164 67 187 46 225 95 38 25 43 3 154 47 223
2376 22 253 69 131 26 69 4 194 46 241 50 133 25 188 14 84 15 80 51 175 76 226 71 15 53 246 60 7 49 105 24 73 33 199 91 89 42 186 79 143 21 3 80 234 36 95
2377 22 261 13 237 97 89 15 122 12 229 77 157 40 83 7 94 36 232 68 20 82 158 8 25 46 38 18 116 92 99 51 79 43 116 66 192 4 132 63 115 60 241 73 100 74 132
2378 22 286 95 111 13 63 32 247 72 192 21 119 29 40 86 121 39 37 99 183 52 116 24 207 22 61 46 160 54 177 56 64 42 220 88 42 37 10 62 67 50 98 89 188 36 90
2379 22 287 20 239 55 244 45 54 34 118 64 162 25 218 92 32 33 185 2 178 72 145 66 184 56 185 3 223 90 62 91 78 69 236 73 24 19 140 89 133 5 215 52 199 96 84
2380 22 252 33 99 14 57 43 231 40 149 65 222 53 138 95 93 1 235 22 21 23 44 94 43 36 134 77 190 98 228 88 196 12 123 46 175 29 139 55 20 39 172 11 187 37 211
2381 22 275 73 209 32 95 4 127 40 139 11 16 31 210 44 170 57 157 42 153 83 72 91 189 41 31 60 183 23 20 19 62 81 142 70 64 38 123 92 77 64 52 93 44 14 188
2382 22 282 63 120 46 5 72 128 78 164 16 19 76 53 21 47 32 129 15 103 92 104 77 234 81 190 37 125 33 250 64 196 9 52 95 88 29 111 55 99 6 32 52 76 79 175
2383 22 287 9 207 41 113 51 44 90 86 76 129 22 52 14 74 15 11 95 175 64 241 44 101 69 93 7 2 46 184 80 20 45 139 60 57 89 105 26 181 27 47 82 42 97 52
2384 22 233 68 223 15 109 37 60 9 57 52 67 58 247 3 240 16 47 28 77 82 201 93 112 27 91 45 70 65 243 21 32 87 242 4 246 1 62 19 119 96 221 64 17 42 222
2385 22 320 56 75 22 100 86 200 91 233 69 207 75 241 38 190 79 230 45 24 82 6 25 2 77 223 73 186 36 91 29 62 30 54 85 30 41 34 72 73 4 28 98 246 67 89
2386 22 277 74 96 36 48 29 243 24 231 19 246 5 7 83 145 31 162 59 60 67 143 41 157 79 12 82 182 78 8 69 201 55 56 50 36 99 226 16 17 21 172 25 154 66 5
2387 22 284 67 124 33 119 7 139 97 221 72 78 63 52 70 223 10 27 78 111 12 76 36 179 45 57 50 69 76 228 43 92 61 50 57 20 86 233 73 43 54 147 30 175 16 243
2388 22 253 52 102 71 148 60 20 69 71 39 244 48 131 37 109 41 236 8 247 58 79 82 90 4 76 95 2 31 177 26 247 30 200 40 129 9 211 97 131 49 42 29 228 38 71
2389 22 261 16 195 17 173 76 101 14 231 28 108 32 111 84 10 57 203 91 158 44 119 18 206 68 98 55 209 29 135 39 116 56 206 62 124 78 139 26 241 19 206 50 203 86 64
2390 22 275 24 38 54 181 33 24 98 238 91 97 44 2 25 131 92 42 38 97 3 163 26 92 39 168 62 194 17 14 11 202 27 134 32 64 75 6 63 65 59 208 99 85 90 126
2391 22 277 27 138 78 40 63 21 30 232 83 73 99 96 35 152 25 168 95 108 33 171 85 161 5 45 11 91 34 103 18 111 90 145 68 29 86 100 53 236 47 89 40 173 6 186
2392 22 274 31 88 6 245 84 193 5 90 87 68 30 220 20 247 80 11 93 81 65 112 11 203 61 15 38 110 53 29 82 210 14 164 99 172 9 84 73 202 32 204 71 151 52 103
2393 22 275 12 147 85 78 8 98 30 71 62 70 80 67 48 63 28 164 77 27 37 135 60 50 49 33 53 133 38 23 35 140 98 138 26 145 9 107 17 72 96 240 61 118 91 137
2394 22 289 94 77 73 105 28 23 89 80 5 77 54 40 68 181 37 205 44 14 1 4 21 18 25 148 65 167 75 25 84 15 13 29 91 135 33 68 58 122 97 62 48 101 53 117
2395 22 323 33 242 71 176 7 123 79 79 92 105 77 107 51 233 54 218 46 82 58 232 15 228 39 188 24 53 35 76 57 103 98 25 85 205 97 15 83 139 70 111 40 64 81 46
2396 22 264 81 28 79 190 60 45 17 250 32 143 54 218 18 11 70 28 8 94 64 164 93 129 47 231 9 179 91 222 61 136 39 217 44 100 11 210 99 243 52 3 12 172 15 132
2397 22 264 1 222 25 16 38 67 94 184 49 243 92 179 36 166 90 71 19 230 37 62 29 150 74 29 77 133 5 100 97 186 50 71 63 18 8 181 11 93 32 6 86 110 43 201
2398 22 235 1 113 22 182 2 133 60 151 8 39 94 185 73 50 34 20 36 36 40 100 53 249 32 65 41 63 26 25 64 179 27 179 50 159 30 132 18 182 92 58 76 81 61 202
2399 22 293 63 196 93 14 91 146 67 83 58 188 8 84 4 136 11 182 85 219 13 119 38 246 60 148 24 87 30 101 47 31 66 45 75 29 46 17 76 12 99 234 52 158 69 55
2400 22 257 46 229 38 132 99 152 2 37 13 184 22 249 63 224 98 145 89 244 71 120 87 145 53 237 30 154 10 141 29 249 25 28 26 166 50 139 1 21 37 213 86 209 56 170
2401 22 275 67 52 22 103 82 175 32 86 91 10 84 215 39 85 92 54 30 4 6 169 68 51 4 128 37 185 44 104 24 196 27 28 77 3 78 110 88 170 19 23 34 8 57 27
2402 22 220 63 190 7 167 45 125 36 47 80 214 16 171 79 221 95 224 47 22 2 199 1 161 88 20 32 160 5 241 66 32 3 57 71 53 64 7 20 235 11 242 13 133 39 80
2403 22 249 60 242 30 210 5 120 32 238 79 86 28 147 17 232 56 153 58 21 11 207 66 82 43 228 23 157 10 59 97 41 70 89 73 81 45 142 12 182 72 248 20 216 92 75
2404 22 263 72 246 82 44 6 240 59 87 84 188 10 40 48 70 39 190 41 179 62 21 23 103 33 156 75 32 16 246 47 157 70 20 55 103 60 194 74 97 79 212 8 219 11 29
2405 22 195 59 50 19 237 62 91 16 23 42 156 31 188 5 39 57 126 43 212 41 53 7 167 1 186 30 210 6 90 38 64 91 58 52 148 10 218 73 125 9 30 55 198 34 45
2406 22 306 5 12 38 18 52 242 74 218 92 209 47 201 64 138 40 27 29 97 78 232 96 187 51 220 63 210 50 169 59 33 94 51 82 198 56 165 35 166 14 187 30 101 76 8
2407 22 299 31 174 86 63 21 224 13 91 87 174 90 157 83 224 70 247 22 79 67 63 33 49 51 148 35 182 1 62 40 181 77 243 56 52 58 48 81 137 97 165 12 66 88 92
2408 22 320 99 2 79 82 3 179 81 137 61 181 52 112 85 128 56 242 65 39 69 248 27 17 12 239 82 175 71 21 68 170 25 96 53 27 33 15 87 216 13 240 77 100 84 91
2409 22 261 99 1 32 69 98 8 35 159 48 19 36 121 41 53 92 15 1 244 43 127 28 158 65 243 22 204 21 71 74 157 12 22 57 245 91 154 4 27 14 54 45 201 86 4
2410 22 287 65 52 56 160 45 232 39 204 46 32 75 1 4 246 76 210 9 147 16 105 89 19 58 116 35 11 62 235 86 49 90 202 1 195 61 147 78 150 50 75 83 126 25 86
2411 22 255 73 200 46 231 99 13 87 37 34 145 4 168 57 118 54 43 16 94 44 16 40 207 64 168 8 215 92 92 41 67 27 63 68 74 18 189 32 57 22 78 12 91 85 29
2412 22 271 94 127 45 187 22 62 77 30 76 96 37 40 30 232 5 209 25 32 42 142 72 123 98 143 53 110 33 137 90 179 15 184 67 188 46 145 18 173 40 56 64 77 36 46
2413 22 223 81 194 40 55 27 233 99 149 5 98 43 157 9 228 45 49 6 9 32 122 29 119 16 1 58 71 65 36 8 110 67 203 51 23 30 33 73 30 39 21 22 248 49 142
2414 22 254 79 54 3 63 78 51 91 146 68 244 5 90 8 141 48 19 9 200 21 233 31 55 56 110 45 176 32 142 36 85 86 240 49 215 42 139 62 59 82 66 41 206 47 161
2415 22 259 64 49 83 47 31 89 54 91 34 229 24 227 36 5 22 192 5 120 6 196 61 117 42 183 35 240 4 147 56 104 80 202 68 107 27 3 87 250 30 122 93 96 96 100
2416 22 228 17 203 95 177 20 3 71 104 58 155 43 163 1 100 32 153 3 2 9 229 4 195 78 85 33 130 64 130 79 80 73 7 25 27 7 234 83 51 47 185 51 15 19 155
2417 22 286 17 20 14 47 73 108 26 108 76 208 87 39 90 215 19 22 89 227 77 216 53 233 99 137 35 197 21 137 11 191 42 29 60 205 75 85 94 190 10 132 28 199 48 198
2418 22 292 72 36 24 198 1 28 82 52 66 18 48 189 57 209 29 48 89 89 4 164 73 17 15 68 58 224 49 138 74 146 35 197 83 111 96 136 90 129 87 6 34 194 5 244
2419 22 267 22 154 33 12 9 98 86 227 62 103 35 138 51 172 63 196 58 62 81 218 59 216 10 38 2 65 88 187 92 33 83 147 67 45 5 166 30 231 27 35 16 85 90 81
2420 22 321 33 248 42 213 67 50 28 126 39 181 92 76 19 151 69 1 84 67 80 71 61 154 63 45 72 28 62 108 64 9 1 178 75 3 55 53 91 137 94 119 5 97 89 208
2421 22 242 82 106 76 211 78 10 21 181 22 16 3 201 97 166 11 110 24 11 87 100 15 243 4 158 31 98 26 85 44 166 77 21 20 137 49 31 57 81 74 235 54 72 16 181
2422 22 292 75 177 19 25 93 163 80 50 77 177 72 93 23 198 63 244 36 13 24 145 94 79 18 78 33 190 30 250 4 176 91 130 71 55 60 220 98 88 47 27 12 239 51 159
2423 22 244 53 95 47 216 20 91 9 49 60 238 83 249 19 132 23 173 65 154 30 19 13 151 66 103 94 64 37 195 74 90 41 20 5 110 10 215 70 54 44 20 73 228 42 145
2424 22 282 89 56 48 170 27 63 70 244 65 117 38 228 53 134 1 92 74 173 98 235 82 212 47 201 16 90 23 238 19 164 34 157 22 133 76 100 97 146 43 63 14 180 92 116
2425 22 279 65 45 60 188 17 159 75 248 23 121 1 238 10 123 77 129 38 162 87 61 46 213 43 108 53 107 73 34 99 188 49 43 59 8 12 108 32 132 8 69 94 132 97 174
2426 22 256 72 10 60 182 55 124 92 199 33 196 56 155 31 156 95 131 48 43 69 206 52 232 65 233 16 175 3 159 6 1 34 177 12 95 11 119 19 154 67 51 49 224 79 150
2427 22 288 62 178 44 132 35 48 13 150 82 180 24 137 88 129 87 123 58 101 18 118 69 38 73 35 38 221 61 145 3 91 46 14 42 247 89 212 2 72 41 225 81 206 97 203
2428 22 222 15 47 22 184 9 56 1 249 78 113 95 230 4 141 96 222 34 92 74 224 53 228 46 54 5 126 75 199 52 8 13 10 65 110 42 78 33 97 17 104 30 60 29 103
2429 22 249 65 8 49 10 12 103 35 172 53 64 47 101 15 106 27 21 32 236 9 90 33 191 36 51 96 167 13 176 71 177 84 120 38 97 72 24 18 227 39 116 79 204 74 94
2430 22 299 32 94 25 167 55 235 59 238 77 146 40 24 63 102 99 183 80 234 52 19 76 144 2 102 83 167 30 138 90 225 19 185 51 235 35 93 79 13 41 68 86 153 22 87
2431 22 277 87 3 70 91 74 2 66 17 55 169 99 71 98 236 13 173 4 97 23 141 36 60 35 216 72 175 58 179 57 194 16 11 15 206 34 218 51 122 91 101 45 138 12 242
2432 22 296 5 87 82 193 48 217 58 69 43 43 28 172 1 73 87 164 88 94 47 7 18 49 29 158 50 25 33 161 37 99 63 31 96 29 91 16 73 83 94 44 36 218 77 149
2433 22 323 64 94 48 244 1 199 68 250 88 100 10 68 58 130 69 103 60 9 18 133 93 13 76 30 81 210 80 237 86 179 78 95 32 28 62 31 65 63 40 232 97 214 21 151
2434 22 264 73 181 71 105 23 235 33 5 65 92 34 54 27 64 5 208 93 250 90 170 13 20 86 26 12 168 78 8 31 198 61 205 28 233 60 102 67 192 56 34 42 87 11 157
2435 22 275 93 19 50 194 58 219 57 129 5 182 40 174 11 50 56 108 12 110 87 144 21 40 60 212 48 143 96 91 31 157 97 174 27 46 67 136 17 125 64 123 8 56 98 68
2436 22 253 55 155 77 118 14 215 11 35 70 98 2 115 46 92 47 54 90 220 30 88 89 215 4 63 80 178 23 135 25 140 41 229 69 208 94 233 20 230 37 42 6 225 83 202
2437 22 276 78 223 74 209 60 64 23 115 28 104 94 50 41 70 42 33 98 60 43 243 92 162 75 131 3 4 70 210 5 14 7 77 37 65 88 202 39 204 29 192 47 81 32 166
2438 22 270 72 65 65 181 7 159 24 170 33 204 23 236 26 184 30 197 6 85 87 45 86 27 98 67 69 196 49 102 63 120 68 27 52 26 37 225 46 20 31 68 57 56 53 172
2439 22 266 85 50 44 242 34 133 38 22 59 237 79 182 86 81 57 98 22 60 24 58 21 179 16 90 36 73 92 207 41 2 75 236 37 248 45 223 35 225 56 22 5 1 80 5
2440 22 210 24 239 30 34 76 150 12 142 89 247 14 180 55 175 73 159 47 144 13 246 40 187 15 193 53 21 45 234 77 169 22 106 2 49 7 15 64 6 27 20 51 178 5 249
2441 22 311 24 19 44 165 56 73 81 250 77 152 94 110 80 64 33 236 67 231 32 23 91 245 30 119 64 161 19 44 15 117 84 110 34 114 92 12 17 37 73 246 51 7 89 27
2442 22 257 61 19 46 240 87 60 52 107 5 217 23 23 2 184 55 194 69 220 35 80 36 121 54 184 73 160 16 142 98 144 93 211 62 239 48 48 4 6 70 80 26 173 13 232
2443 22 257 66 183 52 52 14 139 22 17 47 176 90 90 26 83 32 236 95 20 87 144 69 90 50 22 11 229 49 133 44 231 76 34 1 140 74 175 56 96 21 184 37 212 9 219
2444 22 308 43 194 15 13 30 209 81 172 58 55 82 188 53 15 31 135 64 57 68 117 48 192 91 55 89 163 90 25 74 48 45 116 93 160 80 175 20 13 46 77 17 227 16 221
2445 22 286 93 147 6 59 5 23 25 204 66 67 58 56 29 98 82 204 97 27 69 192 38 151 16 7 13 63 85 229 91 50 1 86 98 156 44 204 31 170 57 198 86 17 54 66
2446 22 235 66 185 19 212 13 189 55 202 39 222 58 1 34 244 31 27 46 132 12 45 89 107 49 169 26 7 67 11 23 222 76 238 2 71 84 56 24 223 78 82 25 163 27 8
2447 22 277 39 72 91 50 67 231 8 217 50 33 23 118 95 246 70 85 96 17 86 18 51 44 42 225 71 75 1 85 24 175 25 143 81 183 9 232 17 183 49 212 80 39 33 115
2448 22 295 34 50 2 152 50 145 45 174 17 219 74 152 19 84 77 245 35 53 37 165 97 248 54 30 96 115 59 134 75 120 23 247 67 22 40 235 93 55 81 71 15 123 90 232
2449 22 302 10 237 29 113 18 177 79 28 62 225 55 133 23 31 19 5 73 41 96 107 88 238 64 120 60 165 34 33 54 167 94 142 48 58 61 26 86 139 89 212 43 172 25 28
2450 22 360 57 31 1 99 77 109 88 166 72 57 76 138 92 210 94 11 53 37 58 212 98 135 97 138 73 160 32 196 46 206 74 54 26 152 64 84 89 80 47 7 38 216 90 248
2451 22 273 70 127 57 81 76 241 29 13 66 188 44 211 85 101 36 88 38 11 91 102 47 31 33 4 77 39 52 15 56 94 14 225 72 73 5 197 63 83 59 180 20 104 4 176
2452 22 194 46 243 39 187 85 217 78 90 44 118 91 110 23 186 75 197 7 147 3 203 12 185 11 241 16 131 15 69 59 160 49 96 9 33 63 87 24 158 6 66 19 131 2 193
2453 22 305 79 8 90 32 13 3 68 75 43 226 91 226 40 9 86 200 72 34 95 31 18 209 19 141 24 58 36 6 59 29 35 169 70 216 31 222 83 55 16 9 56 26 99 129
2454 22 279 61 246 59 78 6 229 70 24 5 128 11 110 38 239 94 58 60 111 90 31 96 47 97 4 41 239 55 248 67 104 27 27 51 137 56 218 26 131 22 5 42 33 43 80
2455 22 282 79 202 92 39 24 34 38 72 89 30 11 144 30 177 49 108 3 49 44 159 6 63 85 37 34 41 78 19 35 59 97 137 80 26 21 69 47 111 98 157 4 79 86 138
2456 22 286 2 32 98 10 94 184 96 80 75 25 9 83 97 235 80 226 60 102 44 106 13 244 15 68 24 49 72 110 38 125 91 38 84 234 21 31 63 47 55 160 8 240 5 204
2457 22 307 76 37 32 187 40 177 44 202 72 8 96 159 43 55 46 119 95 233 55 30 6 135 45 204 92 206 11 31 61 67 49 98 88 24 87 192 63 241 5 57 47 250 75 91
2458 22 249 35 29 22 242 66 166 95 57 58 87 34 124 44 132 21 187 96 223 12 141 69 124 33 173 30 129 75 207 71 211 37 43 52 102 10 248 31 55 16 178 39 249 50 75
2459 22 295 70 96 50 33 36 120 59 71 95 188 99 21 96 20 81 83 14 34 34 223 92 6 88 187 21 115 26 20 15 2 91 62 3 23 73 31 19 119 39 66 4 4 78 34
2460 22 305 77 133 21 63 56 188 88 25 4 242 67 215 44 139 65 116 70 184 86 92 5 224 57 195 94 9 98 197 42 227 81 68 10 53 32 217 72 241 45 213 59 61 47 26
2461 22 203 24 118 11 9 9 115 33 218 26 226 58 225 67 134 57 86 45 109 61 53 38 153 47 102 10 58 37 231 77 147 41 136 13 73 3 23 51 78 30 75 46 165 31 181
2462 22 327 62 91 99 24 93 239 27 42 90 139 53 249 98 189 31 227 87 172 12 49 96 66 71 48 52 224 68 206 22 229 49 220 55 41 60 133 84 2 21 36 24 81 54 10
2463 22 295 60 51 25 232 99 69 85 72 58 53 80 29 33 28 50 237 68 12 19 104 63 242 39 12 14 215 44 62 76 149 73 138 49 221 17 156 26 60 52 56 94 229 57 31
2464 22 333 99 18 51 2 80 94 92 144 7 58 89 68 86 88 73 139 40 243 38 208 98 110 85 59 14 40 53 142 49 235 42 166 35 143 81 237 43 187 96 83 72 198 10 138
2465 22 269 46 49 97 45 61 182 54 174 73 58 17 221 42 59 39 128 53 138 8 141 30 245 87 12 67 34 2 120 45 241 96 188 63 206 69 118 81 191 25 147 14 68 7 2
2466 22 275 46 110 39 3 50 170 99 36 83 153 55 168 5 74 15 145 42 10 34 104 65 52 24 47 95 248 93 108 66 250 59 113 11 99 67 62 20 168 2 70 54 172 76 79
2467 22 268 86 221 20 245 4 225 11 58 98 107 52 46 51 9 63 2 69 177 12 169 43 24 88 60 75 41 32 228 7 56 97 129 25 191 85 151 53 192 49 209 45 96 10 55
2468 22 294 60 213 75 86 43 228 50 182 90 124 22 121 3 36 79 8 82 158 84 25 92 84 77 85 88 29 49 185 38 111 9 223 37 203 13 105 64 215 42 222 24 99 57 248
2469 22 309 92 91 76 76 24 163 56 203 63 140 40 24 50 63 62 2 67 50 35 158 12 92 73 27 33 114 15 107 55 158 99 233 86 22 97 41 60 33 64 35 32 228 46 84
2470 22 291 94 95 18 203 9 161 75 137 40 236 1 154 8 164 92 140 49 116 86 39 89 147 23 4 81 5 83 227 90 26 59 80 31 170 4 67 65 146 55 165 48 72 64 192
2471 22 271 13 62 9 51 53 99 47 125 80 231 87 206 22 165 28 31 44 59 27 66 95 131 81 154 11 22 68 174 32 118 26 130 17 103 84 146 85 121 7 35 90 38 79 217
2472 22 292 53 225 49 184 72 29 39 182 52 109 55 183 76 83 63 244 37 146 21 118 91 29 23 15 32 12 54 210 80 108 87 131 42 208 9 82 61 190 97 95 18 29 57 11
2473 22 265 17 155 52 138 22 92 16 26 33 57 80 38 18 159 96 154 91 39 61 50 72 101 12 162 48 56 31 178 15 41 45 219 42 84 36 101 67 201 85 25 30 23 93 41
2474 22 297 18 148 83 58 61 82 29 211 93 42 10 201 72 140 65 113 86 85 56 169 78 93 71 145 46 106 27 230 63 169 99 61 2 56 23 33 36 85 28 228 95 128 49 186
2475 22 294 94 13 73 78 71 143 55 213 13 101 58 220 22 135 49 136 47 48 56 104 20 139 90 155 18 119 51 45 67 238 88 32 10 217 52 2 23 216 64 126 74 86 84 234
2476 22 286 64 83 32 70 36 203 10 77 59 227 95 159 73 214 46 12 47 5 80 248 58 2 13 122 27 138 57 225 99 92 11 115 26 194 86 64 96 197 90 105 25 187 15 147
2477 22 273 2 11 60 98 67 89 97 225 92 11 98 69 51 6 95 49 49 205 15 225 88 146 29 250 22 67 14 18 18 226 65 195 13 21 59 224 24 75 75 22 23 132 39 99
2478 22 296 81 40 36 26 88 17 77 9 33 93 79 151 68 7 67 114 26 130 84 86 53 203 16 178 27 90 51 152 73 189 2 204 90 229 66 106 56 226 38 50 4 190 69 213
2479 22 282 59 83 88 190 16 123 94 169 90 71 47 79 71 50 52 60 2 207 91 185 7 96 42 82 85 191 77 160 50 135 44 37 24 59 11 217 79 250 37 126 30 9 33 68
2480 22 310 78 139 59 168 76 165 15 169 97 102 12 136 28 223 85 14 66 23 37 124 83 155 55 134 93 32 51 58 48 221 86 88 79 5 44 222 84 42 23 245 27 202 17 163
2481 22 259 15 134 35 51 9 69 7 163 54 99 94 218 49 2 67 119 39 5 48 195 21 193 66 4 86 90 50 114 41 66 26 5 99 210 57 58 80 213 22 183 61 16 10 119
2482 22 314 67 78 59 173 77 3 45 19 71 249 56 110 98 69 51 16 96 155 66 7 62 123 86 24 47 68 85 164 18 146 82 136 23 192 60 50 4 170 26 28 2 194 78 219
2483 22 298 40 184 34 146 47 9 84 223 5 201 59 218 70 54 51 7 26 42 68 177 89 24 55 27 72 134 80 17 11 198 58 96 82 6 43 240 39 165 44 191 75 113 61 228
2484 22 284 63 69 3 106 37 180 44 110 78 150 38 99 83 218 67 195 65 77 41 248 32 85 22 101 12 25 24 2 58 245 56 163 81 137 57 42 64 106 29 214 98 181 85 13
2485 22 236 59 225 12 42 11 99 63 11 32 226 85 178 2 138 46 244 50 78 80 206 69 246 49 209 3 97 41 190 61 99 16 72 40 177 72 104 87 206 24 133 13 219 30 56
2486 22 275 68 9 38 25 79 33 40 227 43 44 25 84 33 135 34 249 57 26 27 80 13 35 62 138 69 96 1 238 58 57 85 247 84 115 31 75 42 224 66 159 53 3 94 53
2487 22 261 11 69 79 140 50 143 25 211 31 45 9 83 32 185 92 191 72 141 74 186 73 198 46 167 97 106 19 249 23 59 18 101 67 244 30 126 71 238 60 4 24 203 44 197
2488 22 258 93 169 85 216 68 215 63 135 11 121 5 61 20 128 21 89 28 21 8 73 96 139 48 216 78 109 53 62 6 184 36 73 51 100 86 137 13 208 42 75 77 119 46 167
2489 22 305 48 66 24 123 11 12 22 127 41 31 94 194 62 243 99 145 80 22 81 109 84 195 16 25 70 42 45 65 60 45 82 36 67 142 88 120 40 118 19 183 13 131 77 112
2490 22 247 77 6 33 24 88 241 8 233 58 82 2 51 29 168 60 223 1 145 91 244 94 78 64 33 98 134 17 210 66 93 21 243 5 16 87 147 25 71 4 109 24 104 37 193
2491 22 277 64 111 43 210 51 187 3 178 2 137 77 35 87 151 47 209 98 116 60 37 62 185 7 66 93 133 21 181 25 86 41 18 46 141 54 150 70 105 85 141 40 93 35 37
2492 22 285 10 247 73 72 83 32 89 177 14 9 7 238 45 249 5 140 16 177 56 7 20 142 49 209 87 236 95 146 82 170 67 116 51 205 42 114 48 101 60 146 58 151 86 17
2493 22 254 41 45 83 70 3 141 39 46 97 132 26 243 28 59 62 96 74 214 53 215 27 218 14 30 79 109 89 231 96 105 23 243 42 147 31 130 22 128 47 223 5 6 36 150
2494 22 268 79 200 2 246 78 121 59 9 51 170 97 181 17 54 56 109 44 97 7 125 29 49 96 58 26 144 30 130 18 29 82 169 33 27 46 155 85 157 6 3 88 123 43 231
2495 22 252 50 242 88 176 20 238 71 229 65 16 9 44 67 228 24 48 46 106 74 43 13 160 49 70 16 202 59 38 54 120 58 195 33 116 48 105 94 62 5 239 31 29 36 76
2496 22 325 36 109 71 98 70 169 19 35 78 174 31 31 44 138 27 102 73 192 79 137 63 151 41 18 89 123 48 174 51 235 84 21 35 4 39 203 90 161 82 64 91 162 59 230
2497 22 328 90 60 54 31 61 233 70 74 33 110 43 22 84 192 97 134 76 181 10 36 93 165 75 105 96 90 47 208 48 176 49 210 82 32 22 64 1 147 98 12 39 171 45 132
2498 22 250 68 229 8 250 32 19 37 76 83 61 80 229 53 228 38 152 54 186 61 235 17 83 31 197 30 170 20 225 1 187 60 38 36 229 74 12 11 86 43 241 88 21 78 240
2499 22 239 26 214 52 112 32 136 11 151 17 59 30 238 78 4 90 66 8 100 53 244 7 90 62 149 33 51 21 210 92 148 25 196 9 57 81 121 57 149 38 136 59 92 76 125
