3500 22 246 93 81 1 129 62 343 81 318 37 160 41 75 3 107 2 243 82 314 96 298 17 149 30 238 97 133 13 42 28 57 22 129 38 284 23 270 53 11 29 293 85 283 51 85
3501 22 238 85 194 66 398 7 261 47 376 9 128 13 258 77 299 40 34 21 20 23 256 42 392 60 53 53 89 55 155 74 339 48 391 88 207 4 87 82 212 14 346 26 323 20 318
3502 22 208 8 340 37 30 47 331 21 106 83 393 10 23 48 65 38 364 39 378 22 342 16 255 5 229 1 126 7 75 97 124 82 288 12 363 34 342 35 91 76 328 99 127 17 46
3503 22 248 16 332 36 145 54 77 60 308 34 341 8 211 47 134 7 222 15 94 33 29 79 175 64 169 50 291 21 348 69 89 46 184 81 329 74 110 88 381 43 28 41 5 26 174
3504 22 282 63 347 41 208 80 269 86 306 84 6 55 74 79 255 42 167 100 178 87 280 6 212 89 145 45 183 25 137 2 262 1 149 8 280 23 393 37 106 51 91 32 29 95 96
3505 22 318 2 334 76 359 45 316 56 241 99 132 77 237 33 239 38 33 92 197 64 214 90 400 72 140 91 355 20 387 79 314 83 333 10 243 96 325 50 136 75 381 13 164 14 351
3506 22 268 1 298 42 49 62 8 38 113 31 329 3 137 15 314 76 99 64 137 94 359 61 143 95 388 24 207 51 389 9 3 2 51 99 309 41 112 91 121 66 227 21 359 86 86
3507 22 332 44 49 22 337 8 235 80 102 55 260 72 95 68 374 32 269 76 283 30 216 46 172 89 163 99 9 94 159 87 394 81 324 53 215 54 388 9 265 59 203 84 284 86 5
3508 22 255 11 368 86 27 65 257 15 28 55 275 1 150 20 259 37 213 39 60 66 5 71 392 74 388 2 228 85 265 75 396 33 260 49 69 40 76 76 25 35 161 73 172 14 230
3509 22 262 37 337 21 162 24 123 41 46 59 205 73 206 89 384 79 38 52 370 13 327 35 289 51 271 75 63 20 99 86 85 28 322 49 35 48 223 94 81 18 287 1 17 57 5
3510 22 263 87 221 31 373 61 233 44 335 47 115 86 32 51 313 5 124 13 339 71 235 16 268 43 185 54 162 70 270 90 108 72 33 3 256 28 390 2 342 75 133 39 37 67 252
3511 22 286 27 90 38 191 57 305 33 42 10 347 79 180 68 368 39 210 91 271 13 246 98 254 47 391 28 31 35 66 19 153 69 345 94 307 51 211 92 221 17 270 52 385 89 142
3512 22 245 46 179 13 10 76 62 63 322 5 42 4 391 8 322 43 328 18 337 34 304 39 397 74 382 69 391 3 72 27 391 24 121 77 34 96 191 48 369 95 290 72 185 49 145
3513 22 298 79 276 62 167 17 105 58 390 86 226 80 240 97 258 30 61 82 302 38 267 49 28 14 269 74 3 92 358 3 236 88 179 55 240 65 11 7 49 26 238 22 96 70 334
3514 22 255 29 371 71 195 72 150 8 140 23 263 32 232 65 19 20 295 68 326 86 84 36 286 90 384 11 180 24 184 75 293 18 155 15 288 49 86 38 208 78 312 70 9 44 187
3515 22 259 27 115 33 146 92 71 82 279 56 123 63 267 2 86 50 176 30 119 44 7 96 38 59 259 67 354 45 345 20 230 43 11 24 290 7 346 4 73 48 141 75 375 70 145
3516 22 302 57 165 51 38 94 98 27 304 9 86 70 262 82 167 11 209 44 362 84 133 69 329 88 193 28 328 19 55 49 364 63 114 66 252 59 164 79 363 24 364 85 245 50 118
3517 22 262 8 110 62 269 93 46 37 374 34 230 53 161 48 107 10 363 21 175 29 173 33 144 51 195 67 14 79 3 28 121 17 390 86 82 74 55 64 155 60 25 55 118 39 260
3518 22 302 45 163 44 288 13 239 6 178 69 9 39 96 81 56 85 66 93 119 96 318 25 360 73 184 36 227 2 373 95 292 84 40 54 227 79 266 65 237 33 245 77 340 17 342
3519 22 292 32 387 37 250 12 348 74 247 83 52 55 346 91 38 44 265 16 261 81 4 66 200 40 298 76 79 69 363 53 357 64 216 5 37 62 187 88 114 94 33 4 31 22 100
3520 22 284 47 89 60 80 92 167 97 291 58 394 66 336 59 286 50 263 42 13 78 98 1 92 37 88 5 230 73 308 12 394 11 82 19 90 86 15 94 131 32 181 89 217 31 104
3521 22 296 10 43 81 108 44 224 83 28 25 107 88 336 46 346 33 116 87 257 52 172 71 45 2 154 26 143 70 208 32 250 78 391 45 202 86 280 68 297 38 266 43 122 79 133
3522 22 280 5 201 29 158 55 306 76 113 97 159 15 27 49 111 28 34 42 8 43 328 40 317 45 134 38 225 66 16 9 170 69 390 75 247 79 302 60 228 61 226 54 209 88 81
3523 22 266 43 230 40 237 9 19 28 25 63 213 62 40 79 30 48 198 89 175 24 136 6 125 47 133 85 272 86 394 11 18 88 340 80 104 72 242 16 86 33 394 15 133 42 264
3524 22 302 21 368 87 108 73 211 54 357 96 377 42 341 88 311 80 379 20 103 79 299 6 50 92 74 35 325 67 201 57 260 64 29 50 89 4 313 94 361 60 171 10 165 31 140
3525 22 274 36 333 18 334 91 120 25 116 6 301 82 7 9 394 70 290 72 378 80 84 71 40 95 293 46 46 2 362 76 194 97 160 11 330 50 30 17 188 7 99 94 115 44 215
3526 22 287 56 120 86 333 99 21 4 191 15 396 36 360 50 397 35 243 93 347 5 274 96 87 79 113 74 337 63 67 58 281 59 277 19 292 75 239 47 217 6 342 52 17 43 200
3527 22 324 4 137 92 150 42 17 97 280 96 361 53 84 75 171 87 232 3 46 60 221 89 87 12 235 69 128 7 85 71 306 88 159 98 37 52 66 86 231 61 246 35 345 21 105
3528 22 233 83 104 60 28 64 280 68 202 43 102 4 311 82 210 48 204 16 235 62 165 24 314 9 96 6 31 39 226 35 273 46 253 45 26 20 198 74 253 55 63 30 158 19 246
3529 22 247 39 384 27 99 80 21 5 110 11 182 96 184 63 342 36 59 19 107 56 90 9 172 34 123 53 391 4 369 62 1 59 45 79 58 24 400 14 185 47 333 97 210 74 384
3530 22 239 20 144 91 76 33 370 36 357 4 210 9 146 65 77 7 365 88 252 95 45 27 246 10 112 8 156 44 104 17 269 37 12 30 164 96 99 99 104 54 60 13 400 76 241
3531 22 251 6 340 28 9 34 224 36 80 85 399 39 341 94 194 57 262 33 393 25 362 8 372 13 358 76 266 17 240 92 80 75 283 60 383 69 35 70 100 20 268 38 112 31 368
3532 22 306 74 216 13 250 77 20 22 189 78 297 7 346 88 223 90 119 97 172 32 240 65 1 91 184 21 128 47 33 11 214 59 278 8 54 50 129 95 379 53 324 64 375 83 124
3533 22 263 37 112 55 128 28 207 19 211 27 98 57 60 60 223 18 37 52 377 91 253 6 237 31 34 89 107 50 315 71 184 90 207 47 244 87 275 51 305 29 354 46 40 14 220
3534 22 316 9 150 71 86 92 324 43 28 54 176 68 260 77 235 83 360 24 289 59 20 75 33 22 31 69 50 85 66 90 98 50 199 56 235 91 231 18 384 5 338 96 233 30 145
3535 22 253 47 118 3 366 45 335 39 227 55 389 63 21 30 260 5 179 59 212 66 1 42 294 70 378 50 307 25 183 54 327 29 23 81 246 67 67 85 46 21 125 8 393 68 250
3536 22 314 84 78 61 201 30 55 95 399 32 396 6 108 78 287 56 215 35 236 2 302 97 299 75 321 19 26 25 68 9 154 81 62 83 135 82 118 51 39 77 281 89 288 92 223
3537 22 302 24 104 76 377 74 251 72 80 70 197 4 89 57 358 69 118 92 255 25 273 28 311 8 188 88 47 79 111 34 138 99 185 12 349 56 191 52 346 59 208 55 179 78 347
3538 22 215 34 102 19 357 29 82 9 188 69 296 35 99 58 356 32 96 54 216 7 3 23 349 24 274 46 334 33 53 13 310 99 98 64 169 6 392 50 14 70 262 66 168 21 151
3539 22 244 66 375 18 24 29 40 24 252 65 170 86 250 22 250 11 172 47 74 40 352 42 318 49 163 79 66 83 349 33 215 12 303 38 240 62 44 59 283 81 360 4 30 27 328
3540 22 304 96 118 31 65 59 148 65 22 78 230 4 227 67 288 41 79 90 230 70 84 43 265 94 225 45 153 80 26 74 106 5 221 24 136 37 34 35 1 7 65 82 262 91 349
3541 22 284 50 283 79 291 64 200 26 7 65 119 31 61 71 111 39 397 16 343 69 391 30 6 25 217 58 31 81 140 93 123 40 394 57 370 84 20 10 26 85 280 46 103 19 236
3542 22 288 99 134 78 267 77 160 24 101 76 182 31 256 73 375 30 312 68 286 33 204 5 353 65 331 38 244 39 335 46 9 70 44 94 299 63 170 58 38 19 1 40 91 27 169
3543 22 252 54 295 6 186 50 311 91 14 93 228 57 283 14 203 35 198 84 85 12 154 43 50 23 127 20 375 19 263 39 216 48 45 49 307 44 162 99 223 70 333 36 172 22 322
3544 22 255 58 206 85 311 48 286 86 27 6 212 45 368 65 335 35 164 79 88 12 285 31 73 5 43 67 192 66 41 13 39 99 119 24 109 18 161 46 396 92 185 22 227 20 386
3545 22 304 57 7 97 394 90 322 80 394 64 147 86 81 39 50 20 337 95 398 38 155 43 85 73 52 77 157 26 155 76 211 11 35 59 256 24 332 36 69 47 234 6 328 72 256
3546 22 285 99 309 75 345 58 64 51 152 49 23 4 77 32 29 31 159 91 93 93 249 68 181 84 337 79 317 42 306 88 349 56 148 76 200 5 339 3 109 39 177 12 67 8 340
3547 22 313 97 67 82 390 59 282 38 79 14 373 15 393 89 108 98 128 9 106 28 284 5 184 74 107 92 165 84 203 31 143 94 80 61 127 69 372 58 50 22 330 64 14 70 123
3548 22 302 64 249 31 369 76 366 25 212 92 284 3 256 19 258 38 261 17 22 30 137 93 390 94 394 63 375 57 377 96 131 97 214 12 324 36 135 22 171 90 29 89 399 67 102
3549 22 269 1 135 23 282 72 67 17 12 86 244 20 114 91 150 5 187 15 16 11 46 3 197 67 74 48 362 84 314 63 237 37 70 71 155 93 188 66 78 83 185 73 287 47 60
3550 22 220 1 14 22 246 16 318 65 389 56 312 3 239 77 317 27 176 6 97 47 112 89 186 30 18 68 366 60 392 52 206 5 219 24 202 34 394 66 75 49 129 29 39 57 197
3551 22 240 66 33 2 162 31 266 68 95 19 287 60 278 78 264 35 281 53 356 69 338 49 287 12 197 67 292 36 224 89 253 8 242 38 107 57 153 37 243 13 366 72 28 4 295
3552 22 289 52 260 15 141 8 201 5 357 68 396 44 343 84 396 50 278 61 339 79 295 89 115 53 80 12 280 31 16 26 234 75 40 74 34 93 78 90 312 85 254 9 32 55 386
3553 22 249 92 293 22 322 39 10 36 227 14 67 38 93 97 353 18 330 79 209 56 213 1 333 54 264 6 239 69 67 70 23 4 214 67 325 35 5 86 123 31 99 41 121 43 190
3554 22 279 25 360 19 156 69 326 68 121 59 73 37 264 11 5 82 133 80 286 98 246 62 32 51 400 6 33 47 153 93 36 30 152 85 272 32 204 45 290 76 233 5 139 39 223
3555 22 291 16 224 20 62 85 103 64 384 9 296 34 7 1 178 94 130 29 51 66 153 82 169 49 323 96 281 80 86 69 270 8 285 93 27 98 29 30 113 65 290 50 248 27 241
3556 22 281 89 7 91 6 59 325 26 159 99 122 39 130 7 60 15 296 93 193 72 174 5 36 63 264 85 262 24 63 2 264 69 345 70 180 95 338 19 68 29 149 27 388 47 293
3557 22 300 83 190 85 27 61 111 48 173 46 232 87 321 88 185 14 32 6 93 52 400 23 20 63 371 50 69 90 84 58 74 62 70 36 344 17 261 41 100 47 314 45 334 98 259
3558 22 267 18 103 3 121 54 285 43 25 47 265 70 348 34 359 83 191 85 44 61 120 39 177 80 332 77 178 45 173 12 294 31 381 48 334 53 1 96 26 17 260 16 145 58 199
3559 22 314 36 94 42 148 65 133 24 97 64 152 74 308 77 337 53 307 17 100 92 370 52 362 30 128 76 45 73 385 95 160 78 37 7 242 69 182 38 184 86 164 43 162 68 369
3560 22 269 94 212 90 297 25 206 26 306 85 201 2 109 97 268 14 85 55 205 8 345 88 193 30 354 59 176 73 127 21 136 16 317 12 173 42 117 58 394 19 118 78 67 86 391
3561 22 262 51 63 98 355 70 294 94 114 53 323 19 111 50 344 38 70 79 253 86 291 26 180 7 35 73 377 52 303 43 89 45 145 42 99 21 87 44 187 39 266 5 150 15 148
3562 22 270 87 336 79 191 74 69 16 53 27 250 25 356 54 79 50 42 24 95 93 117 45 266 4 89 52 194 6 208 43 173 8 281 86 72 81 106 39 385 32 41 62 39 94 240
3563 22 278 89 35 15 35 80 232 31 45 87 219 48 132 77 255 75 249 14 307 8 199 78 289 4 169 73 388 9 34 26 202 66 188 40 400 67 123 63 61 1 362 93 377 69 219
3564 22 293 77 282 25 85 81 55 36 223 97 323 31 183 49 184 60 266 23 299 66 290 74 348 4 34 48 166 78 177 86 396 53 167 73 37 99 79 13 135 1 110 57 283 44 357
3565 22 257 18 203 23 340 53 40 81 26 87 337 12 186 54 189 62 339 37 267 57 161 55 256 39 168 90 91 29 398 25 24 94 178 33 230 68 366 8 106 2 219 43 307 59 157
3566 22 287 45 95 23 301 55 229 8 45 96 97 35 176 95 11 99 1 4 328 29 89 58 248 54 317 53 307 47 213 93 303 9 140 77 261 46 106 69 391 65 77 11 40 79 111
3567 22 273 43 307 91 31 16 38 36 332 42 294 18 89 58 110 66 201 20 327 47 325 89 377 63 117 57 374 56 88 51 394 27 33 61 216 69 292 10 314 9 150 72 370 92 389
3568 22 289 23 263 15 221 87 113 9 116 76 25 72 349 33 311 36 183 4 114 16 282 35 107 91 149 67 92 89 135 60 11 98 327 31 136 39 91 51 14 75 314 99 385 50 333
3569 22 321 41 315 56 196 86 115 33 229 57 321 64 117 83 313 95 65 48 33 55 251 99 174 77 264 24 213 13 257 53 28 8 61 75 193 79 207 87 80 3 314 68 297 82 85
3570 22 254 70 280 58 46 43 182 8 390 11 187 49 323 61 41 97 273 71 255 66 358 86 21 12 200 41 109 30 308 42 214 29 221 24 74 15 205 31 74 46 193 60 394 67 173
3571 22 274 86 115 97 157 70 362 14 207 83 325 6 275 85 135 34 326 1 162 98 324 35 365 80 117 38 225 62 250 18 328 74 203 43 370 11 364 32 376 66 301 28 140 37 214
3572 22 257 73 115 14 34 64 37 20 128 16 288 18 292 49 319 61 29 92 216 71 261 26 386 44 102 7 9 54 234 90 48 72 256 13 357 50 176 99 217 34 121 25 336 38 62
3573 22 247 51 381 15 258 42 68 91 41 9 90 13 17 3 321 36 304 49 134 72 64 2 132 79 35 53 371 12 188 1 287 81 267 44 122 86 186 63 95 76 127 11 78 99 98
3574 22 241 81 47 31 52 62 132 36 241 19 388 63 130 27 298 30 280 10 146 84 32 17 346 78 244 24 140 21 22 37 253 56 82 51 343 22 221 2 9 34 231 88 21 92 385
3575 22 275 52 27 68 220 24 397 63 347 36 335 21 372 39 341 91 346 22 93 89 344 65 170 79 166 78 264 48 17 85 191 54 88 18 321 7 141 40 5 60 329 45 300 19 290
3576 22 228 21 363 30 216 79 300 47 344 29 10 43 46 46 385 51 333 2 271 91 295 40 111 34 97 17 245 25 213 44 295 55 16 9 184 32 387 35 330 82 64 39 124 61 185
3577 22 290 8 11 69 262 33 260 73 370 93 69 39 237 3 380 57 347 47 193 78 133 27 107 14 242 98 89 2 134 48 312 61 145 68 69 83 60 89 173 75 179 71 232 26 217
3578 22 291 76 303 49 202 62 314 44 311 54 297 1 209 97 14 5 258 81 373 92 93 13 364 40 145 38 119 15 321 96 383 98 283 50 11 45 273 41 268 65 214 74 247 29 17
3579 22 332 39 341 80 230 85 69 51 342 95 185 37 145 67 238 7 214 82 332 14 223 99 67 23 215 40 78 8 56 68 149 87 198 49 388 96 124 92 191 75 250 56 256 81 270
3580 22 283 30 332 88 305 46 167 84 138 97 343 93 164 43 132 13 228 39 362 67 39 9 290 75 200 32 149 49 340 5 182 61 34 48 338 58 166 73 347 62 16 40 126 23 38
3581 22 267 37 313 51 355 59 245 25 110 28 274 11 167 30 292 27 263 4 374 53 213 40 177 60 101 92 251 78 202 16 38 66 393 87 125 89 11 86 368 84 296 35 113 13 328
3582 22 238 42 339 32 355 30 160 66 130 52 268 8 105 92 75 94 228 40 38 14 316 26 124 2 146 60 349 72 88 44 351 29 182 34 135 11 94 93 397 67 152 1 358 46 185
3583 22 285 17 184 98 285 61 374 38 106 33 286 37 356 73 133 7 202 14 192 36 77 85 88 21 233 54 24 64 201 79 248 53 174 71 390 80 3 76 168 10 248 68 1 66 360
3584 22 298 89 242 96 376 14 29 81 137 13 144 91 392 5 156 41 158 30 111 99 161 65 374 28 326 74 228 94 126 93 53 86 248 22 387 75 83 8 331 39 148 40 168 10 139
3585 22 250 28 226 64 255 52 237 34 245 15 26 49 328 63 96 69 13 24 290 99 64 6 225 98 114 8 336 13 99 3 23 89 382 53 189 51 41 22 195 55 200 43 235 62 91
3586 22 305 55 375 66 296 25 381 1 102 78 366 61 14 31 259 68 153 48 2 4 252 90 255 92 363 49 199 14 44 33 28 34 39 54 51 60 152 91 73 82 350 93 386 94 289
3587 22 245 35 143 43 197 44 241 11 139 25 290 72 263 74 148 4 334 3 315 85 93 88 318 94 32 42 125 93 311 38 136 7 381 28 369 19 105 58 342 67 67 24 22 26 336
3588 22 278 36 170 75 353 16 306 55 9 82 397 2 292 34 189 51 166 19 236 72 129 29 91 80 295 57 303 8 380 52 143 50 126 95 265 84 301 25 365 49 326 83 114 59 200
3589 22 271 82 29 36 353 57 116 43 289 11 151 26 210 23 129 52 224 55 398 40 190 98 264 54 147 42 362 81 255 20 332 88 149 19 341 35 335 97 45 38 192 22 247 66 51
3590 22 281 51 89 57 148 80 46 46 295 44 36 13 324 43 184 55 230 84 174 22 93 8 57 41 204 32 125 92 197 27 42 37 335 90 316 87 211 83 330 98 147 5 40 30 59
3591 22 351 70 166 84 343 58 343 99 398 98 44 82 223 88 78 1 329 15 236 67 208 92 249 89 142 47 293 81 277 4 2 94 39 45 203 95 152 79 339 33 253 78 111 6 106
3592 22 234 77 341 28 158 59 287 2 260 76 243 6 268 23 34 25 27 62 321 29 143 15 333 73 105 65 378 82 27 83 340 3 375 67 161 33 353 44 280 4 2 48 78 35 222
3593 22 287 2 14 83 374 94 125 89 126 50 293 91 227 75 117 9 66 20 283 32 232 67 36 93 63 68 148 64 15 25 98 36 279 11 171 52 305 47 392 82 96 37 72 22 363
3594 22 276 41 182 28 212 16 159 43 235 46 87 97 13 34 360 79 58 57 167 88 120 37 140 76 183 83 357 31 319 81 152 21 286 8 332 1 18 74 135 60 31 45 390 59 254
3595 22 348 99 177 42 70 13 233 97 247 15 353 77 234 85 181 14 5 66 22 88 318 91 213 53 106 24 35 86 68 44 322 75 20 96 84 47 392 82 161 59 346 81 139 60 137
3596 22 272 56 33 25 73 23 237 77 129 61 112 14 80 88 109 1 14 80 15 63 213 52 44 26 247 54 271 79 44 30 116 99 314 40 272 37 328 17 388 11 330 68 50 90 20
3597 22 305 63 69 87 23 83 199 26 226 24 125 32 395 3 175 76 218 74 190 9 197 78 237 96 94 59 375 95 108 64 215 23 32 53 145 66 351 43 27 47 74 73 249 49 200
3598 22 260 19 174 89 279 22 66 67 17 11 243 27 85 35 48 3 257 31 355 53 148 58 375 91 236 21 164 60 322 12 359 92 137 17 189 75 28 83 101 64 371 87 112 26 43
3599 22 315 94 80 96 242 89 322 32 76 95 47 35 316 59 146 45 280 5 313 20 231 40 2 31 4 73 70 67 50 12 112 81 59 70 333 88 397 27 235 29 352 91 373 83 195
3600 22 302 37 203 25 129 56 308 84 80 77 102 29 40 13 210 51 70 79 383 57 127 61 43 58 54 39 286 30 210 91 376 99 293 1 127 60 210 80 188 11 209 75 18 96 148
3601 22 286 63 305 74 23 47 184 76 186 21 384 67 183 75 342 81 319 94 307 19 153 68 399 92 330 7 71 4 176 99 100 14 4 48 36 2 331 64 39 52 47 5 86 73 299
3602 22 300 66 392 92 124 10 297 91 260 88 120 18 210 75 193 61 126 67 74 81 167 83 49 24 21 52 123 78 37 47 276 2 138 19 25 15 167 59 55 86 229 16 361 73 276
3603 22 253 38 392 49 119 58 362 1 206 85 73 59 2 46 306 29 48 95 248 24 394 14 191 5 120 28 33 36 340 11 378 48 112 96 105 73 148 63 109 72 372 68 174 17 125
3604 22 278 2 116 71 201 40 65 15 282 21 386 9 205 49 161 32 178 95 273 13 267 72 27 75 143 98 194 68 115 70 222 82 341 22 273 57 288 54 177 74 15 33 146 63 93
3605 22 263 29 392 1 23 16 366 41 187 92 168 81 390 61 149 56 183 22 237 75 295 10 31 83 215 59 8 43 105 35 334 34 288 8 249 53 149 96 316 85 228 37 29 36 183
3606 22 248 90 18 17 304 28 324 33 170 81 175 5 314 9 144 21 9 96 369 43 236 63 328 64 278 19 25 66 99 61 348 40 78 65 44 6 140 75 72 2 231 85 62 26 158
3607 22 223 23 273 78 18 16 314 80 295 29 109 13 353 26 64 73 203 43 389 98 200 81 325 4 179 9 89 40 234 14 107 27 231 22 92 10 16 20 218 25 43 95 337 68 150
3608 22 299 31 108 47 130 40 272 56 244 50 164 84 241 97 33 55 55 59 237 76 303 43 322 16 75 98 111 69 87 30 218 17 337 29 388 54 272 89 117 7 181 65 139 87 120
3609 22 245 49 24 47 251 22 390 25 37 16 322 84 8 28 254 65 370 23 245 9 76 97 192 74 29 8 312 27 260 39 174 63 160 15 187 48 130 68 174 18 92 90 339 66 234
3610 22 248 47 241 1 143 84 74 24 191 85 339 70 197 29 243 59 240 57 397 87 38 4 233 2 123 72 214 48 110 31 182 71 34 51 106 8 174 49 44 64 318 40 192 12 50
3611 22 241 31 20 46 370 57 150 54 210 24 112 81 38 60 43 20 193 99 43 26 1 48 285 27 348 29 190 65 168 34 376 18 316 47 215 85 3 16 391 40 102 45 129 13 139
3612 22 282 48 257 89 90 35 90 90 319 68 137 47 309 54 367 94 281 36 110 28 350 46 230 66 336 5 390 43 133 2 181 32 359 70 222 45 311 11 263 78 147 62 338 80 132
3613 22 353 81 115 93 160 16 138 89 233 26 287 15 329 73 116 9 5 78 226 70 240 88 185 69 286 46 207 86 225 38 318 91 82 77 306 19 17 96 303 79 210 83 152 92 108
3614 22 207 3 221 85 225 61 72 9 329 57 206 35 294 30 24 63 272 91 129 28 208 19 23 62 50 33 197 53 62 88 260 16 260 44 140 20 215 1 171 5 287 17 286 11 179
3615 22 246 57 319 70 286 46 129 56 169 42 105 53 338 14 377 16 329 37 211 21 156 25 120 48 377 43 164 62 105 94 371 23 263 8 121 15 289 85 320 93 374 28 206 51 196
3616 22 268 86 187 6 58 94 383 30 250 44 245 19 100 90 241 74 353 48 194 47 263 34 331 26 305 61 383 55 56 21 393 14 78 96 207 87 77 12 82 73 183 33 362 23 207
3617 22 282 66 71 52 113 85 338 95 18 63 251 30 98 57 238 18 49 51 195 35 198 2 373 26 265 55 98 99 187 11 22 45 277 44 249 41 280 86 335 49 348 78 45 42 315
3618 22 268 14 243 17 309 29 314 62 101 39 78 7 188 77 246 99 50 90 27 93 38 67 372 23 253 20 123 49 119 84 116 33 26 32 93 54 98 88 383 13 328 59 158 26 60
3619 22 256 47 104 52 337 22 75 59 226 46 233 16 47 99 162 36 376 45 228 29 394 33 334 82 115 61 126 3 138 85 302 41 337 38 214 63 348 39 161 54 207 4 368 71 179
3620 22 254 64 398 59 258 30 193 91 196 90 51 21 345 88 106 46 28 42 35 41 356 34 231 16 66 37 322 1 240 71 371 5 220 29 362 73 304 97 363 54 17 7 141 22 152
3621 22 269 20 115 38 312 71 71 42 138 37 178 12 189 70 252 60 340 8 231 68 221 32 93 24 228 55 29 96 361 69 318 64 288 1 151 54 271 93 192 59 22 48 391 58 159
3622 22 283 82 266 89 2 38 72 94 114 51 148 42 47 8 263 64 123 50 347 23 301 53 145 45 144 56 166 98 155 9 207 13 390 72 253 91 62 25 84 27 175 83 268 21 242
3623 22 277 30 136 64 232 35 238 84 387 80 82 90 345 31 144 5 137 8 395 61 260 37 222 36 373 63 155 67 35 97 249 71 312 32 205 50 67 43 84 46 224 25 142 54 120
3624 22 244 47 290 27 93 50 338 29 223 26 1 22 288 8 241 56 41 44 367 24 248 16 90 42 151 35 165 76 318 98 222 60 276 66 161 95 336 91 247 9 78 6 249 51 361
3625 22 303 41 395 28 264 94 395 53 136 98 239 76 315 70 374 88 281 49 354 14 200 4 398 85 233 84 264 78 130 91 193 23 138 10 235 36 262 2 31 83 290 11 184 95 303
3626 22 236 97 394 31 353 91 215 37 294 51 320 10 280 1 300 73 276 89 170 85 223 5 146 7 176 19 148 38 302 42 293 87 123 3 229 39 123 11 232 63 83 43 238 24 312
3627 22 282 23 246 68 268 82 226 96 101 73 385 2 266 77 4 4 399 6 333 87 97 7 78 59 190 48 21 72 290 47 153 81 93 20 200 26 346 95 126 70 132 80 88 8 83
3628 22 277 91 359 41 75 97 89 81 226 47 270 25 167 94 214 77 340 18 357 84 38 57 10 35 303 87 156 34 166 95 394 1 338 4 193 12 100 45 326 27 314 50 145 7 16
3629 22 211 22 299 85 30 82 274 38 243 8 393 30 316 26 47 10 371 99 47 74 343 11 326 23 55 3 201 20 52 46 327 19 19 77 256 48 10 29 138 53 337 34 204 7 132
3630 22 286 65 78 83 312 3 225 74 228 48 328 30 200 47 34 97 125 4 115 53 259 15 263 88 204 67 276 33 152 31 39 35 295 68 117 58 323 94 31 50 293 10 132 92 109
3631 22 301 17 189 85 72 55 38 31 321 52 270 24 318 97 8 21 127 47 255 66 324 79 388 61 90 9 71 73 200 89 340 63 360 42 67 3 63 43 72 59 150 92 237 96 299
3632 22 258 10 214 22 388 1 390 48 242 98 170 14 249 2 141 63 214 87 166 7 353 21 70 47 392 80 197 36 369 44 286 78 157 17 310 64 151 45 386 65 345 85 18 99 183
3633 22 298 71 265 90 276 85 211 22 128 42 118 63 310 14 48 39 170 6 155 79 153 82 249 56 346 46 240 30 339 98 153 55 287 80 339 49 301 18 390 81 252 84 180 5 238
3634 22 235 97 184 42 367 65 191 22 262 36 161 76 117 51 273 69 205 11 248 95 159 1 113 23 245 4 6 45 110 13 141 55 107 61 297 28 22 32 141 50 300 43 22 21 300
3635 22 294 85 368 94 243 20 58 95 42 54 198 99 230 43 109 83 305 48 142 66 396 21 39 27 213 40 79 56 162 55 246 18 200 38 258 35 179 11 132 78 292 26 238 86 61
3636 22 277 42 385 2 159 81 274 50 159 87 289 37 394 35 248 99 153 47 239 56 125 72 319 8 149 62 234 38 47 46 32 84 399 64 272 91 74 10 132 11 303 85 297 1 101
3637 22 229 74 242 8 198 66 226 57 314 88 142 4 386 87 235 69 385 28 332 9 219 6 118 2 268 73 386 16 26 21 117 26 294 10 34 43 27 11 400 41 198 96 136 82 104
3638 22 285 64 209 88 224 27 345 94 280 12 266 66 279 91 38 47 369 32 209 2 374 35 164 25 127 62 66 22 49 45 103 52 160 39 384 90 35 29 170 98 94 87 77 36 24
3639 22 248 23 256 7 231 57 233 66 373 92 334 74 366 82 270 68 85 31 176 17 221 10 145 42 8 90 280 36 77 55 58 33 162 41 141 46 306 13 102 49 398 28 14 34 16
3640 22 274 30 364 91 298 84 352 42 77 59 231 56 346 8 211 4 192 24 244 32 269 1 45 22 101 49 115 73 150 88 179 63 130 29 199 33 70 75 344 53 231 89 112 93 292
3641 22 289 3 316 87 234 84 187 78 105 88 272 6 354 44 355 53 183 85 115 64 113 13 296 35 140 39 387 70 128 98 362 19 352 29 58 12 244 15 68 83 286 73 388 81 179
3642 22 280 40 215 64 107 78 328 71 373 62 110 48 31 91 97 44 261 72 318 85 135 14 199 3 148 36 27 16 206 27 330 69 185 59 348 56 283 10 217 46 9 88 106 43 101
3643 22 297 5 267 70 289 53 83 87 155 83 122 34 270 89 339 96 70 59 181 28 306 88 311 15 104 8 276 3 196 81 398 37 216 65 326 68 300 12 275 86 8 74 298 50 344
3644 22 275 56 30 23 113 69 233 80 373 93 255 27 288 87 176 35 223 91 351 48 111 2 112 37 235 97 296 22 193 39 317 68 240 12 189 24 43 13 116 55 35 67 89 58 9
3645 22 258 40 5 19 241 68 7 28 216 2 164 38 46 54 106 45 374 97 109 62 321 3 274 88 400 64 343 34 230 83 243 39 22 9 215 67 316 42 83 69 357 72 215 11 377
3646 22 244 11 384 74 271 45 146 70 133 25 133 27 310 63 10 53 153 83 352 61 197 28 390 52 49 99 75 15 309 44 277 48 340 21 309 58 145 41 85 6 3 46 158 7 28
3647 22 300 61 168 77 231 47 118 34 47 16 109 24 112 38 119 88 85 58 361 57 366 70 353 7 54 99 116 68 79 76 187 55 358 85 372 92 232 40 52 44 215 63 281 2 317
3648 22 291 91 14 73 309 83 125 67 37 27 87 50 246 65 277 84 371 35 169 95 178 52 234 29 395 48 391 28 333 92 144 76 105 17 184 39 393 75 75 14 224 26 278 1 9
3649 22 256 1 287 29 95 64 32 80 244 79 279 34 206 77 301 39 333 17 222 71 210 23 398 36 2 11 60 27 340 12 388 40 398 68 186 13 100 56 78 96 41 83 59 69 135
3650 22 291 97 201 52 270 23 113 44 72 48 397 82 359 76 122 22 363 13 19 30 399 83 81 15 238 58 262 78 392 72 98 27 320 98 30 41 373 94 184 33 178 8 251 73 22
3651 22 308 63 344 3 13 26 84 80 116 93 193 45 185 65 43 84 292 92 125 64 385 60 260 77 392 89 280 51 239 53 72 1 148 75 266 25 110 40 302 85 38 27 300 37 370
3652 22 227 43 113 86 79 24 45 8 268 33 287 18 223 91 342 75 238 16 340 63 125 36 354 26 125 38 64 29 116 15 117 58 229 23 88 5 219 95 372 3 334 41 25 82 99
3653 22 298 14 197 91 28 73 126 33 251 2 371 66 331 38 132 47 75 89 228 49 229 32 67 23 255 69 208 95 245 84 277 96 349 25 286 76 298 63 308 65 230 20 96 45 294
3654 22 214 37 272 43 17 55 161 91 9 82 99 4 226 32 73 30 356 58 157 5 321 16 304 46 220 35 17 68 79 10 56 3 4 72 9 17 314 18 98 12 73 75 245 48 74
3655 22 315 11 257 82 116 29 198 71 117 95 143 51 11 10 182 72 17 36 228 40 44 96 353 61 393 17 85 19 161 18 187 75 368 66 55 88 172 63 130 74 73 91 55 97 107
3656 22 259 90 124 98 134 19 51 46 363 67 231 33 79 22 251 65 172 77 185 89 231 53 177 54 316 58 228 88 349 34 236 7 324 11 105 9 329 6 243 73 288 28 103 10 178
3657 22 249 68 281 6 104 22 88 56 150 42 271 7 269 11 355 2 46 62 377 57 18 37 237 24 395 32 196 82 359 50 343 88 217 93 320 97 80 28 346 73 98 52 341 8 259
3658 22 282 95 306 72 323 62 189 60 50 12 254 81 59 87 39 8 30 26 77 5 70 96 1 2 175 46 174 73 249 67 132 7 61 37 278 83 298 66 242 29 47 80 387 34 19
3659 22 307 95 163 96 371 67 118 18 367 19 93 64 392 17 112 58 48 71 70 85 400 53 334 66 246 33 346 45 165 78 135 79 140 82 101 99 370 76 69 14 239 13 330 2 22
3660 22 254 30 72 92 366 24 96 51 89 41 36 86 185 18 114 48 205 67 100 62 366 70 237 34 35 27 46 17 281 68 198 4 111 63 327 6 365 98 400 53 283 22 348 36 222
3661 22 264 53 55 21 366 72 342 3 5 77 181 45 61 22 42 17 132 56 243 89 120 10 386 14 220 74 335 68 162 20 216 85 187 70 39 43 298 97 142 84 118 35 100 1 290
3662 22 255 43 89 62 104 75 385 17 246 58 103 13 271 11 332 38 239 69 224 8 207 19 106 30 15 99 114 85 334 37 175 7 326 36 210 52 72 78 197 82 33 10 52 93 90
3663 22 271 81 213 65 288 20 183 45 349 50 144 14 186 29 227 22 203 33 347 91 95 62 24 47 143 56 208 95 250 52 236 30 65 70 36 35 114 36 336 57 350 21 285 76 142
3664 22 290 40 60 41 330 6 290 91 82 88 34 37 47 80 387 99 15 68 315 66 37 50 252 51 237 87 359 86 307 96 313 1 235 25 41 16 30 82 6 11 170 22 138 18 88
3665 22 285 5 332 54 394 33 357 96 70 44 6 55 2 1 120 2 387 42 102 73 276 60 136 97 2 87 164 76 24 82 163 80 65 68 373 98 225 19 368 26 173 21 226 23 165
3666 22 256 87 316 18 312 91 277 47 187 31 333 51 306 8 84 20 287 88 212 49 64 67 383 56 392 3 34 35 225 98 122 41 15 33 331 44 31 70 74 15 372 22 7 50 60
3667 22 258 6 189 71 55 52 54 73 234 9 264 37 342 99 313 91 172 5 106 56 288 1 138 57 326 28 256 25 334 84 391 46 107 97 197 12 270 83 20 85 71 14 135 4 306
3668 22 234 40 61 13 227 61 150 83 286 1 62 93 377 47 250 37 195 19 286 43 30 55 277 39 347 14 326 82 270 31 221 30 244 81 128 46 242 21 122 70 334 28 216 4 313
3669 22 309 10 233 19 387 86 210 85 51 35 118 20 365 90 202 60 288 44 105 68 171 50 261 43 323 64 257 28 131 92 241 45 311 79 30 63 80 54 181 52 170 70 153 82 358
3670 22 333 96 386 77 318 35 238 13 157 89 176 65 216 59 25 60 99 21 370 2 89 91 281 94 71 84 15 93 288 50 83 81 378 53 67 15 165 76 4 92 140 71 150 16 230
3671 22 352 36 151 76 137 91 367 70 84 89 105 99 81 93 394 82 27 27 60 79 293 26 95 68 181 39 160 4 88 85 240 63 236 67 251 72 62 74 277 60 206 69 105 40 247
3672 22 287 31 251 26 176 76 272 95 257 10 354 12 250 81 196 89 295 55 97 57 140 69 70 65 97 29 70 17 285 9 163 68 111 88 343 87 212 21 43 6 222 75 301 84 217
3673 22 295 65 292 8 385 61 172 81 141 93 349 25 54 12 144 64 51 38 350 62 127 96 235 69 1 56 295 54 318 63 137 34 79 80 41 16 340 48 80 97 56 9 108 52 125
3674 22 244 58 189 74 20 15 322 6 35 61 329 27 178 43 215 63 274 94 255 89 85 18 336 64 326 32 172 86 391 23 10 49 63 36 120 30 357 25 364 37 245 9 315 39 123
3675 22 257 29 312 69 384 52 353 53 40 78 323 92 164 14 66 25 62 28 160 33 57 68 57 73 250 93 217 58 59 7 232 88 71 23 222 5 75 13 25 36 216 49 281 44 110
3676 22 231 60 256 94 17 23 250 89 172 57 281 5 363 13 192 85 164 66 207 20 340 19 144 44 154 11 263 54 191 7 215 51 262 8 119 36 209 59 260 55 215 40 159 29 204
3677 22 271 2 114 20 167 72 39 6 242 35 302 48 45 64 101 88 122 16 290 75 360 71 84 18 282 38 232 21 396 12 177 49 25 96 15 86 72 90 172 73 37 69 137 37 308
3678 22 309 10 4 49 145 79 108 67 362 25 48 51 308 20 98 71 148 46 148 95 360 81 31 84 4 56 120 72 44 9 79 53 164 42 286 55 362 66 105 69 86 54 40 85 99
3679 22 216 87 380 10 133 12 393 17 215 48 288 39 391 69 195 44 205 33 210 60 395 76 216 15 313 70 206 49 20 28 30 77 239 22 293 54 369 32 392 11 180 5 343 7 248
3680 22 234 47 92 10 258 86 237 26 252 1 395 58 149 14 1 77 43 29 367 16 273 20 384 5 363 46 136 75 351 78 381 98 176 24 159 61 395 11 313 22 196 70 322 65 303
3681 22 277 90 380 75 262 16 179 24 161 66 98 11 295 31 261 71 54 56 67 18 18 79 364 22 300 43 173 34 307 76 239 2 137 54 380 60 266 98 10 77 92 92 189 14 397
3682 22 287 59 121 63 76 38 393 40 111 92 150 54 17 36 312 43 11 50 244 47 303 76 58 69 373 19 97 64 10 37 130 7 395 71 388 62 62 98 305 51 273 15 268 60 164
3683 22 268 11 358 19 238 68 139 62 386 35 178 96 71 7 2 17 156 22 39 43 35 52 193 40 215 95 164 64 309 31 276 73 94 33 91 81 45 86 367 89 128 5 235 44 330
3684 22 347 42 95 22 33 61 368 96 277 77 227 52 349 20 336 91 202 88 171 46 225 37 19 57 77 98 42 81 285 76 214 41 123 87 225 83 254 73 211 30 199 62 30 70 250
3685 22 362 72 223 37 94 21 161 82 39 69 258 89 110 91 373 61 366 86 354 88 24 78 23 77 150 33 359 47 388 96 312 44 284 57 116 39 106 64 348 94 125 38 118 85 204
3686 22 290 55 238 43 278 68 265 69 50 65 369 96 4 41 143 15 384 78 272 51 373 62 157 36 309 2 112 47 372 50 226 86 144 4 153 9 210 73 10 74 141 57 277 82 299
3687 22 298 44 317 76 367 20 200 28 28 35 236 29 346 34 300 93 235 78 30 79 181 82 339 42 307 48 167 47 104 43 380 54 138 49 181 4 168 80 383 95 166 71 75 63 104
3688 22 275 27 355 91 4 85 269 84 118 59 77 24 106 43 23 61 237 2 114 75 202 46 30 69 177 65 163 42 135 38 4 90 164 10 80 67 246 64 58 30 339 15 172 13 275
3689 22 245 8 315 40 334 68 137 16 37 13 280 99 206 66 388 9 155 3 71 87 221 38 74 31 48 70 162 74 82 89 134 48 280 19 16 69 334 4 281 54 87 30 142 47 237
3690 22 269 96 317 23 17 85 12 90 15 59 45 36 173 70 218 13 303 17 392 22 84 12 255 87 193 20 241 31 101 34 29 37 129 46 359 97 82 39 96 81 183 32 105 52 1
3691 22 317 17 207 69 161 28 153 72 334 91 216 5 31 98 6 64 27 42 45 24 253 41 5 75 279 7 61 83 212 65 283 80 171 52 140 4 164 94 379 88 277 77 45 92 3
3692 22 230 86 236 26 238 77 330 64 207 81 71 68 264 34 232 46 213 2 49 5 251 4 68 85 350 72 226 22 116 17 376 54 205 53 243 33 134 59 339 15 181 6 378 14 389
3693 22 290 75 178 42 76 82 144 79 149 29 128 95 152 5 168 20 274 96 273 78 348 67 210 25 148 48 5 6 125 70 246 51 148 40 226 83 5 30 363 84 76 15 389 43 286
3694 22 243 62 290 10 339 38 176 71 1 99 18 57 56 94 327 54 244 26 393 22 206 27 378 35 190 61 210 56 1 5 141 50 152 31 377 3 353 29 2 70 286 9 63 64 262
3695 22 280 59 189 54 280 94 33 57 81 22 269 90 29 70 246 69 83 40 370 87 222 46 389 75 275 42 144 12 351 7 275 65 15 18 296 60 50 4 40 23 324 82 251 45 127
3696 22 274 71 228 18 292 14 40 37 354 66 63 96 309 74 246 67 400 9 83 26 330 27 33 17 249 57 198 51 101 77 21 80 46 12 293 85 101 99 202 63 94 11 289 39 129
3697 22 272 40 347 12 206 25 141 31 351 26 47 52 34 97 202 86 25 75 366 70 38 10 107 38 8 8 253 1 370 93 391 99 332 90 262 37 214 54 219 16 79 66 267 64 14
3698 22 263 21 150 38 195 15 107 32 324 65 322 84 25 26 384 94 218 27 92 49 216 5 238 29 259 56 96 89 273 53 286 35 102 23 81 68 382 64 91 98 185 22 310 62 116
3699 22 234 79 188 59 180 3 64 17 383 74 24 78 162 97 392 14 134 26 167 57 358 34 390 22 377 87 358 2 161 20 163 76 298 86 29 4 49 38 322 21 316 36 269 7 101
3700 22 256 2 185 68 10 94 201 99 315 77 38 25 31 98 44 45 25 93 47 10 274 11 270 40 284 42 55 19 110 13 20 12 49 87 73 43 39 24 9 61 233 28 342 34 73
3701 22 231 40 195 46 242 5 167 33 89 9 339 7 118 51 378 81 252 16 254 55 277 54 22 89 139 71 50 18 64 83 342 4 77 39 197 34 6 29 322 14 67 80 83 69 210
3702 22 299 16 72 25 21 17 231 49 371 52 137 61 374 86 378 38 20 72 393 48 110 89 281 67 269 54 80 87 34 15 107 43 330 79 219 50 195 98 117 53 286 77 227 23 107
3703 22 233 16 42 78 208 41 39 48 322 6 216 27 137 54 60 51 160 32 338 25 33 33 74 82 201 26 19 4 41 36 319 34 13 75 3 8 192 74 245 45 386 47 357 91 131
3704 22 311 94 215 63 378 40 345 79 118 8 221 56 143 92 389 7 169 15 109 46 314 69 337 65 134 77 363 90 367 93 335 34 256 25 152 95 42 66 54 21 196 58 362 54 378
3705 22 313 28 314 23 242 34 60 81 398 45 257 61 186 75 53 72 260 60 288 85 11 82 178 29 335 44 49 1 362 87 179 90 153 53 83 86 312 15 136 8 323 96 193 97 100
3706 22 284 17 309 12 104 45 322 86 222 50 272 18 351 6 318 44 48 53 296 1 235 82 164 24 223 64 316 72 363 32 180 74 188 48 173 97 49 96 114 51 253 84 215 83 319
3707 22 259 92 235 54 373 99 6 41 74 29 4 19 25 31 144 12 6 43 384 2 292 68 194 84 51 8 180 33 327 23 268 32 396 18 37 88 243 17 92 83 268 62 207 98 105
3708 22 275 18 55 48 353 57 191 84 124 36 19 26 344 50 158 22 172 77 205 19 146 93 207 88 362 23 229 11 329 79 267 47 333 14 299 41 356 34 64 92 104 89 187 53 299
3709 22 241 60 25 27 164 95 325 8 301 12 269 2 34 98 264 15 376 31 261 96 111 1 252 97 216 57 281 5 255 40 81 33 355 75 357 62 28 21 131 29 206 80 393 20 107
3710 22 351 23 332 66 370 95 118 73 191 34 267 42 290 99 146 96 290 26 128 44 1 85 58 80 257 40 108 62 319 52 182 25 126 65 342 59 60 68 249 93 87 91 234 88 329
3711 22 292 75 166 8 270 18 44 79 97 56 314 88 208 95 312 33 159 6 380 65 200 9 286 60 394 70 248 74 96 81 318 82 277 48 178 28 166 41 5 40 135 69 25 46 74
3712 22 286 56 15 90 155 84 50 40 244 43 62 16 109 7 148 26 88 76 174 17 104 91 149 44 295 41 231 63 217 28 188 72 394 77 327 66 220 20 379 14 387 88 172 87 65
3713 22 282 59 62 90 75 17 80 76 213 27 16 43 41 32 22 81 3 15 257 91 335 47 163 54 177 41 264 48 127 29 358 40 118 85 257 50 112 69 28 63 20 10 84 64 50
3714 22 265 9 145 40 343 43 154 48 119 82 340 35 181 18 263 90 158 32 74 66 33 85 386 60 263 24 83 31 388 91 132 23 133 26 229 33 144 10 372 78 42 92 131 47 176
3715 22 211 57 64 8 293 49 220 48 251 31 130 33 218 13 224 1 287 78 67 92 374 28 264 3 369 53 295 52 351 22 208 14 229 59 61 50 342 42 283 11 306 58 364 44 317
3716 22 241 41 211 9 166 38 72 69 59 76 15 10 178 36 269 43 264 20 156 64 31 16 113 24 309 47 34 14 356 97 357 73 190 67 33 55 257 56 123 15 331 89 24 8 124
3717 22 315 44 250 40 115 57 155 45 124 67 68 32 166 54 197 21 50 53 345 91 272 29 146 80 384 20 394 66 309 69 325 84 212 26 323 82 77 23 205 96 42 88 13 95 384
3718 22 314 85 97 89 382 87 312 10 384 91 294 4 336 59 112 84 95 67 209 70 344 43 398 18 47 93 360 35 257 6 170 42 54 58 323 69 232 76 111 77 79 46 236 49 271
3719 22 266 89 367 31 158 11 273 7 228 72 400 39 106 8 97 27 149 50 85 23 394 5 255 70 316 61 118 94 262 88 182 28 371 91 90 43 397 14 348 60 171 56 56 98 256
3720 22 311 58 34 79 151 38 133 72 153 15 272 66 133 65 327 98 106 42 288 48 237 36 17 50 136 76 73 91 384 22 98 41 55 43 292 60 215 97 75 14 159 54 292 82 251
3721 22 257 97 176 90 96 12 325 13 60 40 337 2 23 58 400 15 12 75 309 56 387 23 252 17 171 65 108 4 167 79 256 52 42 33 215 55 144 54 291 46 228 49 397 94 212
3722 22 301 23 203 67 309 77 270 21 389 86 43 5 193 47 72 49 25 27 352 59 166 73 155 72 215 51 15 48 45 70 247 93 379 75 115 15 200 94 320 92 391 16 269 44 234
3723 22 295 80 261 58 34 32 373 85 383 87 332 79 165 1 177 10 331 51 124 82 266 23 27 37 267 18 79 11 385 47 106 71 178 67 328 50 252 91 278 55 231 86 364 61 89
3724 22 298 87 294 54 362 72 42 28 41 20 191 26 66 96 148 62 75 6 12 79 305 95 69 82 157 23 12 42 387 25 82 70 35 86 242 76 166 47 356 59 213 51 6 8 65
3725 22 287 33 365 76 311 69 122 31 3 78 353 66 320 91 90 1 316 12 388 53 15 18 86 62 373 97 326 54 285 40 238 67 100 22 388 30 24 83 389 37 273 89 140 42 76
3726 22 311 93 246 43 10 83 156 79 33 10 33 17 349 22 117 15 322 38 202 51 113 67 333 54 203 58 84 92 297 77 319 89 274 13 251 56 68 85 335 94 319 68 242 40 85
3727 22 305 8 13 74 209 64 239 28 248 92 30 57 327 73 206 55 144 94 228 56 296 83 124 80 269 75 373 39 143 66 279 79 173 43 304 34 206 42 161 54 385 10 311 15 215
3728 22 291 17 158 61 44 65 108 27 288 88 247 15 112 86 157 30 216 87 2 58 190 35 264 32 47 69 268 89 230 31 203 97 347 12 209 91 76 16 369 55 167 67 152 38 396
3729 22 265 19 324 49 377 13 236 92 396 82 12 16 70 41 346 24 189 35 397 34 163 65 202 78 319 69 359 37 72 96 384 91 271 33 367 20 110 31 1 21 146 71 313 43 294
3730 22 289 2 334 81 50 68 143 14 321 72 185 89 130 73 313 77 157 3 347 41 269 60 330 63 112 50 260 82 314 28 15 88 360 17 355 54 282 75 225 66 116 6 191 47 330
3731 22 277 80 339 50 112 98 31 75 209 86 343 93 340 22 360 27 281 76 33 9 259 10 227 74 367 17 353 63 234 31 301 35 242 65 68 96 154 4 341 25 252 71 157 3 394
3732 22 282 87 61 55 213 21 229 39 272 43 125 2 395 59 244 44 376 11 6 71 16 61 311 60 238 62 230 94 340 32 340 27 93 91 79 15 320 69 238 93 240 9 104 83 304
3733 22 238 79 345 9 49 61 270 12 20 7 25 50 52 65 233 91 243 77 337 85 307 3 204 76 140 18 320 78 23 81 101 6 390 2 318 11 13 37 269 38 272 53 371 15 147
3734 22 258 47 151 32 154 53 187 81 192 56 300 23 133 35 214 75 92 55 76 9 317 88 346 85 77 29 5 70 128 4 372 59 357 24 297 37 168 90 337 10 376 2 85 68 256
3735 22 301 12 76 72 152 73 308 28 8 64 208 85 335 15 157 45 123 32 294 11 251 98 199 92 34 60 68 36 296 35 343 8 210 59 183 74 386 90 289 53 74 80 320 82 76
3736 22 245 42 265 69 5 16 66 3 207 62 274 87 358 8 129 17 170 95 75 52 169 12 93 57 156 45 82 15 263 10 80 83 114 47 249 53 300 29 179 86 238 38 166 54 307
3737 22 296 61 180 58 81 91 302 89 299 47 171 85 214 37 299 23 16 82 36 14 282 51 67 81 232 97 218 69 334 35 223 41 295 2 50 27 145 52 16 43 50 38 79 63 74
3738 22 278 78 186 42 11 73 155 92 124 24 307 69 193 75 303 27 149 95 374 51 96 47 47 15 241 48 4 19 311 10 220 25 101 98 76 1 366 68 128 20 395 76 266 62 219
3739 22 268 24 360 86 16 8 89 35 270 18 134 17 236 44 88 13 44 10 72 87 327 39 214 99 285 42 364 4 19 77 23 95 237 60 162 96 148 65 266 30 333 53 125 72 17
3740 22 259 20 306 26 191 93 305 82 158 3 366 99 318 70 170 47 144 16 383 77 178 2 125 94 119 6 126 24 30 97 140 49 3 18 340 22 21 56 376 38 255 59 376 39 202
3741 22 250 43 373 56 319 2 210 95 295 28 300 20 3 29 69 30 23 12 321 69 233 93 24 8 230 52 289 57 43 42 399 67 350 18 69 59 264 15 86 64 335 89 44 55 183
3742 22 315 73 377 94 345 97 226 37 320 85 19 2 388 7 258 82 300 57 349 49 126 69 7 89 283 45 104 48 123 67 172 51 260 17 347 53 267 71 320 12 229 77 246 81 385
3743 22 250 94 281 10 114 88 51 48 284 54 117 68 253 91 234 25 242 45 141 33 45 6 357 13 228 38 258 9 100 23 348 2 271 31 207 87 198 60 177 83 84 18 379 76 158
3744 22 290 11 172 63 367 39 40 86 287 93 251 66 82 8 174 81 383 73 234 53 303 41 239 52 100 67 386 35 337 64 310 94 326 33 208 44 172 47 30 10 339 80 75 21 339
3745 22 239 1 153 21 273 87 173 28 27 63 131 78 282 17 212 18 32 73 263 10 105 22 153 76 269 82 237 59 13 12 179 4 64 84 224 36 270 49 15 48 263 46 325 44 214
3746 22 324 88 313 97 160 27 106 16 149 59 44 17 392 80 175 57 143 6 260 89 35 94 10 83 108 46 205 33 341 70 220 54 167 31 380 72 146 82 189 96 74 69 223 30 211
3747 22 263 28 241 69 268 75 62 77 258 21 85 55 278 17 347 47 388 13 318 32 237 63 211 18 204 59 343 72 81 24 34 60 164 2 379 39 15 96 136 91 302 48 211 46 400
3748 22 290 24 315 83 12 29 293 32 103 55 183 47 341 94 311 72 349 9 78 96 396 68 97 60 26 70 23 95 345 37 377 8 218 22 189 49 324 12 304 59 158 52 68 89 176
3749 22 271 68 397 53 163 44 173 11 303 50 107 25 173 21 61 82 229 78 55 17 179 28 34 88 137 29 292 5 317 67 124 66 271 87 209 43 49 64 145 7 88 60 8 93 188
3750 22 285 59 347 4 337 76 231 70 264 68 150 55 124 66 173 47 331 43 85 92 38 34 155 82 240 94 50 51 153 30 143 41 88 96 376 17 327 45 180 46 46 21 112 6 119
3751 22 304 94 100 4 37 37 289 91 270 80 336 71 331 41 201 25 381 88 66 76 264 82 354 60 161 51 206 46 71 69 103 90 214 54 345 33 393 12 312 29 383 83 219 1 22
3752 22 245 84 328 37 217 34 349 29 384 6 374 7 326 28 196 39 181 92 389 23 276 35 187 62 69 33 182 3 151 76 386 13 13 54 146 82 82 18 7 88 295 66 326 74 189
3753 22 300 1 307 75 339 20 343 71 253 97 373 38 272 10 150 36 63 48 148 96 329 17 102 68 11 87 154 53 79 69 393 31 227 67 121 98 161 44 150 57 316 39 128 78 88
3754 22 295 64 192 87 63 88 167 80 341 34 142 28 287 37 280 17 57 24 99 83 90 20 180 2 115 81 58 82 219 59 259 52 351 97 115 90 264 46 130 49 387 57 188 4 180
3755 22 220 11 155 15 252 26 146 53 40 79 62 21 149 99 132 7 250 34 104 16 175 19 161 4 267 48 13 54 223 52 110 64 320 18 141 66 371 32 396 84 152 44 182 35 103
3756 22 327 84 220 58 251 94 76 12 298 42 111 62 348 85 165 57 238 79 272 97 12 75 119 43 122 2 246 65 236 33 367 71 252 76 21 46 151 95 45 56 392 30 120 48 168
3757 22 278 51 319 77 147 82 3 17 376 24 318 21 340 5 205 59 275 57 334 48 302 85 183 96 129 29 303 72 158 74 119 89 105 22 222 38 197 8 369 64 174 32 39 65 238
3758 22 204 83 301 20 30 81 248 84 52 58 257 22 186 33 62 43 154 1 392 31 35 51 400 8 214 25 39 4 306 3 41 40 156 13 321 36 212 56 140 21 12 61 307 44 323
3759 22 270 49 298 57 49 41 188 35 243 39 142 56 263 80 260 20 35 52 11 90 264 31 277 76 86 16 196 29 54 45 103 54 394 59 155 34 398 89 76 36 331 83 350 10 342
3760 22 251 69 96 46 79 37 9 61 114 36 46 81 184 47 261 91 315 84 126 97 369 23 285 96 211 15 78 60 277 72 181 17 259 9 125 20 274 13 217 6 296 19 84 5 33
3761 22 273 26 188 58 122 56 281 7 151 43 173 81 202 49 152 82 373 68 193 33 344 64 358 80 263 3 347 39 351 66 316 91 123 90 198 55 396 1 397 20 81 51 169 32 132
3762 22 279 41 51 24 225 94 239 82 2 71 396 56 317 29 194 67 294 62 357 68 51 7 275 46 7 23 117 87 373 85 270 57 377 20 332 1 313 34 266 30 122 58 267 75 103
3763 22 318 28 184 22 378 90 296 75 296 71 92 34 395 3 51 57 122 35 9 86 57 43 204 97 272 77 205 81 143 31 183 23 166 56 352 55 52 79 302 74 370 68 249 89 71
3764 22 239 57 110 5 66 48 61 8 251 9 231 79 365 63 221 47 45 95 113 19 203 25 21 76 346 7 296 46 196 66 203 70 268 56 382 27 58 42 57 36 106 71 309 4 267
3765 22 228 3 116 66 249 35 221 25 207 48 170 13 343 16 160 8 118 69 229 37 224 10 163 82 351 71 369 41 277 12 307 80 127 24 180 96 5 19 96 26 84 38 41 95 298
3766 22 247 10 163 26 398 39 288 12 172 38 234 40 198 69 209 84 348 87 360 79 152 55 83 22 150 9 257 1 52 37 263 66 114 4 1 24 275 91 157 67 388 83 335 48 66
3767 22 275 82 386 25 312 37 32 95 359 33 155 15 272 7 218 60 169 84 374 87 374 56 314 16 364 80 103 98 214 2 364 47 188 40 358 76 323 4 186 10 1 79 317 70 139
3768 22 255 37 153 12 369 92 37 24 105 53 188 36 207 85 149 9 400 47 148 56 23 66 312 73 321 61 52 82 142 74 35 5 242 26 241 18 282 45 205 17 104 41 317 64 193
3769 22 251 15 163 36 70 85 201 33 345 74 254 57 377 90 339 18 315 25 322 2 114 83 11 30 151 14 122 67 129 66 81 91 301 27 102 35 372 40 380 3 329 72 244 42 345
3770 22 294 52 343 10 77 77 20 58 27 85 79 45 213 97 77 55 197 79 82 50 165 5 276 4 384 30 284 54 253 27 47 90 207 6 218 78 15 63 46 89 27 42 366 82 138
3771 22 287 96 163 40 212 19 215 15 102 97 50 55 201 77 2 98 158 43 156 16 160 33 230 56 195 75 197 22 216 14 255 6 209 69 245 72 87 11 138 88 359 87 95 60 363
3772 22 230 48 157 73 390 12 288 1 244 17 9 91 344 5 164 59 270 70 64 30 338 60 1 24 271 38 163 29 324 9 388 39 256 96 311 97 7 50 298 3 266 58 145 14 308
3773 22 270 20 283 77 335 12 166 95 312 89 65 1 303 45 324 33 114 19 328 24 116 87 125 65 41 43 222 85 103 35 44 22 117 9 28 37 103 91 177 79 363 66 142 47 280
3774 22 271 61 27 55 176 13 380 40 305 22 361 89 24 95 84 46 263 6 290 91 8 32 167 78 374 45 392 39 339 18 399 65 273 74 29 4 265 85 125 25 373 48 371 56 145
3775 22 300 33 10 50 74 52 9 57 118 86 130 14 78 68 252 38 250 84 110 75 264 65 239 48 389 15 72 88 337 79 233 69 40 34 194 91 195 8 232 21 309 99 225 28 136
3776 22 282 74 311 97 49 61 239 73 49 54 344 88 190 22 272 11 13 6 56 3 252 58 62 83 388 35 392 86 259 71 21 84 282 69 332 7 229 23 280 29 328 17 69 79 209
3777 22 278 45 387 12 96 44 225 79 331 59 122 69 69 92 189 53 325 10 236 32 138 58 211 19 285 85 235 54 181 74 284 90 219 22 153 66 165 29 44 48 188 17 216 56 161
3778 22 284 56 208 85 265 96 368 55 353 78 273 90 115 59 95 95 32 30 236 2 152 40 68 16 269 63 315 8 132 92 86 23 328 18 296 22 25 80 111 39 138 5 386 87 221
3779 22 265 23 238 61 342 5 381 57 20 88 88 1 202 31 138 24 258 40 193 47 67 82 327 77 220 16 334 37 20 78 12 9 90 53 313 70 309 84 57 48 385 58 278 74 34
3780 22 274 88 113 78 144 60 244 25 238 21 397 53 306 90 277 30 1 85 171 5 349 40 166 48 113 6 343 94 91 82 307 68 125 18 112 50 55 84 298 7 389 65 132 1 302
3781 22 271 5 201 94 270 85 341 34 105 98 228 51 88 9 157 56 334 26 67 35 380 50 84 38 90 33 86 6 216 70 341 58 163 62 343 55 96 99 53 23 249 40 132 57 47
3782 22 279 17 282 65 203 13 214 86 3 55 18 88 160 24 317 75 17 78 169 23 25 19 75 48 368 67 31 76 165 99 158 30 201 22 395 50 55 63 9 40 239 26 94 52 62
3783 22 253 84 320 85 9 38 111 56 357 29 338 33 394 36 342 75 136 15 169 73 139 18 227 53 379 19 291 12 297 7 126 81 278 62 241 24 148 5 85 98 372 49 124 63 292
3784 22 273 79 253 62 57 6 192 75 148 47 139 97 53 16 229 30 377 69 196 52 216 19 156 26 105 23 326 28 281 89 120 59 293 33 167 50 124 42 298 70 332 46 174 74 55
3785 22 280 75 94 2 226 61 221 82 112 98 86 34 124 14 214 64 385 24 56 17 42 6 392 35 55 13 166 86 312 25 292 38 18 93 164 78 313 45 341 63 182 74 186 95 39
3786 22 287 49 31 14 4 99 355 61 290 90 215 2 355 39 219 38 130 56 7 23 271 36 87 67 176 1 286 95 39 86 178 52 142 76 259 66 48 17 319 54 182 58 124 72 287
3787 22 271 32 178 61 102 14 148 69 189 48 169 90 134 15 180 71 92 84 12 68 342 85 341 82 3 94 163 12 18 34 351 1 64 11 302 77 110 22 217 58 42 43 357 13 48
3788 22 306 73 277 67 66 90 251 6 123 51 237 69 268 23 219 20 186 82 322 14 291 95 382 37 340 42 145 81 107 92 153 83 311 70 124 13 175 98 270 25 34 39 245 56 309
3789 22 273 64 341 90 137 6 333 84 88 32 120 79 326 59 384 7 63 66 269 41 382 58 238 51 334 23 341 30 379 50 346 71 291 82 377 75 317 88 42 3 400 19 210 14 36
3790 22 265 78 245 76 11 54 265 62 87 87 154 17 65 3 162 36 246 95 264 20 112 27 230 99 320 13 302 19 83 63 332 18 92 28 193 55 281 57 316 96 69 35 160 24 248
3791 22 273 47 221 95 310 92 58 88 22 8 107 86 361 77 69 23 308 67 387 31 121 19 339 38 34 24 146 83 24 44 203 18 54 75 241 68 182 5 95 76 373 17 136 11 135
3792 22 225 22 393 7 293 31 194 30 365 54 205 62 88 28 205 43 197 58 189 71 51 8 5 2 12 99 177 37 167 12 399 86 391 60 278 21 206 59 237 11 15 98 398 3 240
3793 22 246 39 312 28 262 14 87 66 215 99 316 44 387 34 255 85 287 40 327 47 69 4 279 36 14 94 333 11 136 87 203 26 251 30 387 16 317 83 367 19 226 5 105 80 289
3794 22 297 91 272 15 289 40 13 92 219 48 5 12 333 68 199 71 170 24 73 51 263 89 219 66 71 85 137 41 327 29 231 50 95 72 42 60 63 59 20 75 343 39 73 14 108
3795 22 285 48 238 10 210 78 229 28 400 65 316 47 6 56 174 34 338 75 381 9 316 40 24 27 50 43 1 93 381 25 158 73 395 49 182 77 361 72 242 76 171 83 344 32 321
3796 22 286 70 64 81 86 55 256 12 105 98 165 49 230 89 206 69 161 52 270 95 76 7 400 39 83 37 65 65 221 34 236 71 291 25 35 47 275 99 395 4 387 3 146 46 331
3797 22 269 43 152 30 182 34 51 70 251 15 42 39 300 78 308 71 120 85 205 66 159 3 12 14 341 90 392 17 235 37 299 89 180 11 274 32 124 96 74 63 196 22 318 74 6
3798 22 256 22 391 16 76 2 330 68 116 71 312 84 206 48 335 35 288 14 45 62 344 76 237 91 101 51 338 55 125 28 130 18 198 79 275 38 49 86 22 6 33 56 40 21 21
3799 22 259 84 34 16 112 22 107 12 273 44 119 97 251 46 78 78 316 27 85 86 305 59 124 54 144 11 128 4 151 76 234 85 292 7 350 9 31 93 227 79 195 24 8 25 139
3800 22 201 35 9 77 139 19 352 44 62 55 141 5 93 30 90 21 387 22 47 65 115 25 243 61 400 3 185 39 37 93 367 27 111 70 123 24 269 17 223 33 309 4 174 37 277
3801 22 262 12 172 98 158 36 64 34 231 25 334 85 109 24 21 54 390 99 316 11 221 92 79 49 208 53 181 68 356 7 4 84 18 27 182 28 115 45 61 21 394 81 182 17 301
3802 22 253 35 358 99 302 68 220 93 198 20 52 50 1 19 358 59 75 76 201 74 355 15 71 16 211 43 361 91 324 30 343 58 287 94 212 7 113 4 204 32 156 6 284 26 115
3803 22 260 94 300 7 370 1 33 24 367 55 291 78 197 52 220 21 181 63 30 19 56 41 377 20 297 33 3 38 239 77 4 32 129 62 253 81 146 29 147 71 276 49 222 96 69
3804 22 203 54 210 50 325 17 243 1 336 39 33 90 142 22 80 70 277 12 98 16 278 36 344 25 288 67 252 40 347 56 394 8 305 24 99 11 237 7 101 30 28 80 300 57 143
3805 22 264 97 247 11 275 82 206 51 269 72 102 4 112 1 359 57 108 16 326 84 314 99 194 3 105 46 32 85 378 31 341 20 280 87 382 6 168 88 356 37 259 9 92 70 9
3806 22 304 3 378 69 170 55 52 35 254 45 137 58 91 21 42 20 3 82 91 73 387 88 260 94 276 70 303 19 392 63 321 31 42 24 382 77 77 79 165 86 221 85 380 40 288
3807 22 226 13 330 21 33 2 108 20 213 1 147 83 255 65 274 18 386 42 48 79 17 82 55 45 160 31 332 56 10 71 295 22 100 16 354 54 123 25 266 75 371 48 330 36 373
3808 22 313 99 373 67 46 51 183 79 358 28 90 77 210 21 184 71 191 92 243 94 398 48 168 74 113 42 145 13 123 32 137 56 303 6 86 97 363 65 187 91 74 7 275 44 350
3809 22 250 5 287 44 398 36 391 65 10 3 6 6 267 81 237 4 201 19 249 43 16 64 207 54 206 80 360 32 123 61 336 62 4 33 197 94 49 49 7 11 267 87 99 70 287
3810 22 304 42 128 6 143 22 173 58 229 26 15 60 237 47 135 98 382 96 53 67 292 99 267 73 360 65 311 11 87 4 214 55 398 87 127 15 4 75 240 68 209 89 201 56 342
3811 22 269 19 147 92 286 96 290 10 156 54 21 18 240 70 21 5 124 71 192 2 177 58 157 98 232 65 392 37 18 47 130 36 346 21 273 41 310 83 248 63 355 55 124 38 259
3812 22 251 99 308 50 352 84 208 8 82 91 55 46 335 15 133 20 351 78 392 23 171 1 157 18 316 11 383 70 186 28 384 27 30 35 262 89 42 43 131 97 241 17 339 55 150
3813 22 260 11 57 79 302 32 349 3 388 19 70 51 301 39 188 72 218 50 199 58 211 87 52 54 70 46 86 38 52 9 318 2 340 66 356 84 25 81 36 63 69 7 32 92 156
3814 22 326 31 249 67 217 52 72 86 351 69 324 41 20 10 240 28 27 93 19 45 348 98 380 72 178 16 186 74 218 89 330 48 238 71 54 44 191 77 284 38 75 90 65 68 308
3815 22 278 61 15 57 240 39 287 7 124 84 381 93 73 62 340 8 302 83 113 45 73 41 80 34 78 55 123 94 174 54 188 46 126 25 304 2 61 33 97 86 394 9 45 95 391
3816 22 321 57 92 63 149 71 297 78 277 72 50 53 177 90 44 74 267 68 178 80 13 14 212 10 99 5 218 43 52 61 251 95 223 99 265 28 94 42 399 46 128 84 389 51 9
3817 22 278 30 170 88 143 83 300 4 333 56 373 75 59 33 277 53 308 27 370 78 355 15 371 5 157 17 32 93 257 37 143 65 66 64 353 60 147 79 259 6 270 72 382 74 279
3818 22 219 61 295 9 115 31 19 18 47 3 10 4 339 20 356 67 72 16 65 75 30 96 86 69 201 55 241 34 328 71 294 23 279 60 131 10 379 48 8 33 109 63 271 12 383
3819 22 236 26 131 6 293 95 281 75 290 66 143 42 272 83 176 99 6 21 373 84 333 4 245 11 203 5 195 12 67 65 75 1 242 7 135 52 239 61 193 56 103 35 27 38 362
3820 22 252 77 43 34 150 78 266 53 123 28 7 27 322 70 345 38 297 98 180 1 304 66 4 94 226 97 249 31 227 17 344 3 359 52 237 43 356 11 270 15 189 44 184 33 81
3821 22 289 80 30 60 133 85 77 88 330 2 284 78 182 66 356 50 209 59 9 38 62 97 132 70 59 1 236 47 144 19 331 25 51 13 36 35 197 74 127 58 256 99 275 12 149
3822 22 246 36 122 9 73 35 305 4 56 63 156 91 161 52 262 28 264 3 15 50 152 79 123 30 45 32 85 95 7 48 243 94 321 51 18 8 207 73 63 69 328 6 281 31 167
3823 22 283 72 110 30 326 77 379 29 155 1 258 51 185 95 246 91 94 88 184 15 39 74 245 73 36 66 252 41 198 35 59 21 396 40 47 18 75 27 71 85 329 7 179 97 224
3824 22 310 62 132 38 252 84 163 48 208 99 365 11 91 63 297 2 235 93 141 81 364 8 142 33 144 71 339 74 244 35 97 57 18 87 260 53 49 60 199 24 70 90 338 67 343
3825 22 294 73 211 83 5 26 193 64 220 25 7 90 215 80 85 49 377 94 118 15 353 70 263 12 381 62 388 51 303 69 245 97 131 27 54 56 72 17 75 48 324 16 163 55 1
3826 22 321 63 83 46 381 97 350 2 160 62 283 73 149 85 27 25 253 71 74 83 149 27 190 72 43 65 120 18 180 82 73 32 144 7 177 76 4 78 115 40 260 87 340 96 313
3827 22 240 16 348 35 389 82 235 67 71 7 62 87 78 79 67 59 3 50 54 10 327 30 113 5 59 44 270 65 135 29 50 64 15 39 97 49 57 19 207 18 6 84 97 24 194
3828 22 287 51 173 48 160 29 224 55 387 2 250 56 18 36 172 98 386 35 312 76 131 13 32 1 271 50 206 54 147 60 4 75 135 59 13 89 260 20 106 96 391 81 377 67 108
3829 22 314 59 331 91 260 2 240 65 308 89 246 7 189 99 306 48 154 32 234 64 345 22 24 80 219 35 351 83 153 10 142 84 100 1 237 92 17 96 280 62 254 68 12 67 166
3830 22 287 91 1 29 387 22 304 2 301 74 208 87 24 43 340 33 384 23 85 36 211 76 352 6 207 66 159 75 177 18 393 94 360 93 175 98 267 78 399 19 104 59 306 27 1
3831 22 247 45 112 84 267 96 271 29 123 22 334 87 92 3 116 61 148 9 272 40 135 69 6 65 120 77 268 30 382 46 230 26 57 44 204 35 72 56 5 7 195 48 361 10 361
3832 22 276 8 270 32 248 5 353 21 24 81 340 53 214 85 82 39 294 98 82 97 232 75 39 9 133 33 109 93 94 69 201 64 300 20 204 56 40 27 389 79 79 2 215 60 241
3833 22 273 8 357 74 157 40 379 83 179 39 215 63 147 7 57 15 59 72 67 58 291 70 166 82 97 54 212 75 355 26 287 47 134 43 373 42 335 3 324 65 341 38 379 88 396
3834 22 201 35 254 55 6 20 64 48 190 29 129 86 334 92 60 41 318 46 339 3 141 11 196 27 213 19 91 6 208 69 193 56 46 9 13 18 225 61 107 5 341 39 185 31 102
3835 22 246 1 69 56 393 32 251 19 96 21 61 80 81 93 234 36 391 95 101 8 219 13 366 75 253 57 65 37 311 90 163 64 97 55 147 47 125 42 219 43 298 18 387 5 329
3836 22 223 26 5 36 296 17 153 70 122 9 135 10 372 81 152 34 96 48 241 42 147 65 84 54 78 63 271 64 346 27 393 23 132 80 318 33 339 21 393 25 183 16 306 50 353
3837 22 330 81 242 95 327 58 230 44 211 59 58 33 322 55 160 66 377 91 398 46 242 82 184 63 226 61 97 42 18 30 143 70 162 84 164 41 93 45 284 4 203 93 336 77 247
3838 22 266 95 294 23 337 91 68 79 124 3 93 50 363 89 43 80 218 85 302 31 120 17 371 12 362 54 67 16 98 44 344 49 38 18 386 37 116 4 340 8 353 96 347 86 165
3839 22 311 83 87 95 202 3 66 65 16 71 384 32 369 86 275 64 386 34 323 44 70 38 147 61 245 51 167 92 397 52 308 79 390 20 148 60 242 31 143 62 68 69 26 54 233
3840 22 320 59 328 76 380 66 74 41 162 7 354 72 10 61 102 99 215 85 42 34 32 53 76 63 195 37 182 16 214 35 300 24 115 75 104 80 300 96 241 54 146 98 63 51 13
3841 22 229 73 335 6 359 66 59 34 80 5 222 62 272 88 48 71 63 97 166 93 296 13 386 22 166 31 171 28 41 21 192 14 155 98 172 8 157 4 364 30 317 36 269 17 6
3842 22 277 32 30 3 97 23 250 62 208 72 327 90 194 7 331 15 298 96 121 47 219 93 206 75 249 70 256 65 5 25 81 56 111 64 104 85 166 44 189 33 382 2 215 51 262
3843 22 229 17 98 80 261 3 6 61 24 62 226 28 386 58 342 93 320 57 48 4 22 65 247 10 8 32 144 9 298 39 259 60 207 8 239 20 163 45 80 86 106 66 43 15 107
3844 22 318 87 386 63 34 90 337 98 388 57 119 41 65 69 332 76 128 38 183 66 109 97 162 89 83 19 397 61 63 6 199 49 220 33 238 8 82 77 206 39 296 46 355 64 329
3845 22 231 30 343 19 365 8 127 61 22 67 295 40 264 94 53 26 351 51 374 23 35 63 230 69 340 87 7 85 313 2 313 43 344 31 59 3 58 71 176 24 166 16 139 11 68
3846 22 284 17 114 70 390 36 257 5 17 25 396 4 283 82 388 95 135 89 30 83 347 84 240 60 115 87 375 54 97 94 270 10 215 11 397 71 267 14 395 62 369 77 395 8 24
3847 22 257 81 159 12 110 41 211 46 180 80 205 47 218 31 52 14 76 73 76 90 35 24 313 2 389 7 163 57 136 10 216 59 190 75 22 52 315 84 97 15 253 93 332 35 296
3848 22 296 46 10 68 273 51 202 96 163 3 237 22 218 45 157 79 361 67 20 35 240 71 201 24 319 47 138 23 91 70 57 86 267 66 105 91 269 59 338 31 313 74 52 30 319
3849 22 275 60 360 79 378 80 165 18 202 65 193 73 164 30 195 54 351 52 192 17 269 48 259 37 106 97 168 19 322 71 100 40 283 70 212 91 186 29 144 51 173 16 314 3 11
3850 22 278 19 5 62 310 74 130 10 32 15 228 38 233 50 108 33 341 42 344 63 154 34 148 77 250 7 293 61 255 65 116 95 138 97 204 70 15 49 352 51 50 12 135 91 305
3851 22 264 78 305 58 363 52 144 40 254 2 284 68 362 38 201 26 253 48 64 1 51 85 16 21 133 19 224 35 282 25 187 88 381 96 350 32 291 89 237 92 272 5 253 61 5
3852 22 268 79 213 52 194 66 255 30 133 75 14 51 98 48 285 8 224 71 395 4 218 44 188 9 333 24 400 56 228 53 117 85 383 81 36 28 398 90 57 17 22 33 214 70 17
3853 22 250 73 393 39 167 97 256 11 384 64 395 7 316 2 187 20 218 71 54 51 358 33 48 89 178 16 162 10 81 31 278 54 324 82 55 87 76 13 2 78 199 47 121 26 397
3854 22 320 79 258 97 278 98 126 93 159 87 225 42 264 78 365 50 36 49 83 59 54 40 288 5 12 34 325 89 183 55 298 32 247 4 376 58 290 53 399 82 363 83 231 14 391
3855 22 263 70 24 44 109 11 200 73 144 77 161 78 31 59 56 15 257 42 214 52 294 12 256 76 126 90 258 75 273 23 65 46 61 2 8 60 174 4 288 35 381 19 345 89 85
3856 22 244 53 299 26 367 3 120 30 210 47 256 4 330 24 127 95 165 72 55 18 232 66 392 35 154 78 315 74 303 8 326 54 285 92 108 56 22 17 102 77 168 6 158 43 232
3857 22 317 4 359 55 110 77 238 76 168 72 81 45 87 18 341 63 143 94 47 87 201 3 8 70 104 36 189 61 393 32 344 97 390 51 206 88 133 85 360 13 329 46 268 98 386
3858 22 289 30 241 32 29 27 184 31 186 5 86 73 346 47 317 29 190 65 270 92 123 88 280 55 272 39 20 53 236 87 250 69 42 4 297 68 388 79 5 44 316 77 89 62 246
3859 22 290 17 304 10 287 95 332 74 226 87 145 64 158 49 299 44 99 72 264 40 227 60 360 66 390 16 310 6 293 98 19 38 367 99 253 69 231 78 94 26 23 21 121 31 385
3860 22 253 12 210 96 171 75 86 87 236 91 331 86 361 20 152 35 318 56 103 48 33 16 158 9 193 80 169 14 300 51 298 60 393 34 287 30 320 22 20 2 259 81 221 10 167
3861 22 200 91 317 21 238 1 368 6 59 29 98 38 297 63 90 47 260 53 359 5 338 45 234 10 318 11 177 84 138 4 274 7 124 43 368 17 171 18 107 67 332 48 66 92 300
3862 22 294 76 348 37 220 81 398 89 386 9 217 23 192 7 378 65 265 1 79 71 144 99 40 66 368 46 285 93 350 90 144 25 37 32 96 70 330 36 155 53 230 11 207 97 75
3863 22 280 60 175 97 355 25 236 20 92 33 104 91 225 5 80 29 69 52 376 38 133 12 344 22 16 54 226 84 102 43 228 48 97 53 284 68 44 72 34 93 376 66 264 57 86
3864 22 288 67 232 75 199 95 218 20 310 25 87 78 326 38 272 54 386 68 106 21 235 49 388 58 135 32 86 96 342 85 262 59 13 72 328 33 222 9 272 51 334 22 87 46 141
3865 22 267 44 366 28 245 54 85 79 237 22 130 32 15 66 246 92 124 58 63 3 41 47 177 49 118 27 383 1 21 72 41 17 390 68 313 95 5 91 131 26 372 63 141 37 360
3866 22 275 32 12 17 246 14 257 92 142 58 210 21 240 88 121 12 159 61 280 81 192 94 85 34 125 10 5 39 302 93 198 85 304 66 330 70 222 22 11 31 183 3 34 80 64
3867 22 274 13 80 96 57 25 180 90 149 41 95 87 195 36 279 43 101 9 112 75 182 74 305 16 257 27 137 59 160 68 174 24 147 69 80 22 272 93 168 11 87 54 346 65 348
3868 22 316 47 125 59 321 58 85 77 125 41 303 61 51 14 329 90 27 97 21 50 397 42 374 89 309 84 375 15 129 91 362 27 16 73 47 25 57 24 350 49 78 62 351 92 90
3869 22 225 27 81 69 124 1 218 20 195 91 360 3 374 34 69 55 176 31 181 80 368 11 355 17 311 32 78 61 123 88 155 8 357 82 2 41 56 73 26 25 79 7 260 44 61
3870 22 304 39 311 71 393 79 381 76 208 41 51 27 180 5 66 42 364 23 23 65 122 15 373 46 140 97 225 93 203 36 236 63 74 98 285 18 276 17 345 83 9 95 362 89 152
3871 22 247 27 30 15 1 53 32 22 167 4 220 59 52 96 151 6 31 38 68 56 35 25 310 20 369 44 128 64 305 68 115 84 298 81 284 2 212 58 20 67 177 30 218 72 380
3872 22 226 23 154 17 42 9 351 45 233 12 16 53 156 44 116 60 11 82 295 63 179 13 174 36 133 41 312 62 110 35 294 33 188 26 348 71 180 24 86 32 31 81 400 43 144
3873 22 265 81 337 3 143 15 116 69 202 61 65 13 270 99 6 2 238 68 128 85 232 50 316 7 187 38 368 32 63 31 68 65 26 35 132 94 336 83 54 1 396 75 51 53 229
3874 22 223 89 72 8 73 3 57 62 195 88 99 38 182 24 268 49 241 45 383 71 159 43 271 6 370 21 58 98 161 30 105 34 384 13 174 7 313 95 69 2 176 44 69 25 36
3875 22 279 66 359 12 3 29 70 98 51 75 67 24 184 16 84 13 320 69 249 32 42 93 338 6 188 58 107 63 154 28 339 41 393 50 52 47 30 73 396 81 199 62 356 83 277
3876 22 266 39 247 48 308 95 179 49 288 69 255 27 26 13 341 31 40 80 272 32 81 23 379 10 348 74 142 46 388 97 128 16 136 75 364 43 21 94 343 8 162 34 140 62 275
3877 22 237 70 101 6 141 85 186 16 15 47 363 88 389 8 327 43 172 62 58 14 182 51 109 42 265 9 327 4 222 53 225 75 210 66 359 33 373 94 295 12 134 54 191 18 141
3878 22 262 85 390 54 342 55 388 44 215 29 260 24 307 15 245 12 40 19 221 57 29 68 289 1 313 35 265 46 88 91 156 82 232 11 69 27 77 49 87 56 253 97 367 92 15
3879 22 273 39 200 96 258 88 396 70 174 12 167 62 218 82 42 8 137 75 291 99 144 18 76 44 156 27 51 23 369 52 390 51 385 65 91 32 87 64 144 53 77 13 186 21 323
3880 22 334 93 311 21 288 80 348 31 135 75 34 43 97 2 346 86 61 96 22 78 86 54 64 49 268 61 54 48 381 76 240 92 248 79 223 58 270 94 52 18 96 97 356 8 392
3881 22 290 77 85 30 282 48 331 68 308 91 21 55 223 46 66 47 224 89 342 37 246 63 330 49 33 45 388 85 188 16 169 69 198 99 127 36 359 8 313 92 155 11 257 1 186
3882 22 296 45 195 22 342 9 304 90 341 80 386 28 316 74 244 37 294 93 305 19 92 51 88 99 215 79 5 77 87 57 363 32 51 36 173 12 239 15 252 71 300 86 25 75 22
3883 22 267 19 367 78 311 37 369 13 76 79 306 75 156 93 32 18 176 34 53 45 244 14 149 80 251 90 254 25 8 72 102 70 160 23 34 36 241 41 368 68 133 51 237 8 336
3884 22 276 41 208 81 84 73 381 49 38 60 152 28 65 76 87 88 77 9 347 99 294 82 292 6 323 59 25 7 161 61 267 96 54 26 328 89 398 8 390 36 167 15 183 16 153
3885 22 270 70 144 61 317 43 355 98 86 12 372 96 189 31 56 49 197 51 54 22 79 71 338 32 158 57 272 24 239 39 377 9 82 89 125 76 295 74 361 7 146 8 295 63 295
3886 22 300 24 366 49 397 96 43 67 333 26 277 89 397 80 287 28 388 68 17 12 244 11 237 56 17 82 364 63 9 78 158 32 143 58 180 90 52 47 23 77 175 25 226 42 11
3887 22 297 54 81 30 270 92 125 80 381 81 149 62 196 11 323 73 120 6 68 29 286 57 180 84 131 56 358 46 80 35 187 90 388 20 372 63 96 89 343 28 137 23 99 79 48
3888 22 260 19 284 15 299 21 223 79 304 54 34 13 399 66 348 37 107 35 356 78 144 74 132 53 268 69 176 18 247 75 136 83 289 55 63 65 59 16 50 23 366 70 55 22 57
3889 22 228 10 251 80 376 83 93 29 102 13 156 19 360 30 107 94 170 93 148 32 157 58 248 6 381 65 321 50 219 81 344 57 60 20 239 4 348 40 217 3 311 28 384 17 73
3890 22 298 53 109 72 336 65 330 83 22 62 300 42 363 18 387 21 298 31 29 10 250 20 13 49 159 81 203 60 138 37 284 90 145 56 225 61 337 98 259 76 160 28 263 80 226
3891 22 289 45 261 35 394 80 99 94 190 32 248 11 91 85 247 75 226 44 382 50 256 18 361 38 115 71 66 26 99 28 58 24 72 10 17 97 60 62 186 91 309 48 334 93 195
3892 22 287 8 70 90 241 19 345 58 32 83 224 54 248 49 252 27 106 50 23 88 166 71 148 9 38 87 56 31 202 30 400 91 22 70 236 79 53 2 207 69 3 47 108 37 396
3893 22 287 83 224 13 5 71 291 61 377 21 283 59 322 58 213 86 279 65 332 18 138 41 220 47 239 80 283 34 314 7 298 77 188 37 116 3 320 74 376 84 183 40 69 91 285
3894 22 280 44 11 3 81 74 228 41 105 10 26 18 216 23 288 45 110 22 281 77 276 52 150 51 87 84 391 56 345 81 392 88 44 94 321 98 320 48 239 24 209 64 394 25 139
3895 22 261 33 221 54 101 77 281 5 78 31 291 62 73 46 258 6 38 97 149 83 17 16 336 78 277 52 323 53 290 55 73 89 160 25 17 40 329 95 170 20 8 17 265 13 400
3896 22 326 41 282 97 194 49 385 23 225 36 45 77 377 51 149 17 310 74 34 2 80 71 373 87 265 90 303 64 347 15 115 96 211 81 45 95 55 69 282 46 258 50 46 75 160
3897 22 233 19 260 60 73 39 130 45 25 94 186 27 109 33 93 23 271 89 386 3 185 32 258 5 14 57 302 71 158 48 97 69 218 56 329 42 246 10 239 22 4 24 100 64 108
3898 22 280 93 239 31 333 24 133 17 307 90 121 20 298 23 143 56 322 91 276 39 99 81 344 66 219 18 121 94 217 84 254 9 22 41 197 16 9 6 82 75 155 69 210 77 260
3899 22 273 38 67 10 193 99 253 58 169 70 78 63 139 14 168 47 187 51 40 84 218 91 75 81 365 30 136 86 391 64 197 28 131 6 221 29 310 78 298 32 208 12 370 21 379
3900 22 268 16 207 81 107 42 98 7 132 73 139 49 2 27 386 92 290 82 20 72 287 53 196 21 350 28 113 96 100 43 64 23 122 20 180 32 192 19 132 93 145 17 137 86 250
3901 22 230 56 358 36 299 10 283 19 311 62 299 23 209 98 65 24 304 39 346 58 125 50 43 70 294 38 30 25 387 37 82 74 387 43 356 6 353 69 104 27 378 1 343 57 281
3902 22 267 46 164 90 223 2 339 65 171 85 356 60 166 80 246 55 113 19 241 26 46 59 395 1 337 24 154 79 124 62 111 22 225 44 326 91 260 48 375 15 307 92 246 4 346
3903 22 347 58 22 87 64 99 232 74 145 85 10 68 38 40 192 50 365 23 202 60 248 92 219 95 318 86 153 61 183 56 307 93 229 27 276 30 172 91 191 49 31 34 247 32 298
3904 22 311 21 133 57 368 76 28 14 345 65 318 6 147 73 164 39 1 56 347 80 83 28 103 95 318 93 343 48 227 42 280 62 364 33 230 92 312 88 228 13 193 74 37 90 163
3905 22 297 11 369 98 238 71 392 55 315 34 55 41 75 86 169 37 201 1 118 92 364 64 32 91 376 76 116 65 84 80 354 46 342 22 43 79 344 10 320 3 346 77 71 51 121
3906 22 253 86 15 52 228 42 327 43 306 10 223 11 208 64 132 2 295 27 188 32 237 59 23 39 4 99 209 38 127 31 140 68 106 50 195 29 137 57 190 49 27 51 103 73 130
3907 22 259 90 4 66 348 26 56 3 176 16 92 2 98 32 101 65 289 11 288 82 299 45 324 62 164 72 188 14 374 12 43 15 15 60 114 92 367 17 167 68 231 91 120 95 132
3908 22 245 22 57 71 255 56 67 78 117 30 2 96 327 67 90 42 233 50 255 24 368 23 390 2 283 57 332 25 177 79 208 35 179 4 190 45 234 6 75 87 113 70 113 11 206
3909 22 222 11 212 13 34 80 235 23 281 69 32 12 146 60 390 53 9 25 131 64 366 76 249 72 2 35 336 15 333 5 77 45 317 24 104 85 156 16 367 27 309 74 187 4 203
3910 22 271 50 231 51 273 32 38 9 354 37 75 87 41 83 358 61 258 13 298 36 365 31 357 92 191 30 378 75 33 80 277 16 183 49 47 20 309 53 356 91 348 86 173 5 298
3911 22 263 30 269 95 394 5 112 24 361 3 115 42 232 41 26 64 217 98 318 88 317 26 192 61 382 71 246 54 28 43 135 96 290 28 252 1 3 55 117 86 58 31 1 10 366
3912 22 240 21 101 41 33 34 312 78 187 91 372 73 138 13 400 90 213 3 105 19 71 10 57 80 92 57 306 14 107 48 376 24 368 28 165 62 76 29 248 18 153 55 365 72 396
3913 22 281 30 26 1 148 49 362 4 128 53 213 33 118 71 81 93 294 21 58 82 85 80 381 2 332 57 249 77 52 54 104 29 102 65 185 69 397 62 187 67 342 31 112 94 303
3914 22 276 70 293 84 254 24 17 8 308 21 216 97 219 37 151 23 17 52 387 1 33 56 149 95 194 67 188 79 81 27 248 25 362 53 349 78 260 99 27 15 47 46 303 49 168
3915 22 297 19 1 6 120 85 161 20 279 87 67 82 265 47 208 64 72 21 68 72 51 80 179 1 306 45 47 51 347 48 270 65 100 76 336 84 88 56 363 94 342 29 275 58 127
3916 22 272 34 221 50 154 88 73 56 119 51 156 25 247 55 175 93 302 45 10 1 372 84 59 46 52 26 278 2 105 63 322 54 369 62 279 24 280 81 232 28 386 83 120 39 379
3917 22 249 29 239 50 26 74 8 77 272 12 70 49 289 71 353 4 45 59 72 58 37 95 389 17 26 45 396 63 227 16 201 5 196 91 106 21 265 13 298 88 76 19 336 41 241
3918 22 291 20 37 99 91 46 387 85 135 55 263 31 51 25 109 18 26 65 313 16 370 34 232 83 319 10 253 7 26 93 47 45 330 97 87 75 335 71 161 89 233 43 391 58 151
3919 22 283 8 35 15 373 2 336 58 186 70 40 4 31 44 262 56 136 52 17 38 44 90 60 31 245 99 73 54 349 81 288 16 105 41 203 62 26 72 153 82 154 96 343 61 83
3920 22 283 3 212 58 301 95 248 61 250 30 205 48 2 49 134 97 264 38 137 66 351 15 190 96 295 50 138 56 85 40 267 36 398 20 230 32 31 26 236 79 127 45 27 93 242
3921 22 357 50 181 59 1 95 400 55 90 57 180 41 119 68 276 39 57 64 270 87 341 65 68 53 143 80 345 84 329 26 195 81 372 94 336 62 40 92 241 89 84 11 109 79 347
3922 22 322 15 194 69 53 87 225 70 106 78 312 85 22 48 265 99 42 98 71 35 33 84 275 76 276 59 138 75 369 68 174 14 342 66 156 5 195 20 341 67 157 19 308 54 241
3923 22 291 94 238 24 320 13 151 35 223 89 361 43 356 34 77 69 27 16 20 45 123 39 142 64 59 8 121 78 267 74 118 61 212 42 280 76 144 66 151 32 279 93 340 70 60
3924 22 244 91 337 80 87 59 103 25 201 19 84 60 91 13 27 16 30 39 179 23 170 55 167 88 257 50 366 49 41 29 70 1 271 6 132 57 65 86 334 17 156 69 328 46 281
3925 22 221 6 262 10 244 40 333 14 146 51 101 2 200 66 151 41 346 72 293 17 178 24 125 94 161 58 362 26 289 62 306 95 23 68 390 15 100 3 160 55 114 1 72 64 93
3926 22 262 18 35 85 186 64 360 10 309 73 368 70 389 45 111 2 251 57 77 46 91 21 249 22 303 15 22 27 130 67 344 17 3 81 280 90 189 87 309 75 254 20 28 56 328
3927 22 278 4 25 74 146 45 22 48 118 76 262 39 154 44 157 97 60 60 177 19 79 27 41 86 232 12 13 87 40 69 263 13 214 59 186 61 376 75 67 67 318 23 215 29 334
3928 22 267 44 267 7 14 98 18 40 290 3 224 53 368 62 392 36 325 56 201 35 293 14 111 58 288 29 24 57 303 90 85 37 85 43 98 52 261 93 215 13 346 82 374 69 250
3929 22 288 45 370 85 337 35 47 94 122 27 169 30 29 11 266 65 395 68 108 93 272 20 182 64 134 46 209 19 98 36 221 57 205 91 203 76 264 29 296 58 310 22 153 81 197
3930 22 336 53 152 78 68 85 23 77 104 93 326 92 213 19 48 69 400 91 171 27 6 99 375 3 8 32 264 81 284 45 61 80 97 12 9 65 48 83 393 52 376 70 243 40 288
3931 22 254 42 109 39 384 79 318 30 292 96 337 75 159 17 259 4 129 90 52 92 251 68 291 33 112 60 381 36 300 20 30 8 11 65 238 28 306 67 171 1 55 45 312 23 355
3932 22 326 67 203 45 270 94 95 38 385 79 101 78 39 82 166 53 195 97 263 59 134 42 17 12 169 57 80 63 298 84 207 68 230 5 166 32 257 43 122 60 59 91 54 55 5
3933 22 307 65 40 47 181 92 58 1 151 66 381 84 29 78 219 87 397 48 392 53 213 75 10 8 196 67 206 89 173 12 94 51 192 69 395 49 321 45 267 80 247 31 398 33 127
3934 22 305 46 24 80 210 50 289 69 245 87 188 28 312 13 321 64 112 20 258 12 140 54 178 93 133 24 123 30 9 1 127 84 32 89 34 72 309 78 11 96 280 38 7 92 158
3935 22 256 58 255 21 377 64 132 17 17 62 109 1 237 83 183 97 335 61 181 67 149 14 190 10 91 5 322 37 64 46 221 20 366 50 136 66 104 63 326 51 60 39 248 94 199
3936 22 240 28 312 48 241 2 357 83 253 13 205 42 28 70 387 1 141 5 350 76 306 15 380 68 92 36 170 51 74 17 144 72 396 8 171 61 79 71 313 44 227 54 71 96 141
3937 22 288 23 388 97 172 64 302 38 195 21 29 82 190 79 355 59 275 78 154 1 342 42 379 12 206 74 238 60 45 85 52 67 72 48 391 87 301 28 33 73 357 14 62 20 172
3938 22 267 13 398 26 194 50 267 87 180 30 293 54 67 52 150 51 255 68 174 58 61 86 93 78 194 59 39 32 178 63 145 27 88 90 328 6 377 8 135 69 261 53 72 10 303
3939 22 207 78 377 76 131 35 88 36 172 33 213 17 91 3 100 20 365 44 299 4 134 26 261 62 333 95 330 93 147 53 202 1 230 31 29 12 17 16 147 40 200 11 56 42 65
3940 22 276 55 62 30 351 12 385 84 137 46 97 70 192 26 214 91 330 68 291 11 98 71 22 66 339 20 205 38 30 80 94 93 75 4 12 3 40 9 399 61 400 76 275 90 305
3941 22 218 94 133 15 291 3 388 56 341 7 160 31 88 71 10 34 288 2 160 5 171 10 296 9 357 84 183 72 241 76 256 55 218 11 195 25 151 1 236 81 341 58 142 74 45
3942 22 297 95 233 52 351 56 162 47 286 22 155 68 105 89 292 45 216 33 357 46 157 60 198 92 192 38 149 86 163 80 396 49 331 3 362 29 188 83 235 8 187 23 199 84 338
3943 22 207 45 235 22 254 32 78 65 329 21 56 19 121 41 181 73 176 13 203 30 26 31 170 8 117 77 247 39 275 28 171 16 49 24 199 26 240 27 98 96 145 18 188 78 82
3944 22 290 60 5 47 214 35 172 96 204 32 212 80 78 50 106 59 177 76 26 77 252 24 254 91 302 51 338 99 168 26 276 2 137 14 23 46 69 6 258 48 235 53 145 88 281
3945 22 241 70 164 32 345 18 174 47 320 12 245 40 237 72 193 73 351 92 275 17 66 21 285 30 185 58 340 89 203 27 69 43 152 69 60 26 115 31 37 11 370 25 334 62 149
3946 22 236 36 205 24 52 23 296 89 46 77 25 3 316 13 305 43 282 29 285 85 49 96 310 15 226 46 377 48 122 10 261 71 145 66 246 49 240 41 389 17 13 39 32 25 196
3947 22 272 26 58 24 110 43 24 57 352 38 183 50 114 30 323 23 190 93 119 7 38 19 46 82 198 21 182 96 16 5 391 69 47 66 25 51 103 52 216 88 74 90 230 60 388
3948 22 268 8 79 86 338 37 219 87 8 91 268 3 358 75 7 48 295 6 265 19 308 67 78 59 134 65 84 46 302 35 286 10 165 71 399 1 89 85 360 80 305 14 37 79 321
3949 22 323 37 73 78 201 43 185 20 20 95 253 80 82 14 319 41 330 89 239 82 230 75 242 61 179 55 249 9 27 33 304 90 276 40 9 34 213 83 112 92 17 57 335 86 76
3950 22 303 73 220 5 147 61 117 78 167 65 186 94 54 19 49 43 346 89 303 92 322 15 175 85 359 91 227 77 261 53 152 33 172 8 232 84 124 9 350 41 294 64 192 36 309
3951 22 265 80 338 53 153 4 227 38 362 69 316 29 397 77 233 49 309 56 140 87 232 48 136 72 94 31 317 9 374 18 205 93 322 57 148 46 110 20 362 90 16 22 164 15 103
3952 22 289 37 2 26 382 32 194 91 205 97 308 9 241 81 318 88 280 63 49 99 324 38 314 13 211 30 59 87 301 48 253 3 36 55 280 18 86 73 8 43 121 67 203 61 47
3953 22 301 20 348 78 35 97 176 58 386 41 371 70 381 35 370 80 388 24 115 94 155 32 231 79 91 73 299 57 228 11 3 47 111 33 59 7 243 44 48 65 192 69 97 91 176
3954 22 257 18 314 42 11 21 326 41 199 16 266 98 325 93 260 27 391 70 159 24 28 17 166 30 167 85 378 45 175 53 262 40 346 60 223 65 259 39 282 8 163 74 167 64 89
3955 22 311 51 239 68 220 4 91 35 285 58 119 14 254 45 366 85 264 91 344 86 307 54 276 88 13 90 113 32 383 77 220 33 267 87 352 71 330 39 107 9 321 92 154 38 11
3956 22 248 38 53 2 333 91 160 39 366 51 356 12 182 40 1 22 307 26 129 21 164 87 259 72 59 77 249 13 214 1 66 99 391 37 309 28 187 64 40 69 153 31 321 74 337
3957 22 197 12 51 17 232 66 204 42 238 14 244 62 8 80 315 25 230 5 153 18 213 81 104 28 172 24 180 2 345 6 91 56 356 7 288 22 262 11 76 76 137 83 7 51 59
3958 22 244 88 308 12 105 72 344 9 100 15 232 31 316 28 88 6 136 44 113 75 117 26 255 79 1 54 90 65 213 92 24 99 187 5 23 30 265 22 244 48 304 59 176 17 263
3959 22 287 87 181 37 55 6 91 33 107 73 238 96 338 50 287 61 2 38 147 60 228 70 333 71 369 88 181 44 179 97 6 17 29 94 171 35 285 3 193 9 393 40 146 42 178
3960 22 260 6 43 15 204 26 383 21 110 53 390 98 186 85 76 34 43 45 63 36 315 49 72 70 341 81 62 80 26 55 9 84 50 24 239 1 222 22 311 11 208 47 235 97 189
3961 22 293 79 59 25 246 7 96 67 99 28 328 30 306 34 338 89 383 13 179 84 114 5 376 78 267 83 188 69 136 54 300 94 178 45 352 11 2 90 331 10 175 98 158 81 128
3962 22 233 93 246 80 397 21 257 15 3 96 179 24 132 32 223 25 61 19 229 38 329 30 342 70 161 51 344 81 300 53 161 27 245 7 106 79 314 59 182 10 138 5 41 17 34
3963 22 304 97 145 23 77 27 164 98 39 66 141 19 317 46 131 95 390 89 1 35 268 93 1 75 182 57 215 55 335 32 188 83 228 10 159 6 125 56 144 90 48 14 58 52 135
3964 22 336 85 304 69 104 70 361 56 344 43 64 59 297 98 242 36 80 21 397 90 127 45 270 62 193 19 337 32 270 71 368 74 339 24 295 79 238 94 143 48 242 92 189 77 124
3965 22 247 10 225 65 336 97 10 57 158 54 44 28 42 75 249 13 95 74 51 18 268 2 148 6 247 42 53 88 286 94 316 9 355 40 273 36 234 50 145 39 394 24 381 68 373
3966 22 241 93 214 98 95 31 166 49 31 23 195 72 227 35 157 20 150 17 374 42 342 67 229 27 117 74 66 10 97 29 21 43 319 36 325 55 258 79 84 56 166 4 381 7 345
3967 22 307 48 188 71 216 61 88 25 209 85 105 82 126 47 52 14 24 87 249 78 344 31 108 79 47 95 386 65 398 67 123 42 66 10 364 81 22 52 157 36 261 64 214 8 15
3968 22 193 27 383 1 227 12 396 58 20 26 256 14 312 72 11 30 95 4 295 67 175 18 283 8 6 43 123 19 102 37 245 84 237 23 396 32 15 9 88 80 20 59 390 49 105
3969 22 263 45 95 9 111 21 86 81 103 86 246 67 204 47 103 31 291 22 378 74 254 44 134 93 323 54 303 64 354 8 108 49 68 18 269 5 198 72 349 35 169 38 115 89 97
3970 22 259 63 311 74 188 16 17 21 360 39 26 62 154 80 221 61 380 40 31 48 344 71 244 15 339 52 54 82 93 2 144 55 176 31 70 44 204 29 35 42 188 60 15 49 139
3971 22 304 54 79 87 150 10 109 93 124 48 7 28 53 88 20 84 374 81 14 95 25 69 23 59 398 16 198 57 182 46 296 36 276 34 137 86 294 61 341 45 27 7 99 32 331
3972 22 277 75 26 55 244 65 241 16 163 49 349 60 196 36 188 29 72 25 275 53 337 15 191 12 217 83 210 26 115 92 1 40 47 44 140 63 36 7 77 84 255 89 132 91 128
3973 22 231 12 262 52 386 66 288 53 109 64 264 25 347 73 251 61 116 3 152 14 398 91 77 85 149 5 320 4 93 51 146 20 163 7 123 48 325 63 300 33 178 9 124 87 159
3974 22 245 36 303 13 288 16 310 30 44 94 279 49 214 34 193 64 379 65 378 37 39 26 213 53 377 45 131 92 154 6 278 32 129 33 100 38 262 43 284 77 36 55 352 42 144
3975 22 261 90 319 56 343 47 153 25 338 58 230 16 121 23 299 1 255 98 191 69 141 74 112 35 74 89 370 37 195 21 130 38 263 48 294 5 247 46 181 84 303 10 351 75 85
3976 22 280 50 176 91 247 18 359 39 391 23 274 64 11 95 352 5 68 82 143 30 81 88 86 27 385 66 111 87 227 13 213 11 262 40 202 61 257 12 351 99 134 76 214 44 371
3977 22 283 66 301 38 247 95 319 79 382 4 206 21 268 47 280 68 358 94 260 11 154 16 222 56 267 32 80 51 202 45 351 91 43 9 274 78 64 84 298 50 282 77 270 22 129
3978 22 299 1 375 96 123 83 62 30 214 94 80 15 290 57 285 79 217 58 157 80 188 3 115 85 205 13 74 39 35 54 39 61 349 43 363 56 8 74 122 97 108 33 386 46 290
3979 22 267 94 325 77 397 91 113 53 339 26 226 12 331 67 272 31 132 93 225 22 152 50 396 1 57 25 133 43 271 23 136 47 51 84 90 64 236 28 41 13 56 52 295 74 175
3980 22 316 26 205 41 270 82 215 22 331 62 22 88 386 54 382 8 128 69 307 79 105 48 294 92 375 86 305 89 199 55 363 24 260 56 146 67 123 83 188 20 293 95 280 21 64
3981 22 256 86 151 68 133 44 59 59 329 15 392 17 66 46 31 41 257 49 259 4 124 43 185 61 236 80 40 8 195 77 358 14 261 53 372 71 281 39 262 56 307 79 196 16 217
3982 22 335 34 116 75 37 39 68 80 24 15 155 71 374 49 347 31 262 59 283 85 29 90 63 30 148 93 26 61 259 88 295 69 255 74 144 40 298 4 13 98 102 95 59 60 129
3983 22 297 96 288 43 170 29 257 28 202 25 43 62 235 73 149 81 93 55 355 37 388 46 86 91 311 84 244 5 342 3 334 89 342 59 22 85 258 50 138 34 244 99 20 16 200
3984 22 222 60 154 6 96 42 352 82 284 14 65 28 370 58 182 55 47 24 383 57 97 19 66 46 56 99 189 18 356 5 17 16 59 23 263 52 326 44 35 39 60 8 18 96 363
3985 22 297 16 371 97 224 67 167 89 365 22 139 53 327 56 61 84 24 28 242 98 90 93 275 86 379 65 145 45 25 14 340 87 81 10 235 4 328 1 192 92 174 30 397 52 337
3986 22 248 9 235 13 236 28 262 25 20 37 10 51 101 7 395 20 286 63 301 47 249 56 74 49 348 18 22 29 314 74 118 60 30 88 291 33 259 79 395 80 101 55 156 72 40
3987 22 250 71 172 38 19 28 212 68 227 81 241 7 346 66 124 19 126 53 327 13 396 11 223 74 257 32 5 57 138 29 130 83 352 67 301 31 78 20 57 10 361 64 55 78 187
3988 22 264 73 255 92 151 19 239 62 42 64 318 25 169 27 162 33 55 91 115 58 110 15 189 39 87 45 249 99 260 3 176 28 383 42 278 1 80 43 161 18 363 87 380 95 393
3989 22 245 22 261 50 331 28 138 70 314 35 270 12 146 72 39 44 299 21 337 29 222 16 19 15 211 31 233 25 117 64 320 9 385 32 11 68 359 89 272 86 158 83 132 81 222
3990 22 273 27 132 42 164 60 15 31 230 30 341 61 262 18 29 77 289 90 313 20 100 80 379 99 20 50 137 85 268 10 158 46 141 51 209 66 292 81 347 32 93 1 122 36 89
3991 22 266 11 48 9 262 80 87 12 199 88 148 28 224 67 337 81 13 77 284 73 28 49 64 60 147 48 253 6 48 26 41 37 88 45 349 83 312 18 122 46 378 33 278 90 261
3992 22 260 61 163 88 361 26 47 7 73 51 12 73 176 4 209 15 92 53 115 10 287 27 327 8 38 23 305 67 7 83 357 95 71 54 208 48 153 66 273 55 278 45 83 81 153
3993 22 326 97 324 57 364 86 395 90 112 2 379 87 307 45 293 41 253 12 287 75 217 94 123 69 360 47 276 89 291 58 21 95 206 3 169 82 97 10 145 50 88 31 356 85 276
3994 22 261 48 189 39 235 64 155 28 138 76 239 36 351 79 326 8 400 72 65 96 374 34 329 70 343 73 71 83 56 27 367 26 107 21 160 22 375 40 211 50 230 46 400 9 171
3995 22 275 59 208 94 324 55 367 57 383 88 51 7 59 33 62 37 399 44 314 58 164 74 179 39 65 90 188 87 140 2 310 98 261 3 273 67 222 29 201 9 32 8 219 64 269
3996 22 236 7 15 13 121 72 328 46 250 66 210 91 206 55 378 97 109 39 246 21 141 19 188 62 99 40 123 30 147 41 194 68 148 8 180 20 231 59 365 32 77 26 223 34 180
3997 22 274 52 130 88 390 75 209 82 45 48 44 44 287 66 225 34 58 18 1 57 177 32 376 7 142 40 39 65 213 51 197 16 180 84 257 38 151 91 333 46 30 50 71 15 108
3998 22 284 40 367 64 169 98 192 27 239 31 117 9 148 81 59 44 196 91 379 4 297 75 294 99 317 78 245 46 228 15 360 35 306 26 150 74 375 41 153 66 24 69 174 23 150
3999 22 244 84 18 97 374 48 301 70 122 46 269 39 323 13 384 2 379 96 36 36 221 38 262 30 14 5 282 27 383 21 96 80 195 44 132 16 165 29 236 55 103 34 192 66 206
