0 22 329 39 1 75 31 34 49 97 36 55 34 35 29 65 7 86 13 32 20 72 18 74 15 81 4 63 9 94 26 47 46 53 30 76 17 7 11 3 37 77 11 61 13 92 34
1 22 274 97 11 7 12 93 10 99 20 75 7 65 50 6 13 4 37 94 6 64 12 15 25 17 1 1 27 14 15 50 7 48 47 18 5 60 12 66 8 33 40 98 40 74 10
2 22 285 95 10 5 1 73 16 65 49 34 17 2 11 30 16 12 39 16 10 56 22 69 19 87 27 54 27 43 1 18 16 62 12 77 18 49 35 78 50 47 1 79 28 90 16
3 22 269 33 50 73 4 68 42 41 46 95 19 40 47 36 7 10 47 83 27 61 34 38 33 29 36 7 14 52 49 85 48 2 40 67 45 82 15 89 50 4 37 35 11 46 34
4 22 294 45 22 94 28 32 33 60 13 19 44 82 46 67 10 66 13 71 35 57 3 49 47 4 2 33 41 14 30 24 9 1 17 38 35 99 48 97 19 91 17 50 38 86 12
5 22 312 69 3 74 42 87 31 44 37 79 49 91 12 89 4 41 12 14 44 80 2 30 31 1 28 99 43 31 31 64 49 84 39 42 22 71 35 9 50 36 1 61 24 54 3
6 22 302 88 20 46 17 71 25 49 21 4 50 13 48 100 45 80 15 15 3 87 39 74 24 23 9 99 35 34 2 39 21 85 40 93 11 14 38 45 4 60 7 58 48 32 33
7 22 305 96 6 91 46 92 26 97 30 20 14 88 14 77 27 31 43 66 10 8 5 35 2 59 6 63 17 15 12 47 9 5 39 54 46 64 1 25 12 22 41 99 37 67 28
8 22 311 67 11 43 28 68 49 63 21 7 20 34 25 86 45 74 34 4 28 72 7 25 37 59 50 99 32 92 49 69 10 26 37 70 20 89 19 81 9 27 50 2 37 87 27
9 22 313 20 40 57 41 98 31 29 7 82 27 88 23 76 8 53 47 51 23 13 39 41 43 67 44 89 20 32 27 47 1 68 3 93 16 35 21 22 17 48 11 75 21 71 27
10 22 236 19 23 99 33 12 41 27 11 58 20 1 29 28 25 3 45 29 45 64 15 85 30 14 48 68 38 18 40 67 38 63 17 70 26 8 46 86 17 17 36 45 19 65 22
11 22 250 71 10 65 21 15 31 8 44 97 5 14 34 22 5 2 11 17 19 30 42 78 25 79 44 93 15 90 11 29 11 31 40 13 47 63 27 77 20 73 23 26 38 9 49
12 22 267 92 12 59 11 32 38 54 9 64 33 56 49 44 16 29 6 98 21 68 44 83 47 72 4 71 47 8 7 27 1 18 35 11 50 24 15 10 37 49 14 94 47 7 11
13 22 249 25 12 58 45 82 3 79 30 24 34 50 22 62 7 80 40 7 48 76 20 99 49 34 8 37 32 71 30 30 29 42 4 43 49 51 24 3 29 27 13 4 50 12 30
14 22 214 16 20 79 41 39 29 42 24 36 30 57 9 12 36 53 42 81 2 56 4 22 8 32 36 13 34 24 15 94 43 21 32 14 6 8 44 18 5 98 7 7 39 37 10
15 22 311 82 43 16 5 2 49 91 15 84 4 90 48 83 40 56 15 62 20 22 22 65 35 39 19 34 47 77 24 36 39 55 30 54 10 81 4 52 47 88 5 37 35 40 21
16 22 303 27 45 37 38 64 8 61 30 43 50 98 26 50 33 65 6 12 18 17 45 73 18 60 22 79 47 63 2 23 8 38 12 96 23 53 40 74 50 71 28 18 4 92 24
17 22 284 67 11 90 11 34 10 54 43 33 34 89 46 85 13 53 23 25 25 70 47 77 9 20 29 27 42 6 45 45 48 18 12 58 9 74 43 68 27 36 1 11 26 96 47
18 22 300 39 50 69 13 24 40 61 3 48 32 31 25 73 38 71 20 37 40 33 47 98 6 89 18 85 24 18 45 52 15 41 40 64 12 4 39 51 14 91 1 47 23 77 19
19 22 261 13 47 40 49 86 22 95 35 30 34 52 14 59 21 60 12 37 50 3 2 6 41 64 21 33 16 67 6 42 38 70 40 77 18 25 1 65 11 63 43 58 35 2 22
20 22 247 72 3 74 23 18 30 65 33 52 48 98 21 55 41 8 24 30 36 93 6 36 7 16 17 56 28 11 16 13 14 37 36 17 12 58 36 41 23 45 22 67 17 26 7
21 22 267 26 1 86 11 93 41 49 50 6 17 57 36 28 22 91 10 35 9 72 42 44 14 66 11 60 37 79 26 14 35 51 14 20 14 7 12 12 8 64 5 55 38 54 48
22 22 345 99 38 56 22 31 50 86 47 12 47 85 41 23 49 77 23 97 38 70 10 29 29 79 45 83 35 34 38 82 32 75 40 54 6 89 41 52 37 38 44 61 38 71 34
23 22 248 19 21 21 28 72 50 57 2 46 41 38 29 79 20 10 5 9 15 49 5 15 2 44 5 4 42 68 39 43 36 62 14 13 35 65 21 86 10 12 25 88 42 94 49
24 22 213 46 4 64 8 54 20 22 8 15 26 3 21 70 22 11 12 7 22 27 21 8 43 44 45 52 7 20 41 48 13 92 45 19 5 24 26 26 31 93 3 35 13 72 6
25 22 262 73 34 14 47 62 37 4 5 80 49 8 38 68 49 85 32 90 29 2 46 33 28 58 8 17 10 45 29 32 50 67 16 52 30 55 34 92 20 74 42 6 8 31 36
26 22 268 59 28 18 36 50 25 46 17 87 40 97 20 41 2 88 6 3 17 10 3 91 14 94 12 38 35 69 47 17 5 5 46 24 43 47 49 65 37 27 12 6 17 93 25
27 22 308 68 11 83 29 13 26 92 8 89 31 44 8 27 12 12 34 57 35 76 4 85 13 73 41 81 28 46 22 65 33 16 43 97 41 36 5 29 19 98 38 47 10 1 30
28 22 293 18 38 57 21 72 21 41 45 11 21 74 20 48 2 34 30 19 28 28 9 66 32 40 36 32 27 93 28 14 10 65 22 83 38 43 23 84 5 95 10 76 15 80 50
29 22 256 36 48 28 15 9 45 97 50 30 30 76 13 72 5 78 31 21 50 63 9 94 37 44 50 32 3 96 9 45 46 6 24 11 16 20 9 65 1 38 43 14 11 49 43
30 22 277 41 20 94 6 30 39 92 25 75 28 18 22 38 26 19 36 83 42 48 1 14 6 17 14 95 9 79 5 10 22 47 29 15 4 60 4 98 34 72 13 63 44 3 40
31 22 302 12 38 22 5 35 24 70 42 91 34 86 49 62 42 60 35 90 38 50 44 49 5 93 35 64 47 14 9 51 3 72 38 26 29 24 50 98 15 42 33 52 42 47 45
32 22 272 52 31 85 41 82 30 90 38 24 24 39 37 22 2 48 25 56 21 62 34 51 36 33 1 26 33 17 29 50 18 12 36 9 43 81 40 75 19 79 48 23 28 72 28
33 22 238 48 34 11 1 71 45 51 24 20 35 29 37 66 31 4 27 68 14 69 35 13 1 24 37 2 35 42 31 58 21 31 41 82 31 76 33 39 48 17 17 84 32 49 39
34 22 281 10 17 55 31 1 17 31 26 6 2 30 42 95 10 49 16 90 42 99 20 56 26 52 44 73 21 13 8 54 11 64 29 53 44 81 21 76 7 28 28 86 21 24 45
35 22 315 20 41 87 13 39 8 70 17 60 14 89 32 28 49 85 40 99 50 69 1 45 49 73 21 57 3 50 42 23 25 94 16 25 8 4 34 78 22 95 41 61 26 11 9
36 22 259 59 12 79 11 7 28 33 29 36 37 28 28 60 2 68 3 69 44 61 25 27 40 96 22 82 8 47 1 9 11 26 23 90 38 29 19 23 7 4 9 86 31 18 39
37 22 218 23 8 43 35 82 20 24 27 5 35 41 7 4 50 67 30 72 6 19 2 10 30 95 12 69 35 12 43 92 6 29 23 27 4 2 19 60 36 16 39 11 33 70 34
38 22 316 90 41 85 16 81 46 45 32 40 8 53 24 19 47 18 25 76 42 51 31 43 22 91 30 58 21 92 42 82 32 12 49 15 7 95 46 48 2 50 23 73 47 49 24
39 22 286 32 1 54 26 22 46 58 4 78 46 45 21 23 28 53 36 76 19 94 20 16 43 24 16 66 46 14 7 44 39 90 44 68 40 25 21 95 2 69 39 72 43 29 44
40 22 243 94 24 66 10 67 39 27 32 36 40 90 29 28 30 24 23 47 41 62 21 64 6 84 47 26 15 23 6 10 18 80 25 29 46 15 5 2 46 18 32 25 49 56 48
41 22 277 95 48 11 17 13 17 40 46 65 37 74 31 61 29 80 8 67 9 55 33 63 35 35 11 5 16 85 3 73 32 23 43 68 35 8 33 27 46 56 7 58 34 48 37
42 22 346 44 16 45 50 99 10 85 35 72 39 50 6 93 25 90 42 97 34 12 31 96 19 13 24 16 18 82 25 54 29 61 47 47 8 46 47 69 30 81 40 70 32 63 6
43 22 238 36 6 52 21 17 33 16 37 47 39 54 15 70 28 20 1 91 16 49 48 61 45 43 25 7 14 6 3 78 14 41 36 65 11 4 49 29 43 46 19 96 12 26 31
44 22 315 93 16 98 41 15 10 85 32 4 11 88 18 66 42 97 31 32 32 96 45 36 46 73 28 43 43 25 4 83 50 75 17 33 17 31 45 51 12 11 1 65 29 62 9
45 22 278 74 45 6 20 80 2 42 9 46 37 86 50 69 37 87 46 4 22 14 36 66 15 98 13 27 48 7 42 93 18 16 37 75 37 78 29 29 24 17 14 37 1 61 34
46 22 355 56 34 98 41 49 14 90 14 92 38 95 49 79 37 68 46 75 42 83 43 20 13 72 45 29 37 69 17 37 31 1 42 65 48 85 15 63 24 80 4 74 4 42 12
47 22 309 71 39 87 13 73 31 84 35 52 30 65 39 98 34 77 28 34 21 94 33 5 11 45 28 90 48 41 16 54 34 27 24 24 15 88 47 46 23 33 47 50 37 1 33
48 22 282 66 31 68 36 24 50 90 36 46 19 28 43 11 43 48 46 21 22 20 36 31 34 79 35 49 18 86 33 33 16 50 18 91 1 59 29 96 29 56 41 40 48 38 37
49 22 256 70 9 6 5 20 23 37 5 25 18 41 25 35 28 8 19 45 9 88 36 60 46 64 5 26 19 97 17 68 35 4 37 95 11 44 14 86 30 10 49 11 34 85 38
50 22 298 93 3 33 4 90 20 65 37 83 19 13 3 16 31 72 2 84 8 96 47 51 12 82 33 31 41 81 41 76 16 29 21 20 13 74 10 32 38 48 16 8 12 18 25
51 22 278 93 41 28 28 48 24 24 1 85 5 15 47 17 8 23 34 88 43 54 50 68 15 83 7 62 48 16 24 43 18 57 20 45 6 69 8 77 23 94 44 20 11 3 44
52 22 260 44 40 88 47 41 7 63 23 25 22 78 50 38 20 67 46 90 13 1 34 31 11 56 4 6 27 14 10 20 10 59 8 65 21 15 27 97 36 46 25 28 14 70 19
53 22 254 26 22 2 7 32 14 64 36 21 40 1 32 61 10 19 18 72 35 40 38 13 36 25 18 81 49 47 46 70 15 92 19 29 25 84 42 62 7 63 38 93 24 20 11
54 22 270 43 43 97 32 81 9 17 7 29 49 58 25 44 27 42 15 70 12 93 45 45 37 6 3 20 41 62 44 60 24 86 4 21 20 88 43 9 37 36 32 26 27 48 48
55 22 293 90 43 92 36 29 49 39 47 69 29 58 14 82 49 43 4 20 29 8 23 96 22 78 27 99 4 27 46 95 19 89 30 38 18 6 48 5 19 37 38 32 41 41 12
56 22 297 24 48 34 16 95 5 43 21 5 48 99 3 42 17 91 24 67 28 14 35 18 5 79 5 26 10 97 16 21 20 65 4 86 9 60 28 31 17 76 30 19 19 98 9
57 22 266 42 15 89 35 78 25 75 47 30 5 53 7 15 49 72 37 68 36 93 3 94 2 33 26 8 5 38 28 3 47 70 19 35 6 48 11 32 44 40 36 46 46 2 44
58 22 317 69 41 61 6 33 16 1 36 98 27 56 7 81 43 84 35 91 5 5 27 62 2 88 43 45 27 90 25 82 35 93 22 48 1 6 13 42 10 77 47 18 10 41 3
59 22 312 96 32 58 1 8 21 52 45 64 47 74 44 38 48 77 25 42 1 72 42 56 34 95 47 45 21 62 32 86 14 28 17 23 28 76 46 79 21 9 27 44 4 65 43
60 22 270 80 41 86 30 12 28 95 24 34 41 44 29 52 26 16 17 55 32 92 32 59 37 60 29 97 39 24 50 31 45 2 13 6 31 50 2 54 33 42 49 13 45 76 28
61 22 322 13 30 11 4 63 20 92 23 50 40 61 24 91 17 41 22 94 36 66 24 87 17 79 19 58 30 34 4 55 11 37 24 22 49 93 13 73 42 53 35 67 43 51 8
62 22 268 16 11 1 3 76 27 39 44 57 10 53 36 93 6 43 5 72 29 80 43 29 22 2 16 61 38 84 6 89 41 23 1 44 26 27 22 14 22 78 25 75 14 17 32
63 22 253 56 24 55 36 53 49 14 27 67 44 68 5 77 25 45 20 98 45 15 23 73 36 38 45 13 13 21 28 31 4 33 6 59 20 9 7 36 35 64 2 30 34 58 6
64 22 328 58 2 77 5 97 41 79 19 26 19 63 41 83 35 68 13 39 3 69 49 74 29 5 9 65 21 94 4 20 1 13 22 80 18 18 20 98 38 48 16 53 40 87 7
65 22 285 13 27 61 31 25 35 82 45 2 7 70 7 77 22 69 50 51 38 67 23 86 6 72 1 8 11 95 19 63 23 30 45 48 16 55 29 10 31 90 45 23 10 44 24
66 22 269 50 12 98 35 17 19 37 25 29 39 71 49 1 43 30 45 92 45 72 7 31 5 25 32 46 19 5 6 62 30 57 23 27 41 39 45 79 15 75 18 70 32 65 23
67 22 281 1 15 97 7 48 1 31 31 47 1 37 4 62 16 10 36 44 2 27 40 30 41 64 49 91 19 11 45 85 33 95 1 79 4 32 34 29 28 17 33 98 33 92 36
68 22 216 78 43 12 18 24 4 83 25 33 23 43 43 67 27 14 29 8 17 27 39 2 7 68 38 23 50 88 7 41 23 35 35 84 4 11 37 36 35 20 9 62 27 5 39
69 22 302 40 33 47 8 61 37 60 19 5 47 42 4 36 50 8 36 33 41 89 43 30 25 27 49 85 5 62 13 53 3 96 1 56 37 71 27 91 20 68 47 55 19 95 13
70 22 223 5 27 93 20 34 19 48 34 53 3 16 13 70 8 50 31 88 2 42 31 23 11 27 27 29 23 91 35 51 48 30 22 33 48 20 17 3 22 14 20 36 15 39 44
71 22 258 14 21 11 1 74 2 83 46 64 11 25 42 33 17 29 34 58 5 47 7 26 15 9 47 30 28 85 44 16 30 59 39 90 11 12 41 94 8 4 4 84 47 87 50
72 22 249 27 22 64 34 28 12 91 4 78 1 2 7 29 36 52 46 65 10 34 6 20 46 98 15 5 3 19 38 57 39 30 4 62 9 4 12 94 4 16 50 53 1 70 12
73 22 316 63 25 84 10 73 48 16 25 18 3 76 26 92 4 55 45 67 16 12 22 77 5 75 44 57 11 97 9 90 16 23 4 6 14 64 5 31 39 34 16 69 7 87 22
74 22 287 86 8 50 43 35 46 99 45 42 9 36 9 31 39 54 16 93 35 19 20 21 18 46 42 76 20 28 49 58 38 51 50 22 46 68 39 3 47 89 41 48 26 95 13
75 22 251 20 31 18 38 39 8 97 30 83 16 59 34 25 46 34 24 19 29 86 17 40 15 23 31 62 50 27 27 70 7 44 7 8 32 14 4 13 49 71 22 84 46 69 17
76 22 246 71 38 97 46 25 15 30 15 31 4 44 3 23 20 22 31 14 31 38 47 46 43 12 46 63 33 29 10 3 47 81 42 45 28 67 11 9 31 91 12 79 37 64 1
77 22 284 56 38 83 21 70 22 68 15 64 29 61 28 13 41 88 17 38 20 9 34 99 25 95 7 57 37 18 35 23 33 87 29 21 49 39 42 6 7 48 18 36 12 58 23
78 22 304 79 47 94 37 81 42 13 27 98 19 63 15 55 38 93 16 69 13 66 10 56 36 17 12 35 34 97 47 43 22 77 40 65 13 22 7 27 50 6 47 62 23 1 1
79 22 249 72 43 18 42 57 36 3 12 71 19 25 5 52 23 95 46 79 36 61 41 9 19 19 8 26 15 21 48 17 22 69 11 89 13 24 15 28 46 34 4 51 37 77 3
80 22 342 83 22 84 18 76 28 4 45 85 30 59 8 79 28 29 48 88 19 12 5 45 26 90 11 92 50 16 47 82 39 80 2 23 5 78 1 66 7 60 23 86 37 51 35
81 22 244 26 21 48 30 15 25 14 7 36 3 35 18 96 16 58 27 19 30 82 48 10 32 13 16 93 35 53 31 37 39 57 9 38 26 51 32 55 31 34 24 77 1 32 3
82 22 247 20 13 36 17 72 20 31 38 14 17 92 45 5 33 53 13 90 38 32 43 21 31 47 2 64 21 30 15 52 34 84 14 2 36 93 32 25 6 68 50 4 2 54 18
83 22 295 72 44 58 5 36 28 86 32 31 1 54 12 65 5 48 50 71 19 1 8 11 34 84 18 83 3 70 38 55 23 8 28 66 15 32 1 94 19 35 27 88 40 34 45
84 22 259 87 36 15 7 86 24 19 22 57 37 56 11 94 15 78 1 42 46 17 26 96 12 46 30 38 15 18 28 1 12 16 36 28 23 23 3 43 44 61 31 71 38 45 38
85 22 266 66 45 81 11 13 6 8 24 52 40 64 18 7 41 70 20 55 49 32 30 51 25 73 11 72 33 95 18 20 10 1 22 76 8 31 2 9 20 65 29 78 7 48 47
86 22 312 64 5 47 46 84 47 22 8 59 28 32 42 99 11 33 13 63 6 38 21 87 39 81 6 55 9 11 9 75 13 79 22 48 27 43 5 86 22 29 44 85 41 28 47
87 22 213 54 34 36 24 70 27 27 31 13 12 92 23 46 18 35 24 91 34 2 33 88 39 6 26 67 49 10 8 29 8 11 12 43 34 33 21 37 9 1 23 45 23 18 12
88 22 301 9 43 52 42 94 36 82 33 41 7 51 42 68 8 70 25 18 33 69 3 65 40 90 23 43 42 47 37 64 50 25 8 67 2 38 50 86 30 6 36 23 23 96 42
89 22 269 99 15 76 19 18 40 8 9 15 50 61 38 16 25 87 41 84 37 59 37 26 8 22 6 10 28 57 22 37 21 97 5 38 39 96 3 64 48 63 4 39 40 7 23
90 22 329 79 17 59 4 74 33 11 40 94 39 26 50 62 14 70 8 69 8 98 33 55 50 54 13 53 19 43 25 75 21 92 36 76 17 18 37 57 11 34 10 88 50 29 47
91 22 324 68 38 95 2 94 1 48 8 4 18 61 48 35 18 86 20 93 4 89 31 62 1 5 46 10 42 91 41 14 30 67 24 28 19 24 36 96 21 85 32 90 22 54 35
92 22 239 28 42 65 39 93 22 36 4 82 46 5 45 26 39 13 1 67 34 24 4 57 17 1 30 51 32 19 25 35 5 52 29 70 40 73 43 76 26 7 7 74 12 4 49
93 22 244 2 18 51 20 1 27 73 10 93 23 39 45 7 9 19 41 14 22 21 33 62 43 25 39 71 33 97 44 46 2 94 48 20 44 67 20 70 42 29 14 16 19 61 22
94 22 329 28 29 15 41 53 35 75 14 80 1 54 50 85 50 93 31 2 38 78 23 81 46 92 3 39 23 68 5 91 28 76 20 59 42 62 11 77 36 56 38 29 7 23 30
95 22 297 1 3 83 38 82 5 70 27 99 22 16 21 92 22 13 19 97 35 77 41 96 37 67 34 62 24 21 42 30 45 72 32 47 4 19 30 9 38 59 12 76 31 3 47
96 22 293 45 21 79 50 35 25 36 3 10 48 26 30 91 7 25 12 88 23 68 8 55 26 46 13 86 9 38 16 11 36 83 30 89 32 65 15 20 17 24 19 95 5 59 3
97 22 297 81 21 41 6 88 48 10 15 95 22 3 11 65 15 46 26 75 14 31 41 80 2 60 3 70 4 29 8 40 1 98 45 48 4 54 42 27 5 97 37 21 11 32 46
98 22 239 12 9 43 49 91 46 60 46 66 15 5 46 23 44 46 20 85 19 94 38 61 21 9 9 14 21 59 33 1 20 27 1 22 11 6 37 77 12 32 49 29 21 95 13
99 22 222 89 41 2 1 13 45 9 21 8 32 19 14 65 38 40 16 61 28 57 50 54 18 83 5 75 12 21 24 15 11 26 18 25 22 28 46 80 9 60 48 22 25 37 11
100 22 250 42 37 74 21 93 23 76 13 7 30 37 18 6 9 73 20 19 40 46 40 67 43 21 26 53 18 49 29 55 12 22 43 35 42 59 17 65 47 85 35 4 44 15 46
101 22 270 15 12 87 34 5 8 61 7 25 9 37 31 22 8 73 8 49 10 66 17 8 33 13 45 17 19 90 44 44 6 89 11 67 25 96 21 82 6 79 9 16 15 41 40
102 22 259 72 14 97 22 25 13 39 32 3 28 13 21 17 8 67 22 96 27 22 24 9 6 79 38 66 46 2 6 35 26 71 32 47 46 87 29 42 40 58 6 12 25 78 46
103 22 266 60 6 36 33 29 47 88 9 84 5 57 37 63 41 14 33 74 13 80 21 49 10 12 40 67 19 2 43 33 29 91 42 37 26 25 15 22 14 76 7 21 32 46 33
104 22 192 74 9 15 48 21 46 18 22 7 32 11 26 50 12 35 43 8 26 79 36 2 43 16 38 1 11 72 25 19 38 22 42 84 41 13 42 23 17 87 35 29 44 85 7
105 22 275 29 39 1 38 56 21 3 45 71 13 16 45 33 3 18 26 88 9 40 30 32 13 48 7 84 14 28 1 87 8 39 39 95 44 9 49 90 30 63 5 76 48 94 23
106 22 349 49 4 63 30 85 27 77 44 61 7 57 40 95 47 47 33 94 40 42 44 81 23 37 50 56 46 45 28 46 48 92 25 35 18 51 28 96 13 36 4 54 45 98 3
107 22 346 91 31 46 33 24 41 15 46 99 2 47 4 97 42 84 44 41 25 68 25 43 20 54 40 85 42 94 38 38 43 90 28 25 37 62 48 78 27 95 26 28 42 82 26
108 22 289 33 15 69 25 39 38 52 33 57 5 75 41 98 18 31 35 62 20 15 37 7 26 86 36 4 31 63 33 74 44 58 8 60 28 82 49 65 33 90 7 14 37 24 44
109 22 244 22 38 16 36 24 24 63 11 9 17 41 23 49 14 19 9 71 28 88 5 76 3 37 9 26 26 15 41 13 41 87 36 80 2 21 5 75 35 35 3 56 7 54 21
110 22 275 75 12 92 5 99 48 80 3 84 40 10 7 71 24 47 7 59 26 31 30 17 44 70 20 1 26 23 22 53 36 65 7 12 38 39 47 30 18 56 36 40 31 48 41
111 22 292 9 7 73 40 92 40 85 11 11 38 39 33 59 43 18 25 51 3 38 38 91 34 67 11 4 2 24 37 15 45 56 39 86 50 28 23 60 40 98 22 70 42 96 42
112 22 308 44 33 32 36 68 48 98 9 54 50 83 40 49 49 87 6 72 5 67 46 15 6 57 14 30 26 56 20 73 49 80 1 25 30 50 35 99 17 22 49 17 8 55 4
113 22 322 32 9 22 29 75 27 86 41 58 13 98 28 36 46 92 42 26 44 68 7 94 3 89 42 71 12 91 38 70 47 43 3 5 14 81 32 18 22 50 33 19 27 64 20
114 22 272 11 41 14 31 47 7 33 37 50 3 49 42 90 18 88 32 22 43 54 26 39 24 97 40 56 15 66 25 30 37 85 23 67 21 58 49 8 8 2 6 99 43 25 39
115 22 255 27 48 31 23 51 8 63 24 54 2 81 20 19 5 1 6 92 23 5 8 96 13 57 3 22 10 58 22 4 34 10 30 55 31 49 17 7 2 71 37 73 39 94 24
116 22 265 94 35 48 1 43 15 50 47 86 11 54 9 15 39 19 46 69 10 2 11 60 14 89 48 37 29 91 12 23 27 9 25 21 4 70 50 26 33 6 34 99 46 52 44
117 22 250 65 14 96 16 24 16 25 37 6 24 75 34 36 6 91 47 80 11 52 20 33 1 45 17 8 29 15 4 82 10 20 45 7 35 70 24 61 7 29 34 31 13 50 19
118 22 275 70 43 15 2 3 16 73 37 68 18 55 28 48 19 83 29 81 2 76 37 38 45 63 50 53 41 35 36 5 35 54 27 77 20 28 31 85 50 52 19 24 31 16 45
119 22 298 13 47 25 14 72 13 51 18 21 18 35 8 71 11 98 47 80 27 29 16 50 19 97 24 65 18 62 11 94 26 32 6 78 1 33 28 64 28 34 40 12 36 77 12
120 22 268 55 24 87 4 38 4 17 50 97 42 33 4 70 33 36 49 54 37 14 33 10 49 25 30 82 45 78 43 6 39 80 42 42 19 47 10 18 43 2 50 99 23 84 36
121 22 251 73 39 86 22 34 34 48 15 17 42 92 9 76 48 15 14 29 8 7 47 5 17 66 49 18 17 97 42 51 35 64 39 59 1 62 42 36 9 6 2 53 49 12 28
122 22 248 47 28 42 25 36 48 24 40 16 39 90 33 56 39 76 8 73 41 48 31 91 10 74 28 18 29 29 20 27 41 50 25 5 40 23 46 6 13 86 40 70 24 8 25
123 22 258 78 1 36 1 28 5 81 9 27 7 1 26 32 20 18 33 75 7 57 20 64 19 7 6 41 30 23 19 77 30 45 6 80 8 60 35 40 20 63 49 20 38 82 39
124 22 347 55 14 63 13 72 35 29 42 91 34 82 23 56 3 1 37 97 9 69 29 66 30 65 8 99 27 70 14 37 8 52 23 23 7 10 14 95 46 71 50 98 22 87 46
125 22 268 30 7 74 47 86 38 4 36 64 11 5 29 47 12 48 48 82 20 94 43 36 43 38 33 15 37 25 27 67 31 53 16 68 40 21 3 6 34 59 34 73 32 80 8
126 22 283 65 1 52 7 86 46 44 20 10 31 51 48 7 28 66 40 30 33 57 21 56 12 76 39 70 12 20 42 95 49 59 2 3 15 39 48 9 9 91 9 58 47 88 26
127 22 229 38 19 58 45 92 15 6 17 3 25 30 23 17 24 73 18 82 24 22 49 13 19 7 21 29 49 31 39 97 19 14 35 39 23 88 36 49 40 12 28 64 30 54 37
128 22 326 99 35 62 20 85 24 90 43 46 19 91 27 57 40 47 22 74 35 44 4 15 33 63 25 2 40 88 32 93 26 80 30 38 2 64 13 41 7 9 11 49 37 67 38
129 22 274 83 40 13 17 36 16 33 18 56 45 42 10 87 32 43 31 9 24 62 46 25 26 61 16 84 21 76 34 57 45 24 41 34 36 69 4 39 9 80 20 74 13 12 5
130 22 213 22 36 66 17 62 43 79 27 78 49 3 12 7 49 37 47 34 22 6 3 25 47 41 36 72 5 8 35 19 14 56 29 24 17 55 44 1 3 98 14 12 46 50 8
131 22 313 79 22 13 33 98 11 25 33 45 49 90 4 85 8 67 42 63 47 17 31 70 21 74 21 76 23 36 37 20 36 94 1 59 9 83 6 69 10 39 15 8 30 44 37
132 22 285 86 35 1 33 31 2 72 7 24 47 79 10 85 1 97 28 55 38 35 10 9 44 73 3 93 46 17 30 32 19 14 33 52 18 56 8 91 2 38 2 88 48 15 40
133 22 283 4 3 75 14 11 20 65 35 73 46 79 20 12 9 52 33 22 36 84 39 91 43 32 44 85 31 72 33 95 11 86 49 51 11 5 18 46 29 63 26 26 36 3 8
134 22 282 10 38 93 50 80 35 81 23 67 18 3 40 50 50 37 48 40 11 7 8 73 21 33 22 46 19 27 4 78 16 96 29 83 12 18 1 29 23 90 30 22 39 68 21
135 22 326 77 7 31 19 65 38 41 37 21 15 83 41 91 38 70 8 85 48 53 17 59 23 67 37 95 8 18 16 49 36 86 25 44 17 46 11 56 36 97 26 2 29 68 44
136 22 294 68 37 2 3 37 6 71 45 28 40 34 24 97 1 89 45 36 27 22 30 95 17 92 50 4 38 78 6 67 45 1 36 82 4 38 18 60 9 64 39 98 49 13 44
137 22 234 1 41 87 29 12 18 25 30 9 25 33 47 4 40 15 48 43 50 81 46 90 50 7 48 14 46 47 12 58 40 13 10 82 50 89 45 69 15 26 28 39 9 94 50
138 22 317 40 42 94 41 22 40 80 22 96 29 37 43 75 48 50 17 63 10 48 12 45 30 64 20 59 5 84 48 32 25 41 25 66 15 97 36 62 26 74 6 23 6 18 35
139 22 287 67 16 98 16 62 28 81 31 38 37 63 22 87 44 48 27 18 13 41 34 78 47 39 1 2 38 26 9 56 10 75 23 8 42 86 37 25 18 24 11 30 47 97 23
140 22 266 45 24 93 9 16 28 70 44 76 8 96 29 98 21 38 5 31 14 29 40 56 14 28 30 81 1 42 13 39 37 44 14 4 29 8 26 74 33 85 20 12 34 1 38
141 22 276 24 14 18 13 71 33 40 2 16 43 44 28 42 34 14 37 99 43 92 29 2 17 53 35 54 24 48 37 67 50 77 41 63 44 55 36 29 45 87 44 89 30 21 32
142 22 293 15 34 70 13 28 11 92 32 30 46 18 33 21 15 87 14 97 29 78 43 84 13 71 30 50 16 31 36 51 46 20 10 32 3 61 48 49 45 65 16 59 30 64 37
143 22 313 57 8 70 20 80 49 21 45 68 3 82 18 48 3 89 10 55 21 62 38 33 12 38 28 54 45 91 33 10 28 41 18 99 12 47 50 32 42 69 35 73 37 34 27
144 22 274 75 45 83 45 57 22 28 20 61 7 2 14 53 43 46 12 22 39 29 22 50 28 21 34 71 40 68 43 72 2 48 6 49 6 78 28 25 38 86 28 4 38 70 1
145 22 225 99 43 39 30 15 39 59 37 22 29 76 41 23 5 45 46 57 42 52 7 81 36 18 21 1 21 58 22 8 17 12 39 31 50 49 17 73 27 65 50 10 45 7 3
146 22 224 48 15 52 28 50 26 98 22 78 20 31 50 43 41 16 5 81 48 54 30 66 29 6 10 57 11 4 4 19 7 1 36 60 31 35 35 9 13 47 39 14 40 29 31
147 22 270 44 10 78 49 91 43 79 46 5 24 17 27 58 37 85 10 72 44 42 7 81 19 15 45 18 5 60 9 86 40 54 45 69 4 11 33 32 17 6 38 35 34 45 22
148 22 305 19 7 93 14 48 1 94 19 17 38 88 22 99 46 7 38 51 3 6 4 89 19 72 37 45 10 22 29 56 45 97 14 87 10 62 38 32 6 95 19 27 44 16 35
149 22 268 83 16 89 39 21 29 9 9 1 45 5 12 68 33 67 12 31 31 49 43 94 38 48 27 43 44 47 22 87 12 6 20 79 47 10 49 75 18 59 27 64 14 38 32
150 22 258 98 5 93 29 37 43 21 32 82 20 58 25 65 4 46 2 17 3 73 45 1 34 45 26 3 4 2 16 19 42 49 16 48 44 44 34 86 16 68 37 26 44 52 31
151 22 278 41 5 97 45 79 43 96 12 87 23 66 42 76 31 60 17 32 26 14 25 71 49 62 37 65 31 25 42 24 26 22 16 30 20 11 8 12 8 51 30 36 42 55 19
152 22 254 4 24 50 29 87 26 1 38 39 4 20 14 46 43 19 11 21 39 80 2 78 1 2 9 38 46 63 8 49 38 9 29 75 34 79 12 73 18 17 42 81 12 86 21
153 22 299 81 46 91 21 68 21 72 47 73 24 5 12 19 20 22 19 7 30 97 31 16 27 94 38 96 13 31 28 24 18 99 6 41 26 35 13 48 32 87 23 36 49 55 20
154 22 262 61 12 51 9 94 16 35 40 5 31 2 37 58 27 7 8 33 22 49 8 56 13 87 50 79 25 50 21 29 21 81 42 21 39 88 37 24 27 43 6 80 30 15 6
155 22 221 36 23 40 9 23 50 16 35 6 5 86 35 29 35 5 9 51 26 74 40 64 49 68 8 54 47 39 21 26 43 46 34 17 45 50 3 4 39 34 34 25 39 92 30
156 22 287 76 44 7 1 83 22 50 2 79 5 48 18 75 4 43 19 99 29 37 45 30 40 44 35 80 30 68 6 20 9 85 45 5 43 95 39 16 46 41 45 3 40 64 29
157 22 234 93 8 50 43 38 36 89 17 27 33 51 8 14 18 33 29 79 35 45 25 23 10 21 13 6 25 3 21 47 29 52 42 16 40 30 35 68 14 85 26 55 41 11 35
158 22 281 40 39 19 36 14 41 96 36 56 1 60 10 22 14 52 18 49 19 59 29 53 26 44 40 3 21 93 33 30 35 48 20 87 40 67 22 47 18 83 6 41 46 64 44
159 22 280 65 12 62 23 90 15 1 34 56 3 99 48 88 30 32 11 27 3 47 18 70 20 17 39 52 22 81 50 35 24 16 47 37 39 3 39 73 8 93 30 8 40 68 37
160 22 255 71 30 65 26 27 35 95 46 51 33 22 15 99 9 38 14 7 24 4 44 77 44 19 34 87 48 42 26 17 30 49 47 45 24 23 29 68 20 29 2 69 2 16 19
161 22 336 10 5 85 18 78 38 14 6 34 32 92 20 29 35 97 46 64 45 94 8 70 16 86 37 37 16 90 6 68 7 76 29 61 10 91 50 48 35 93 39 4 21 23 2
162 22 291 18 39 97 11 46 16 78 34 55 15 49 46 72 18 53 49 65 11 45 5 10 6 3 44 98 43 68 50 88 6 48 50 66 28 38 20 94 39 15 17 6 19 54 34
163 22 278 25 50 90 36 55 44 79 2 37 29 22 6 31 11 61 28 10 15 43 37 53 14 82 43 29 48 99 13 6 32 72 23 62 17 13 3 84 36 58 14 46 20 56 37
164 22 280 86 44 41 49 26 33 79 23 34 28 35 39 11 24 94 34 98 5 1 2 19 5 85 5 65 50 2 36 93 7 22 28 14 28 78 48 59 50 82 38 87 20 10 15
165 22 285 84 9 19 34 60 40 38 45 46 2 94 47 40 36 4 11 15 6 75 45 33 24 53 34 55 40 70 25 89 31 39 22 10 5 49 49 45 45 96 48 90 42 37 28
166 22 263 97 50 42 2 76 38 36 49 40 20 4 31 41 28 20 22 68 41 60 29 98 10 27 42 22 41 46 16 28 23 12 27 66 16 54 3 52 45 7 26 63 36 95 36
167 22 241 4 35 97 32 82 7 11 25 12 34 66 7 51 45 29 13 73 47 30 26 52 32 79 46 54 36 71 18 21 17 5 24 2 1 8 35 57 20 62 21 77 6 23 8
168 22 227 18 45 4 47 22 7 30 50 2 35 85 23 54 6 41 8 81 44 59 40 29 17 9 42 87 14 20 16 21 44 73 38 88 28 36 11 34 15 60 35 52 47 5 4
169 22 311 63 34 93 23 26 23 39 34 66 28 99 35 19 30 65 8 17 44 95 27 77 12 89 13 85 24 67 38 73 31 23 17 53 48 42 44 34 9 21 32 96 13 3 25
170 22 263 29 10 42 22 57 20 48 18 10 12 82 46 35 48 59 31 58 28 33 7 69 26 90 27 74 24 60 26 99 38 37 42 45 13 12 23 20 45 68 6 3 15 25 12
171 22 355 92 9 68 12 37 10 90 34 83 14 44 10 62 33 98 3 94 43 65 3 6 39 74 1 59 30 95 13 19 24 35 27 43 48 63 4 87 49 86 2 47 13 76 45
172 22 273 67 21 39 34 24 44 22 47 46 32 76 40 44 21 10 19 57 37 14 4 51 17 93 49 55 44 42 1 70 47 75 40 87 8 65 31 32 14 28 13 89 18 7 12
173 22 278 77 25 68 15 38 22 7 14 16 11 59 10 13 15 79 12 90 20 48 49 85 30 30 48 58 43 25 49 1 3 75 19 18 15 42 35 71 7 52 33 65 11 95 32
174 22 289 91 6 73 13 4 21 99 35 1 46 42 45 85 16 95 36 71 21 6 38 47 24 7 5 27 39 69 40 36 2 30 43 24 44 98 45 83 47 89 24 43 24 37 11
175 22 274 12 7 68 1 94 16 26 50 70 2 41 40 91 26 42 23 18 17 16 16 63 10 98 11 73 3 71 14 39 33 25 48 52 27 17 2 40 36 56 32 28 46 59 21
176 22 255 70 27 37 38 44 50 47 43 60 44 17 13 67 31 53 1 7 50 3 34 92 21 32 9 15 36 90 24 56 9 2 44 48 47 43 46 41 5 42 7 69 10 87 21
177 22 263 10 46 73 14 79 14 35 15 47 43 7 14 30 48 87 37 58 38 80 6 36 25 3 26 81 44 32 49 55 21 21 17 16 45 94 9 66 10 60 18 20 41 65 8
178 22 298 77 23 97 9 80 32 83 32 7 13 78 41 63 32 61 33 48 26 69 38 46 7 98 18 14 25 26 36 72 34 15 5 68 49 62 32 4 46 57 14 30 7 39 9
179 22 229 36 9 48 32 38 44 40 37 63 39 1 37 14 38 60 49 3 15 18 1 28 1 31 46 84 44 75 42 27 42 11 31 76 2 90 20 55 7 5 11 52 22 61 31
180 22 273 72 38 13 19 24 8 44 15 41 29 94 34 61 6 65 37 57 34 26 49 55 4 5 11 42 10 22 45 83 34 76 7 74 38 75 49 46 18 63 38 48 8 9 15
181 22 290 88 47 24 21 74 22 75 28 78 37 19 37 10 13 70 44 90 26 69 28 2 17 72 29 64 19 39 35 27 3 22 25 28 44 49 1 20 26 79 7 96 17 66 10
182 22 296 86 11 13 29 29 15 45 5 76 18 56 14 5 35 18 26 9 46 72 9 98 41 34 26 47 31 93 13 91 30 73 40 95 4 70 9 24 46 41 3 87 6 23 46
183 22 300 53 44 4 50 36 40 26 33 22 20 47 12 99 21 93 24 74 3 97 50 94 40 3 32 86 39 39 8 91 3 92 40 89 33 17 23 54 36 21 18 37 41 29 17
184 22 266 96 34 88 42 35 33 33 37 16 19 78 4 13 44 31 6 84 21 52 45 94 38 65 13 26 5 6 21 79 39 60 23 45 5 62 10 73 41 14 3 4 7 11 42
185 22 245 55 1 96 1 44 35 15 6 10 21 41 15 94 20 6 3 31 49 9 25 35 22 27 40 30 11 74 17 50 19 67 45 53 31 14 3 91 28 46 12 85 1 7 15
186 22 303 99 6 11 9 82 45 80 8 34 12 70 35 35 36 55 4 79 9 84 31 72 39 23 1 36 36 90 2 47 12 45 31 56 25 40 41 38 10 26 22 60 28 51 40
187 22 247 36 36 22 7 74 44 9 8 27 44 95 18 46 31 67 9 26 47 65 50 86 7 39 47 82 12 94 43 44 33 29 4 32 5 48 40 14 26 8 46 33 39 12 41
188 22 250 14 10 57 15 95 16 53 44 47 14 87 40 52 32 74 27 62 29 60 16 28 1 29 4 38 37 51 20 25 12 63 40 71 21 4 17 36 8 10 33 21 48 24 29
189 22 262 47 2 43 27 63 8 55 13 39 10 3 25 10 24 51 23 86 42 45 9 95 13 96 4 23 28 74 22 49 3 1 2 28 14 2 34 78 40 93 30 66 4 4 18
190 22 312 28 41 59 22 1 5 84 47 58 8 26 33 32 29 83 34 81 34 78 8 47 29 93 25 71 37 56 38 42 11 69 2 66 40 52 21 76 48 80 35 15 16 54 47
191 22 261 49 34 31 26 94 29 57 38 5 29 75 13 18 16 23 23 85 26 39 26 30 11 3 29 92 40 54 6 55 7 56 43 33 38 65 41 70 21 82 39 17 6 13 3
192 22 278 82 3 80 11 63 33 39 5 74 45 12 30 51 16 87 45 50 20 32 17 7 36 83 7 69 21 75 24 27 7 86 7 67 50 41 8 6 16 2 18 45 4 35 32
193 22 295 99 37 3 32 14 40 90 46 58 18 73 33 53 50 42 40 60 39 50 17 47 15 70 16 59 26 76 36 92 7 40 8 49 29 5 47 38 23 71 23 27 20 64 16
194 22 324 79 23 56 28 92 2 94 13 69 3 38 19 65 6 74 46 95 22 76 49 20 14 73 40 36 49 12 1 66 40 25 22 70 16 75 13 81 46 67 20 13 35 21 50
195 22 281 8 18 96 29 44 46 48 9 71 39 21 50 46 37 42 20 60 11 38 36 25 20 81 42 39 46 56 23 19 5 80 36 52 10 97 9 41 17 36 40 99 33 26 40
196 22 270 55 37 2 44 22 29 13 5 51 50 77 26 18 31 56 34 67 38 80 27 29 49 24 14 38 25 49 15 66 3 68 46 46 8 78 19 8 30 95 35 99 27 42 6
197 22 319 10 8 94 41 84 24 91 10 37 28 86 37 51 39 96 18 20 15 41 49 33 1 78 29 87 27 5 28 82 16 35 27 7 21 97 32 89 27 67 25 22 17 64 18
198 22 312 87 47 37 3 40 35 38 42 15 16 78 41 73 6 24 38 92 1 44 14 50 43 95 38 69 11 90 28 59 16 76 45 68 17 32 5 10 48 45 47 63 32 65 26
199 22 340 54 17 70 48 56 38 9 20 79 38 99 38 53 25 84 20 93 17 25 3 64 49 94 5 90 18 74 29 34 1 82 50 20 30 77 40 27 26 29 29 50 12 98 44
200 22 196 31 24 48 46 22 41 1 16 30 20 40 11 3 42 44 5 14 23 10 22 62 38 61 40 13 39 18 14 53 18 8 35 93 5 80 17 96 30 32 27 23 39 4 15
201 22 298 83 8 78 7 19 1 69 6 64 10 21 4 34 6 97 41 90 39 48 22 55 45 1 39 23 4 61 12 57 25 44 16 54 50 36 5 70 43 68 30 63 21 59 47
202 22 298 79 7 89 20 95 36 41 2 82 44 40 5 47 2 18 5 77 11 72 32 62 9 86 34 1 5 65 14 28 25 12 6 81 50 27 38 69 13 19 25 61 21 42 15
203 22 232 99 4 38 30 16 46 18 1 96 22 15 11 1 41 74 8 21 24 35 47 13 4 27 33 66 45 58 26 92 15 5 29 45 22 24 14 22 21 88 34 28 7 48 32
204 22 310 79 46 44 32 72 27 99 19 86 26 35 36 67 50 40 47 96 11 22 9 32 43 43 19 78 32 98 34 27 47 16 5 59 39 66 37 89 34 65 19 8 33 20 49
205 22 280 82 15 10 3 23 41 47 17 12 24 99 11 8 25 58 23 81 2 33 21 69 22 3 45 28 23 2 10 94 1 91 8 62 46 54 42 98 17 16 48 78 25 72 37
206 22 266 49 5 38 31 27 6 4 38 60 49 65 34 52 27 69 36 14 17 19 6 35 23 64 12 47 36 50 45 92 37 18 45 31 8 56 29 72 40 80 50 68 34 54 48
207 22 245 32 22 18 39 88 3 61 2 16 7 39 16 53 30 4 30 99 50 10 6 56 40 30 47 21 29 49 21 81 43 69 32 25 32 83 43 40 21 93 2 13 22 1 15
208 22 225 33 8 20 22 39 18 42 18 83 48 66 4 53 48 48 25 19 29 50 50 14 44 34 3 31 38 67 4 40 31 86 47 2 9 88 19 5 4 22 9 54 20 6 28
209 22 258 90 36 79 39 49 22 35 24 10 22 41 15 13 23 53 9 25 11 96 43 15 2 16 26 54 21 45 11 99 34 47 29 74 45 1 2 81 26 2 18 28 14 80 25
210 22 228 65 42 22 7 9 26 5 24 51 8 45 47 21 45 32 17 23 5 13 25 8 44 1 21 47 20 10 31 87 24 24 10 83 32 85 37 56 37 96 2 33 16 98 14
211 22 269 34 22 20 47 47 28 92 49 38 20 99 50 30 31 88 3 4 50 37 38 36 23 95 23 71 46 7 36 72 16 42 18 64 19 61 14 68 50 18 2 15 50 39 19
212 22 245 54 40 6 43 26 28 87 50 50 34 88 28 28 9 95 20 11 40 24 8 37 9 27 38 23 27 79 42 82 18 97 24 45 26 12 44 13 24 77 21 18 48 4 45
213 22 247 25 12 23 15 87 1 43 28 32 12 26 7 7 1 68 2 78 14 51 42 37 30 64 5 77 13 34 14 1 37 60 26 35 40 85 34 69 45 41 25 3 43 45 7
214 22 293 71 10 7 14 47 38 28 3 67 42 38 30 93 25 42 18 27 26 59 13 60 42 68 5 1 49 82 10 46 8 97 25 63 16 98 44 8 24 85 27 50 10 35 14
215 22 289 72 26 93 1 66 10 7 8 71 7 58 5 69 14 2 26 60 26 88 22 41 37 1 12 77 13 14 12 78 35 39 20 87 4 29 44 13 1 52 20 55 20 86 6
216 22 269 48 45 33 37 19 24 75 36 74 38 89 50 2 2 13 29 38 2 25 7 28 20 20 28 21 41 85 43 26 42 92 23 30 41 50 6 93 16 76 44 70 39 72 7
217 22 245 92 21 31 48 98 50 69 25 73 10 11 15 35 5 8 7 79 37 49 30 76 4 36 44 81 31 13 19 4 19 12 24 2 12 71 3 30 47 25 39 60 41 26 14
218 22 239 48 32 44 36 31 23 79 8 28 14 53 8 46 15 29 49 36 42 22 39 41 33 18 23 10 48 13 10 80 8 45 12 30 26 71 9 89 26 16 35 92 46 35 27
219 22 316 88 7 67 40 8 24 92 27 47 43 86 44 7 47 75 14 43 19 11 3 71 43 77 16 80 6 5 36 22 47 87 31 70 31 57 18 73 45 64 30 41 40 93 34
220 22 268 78 38 2 40 90 11 25 10 5 3 84 8 82 21 30 28 10 10 40 19 67 14 65 30 43 7 20 38 41 49 75 44 88 16 6 14 76 11 16 3 46 24 86 19
221 22 266 5 16 78 16 15 19 36 33 32 50 27 7 86 14 97 36 88 42 73 5 48 38 30 10 3 34 55 28 72 23 34 37 52 50 53 20 35 35 4 35 99 30 43 36
222 22 255 43 41 21 32 32 45 36 29 18 40 87 1 95 16 74 19 50 10 1 12 40 35 49 43 47 22 63 35 66 5 55 47 37 50 35 17 83 2 7 21 54 3 28 21
223 22 229 38 37 41 38 51 33 24 49 27 47 97 49 11 31 16 16 15 2 89 49 70 21 28 44 5 30 80 32 1 19 71 43 6 21 25 31 52 27 67 2 88 48 17 3
224 22 258 35 31 6 23 31 25 45 32 55 38 87 34 19 20 86 37 40 31 44 12 25 32 58 3 49 11 98 30 42 34 62 49 93 26 2 24 80 42 60 15 12 30 3 1
225 22 248 21 33 94 33 39 20 66 47 23 14 59 14 63 38 56 46 6 3 44 31 57 17 62 50 29 27 13 10 30 13 9 14 51 30 80 49 52 45 58 16 8 47 73 5
226 22 344 46 30 60 39 61 18 58 24 17 36 81 45 80 44 76 44 52 40 95 33 21 45 85 15 54 2 24 1 26 29 98 5 88 39 67 5 96 41 23 33 92 3 79 24
227 22 281 98 4 67 1 95 13 34 15 10 20 32 13 23 5 63 48 83 11 54 22 99 23 28 46 13 2 78 6 5 6 79 4 61 48 55 6 62 38 22 21 57 3 8 48
228 22 248 78 42 8 33 16 8 55 43 19 45 32 25 1 39 5 4 2 8 7 16 47 28 86 5 81 19 85 40 67 12 26 45 96 36 51 41 90 20 87 24 44 37 12 50
229 22 289 92 11 2 2 69 17 98 47 54 3 29 23 89 18 91 1 68 47 48 3 97 38 45 16 76 18 61 12 81 11 5 44 14 6 12 32 8 35 58 36 59 46 3 1
230 22 317 48 5 69 46 2 23 43 41 19 10 66 36 73 27 17 35 83 10 98 39 71 31 92 31 65 1 18 26 46 23 28 46 27 46 91 28 85 18 89 47 77 19 61 45
231 22 262 53 43 56 2 81 26 32 24 8 48 76 26 75 24 98 3 19 26 50 11 3 22 46 22 61 42 54 39 62 16 33 16 60 38 93 15 2 16 25 49 44 50 17 49
232 22 280 78 35 74 29 95 28 51 42 99 13 85 4 46 19 35 13 28 22 81 22 38 34 88 12 31 13 10 49 13 39 33 36 69 29 65 19 23 13 7 16 5 36 67 16
233 22 240 42 50 37 30 85 26 93 19 58 6 28 6 20 18 40 6 87 19 70 5 90 49 2 24 3 40 22 5 34 23 65 7 21 10 76 28 17 5 36 23 25 43 11 45
234 22 261 15 15 87 49 4 36 80 40 39 22 61 45 57 35 40 22 94 10 83 21 37 49 75 22 34 49 47 27 9 41 41 26 28 41 31 15 42 10 33 33 17 27 90 1
235 22 241 18 13 46 27 45 16 66 45 93 37 28 43 85 6 4 26 98 31 5 40 13 19 82 25 24 14 7 40 92 48 10 10 38 38 6 4 3 50 48 40 80 40 74 37
236 22 281 45 1 87 25 7 26 88 27 59 12 51 24 68 40 16 16 34 27 77 22 14 33 27 17 74 8 13 15 31 2 60 34 92 13 73 19 24 34 69 47 54 10 62 21
237 22 267 44 40 49 17 4 31 93 22 17 18 29 31 32 11 82 41 96 19 77 38 34 49 6 7 35 26 55 38 87 19 60 30 58 8 13 41 40 34 7 7 64 37 89 25
238 22 250 21 31 22 41 7 9 26 8 66 32 42 41 89 31 78 7 40 9 14 49 79 39 46 12 47 3 86 43 4 6 73 25 32 36 72 39 51 5 94 43 12 23 1 3
239 22 303 33 15 1 39 93 40 85 6 36 39 35 21 81 38 78 5 63 24 47 26 50 3 57 45 48 18 69 48 22 2 62 23 92 6 12 26 64 49 66 48 72 46 49 1
240 22 230 50 24 38 1 22 14 2 25 20 47 72 40 65 19 61 18 33 33 10 40 46 37 53 47 3 3 68 50 90 18 39 42 40 41 92 39 74 38 12 15 5 33 26 24
241 22 316 67 10 83 6 58 20 61 4 74 13 73 25 52 40 27 42 18 32 48 20 23 36 45 13 10 19 82 37 92 48 98 25 55 5 46 15 60 19 77 32 43 30 72 21
242 22 263 73 4 38 4 1 9 79 39 54 43 40 15 11 21 2 20 50 26 74 5 21 41 64 41 17 46 86 49 19 8 24 46 77 27 56 7 65 11 99 6 75 9 28 27
243 22 259 10 47 77 38 72 33 12 46 53 31 43 38 81 13 47 3 37 42 29 13 50 37 85 34 93 11 63 5 9 39 92 32 23 1 96 19 5 26 13 42 8 26 41 10
244 22 311 62 32 89 26 83 25 54 43 12 37 77 6 99 41 10 7 82 3 90 4 6 35 74 10 87 4 19 14 44 29 2 10 45 5 52 6 43 30 93 20 73 1 51 26
245 22 264 40 5 31 25 28 40 36 16 95 5 29 38 85 5 15 3 58 26 47 14 77 3 56 16 50 27 38 50 63 40 34 45 16 11 37 3 79 31 9 7 69 43 64 35
246 22 312 95 23 60 42 37 38 96 44 13 46 71 50 50 15 86 33 9 1 45 6 74 28 64 32 48 7 82 1 68 43 44 6 80 41 49 24 3 44 53 41 46 19 76 28
247 22 288 29 29 75 26 84 48 53 49 80 50 55 26 33 8 45 25 1 50 56 44 81 46 96 26 50 38 73 18 66 3 47 44 27 24 76 27 6 25 34 33 59 41 28 33
248 22 321 91 27 90 36 79 20 32 25 97 33 64 20 3 29 22 1 74 50 24 2 99 31 31 25 66 14 83 6 41 17 98 19 58 34 50 27 67 26 75 49 39 46 1 18
249 22 238 17 3 41 19 76 45 94 26 27 25 2 42 90 36 47 32 52 44 61 29 1 39 45 26 14 44 15 9 96 34 78 1 74 46 28 20 39 4 46 15 7 37 4 43
250 22 283 35 37 46 31 89 7 9 39 45 4 65 8 49 31 19 46 16 48 48 41 76 11 83 29 58 50 95 5 29 31 42 25 11 30 81 22 18 27 77 34 87 25 57 22
251 22 200 31 4 20 22 48 45 84 32 75 41 61 37 36 40 68 27 16 30 6 48 1 25 24 27 9 12 53 26 18 27 59 21 96 30 42 15 2 16 5 32 28 44 19 17
252 22 265 63 45 84 42 52 31 45 27 7 23 87 18 78 14 86 4 72 6 49 3 26 40 17 27 57 24 10 34 29 3 31 25 36 22 79 19 18 5 25 41 43 42 68 8
253 22 285 77 21 80 35 21 34 12 12 1 40 18 26 99 3 94 29 5 24 54 43 97 32 11 15 88 35 57 32 26 26 41 5 48 20 89 18 4 50 81 6 98 33 39 2
254 22 306 26 20 7 49 75 49 97 8 9 11 95 19 30 20 94 20 74 43 90 14 12 45 65 42 52 5 41 34 96 43 49 9 91 49 57 48 59 18 44 3 38 25 24 34
255 22 345 94 50 76 35 63 38 79 28 82 34 20 15 14 25 95 14 85 35 12 42 84 22 61 29 74 48 3 49 81 47 98 9 31 11 96 12 40 26 43 23 97 10 54 10
256 22 262 84 50 23 21 37 36 62 20 7 24 99 32 53 31 4 49 78 12 32 40 59 43 81 34 87 6 46 11 42 32 60 15 54 46 50 17 16 7 40 16 18 20 17 19
257 22 332 50 30 91 38 94 22 74 30 79 4 78 39 95 11 98 11 64 44 61 30 69 21 26 8 82 45 80 1 13 29 30 12 71 18 7 42 41 39 20 46 16 8 92 28
258 22 270 8 3 41 3 15 22 13 33 42 40 75 36 73 25 49 1 55 12 72 24 69 15 66 9 37 13 74 46 54 3 53 8 95 5 22 16 17 6 9 8 50 35 94 22
259 22 259 60 44 75 16 55 48 39 25 62 4 33 48 18 8 44 21 12 48 79 6 53 50 73 21 8 31 31 7 16 24 78 27 69 2 92 25 49 32 2 13 37 34 54 44
260 22 311 7 24 55 4 13 9 54 35 79 11 18 9 69 35 84 46 63 4 50 4 98 35 80 12 71 15 24 24 60 30 99 17 36 3 94 8 15 25 70 34 85 38 20 19
261 22 291 83 32 24 34 87 2 82 21 81 43 43 46 68 18 57 50 17 23 85 21 53 29 78 20 3 47 39 36 23 9 70 6 54 43 84 37 15 17 31 10 62 49 27 20
262 22 251 48 45 93 34 67 45 14 44 64 18 42 19 7 29 65 49 47 4 31 40 9 47 20 18 60 20 96 29 69 43 73 5 70 18 5 35 86 46 3 42 27 47 8 25
263 22 258 47 5 28 38 37 19 48 35 40 15 94 12 13 24 30 5 99 34 63 18 4 17 52 39 65 7 32 41 53 41 67 49 45 44 39 33 14 36 51 12 15 38 96 19
264 22 238 36 31 31 5 84 50 6 24 14 12 7 4 17 50 70 15 94 15 53 29 28 39 97 32 41 9 98 5 45 25 33 27 5 37 13 4 44 36 19 8 95 22 24 44
265 22 201 43 38 89 7 19 36 81 16 20 23 24 17 79 21 13 3 5 39 9 43 1 13 38 39 45 35 55 18 78 47 58 18 6 50 37 43 32 2 12 6 27 30 34 49
266 22 282 92 36 3 33 46 47 33 8 34 23 41 31 7 47 50 36 95 9 54 50 58 42 93 41 45 4 96 21 36 31 69 29 18 23 11 14 71 44 23 6 68 15 86 25
267 22 256 61 38 10 6 46 15 7 4 8 49 96 2 55 44 74 40 24 44 68 42 31 5 38 26 79 46 93 44 83 17 54 20 29 11 16 45 71 3 66 16 6 22 9 30
268 22 282 13 35 73 33 26 43 63 32 82 38 60 27 80 3 10 47 59 29 27 19 94 21 86 16 23 4 29 25 42 10 88 26 32 20 3 24 36 8 69 48 84 50 52 43
269 22 311 98 10 24 24 81 17 45 16 85 19 69 16 47 46 59 6 35 37 90 4 91 15 87 27 22 7 74 6 6 25 50 4 73 27 67 42 23 34 26 42 53 43 40 50
270 22 232 1 46 34 39 87 37 80 1 25 6 31 31 82 38 7 31 43 43 4 20 11 47 44 45 22 35 47 14 77 48 16 22 5 10 69 34 62 43 41 36 75 21 67 14
271 22 254 77 50 57 22 53 28 32 1 21 26 22 8 24 37 34 21 52 7 3 8 66 21 43 27 15 33 65 41 83 5 82 32 11 3 36 38 86 36 60 12 9 17 87 45
272 22 242 2 8 49 8 62 6 25 33 99 4 33 20 92 38 46 19 34 8 73 19 47 8 5 6 21 13 75 8 10 26 67 8 36 28 65 10 12 15 15 11 48 34 54 35
273 22 342 36 49 55 19 58 27 89 4 93 9 9 8 83 16 67 9 34 24 94 11 40 5 73 5 72 35 54 5 88 38 92 38 12 45 70 1 98 7 45 6 65 2 41 30
274 22 245 68 1 13 43 44 26 83 50 50 39 23 34 42 28 31 21 60 22 6 43 35 3 99 29 64 31 95 48 8 43 45 35 25 47 34 15 19 19 98 41 36 19 2 9
275 22 259 3 7 51 37 9 1 67 20 64 47 72 9 47 23 18 39 70 4 65 16 87 29 36 5 86 34 45 23 54 48 33 8 4 35 96 14 35 12 83 1 6 9 7 29
276 22 315 78 47 48 31 11 15 69 41 23 28 85 19 38 16 32 47 19 18 92 34 52 4 16 2 14 24 62 20 39 18 99 21 80 13 89 20 63 49 81 50 88 46 83 35
277 22 301 66 50 76 49 51 31 67 5 94 40 65 43 57 32 93 27 61 7 18 32 20 30 82 18 13 31 58 8 63 42 26 12 69 26 50 44 43 35 34 10 27 40 71 19
278 22 361 6 27 36 37 97 17 69 16 79 1 23 39 64 14 77 33 91 43 82 35 61 26 21 47 87 50 88 30 70 6 85 47 93 23 95 10 43 10 38 44 83 26 59 48
279 22 281 91 35 30 32 28 13 18 40 38 36 77 39 74 8 59 31 44 5 24 17 99 33 9 10 72 4 92 48 62 42 90 47 23 23 76 36 40 17 5 6 16 28 60 9
280 22 290 84 35 25 34 17 36 44 41 89 37 40 1 28 29 99 1 52 26 88 43 92 15 24 48 22 42 77 37 21 37 96 5 71 22 38 40 9 33 80 48 20 21 47 49
281 22 273 50 49 2 27 36 45 70 2 68 18 24 11 94 12 82 30 7 38 53 31 27 44 39 10 75 38 31 45 29 43 88 28 45 14 65 41 84 17 8 1 42 19 76 12
282 22 322 91 28 42 17 23 32 28 47 20 8 41 8 87 35 98 14 79 11 71 46 46 29 99 44 40 2 19 3 44 8 72 27 86 18 95 8 56 31 5 46 73 17 76 43
283 22 200 13 21 21 12 8 21 5 49 22 25 1 15 24 46 73 45 10 12 20 4 27 37 63 31 32 35 97 7 29 11 28 2 23 37 72 29 37 46 54 37 60 29 84 32
284 22 283 24 7 93 37 28 49 58 4 85 20 36 16 6 33 23 34 2 35 67 40 59 46 76 4 51 14 63 29 99 47 55 41 39 33 48 36 91 24 56 13 9 50 66 44
285 22 287 19 7 2 14 32 7 14 47 44 45 17 46 99 8 36 31 46 33 69 21 1 42 11 26 75 34 50 40 79 18 96 32 83 29 88 48 25 9 92 21 89 19 82 26
286 22 240 52 30 10 22 15 10 37 13 84 20 14 25 99 34 22 32 16 50 70 14 76 28 7 46 54 45 66 38 17 17 79 38 18 40 27 26 62 47 32 36 97 15 9 29
287 22 257 32 10 48 47 35 27 53 32 80 49 47 17 20 16 85 48 55 2 89 9 16 28 41 13 9 28 59 25 88 39 57 47 36 3 33 14 8 14 46 6 13 12 78 30
288 22 247 49 25 86 2 16 46 82 33 24 24 45 32 54 6 9 41 44 15 40 32 19 22 78 38 90 36 2 4 13 31 39 18 55 4 64 38 37 37 14 33 70 19 59 36
289 22 224 94 50 67 15 22 13 42 9 5 29 12 10 41 42 15 30 61 21 85 24 9 23 62 24 6 32 92 47 2 32 7 2 50 23 73 15 16 33 69 45 30 35 37 44
290 22 242 64 47 1 23 24 23 34 47 30 17 40 27 42 8 36 45 8 8 17 22 73 1 92 19 96 21 54 32 16 19 80 31 69 2 55 44 38 3 23 6 43 49 35 36
291 22 319 59 20 80 16 79 48 89 4 50 30 72 45 52 27 28 19 46 7 49 16 11 5 48 10 34 3 82 40 39 40 61 20 57 42 17 47 95 16 76 18 62 29 92 45
292 22 302 98 9 57 4 68 6 13 3 61 16 86 50 54 28 60 23 34 1 91 33 97 8 58 17 69 39 9 37 4 6 64 12 42 33 20 4 35 30 70 21 31 25 90 50
293 22 259 83 43 92 15 41 50 75 9 20 15 71 29 51 26 84 39 90 47 30 22 66 35 7 45 4 29 31 26 17 32 10 11 23 25 53 22 49 12 42 15 34 22 65 10
294 22 265 57 5 1 3 86 22 69 21 30 15 76 8 92 6 35 8 37 45 20 10 19 22 33 19 26 33 47 49 80 3 6 30 58 41 51 26 11 33 90 39 40 31 96 25
295 22 318 40 33 71 11 44 41 35 28 59 19 54 43 89 2 43 18 7 48 99 14 91 50 41 3 34 30 73 13 87 49 69 15 66 11 51 43 98 13 60 2 8 29 55 28
296 22 262 23 47 79 13 50 12 44 40 36 8 78 35 12 50 55 28 65 16 10 36 48 9 51 9 60 8 38 19 64 17 41 11 45 3 62 6 47 3 43 4 31 27 67 32
297 22 244 84 46 47 1 23 8 88 23 66 38 33 26 22 44 63 38 37 25 39 36 91 35 40 34 41 22 10 7 4 45 53 50 95 27 9 35 1 24 72 34 51 21 7 47
298 22 266 85 45 83 9 78 21 46 19 58 35 2 50 7 13 8 10 60 12 11 6 39 19 40 41 44 12 76 45 34 33 41 18 29 23 95 23 26 4 57 29 53 13 94 11
299 22 257 24 5 72 36 10 12 56 50 53 50 13 30 94 46 14 36 15 42 60 42 6 14 77 10 70 8 85 3 74 10 57 48 46 16 11 1 52 27 95 47 8 32 38 2
300 22 280 93 29 1 49 92 29 60 14 36 23 50 38 99 9 96 46 6 12 59 28 21 10 7 17 30 26 40 20 27 33 83 44 56 42 43 16 8 33 64 16 78 9 74 41
301 22 297 17 32 71 39 41 27 55 47 58 32 39 27 59 23 27 35 5 22 92 48 78 37 63 37 69 27 52 48 37 27 89 5 8 11 93 49 87 49 47 46 31 35 73 39
302 22 245 59 1 25 13 22 19 12 1 55 25 39 23 53 40 20 39 19 10 94 26 70 38 74 8 37 23 4 19 9 28 68 28 83 30 51 1 5 18 91 29 32 1 60 50
303 22 245 10 5 76 32 43 1 39 31 73 42 1 34 69 9 98 43 82 50 44 25 4 50 94 46 31 15 78 31 25 29 42 31 6 23 23 7 12 5 5 5 64 26 63 16
304 22 290 75 6 98 27 51 24 30 2 18 26 32 32 5 12 58 33 54 39 89 26 13 47 29 46 22 45 23 37 60 47 44 9 94 33 95 2 80 27 35 34 90 43 66 43
305 22 266 83 6 21 45 52 11 64 31 58 36 25 30 74 36 29 17 45 1 10 29 7 6 30 36 82 14 24 8 39 16 90 44 38 37 48 1 80 8 85 6 40 10 43 18
306 22 285 26 37 70 37 67 27 43 48 14 26 12 35 99 21 73 17 61 18 54 49 56 48 46 14 85 3 3 44 96 22 20 34 91 6 1 19 48 33 76 11 19 24 82 43
307 22 243 90 44 10 46 42 29 51 39 26 16 25 29 20 19 74 41 59 34 47 9 2 47 86 22 21 4 95 2 46 37 8 32 40 36 82 31 61 48 5 41 67 23 16 8
308 22 253 64 25 43 11 85 44 57 43 30 28 16 33 24 17 31 10 38 41 55 25 25 37 72 42 28 40 66 43 49 30 69 41 40 6 35 48 77 15 32 30 12 49 67 4
309 22 303 5 41 78 42 28 1 35 7 91 50 1 41 29 20 82 20 75 18 67 24 83 43 89 32 95 22 64 6 22 30 59 26 73 39 17 2 51 8 31 3 58 24 79 5
310 22 322 3 3 74 21 79 8 16 19 41 10 90 4 67 13 86 27 88 8 65 7 61 6 59 18 27 11 96 6 50 8 40 20 99 37 6 40 98 47 43 14 9 30 93 47
311 22 245 37 7 5 49 14 13 66 2 76 43 71 48 33 20 7 22 41 47 23 28 4 12 75 1 56 41 11 36 83 7 24 41 63 23 26 40 58 3 82 23 31 5 94 40
312 22 260 79 34 88 1 63 41 14 38 41 19 80 2 56 12 10 30 4 25 52 10 2 41 17 4 75 42 28 7 46 21 98 24 6 35 76 19 89 8 68 8 37 21 13 50
313 22 297 33 44 53 7 47 13 58 40 81 13 14 22 90 22 70 12 72 43 67 6 21 35 35 9 92 5 66 30 25 31 9 24 34 17 98 26 60 30 88 25 54 29 23 40
314 22 301 69 17 57 27 87 43 11 46 65 13 66 42 95 47 50 19 32 19 41 31 44 2 62 34 76 17 12 25 54 44 8 12 70 46 4 30 93 42 97 8 60 38 52 8
315 22 276 39 22 89 7 64 21 1 15 34 36 42 1 99 17 41 2 12 50 13 31 46 19 90 10 8 47 69 45 51 26 84 24 66 42 38 38 44 4 72 29 24 28 81 25
316 22 220 16 46 7 13 14 18 2 25 78 1 96 24 51 21 9 24 39 1 13 26 44 17 99 25 62 22 4 27 38 34 53 29 57 15 94 26 18 19 3 18 64 27 20 36
317 22 262 85 46 26 37 8 4 81 24 52 7 37 26 10 13 15 43 19 24 71 35 67 49 87 3 22 50 31 41 38 16 88 13 4 46 68 34 72 40 56 47 51 20 63 44
318 22 220 35 33 17 7 67 35 5 20 22 8 91 23 38 34 12 5 71 25 9 18 94 44 37 15 86 44 13 38 63 25 31 49 7 49 6 23 34 12 95 7 21 37 29 11
319 22 212 20 41 67 43 27 10 12 23 48 27 8 43 89 45 6 14 78 6 22 28 11 47 13 25 41 19 45 27 7 49 92 24 91 10 2 21 97 31 44 36 28 1 1 7
320 22 301 7 22 84 19 68 47 93 8 15 40 37 14 96 35 57 21 27 16 21 30 87 42 81 33 75 25 2 25 10 31 90 43 52 9 89 46 17 6 85 5 33 39 78 3
321 22 308 67 43 73 46 29 17 79 12 93 3 31 46 51 5 10 40 47 13 88 8 68 45 72 15 77 12 44 29 78 37 54 26 30 14 56 11 61 36 63 15 2 13 59 3
322 22 245 52 17 21 46 11 42 13 37 4 6 67 33 94 22 8 11 43 11 42 8 68 2 70 4 64 34 17 49 22 50 77 42 98 37 33 10 25 38 65 43 15 28 71 9
323 22 248 41 12 19 10 66 38 13 31 24 15 50 22 75 21 23 3 12 20 96 29 65 34 46 9 4 8 73 33 78 34 52 33 58 41 47 41 14 13 40 37 37 12 60 41
324 22 269 25 29 31 20 60 47 3 7 6 8 64 30 41 43 15 13 85 18 97 43 9 44 33 22 24 11 95 35 70 37 68 30 11 14 35 17 71 42 82 3 84 24 67 49
325 22 281 11 35 95 3 93 40 37 16 48 12 76 44 97 30 8 47 87 7 63 23 26 35 65 7 33 6 98 43 40 45 47 34 34 35 1 31 46 27 45 25 56 2 21 4
326 22 311 90 30 66 13 5 3 79 13 39 28 95 44 76 39 85 20 87 18 73 21 38 20 49 13 14 23 18 15 94 22 7 25 69 29 41 47 43 32 24 40 77 1 78 12
327 22 294 22 17 81 27 89 3 64 9 1 28 72 24 96 39 19 19 95 43 59 13 23 2 61 15 83 34 54 11 87 34 24 8 52 7 34 40 9 49 50 10 27 24 74 12
328 22 246 1 44 8 45 52 22 69 3 82 33 37 17 39 48 3 24 71 13 25 27 96 16 36 47 18 45 75 41 79 48 31 41 11 27 92 32 45 47 13 29 83 31 19 30
329 22 258 84 42 53 48 68 29 93 36 66 41 62 15 43 40 14 46 22 6 56 48 50 39 42 46 3 23 78 33 41 10 18 35 12 15 52 42 60 39 8 2 91 21 19 35
330 22 255 13 32 30 34 38 37 84 37 75 27 82 29 99 11 12 40 22 31 24 35 48 27 27 7 66 36 10 8 6 28 93 18 60 24 4 49 63 37 35 39 68 18 62 30
331 22 272 81 3 52 11 76 38 60 4 66 18 19 1 28 27 9 5 71 28 44 31 14 6 48 45 82 17 12 45 97 44 47 50 56 24 87 16 27 3 33 48 55 10 24 15
332 22 294 67 44 93 32 89 25 46 47 44 45 41 25 64 4 71 12 47 17 11 2 42 49 17 18 53 2 65 10 61 40 74 29 85 16 91 8 20 36 4 12 62 17 32 28
333 22 288 13 50 40 16 41 39 35 10 93 38 25 2 48 16 26 27 1 43 89 26 85 46 97 20 51 8 31 18 62 47 90 11 87 5 75 41 61 19 28 37 71 28 4 46
334 22 220 6 4 38 46 81 23 93 27 92 43 36 25 60 13 7 2 49 45 9 1 71 49 13 39 29 49 59 6 53 4 8 44 58 41 18 50 69 11 5 35 4 17 23 12
335 22 260 71 21 6 29 28 27 84 16 7 34 75 12 88 30 26 48 83 38 92 34 56 5 12 39 31 31 13 44 51 35 49 29 76 7 41 43 14 26 69 27 16 49 53 13
336 22 325 75 37 50 17 23 7 71 50 69 11 80 1 74 23 3 8 31 15 89 7 44 2 85 13 81 50 61 35 14 35 15 3 45 21 94 41 88 23 91 13 47 43 72 21
337 22 264 75 39 22 14 97 16 17 31 78 47 32 40 33 45 24 6 59 29 82 5 94 22 42 18 15 6 37 36 66 9 1 12 95 3 26 42 50 23 5 31 57 14 52 50
338 22 287 86 45 19 2 51 35 62 28 72 47 45 32 47 8 57 16 52 9 33 30 2 32 18 39 84 15 95 48 96 35 14 36 64 49 91 22 46 37 5 44 61 9 48 21
339 22 348 43 27 74 27 80 41 67 14 57 11 61 24 56 45 88 21 32 1 69 28 94 42 75 30 96 19 76 8 77 24 72 2 53 50 66 47 52 26 7 28 33 3 65 3
340 22 315 84 17 22 13 60 15 40 42 61 8 67 20 86 42 57 44 52 6 77 47 21 23 51 48 81 30 30 35 44 33 68 12 56 32 20 21 65 32 80 31 66 25 74 20
341 22 297 54 30 98 3 2 20 3 2 52 32 81 36 77 15 90 22 86 13 94 9 27 27 88 10 28 5 34 30 79 5 36 10 13 21 64 22 23 47 57 1 63 11 40 35
342 22 286 48 3 30 8 29 6 90 36 52 23 67 32 2 41 80 39 6 2 69 25 4 17 31 4 93 46 16 43 97 2 99 20 39 3 44 6 84 23 7 27 82 6 77 2
343 22 299 80 33 19 13 86 48 7 33 65 49 82 11 51 12 14 1 83 3 3 26 58 37 98 16 15 2 63 46 59 42 97 38 24 15 61 14 44 30 57 27 40 9 90 4
344 22 308 60 22 58 14 98 17 52 47 82 16 97 11 40 10 96 13 76 47 75 42 53 20 71 12 47 13 20 36 16 31 8 25 45 7 91 46 3 24 62 3 72 24 11 35
345 22 180 7 25 11 4 2 8 69 22 19 17 34 41 3 1 73 12 25 17 18 17 65 20 91 28 74 14 38 42 1 48 45 50 21 24 87 10 15 41 10 40 8 21 5 22
346 22 276 91 47 1 14 61 4 49 37 41 41 37 40 89 40 63 16 99 22 30 40 34 21 93 22 29 14 76 50 6 23 53 21 35 6 70 21 48 12 7 39 50 47 44 6
347 22 277 6 18 37 47 1 8 89 24 86 4 51 37 9 25 30 9 96 1 29 45 64 38 33 13 62 3 93 6 60 48 73 49 46 25 34 50 43 38 50 31 98 25 20 27
348 22 289 33 17 29 14 62 42 53 44 5 38 8 9 82 13 21 31 37 19 76 13 26 12 12 20 99 11 50 46 87 21 75 22 88 3 85 49 47 39 94 3 78 1 11 10
349 22 293 65 33 42 3 3 18 17 28 79 28 47 29 41 49 76 27 69 50 98 8 5 34 8 1 74 2 53 2 54 15 63 21 50 4 75 2 73 42 80 3 71 28 31 13
350 22 270 78 7 90 47 8 39 6 14 25 14 66 48 67 20 1 22 37 15 42 36 19 19 43 12 68 46 82 48 76 45 75 34 86 23 79 7 52 42 23 50 58 42 2 31
351 22 295 80 17 75 15 87 43 2 29 54 21 74 37 18 2 31 43 35 18 65 28 96 45 85 47 38 9 48 47 50 28 82 18 46 4 44 49 32 49 20 8 37 9 81 43
352 22 296 85 48 73 32 92 7 79 30 67 26 76 18 27 3 49 44 4 47 99 49 45 33 47 14 40 34 1 50 51 33 94 37 30 16 19 22 74 49 3 40 78 10 53 33
353 22 271 8 48 88 6 47 39 51 31 85 14 20 20 66 21 99 14 59 30 80 27 1 5 77 3 45 2 33 4 54 15 63 4 4 19 52 42 71 32 79 34 3 48 2 23
354 22 327 20 2 36 28 31 17 6 34 72 32 86 18 83 20 71 39 85 42 90 5 93 33 75 26 13 9 78 11 12 50 32 15 87 9 97 4 66 30 77 49 18 44 81 39
355 22 278 66 21 25 50 62 16 55 6 48 29 81 13 39 10 73 2 61 6 16 48 64 15 53 31 96 31 79 15 24 11 4 39 32 28 90 45 45 44 3 44 35 6 63 45
356 22 248 80 17 5 35 84 4 50 48 56 30 44 38 8 10 11 21 63 1 2 42 41 48 86 36 30 10 35 37 75 29 17 41 51 24 39 1 74 46 82 19 34 40 28 46
357 22 289 60 41 47 13 32 37 10 20 22 12 51 32 96 37 8 26 3 48 6 23 50 6 48 48 39 16 81 28 44 26 86 22 69 10 65 38 82 26 88 15 73 25 98 29
358 22 268 71 9 34 45 11 41 93 8 30 8 38 9 3 15 40 39 54 9 98 18 31 43 97 15 12 20 64 42 25 28 85 35 68 29 92 49 36 31 10 41 45 9 35 12
359 22 321 90 35 32 38 15 26 25 14 93 38 33 6 79 25 80 6 61 14 76 39 57 26 24 37 85 16 34 43 96 18 7 37 52 40 19 15 82 7 87 16 63 18 94 25
360 22 229 50 10 38 16 76 14 5 10 79 38 26 7 63 13 9 2 66 38 12 25 24 27 87 41 19 32 18 18 43 17 6 9 44 21 56 49 52 12 27 8 41 18 77 28
361 22 286 46 44 15 9 18 39 86 6 31 4 40 48 23 32 17 30 92 10 50 6 67 1 57 30 77 15 55 17 84 31 94 30 61 40 99 27 2 31 82 41 29 5 22 45
362 22 276 84 14 56 36 19 25 36 28 4 14 44 9 32 27 41 27 8 19 37 48 15 37 24 16 68 6 96 12 29 42 97 44 99 32 65 23 69 44 87 39 63 13 31 42
363 22 278 73 50 28 20 14 17 45 29 34 2 36 31 63 16 72 12 62 22 93 28 95 12 21 25 59 13 60 21 43 1 42 30 64 7 96 9 35 29 22 11 25 40 32 38
364 22 254 3 4 80 32 93 2 26 38 10 40 49 32 32 49 27 26 90 32 76 50 19 6 12 42 17 38 33 50 75 37 5 6 18 6 99 19 81 38 30 20 88 14 54 36
365 22 245 40 31 17 31 62 44 83 32 94 26 68 33 8 19 59 45 24 14 12 31 14 33 53 14 33 40 27 38 77 18 51 32 37 33 65 38 78 40 7 12 26 20 46 49
366 22 244 35 9 79 49 41 42 53 7 27 43 85 14 21 3 84 14 5 15 3 39 29 42 66 21 49 27 20 24 98 15 74 32 73 4 32 16 72 24 8 39 10 22 15 16
367 22 293 38 17 54 19 10 21 39 8 49 8 83 46 74 6 30 48 12 11 63 9 45 36 84 23 94 22 55 46 88 21 85 6 3 15 41 23 50 7 91 25 13 20 73 24
368 22 211 32 35 84 27 21 17 1 16 40 26 20 37 13 40 72 20 66 24 85 12 67 9 6 18 15 48 43 29 19 17 2 1 53 37 27 25 3 29 90 45 5 10 81 19
369 22 269 1 4 89 18 78 23 79 46 83 37 15 47 84 9 76 3 75 29 53 28 18 31 52 20 61 44 66 15 3 49 34 5 2 24 73 31 46 1 26 28 39 43 23 1
370 22 316 3 27 76 32 81 5 49 11 58 20 71 3 38 38 5 36 73 12 37 46 84 18 91 36 45 20 25 37 97 49 75 15 83 5 31 17 80 2 39 33 26 39 98 50
371 22 279 15 43 33 32 85 21 78 6 95 15 3 43 4 2 19 20 84 25 90 16 41 21 79 3 10 7 94 35 54 43 49 49 28 32 98 10 39 44 26 41 88 29 6 48
372 22 256 77 32 89 42 22 11 60 2 64 21 8 7 14 1 56 14 30 40 46 27 1 36 26 28 9 4 73 14 53 49 95 43 42 18 54 22 68 24 31 26 81 46 27 39
373 22 279 9 8 30 7 35 30 94 6 55 24 17 10 46 30 12 45 77 6 88 46 8 41 19 28 67 50 3 49 97 31 39 6 89 18 75 47 57 32 98 12 76 30 25 22
374 22 302 8 30 9 3 40 2 74 17 20 25 69 18 71 2 57 26 90 26 39 16 73 46 97 25 25 45 89 2 13 23 81 45 82 35 84 35 60 2 54 34 70 21 5 23
375 22 283 79 30 64 5 71 29 66 26 53 42 22 43 94 45 6 16 27 2 99 13 85 35 73 36 38 6 7 9 10 32 39 42 45 43 12 24 29 1 76 22 72 18 67 16
376 22 281 25 33 44 26 83 6 62 18 28 49 57 36 6 17 95 37 56 38 31 48 51 6 71 31 98 3 27 17 19 44 42 3 87 19 38 45 33 5 74 31 61 9 36 30
377 22 281 6 24 85 45 57 34 96 12 54 26 70 3 78 48 20 49 92 13 51 30 31 40 24 15 98 46 9 8 81 38 65 7 22 10 63 5 5 26 11 32 97 13 12 45
378 22 279 84 10 36 46 62 15 79 2 41 43 97 40 38 5 71 44 77 15 23 41 72 27 18 32 8 15 46 19 59 32 30 44 29 42 10 7 45 50 52 43 91 41 50 38
379 22 314 11 43 1 39 58 25 81 31 99 14 60 15 31 23 92 12 68 21 55 29 79 49 30 42 21 21 93 10 33 35 24 44 86 4 54 37 98 18 48 30 91 41 46 40
380 22 298 90 44 70 21 87 40 93 31 50 26 66 11 1 9 47 6 85 34 10 23 33 29 20 12 23 11 3 33 73 50 72 14 43 43 82 35 77 12 84 4 29 46 54 40
381 22 217 94 10 74 30 71 46 62 1 18 24 75 30 28 8 4 27 31 18 21 26 2 4 10 30 66 45 84 44 40 39 35 36 50 10 15 22 58 26 25 25 1 49 6 28
382 22 231 58 9 6 41 78 27 16 31 80 25 61 47 69 46 43 10 36 27 45 38 37 9 9 44 87 35 20 39 84 27 19 43 24 33 15 2 34 24 57 30 44 2 4 38
383 22 267 53 48 25 41 59 35 86 47 70 7 35 5 33 3 49 19 77 32 30 31 32 13 57 38 45 50 40 18 3 29 72 3 55 12 13 41 97 9 60 3 43 16 37 46
384 22 271 65 8 24 48 92 3 30 23 16 36 63 12 86 2 31 40 32 3 94 38 66 6 28 13 14 40 67 7 55 6 4 21 13 27 68 6 98 31 83 43 9 20 46 40
385 22 219 12 27 94 5 66 9 11 43 73 26 32 42 87 47 35 9 13 27 44 24 48 41 8 42 2 30 37 41 43 15 86 47 30 44 9 23 17 35 6 8 68 44 55 3
386 22 277 16 17 29 33 62 4 81 3 13 22 4 42 61 46 34 25 33 7 76 41 92 27 86 1 45 30 56 49 82 23 65 10 27 15 88 31 11 36 71 21 31 4 48 13
387 22 322 88 4 38 31 34 32 57 19 32 1 48 40 99 29 14 16 90 21 94 4 8 24 83 19 9 3 41 41 5 46 93 42 76 26 23 32 97 7 85 46 98 35 77 13
388 22 262 50 16 84 43 22 41 68 4 61 26 8 4 18 15 41 22 10 36 16 37 63 40 21 9 48 7 7 45 91 33 60 41 43 35 85 3 76 48 30 33 51 48 98 43
389 22 260 69 9 28 36 48 43 26 18 1 23 24 7 70 16 41 29 6 41 71 41 13 7 95 39 4 24 23 6 72 1 92 31 80 27 30 22 52 49 25 24 81 44 89 22
390 22 305 74 45 62 44 87 24 2 31 14 8 56 37 63 27 8 13 70 40 43 48 19 16 52 17 38 28 90 21 73 31 44 46 25 7 41 13 82 42 95 48 99 50 84 14
391 22 314 28 43 76 49 85 20 97 3 86 48 22 25 75 13 47 43 40 44 69 48 84 33 30 25 77 27 79 12 89 6 6 16 7 40 38 3 93 23 2 16 49 28 80 46
392 22 275 26 23 37 19 93 37 52 26 66 28 4 44 3 32 57 43 40 12 59 46 96 50 70 1 61 20 28 42 67 3 64 4 73 9 24 34 51 39 2 6 58 48 71 8
393 22 313 61 22 53 10 69 24 12 31 44 41 73 10 95 38 65 17 96 6 90 29 64 42 70 15 49 42 74 47 5 47 54 15 59 26 39 34 87 19 27 27 43 39 23 31
394 22 262 53 39 26 9 30 7 72 23 89 22 67 14 18 23 10 23 39 30 33 14 17 2 88 45 80 31 35 2 61 38 90 36 48 21 42 21 43 19 11 14 37 25 59 36
395 22 245 8 47 65 40 62 34 13 22 55 42 4 39 93 14 28 34 1 25 95 48 47 15 2 34 60 20 9 34 70 20 53 33 7 26 96 47 19 11 75 4 63 1 57 48
396 22 275 6 22 58 19 75 41 65 36 62 16 94 46 11 16 67 15 50 9 73 25 54 19 45 14 49 28 46 8 35 45 8 2 34 45 19 6 53 27 80 19 41 31 77 13
397 22 248 55 30 84 2 45 28 52 23 73 11 9 18 27 18 71 11 1 15 60 19 21 27 83 23 14 44 96 44 20 10 2 45 4 48 23 5 72 47 17 30 66 43 99 37
398 22 351 55 1 51 15 70 23 91 4 48 45 92 15 62 4 15 13 98 20 61 22 76 34 19 42 64 34 86 14 20 41 65 23 97 47 41 46 93 10 37 25 89 11 74 13
399 22 236 36 8 31 30 73 16 65 38 86 5 2 10 11 39 8 9 80 4 4 41 41 40 40 33 54 21 20 27 35 5 34 10 51 48 68 7 79 20 90 38 28 19 9 34
400 22 259 22 26 73 4 85 28 27 4 57 11 10 42 78 46 4 10 46 1 52 3 21 42 94 1 12 37 83 23 20 7 50 44 34 22 38 37 51 48 80 43 24 39 76 17
401 22 243 42 29 73 14 22 18 66 36 4 49 58 25 5 9 19 16 92 42 6 30 21 8 77 41 87 22 17 27 11 42 93 4 18 46 34 35 33 40 83 40 64 39 48 32
402 22 228 7 41 25 12 22 45 71 50 86 9 2 35 82 45 29 37 19 45 54 16 30 39 98 19 23 37 83 12 16 18 28 41 31 1 85 1 50 20 9 23 45 6 20 23
403 22 234 42 38 17 48 3 48 36 50 10 38 51 23 75 16 90 4 6 22 54 41 24 5 12 34 27 37 28 32 26 43 68 23 97 16 60 48 34 19 37 34 92 13 49 33
404 22 268 16 7 5 21 49 30 75 12 64 4 98 41 37 3 91 12 97 10 34 45 93 42 60 14 28 43 42 44 57 2 29 2 73 4 13 36 9 13 26 45 17 18 59 14
405 22 309 78 42 10 4 37 4 64 50 33 8 54 25 53 42 31 4 87 12 55 9 67 20 46 25 82 23 71 48 43 29 63 20 73 25 75 9 90 10 15 34 52 6 58 44
406 22 268 78 14 52 44 83 49 18 16 72 38 66 14 69 28 85 41 4 11 49 31 1 10 91 2 24 24 3 31 40 10 25 17 76 28 12 8 77 29 74 50 39 15 37 18
407 22 260 49 27 22 11 77 4 63 36 44 14 9 18 17 39 28 13 78 3 91 39 13 19 70 38 18 38 82 24 97 32 2 18 92 28 72 5 15 17 20 23 36 38 45 18
408 22 308 28 24 70 20 62 34 88 31 71 7 20 48 38 43 95 21 46 14 14 23 87 20 89 4 40 11 41 27 76 35 94 3 10 16 72 22 49 11 54 22 67 24 21 6
409 22 289 18 17 26 14 31 41 38 19 11 27 74 50 89 15 28 16 51 22 61 39 41 34 3 37 60 21 62 33 76 30 99 3 95 31 44 34 2 4 75 5 82 18 92 5
410 22 283 88 4 43 28 87 34 83 25 3 37 27 31 68 26 35 14 6 30 97 7 11 34 89 13 74 21 82 17 77 19 20 20 49 8 31 33 85 21 24 15 1 2 53 8
411 22 269 31 1 65 16 11 50 54 25 75 26 57 42 53 25 63 24 25 23 26 7 74 42 77 49 58 16 49 9 68 7 90 20 23 7 24 10 98 38 13 39 40 40 4 13
412 22 286 14 26 40 21 84 13 64 10 21 27 62 32 46 20 73 15 94 29 47 17 90 4 15 27 16 5 57 8 30 23 85 19 95 18 34 8 79 47 5 10 61 2 32 35
413 22 276 67 25 63 13 42 3 68 8 81 36 62 47 92 22 26 14 8 47 76 30 17 6 78 47 11 37 59 12 20 44 30 45 58 45 38 12 45 43 97 8 39 41 29 16
414 22 336 54 37 62 14 64 43 82 19 70 28 31 9 39 45 78 34 76 24 91 20 11 3 84 7 95 30 65 35 20 45 52 26 33 16 48 8 72 17 28 2 99 38 90 43
415 22 281 15 23 21 39 65 40 51 19 73 8 63 5 74 49 76 20 3 1 55 18 43 2 25 15 70 4 66 19 41 7 13 6 81 33 96 45 75 46 14 49 28 3 79 29
416 22 258 98 31 31 2 48 24 5 24 40 25 28 5 95 18 63 9 75 43 44 20 39 18 68 4 16 22 84 21 50 12 1 49 94 31 2 41 56 6 32 43 51 26 13 37
417 22 282 37 7 80 9 46 47 26 49 64 49 32 36 48 45 86 48 38 19 99 30 24 7 71 38 40 21 66 2 34 2 39 40 33 49 81 26 44 24 21 32 67 21 55 37
418 22 252 72 37 11 28 34 33 67 23 53 34 75 38 37 15 30 19 65 16 1 40 3 47 13 26 78 36 41 44 9 47 31 30 83 43 59 16 77 25 89 29 61 15 19 49
419 22 288 31 48 70 45 65 20 84 20 66 46 95 43 87 39 92 33 21 23 68 15 81 33 41 7 23 19 17 39 39 18 19 36 13 3 56 46 22 22 44 18 64 29 54 4
420 22 238 22 36 74 44 53 38 24 38 78 32 62 49 1 3 37 18 21 25 4 36 77 9 33 50 80 28 17 46 6 20 49 29 7 25 12 12 97 1 42 29 92 29 66 30
421 22 299 98 37 54 1 24 32 59 6 31 41 84 47 38 41 16 38 72 23 12 43 86 26 42 36 69 22 47 10 2 15 91 49 51 45 99 24 78 9 81 9 55 38 9 23
422 22 267 26 30 97 37 24 32 64 15 69 32 38 17 43 39 31 34 37 31 78 37 6 5 96 39 15 46 54 22 34 14 11 43 92 47 17 25 63 33 93 44 71 9 9 40
423 22 281 70 48 22 49 84 30 5 29 18 20 77 23 41 12 89 36 72 31 79 20 49 5 32 32 99 26 4 9 14 12 50 33 61 22 81 45 3 35 75 22 56 1 46 46
424 22 291 64 34 83 35 15 13 5 15 67 38 96 15 65 49 26 28 63 25 60 23 46 42 19 50 29 44 71 34 69 32 2 16 68 29 50 33 97 40 78 14 54 29 39 32
425 22 203 43 13 17 11 87 36 10 15 81 33 50 26 1 31 2 49 33 20 77 34 4 23 23 33 38 27 61 26 60 5 89 4 24 1 40 9 6 41 44 8 18 44 5 48
426 22 250 38 39 19 14 22 22 39 47 54 26 25 17 4 34 73 42 89 46 42 31 6 3 86 46 97 43 66 42 33 22 41 22 10 9 36 31 32 26 79 38 53 3 56 38
427 22 212 28 49 27 24 40 7 29 45 44 27 41 39 42 34 21 15 25 42 24 35 6 17 85 6 59 37 66 25 86 15 51 11 4 9 52 18 11 26 12 25 5 4 92 39
428 22 296 59 2 28 19 67 2 7 31 54 17 87 12 8 36 65 27 78 7 39 5 20 15 56 27 14 41 63 19 97 6 55 7 86 26 25 39 82 8 42 50 94 5 60 31
429 22 258 72 38 8 28 27 14 99 43 19 26 7 10 38 27 56 45 87 12 1 23 37 27 61 20 84 5 70 29 9 31 60 32 68 19 11 46 83 10 39 1 85 47 12 24
430 22 238 25 19 68 11 81 20 35 19 96 46 39 32 2 10 60 10 40 21 94 9 90 4 5 24 13 45 24 49 91 38 22 15 6 41 77 38 12 12 7 8 59 47 8 50
431 22 291 21 47 14 7 62 18 61 35 82 7 60 31 97 47 4 13 5 47 92 42 8 3 67 13 96 7 72 3 59 44 1 29 58 8 27 20 76 8 29 37 90 25 86 44
432 22 330 40 40 90 33 31 47 37 31 64 49 78 22 20 33 30 13 85 10 72 44 51 48 58 42 65 47 68 50 92 9 39 33 93 21 82 29 3 47 77 33 48 15 98 11
433 22 258 49 9 34 43 60 34 58 37 93 1 53 39 20 2 83 31 92 15 23 15 96 2 19 44 28 1 12 26 15 11 38 16 69 23 10 28 6 17 17 48 89 38 68 16
434 22 244 37 41 30 35 94 49 28 21 51 41 48 18 85 33 20 10 42 49 65 10 15 15 78 36 3 15 58 25 35 25 13 27 5 49 70 5 29 42 55 19 90 24 26 6
435 22 239 41 35 49 39 2 8 6 16 85 43 70 2 50 46 86 24 10 14 80 9 35 36 39 26 43 7 17 16 26 45 74 18 31 22 57 32 30 14 99 16 20 17 7 17
436 22 247 54 32 27 17 14 37 1 49 75 29 43 33 45 11 9 41 34 28 22 5 86 5 36 49 4 2 56 25 70 12 92 24 96 20 42 9 58 45 32 23 19 14 74 10
437 22 273 97 2 31 3 37 37 39 38 90 42 43 17 61 7 8 36 4 27 30 12 34 24 72 17 98 25 82 16 38 8 77 36 11 9 89 49 46 27 86 37 18 31 3 30
438 22 243 37 12 18 40 38 47 3 23 70 26 91 19 1 25 34 40 84 13 76 44 21 16 92 18 42 28 5 11 58 7 46 19 9 37 55 41 33 26 16 25 94 18 51 30
439 22 249 10 34 42 37 27 14 52 19 32 45 48 36 7 7 94 48 54 14 59 40 24 15 56 43 47 32 86 17 33 17 76 16 58 14 45 22 15 15 55 9 62 40 17 18
440 22 264 35 16 71 49 24 12 72 39 43 29 81 41 60 18 7 44 34 12 44 47 6 17 63 20 21 23 33 12 89 2 97 5 45 30 68 18 29 46 50 19 57 20 28 1
441 22 292 6 13 14 49 10 19 68 24 90 40 97 24 2 35 75 50 91 48 94 21 32 11 60 8 92 30 63 9 72 29 33 47 35 6 38 25 52 11 28 39 85 27 31 34
442 22 306 22 1 65 34 93 26 91 36 8 4 98 16 70 15 37 48 32 19 97 19 25 36 45 28 49 22 68 35 99 19 73 1 35 6 11 46 28 20 51 25 87 22 41 24
443 22 299 72 23 44 20 43 20 5 37 48 3 10 17 38 11 65 6 33 16 42 38 52 35 90 23 87 14 60 11 55 35 82 29 78 1 21 48 57 9 97 12 20 13 99 30
444 22 275 80 6 12 45 47 1 6 1 85 45 75 23 9 34 33 15 68 14 45 48 66 17 23 27 95 34 46 7 34 25 88 41 36 32 37 36 38 39 72 34 14 46 92 49
445 22 281 79 8 19 44 54 16 10 20 14 34 96 8 67 43 16 2 17 4 42 4 87 30 91 26 21 12 60 34 8 3 84 38 61 2 81 16 69 40 36 32 73 33 41 41
446 22 308 76 7 42 44 12 35 48 48 65 38 74 35 52 35 70 9 87 3 99 7 28 15 75 18 9 42 86 1 85 13 57 28 68 13 4 18 29 41 43 15 92 27 34 2
447 22 267 65 38 49 14 96 29 80 21 98 31 31 39 16 31 75 29 40 3 37 9 76 45 32 20 9 26 48 44 29 13 30 26 27 8 55 49 45 4 13 20 52 24 68 11
448 22 312 88 9 38 34 91 8 92 18 7 35 46 19 67 25 45 32 52 45 75 33 54 25 77 45 1 16 53 41 99 45 50 42 12 6 78 8 27 44 84 22 89 16 24 35
449 22 324 5 13 60 37 54 49 92 31 89 20 75 42 35 29 84 35 26 33 40 3 46 16 99 32 38 39 97 13 23 1 82 40 81 32 83 13 21 3 87 12 37 17 45 24
450 22 275 94 29 51 33 68 4 80 36 4 11 75 42 9 37 64 10 13 48 1 45 29 33 57 49 85 45 62 24 12 8 99 7 38 49 39 6 2 19 43 7 79 17 98 40
451 22 248 55 12 49 17 11 1 12 39 35 20 40 22 15 3 45 26 43 32 48 41 73 5 91 49 1 21 51 10 69 14 60 38 74 12 64 47 70 3 18 34 8 14 61 18
452 22 293 8 45 17 50 67 24 46 9 72 47 81 39 49 43 59 12 4 46 85 18 48 50 14 18 55 33 53 12 96 16 79 5 60 47 78 22 50 38 44 48 70 32 40 9
453 22 303 18 38 95 35 37 44 50 6 48 32 59 9 79 26 39 35 87 38 40 14 9 39 53 2 88 24 85 35 77 43 57 14 93 2 33 42 8 30 25 16 41 5 91 27
454 22 271 16 30 42 27 71 46 28 8 65 45 58 41 89 16 6 28 7 10 51 14 91 27 31 33 33 21 14 23 49 29 53 42 57 23 87 35 32 8 76 17 85 46 44 42
455 22 173 52 3 45 16 23 46 28 6 19 41 30 19 21 32 61 28 56 49 14 40 8 14 15 27 54 31 11 49 74 4 50 28 48 17 25 21 4 28 33 44 7 1 16 41
456 22 269 63 45 96 12 58 35 69 23 2 45 76 34 5 24 10 11 37 8 42 13 30 6 16 9 40 11 66 43 79 8 23 3 33 40 87 5 93 31 31 26 38 6 85 48
457 22 308 31 24 57 25 86 39 32 4 97 22 64 14 14 42 71 18 17 26 36 49 67 22 55 9 2 35 91 43 40 23 96 47 99 33 87 31 35 2 49 17 95 19 11 46
458 22 292 71 11 12 42 66 20 94 50 56 36 42 28 76 17 73 24 15 5 62 47 43 46 50 46 44 16 90 15 52 3 60 24 63 22 28 43 11 30 48 46 23 27 91 49
459 22 238 96 6 6 7 2 50 5 2 95 48 19 34 14 22 36 24 51 47 61 28 89 21 59 39 68 32 17 41 72 16 88 29 23 47 83 22 1 36 4 1 26 39 39 23
460 22 276 89 35 33 18 75 5 77 15 74 10 32 14 81 49 54 10 71 50 44 44 2 29 11 1 13 14 9 3 52 31 91 38 65 11 37 27 45 46 10 10 78 8 63 39
461 22 285 28 12 82 23 65 10 33 16 94 48 79 2 31 35 43 18 51 3 32 22 91 11 66 38 20 27 78 40 56 7 53 37 18 49 16 33 92 13 13 43 95 29 7 15
462 22 234 30 9 46 1 51 6 68 38 28 44 54 7 83 11 65 38 50 46 5 48 12 39 39 26 40 46 62 46 60 41 6 7 93 6 13 10 45 42 48 40 11 12 27 12
463 22 325 60 33 59 21 21 47 46 23 32 38 68 45 83 29 35 39 36 29 96 50 90 43 91 44 95 40 85 7 53 11 69 12 45 27 34 17 76 32 40 7 51 1 38 37
464 22 288 91 25 67 39 24 6 31 16 1 25 55 36 81 7 48 49 71 43 28 4 61 3 35 50 59 13 6 48 51 48 72 17 86 47 68 12 92 16 25 24 9 25 94 3
465 22 265 52 50 13 6 36 13 66 41 23 30 48 22 30 45 45 46 33 41 69 50 54 43 44 21 53 20 94 13 96 40 65 48 41 30 5 26 16 2 89 32 60 33 29 44
466 22 210 75 48 43 28 42 38 50 46 9 45 11 5 34 25 4 24 56 10 2 49 82 17 16 34 32 4 67 41 88 47 14 46 28 43 37 18 35 28 45 34 22 21 48 27
467 22 289 97 49 75 30 15 41 65 48 46 33 88 34 30 23 99 25 53 42 14 20 33 48 21 44 43 14 69 40 40 17 90 17 4 9 63 4 54 46 41 39 66 38 51 18
468 22 266 81 14 39 13 11 37 86 4 69 28 20 40 58 8 77 6 13 35 19 16 91 16 59 29 42 24 18 42 93 48 56 31 63 16 48 22 88 27 29 47 1 36 4 30
469 22 279 94 18 66 12 86 6 79 44 37 20 19 6 11 13 4 16 45 18 84 13 17 7 2 45 97 30 41 49 68 46 78 11 63 46 24 50 3 2 43 39 73 13 83 25
470 22 266 52 1 19 19 36 34 37 42 35 31 90 17 71 38 66 18 48 30 63 21 80 15 24 24 56 48 39 4 82 15 55 32 23 19 69 11 10 5 41 49 11 39 58 28
471 22 312 56 5 59 20 27 40 86 2 64 43 49 4 96 31 18 50 53 24 85 23 34 44 28 24 45 50 36 35 60 15 40 16 74 11 43 13 98 44 78 41 31 36 88 40
472 22 298 53 13 26 28 97 20 5 22 16 6 10 50 17 24 91 33 49 3 75 14 70 41 90 16 24 28 92 24 67 34 76 29 59 5 77 30 61 49 45 19 60 46 35 35
473 22 313 86 17 36 38 93 49 88 15 91 29 80 14 8 24 37 24 57 15 3 17 69 29 97 32 29 43 89 34 75 26 53 10 14 47 11 50 33 43 64 41 66 2 74 18
474 22 314 16 40 89 47 88 20 75 31 69 15 54 39 94 6 50 9 3 7 63 15 58 48 7 23 72 25 53 47 44 21 37 34 67 24 41 6 73 7 76 27 95 22 32 44
475 22 291 32 36 52 45 51 10 94 7 34 33 81 8 85 29 54 5 65 37 71 41 42 14 48 14 70 24 40 17 45 24 60 26 61 14 22 11 25 15 20 8 47 2 68 32
476 22 244 80 21 88 47 9 11 89 50 74 36 16 45 59 7 11 3 30 23 79 43 86 50 5 10 67 24 13 27 34 46 7 6 84 5 15 46 43 16 19 28 31 15 37 38
477 22 349 76 41 19 48 69 11 35 21 66 44 39 41 62 1 68 46 99 26 53 34 80 17 79 22 83 49 65 13 87 2 88 28 73 37 98 35 71 20 50 16 8 43 28 11
478 22 293 10 25 61 35 27 44 66 44 24 37 28 22 37 44 84 24 98 24 53 20 60 2 54 33 56 48 31 48 75 43 7 49 93 26 21 21 96 50 92 34 43 28 59 40
479 22 241 51 11 9 12 65 15 44 38 70 42 67 16 15 25 69 42 17 28 14 39 25 13 81 8 7 10 47 10 29 7 23 43 73 17 32 42 58 2 60 25 16 34 93 34
480 22 268 4 34 50 33 47 41 57 11 23 17 18 32 83 16 43 13 74 15 56 47 31 37 40 40 67 5 35 9 41 39 45 42 71 43 32 30 54 4 96 23 30 40 77 42
481 22 283 63 44 99 9 24 38 49 16 77 50 82 34 34 40 72 34 17 45 27 49 74 32 54 21 41 50 43 17 57 12 40 18 86 27 18 1 5 17 88 50 73 13 9 30
482 22 278 20 37 80 45 70 33 65 23 73 14 17 42 6 25 55 47 42 40 25 9 92 30 27 25 69 27 50 34 2 8 15 21 96 44 78 29 39 3 94 7 51 31 48 25
483 22 296 42 22 83 33 53 10 10 22 38 9 5 39 68 19 59 13 64 23 79 43 3 17 95 46 75 42 98 5 44 45 81 35 69 14 21 25 78 44 14 38 50 4 55 20
484 22 274 14 19 35 38 47 28 90 15 74 37 89 18 34 46 11 31 26 45 99 41 15 21 17 43 82 30 18 35 87 38 98 5 24 35 54 3 20 27 62 11 44 48 58 6
485 22 306 78 33 52 26 76 16 98 44 58 16 26 40 84 10 73 10 82 46 96 35 99 22 7 27 83 17 22 30 24 27 34 33 43 34 29 3 49 4 94 32 15 21 4 26
486 22 255 2 2 22 39 50 43 95 26 77 11 49 7 84 25 65 43 4 1 26 46 86 4 34 9 18 25 15 21 51 17 24 22 5 23 14 49 90 11 48 48 94 24 67 13
487 22 295 75 2 68 24 85 28 71 2 3 35 53 1 98 24 57 23 89 5 74 30 65 22 30 10 95 44 48 22 60 12 11 32 21 47 59 43 49 13 28 25 17 28 24 40
488 22 337 85 46 80 41 20 12 8 43 91 19 39 34 68 12 95 32 59 5 63 32 51 23 74 1 86 1 77 2 81 1 94 17 46 25 17 36 66 11 76 37 11 4 61 5
489 22 251 87 20 9 49 51 12 74 26 14 11 77 41 64 7 91 9 25 38 34 33 57 21 1 17 99 37 16 9 92 29 66 29 26 29 2 37 4 27 5 43 78 11 35 38
490 22 269 37 22 23 20 30 46 20 47 44 8 14 4 49 42 69 29 93 45 58 44 83 11 71 35 27 25 77 6 88 11 24 35 68 45 13 14 12 6 26 9 72 19 80 50
491 22 305 12 24 59 7 56 22 27 41 98 4 69 5 93 30 49 18 64 16 63 29 28 26 41 35 99 18 94 20 36 25 71 49 30 6 5 1 34 47 50 37 66 4 79 47
492 22 301 2 49 60 18 61 40 97 38 80 32 86 47 77 7 85 1 78 33 50 9 90 4 11 24 3 10 62 18 65 43 64 16 91 25 35 1 14 34 38 46 15 26 42 43
493 22 302 82 28 43 11 61 44 21 2 49 31 25 1 90 37 70 6 79 33 24 19 59 8 71 25 93 8 7 35 63 49 69 41 31 3 86 2 54 35 85 24 17 7 29 47
494 22 296 39 2 67 50 62 37 74 4 96 45 13 31 57 13 51 49 56 31 53 43 32 7 27 14 37 14 70 15 60 19 17 11 30 3 86 33 80 45 82 39 8 32 89 15
495 22 215 65 42 7 46 48 36 9 36 1 47 88 22 14 38 33 32 6 44 11 10 31 45 40 43 51 49 26 39 90 32 71 36 79 8 46 16 8 45 53 31 42 14 41 49
496 22 260 59 1 8 39 47 19 51 38 11 3 36 36 92 2 26 25 23 13 6 32 71 42 2 26 22 11 69 37 1 18 97 3 75 36 95 38 39 7 41 27 93 34 78 20
497 22 290 58 2 84 13 34 41 75 45 9 48 57 27 87 10 96 33 64 23 20 15 17 10 4 24 30 18 83 7 39 42 59 22 55 44 40 20 60 50 76 5 78 24 38 41
498 22 311 46 9 6 12 68 11 87 17 90 4 1 48 94 43 58 15 99 1 79 40 22 38 89 41 16 45 83 39 34 26 84 43 33 48 62 43 81 34 40 31 25 41 48 25
499 22 282 43 28 64 15 67 4 55 25 20 1 59 8 85 34 94 29 66 41 92 10 26 22 17 5 24 50 81 16 49 8 8 26 71 22 44 27 78 18 46 31 27 5 12 48
