4000 22 342 11 60 26 4 99 165 64 33 78 351 28 407 68 239 43 125 29 66 22 291 94 264 33 243 84 129 80 251 88 240 60 363 95 161 79 209 93 406 44 84 63 374 89 187
4001 22 242 55 355 8 445 50 121 77 444 57 57 59 36 46 327 19 260 23 379 89 33 22 344 21 267 79 65 53 353 17 159 76 153 9 146 32 2 4 138 11 139 97 258 67 266
4002 22 241 70 290 44 58 22 367 53 392 85 32 8 165 36 411 31 194 69 306 48 329 54 81 81 157 21 293 17 152 14 132 71 305 28 380 77 346 33 170 16 228 47 103 40 178
4003 22 283 48 58 35 295 89 138 26 371 97 248 63 296 14 416 61 298 87 166 77 218 44 224 50 113 56 217 42 303 71 181 32 268 41 218 13 279 58 90 49 304 1 52 78 61
4004 22 300 49 266 76 227 86 169 1 287 84 406 4 327 10 424 58 443 92 400 11 406 78 168 97 28 73 35 40 273 69 333 87 387 61 263 22 381 63 308 14 271 91 130 37 250
4005 22 270 73 230 49 385 87 28 2 333 55 226 17 94 50 54 14 34 40 150 94 353 71 125 65 29 90 37 41 182 67 429 83 341 60 231 25 46 8 428 80 312 3 346 7 354
4006 22 290 50 221 37 91 70 131 43 143 7 210 23 348 46 265 32 14 96 164 54 105 97 230 53 306 59 182 18 11 80 226 16 131 21 418 83 214 62 391 75 384 40 270 98 21
4007 22 337 36 43 85 291 100 233 71 402 88 329 83 307 42 314 33 357 94 130 9 215 49 343 30 310 35 54 45 225 75 43 62 137 81 153 86 263 73 287 53 153 72 259 46 335
4008 22 275 41 105 79 73 15 145 21 308 74 133 44 279 27 18 55 71 17 208 47 269 45 262 43 34 64 297 5 74 93 441 65 97 71 89 61 65 70 290 66 170 22 335 75 142
4009 22 261 1 91 48 411 46 61 3 129 74 349 35 347 93 225 13 91 98 53 4 314 14 173 56 58 90 375 81 375 49 323 25 41 75 424 51 420 34 105 59 56 84 308 11 272
4010 22 261 89 408 25 292 23 340 16 78 49 106 53 180 82 403 4 256 44 428 30 46 50 315 51 149 74 258 83 81 5 293 52 343 28 236 69 302 18 9 56 449 90 258 54 397
4011 22 268 3 131 76 349 32 93 51 331 16 358 13 448 14 307 59 158 79 394 33 49 97 184 5 39 66 446 99 19 93 201 2 170 49 383 62 251 63 127 60 277 74 133 27 132
4012 22 316 42 355 25 275 3 372 10 271 26 151 88 222 99 207 16 249 60 385 44 197 50 309 85 101 83 268 27 64 61 183 90 35 37 111 97 59 89 297 47 212 95 55 93 64
4013 22 309 13 92 59 159 94 417 86 303 2 236 37 421 64 350 81 246 39 268 34 252 93 242 60 339 53 206 43 31 98 58 42 218 4 385 85 391 89 338 78 125 58 291 26 90
4014 22 245 38 216 9 171 17 372 15 258 83 203 62 438 47 394 56 387 79 126 42 415 60 132 5 197 59 429 6 251 54 247 88 269 10 338 27 77 95 412 29 59 49 78 52 336
4015 22 250 35 440 16 110 31 330 21 364 84 269 74 214 26 124 69 223 63 190 80 325 27 208 1 273 19 281 81 118 60 385 53 395 56 157 29 122 36 447 46 299 75 171 20 247
4016 22 292 36 409 78 210 35 85 60 307 54 42 40 371 52 174 25 448 49 395 5 357 45 333 29 382 82 76 56 246 1 254 81 9 83 392 95 267 3 402 70 195 93 42 98 18
4017 22 296 19 297 68 13 51 125 59 386 53 292 69 280 24 376 75 226 81 258 85 413 31 229 54 332 1 200 76 444 97 245 12 293 63 127 45 137 37 280 91 329 48 170 46 279
4018 22 286 55 155 65 367 56 46 96 359 79 98 60 155 41 156 49 205 50 13 31 394 67 276 91 297 25 260 8 231 54 364 95 121 19 390 18 279 69 415 38 125 5 195 75 259
4019 22 299 94 138 91 188 38 160 65 429 6 139 90 408 88 49 42 413 84 314 83 74 81 162 45 201 20 199 96 344 10 241 52 30 21 11 44 1 19 233 78 222 39 265 13 301
4020 22 282 50 226 33 73 56 396 68 152 49 387 53 196 62 436 67 365 16 437 26 161 39 46 95 329 73 217 19 439 31 171 88 407 5 113 14 403 82 168 51 321 70 346 83 383
4021 22 252 71 97 10 74 11 348 19 155 76 241 46 281 2 266 69 110 83 125 73 314 42 375 84 411 20 438 45 202 59 292 52 118 15 414 86 118 43 326 41 388 9 244 54 27
4022 22 286 53 26 11 79 74 371 10 383 45 147 78 246 55 419 99 124 35 64 89 20 34 33 48 324 70 156 67 225 84 71 2 294 1 269 69 274 28 54 77 181 66 183 51 266
4023 22 281 57 135 32 47 65 79 56 38 11 206 27 196 26 228 91 26 29 359 97 204 89 200 24 115 80 341 47 182 8 205 18 139 51 124 55 381 92 31 99 407 36 24 34 126
4024 22 265 14 87 48 370 75 447 95 191 28 37 37 159 46 294 26 37 94 252 91 25 32 385 7 75 33 115 62 209 50 340 60 14 35 52 3 131 42 80 19 330 90 64 73 417
4025 22 266 52 319 70 145 93 54 29 51 28 211 15 289 21 64 80 129 5 38 65 256 40 295 49 271 79 162 31 151 82 19 50 76 13 53 56 65 69 229 71 39 45 300 23 107
4026 22 309 58 188 62 200 84 63 22 251 41 234 81 191 64 14 12 413 42 276 68 347 91 299 17 119 71 6 63 271 78 88 79 35 77 392 36 12 54 358 94 193 37 156 8 98
4027 22 322 20 49 75 289 97 315 88 414 36 108 19 100 30 48 87 408 34 115 70 127 5 379 99 121 82 337 26 189 86 47 89 10 85 325 23 248 60 182 68 9 62 315 48 171
4028 22 285 1 362 72 20 88 77 48 28 27 68 9 13 95 99 98 43 37 57 78 273 81 2 23 342 36 390 53 449 57 200 69 357 61 343 21 375 28 147 94 138 59 40 8 82
4029 22 296 24 314 12 46 97 115 18 240 50 160 92 348 68 443 19 26 56 63 53 356 83 429 35 229 74 322 39 113 9 246 94 434 61 255 79 7 72 249 21 10 40 219 89 154
4030 22 266 38 1 6 145 33 186 79 363 59 252 3 371 60 198 16 393 8 23 73 417 44 323 65 314 84 304 34 62 74 215 27 124 72 321 57 199 67 52 37 11 53 5 77 28
4031 22 313 49 170 2 215 35 336 68 219 47 58 42 214 84 68 85 105 77 394 55 149 60 407 74 399 69 347 53 24 79 279 51 229 48 54 43 82 89 112 36 169 96 99 13 335
4032 22 308 9 341 30 65 41 290 73 15 90 92 61 392 67 241 70 269 69 269 72 11 2 261 56 198 91 201 48 347 15 232 5 55 62 121 96 3 92 337 74 233 55 414 54 373
4033 22 313 32 374 94 442 75 54 65 282 1 57 48 403 98 432 59 355 93 130 52 147 77 313 38 313 86 220 19 449 41 32 34 75 74 290 89 6 92 296 39 342 37 323 9 293
4034 22 303 67 40 44 163 66 308 2 380 93 23 48 393 97 338 24 144 73 48 69 412 88 426 56 183 15 47 33 3 21 341 95 437 82 290 51 447 52 376 41 26 75 33 22 262
4035 22 274 8 117 86 105 85 398 42 63 5 227 27 201 61 181 71 253 9 234 16 11 80 114 14 207 4 39 81 236 60 444 43 128 79 449 64 428 76 132 70 4 82 180 34 104
4036 22 280 34 260 64 267 27 374 98 340 87 356 93 425 36 380 81 274 15 60 74 379 39 418 54 221 37 208 4 69 8 102 53 171 71 29 97 68 21 83 24 115 60 61 45 147
4037 22 295 44 370 62 305 92 393 11 97 63 99 4 369 17 349 78 321 1 398 91 231 96 410 3 281 85 368 42 98 64 138 33 51 45 228 89 40 41 354 22 357 99 279 98 119
4038 22 218 27 194 29 79 24 115 48 15 12 61 4 52 44 307 98 273 87 313 40 342 53 288 63 11 31 263 90 177 10 10 5 105 88 133 30 255 33 246 16 293 2 120 38 358
4039 22 295 67 161 9 355 25 101 46 127 88 10 89 68 72 28 44 184 38 298 77 33 70 431 65 315 97 159 16 116 84 259 34 41 33 184 86 61 21 296 49 240 69 329 2 366
4040 22 277 85 242 44 17 11 125 33 175 73 94 93 340 40 17 2 13 84 387 51 46 59 248 96 349 16 224 86 318 41 20 39 21 61 421 45 233 14 389 22 255 58 146 56 159
4041 22 298 11 291 98 111 86 256 8 232 56 375 7 241 44 248 54 132 49 24 71 271 76 37 59 199 93 216 94 251 27 104 91 124 16 427 31 225 10 187 50 316 63 289 99 296
4042 22 253 89 72 60 342 64 248 53 364 40 420 58 390 98 413 31 173 29 59 4 55 68 392 83 368 49 296 9 297 43 47 18 282 8 312 47 55 16 361 95 35 20 186 33 182
4043 22 271 16 205 12 326 60 67 93 351 22 376 21 120 73 129 68 15 25 438 98 35 49 397 39 416 7 283 50 76 71 84 9 338 64 248 91 406 99 362 83 19 34 205 1 272
4044 22 302 75 88 71 9 38 167 98 403 73 432 55 150 52 88 11 390 78 35 53 226 25 160 26 436 43 46 21 349 94 222 22 218 93 279 1 159 76 405 84 357 59 435 61 47
4045 22 296 47 2 24 131 54 301 5 313 28 243 7 373 13 356 68 186 77 436 97 119 66 47 80 241 1 165 49 12 99 261 58 298 62 133 78 415 84 235 63 27 86 286 39 293
4046 22 224 53 177 70 90 73 140 5 371 21 247 35 446 84 436 6 41 83 120 26 312 34 261 46 15 23 122 3 8 63 245 13 341 16 202 58 209 78 5 55 313 2 39 50 360
4047 22 318 31 234 79 408 95 164 68 243 81 391 16 183 50 78 29 112 97 366 82 354 74 316 30 423 84 63 96 245 43 79 73 203 26 38 70 18 60 433 2 360 63 133 23 132
4048 22 246 79 438 64 382 13 231 14 395 53 361 30 265 56 74 60 337 48 262 12 435 31 181 55 193 4 275 38 278 57 118 66 322 51 30 2 65 76 357 77 305 71 284 28 282
4049 22 271 22 325 95 333 62 428 65 268 72 278 75 375 4 315 52 110 32 69 83 83 51 187 99 176 43 225 10 10 47 332 37 343 16 350 70 381 17 91 58 443 67 361 7 321
4050 22 284 73 289 39 105 41 343 71 369 85 447 1 300 6 62 48 437 50 390 53 399 62 183 67 402 42 160 21 404 16 391 26 356 81 183 78 72 75 100 92 112 96 42 13 202
4051 22 262 53 60 90 205 51 94 64 328 72 366 19 133 38 273 28 350 6 358 82 35 81 209 35 72 20 282 63 384 68 443 25 22 45 418 26 59 48 147 66 279 29 40 40 186
4052 22 220 49 123 20 30 81 406 1 252 88 266 35 322 83 229 46 156 26 216 34 113 30 61 80 10 25 20 90 266 9 275 14 183 47 293 52 446 17 341 11 154 13 395 32 10
4053 22 317 52 307 77 134 42 441 13 4 71 325 28 442 64 443 91 309 84 439 1 349 92 198 66 433 10 419 95 4 56 207 61 83 41 202 75 153 6 97 79 435 88 95 78 191
4054 22 263 85 338 75 373 40 375 16 288 98 347 60 294 3 214 59 74 84 101 25 410 56 82 7 384 19 196 28 148 37 14 35 361 88 124 4 411 77 101 10 338 97 364 51 148
4055 22 319 22 174 83 173 51 392 28 184 98 13 2 194 41 449 32 54 35 92 92 209 78 147 21 106 99 130 94 295 93 146 42 167 24 391 72 418 70 207 65 32 61 210 74 109
4056 22 239 91 230 96 84 73 4 14 19 24 271 17 406 16 162 50 12 5 216 33 179 58 406 27 162 12 311 22 424 34 433 66 265 30 102 87 283 67 155 8 87 74 115 53 235
4057 22 249 15 16 41 432 69 190 55 416 18 168 80 328 42 205 64 76 20 178 5 323 17 239 39 71 48 226 46 63 30 227 95 73 8 296 43 397 52 309 71 90 94 112 44 309
4058 22 324 39 65 95 440 55 35 78 127 83 405 73 97 84 302 30 426 32 325 19 131 26 229 47 247 18 40 60 213 1 251 79 39 97 318 93 82 96 169 66 2 91 212 36 395
4059 22 287 36 267 20 267 44 238 97 421 66 93 69 385 35 229 99 187 31 78 25 127 95 319 10 442 87 427 46 130 38 231 26 323 49 45 92 292 88 263 52 283 33 337 13 85
4060 22 263 55 43 14 81 22 211 99 31 2 37 58 299 18 247 79 343 72 230 40 363 23 324 87 327 36 120 15 54 32 350 10 125 65 440 48 375 90 30 27 37 77 244 86 158
4061 22 283 39 57 87 178 71 59 3 174 96 429 60 217 94 265 98 195 77 24 9 268 34 258 1 64 36 89 40 181 24 247 21 82 33 148 54 294 52 328 41 281 89 157 76 405
4062 22 260 4 372 83 28 32 51 50 165 60 50 28 297 89 370 29 164 66 50 48 401 99 1 44 101 30 184 33 18 42 160 25 395 31 257 24 412 9 74 79 320 75 8 63 377
4063 22 308 95 79 43 346 26 43 94 376 88 244 56 123 76 375 64 385 1 60 17 310 84 29 68 209 57 140 83 266 5 298 51 376 85 46 29 190 78 318 35 133 90 313 10 105
4064 22 281 49 162 64 366 21 299 96 291 7 254 80 42 69 336 39 261 87 316 47 134 66 127 75 443 94 410 28 35 24 339 72 50 55 87 23 203 84 413 12 387 5 6 29 345
4065 22 286 18 417 60 15 51 375 43 25 19 239 86 198 23 359 38 412 33 240 68 219 62 172 5 376 83 341 69 437 98 299 16 266 92 332 74 44 39 312 80 336 37 40 50 172
4066 22 294 13 117 93 226 88 397 1 373 87 121 61 235 21 344 52 286 85 433 5 153 8 349 91 22 78 228 58 17 3 407 89 167 23 181 92 412 29 144 84 15 64 295 51 285
4067 22 254 38 402 72 222 84 27 26 94 75 266 65 404 46 322 48 278 60 115 2 442 6 363 47 237 17 91 37 3 80 91 25 101 53 129 69 229 33 182 91 154 39 33 5 36
4068 22 304 8 312 49 280 63 195 18 230 37 256 32 216 96 8 68 422 60 46 90 90 92 25 71 184 80 76 72 315 40 426 50 199 38 298 78 2 44 145 31 32 53 13 47 348
4069 22 267 22 217 69 332 64 61 23 355 37 294 89 366 21 362 80 112 40 130 10 279 79 390 86 113 6 138 25 55 98 271 34 68 2 91 4 47 81 172 67 194 51 128 83 132
4070 22 268 39 13 63 428 43 387 64 405 42 303 81 196 38 378 68 346 9 254 62 396 19 410 78 390 21 392 7 156 76 245 18 338 75 62 74 440 67 292 13 232 32 127 85 141
4071 22 279 51 132 11 210 59 402 39 330 96 45 87 71 41 254 60 165 68 335 4 435 98 287 15 279 64 99 7 403 35 199 55 417 62 66 75 163 54 204 8 398 92 230 38 146
4072 22 287 41 55 15 175 8 151 28 255 87 344 85 52 92 141 54 329 42 258 95 153 23 169 67 278 75 77 25 316 56 115 13 199 19 177 78 328 52 233 66 48 68 91 62 23
4073 22 254 19 103 81 263 57 205 34 223 35 8 49 309 25 207 38 405 43 216 29 171 95 83 55 61 30 423 28 220 41 288 32 105 44 189 67 325 97 267 83 122 23 260 11 427
4074 22 206 2 428 8 224 73 40 28 235 69 253 64 440 38 415 30 328 99 335 21 189 24 439 13 271 58 297 42 330 6 154 59 160 81 316 33 305 5 213 41 73 17 4 14 54
4075 22 279 71 396 31 419 82 4 57 405 94 271 25 351 67 218 73 371 89 382 2 56 16 408 10 180 99 84 96 154 47 352 24 142 84 194 23 389 52 428 33 222 4 333 39 22
4076 22 258 65 163 42 355 46 45 10 113 5 421 93 153 4 88 8 303 41 82 44 375 27 69 63 279 98 347 50 351 30 440 74 446 54 418 51 349 62 362 64 118 83 356 20 438
4077 22 285 95 230 40 86 11 336 12 239 54 426 67 103 73 117 55 154 8 29 99 362 96 101 9 65 75 177 82 48 36 377 77 276 64 189 27 428 16 152 94 268 24 212 29 422
4078 22 260 52 378 83 449 80 246 8 144 73 286 42 104 78 82 12 5 97 2 15 373 29 330 27 75 99 150 88 122 79 309 26 358 43 124 37 91 33 313 20 376 18 55 3 100
4079 22 301 66 57 96 267 73 271 48 204 97 372 52 148 61 126 28 170 51 35 64 426 74 104 9 308 16 328 83 36 82 338 85 249 44 32 18 269 2 415 22 248 38 26 98 203
4080 22 243 75 19 53 212 83 428 37 188 38 194 6 168 28 241 51 365 27 400 61 8 67 179 60 83 2 159 20 277 8 319 81 333 88 83 46 422 63 32 11 402 16 119 54 258
4081 22 275 20 219 84 271 79 242 39 307 53 21 60 363 40 39 21 410 19 55 47 202 66 231 31 317 59 98 86 412 8 307 30 191 77 308 67 216 88 137 26 203 78 414 25 187
4082 22 247 82 31 36 335 30 7 50 62 37 117 20 237 4 131 46 62 13 436 40 220 72 356 86 361 92 361 15 321 74 89 57 7 21 194 51 141 63 339 59 284 25 12 17 370
4083 22 279 25 379 58 364 81 269 85 43 12 147 32 72 48 341 79 69 84 420 70 284 62 185 73 21 18 349 34 86 71 209 66 330 22 266 60 443 2 2 54 251 11 188 72 159
4084 22 280 30 2 27 213 71 296 99 133 80 323 5 100 38 237 93 46 53 22 18 170 83 212 37 167 23 347 54 395 57 33 96 333 48 419 31 396 3 312 68 357 63 90 44 250
4085 22 295 83 240 54 306 9 323 89 220 45 425 36 218 23 342 14 30 76 211 62 325 79 194 72 331 58 191 87 120 81 33 21 115 22 124 20 332 48 308 53 245 84 88 64 257
4086 22 312 81 329 86 59 89 249 83 320 43 255 45 39 71 327 73 242 91 394 17 13 27 67 70 29 61 256 18 426 12 199 4 347 59 392 95 241 63 189 40 92 53 161 68 275
4087 22 326 54 11 70 420 73 146 86 394 74 398 99 341 25 260 41 278 58 449 72 405 92 134 45 336 48 85 29 2 95 49 28 300 59 147 69 133 44 357 76 119 56 327 12 383
4088 22 240 88 202 60 396 3 83 2 94 69 146 31 118 82 60 20 128 99 427 18 248 48 350 91 204 27 312 61 353 23 93 41 124 5 88 28 39 21 307 36 102 63 146 45 372
4089 22 316 96 172 91 43 71 142 34 274 68 45 36 123 19 181 65 194 85 352 72 123 92 242 82 279 95 58 48 209 5 143 16 372 43 436 28 311 24 398 57 442 73 237 64 224
4090 22 270 8 439 17 252 20 95 98 129 95 7 83 237 40 34 54 214 28 241 7 153 12 132 50 270 23 280 92 412 93 417 19 133 85 170 32 20 26 78 66 364 52 169 80 129
4091 22 282 59 10 86 163 23 367 62 145 42 143 38 53 88 305 70 139 93 174 64 55 47 341 73 160 57 374 78 339 2 338 39 50 22 308 14 418 99 56 6 53 43 160 25 365
4092 22 280 50 319 88 72 32 194 18 22 66 28 81 141 57 221 43 295 20 133 44 443 90 257 61 440 65 266 94 257 77 169 71 428 39 310 49 273 4 419 46 271 26 412 2 448
4093 22 278 56 298 17 338 42 212 30 448 22 421 62 39 15 221 67 233 43 94 23 355 93 195 60 111 91 280 8 318 61 316 59 84 88 252 95 419 1 68 89 265 58 3 35 274
4094 22 256 87 79 68 210 33 112 6 442 74 96 24 431 64 218 93 279 3 362 7 54 9 325 55 326 15 169 34 370 56 385 76 17 23 411 60 118 86 242 54 435 61 23 39 375
4095 22 324 79 343 83 305 47 110 19 17 95 88 73 104 96 257 64 226 18 436 89 179 56 124 88 279 9 301 51 347 75 281 39 9 85 87 4 155 65 443 27 18 38 284 98 302
4096 22 286 59 417 39 297 96 96 73 220 86 353 28 286 54 174 12 34 65 172 71 153 41 74 8 255 16 334 72 6 67 322 26 288 97 124 35 343 99 81 4 307 76 389 23 47
4097 22 262 59 75 39 284 82 244 16 117 57 34 88 315 11 276 35 310 5 182 64 434 32 246 48 135 54 125 76 76 73 284 3 212 70 186 55 121 51 121 77 87 9 391 47 436
4098 22 254 53 433 45 158 15 10 93 446 8 391 33 11 89 288 43 101 62 128 5 32 81 277 10 267 85 100 72 203 48 267 28 154 7 237 46 139 13 48 88 152 91 432 2 204
4099 22 284 59 356 38 289 82 447 7 169 47 422 90 351 69 8 64 180 88 174 67 379 23 129 76 62 30 268 43 81 22 204 11 42 21 357 51 439 55 222 81 405 92 188 20 273
4100 22 280 27 39 12 351 7 440 25 85 18 37 14 285 81 46 8 334 35 268 78 405 80 394 51 124 86 144 63 207 66 90 97 27 92 253 19 16 87 86 54 302 22 287 99 382
4101 22 301 20 83 51 199 88 79 28 33 10 130 58 197 75 120 3 290 61 250 69 354 54 39 72 43 26 75 96 147 11 345 80 133 79 433 83 66 63 150 92 357 66 69 21 410
4102 22 325 91 22 78 295 25 418 66 219 93 392 65 342 5 59 71 37 37 55 21 205 68 33 56 137 27 313 45 391 77 254 83 148 84 227 24 151 94 93 44 36 57 237 92 367
4103 22 259 9 80 55 364 50 311 81 185 17 269 11 181 75 307 71 351 60 105 95 332 26 98 27 170 93 114 78 229 5 394 87 184 52 284 63 184 20 229 3 30 29 336 31 180
4104 22 288 47 235 81 392 68 356 91 195 75 83 8 102 61 413 99 198 49 51 33 161 34 152 41 288 1 117 31 348 67 417 28 210 85 186 50 381 60 382 38 414 44 252 62 292
4105 22 266 52 362 44 134 72 230 36 114 17 68 64 183 88 244 32 4 63 360 13 397 45 62 77 406 66 421 20 135 81 71 46 175 6 170 54 91 33 20 61 397 55 448 42 438
4106 22 298 1 54 97 213 50 43 26 378 70 146 23 309 67 259 89 287 5 263 42 76 66 235 58 288 95 356 94 44 48 131 51 80 53 122 35 232 24 206 77 349 64 143 57 152
4107 22 235 31 63 65 175 38 232 11 46 69 57 1 264 50 150 45 195 51 24 4 153 47 338 36 23 93 363 21 208 7 129 59 190 42 375 66 329 57 426 26 277 32 429 91 183
4108 22 255 78 35 27 28 10 30 82 358 19 218 30 113 2 320 40 31 80 79 72 205 46 100 11 71 28 239 4 106 29 336 83 415 62 313 76 343 96 34 13 363 65 77 67 448
4109 22 246 86 449 28 166 20 84 64 371 44 384 48 284 88 205 63 25 29 339 2 305 83 47 96 12 4 324 7 320 22 244 18 149 62 139 34 325 60 159 99 416 24 24 5 53
4110 22 320 62 356 9 194 54 348 91 15 51 315 74 223 38 69 42 438 30 281 71 6 92 149 66 152 60 314 17 236 89 173 40 352 78 298 98 82 95 138 45 54 69 291 11 278
4111 22 300 21 291 48 127 84 246 92 37 6 357 56 341 96 378 32 249 58 129 46 139 73 136 38 419 89 259 82 300 59 420 75 304 13 11 68 403 43 348 5 414 45 338 74 32
4112 22 311 7 114 42 196 95 191 47 104 61 388 64 256 12 67 76 130 94 196 84 36 43 420 78 99 33 68 71 391 29 55 18 426 51 10 22 404 70 59 67 28 86 24 97 17
4113 22 243 67 92 52 204 86 171 83 386 56 151 30 426 43 106 6 249 75 233 50 384 54 105 64 324 33 187 9 206 77 374 28 127 14 149 11 450 63 229 31 156 36 138 4 362
4114 22 239 20 105 46 325 10 53 40 83 35 126 93 42 60 69 15 88 48 143 2 298 53 203 3 416 33 135 73 419 72 178 82 243 79 169 42 331 58 176 18 156 45 138 32 287
4115 22 339 66 385 35 371 87 389 38 222 74 110 92 397 37 173 40 171 52 410 62 332 68 439 99 352 56 256 96 195 28 230 82 343 64 218 15 353 81 361 65 228 50 87 69 420
4116 22 287 40 428 84 74 97 222 22 449 30 377 96 24 56 275 7 351 91 324 15 393 82 17 18 362 79 84 28 222 59 250 62 239 33 435 85 306 6 385 35 84 81 211 42 307
4117 22 230 19 442 97 295 56 341 26 274 58 339 5 91 30 82 13 340 33 224 28 17 10 13 23 417 49 59 52 429 21 193 88 240 34 234 84 442 25 61 15 132 99 171 55 137
4118 22 302 20 237 62 97 4 221 11 178 89 160 38 340 40 159 33 77 98 318 81 309 87 143 26 168 91 346 44 171 50 180 90 437 93 236 92 15 99 71 3 158 10 195 49 118
4119 22 275 27 26 65 144 38 147 55 424 89 230 43 432 87 152 77 416 11 180 8 225 28 430 37 389 22 336 57 100 61 173 95 350 49 323 62 180 67 243 7 353 46 335 71 390
4120 22 324 99 131 70 208 5 297 37 434 86 177 57 171 33 356 83 8 3 32 79 151 56 242 22 87 89 425 34 225 97 74 73 77 43 332 91 120 17 376 46 273 98 131 81 280
4121 22 305 88 33 63 118 85 318 61 167 40 47 7 416 31 281 62 306 5 438 98 286 22 190 38 168 53 413 65 35 95 145 74 277 91 113 25 353 80 366 81 182 19 242 37 173
4122 22 201 31 136 61 352 25 119 42 42 71 4 57 57 98 103 30 126 11 222 38 187 75 119 2 126 7 432 43 49 5 80 4 280 48 302 53 6 9 350 8 240 27 318 62 314
4123 22 229 5 136 33 156 61 91 40 117 15 14 65 119 92 228 27 145 9 224 94 410 28 249 20 277 56 160 55 276 71 268 30 358 2 87 18 392 78 336 58 394 48 425 14 189
4124 22 301 54 290 85 362 15 179 73 42 27 345 70 385 24 210 76 193 41 235 47 279 90 157 89 448 52 388 74 265 78 277 4 112 88 218 92 162 11 319 56 282 5 161 55 64
4125 22 286 88 399 56 272 45 84 25 135 42 215 34 443 52 259 57 381 85 412 43 324 81 436 35 91 91 372 60 303 28 273 79 130 62 173 64 437 9 107 3 92 50 7 58 387
4126 22 251 36 370 29 359 2 17 46 345 22 138 18 132 90 446 56 330 24 136 94 348 49 132 7 57 34 400 6 390 52 166 27 439 37 357 98 338 73 395 82 295 28 123 97 33
4127 22 288 55 322 68 148 69 118 31 77 25 264 79 382 56 32 97 132 20 233 40 419 23 65 63 404 11 46 38 221 51 72 77 122 92 76 43 11 6 71 35 271 99 169 76 180
4128 22 268 17 259 2 401 68 324 65 133 79 27 30 434 16 52 84 137 80 408 55 350 41 62 72 277 33 223 47 10 64 269 53 65 21 423 40 285 7 318 63 438 51 428 87 166
4129 22 264 19 146 98 126 95 288 89 118 16 121 40 213 81 344 26 1 42 271 22 231 57 328 68 1 48 407 39 315 77 334 12 204 80 399 43 97 17 165 37 379 47 382 4 347
4130 22 312 79 295 19 251 77 427 80 224 97 97 26 194 53 14 11 132 49 222 87 378 23 379 25 389 96 63 17 42 94 422 41 72 68 209 24 444 86 104 69 282 50 95 78 305
4131 22 299 10 188 88 109 61 424 38 233 55 112 73 100 26 141 43 271 12 183 95 429 94 318 74 231 21 293 64 223 89 191 77 148 80 114 8 441 46 275 59 48 44 335 39 207
4132 22 282 52 221 1 382 14 71 56 46 43 248 60 315 38 402 93 435 32 158 24 297 88 300 91 398 97 287 82 137 77 91 41 419 63 363 76 8 6 223 69 372 10 171 15 97
4133 22 276 4 124 91 127 22 280 76 65 27 375 51 111 61 329 1 150 75 43 68 39 56 94 99 13 19 384 30 89 78 242 74 168 20 45 97 448 59 275 24 61 35 86 39 135
4134 22 262 35 16 28 404 6 133 49 256 47 69 75 130 50 263 80 327 7 105 46 128 99 92 77 310 68 150 70 353 61 37 21 376 16 25 31 450 39 196 43 63 76 392 25 407
4135 22 274 18 33 11 363 61 261 56 337 70 76 89 92 78 323 52 66 96 377 82 20 59 383 97 129 39 409 6 32 86 64 20 176 14 130 22 69 8 447 57 249 26 81 50 91
4136 22 226 26 228 24 147 36 407 95 185 37 33 45 244 14 132 9 415 2 84 31 283 71 202 1 278 28 275 92 377 67 369 6 441 16 442 49 112 78 187 94 24 30 259 56 338
4137 22 216 24 257 23 106 89 143 9 42 8 150 50 34 41 129 10 334 92 427 77 92 38 206 28 283 80 309 35 196 16 191 20 21 31 413 81 372 40 72 36 223 14 366 25 373
4138 22 349 50 368 51 228 60 38 84 339 70 213 48 13 97 445 30 389 65 53 69 227 83 191 63 223 14 50 27 416 73 352 41 302 94 352 92 27 90 313 39 437 75 437 82 357
4139 22 331 77 246 59 246 74 441 38 336 63 403 85 312 29 402 84 282 16 74 34 262 75 127 17 439 53 366 15 286 72 92 31 230 89 206 70 28 91 35 80 78 96 308 79 129
4140 22 290 42 247 55 325 8 281 3 397 97 41 25 402 6 242 87 279 83 370 58 323 80 350 68 364 79 397 11 238 77 439 75 295 5 434 76 407 31 274 98 5 64 284 32 35
4141 22 276 93 104 9 272 53 426 87 383 74 97 73 1 38 201 25 432 8 309 59 114 89 433 63 295 70 143 5 374 58 47 30 169 69 134 46 105 17 170 4 289 41 91 94 424
4142 22 274 98 404 35 414 92 219 26 89 27 397 31 3 51 206 10 98 28 18 69 376 74 87 45 29 25 264 67 359 65 313 79 278 6 397 5 246 52 26 77 54 84 39 53 118
4143 22 209 18 220 38 143 46 224 87 24 50 102 95 267 63 39 33 427 17 62 34 215 16 380 39 69 7 266 25 290 6 377 60 123 49 199 66 194 23 104 19 224 8 365 40 372
4144 22 274 3 222 98 221 35 31 85 3 60 276 21 19 91 297 48 224 19 170 74 118 87 217 42 193 37 365 2 2 57 423 56 280 20 227 15 402 63 167 14 88 89 432 80 188
4145 22 268 91 277 11 312 49 434 81 137 2 172 29 390 38 380 46 352 99 78 23 225 92 225 39 10 21 8 37 111 87 99 72 437 34 2 73 385 25 54 77 415 35 317 12 439
4146 22 263 65 289 13 141 32 87 43 326 60 93 46 119 31 207 57 330 80 43 63 284 68 450 21 376 26 357 44 338 97 211 10 403 84 102 24 345 94 369 14 27 77 70 6 9
4147 22 278 65 420 92 382 21 3 4 448 29 160 42 68 7 104 95 366 58 204 13 342 56 188 88 101 57 301 77 335 23 84 93 137 6 236 18 126 91 321 76 419 82 69 22 382
4148 22 282 55 279 38 70 72 43 7 60 93 415 12 322 52 384 44 70 32 189 22 59 65 392 43 83 79 380 54 12 37 134 49 258 56 293 66 17 86 81 78 359 64 313 27 85
4149 22 259 77 358 24 264 31 384 78 272 26 412 52 108 15 416 96 400 64 103 5 7 20 373 94 402 1 402 83 366 16 262 50 342 71 325 57 102 9 86 75 436 47 379 45 313
4150 22 283 94 440 63 109 19 115 14 92 10 365 13 350 9 131 58 74 83 335 81 136 43 418 80 67 93 325 29 36 16 243 62 311 75 105 72 41 48 335 90 158 65 204 17 88
4151 22 254 89 51 20 374 45 440 38 425 6 280 1 36 67 266 81 61 77 344 23 1 48 94 42 197 30 33 46 289 74 236 25 257 52 71 90 45 3 71 97 441 13 373 50 189
4152 22 296 66 72 92 315 17 335 63 299 19 68 44 257 41 179 35 67 86 437 38 283 28 234 98 231 78 285 95 150 36 335 15 109 31 326 62 443 74 83 60 169 39 352 69 385
4153 22 257 12 158 17 89 43 4 36 275 31 273 19 432 10 306 98 419 83 328 44 95 20 69 29 431 89 117 86 442 3 120 60 389 93 104 42 431 79 225 49 206 54 204 32 237
4154 22 335 81 425 33 401 95 161 31 384 79 315 21 373 67 343 77 328 70 432 74 250 62 48 4 310 6 267 64 59 99 300 91 425 84 193 72 46 26 55 90 277 96 309 19 123
4155 22 288 38 51 42 219 25 243 30 424 46 40 79 214 55 389 62 56 80 137 89 374 58 384 99 364 9 191 5 49 13 379 86 63 22 107 39 164 88 413 61 429 43 324 85 232
4156 22 277 38 240 63 224 78 336 33 113 35 48 22 227 89 278 75 301 58 162 64 179 70 404 94 260 66 106 40 209 81 25 18 264 2 341 44 339 25 158 23 72 29 99 61 58
4157 22 281 75 263 15 189 76 95 60 130 90 369 47 195 9 357 85 346 93 98 99 286 88 310 1 162 82 81 63 344 91 339 6 55 27 384 2 187 7 263 38 417 20 313 51 117
4158 22 330 57 349 68 92 93 305 4 393 85 76 82 330 16 321 87 372 97 20 73 185 86 16 94 449 53 360 70 415 11 336 21 111 15 203 59 368 48 429 54 273 60 233 88 280
4159 22 305 69 9 79 391 84 65 78 199 58 228 51 368 97 265 28 333 87 188 1 442 46 420 39 174 23 11 83 157 50 15 61 293 70 394 59 247 42 417 75 442 34 73 6 13
4160 22 300 5 394 2 344 97 243 89 416 84 314 41 96 46 47 96 62 26 6 56 245 99 365 42 90 31 118 83 266 90 440 28 197 29 142 73 230 49 406 93 339 37 349 4 163
4161 22 230 4 209 57 354 73 50 45 3 17 177 18 409 66 147 25 348 31 148 79 129 5 323 67 206 64 3 6 317 9 76 74 14 98 223 58 253 92 286 22 2 1 269 10 151
4162 22 252 95 209 83 294 37 11 49 311 79 256 74 133 12 241 50 72 66 125 38 115 97 247 67 390 41 443 35 359 2 337 5 62 69 349 29 399 10 307 6 284 40 269 24 391
4163 22 262 93 389 15 80 3 411 76 22 10 112 47 145 72 301 31 126 12 250 80 76 21 387 34 154 78 202 27 368 94 217 32 275 22 444 51 343 48 212 56 445 95 439 54 206
4164 22 304 90 380 69 369 57 90 55 440 45 334 92 72 53 387 84 212 11 330 14 155 77 175 60 373 33 388 17 173 75 12 73 295 80 279 36 287 71 281 70 62 4 23 50 293
4165 22 274 58 313 56 237 26 260 16 53 72 140 87 9 7 409 52 433 20 74 79 349 5 315 85 275 95 407 88 98 81 39 42 440 2 97 29 177 9 444 80 133 19 90 91 77
4166 22 272 44 125 46 119 54 447 23 318 33 399 14 241 88 161 71 427 4 313 78 301 41 106 61 186 89 392 20 107 31 63 86 76 37 333 45 242 79 319 64 268 74 404 7 436
4167 22 316 77 285 40 139 64 92 81 320 52 66 60 343 35 16 25 47 51 51 86 134 95 129 65 290 79 432 33 291 53 111 44 301 89 87 38 298 71 432 82 288 8 381 39 58
4168 22 234 68 274 4 396 39 69 37 218 52 402 2 444 6 214 71 99 14 59 35 296 70 274 93 140 7 26 27 314 56 117 24 223 92 379 21 433 99 57 51 60 53 196 15 66
4169 22 289 66 365 79 424 1 424 45 26 68 136 82 193 15 248 49 333 71 423 75 201 95 359 52 108 2 413 12 197 80 77 63 144 7 138 47 282 83 424 70 306 41 434 55 391
4170 22 257 67 427 16 243 77 210 1 426 13 310 29 76 71 226 57 397 88 50 5 25 48 86 59 422 86 429 26 14 83 319 30 61 74 237 47 324 15 260 33 293 37 53 68 293
4171 22 226 1 7 94 357 84 444 42 242 15 127 22 345 5 286 29 425 67 39 60 391 25 6 66 141 17 49 34 305 53 103 49 256 43 162 95 136 56 36 2 384 10 98 38 247
4172 22 268 76 14 13 114 23 5 90 381 71 131 49 421 66 154 73 320 54 430 29 96 92 223 83 399 11 36 32 272 22 68 10 385 30 373 60 137 65 292 9 95 62 397 53 181
4173 22 289 51 183 12 446 26 36 81 324 96 366 7 167 28 286 60 165 18 335 76 104 99 367 95 108 92 306 55 444 38 405 78 299 2 153 35 384 82 300 37 51 52 166 36 413
4174 22 269 80 303 97 405 8 197 21 221 41 31 62 98 37 6 86 143 35 34 94 438 20 78 67 252 29 53 2 32 19 239 50 92 43 105 1 89 77 372 82 109 33 31 95 440
4175 22 269 18 387 25 354 33 314 23 262 80 124 92 85 77 323 5 318 68 54 11 260 10 161 99 289 82 282 97 67 12 244 56 182 32 85 14 245 7 227 83 68 63 211 90 317
4176 22 322 28 308 72 88 19 234 49 119 82 400 20 448 64 313 56 45 45 37 29 60 84 137 87 212 69 354 74 30 96 92 59 203 15 247 71 400 97 40 78 41 91 78 6 5
4177 22 236 33 450 49 271 30 159 6 369 45 19 37 348 42 268 93 335 27 47 52 223 20 1 19 111 74 398 53 164 25 159 9 210 69 132 90 79 10 73 46 22 99 416 17 86
4178 22 304 92 415 39 216 84 189 36 146 14 135 99 79 60 57 49 20 16 167 51 257 95 38 66 369 45 314 43 279 8 280 72 273 68 89 9 224 54 122 58 404 69 10 89 327
4179 22 228 67 289 36 113 78 403 33 372 16 74 17 146 32 396 56 16 55 165 26 330 20 447 40 173 49 408 34 349 48 163 65 437 29 416 61 338 68 35 6 313 3 280 75 120
4180 22 257 36 39 45 266 61 442 5 33 92 114 69 191 12 31 7 300 80 286 65 331 48 204 98 384 59 361 51 364 42 327 33 177 18 28 94 278 21 148 14 230 54 125 26 343
4181 22 273 48 342 74 347 96 271 31 406 83 283 71 24 10 404 53 179 81 296 56 103 67 14 9 199 70 85 62 330 5 379 3 228 75 148 57 156 35 440 26 408 51 81 29 61
4182 22 216 56 436 65 153 2 229 11 152 50 145 14 431 18 359 58 97 85 108 98 444 15 182 35 442 42 287 73 3 17 185 10 252 12 205 30 322 57 279 68 222 9 425 39 219
4183 22 326 85 187 55 94 86 48 58 218 82 1 59 368 73 411 34 258 71 37 42 38 56 200 18 375 78 350 61 446 49 102 77 334 50 386 51 283 53 61 74 38 20 194 75 178
4184 22 210 77 316 17 434 86 359 87 13 8 199 10 143 47 161 21 380 12 56 31 247 43 193 99 103 16 86 24 111 53 238 23 245 6 181 20 40 29 131 32 177 92 302 7 255
4185 22 286 9 189 1 2 31 151 56 247 87 230 57 448 84 196 77 305 19 371 10 251 52 332 91 382 62 74 11 355 78 267 60 386 5 262 89 385 63 145 81 251 76 140 48 161
4186 22 252 85 374 15 405 45 275 6 148 58 98 31 219 73 291 24 200 57 283 36 163 46 124 48 108 20 330 8 347 21 208 72 412 27 398 69 174 5 316 76 89 97 99 90 356
4187 22 248 33 25 18 128 1 217 38 122 49 247 71 219 4 180 26 135 3 240 13 303 58 439 59 376 95 34 66 143 32 405 48 114 94 284 86 131 7 186 27 77 83 256 84 169
4188 22 278 11 73 81 13 31 369 71 58 13 105 73 8 88 129 55 4 10 274 97 45 62 29 52 47 5 128 53 439 36 337 7 198 61 88 43 6 32 200 74 328 76 53 84 381
4189 22 207 14 310 27 309 21 255 10 269 61 89 24 250 76 312 6 323 72 95 34 15 3 16 16 23 53 190 2 430 94 437 7 296 88 17 68 442 78 337 5 119 56 244 13 169
4190 22 302 44 258 52 58 60 369 74 34 22 115 37 3 8 23 63 116 69 100 83 438 94 162 26 50 30 237 57 126 7 419 3 278 97 60 89 168 85 374 91 151 43 160 76 353
4191 22 264 7 10 92 2 21 318 53 53 4 359 78 63 29 73 65 259 71 176 99 38 13 73 63 84 73 125 18 179 22 37 61 14 38 233 31 140 35 36 50 64 48 29 86 214
4192 22 255 37 7 40 435 96 204 9 376 66 193 98 292 12 126 41 434 13 303 99 252 86 431 44 370 93 434 14 173 21 327 11 229 68 98 25 71 6 250 89 450 30 414 24 373
4193 22 341 97 138 75 445 42 362 85 334 92 129 67 155 52 89 34 414 20 3 11 244 76 319 45 364 95 45 83 318 19 331 58 244 77 49 5 351 88 445 63 406 99 116 84 80
4194 22 280 16 339 90 311 64 60 7 429 30 401 23 364 70 94 95 429 87 171 77 93 74 111 83 118 40 318 39 338 54 120 55 92 12 265 57 371 35 402 9 316 45 302 60 173
4195 22 286 40 332 52 385 55 362 69 122 87 410 78 298 93 447 2 336 10 119 42 281 41 228 84 316 36 149 60 340 34 129 85 63 96 49 31 318 37 191 9 264 90 153 13 341
4196 22 288 38 222 9 131 4 450 58 388 17 343 88 426 82 448 61 413 89 448 25 436 96 308 5 432 50 263 98 241 10 131 54 433 42 236 39 243 93 128 59 88 65 186 71 262
4197 22 258 46 333 52 43 10 38 90 319 92 122 70 257 71 260 73 180 79 214 33 164 27 359 29 237 48 346 22 418 57 70 3 261 14 364 4 284 91 27 53 149 47 112 24 278
4198 22 291 55 402 43 338 67 47 66 127 27 203 24 22 76 142 81 295 96 41 61 9 40 416 42 282 92 196 33 90 57 56 19 11 9 113 50 225 59 418 52 286 70 75 45 268
4199 22 271 37 292 15 179 52 423 68 317 66 2 10 61 34 51 19 89 21 32 97 183 83 423 92 450 26 229 53 85 16 320 74 7 35 402 59 122 28 227 75 289 87 208 39 256
4200 22 267 48 409 39 96 43 371 18 136 71 46 14 141 51 358 19 274 66 303 77 375 64 450 54 440 24 142 26 381 32 133 30 92 73 425 85 444 95 420 16 140 36 158 89 436
4201 22 297 16 307 61 83 60 189 75 189 13 414 14 107 91 345 38 26 26 280 98 303 64 143 97 135 10 138 72 370 9 37 84 19 69 95 28 69 93 84 99 375 36 2 35 265
4202 22 212 51 87 30 346 85 167 7 274 38 26 47 62 34 67 33 279 76 410 97 427 4 431 40 402 60 234 62 372 6 400 14 279 37 291 29 285 5 313 2 187 43 279 48 89
4203 22 235 8 352 21 297 53 129 98 292 38 132 46 350 79 58 11 330 23 441 18 216 70 3 20 34 6 408 26 286 7 366 93 108 37 41 63 217 89 356 57 122 1 358 76 381
4204 22 256 65 336 12 340 27 30 55 48 34 274 83 91 33 410 28 39 75 121 49 413 63 263 82 203 18 188 74 221 45 100 1 111 35 65 13 94 54 12 79 429 94 371 5 348
4205 22 265 2 82 20 100 94 283 12 275 37 79 64 411 51 158 60 52 21 96 68 320 11 261 26 72 91 56 63 369 24 410 72 105 82 421 49 364 84 25 62 415 50 123 18 220
4206 22 271 19 235 42 331 97 167 54 187 74 323 1 244 10 115 51 341 87 201 6 70 78 358 34 418 71 150 17 94 14 53 28 244 49 446 47 387 72 237 67 68 96 281 70 439
4207 22 255 68 321 96 89 50 305 74 167 76 423 85 369 41 171 32 293 25 441 47 373 27 420 46 215 36 213 13 18 35 301 7 248 56 103 49 274 78 424 8 296 14 131 59 182
4208 22 226 3 99 31 227 78 250 23 292 87 187 6 4 73 56 41 29 16 84 8 166 9 385 89 317 32 405 47 10 13 230 12 213 60 90 40 309 62 184 45 251 39 299 91 2
4209 22 249 4 106 37 11 21 96 47 12 14 278 68 10 87 80 41 150 94 351 89 236 11 303 71 158 55 409 6 127 7 448 30 112 53 369 72 425 64 170 38 27 5 88 85 186
4210 22 263 28 86 30 330 27 315 91 229 85 298 35 345 55 163 4 352 43 115 6 261 89 30 76 8 20 404 57 174 93 360 22 79 41 402 5 407 92 285 19 237 95 431 42 246
4211 22 247 25 407 1 237 47 382 64 304 67 412 9 405 36 333 83 278 84 89 34 375 23 126 15 243 62 259 75 256 56 200 14 406 60 337 38 318 27 214 79 381 61 413 28 346
4212 22 300 51 61 70 25 88 236 17 201 96 91 56 201 42 269 6 380 28 94 81 445 83 50 21 296 48 240 15 175 35 17 87 6 41 74 91 359 27 388 82 138 93 203 45 374
4213 22 330 82 41 54 176 73 103 96 21 83 46 68 174 60 145 9 28 81 366 7 157 76 433 79 366 84 73 80 446 50 270 1 25 95 255 21 15 89 268 34 363 30 128 71 307
4214 22 268 61 136 25 319 44 402 51 40 82 216 75 154 84 206 99 235 76 301 9 72 6 429 88 294 21 206 28 301 78 434 13 216 60 381 11 414 33 252 45 100 49 433 34 399
4215 22 293 67 61 50 78 82 407 8 269 6 389 33 291 37 119 53 404 28 335 15 93 68 190 96 440 1 179 38 120 89 239 99 370 45 356 97 312 78 156 71 344 64 25 48 244
4216 22 284 10 14 86 128 81 127 46 176 16 349 56 54 70 246 44 318 17 141 73 6 89 136 36 446 32 306 39 297 80 186 90 291 51 28 69 232 4 16 59 270 64 17 25 35
4217 22 297 62 320 52 81 60 177 36 248 64 321 43 97 76 184 94 108 71 85 48 222 14 418 53 370 34 11 41 399 29 217 91 86 37 421 96 165 8 395 79 240 27 206 75 170
4218 22 264 13 445 7 313 66 20 80 218 89 263 81 231 14 411 97 247 51 83 35 323 31 174 61 15 6 268 78 183 34 384 95 301 3 324 69 394 39 401 24 2 21 300 64 253
4219 22 312 84 188 35 220 57 216 80 324 72 48 64 201 97 134 26 298 38 199 68 81 89 420 92 382 29 341 47 383 77 435 16 111 4 324 36 197 85 161 52 364 59 385 41 108
4220 22 268 72 91 77 205 80 96 13 121 41 64 26 123 40 362 2 116 63 180 53 260 81 337 32 302 30 18 92 338 42 232 64 398 61 162 10 34 43 302 47 168 38 132 65 39
4221 22 283 99 277 69 51 88 51 87 159 33 238 41 152 29 328 43 212 40 125 6 299 58 448 2 306 68 227 93 349 91 183 47 320 3 299 57 54 35 218 24 208 89 54 32 265
4222 22 266 29 23 91 235 24 200 34 125 55 51 52 199 49 394 47 263 36 97 72 91 81 89 78 6 46 219 59 432 2 376 12 24 66 398 32 124 75 23 33 20 56 81 35 441
4223 22 272 78 206 34 110 96 13 66 191 81 226 24 284 3 335 58 171 33 306 86 116 79 109 47 55 31 281 77 188 62 11 39 268 14 250 63 376 17 405 9 193 30 42 64 401
4224 22 251 67 448 7 54 63 287 65 112 94 345 92 70 85 355 32 365 43 399 78 295 13 255 11 117 55 346 2 61 5 270 24 275 52 88 86 197 34 380 18 220 49 134 29 449
4225 22 249 63 173 11 268 33 277 80 90 24 334 93 336 91 12 96 305 87 271 56 76 58 304 60 187 21 381 15 349 19 77 23 379 7 257 76 246 32 161 38 418 3 450 13 8
4226 22 221 36 285 15 64 43 419 73 279 91 155 1 412 19 301 30 348 23 161 18 427 51 281 65 120 33 16 32 42 53 419 7 66 11 177 90 391 67 445 44 328 60 162 22 57
4227 22 248 40 176 26 42 6 392 61 41 59 295 82 12 13 238 29 375 64 21 65 383 8 312 81 4 23 43 74 344 51 223 36 326 50 327 32 194 90 372 2 436 3 265 98 293
4228 22 283 94 172 58 16 88 240 80 348 4 360 3 176 76 70 54 448 57 82 49 283 15 442 74 386 59 440 8 334 79 192 18 119 33 99 61 20 14 116 95 85 22 294 91 403
4229 22 255 42 375 67 84 49 404 79 307 95 336 15 381 91 145 24 10 8 161 32 46 21 401 9 388 45 93 38 133 13 182 59 281 65 7 36 143 66 281 30 82 61 72 76 436
4230 22 260 32 91 43 294 74 288 64 25 46 53 21 440 59 174 76 92 83 59 6 341 94 100 24 179 37 436 53 165 71 384 55 266 27 328 3 342 4 1 96 225 40 359 35 216
4231 22 270 87 226 50 195 33 440 90 282 96 366 12 132 1 364 24 349 2 189 77 82 43 120 37 343 66 311 35 76 95 150 62 272 99 8 54 290 48 337 13 399 19 15 40 263
4232 22 285 20 230 39 53 23 109 89 67 26 450 51 351 96 202 15 370 2 224 42 423 60 28 87 260 98 102 16 143 85 35 75 26 49 186 65 11 76 268 13 374 71 179 45 123
4233 22 274 3 267 66 375 78 145 12 439 43 165 58 359 96 244 83 223 30 83 56 298 18 34 67 433 59 237 61 353 63 221 40 401 23 101 39 317 17 152 26 225 98 319 60 122
4234 22 317 50 242 30 7 41 99 92 307 81 152 96 242 4 158 56 327 86 45 27 8 97 267 76 115 19 1 42 318 21 101 39 222 94 120 78 137 22 45 99 73 40 142 79 348
4235 22 240 48 55 33 194 92 443 1 169 7 271 19 48 38 141 29 362 94 298 41 280 66 112 24 417 85 116 8 415 15 257 21 249 53 55 90 45 5 158 76 378 49 315 68 398
4236 22 277 45 31 93 445 71 422 62 333 48 78 69 65 38 135 29 96 55 377 59 418 42 113 27 343 90 104 43 207 23 90 51 305 35 295 75 308 57 9 5 86 79 321 13 449
4237 22 341 71 67 77 168 25 394 60 40 70 304 81 275 96 137 99 137 90 403 36 80 29 342 88 85 30 267 56 404 79 6 74 248 83 142 22 376 3 213 48 8 94 372 55 332
4238 22 287 23 243 21 25 66 307 54 146 94 230 81 60 37 285 90 243 10 37 77 53 61 202 55 25 1 214 18 273 68 102 95 61 74 421 76 432 34 370 2 164 91 50 22 383
4239 22 209 60 411 9 412 21 12 19 195 63 434 15 237 52 118 33 364 41 205 23 331 13 58 14 221 32 354 6 338 82 216 48 245 38 212 76 397 62 250 67 196 8 400 55 332
4240 22 224 83 417 41 184 32 211 18 188 23 127 16 190 27 161 77 88 75 410 15 173 10 276 74 126 73 238 35 74 42 166 6 310 56 192 44 419 61 331 3 335 57 71 31 250
4241 22 336 22 7 59 336 82 20 63 255 96 337 95 430 11 438 98 418 48 405 91 425 19 373 28 403 81 148 26 366 80 327 89 38 38 325 69 157 39 126 52 26 70 334 88 207
4242 22 306 31 5 56 87 14 96 12 284 70 191 37 51 40 314 18 369 93 6 58 380 82 277 38 71 54 42 98 223 75 237 79 57 91 85 43 6 32 256 96 76 35 441 73 355
4243 22 234 33 80 63 214 12 241 52 134 94 393 68 317 69 46 75 359 32 117 15 16 23 204 21 420 81 426 5 373 9 156 29 223 19 140 70 325 8 212 7 375 80 325 73 104
4244 22 242 86 256 23 200 97 5 43 216 37 320 22 309 69 33 14 48 5 435 89 320 54 166 79 68 6 249 49 228 34 85 27 385 8 75 2 290 25 172 62 183 40 96 99 189
4245 22 302 83 428 71 88 93 50 55 116 6 414 84 410 99 168 88 83 27 312 29 203 47 252 66 182 91 361 30 80 61 264 9 81 51 303 32 108 70 38 63 434 21 72 34 341
4246 22 249 11 267 19 222 39 199 24 286 50 240 17 341 98 22 62 311 32 145 36 326 68 105 14 32 40 86 5 324 78 65 90 147 86 28 95 312 65 345 3 433 37 354 30 360
4247 22 239 66 340 91 112 53 228 89 20 82 4 2 74 40 258 47 117 73 138 65 210 67 210 23 184 56 275 16 442 29 196 3 146 87 95 7 289 22 347 11 255 1 14 28 42
4248 22 289 21 326 60 143 65 75 55 334 84 77 67 41 2 232 82 132 79 36 66 130 37 4 1 83 14 307 83 429 35 24 50 112 34 444 77 360 48 60 93 25 26 285 78 409
4249 22 286 16 161 38 403 89 153 82 225 58 82 59 174 40 342 52 174 67 401 47 116 61 394 25 405 70 352 39 49 12 156 49 108 3 189 13 322 84 86 62 427 87 445 92 424
4250 22 276 47 288 89 9 83 315 64 303 18 254 3 180 60 214 78 67 33 308 41 145 81 324 80 92 52 68 46 359 4 194 98 345 55 81 9 218 85 27 71 439 8 32 2 387
4251 22 251 1 368 69 60 58 313 40 133 44 434 84 264 14 431 74 417 77 22 13 31 4 174 88 200 22 126 59 6 80 445 56 297 64 215 54 78 6 186 24 89 21 87 52 303
4252 22 270 62 321 81 435 33 161 88 406 27 207 84 55 15 439 10 196 32 25 12 437 4 117 74 427 56 44 7 398 29 429 79 63 41 253 69 353 31 426 86 235 92 376 70 153
4253 22 195 21 151 29 132 37 383 10 411 55 5 26 164 53 154 92 83 18 405 23 122 24 275 1 212 87 42 9 247 25 42 98 407 59 368 14 45 11 268 50 355 19 309 22 241
4254 22 263 32 97 45 284 60 283 76 99 91 174 57 402 48 51 49 207 44 57 93 372 20 204 89 71 10 140 18 412 31 102 75 385 19 60 12 117 35 126 51 233 28 101 71 210
4255 22 239 66 315 81 37 18 372 57 279 61 399 97 22 30 398 33 206 34 254 17 246 70 167 32 97 19 166 24 172 56 146 31 421 11 7 65 409 45 114 6 351 52 239 54 269
4256 22 306 36 125 37 418 72 55 33 147 76 391 45 208 61 407 69 420 38 302 86 148 96 351 54 114 97 361 64 101 50 219 43 405 56 166 11 439 65 339 81 259 41 267 16 362
4257 22 269 54 320 4 265 57 430 49 68 95 299 69 263 5 208 73 13 23 335 53 287 25 33 47 371 63 388 87 419 7 36 72 124 37 330 48 235 67 12 24 219 77 436 42 264
4258 22 277 88 30 20 177 60 44 89 448 82 107 6 17 28 429 56 160 32 142 31 429 25 344 81 450 63 410 35 306 73 74 93 61 72 238 2 419 70 358 24 288 38 253 43 347
4259 22 247 86 237 54 268 15 80 11 297 29 325 56 63 80 28 88 117 40 330 27 361 20 428 81 389 38 204 28 177 58 373 75 45 9 178 62 425 10 75 21 388 49 129 53 129
4260 22 302 56 240 95 147 72 23 57 341 53 437 31 440 93 158 68 300 32 342 97 342 69 258 66 378 34 189 83 317 20 63 74 209 9 221 30 381 77 322 33 316 2 24 58 412
4261 22 254 41 9 43 132 7 435 3 317 52 232 50 90 51 132 8 170 94 82 81 102 54 412 35 232 34 119 47 87 93 256 98 435 67 141 19 323 27 421 89 78 4 439 20 5
4262 22 299 22 227 76 418 60 206 69 263 70 205 47 53 74 245 89 16 1 239 50 419 31 220 91 157 40 82 86 46 5 102 84 327 58 295 85 329 54 83 6 8 96 23 2 384
4263 22 247 25 120 16 294 11 122 36 42 58 183 63 64 84 5 49 212 15 294 48 195 3 301 29 258 60 337 9 56 61 61 41 35 30 7 81 192 80 68 85 189 50 447 55 135
4264 22 261 4 303 48 318 46 346 14 200 42 59 8 328 68 265 89 80 7 375 59 415 57 53 47 26 87 437 77 386 41 63 44 11 58 341 71 91 64 201 66 392 18 332 32 247
4265 22 228 39 258 58 255 17 160 3 242 98 40 69 85 30 181 75 75 93 84 66 200 6 108 7 220 8 22 13 78 4 44 76 194 33 50 19 244 53 413 94 194 31 28 23 313
4266 22 261 3 148 56 288 65 357 44 324 13 213 33 437 25 310 92 70 86 187 22 320 41 114 90 53 7 133 85 136 58 99 40 405 54 178 21 163 94 127 78 113 9 188 28 25
4267 22 293 92 449 94 78 41 59 19 245 17 202 31 303 59 130 42 15 35 421 87 97 91 332 24 125 9 388 83 448 44 162 72 387 11 418 64 353 76 135 98 193 36 230 47 396
4268 22 259 9 340 12 346 11 248 42 53 29 267 28 389 57 312 37 352 24 408 38 236 25 354 88 3 97 425 17 343 20 77 82 433 72 144 80 16 60 334 76 348 36 93 96 433
4269 22 274 97 322 36 337 24 373 73 120 49 391 14 318 70 348 2 93 91 131 10 289 92 96 37 153 27 432 22 414 63 193 99 149 69 273 23 238 21 364 54 140 85 251 41 127
4270 22 332 43 223 87 182 64 382 95 4 70 147 32 251 63 353 14 75 46 62 75 214 36 247 53 208 60 406 47 246 58 439 73 151 11 261 82 176 92 378 61 127 91 166 77 65
4271 22 260 13 191 89 128 76 187 82 386 49 240 44 47 73 116 35 376 61 169 10 144 38 406 45 278 21 394 37 413 34 214 41 70 96 76 18 287 9 264 81 379 84 416 7 365
4272 22 215 28 127 26 73 8 415 4 242 1 225 87 339 89 120 3 379 42 150 11 436 13 124 22 295 5 155 12 11 39 137 99 313 97 266 41 150 59 143 76 346 81 215 17 185
4273 22 260 93 308 36 199 21 371 61 344 45 5 48 151 17 60 22 107 99 123 20 345 38 362 46 46 56 72 88 338 10 373 82 419 58 280 39 281 90 135 25 47 34 375 15 244
4274 22 315 99 123 94 423 44 40 60 107 85 7 62 258 50 145 61 374 77 131 33 56 70 113 48 56 89 196 66 212 32 164 36 177 86 80 16 97 38 351 55 450 58 206 1 355
4275 22 272 66 426 33 447 8 290 18 423 89 423 61 184 26 447 45 41 21 228 64 289 74 301 81 352 98 286 4 354 79 86 52 239 76 169 11 364 93 173 50 5 1 198 41 130
4276 22 283 74 319 93 262 44 96 2 324 97 449 62 3 53 415 31 40 16 221 65 384 83 381 28 206 82 182 6 329 33 346 61 56 5 369 60 400 20 435 99 418 96 1 22 160
4277 22 257 33 412 75 204 28 360 36 410 37 43 41 321 98 22 5 246 32 60 11 386 80 172 38 449 9 386 16 404 90 166 70 403 42 225 52 11 92 190 55 84 12 403 77 362
4278 22 239 26 256 84 163 54 292 50 272 47 137 11 12 56 163 4 383 94 257 45 137 46 99 21 160 3 377 25 352 17 52 64 442 9 399 63 292 57 434 88 93 60 355 32 205
4279 22 219 11 176 42 208 75 164 17 429 40 244 31 358 47 196 49 255 44 156 85 112 52 174 6 299 73 108 8 279 39 115 67 6 93 169 15 371 10 408 3 218 54 48 18 109
4280 22 261 91 376 77 227 89 181 51 345 81 325 2 441 4 342 5 142 10 110 40 4 80 105 75 241 14 279 58 418 28 128 19 153 56 346 41 36 96 135 17 170 88 107 25 132
4281 22 290 13 119 93 372 58 197 53 214 73 93 78 1 3 347 77 380 76 446 82 381 22 19 88 59 87 9 48 345 86 31 7 104 24 130 61 22 32 427 94 126 6 194 2 123
4282 22 303 7 379 70 340 59 112 62 327 1 322 63 11 21 407 46 252 49 77 42 312 48 275 90 291 95 86 30 98 60 37 76 429 34 142 89 263 25 103 83 282 96 249 66 51
4283 22 280 99 116 45 336 48 392 96 34 19 176 11 404 18 252 66 11 13 91 65 245 24 315 80 21 91 310 74 149 26 376 43 220 35 190 63 32 25 231 57 338 84 126 39 2
4284 22 304 37 103 92 301 50 117 17 431 29 222 49 204 72 74 81 371 68 400 57 110 14 288 86 46 46 323 82 222 63 283 60 166 74 312 67 92 47 228 9 420 76 265 42 401
4285 22 256 95 364 21 447 72 430 60 111 15 256 6 340 87 29 2 421 88 169 46 352 37 37 80 84 64 438 5 142 98 144 49 11 16 295 84 97 54 394 12 361 3 49 30 6
4286 22 267 69 270 75 414 73 163 2 202 46 368 91 403 9 95 4 393 13 320 87 396 68 342 92 131 3 143 33 353 74 139 72 295 15 387 67 77 39 268 56 111 77 16 5 376
4287 22 295 71 147 40 242 35 36 10 326 27 390 80 171 73 83 44 263 6 439 94 107 55 84 75 281 39 35 57 56 85 429 87 224 70 421 11 29 98 287 78 7 43 212 3 407
4288 22 289 17 243 85 362 49 39 46 273 20 36 9 78 94 199 64 122 37 90 91 207 50 422 55 289 92 234 97 136 95 99 63 341 28 224 40 366 21 114 57 75 25 230 23 112
4289 22 289 19 63 70 269 86 76 7 77 59 55 14 355 54 407 67 96 84 43 35 252 63 51 38 221 75 54 72 449 94 162 4 57 82 74 44 157 21 68 37 136 42 93 91 137
4290 22 253 26 283 24 177 47 124 17 418 50 422 41 350 59 285 64 113 93 195 38 136 53 20 56 20 8 144 44 399 36 336 37 161 18 210 40 416 35 308 85 286 81 276 60 299
4291 22 284 54 104 95 191 39 47 62 247 19 221 40 214 69 175 99 358 87 318 17 378 83 104 85 320 66 145 26 407 56 76 10 409 70 100 49 269 14 45 34 36 4 405 60 352
4292 22 320 12 199 21 30 28 155 83 413 74 72 30 220 99 86 25 375 95 85 96 146 36 414 59 430 54 293 68 257 47 329 10 160 77 30 89 255 85 322 69 208 45 450 80 293
4293 22 295 87 156 69 183 43 415 78 228 28 39 59 434 33 326 90 231 5 450 40 281 81 128 37 265 51 7 75 45 6 104 92 311 58 376 3 224 80 204 94 189 64 426 8 268
4294 22 201 27 47 1 108 26 339 24 277 46 48 23 403 3 312 47 64 22 72 66 345 48 322 36 284 49 51 62 306 71 390 54 123 32 11 8 408 20 32 63 375 9 438 67 232
4295 22 250 55 13 61 2 13 82 87 48 81 438 11 188 8 351 94 30 49 425 92 71 84 102 43 115 14 167 10 224 6 178 60 243 15 64 5 349 50 2 31 39 70 448 63 213
4296 22 283 79 363 39 223 34 374 74 226 91 439 44 202 12 199 80 268 60 172 85 323 76 433 25 179 13 15 41 284 55 47 43 418 87 365 3 313 90 228 28 221 54 91 21 83
4297 22 256 9 332 56 443 55 33 75 181 12 239 45 404 72 259 59 170 4 28 20 30 71 260 7 373 89 79 26 230 51 211 88 32 18 182 1 156 96 265 67 119 25 289 78 402
4298 22 269 97 98 81 419 59 289 91 97 69 18 78 119 30 117 53 398 48 40 5 110 63 50 24 29 19 48 6 59 28 407 57 325 90 25 35 278 17 33 49 434 11 19 66 77
4299 22 303 71 315 75 261 64 31 72 126 31 345 6 301 44 211 9 221 68 17 47 209 91 83 88 7 66 386 42 76 55 409 54 227 23 128 87 286 59 60 63 291 4 219 93 450
4300 22 327 31 153 22 250 69 21 58 209 53 96 17 218 33 360 45 89 99 316 91 278 54 29 88 14 43 380 19 311 72 70 94 274 92 193 64 201 2 66 98 120 86 32 80 282
4301 22 286 21 400 32 436 90 260 41 170 49 4 13 279 23 175 92 118 24 35 11 267 98 61 66 10 42 53 73 386 72 368 62 177 83 75 44 445 53 318 70 355 37 180 48 147
4302 22 250 98 148 9 168 15 320 12 367 13 434 52 175 56 219 25 319 47 215 51 124 60 46 28 430 32 43 3 161 42 302 39 162 78 203 82 39 21 444 73 75 70 380 95 194
4303 22 256 48 394 10 298 17 122 95 144 3 159 28 195 64 338 86 165 98 327 78 126 81 11 16 354 4 290 26 219 24 71 66 317 33 254 29 406 71 306 52 436 45 189 50 393
4304 22 273 65 129 70 248 90 387 51 195 77 128 47 51 41 115 20 223 80 352 26 391 32 33 11 387 84 446 24 197 74 89 76 295 38 67 31 88 61 59 67 333 6 369 23 220
4305 22 298 88 247 49 240 72 189 23 356 52 310 39 247 93 162 96 268 2 423 12 239 42 378 51 401 44 233 58 113 55 327 53 177 91 324 67 214 31 218 75 21 17 217 83 112
4306 22 296 84 86 86 145 27 174 88 304 74 90 59 197 64 113 75 315 18 301 6 91 68 421 24 35 45 444 53 363 78 316 46 314 1 142 92 174 31 197 50 371 98 208 19 161
4307 22 286 72 294 76 139 46 233 82 65 3 255 50 349 54 261 78 170 58 443 70 399 86 396 79 82 47 201 30 106 20 192 77 265 17 218 62 449 51 127 7 278 1 256 81 13
4308 22 327 35 300 70 377 72 218 62 17 49 396 63 249 75 20 20 168 48 86 85 315 98 435 67 274 88 423 51 440 31 231 53 215 33 272 94 204 92 5 86 440 26 205 12 94
4309 22 267 52 347 30 219 44 64 35 317 53 260 69 343 42 302 45 356 84 218 99 239 61 156 10 102 57 245 83 51 7 228 2 353 22 397 9 315 75 268 36 217 87 163 66 272
4310 22 270 32 67 60 343 22 171 96 378 67 241 12 67 97 341 70 202 47 244 50 169 52 116 43 69 51 311 79 287 23 46 10 56 69 398 85 441 46 365 7 338 26 125 37 317
4311 22 304 97 388 15 440 39 335 91 304 29 361 5 289 93 363 34 403 69 198 23 418 82 214 96 272 55 74 49 191 42 195 80 158 36 368 43 26 71 73 86 177 64 426 20 326
4312 22 229 9 372 46 258 44 366 40 409 30 37 33 36 12 281 26 153 25 7 13 260 7 337 49 79 22 425 92 299 94 420 67 315 63 230 6 71 53 297 56 235 60 259 72 120
4313 22 228 59 80 56 407 29 433 50 177 27 169 38 345 86 304 7 367 61 130 78 204 84 77 11 319 1 323 85 396 43 26 8 151 34 287 35 65 12 206 2 6 91 107 15 207
4314 22 256 17 194 87 373 29 63 83 249 15 405 78 299 3 328 94 428 85 246 11 173 31 197 90 92 2 93 50 242 52 214 1 368 9 37 92 389 49 27 38 15 65 435 44 408
4315 22 262 62 430 56 174 5 236 21 96 28 322 88 27 66 439 92 268 59 352 4 352 40 4 77 70 11 243 34 447 38 444 9 420 99 132 74 34 19 361 78 58 39 245 49 332
4316 22 246 12 109 33 365 60 125 70 388 1 39 50 446 24 396 67 354 2 315 88 127 49 243 97 311 20 55 14 205 83 125 13 68 91 374 92 112 11 394 39 276 8 374 63 275
4317 22 250 57 352 4 105 45 450 15 16 6 316 30 310 51 256 24 218 49 148 9 112 10 404 14 372 43 139 81 266 42 288 97 197 94 91 56 302 76 237 78 95 37 295 84 305
4318 22 312 54 246 59 69 67 203 57 397 70 289 41 263 28 387 60 172 29 206 82 185 73 322 35 117 81 211 94 336 39 196 85 57 98 294 3 17 84 46 11 432 40 82 61 95
4319 22 203 13 297 4 320 69 75 56 38 35 138 29 23 18 369 20 353 76 217 48 30 31 75 16 341 9 55 73 169 2 235 65 405 6 385 81 263 24 66 1 376 44 25 93 64
4320 22 288 95 145 89 113 94 69 50 424 17 315 3 323 71 74 73 87 80 331 24 161 43 149 28 145 74 423 70 317 36 66 13 75 78 57 79 82 46 294 18 284 14 443 59 3
4321 22 291 73 339 28 285 83 276 12 228 52 84 47 268 69 12 82 245 91 40 39 20 22 430 16 119 23 435 53 188 78 13 92 102 51 369 86 433 97 47 62 198 8 67 2 271
4322 22 291 98 147 64 38 37 185 11 218 29 40 33 280 14 345 21 417 97 42 52 332 88 450 43 35 3 101 34 223 48 332 38 187 69 122 99 286 74 328 78 312 60 259 75 157
4323 22 260 79 143 3 370 44 334 9 95 27 293 29 393 12 253 93 394 81 12 14 330 99 389 59 328 70 136 26 226 17 118 31 436 13 164 47 359 92 139 85 272 34 349 78 292
4324 22 275 19 158 55 334 89 253 23 399 33 124 69 318 96 384 26 422 34 342 18 442 35 8 29 7 91 177 68 70 51 178 74 436 78 258 17 10 37 328 85 234 13 403 62 284
4325 22 265 86 355 53 80 39 161 58 147 34 279 21 153 31 100 78 367 19 5 76 285 65 209 23 394 45 59 56 348 72 142 35 426 44 64 66 56 63 409 6 143 10 74 80 37
4326 22 278 42 448 94 319 85 160 30 159 53 74 69 410 23 340 3 8 67 49 73 33 4 94 47 114 51 39 44 163 14 25 99 257 25 344 76 409 57 169 82 40 5 379 71 64
4327 22 318 98 21 86 380 77 331 28 290 82 366 94 80 60 94 36 36 88 63 44 92 71 215 49 403 54 119 9 234 39 124 81 112 59 112 90 439 29 373 5 64 68 36 26 413
4328 22 256 73 61 2 88 57 94 10 373 94 114 76 112 22 11 52 245 92 313 6 305 47 294 31 371 50 46 88 337 21 202 11 184 4 448 42 349 8 264 91 3 95 51 54 241
4329 22 258 44 119 98 99 70 394 94 250 64 295 48 103 33 418 57 143 53 110 41 94 8 300 1 122 99 403 18 50 11 345 28 408 95 248 52 90 49 267 34 446 22 166 16 328
4330 22 229 61 218 37 103 14 46 4 322 96 125 21 450 45 422 9 255 66 187 62 413 34 113 52 134 32 38 30 403 55 145 15 414 18 267 77 415 70 199 60 447 19 11 41 92
4331 22 219 69 95 59 57 56 421 42 21 23 226 4 112 5 6 66 101 37 81 64 256 99 391 70 219 91 231 17 259 41 107 2 111 3 410 18 160 31 259 30 5 34 285 16 440
4332 22 289 40 31 90 228 13 206 33 112 98 252 32 388 82 250 48 324 56 199 35 210 8 152 19 140 62 151 94 98 85 311 37 327 79 104 6 36 69 233 52 222 24 51 97 8
4333 22 242 19 433 67 28 86 136 68 198 38 363 47 322 26 35 98 219 13 354 76 350 42 195 32 81 48 405 6 99 73 205 56 293 37 375 21 373 12 90 22 449 52 68 29 154
4334 22 292 72 97 67 75 75 368 66 321 2 298 18 56 54 16 81 258 24 373 96 98 43 418 9 332 91 259 86 310 30 264 64 351 13 32 25 37 99 192 57 102 90 274 8 93
4335 22 255 42 238 2 65 10 447 14 5 67 24 86 259 82 323 19 11 37 184 64 99 88 187 17 130 43 369 71 418 76 365 9 365 66 425 24 364 90 130 32 263 41 146 40 411
4336 22 277 7 76 96 172 76 12 9 14 78 290 56 248 12 74 25 26 84 289 93 11 15 359 50 94 90 63 11 130 8 101 92 416 87 137 6 400 48 69 89 175 27 301 52 378
4337 22 316 85 290 73 345 56 281 95 400 20 259 12 352 18 262 93 86 92 432 74 147 31 173 15 210 14 441 87 316 42 340 79 179 65 173 35 445 69 36 67 229 47 118 97 61
4338 22 284 12 434 52 193 57 350 26 32 66 385 95 209 23 310 30 393 69 153 29 365 73 116 81 352 62 300 74 62 83 177 6 91 28 31 72 294 68 116 42 425 3 106 85 100
4339 22 304 49 439 28 413 61 295 44 64 56 393 63 182 6 147 58 362 40 88 94 411 31 63 29 34 7 155 88 112 85 72 11 383 60 390 96 171 84 41 36 441 99 224 91 347
4340 22 293 34 54 86 271 99 199 1 214 29 286 70 83 73 383 18 195 43 350 56 134 97 78 19 337 64 409 72 114 33 64 60 418 98 238 17 48 88 30 26 273 10 447 79 243
4341 22 291 27 81 49 110 77 176 80 316 91 89 87 254 73 352 16 342 70 113 29 388 10 168 92 320 96 38 3 425 81 131 7 431 43 33 56 422 98 297 62 186 2 434 17 325
4342 22 268 8 181 55 146 90 222 15 128 13 86 76 301 2 183 71 158 20 184 40 268 96 325 81 14 88 258 21 219 62 418 10 136 32 288 48 218 65 300 9 416 79 123 91 364
4343 22 264 16 427 5 35 24 32 4 204 45 94 63 317 12 427 35 21 18 360 59 287 74 411 46 239 42 324 90 117 29 5 95 33 89 18 64 95 73 160 88 336 77 101 11 121
4344 22 322 75 328 81 135 65 304 95 60 45 87 85 107 26 153 87 432 97 120 22 314 35 218 57 74 71 107 37 333 30 11 60 310 76 215 90 87 59 378 18 355 4 388 73 325
4345 22 277 61 38 10 279 76 54 35 299 26 444 37 408 23 347 69 132 94 195 98 385 81 359 12 404 78 268 82 233 5 404 8 265 43 269 95 269 24 32 19 449 75 56 58 297
4346 22 278 54 226 80 149 70 29 33 303 37 446 8 16 65 139 99 121 94 408 38 187 26 132 7 201 13 225 49 239 32 206 87 388 83 218 36 55 47 221 35 216 66 251 53 150
4347 22 320 56 240 88 283 22 444 33 136 71 283 25 152 90 113 91 122 81 279 76 179 99 134 13 316 65 448 58 313 51 209 70 40 97 254 42 286 12 170 75 216 59 237 8 433
4348 22 263 69 236 58 347 36 344 12 202 43 176 51 352 91 51 60 10 93 308 66 207 50 203 7 113 73 81 30 233 70 338 65 140 23 425 37 9 18 398 62 113 15 222 25 359
4349 22 289 30 192 15 181 44 72 43 368 54 223 51 175 62 417 65 336 41 403 94 258 57 71 74 321 83 339 37 7 95 138 56 161 68 401 34 212 19 38 86 19 14 197 35 128
4350 22 279 83 376 30 28 85 31 6 157 7 90 45 243 96 311 37 285 18 449 52 268 66 136 22 1 54 237 50 191 65 332 68 46 11 4 79 247 61 285 53 1 81 195 48 241
4351 22 231 83 433 8 84 36 375 66 203 61 339 4 266 25 3 6 91 39 346 29 317 93 139 1 147 41 81 92 339 71 426 73 30 9 160 56 26 13 66 64 168 34 91 20 441
4352 22 318 33 157 16 421 52 46 87 246 84 437 93 427 19 336 65 41 61 289 70 422 48 128 47 360 63 129 78 105 98 169 56 436 58 108 31 196 55 266 35 347 42 353 82 158
4353 22 252 46 145 67 116 44 164 57 39 76 136 66 282 33 384 69 91 21 78 51 273 54 319 7 153 10 410 34 320 80 315 23 297 61 367 55 188 2 170 70 86 6 188 78 126
4354 22 212 15 27 29 139 31 47 46 383 58 207 68 77 13 100 94 335 55 251 6 373 7 196 26 427 64 184 4 391 9 320 18 89 8 198 85 255 82 395 61 99 23 223 48 118
4355 22 250 60 196 23 410 51 47 19 398 73 245 62 236 80 217 28 338 86 195 29 146 44 215 50 175 59 411 26 232 35 125 1 394 70 23 6 73 24 72 42 70 34 429 99 52
4356 22 271 56 38 88 3 66 335 96 281 34 223 41 296 50 324 31 326 75 24 48 297 29 372 18 202 43 161 23 226 39 421 78 397 59 17 51 126 1 446 6 236 70 447 82 21
4357 22 270 20 162 97 144 87 144 43 268 15 10 71 57 94 335 61 364 14 359 24 230 9 100 82 407 57 417 28 103 99 25 11 195 50 390 62 367 56 324 12 96 80 48 8 346
4358 22 222 61 19 69 40 27 418 23 385 25 292 65 229 41 113 5 254 9 75 53 350 38 269 63 255 16 408 35 114 18 80 76 86 14 20 40 51 96 181 15 374 22 427 79 375
4359 22 307 37 355 29 286 92 147 90 155 51 357 64 187 72 231 68 48 17 432 39 56 84 84 89 398 7 12 26 287 38 362 91 316 99 85 62 38 96 4 53 120 20 219 4 39
4360 22 254 35 237 77 42 20 60 30 267 69 393 42 405 80 205 48 245 53 282 58 92 22 374 40 125 26 259 13 347 29 217 36 13 5 414 56 375 38 243 94 430 87 200 60 291
4361 22 266 49 206 94 280 66 437 3 39 76 180 16 436 92 162 14 408 99 128 65 113 84 439 40 271 33 35 19 286 11 210 35 19 5 166 36 143 74 269 50 91 54 141 52 370
4362 22 251 1 401 47 215 65 332 5 354 2 87 40 4 56 275 16 267 59 336 23 327 21 115 97 346 35 46 86 291 38 290 60 388 58 204 11 393 95 350 98 152 74 264 20 335
4363 22 238 51 442 63 272 8 359 17 143 56 205 35 243 44 296 31 283 3 384 90 394 94 200 39 88 1 386 41 376 60 312 52 301 24 273 82 41 54 37 45 288 30 288 33 62
4364 22 230 22 338 47 63 81 40 62 219 79 14 7 19 40 7 78 251 10 230 25 384 90 8 75 93 71 381 28 161 15 39 32 2 37 395 35 177 8 155 55 272 11 426 13 420
4365 22 219 3 115 31 83 41 15 74 99 16 247 11 48 24 73 13 314 5 216 2 401 52 228 10 307 85 133 19 160 47 290 64 112 71 198 37 171 77 237 98 389 86 423 12 48
4366 22 324 38 18 16 390 70 17 69 279 75 403 14 246 60 137 30 121 59 27 95 198 76 173 86 26 62 371 98 123 21 388 92 336 27 211 54 95 91 381 4 176 65 166 94 286
4367 22 251 73 171 12 117 20 88 42 5 65 3 27 214 47 151 18 384 78 338 74 218 68 325 24 45 89 89 58 385 76 32 57 238 1 126 32 91 44 210 4 322 5 239 90 83
4368 22 281 16 79 8 185 48 182 58 44 73 248 54 357 24 85 15 63 35 240 89 428 31 71 82 36 44 40 42 232 32 175 49 310 84 384 60 318 93 353 40 393 56 248 91 362
4369 22 252 30 377 53 320 5 277 27 110 85 21 79 304 31 353 42 38 88 151 80 106 44 124 11 43 39 101 56 170 8 39 34 86 12 196 25 82 97 303 86 379 57 40 20 294
4370 22 288 77 423 51 258 28 444 32 138 39 272 91 94 42 422 54 30 57 439 70 68 86 296 2 182 60 6 1 304 56 151 63 85 97 94 24 337 68 114 80 409 37 333 38 143
4371 22 299 74 159 61 211 4 412 93 203 52 104 10 429 87 213 34 42 65 46 76 213 42 400 99 159 79 117 2 13 6 446 88 367 20 219 91 175 70 296 84 398 33 248 26 213
4372 22 258 29 204 75 172 5 74 30 319 4 48 22 216 55 168 54 171 25 4 43 194 94 317 65 41 52 215 50 97 53 414 77 306 38 248 10 63 79 430 66 278 84 135 23 339
4373 22 263 57 397 92 49 42 87 67 9 27 319 23 204 20 319 6 85 48 213 72 245 24 137 76 355 52 355 8 87 89 132 75 396 29 316 96 322 2 13 80 131 33 154 34 54
4374 22 232 25 189 38 72 53 211 68 326 47 393 80 351 50 390 37 388 21 412 83 149 29 379 23 281 93 4 11 375 8 346 32 136 17 303 77 272 13 326 44 226 66 233 14 103
4375 22 261 4 277 38 54 6 18 26 38 60 130 50 436 39 395 15 120 82 233 24 269 11 295 83 86 61 176 78 11 77 431 64 3 18 367 58 87 45 247 96 276 46 133 66 292
4376 22 266 49 335 23 431 10 241 41 306 75 277 19 403 89 346 13 417 76 328 70 395 46 179 81 390 28 267 73 362 82 165 68 137 92 429 30 333 35 154 11 303 8 1 48 120
4377 22 303 68 126 99 387 72 345 67 205 86 194 84 153 46 236 81 5 56 419 47 234 98 81 70 154 41 422 13 343 22 33 10 347 31 298 20 27 65 274 58 258 76 153 2 106
4378 22 278 59 209 77 407 45 74 39 164 79 431 36 192 74 357 76 235 5 408 33 426 85 149 97 408 7 13 34 261 16 441 21 227 17 80 43 168 99 119 64 74 58 433 49 442
4379 22 321 9 133 90 260 81 150 18 145 85 178 10 25 86 142 29 208 36 149 92 56 99 362 72 422 41 162 31 23 73 33 94 64 74 265 68 299 88 430 67 67 25 52 16 368
4380 22 300 9 366 79 130 87 319 42 270 92 203 94 426 97 257 20 422 24 78 72 118 23 347 7 239 63 274 65 66 32 225 11 406 46 81 49 415 52 158 66 319 73 191 98 214
4381 22 328 13 167 88 59 23 429 24 447 93 139 90 327 63 96 39 319 41 169 67 257 95 270 66 244 21 84 64 144 59 436 30 97 97 102 75 170 19 308 89 447 73 135 85 141
4382 22 281 77 306 9 234 50 179 1 395 99 384 10 144 8 372 3 193 91 5 75 60 54 445 68 245 92 190 79 128 82 407 35 290 42 186 20 93 71 26 66 233 65 368 28 217
4383 22 248 20 368 21 146 28 427 91 397 34 188 51 363 71 157 12 399 35 132 41 419 54 66 59 69 23 39 78 390 58 347 62 404 26 188 46 374 60 381 61 210 43 333 19 344
4384 22 242 95 419 29 128 9 47 31 126 7 51 28 130 91 57 71 1 4 384 81 174 1 305 83 81 17 445 25 350 15 319 94 433 99 421 43 97 53 220 5 298 34 196 56 196
4385 22 275 59 340 51 342 63 351 48 297 33 264 93 59 15 357 27 110 41 427 82 35 23 136 55 178 91 154 61 386 9 419 20 308 83 411 22 335 58 320 69 73 77 288 21 6
4386 22 288 99 164 84 131 48 107 18 54 34 58 7 296 45 316 66 227 35 225 11 345 46 147 54 118 67 226 82 246 65 154 3 114 86 296 92 163 20 327 73 377 75 317 42 90
4387 22 251 46 228 65 408 24 112 55 327 81 323 2 212 68 269 16 420 34 284 56 279 99 43 20 278 39 193 79 116 9 336 41 221 92 217 3 365 70 315 32 188 73 167 1 117
4388 22 273 7 146 88 84 10 333 87 243 23 380 73 440 40 109 80 362 50 148 65 116 17 381 98 307 12 201 29 378 59 182 96 417 27 383 3 388 67 341 83 139 72 5 6 337
4389 22 237 32 325 17 179 83 80 31 311 60 141 44 155 10 420 38 262 56 204 92 145 76 248 24 37 63 435 11 329 48 412 66 166 41 348 23 261 7 314 54 113 73 376 2 336
4390 22 308 85 258 39 128 54 164 77 379 52 389 63 213 19 207 62 281 72 277 23 272 76 195 82 134 60 37 47 132 14 100 98 357 58 77 71 54 91 123 44 305 37 415 11 48
4391 22 245 97 435 26 371 6 102 67 389 35 277 77 83 10 41 33 79 40 141 86 119 3 158 22 443 82 267 49 268 83 410 15 181 94 241 1 251 42 268 41 178 17 261 55 359
4392 22 279 93 233 99 133 68 17 35 228 40 279 9 108 28 377 91 189 41 121 84 83 74 36 26 204 86 144 14 390 5 6 75 3 90 294 21 27 12 305 30 19 34 158 61 272
4393 22 264 34 5 33 7 40 108 99 367 11 384 76 375 15 433 49 219 23 443 41 199 52 105 96 270 39 53 83 10 55 118 17 239 74 106 48 324 25 259 7 187 86 233 53 219
4394 22 323 34 171 41 28 13 139 42 364 43 90 85 33 92 117 98 234 11 86 59 318 84 282 94 140 28 129 25 80 97 408 52 339 37 414 79 178 74 267 64 406 82 50 60 168
4395 22 296 10 48 78 78 31 10 69 26 51 199 6 175 80 155 84 182 43 220 47 122 50 126 95 318 89 52 30 222 52 290 61 337 67 440 19 178 9 44 28 259 99 155 88 5
4396 22 288 38 319 48 108 18 221 59 243 67 26 83 368 56 354 21 245 45 382 33 63 73 201 40 33 96 219 41 146 25 429 51 313 99 198 72 16 70 180 10 336 55 44 53 212
4397 22 264 74 6 44 307 90 8 79 440 49 312 87 119 4 33 32 183 6 133 29 200 1 208 12 388 64 155 92 226 54 115 83 99 23 73 17 1 25 20 68 254 73 438 52 10
4398 22 280 98 289 25 55 30 300 58 247 85 307 21 257 64 224 72 20 42 422 46 164 56 413 69 322 37 6 23 439 44 124 94 14 22 198 24 7 92 210 65 262 16 379 38 39
4399 22 305 50 231 61 195 44 118 59 14 92 395 21 264 83 315 40 380 10 3 53 257 96 78 65 37 87 230 51 354 58 438 93 209 18 5 5 214 72 213 77 215 57 298 29 89
4400 22 241 14 18 70 273 74 131 18 252 45 256 40 224 6 44 83 195 38 243 15 94 97 280 17 61 8 32 67 7 12 357 79 426 44 200 24 419 53 271 77 142 46 34 37 79
4401 22 353 79 326 73 295 71 170 76 288 80 283 99 290 82 405 61 212 81 205 63 132 32 186 52 258 98 291 68 128 93 50 67 114 42 3 51 77 1 366 54 105 65 87 27 270
4402 22 264 64 210 5 265 69 384 12 360 51 389 32 295 91 99 10 311 92 12 11 418 84 61 83 389 18 411 4 294 74 207 93 180 72 212 13 335 23 315 24 254 62 314 71 226
4403 22 352 96 285 37 263 18 249 98 209 68 210 15 372 53 348 97 260 43 276 81 356 91 217 78 357 90 383 55 389 89 181 34 173 69 98 92 219 45 252 87 54 17 260 57 114
4404 22 312 6 418 8 233 50 163 73 66 92 130 58 277 99 164 65 239 44 50 61 314 97 5 83 44 21 149 74 230 57 240 35 274 47 367 75 210 42 241 53 373 48 379 63 143
4405 22 270 60 57 92 22 22 391 28 106 34 386 76 132 11 357 39 300 91 314 49 10 10 253 29 312 27 278 41 447 90 435 58 98 79 132 70 169 61 227 52 196 53 335 9 209
4406 22 270 23 210 52 187 58 363 77 419 67 105 33 443 84 175 39 423 59 99 73 387 82 244 55 92 70 308 40 374 43 198 35 117 9 88 19 450 31 187 66 337 21 208 45 248
4407 22 275 95 4 48 69 92 229 12 149 23 383 8 262 7 302 61 93 71 121 30 375 39 231 28 48 94 248 16 93 54 362 80 191 34 291 89 306 75 449 69 183 50 281 25 320
4408 22 267 2 56 97 290 86 4 67 333 49 267 89 64 59 345 25 108 48 404 81 296 73 237 57 355 38 180 58 239 35 304 30 123 9 149 7 7 15 246 21 375 42 97 82 189
4409 22 229 53 329 21 450 17 9 22 405 18 77 43 355 8 100 45 144 26 266 13 74 73 369 88 170 41 412 61 190 1 292 74 373 91 92 34 65 47 51 57 448 40 253 44 178
4410 22 230 9 206 52 383 24 341 4 217 55 64 6 399 16 247 88 139 18 171 53 166 71 395 56 279 44 195 31 187 90 259 47 295 12 231 20 2 34 236 8 49 93 357 91 332
4411 22 271 3 230 99 326 84 114 98 31 69 427 74 265 59 262 4 367 10 250 78 340 20 82 25 107 91 425 97 340 42 381 95 271 29 370 57 45 19 387 15 95 12 432 6 274
4412 22 307 85 172 33 187 2 325 56 385 49 164 75 174 65 74 13 157 54 159 79 384 28 437 80 197 73 145 93 437 76 148 60 62 22 244 48 173 68 305 7 369 69 183 94 185
4413 22 264 56 206 91 259 65 422 95 44 8 274 42 383 68 237 69 145 36 230 59 357 23 56 31 193 13 289 63 33 22 306 17 277 60 138 29 131 32 123 88 205 66 72 25 252
4414 22 303 40 421 88 219 29 196 94 337 27 88 99 217 50 331 57 149 17 269 58 254 98 438 85 72 78 441 87 251 91 241 30 61 68 425 56 6 3 43 4 172 44 236 9 50
4415 22 243 85 127 69 294 30 268 84 166 39 63 59 425 13 25 67 103 14 196 16 434 73 171 27 214 95 348 9 130 29 410 46 345 32 336 57 442 12 269 17 329 74 382 26 189
4416 22 226 15 348 59 354 25 174 48 24 33 429 32 143 47 19 73 158 35 320 52 268 5 8 60 116 28 328 46 301 9 172 89 226 69 450 81 195 23 30 7 8 51 206 20 225
4417 22 302 63 306 44 16 24 350 73 383 68 403 62 113 53 172 84 344 97 405 93 127 49 117 56 419 26 216 28 421 3 386 50 98 1 75 59 117 78 370 81 230 41 115 75 38
4418 22 304 69 119 66 269 86 372 90 113 39 62 59 157 44 146 6 444 47 130 95 122 40 263 49 159 43 380 52 259 5 391 79 223 48 60 89 172 17 202 64 78 58 409 73 16
4419 22 284 4 319 97 98 90 437 12 140 95 55 20 48 13 174 38 294 98 144 91 58 74 181 79 191 32 344 18 289 53 92 8 411 58 2 89 19 44 285 23 263 33 438 70 281
4420 22 297 35 65 73 144 39 103 75 129 86 318 98 374 72 141 30 130 51 382 89 155 22 257 56 382 62 238 71 301 10 251 37 224 25 81 64 379 7 394 74 443 84 320 29 286
4421 22 252 3 217 90 374 25 441 80 6 2 119 26 104 78 93 6 104 69 32 31 365 47 356 57 86 53 40 81 326 60 399 67 285 74 358 66 81 61 337 7 265 16 386 9 371
4422 22 292 90 183 42 123 15 256 20 20 62 357 23 254 63 355 79 274 56 45 9 379 4 274 65 160 67 31 26 53 89 348 92 223 91 266 87 148 35 356 41 130 85 293 29 442
4423 22 303 89 339 20 393 63 430 57 374 47 137 1 201 77 249 44 399 41 159 87 289 94 242 50 186 24 416 60 258 22 51 96 210 70 190 48 97 84 248 12 98 90 262 39 349
4424 22 308 98 129 94 442 80 329 15 345 72 24 54 395 24 399 6 95 89 180 45 36 77 244 76 90 35 24 32 247 64 282 96 442 25 437 73 355 53 317 78 78 20 372 28 297
4425 22 286 60 307 94 348 85 289 19 360 30 55 61 301 48 142 47 341 68 335 13 125 90 179 52 17 50 24 20 422 1 118 81 59 80 95 56 431 55 41 43 155 88 87 3 229
4426 22 286 54 440 41 378 29 322 80 395 73 105 66 194 57 386 27 417 98 206 61 151 56 116 81 310 23 14 44 161 69 324 15 108 64 394 36 337 25 32 60 181 48 303 37 235
4427 22 272 79 3 82 137 13 32 92 231 64 1 36 289 66 31 99 184 54 15 41 370 59 378 8 35 62 417 16 311 72 304 45 252 9 426 38 23 10 79 53 273 81 241 11 197
4428 22 302 71 110 80 227 74 273 98 134 52 55 13 74 38 123 95 341 17 248 1 245 4 368 26 178 99 418 39 245 41 450 76 67 25 48 66 309 70 79 64 45 68 287 91 110
4429 22 290 5 289 61 349 76 284 54 45 11 432 43 429 72 389 69 321 15 387 95 264 2 405 65 223 85 329 68 252 17 308 12 321 48 322 75 155 77 370 67 108 62 195 81 401
4430 22 246 15 351 67 1 98 430 52 402 45 77 37 23 94 288 41 253 51 213 22 86 25 328 13 244 97 372 58 341 3 258 6 303 24 8 2 403 12 304 99 388 42 223 83 281
4431 22 250 63 135 32 276 35 255 11 62 83 175 55 279 97 162 21 49 78 403 44 236 5 449 10 199 86 151 72 418 31 34 4 114 61 341 19 324 2 103 50 256 46 20 96 40
4432 22 242 33 249 36 320 55 84 18 364 82 103 66 305 22 148 91 275 62 301 15 180 26 168 84 326 24 316 73 443 20 419 4 217 17 73 21 252 90 336 44 1 40 365 48 380
4433 22 266 42 409 33 8 40 110 76 73 37 149 10 193 12 128 26 365 44 445 88 316 96 129 51 433 73 253 75 339 50 6 30 411 38 202 65 327 86 115 16 195 7 27 72 132
4434 22 253 94 267 26 431 34 424 61 384 56 83 38 430 22 240 3 252 25 342 79 412 70 247 6 226 30 410 18 346 37 350 10 113 65 118 95 303 99 218 36 371 13 314 97 38
4435 22 257 70 328 49 39 26 207 67 102 36 276 72 233 62 423 12 124 35 429 41 332 83 389 76 125 71 420 87 385 18 326 6 295 25 144 22 81 10 174 95 200 1 219 64 24
4436 22 277 54 92 64 185 26 254 35 51 28 406 70 216 42 39 47 386 18 242 57 98 4 232 17 190 78 316 97 31 65 152 74 30 36 199 34 220 99 211 27 320 79 220 59 120
4437 22 274 66 346 37 58 54 286 63 186 52 152 15 319 46 61 2 60 12 125 90 149 74 425 69 174 87 197 44 265 67 4 36 284 51 174 43 354 59 355 89 12 9 354 33 4
4438 22 281 66 334 15 280 8 256 28 383 30 398 57 17 95 202 33 163 5 319 96 155 92 441 10 103 99 114 55 154 48 58 19 431 23 448 41 428 73 208 75 79 76 171 80 158
4439 22 241 33 86 76 381 42 120 23 402 22 317 2 387 24 355 85 31 25 67 5 175 57 285 52 132 94 176 10 369 47 92 31 177 4 263 71 273 96 154 75 32 77 179 16 209
4440 22 265 53 185 64 79 41 298 80 422 91 58 84 309 56 377 86 286 5 191 1 225 15 385 48 160 38 122 94 266 2 309 25 257 45 38 35 386 37 165 59 327 24 244 79 170
4441 22 328 74 166 75 67 16 151 81 251 49 343 90 172 36 206 24 46 80 330 41 319 64 128 55 430 33 253 82 21 31 101 94 299 77 360 14 178 93 414 78 435 56 399 70 213
4442 22 248 22 217 94 351 57 362 67 86 18 146 74 400 1 155 70 133 15 431 34 277 95 113 19 160 40 353 38 74 29 362 42 422 62 301 85 30 36 152 28 159 3 228 63 174
4443 22 258 62 222 39 393 5 315 89 217 35 350 58 239 67 445 12 445 6 255 17 220 55 351 99 41 78 251 57 305 66 431 19 387 71 261 93 437 1 361 21 350 68 59 14 422
4444 22 282 13 20 26 31 91 331 33 141 23 87 19 275 96 125 90 428 93 376 98 305 70 86 5 430 56 257 47 414 74 161 87 286 32 212 66 124 44 299 18 437 36 443 11 34
4445 22 285 11 305 10 8 60 81 95 66 50 374 9 65 98 319 1 33 52 315 77 60 51 193 78 287 72 271 88 305 81 45 16 291 6 397 35 373 57 87 97 165 94 86 4 128
4446 22 235 37 118 28 114 79 378 8 6 65 235 27 35 25 184 67 19 49 157 76 445 42 248 51 228 44 218 80 189 53 285 17 141 2 394 6 181 22 213 88 138 50 117 24 24
4447 22 271 90 94 48 299 19 343 42 268 45 321 14 214 50 152 68 135 18 311 38 14 66 370 35 431 10 74 32 326 47 157 75 438 74 286 70 68 77 139 65 197 52 278 49 306
4448 22 309 48 285 23 308 22 336 25 394 7 153 45 188 28 243 94 254 31 195 79 118 66 99 95 205 63 243 8 42 41 213 89 175 88 398 99 23 73 142 97 129 46 293 69 425
4449 22 245 36 262 30 368 59 258 35 124 6 81 80 120 74 340 14 266 52 304 43 239 2 241 26 434 10 4 79 104 24 303 89 288 32 158 96 441 93 71 49 325 3 120 50 392
4450 22 254 33 66 45 187 10 334 40 400 49 365 35 8 20 313 11 394 67 352 81 400 9 178 92 303 50 390 30 352 60 29 44 146 90 180 55 323 69 254 73 185 5 152 48 420
4451 22 254 95 328 21 354 7 413 8 406 4 37 60 65 16 254 59 211 93 290 68 167 61 423 89 295 13 120 49 16 14 148 86 358 27 406 11 183 70 121 74 209 88 274 3 98
4452 22 300 87 146 38 256 64 100 28 305 46 40 74 47 6 37 94 93 95 271 48 257 53 70 79 193 43 188 44 32 63 247 80 201 69 6 57 270 34 263 15 273 61 380 25 107
4453 22 245 72 321 27 122 80 431 41 158 76 235 95 119 16 10 65 447 10 410 67 268 19 38 1 181 3 375 69 215 7 344 21 378 64 299 49 445 30 291 53 107 75 99 43 108
4454 22 263 92 441 70 203 60 187 71 247 89 302 1 265 68 171 15 340 31 189 25 70 42 227 28 218 54 212 35 297 55 6 50 14 44 170 12 82 21 65 49 393 84 119 57 423
4455 22 233 19 287 13 122 12 334 40 111 32 117 65 244 54 11 48 209 10 113 53 230 76 136 2 90 84 244 23 255 1 198 25 339 96 250 94 60 42 6 92 158 20 387 33 36
4456 22 277 22 344 48 226 23 225 13 27 67 99 72 89 55 374 38 131 63 298 79 114 93 38 5 198 81 365 20 117 77 202 52 100 45 351 27 270 26 340 92 40 19 182 94 143
4457 22 262 70 124 5 419 2 120 61 192 77 410 72 241 79 91 69 130 92 269 27 195 45 148 20 136 63 175 46 220 57 265 96 13 35 99 33 445 40 9 55 264 1 333 4 19
4458 22 294 15 197 87 393 41 84 90 312 71 186 74 446 72 267 57 388 12 69 73 311 53 217 52 313 13 158 70 234 24 167 68 107 55 357 69 26 94 294 23 193 17 339 49 355
4459 22 247 3 370 27 65 22 395 66 87 70 333 99 377 2 84 18 206 69 177 10 27 47 37 92 161 14 59 63 413 54 184 41 318 57 85 33 43 6 67 94 334 19 427 85 438
4460 22 316 32 255 66 194 81 412 80 52 56 443 16 164 92 280 78 295 13 318 12 419 54 346 60 413 57 243 83 383 70 115 84 188 58 117 99 139 18 254 85 19 24 64 46 120
4461 22 265 78 115 83 97 69 229 10 28 43 116 22 175 50 301 46 214 37 333 23 253 84 314 89 46 59 408 72 372 55 441 2 320 74 250 38 154 9 67 26 440 27 291 67 41
4462 22 234 79 252 15 281 35 130 4 273 26 212 32 99 86 89 39 287 8 14 97 219 46 115 16 273 54 387 49 394 56 191 22 107 41 137 60 315 14 21 47 12 58 287 53 146
4463 22 290 44 166 81 292 87 378 56 202 52 59 39 403 5 444 93 78 82 142 89 191 6 252 13 204 64 71 40 416 66 335 83 49 26 169 28 131 23 332 42 163 84 296 57 230
4464 22 258 56 50 68 148 5 369 61 311 84 83 51 350 87 36 50 64 54 80 45 228 38 390 44 333 71 307 53 50 13 52 17 360 9 138 72 19 73 4 20 224 6 256 55 320
4465 22 329 14 34 66 292 44 205 81 289 37 378 62 393 82 211 57 86 80 169 94 169 40 262 41 146 33 416 51 89 76 107 60 392 93 177 83 238 31 65 27 69 88 63 78 50
4466 22 233 20 163 29 438 56 249 79 269 90 274 1 407 74 241 33 83 2 174 75 28 8 62 60 124 40 78 70 29 41 297 12 9 9 51 64 408 84 399 53 384 7 428 27 189
4467 22 297 60 78 64 334 58 23 48 167 97 239 47 418 18 437 46 50 72 106 87 63 80 120 13 332 5 20 10 331 21 11 74 357 68 298 6 334 96 194 82 13 61 270 76 408
4468 22 323 69 149 64 20 85 178 6 241 83 313 62 194 93 121 65 203 96 123 22 244 28 358 39 271 52 334 59 127 41 329 78 354 99 312 82 300 20 374 32 382 26 355 92 431
4469 22 257 51 214 2 94 93 361 84 163 50 285 46 60 14 389 38 341 42 286 4 425 37 323 98 371 56 132 48 32 89 389 62 441 15 136 26 119 10 425 54 408 86 19 23 359
4470 22 199 39 361 12 214 47 87 11 17 42 295 14 25 85 304 36 425 59 103 10 256 28 228 68 54 33 125 51 72 13 211 23 425 75 220 61 236 54 132 2 79 18 5 16 142
4471 22 290 64 268 53 421 97 132 88 2 65 262 92 217 85 405 78 245 27 402 69 296 6 134 17 389 37 247 56 341 13 299 82 203 77 231 35 216 32 301 30 424 14 378 46 310
4472 22 234 6 47 81 352 12 88 37 279 77 423 25 184 65 89 35 23 71 287 1 151 16 434 21 395 59 140 11 386 70 44 84 202 97 45 40 83 23 368 57 450 3 73 45 60
4473 22 251 26 195 62 296 13 298 69 57 56 58 19 294 44 439 37 227 90 333 22 81 17 144 48 123 95 151 45 335 39 342 96 114 86 310 12 250 7 380 14 39 77 357 32 67
4474 22 244 95 159 7 177 32 389 43 175 87 367 22 87 64 358 75 55 3 241 42 264 2 442 70 181 50 86 21 376 94 254 89 412 1 65 93 239 10 220 25 226 13 441 40 45
4475 22 260 2 230 37 368 31 228 39 263 77 24 83 52 68 336 44 406 22 394 35 381 15 359 59 7 72 251 58 263 96 312 92 82 29 72 11 167 36 37 41 18 40 258 55 236
4476 22 236 15 356 31 336 50 365 19 116 24 129 23 97 29 382 9 224 43 2 7 21 73 319 38 8 55 378 77 45 37 83 82 51 89 62 8 5 36 127 98 17 11 358 92 353
4477 22 285 9 251 24 33 19 111 92 24 38 220 20 326 2 1 76 290 12 415 79 90 73 184 91 410 62 338 72 297 68 375 5 68 48 289 88 408 80 261 97 149 32 372 53 34
4478 22 309 49 342 48 313 21 237 85 306 78 197 17 117 72 291 14 41 65 220 60 114 59 398 71 40 19 241 44 90 93 327 88 236 26 352 58 313 89 213 42 335 82 260 56 322
4479 22 266 75 149 38 45 58 251 55 307 23 246 17 143 88 12 32 432 71 218 16 224 80 362 40 21 46 23 82 354 57 104 83 253 61 385 59 320 9 254 1 394 49 334 25 438
4480 22 285 6 142 53 429 69 382 93 310 52 188 32 336 43 277 42 246 11 346 59 345 4 128 57 165 5 100 65 238 27 252 45 218 55 75 88 186 67 447 90 205 78 75 99 206
4481 22 248 68 195 16 63 55 112 82 416 24 398 20 326 62 159 52 65 3 221 69 278 11 107 44 407 96 100 87 422 51 92 41 347 60 253 1 421 34 387 95 183 6 422 17 425
4482 22 269 10 271 46 379 48 208 37 444 64 434 95 102 5 297 94 197 43 105 49 143 75 320 28 63 66 110 19 388 87 362 15 207 9 145 57 366 81 402 32 214 98 233 20 445
4483 22 290 78 416 37 132 16 382 9 387 59 321 52 419 91 289 73 177 53 289 34 13 83 342 29 265 93 112 90 344 49 434 22 264 55 331 4 363 17 12 84 169 82 24 51 311
4484 22 198 93 186 26 428 77 304 42 421 17 270 10 360 20 446 33 434 18 438 14 371 2 131 34 185 51 16 11 409 70 63 72 114 48 247 76 152 35 346 6 357 29 425 8 119
4485 22 263 1 324 91 2 56 75 39 406 40 49 16 261 61 339 26 410 35 119 87 338 53 334 57 360 90 236 34 194 99 344 62 401 19 403 4 324 29 242 31 168 42 348 80 54
4486 22 200 37 5 13 423 23 1 11 227 84 417 36 176 4 72 69 102 15 282 33 234 8 158 14 401 88 81 43 385 12 346 73 167 61 196 91 411 6 170 47 74 5 72 28 376
4487 22 281 92 31 73 135 24 159 44 331 72 244 20 205 38 407 16 34 29 82 94 374 75 6 81 194 2 157 25 34 26 66 69 389 52 245 47 145 77 220 91 147 74 128 5 340
4488 22 272 13 333 73 206 9 47 14 391 42 165 97 392 40 182 19 307 48 37 95 149 31 393 46 8 63 388 56 136 15 360 77 330 44 152 85 204 50 145 65 293 83 356 25 103
4489 22 222 14 322 39 59 22 22 53 19 81 215 6 286 3 73 47 81 4 142 32 140 46 32 90 40 73 256 34 207 61 408 59 26 49 84 55 70 50 403 31 37 7 155 35 38
4490 22 293 58 27 69 297 22 352 38 13 24 243 96 282 55 406 40 31 86 241 14 290 10 302 65 62 57 447 15 203 35 352 62 113 73 258 84 176 98 200 90 95 33 95 50 275
4491 22 203 25 388 65 290 79 374 94 193 37 50 41 187 16 443 23 318 54 385 92 264 20 317 11 169 18 200 13 201 96 365 27 20 2 141 10 130 3 375 53 154 15 391 19 210
4492 22 272 15 38 65 251 29 80 70 98 42 438 17 442 2 69 37 216 45 409 35 268 49 401 72 173 55 75 89 147 61 283 11 63 96 82 62 338 21 29 31 422 97 319 90 294
4493 22 251 27 306 28 94 6 130 67 380 36 141 69 32 86 120 42 270 52 332 32 335 96 119 55 174 51 427 22 419 66 165 23 293 91 279 24 8 8 360 50 128 41 187 35 6
4494 22 314 35 238 40 268 73 85 38 127 8 88 3 129 57 370 44 302 43 188 94 373 61 301 82 172 1 362 13 237 99 295 95 386 84 65 70 52 77 140 89 357 98 259 52 151
4495 22 287 3 41 94 275 54 295 58 25 97 419 89 183 31 337 79 28 75 312 42 382 43 168 59 334 57 418 81 367 71 281 19 312 27 145 17 171 4 293 23 84 53 3 72 32
4496 22 282 30 346 45 173 28 176 66 445 86 251 3 255 82 19 76 264 89 439 40 85 55 362 39 99 80 111 32 33 65 204 16 247 1 60 69 30 35 336 27 73 87 179 77 120
4497 22 207 4 383 88 442 25 223 48 36 13 347 18 325 30 200 89 385 17 337 86 426 8 115 63 243 43 335 31 422 50 273 67 33 10 258 7 234 44 396 6 411 20 185 62 361
4498 22 287 72 128 99 309 54 206 25 366 51 268 2 31 39 114 31 113 82 215 22 292 23 358 49 216 5 4 79 227 40 440 37 13 70 37 71 273 93 346 90 293 63 143 53 308
4499 22 255 5 115 40 269 38 131 91 197 29 59 4 134 87 380 25 328 68 438 47 154 10 371 46 307 19 302 15 73 39 51 88 79 81 380 27 311 90 30 76 409 70 256 28 59
