2500 22 236 1 149 37 229 22 191 53 106 73 284 9 235 39 55 17 54 15 154 98 258 24 202 33 33 70 30 97 185 93 262 20 45 62 109 26 184 51 278 41 223 61 149 3 125
2501 22 263 5 170 30 54 27 105 7 12 89 76 93 238 61 85 99 132 13 292 55 296 42 184 36 17 97 237 25 147 91 102 3 60 31 8 39 288 15 250 76 142 54 179 64 286
2502 22 276 8 176 29 214 23 123 49 10 39 45 46 115 92 137 16 146 96 99 6 134 86 220 35 13 61 177 78 215 7 241 52 114 68 32 79 90 54 279 99 292 24 97 59 267
2503 22 283 33 74 12 180 24 17 66 9 88 200 74 101 28 251 67 234 91 18 99 58 49 229 55 208 97 246 83 93 4 249 77 230 9 153 81 74 14 220 25 287 20 205 37 86
2504 22 324 90 179 55 41 88 204 69 186 58 228 82 155 10 27 11 210 92 22 63 144 54 236 9 173 61 95 93 217 83 278 6 13 33 146 100 88 67 185 97 94 19 203 56 197
2505 22 241 65 17 51 256 38 214 52 43 1 12 16 213 59 108 29 241 37 235 6 21 32 5 60 298 42 208 44 112 63 251 8 127 67 110 35 57 23 38 99 276 49 14 88 207
2506 22 270 73 69 10 55 5 82 86 209 42 184 2 201 79 13 63 29 20 190 95 130 76 51 4 113 50 231 13 215 19 120 88 239 71 149 93 275 30 178 35 223 37 124 91 149
2507 22 272 86 271 69 127 66 50 54 68 5 66 36 31 84 106 2 23 44 272 71 36 46 100 13 180 23 78 16 146 20 165 83 291 85 210 8 134 63 127 90 281 96 125 31 230
2508 22 282 64 53 73 235 23 8 80 74 11 96 2 127 93 121 43 128 63 127 89 170 12 3 97 201 35 144 78 97 74 7 60 226 32 46 91 225 15 88 21 216 66 165 8 292
2509 22 279 51 186 80 173 49 83 69 201 17 64 78 266 37 37 25 214 20 71 65 210 47 137 86 9 92 151 74 80 10 217 83 147 55 95 75 48 38 77 16 174 13 93 39 232
2510 22 271 15 3 94 261 91 218 99 200 61 49 25 93 59 93 75 157 41 129 52 23 55 51 74 292 27 141 17 292 33 55 47 109 68 160 37 58 50 150 6 126 42 116 19 116
2511 22 289 73 59 96 276 34 50 78 259 93 204 99 9 47 84 15 222 82 223 41 141 30 198 23 179 56 100 20 223 18 235 29 282 74 14 31 51 72 123 7 122 83 253 57 49
2512 22 296 26 239 23 67 79 295 96 29 69 26 36 69 45 58 86 131 57 266 12 30 94 133 2 68 39 124 50 143 32 50 70 72 87 201 66 34 29 87 59 64 55 255 73 292
2513 22 278 85 229 58 248 11 288 41 143 90 208 81 165 9 175 96 258 95 66 29 181 66 146 46 232 76 61 86 30 33 130 14 139 13 224 26 253 15 212 98 279 20 272 27 129
2514 22 305 67 144 9 199 61 55 65 106 38 292 66 176 22 150 5 187 63 143 86 20 4 51 35 216 87 172 91 268 90 34 76 140 94 282 56 51 20 48 68 195 69 118 51 7
2515 22 233 80 145 6 166 64 62 68 50 29 220 15 115 43 157 34 32 10 171 88 43 27 291 14 274 58 60 94 75 7 206 24 70 19 243 71 299 62 85 13 4 99 87 8 258
2516 22 217 27 102 36 217 16 261 75 275 6 1 37 205 7 242 14 282 11 84 25 182 82 86 18 247 90 63 45 176 2 252 85 29 5 172 20 184 71 47 89 224 83 246 24 59
2517 22 294 64 87 43 188 20 224 73 89 70 114 4 114 42 5 17 278 33 274 50 30 93 33 52 39 74 175 21 19 57 197 77 120 83 271 59 54 95 83 16 197 45 282 90 50
2518 22 265 50 267 34 123 68 163 16 253 67 206 26 41 79 44 49 275 72 68 9 143 78 62 89 261 55 204 37 198 1 87 84 149 76 88 15 282 13 107 12 208 56 138 75 146
2519 22 266 73 53 59 61 65 213 17 273 12 253 70 64 39 137 98 248 72 198 23 59 64 56 67 182 77 4 13 104 1 285 56 159 20 72 14 244 35 66 99 157 48 104 45 178
2520 22 324 83 8 86 58 29 152 39 6 8 251 9 108 88 16 19 85 87 142 98 230 76 15 94 26 71 146 73 26 70 269 56 253 28 241 62 209 92 300 66 51 3 126 59 42
2521 22 284 41 177 26 179 18 75 60 245 53 23 12 150 47 89 20 216 44 272 95 284 33 203 28 84 68 178 38 45 88 231 37 264 56 115 82 274 30 23 78 52 86 128 98 174
2522 22 274 47 265 18 170 12 253 54 214 80 89 34 258 79 178 45 209 67 61 17 281 98 7 74 272 36 277 9 163 75 35 61 291 4 282 2 256 35 268 76 153 93 54 82 89
2523 22 260 62 248 49 278 29 46 28 287 19 199 22 248 60 237 74 94 97 264 79 18 52 265 85 139 40 137 31 93 70 272 55 218 20 32 98 165 11 184 36 262 5 83 21 141
2524 22 294 56 166 90 71 14 168 88 117 84 124 24 260 86 68 30 57 22 199 29 206 96 145 16 279 32 229 83 166 49 76 21 166 65 44 79 184 31 296 67 255 51 42 66 88
2525 22 297 10 247 97 283 77 240 92 21 8 270 5 136 70 137 32 243 2 48 86 181 31 168 76 49 74 178 43 192 65 4 90 161 87 37 78 78 37 100 14 72 56 183 60 139
2526 22 260 25 262 86 162 42 116 30 69 16 255 46 58 62 61 36 123 99 122 11 128 51 20 64 102 85 187 57 168 47 295 44 108 32 258 1 99 87 69 15 241 66 124 39 27
2527 22 249 37 174 1 87 47 112 14 297 83 29 51 220 15 7 39 61 54 182 20 285 91 272 84 177 40 150 70 157 73 8 36 261 33 136 79 299 12 27 34 40 77 153 7 236
2528 22 242 91 67 41 224 39 77 15 10 12 43 2 61 10 86 71 245 46 255 81 145 33 79 56 12 96 240 16 202 27 206 20 267 30 110 7 38 73 68 82 205 72 227 50 227
2529 22 266 59 146 11 189 2 274 53 249 14 168 92 74 73 159 55 83 6 250 54 12 87 226 31 288 35 12 37 37 90 295 82 200 84 183 26 136 83 139 3 84 30 128 57 240
2530 22 286 34 139 45 83 44 9 22 121 39 161 79 226 72 16 62 213 10 143 65 245 78 90 80 260 35 96 61 262 52 1 96 42 97 230 37 57 3 57 64 135 21 187 50 134
2531 22 274 12 276 64 156 5 105 88 117 84 122 44 135 67 196 82 208 45 212 1 14 52 196 29 86 68 268 99 229 6 85 86 93 53 269 14 216 60 82 41 4 93 236 4 59
2532 22 261 87 252 39 273 19 106 60 272 24 210 52 5 67 36 42 212 89 262 25 256 74 277 38 185 59 78 88 103 14 191 13 200 72 213 9 183 36 133 44 187 63 274 31 174
2533 22 241 14 92 50 270 17 27 7 101 85 84 40 239 49 231 52 49 24 255 72 36 63 207 23 47 2 209 36 64 83 118 37 196 61 39 65 230 82 201 59 122 39 207 4 290
2534 22 328 55 279 96 227 67 159 85 89 57 286 98 192 50 232 61 38 79 74 28 96 44 18 36 144 76 9 35 283 64 76 89 143 72 267 9 282 51 297 38 137 46 182 77 242
2535 22 204 27 156 67 207 3 121 50 20 9 294 48 17 28 182 33 103 70 75 26 189 83 207 39 31 45 227 77 26 16 53 19 295 60 86 1 262 6 50 34 266 43 233 35 122
2536 22 207 14 267 77 35 41 254 23 75 61 14 5 5 92 181 30 208 86 100 2 297 85 102 11 143 3 44 8 298 28 142 19 193 60 147 27 200 1 202 74 261 67 131 17 258
2537 22 310 63 98 17 48 97 118 45 134 71 55 76 226 50 135 23 177 29 93 69 188 92 47 40 92 65 104 18 295 72 276 58 269 44 157 62 253 84 7 77 61 8 264 83 136
2538 22 290 92 76 56 231 67 55 70 210 54 287 65 72 81 236 99 90 42 247 72 155 51 274 91 10 2 51 17 117 86 53 8 213 60 91 31 114 12 240 20 198 43 179 41 20
2539 22 297 98 234 18 221 41 269 46 183 78 48 33 246 64 70 50 24 82 110 66 12 23 77 3 142 27 110 84 257 52 76 76 149 62 294 22 202 14 67 91 166 68 236 90 38
2540 22 332 57 171 47 22 35 69 50 289 63 176 99 146 32 250 74 108 51 35 53 272 36 166 90 71 8 256 95 37 79 232 93 250 78 266 15 224 61 291 58 122 76 31 81 278
2541 22 268 65 185 1 52 2 90 22 61 45 12 56 133 90 239 25 91 69 290 78 267 57 54 79 199 27 288 72 254 19 53 31 135 89 231 87 91 73 60 51 117 23 158 13 97
2542 22 256 26 55 65 68 33 183 76 186 13 174 64 100 45 70 70 49 52 5 38 35 43 128 7 2 30 275 25 188 89 284 54 195 21 79 34 96 98 21 80 149 49 19 14 200
2543 22 336 75 51 34 17 30 92 70 259 67 246 46 42 81 95 80 267 59 265 14 75 62 134 54 111 51 54 64 5 55 214 91 23 95 82 44 153 90 299 94 175 79 88 11 107
2544 22 283 14 27 20 40 41 106 93 203 56 298 83 171 54 89 36 44 63 30 78 6 82 77 47 232 22 22 11 210 28 173 68 141 51 39 80 291 44 124 73 27 21 227 67 156
2545 22 250 22 29 37 199 87 119 28 233 50 149 6 212 10 234 36 177 26 87 16 58 77 111 81 22 14 106 48 86 32 215 94 53 95 230 4 133 31 66 71 61 41 56 97 269
2546 22 264 82 35 36 239 11 99 19 132 12 276 32 249 7 198 42 112 44 172 15 77 97 194 20 127 16 181 72 129 40 253 75 191 25 25 61 209 88 37 92 137 95 89 78 206
2547 22 266 32 249 20 160 16 53 39 95 69 271 13 192 51 4 44 65 79 86 42 255 98 50 43 286 41 279 81 81 8 286 64 57 58 24 28 25 18 119 48 141 84 139 91 187
2548 22 263 34 108 17 119 49 72 50 266 2 42 96 134 74 103 72 37 59 229 12 238 53 292 56 124 39 196 78 238 97 163 45 114 82 45 37 50 46 254 3 239 51 108 1 262
2549 22 259 88 64 99 92 55 254 67 294 1 25 23 139 22 285 35 187 18 32 75 119 29 128 68 76 10 31 26 69 83 139 56 47 38 299 53 43 66 198 44 290 20 134 63 57
2550 22 231 68 1 74 151 75 193 80 2 66 247 29 75 7 195 12 145 2 110 34 100 62 277 17 160 20 159 31 105 21 287 72 222 13 23 48 5 54 202 22 100 30 48 88 242
2551 22 292 91 285 95 52 18 246 14 246 63 225 17 221 55 21 41 194 45 114 6 19 62 62 72 163 83 23 44 30 2 84 23 145 68 117 96 37 61 283 24 185 99 96 92 220
2552 22 291 89 285 64 102 42 182 15 103 53 29 37 75 73 218 28 56 40 172 75 108 68 211 69 28 93 45 65 92 92 108 11 180 44 226 82 185 7 148 39 211 77 175 1 92
2553 22 319 64 8 83 236 82 190 3 144 10 82 37 206 46 180 98 205 90 277 48 167 84 273 58 22 86 248 71 286 39 34 93 121 69 226 62 23 72 105 5 77 2 284 74 107
2554 22 193 25 203 54 91 12 190 15 121 11 49 6 159 19 191 49 53 35 70 73 160 31 96 29 54 85 131 53 69 56 259 45 258 65 188 22 54 2 42 16 103 48 174 21 190
2555 22 297 23 225 25 244 98 284 26 93 12 180 44 49 62 196 17 117 55 213 27 71 48 176 54 89 91 8 88 65 80 278 87 105 2 182 85 7 46 49 86 289 97 247 36 265
2556 22 306 16 90 29 242 12 81 41 87 86 129 78 293 69 42 72 246 80 28 47 161 81 183 19 126 83 105 66 131 3 102 70 243 76 211 55 208 51 293 93 132 37 100 63 108
2557 22 300 97 42 36 195 54 68 29 173 46 112 11 294 83 264 93 153 59 20 15 165 27 118 57 171 49 179 7 100 41 266 48 35 53 142 88 221 70 212 66 133 92 28 79 175
2558 22 268 44 71 79 2 90 193 18 16 10 74 38 10 52 44 61 245 8 279 14 249 86 271 82 51 3 273 30 281 99 173 77 174 92 170 43 259 31 217 96 241 20 291 1 216
2559 22 313 52 261 94 17 9 264 2 231 45 252 34 269 81 66 20 6 69 196 79 112 17 74 71 100 90 18 40 261 61 192 77 112 4 122 80 165 85 81 95 81 84 180 64 246
2560 22 260 21 221 66 268 52 29 37 225 99 236 14 169 27 226 29 270 54 92 74 276 71 38 12 51 32 245 34 12 46 49 9 66 70 226 85 121 45 105 56 10 73 234 35 201
2561 22 270 4 141 92 77 16 262 14 279 64 297 23 197 60 268 45 120 85 266 22 86 51 142 82 155 50 191 79 283 78 79 86 18 35 179 63 198 76 86 46 287 5 90 7 242
2562 22 283 8 203 63 193 53 56 27 159 5 17 37 140 46 167 77 15 88 91 99 174 69 62 23 196 68 183 55 110 89 296 17 191 10 161 44 266 87 54 22 56 91 13 57 90
2563 22 278 68 297 80 266 70 200 79 293 96 277 12 278 32 121 66 79 37 208 41 250 3 58 88 157 31 43 47 244 33 215 51 264 21 215 59 165 10 287 76 39 49 4 64 189
2564 22 310 86 66 46 74 74 176 68 220 71 15 75 255 29 125 70 161 97 185 19 213 94 105 89 233 37 288 73 3 15 111 69 260 84 94 87 103 14 58 18 240 12 98 16 282
2565 22 273 58 113 66 128 25 111 33 165 95 159 53 135 85 26 37 299 36 257 71 51 96 225 16 253 42 55 17 192 22 298 49 34 15 277 11 77 61 27 72 171 80 58 55 157
2566 22 309 94 153 92 151 62 114 53 57 38 68 32 174 78 23 95 127 23 181 41 251 43 117 11 69 40 81 48 97 87 4 91 139 47 193 52 212 97 109 2 264 22 133 89 299
2567 22 225 7 35 25 129 15 217 80 9 85 42 30 125 75 277 21 161 33 263 52 131 3 95 63 96 18 184 58 234 86 93 10 66 59 26 97 68 11 291 35 165 9 222 28 192
2568 22 239 28 231 38 283 45 133 52 181 12 210 14 49 54 224 1 63 31 111 53 179 97 217 56 56 93 216 77 121 7 156 3 144 90 47 42 227 91 3 39 56 16 105 19 16
2569 22 235 67 150 79 271 80 275 39 235 82 231 51 110 3 9 66 257 5 207 4 232 23 2 26 113 9 141 17 28 35 229 8 165 43 295 47 26 97 56 28 205 73 85 61 280
2570 22 297 40 93 79 173 67 33 99 79 41 191 48 220 51 182 89 39 60 154 33 254 52 158 50 207 38 106 80 174 59 65 11 289 77 21 87 207 14 230 6 185 88 85 21 278
2571 22 220 44 26 10 297 77 268 98 83 57 3 14 230 21 124 46 131 13 34 59 185 73 218 2 223 83 133 62 119 5 139 30 249 6 268 41 76 54 57 34 30 16 142 35 75
2572 22 313 78 259 92 228 60 266 62 145 28 80 1 18 93 231 66 202 88 285 80 60 72 186 16 257 15 269 73 108 4 147 85 62 90 112 74 207 25 270 34 204 22 52 96 152
2573 22 252 69 149 92 106 60 123 17 284 8 33 40 222 1 12 29 156 10 266 70 151 95 110 54 116 57 37 98 105 41 67 5 84 24 265 6 140 48 214 39 187 77 3 68 132
2574 22 304 64 233 53 167 13 299 76 66 14 170 75 203 68 79 43 286 35 278 9 99 83 48 98 148 24 37 87 300 91 54 54 38 36 220 50 34 95 216 17 242 84 20 48 269
2575 22 235 54 25 29 5 7 28 51 242 93 50 32 298 33 138 35 20 57 236 5 4 3 56 20 144 9 155 15 256 75 121 80 103 25 239 30 30 97 233 72 289 82 3 38 266
2576 22 274 40 124 37 249 59 142 4 262 97 123 57 158 29 72 13 203 92 145 5 68 83 186 79 118 68 219 23 256 17 262 54 262 89 295 65 202 43 139 67 130 69 21 9 73
2577 22 197 88 243 59 236 73 76 4 143 27 126 50 96 39 228 49 153 68 295 17 70 37 8 28 89 74 257 5 295 29 265 19 168 7 77 3 131 6 273 83 283 22 278 1 278
2578 22 235 26 268 72 194 37 261 1 216 75 172 5 121 69 239 19 127 68 222 57 272 79 229 6 62 2 236 35 202 13 12 21 237 58 197 73 297 84 97 53 104 48 173 42 167
2579 22 287 99 109 88 255 32 218 35 90 79 88 25 265 89 289 28 261 33 270 21 142 95 169 91 121 90 293 69 256 43 130 49 261 13 283 50 43 22 126 60 162 15 87 23 39
2580 22 251 19 92 60 160 86 80 36 28 1 263 18 245 84 73 88 113 20 88 25 284 71 227 26 244 52 85 6 166 72 228 5 242 16 154 57 195 89 84 47 204 44 239 83 51
2581 22 293 97 270 27 280 92 153 57 36 5 142 41 122 65 120 78 58 90 193 63 246 40 152 82 38 7 282 81 45 15 147 3 85 73 34 28 278 91 263 34 284 55 55 48 274
2582 22 293 33 157 64 77 20 161 68 23 42 6 29 276 38 225 34 105 71 37 89 195 22 116 72 212 31 105 95 285 12 294 11 96 51 226 70 86 92 292 80 249 55 186 96 88
2583 22 283 90 218 76 230 12 298 98 36 61 228 92 156 64 103 1 274 3 251 22 124 37 13 67 168 38 222 85 9 40 102 21 266 34 18 94 297 13 47 54 38 44 156 89 65
2584 22 303 80 77 29 146 44 89 36 165 39 120 25 278 74 213 98 239 46 268 91 92 64 234 28 280 49 66 24 205 54 40 82 221 81 125 61 16 41 99 88 17 30 26 51 127
2585 22 299 93 141 70 8 74 266 88 106 14 153 81 218 58 172 5 139 92 286 15 153 53 55 51 292 71 79 4 52 56 54 79 200 46 148 59 72 13 46 77 179 50 257 48 259
2586 22 283 28 53 97 220 90 163 24 194 17 126 86 40 56 89 43 111 95 21 62 140 21 21 11 85 18 87 63 120 78 223 27 194 52 89 45 58 42 82 49 150 71 291 60 65
2587 22 287 12 74 56 284 46 167 68 263 5 83 34 100 45 212 74 107 90 267 10 278 35 6 87 228 88 235 77 10 26 89 89 162 81 272 7 247 91 21 4 225 55 103 69 66
2588 22 366 76 275 55 194 36 284 80 142 71 259 81 5 90 282 15 270 37 247 93 95 94 84 97 8 69 51 77 86 78 203 92 223 91 128 2 284 98 160 64 254 47 5 22 171
2589 22 252 57 210 17 250 4 62 33 171 58 92 91 60 20 29 37 275 72 259 65 299 12 48 48 124 11 254 70 67 89 244 97 153 53 146 9 115 30 131 24 22 21 184 93 49
2590 22 235 72 67 21 283 83 271 94 230 19 17 92 172 39 58 12 82 46 60 86 99 6 194 65 135 24 140 8 97 23 53 97 47 17 29 2 140 22 283 10 291 75 33 29 84
2591 22 245 44 210 30 203 47 280 60 141 96 47 16 135 54 64 10 6 61 256 77 129 84 230 68 257 12 77 38 109 27 22 4 88 3 259 35 182 70 227 29 216 94 63 22 258
2592 22 298 72 279 18 227 55 98 62 136 71 48 46 269 85 55 96 58 10 183 60 120 17 193 90 195 21 257 89 236 78 46 7 157 15 134 63 112 47 199 81 117 27 86 82 33
2593 22 263 81 92 42 115 51 14 84 296 55 278 68 11 66 103 89 163 10 97 29 195 59 41 93 109 21 210 6 299 47 88 31 279 73 93 38 228 28 292 48 2 23 50 11 38
2594 22 284 66 57 49 258 50 57 31 111 63 29 57 2 60 135 32 284 79 264 21 207 44 212 64 291 13 238 92 155 75 255 93 11 12 249 80 22 11 161 30 164 20 64 95 203
2595 22 294 95 58 23 1 1 34 16 143 98 153 35 204 80 189 48 172 51 39 21 215 87 53 88 149 13 218 12 184 33 158 86 127 60 179 68 45 94 263 42 299 49 298 78 189
2596 22 257 45 249 39 183 21 105 22 25 93 70 37 10 34 172 94 291 57 273 58 268 51 26 12 297 40 106 95 288 3 124 76 247 24 66 81 44 71 102 63 172 9 24 5 281
2597 22 321 69 295 37 141 53 205 44 30 68 40 21 73 86 108 75 261 35 173 84 100 54 179 70 207 99 232 30 108 7 134 88 176 81 76 16 185 80 59 66 300 50 86 72 287
2598 22 244 45 299 47 279 23 30 78 28 61 100 35 259 83 64 66 90 50 205 17 182 81 32 18 12 43 83 11 44 20 135 31 216 33 29 94 107 71 122 21 81 5 236 46 185
2599 22 334 51 62 18 83 45 235 95 287 69 105 83 40 39 165 55 123 82 55 75 116 77 96 88 258 52 223 56 149 60 206 10 277 89 55 64 135 93 32 27 124 30 91 78 104
2600 22 240 36 30 85 142 4 252 19 151 39 28 3 214 83 51 73 88 13 101 28 119 64 262 63 148 53 190 71 234 32 100 37 119 29 122 61 132 31 283 58 237 77 240 1 79
2601 22 314 3 201 59 221 17 272 84 164 76 125 86 209 56 37 46 275 66 119 87 49 91 17 83 6 74 71 82 65 62 82 43 264 35 153 37 51 25 172 96 203 9 151 39 6
2602 22 306 77 156 24 163 5 66 31 39 72 56 10 53 20 23 87 15 86 221 67 222 23 43 93 288 43 140 90 203 80 208 19 36 83 134 92 148 64 30 91 24 13 262 57 251
2603 22 286 82 224 72 256 18 17 43 212 8 184 14 250 63 73 69 98 55 54 41 55 17 171 73 288 61 48 31 26 9 87 76 242 62 199 97 80 67 191 91 175 74 157 24 189
2604 22 234 81 44 38 136 49 179 90 266 1 214 5 161 62 35 22 174 13 264 35 112 12 66 78 103 9 4 28 265 16 245 23 206 32 72 84 73 89 184 39 145 96 52 34 73
2605 22 304 5 246 88 91 9 300 57 187 2 17 90 29 81 69 97 277 44 102 61 167 37 285 7 120 75 151 67 126 34 300 51 238 98 38 6 37 89 44 86 271 65 149 68 277
2606 22 262 67 204 14 73 75 88 76 41 9 93 16 47 90 253 79 247 42 167 91 283 23 28 53 259 33 119 34 138 52 100 93 65 25 219 12 117 8 104 84 106 45 37 30 202
2607 22 242 33 112 24 260 17 134 93 287 9 126 77 12 21 76 1 240 79 100 51 148 8 106 31 265 50 19 49 292 2 225 64 26 84 180 11 276 66 119 53 42 82 130 63 9
2608 22 281 82 54 40 182 56 239 41 161 69 5 62 240 5 253 91 207 77 254 84 61 85 194 88 51 65 241 44 298 22 258 7 203 11 46 36 66 28 278 4 285 39 195 89 244
2609 22 261 86 247 20 91 82 232 76 228 26 44 12 221 41 133 79 47 87 189 44 223 7 127 50 36 83 134 75 277 18 114 73 89 5 155 21 232 34 40 57 177 51 229 17 235
2610 22 318 7 16 21 48 59 295 6 38 45 141 20 30 15 148 56 84 62 181 73 218 87 245 49 220 84 157 96 86 85 64 44 79 92 291 90 87 48 79 83 288 98 64 55 97
2611 22 335 20 290 58 200 62 27 86 158 75 257 93 31 52 278 68 167 49 111 98 141 53 287 79 300 65 261 87 14 24 193 10 95 83 220 46 96 31 254 73 39 55 142 76 122
2612 22 262 9 224 84 6 16 136 44 94 87 160 54 226 25 130 18 86 24 52 5 270 48 3 52 101 27 91 98 181 32 173 55 240 49 38 97 264 26 40 10 164 99 163 89 175
2613 22 274 92 259 61 216 62 17 85 209 19 288 45 78 59 178 10 283 32 1 31 21 98 147 89 256 40 170 2 214 12 174 29 74 91 65 82 261 52 95 58 182 5 135 43 187
2614 22 222 18 243 70 138 92 268 36 81 23 49 72 92 50 85 5 62 11 185 87 253 49 168 13 53 14 222 34 218 8 176 57 225 78 115 45 2 46 167 17 10 51 53 15 264
2615 22 240 63 251 50 67 70 32 4 83 53 289 1 61 16 209 37 85 86 203 98 130 56 43 48 57 11 57 8 64 23 171 78 74 21 245 25 90 28 80 24 280 68 276 92 283
2616 22 267 84 181 67 121 35 117 50 91 11 49 47 222 6 106 37 280 77 266 5 49 62 181 90 289 60 113 21 27 41 164 61 24 96 180 45 231 46 21 58 195 19 231 52 25
2617 22 204 19 83 1 285 40 101 46 120 42 235 32 206 7 210 70 271 22 266 50 18 48 197 63 268 6 109 86 137 12 262 55 295 14 139 34 114 37 105 23 288 13 129 98 158
2618 22 287 50 220 31 15 69 48 62 17 63 281 22 71 19 58 35 180 65 29 94 103 14 59 91 170 66 113 58 78 41 107 87 291 26 18 57 146 17 71 79 51 83 202 21 193
2619 22 261 36 253 57 16 46 11 81 256 2 2 21 114 59 50 7 265 89 97 42 158 5 187 26 275 48 105 78 183 58 98 75 45 50 283 12 247 93 192 55 46 45 227 60 104
2620 22 233 29 18 20 117 14 162 26 18 48 51 45 148 7 122 30 264 71 156 60 73 38 171 82 114 25 228 59 252 39 214 80 156 33 96 21 246 73 90 46 223 34 245 55 274
2621 22 297 93 278 29 205 50 18 75 120 99 189 45 178 48 68 12 127 23 296 74 295 42 146 85 39 68 218 83 249 25 8 94 202 88 298 3 205 72 122 55 12 18 85 10 165
2622 22 242 52 273 91 127 69 16 21 262 61 205 81 175 34 229 51 41 22 104 28 19 6 132 43 227 38 154 97 122 16 161 74 188 4 100 8 219 72 169 32 177 68 164 3 201
2623 22 299 92 253 41 166 56 168 36 161 51 78 39 89 84 187 10 251 48 235 90 3 86 98 73 58 66 104 34 134 67 88 11 40 79 276 47 298 63 59 1 41 49 189 76 136
2624 22 276 50 78 35 137 67 289 22 64 61 279 30 117 64 215 83 51 52 245 42 130 72 40 80 235 98 280 27 99 20 154 34 121 31 220 57 197 8 179 68 209 84 173 19 223
2625 22 300 59 115 17 241 87 156 72 21 6 151 47 104 22 252 89 242 82 8 51 78 67 129 90 186 37 183 61 190 40 236 1 154 52 293 92 259 64 12 66 110 7 180 94 214
2626 22 290 30 72 80 10 13 118 99 96 39 59 85 130 94 37 35 45 29 27 4 192 90 19 57 252 38 143 12 44 23 6 58 204 89 214 41 6 88 96 70 225 25 116 61 260
2627 22 221 12 290 86 267 33 127 42 78 23 84 66 158 99 175 14 27 64 27 19 121 38 7 17 159 83 193 74 243 52 186 84 189 4 269 16 189 10 93 11 45 34 229 3 132
2628 22 204 3 68 10 218 94 81 91 183 39 59 41 121 51 67 15 103 4 151 43 207 19 58 48 28 58 72 88 86 26 72 93 281 38 113 20 251 13 123 9 31 11 34 5 292
2629 22 280 58 263 39 37 17 49 8 104 86 186 75 126 30 208 36 268 20 35 23 93 51 145 1 81 82 263 66 221 67 158 78 181 48 214 97 96 74 253 11 127 59 40 94 59
2630 22 301 6 281 98 128 73 300 72 225 81 106 87 246 26 105 55 256 38 203 21 134 46 138 31 56 65 242 48 50 58 207 67 155 86 291 15 287 53 232 92 10 39 247 47 41
2631 22 303 20 232 90 265 70 173 73 86 14 220 35 300 29 94 19 84 79 209 88 176 76 202 28 259 94 37 97 192 89 163 67 279 36 151 52 221 16 223 7 67 51 252 85 286
2632 22 257 83 246 75 170 21 2 24 200 13 69 37 161 60 123 50 123 89 80 2 76 82 5 48 297 27 207 15 77 58 100 63 40 45 89 62 165 43 85 64 155 53 52 16 38
2633 22 263 15 247 91 243 28 95 90 276 73 248 50 158 42 264 49 286 52 210 2 194 46 17 21 167 14 47 34 203 13 281 94 155 60 140 97 288 44 78 62 53 19 77 56 180
2634 22 260 63 9 74 61 25 225 10 145 91 175 43 177 78 156 57 71 16 210 6 155 2 232 87 154 7 109 70 117 68 230 42 292 38 135 66 281 11 243 36 219 65 197 86 26
2635 22 303 55 241 56 172 86 161 26 249 68 86 43 289 3 10 70 96 53 260 85 187 25 165 49 119 52 167 83 249 5 209 45 160 10 168 93 45 89 179 87 129 33 296 98 228
2636 22 291 1 110 12 287 34 29 88 105 32 206 87 132 10 247 86 154 6 95 22 203 17 166 47 205 96 234 80 281 83 207 81 292 71 120 78 151 59 82 82 64 20 166 74 67
2637 22 255 51 179 24 246 52 126 62 170 73 18 65 58 3 245 90 286 71 29 25 42 6 227 39 209 15 259 74 288 19 300 21 170 26 34 50 104 56 7 48 243 70 24 83 111
2638 22 256 29 9 62 220 69 77 78 94 16 254 70 34 53 290 56 78 76 46 27 179 1 85 36 204 85 131 54 154 44 165 34 52 21 54 82 114 35 183 55 288 25 210 17 300
2639 22 251 56 144 30 108 80 65 12 16 47 273 70 152 68 286 86 119 63 290 91 17 72 5 38 158 39 192 45 163 2 262 14 57 57 143 16 188 8 279 4 206 51 273 58 70
2640 22 252 58 195 89 272 84 79 88 7 35 225 17 126 61 288 70 74 2 78 30 96 93 170 55 272 73 261 74 97 18 44 6 212 77 147 14 117 1 93 22 126 34 165 8 118
2641 22 250 7 289 14 52 58 268 75 282 28 48 78 297 43 235 8 126 64 107 92 180 12 292 24 133 17 285 66 281 25 99 73 114 71 31 98 5 59 197 34 255 40 69 15 217
2642 22 287 84 21 60 115 51 138 16 67 22 33 88 158 98 60 23 261 35 45 91 284 49 1 80 183 8 271 3 274 40 186 94 199 77 202 89 44 68 11 28 119 37 68 9 59
2643 22 244 28 95 4 71 78 204 23 9 38 130 32 140 3 23 77 148 73 76 24 174 17 19 94 27 47 12 76 235 80 136 46 159 30 149 29 59 52 67 42 233 50 81 36 224
2644 22 222 10 183 97 37 59 70 53 229 63 79 27 27 6 62 41 107 64 122 7 245 80 110 96 299 3 228 48 236 15 72 45 250 20 181 60 89 34 88 4 64 30 70 28 235
2645 22 252 62 134 50 84 92 194 63 53 41 261 56 221 61 143 87 284 36 3 19 95 43 204 83 246 20 149 75 89 76 61 2 61 11 185 52 256 49 160 21 72 5 207 7 143
2646 22 259 95 109 62 289 52 17 23 197 36 123 24 176 98 84 78 110 46 162 61 154 17 102 73 79 74 96 80 203 11 139 15 14 8 189 63 243 12 286 19 61 21 96 71 19
2647 22 307 9 231 72 122 99 25 46 230 98 241 65 129 95 242 55 206 33 269 71 40 85 34 20 22 52 281 43 299 51 213 60 133 84 233 78 265 57 70 29 137 22 191 6 211
2648 22 294 92 97 20 229 31 39 50 34 71 144 85 273 56 144 6 139 28 141 5 105 26 285 95 290 58 85 11 164 96 155 12 115 83 142 84 228 7 157 74 86 97 223 90 153
2649 22 261 81 15 89 175 57 47 59 19 62 6 73 273 72 7 67 77 91 146 56 18 9 155 12 225 52 60 48 241 65 128 7 205 2 115 51 12 34 264 18 6 17 155 24 260
2650 22 287 27 275 26 90 29 201 99 69 17 226 22 279 42 124 90 127 88 7 84 128 96 248 34 212 54 137 48 162 4 25 3 55 53 203 73 120 78 151 93 56 44 116 45 270
2651 22 283 55 104 54 82 99 101 67 262 7 55 97 135 2 10 90 278 12 44 30 267 96 102 38 25 53 130 32 148 45 229 18 252 71 33 82 123 52 95 29 6 44 16 60 253
2652 22 276 5 237 65 49 19 231 96 220 20 73 24 249 4 124 93 184 41 144 67 263 29 48 85 232 95 266 89 138 33 248 90 37 37 106 55 88 26 207 57 2 60 125 17 295
2653 22 276 62 79 75 162 15 258 56 232 47 193 64 246 34 1 92 189 88 31 21 66 38 29 19 144 89 295 95 284 11 42 97 241 16 258 55 274 13 139 72 257 2 217 43 154
2654 22 321 51 234 43 190 64 115 7 253 44 177 97 84 71 143 19 33 84 215 73 252 80 225 37 18 48 194 36 25 66 221 67 8 33 14 89 76 91 37 59 113 79 29 46 63
2655 22 237 44 170 14 116 49 290 4 118 37 297 89 152 84 13 70 204 31 277 40 63 42 80 39 232 16 49 97 294 78 242 8 73 63 121 12 162 43 29 50 40 17 54 23 81
2656 22 257 23 279 11 51 70 274 92 249 64 76 72 109 41 165 17 113 27 89 52 238 51 147 19 100 86 87 5 260 20 227 38 130 77 107 55 69 18 196 82 67 79 74 31 195
2657 22 249 39 257 83 42 47 285 88 17 37 73 3 41 85 74 20 74 4 296 81 110 16 287 28 11 9 161 29 187 86 59 33 224 68 167 66 14 52 153 30 288 78 184 14 258
2658 22 232 99 187 13 95 67 22 62 106 1 25 14 113 53 252 12 84 22 279 50 39 44 101 73 140 21 8 20 86 17 18 72 229 64 91 3 126 96 203 61 16 2 264 65 47
2659 22 297 87 295 48 226 38 201 69 162 40 141 22 11 78 238 29 249 19 244 39 221 86 175 70 298 42 24 61 107 7 294 35 107 71 124 91 286 46 83 57 60 96 137 60 114
2660 22 288 80 99 86 201 36 13 22 134 54 245 94 61 37 153 6 71 59 128 65 70 31 62 4 189 70 263 85 58 50 190 72 36 90 8 48 63 41 53 8 286 96 190 18 148
2661 22 297 49 111 64 270 94 226 73 282 47 187 18 205 61 68 32 103 35 139 2 297 31 254 56 69 71 151 58 192 68 158 93 231 21 114 24 298 87 57 97 173 75 101 33 242
2662 22 281 46 17 96 180 7 297 76 290 2 284 58 224 34 67 16 254 24 260 84 297 73 259 11 15 42 284 41 94 68 182 91 184 29 270 43 77 98 132 31 181 89 54 66 7
2663 22 240 21 19 31 180 2 279 5 160 76 115 27 70 50 167 63 70 1 254 53 181 75 95 58 224 26 88 4 166 93 170 73 114 40 155 45 142 85 49 60 216 29 117 44 186
2664 22 266 2 249 91 282 23 285 47 263 30 2 80 23 4 188 63 10 32 56 94 33 60 206 43 286 16 192 29 2 45 229 92 26 52 228 69 50 42 198 3 174 72 26 77 159
2665 22 280 40 39 91 47 32 175 58 189 74 200 75 289 55 42 35 84 85 213 87 213 33 36 54 230 90 79 2 267 56 112 6 94 4 77 28 262 66 1 61 192 42 4 46 135
2666 22 275 90 129 20 154 15 84 86 202 89 168 92 68 21 58 23 232 16 268 71 96 13 32 66 245 4 159 50 293 41 178 64 95 93 247 80 246 36 199 37 3 19 147 77 251
2667 22 254 62 196 36 232 91 148 16 104 65 12 7 123 11 208 68 251 86 31 97 130 30 129 75 265 27 164 19 46 10 247 48 223 42 183 54 184 82 221 39 47 32 198 21 294
2668 22 283 5 88 97 242 71 93 23 200 73 198 16 52 13 286 22 232 96 44 25 78 49 8 59 170 47 257 53 296 78 147 17 195 94 187 39 216 38 12 65 105 63 277 90 211
2669 22 261 98 73 6 193 97 235 42 205 45 63 3 102 67 50 31 165 1 47 59 294 86 98 10 175 61 74 32 275 51 121 37 200 46 94 28 286 72 100 52 25 66 201 55 283
2670 22 308 2 154 41 95 91 190 56 65 30 96 76 232 69 64 83 214 57 27 7 236 64 205 60 215 84 281 63 58 96 55 4 86 45 260 98 141 50 174 24 70 89 6 46 33
2671 22 250 41 133 48 45 92 63 1 228 95 109 70 109 18 165 63 121 2 159 32 203 57 24 4 182 47 73 5 107 67 289 36 292 91 198 44 170 52 139 69 55 42 56 25 225
2672 22 299 11 233 49 14 66 147 39 36 51 245 54 39 92 53 27 236 96 176 79 165 20 31 56 123 10 189 44 218 69 228 98 217 93 264 63 131 76 204 19 9 82 254 4 58
2673 22 282 85 220 29 167 27 151 17 137 92 161 6 257 33 106 97 77 21 211 8 171 76 35 84 53 35 265 59 190 74 143 61 102 9 188 5 177 96 89 81 52 69 265 65 41
2674 22 264 30 28 52 155 34 78 38 139 64 203 97 205 28 91 66 130 99 5 86 27 80 281 16 260 84 84 24 292 1 16 21 280 25 134 49 102 39 118 26 135 22 105 75 143
2675 22 274 19 154 22 151 69 233 34 104 8 226 56 224 98 35 39 22 21 39 76 44 78 45 64 118 25 141 57 159 67 151 29 120 80 140 65 244 17 142 51 240 92 86 30 265
2676 22 250 6 268 40 49 97 236 69 161 54 93 1 62 3 267 64 84 87 88 15 278 79 221 13 21 72 204 9 133 28 166 52 68 14 149 55 134 61 108 78 61 21 281 85 116
2677 22 262 17 272 30 195 20 8 67 132 80 190 35 43 98 167 71 163 90 128 19 144 61 279 4 291 91 224 23 221 60 138 38 132 32 51 26 250 58 140 69 200 37 188 22 52
2678 22 324 10 63 79 228 59 192 58 14 82 100 37 204 20 149 93 157 80 59 40 82 36 190 16 293 81 37 45 217 76 218 68 285 99 264 39 90 73 4 23 72 92 226 91 140
2679 22 256 70 300 19 180 91 253 15 232 20 8 12 108 4 281 83 221 1 198 82 191 39 54 94 61 25 186 38 268 77 107 96 286 9 200 93 219 60 56 27 115 36 161 35 36
2680 22 261 80 288 85 113 30 24 19 176 36 95 13 174 62 189 32 136 18 141 35 70 6 129 40 84 95 276 44 29 63 275 68 99 50 122 58 225 10 152 89 183 14 277 97 113
2681 22 260 31 289 99 300 73 256 80 113 39 174 40 35 55 254 61 74 52 200 23 226 57 47 35 161 87 169 26 164 82 222 28 65 11 278 16 83 34 48 47 24 38 110 27 91
2682 22 323 71 1 43 122 75 120 31 274 54 291 60 274 16 23 55 37 2 171 99 80 87 134 65 86 80 88 58 218 98 285 68 37 41 263 73 71 36 126 61 96 51 228 70 206
2683 22 264 17 272 28 15 51 166 15 251 80 254 9 249 45 8 70 81 62 211 43 86 33 31 64 94 26 114 73 295 19 89 66 199 56 68 55 234 86 188 23 86 90 119 46 60
2684 22 266 51 159 22 293 44 54 75 207 99 200 21 24 47 91 64 264 89 19 32 105 26 17 19 263 56 193 49 46 11 194 57 261 52 178 5 47 83 132 54 182 31 26 77 116
2685 22 263 68 241 57 139 24 261 16 92 31 278 48 23 78 93 85 23 49 97 26 178 53 173 60 284 93 67 51 49 95 18 69 87 74 59 10 134 2 264 3 1 38 181 22 81
2686 22 283 70 227 53 181 10 130 26 28 32 74 23 49 94 209 75 52 71 160 25 24 24 280 13 212 68 139 66 260 60 246 81 86 98 161 48 27 86 127 58 12 49 159 5 210
2687 22 276 33 109 32 292 85 55 67 264 30 132 75 297 70 41 56 181 86 236 19 236 48 118 62 86 44 72 49 245 5 154 14 13 98 291 24 261 20 155 88 116 76 280 23 56
2688 22 235 17 110 26 252 9 243 14 94 87 37 94 131 18 199 36 131 11 272 8 262 10 221 81 216 60 248 43 139 22 199 55 283 76 107 91 19 72 137 57 108 30 139 25 28
2689 22 303 26 7 39 197 93 198 58 55 18 290 22 277 89 165 67 162 15 22 44 190 80 134 60 251 68 110 52 158 86 179 83 292 69 31 36 67 88 90 29 164 65 269 28 131
2690 22 256 30 142 4 273 83 83 59 43 85 180 62 194 31 220 54 222 82 85 58 248 24 99 36 253 73 289 3 182 86 75 65 120 5 165 20 150 47 39 33 260 45 54 42 229
2691 22 306 63 141 52 214 76 256 75 275 29 216 9 83 49 94 57 165 65 194 23 221 58 43 56 133 55 16 77 60 5 123 97 209 88 73 16 262 99 196 59 278 30 52 87 294
2692 22 271 69 80 17 289 89 11 11 244 43 65 59 172 25 115 28 299 64 88 86 288 4 99 38 251 80 97 29 209 67 254 68 246 22 257 34 232 27 184 88 298 60 254 77 58
2693 22 304 17 265 95 104 20 45 94 270 24 90 50 84 89 116 38 257 13 259 98 243 31 127 69 214 14 118 73 219 46 82 36 10 28 191 81 73 84 103 96 273 52 32 70 32
2694 22 273 79 182 30 21 64 208 41 178 73 258 2 91 4 284 78 65 11 69 46 83 31 277 51 62 90 270 82 11 54 12 44 83 33 207 42 173 84 214 83 286 38 21 34 54
2695 22 301 83 2 51 218 5 250 33 1 61 74 22 294 84 75 27 209 89 234 50 14 69 215 48 106 71 185 78 204 38 261 41 178 90 177 46 242 19 264 34 255 99 179 66 300
2696 22 262 92 87 15 139 44 185 75 122 40 64 82 96 4 11 56 246 39 101 87 279 72 202 12 226 1 258 90 31 76 41 22 114 55 112 57 191 86 178 30 250 11 125 5 21
2697 22 265 33 250 11 85 37 41 56 38 4 281 81 205 91 70 87 266 9 79 17 72 60 258 65 141 59 75 66 15 48 250 10 34 53 251 90 242 54 122 23 10 12 92 97 129
2698 22 311 54 257 59 123 28 146 82 37 62 22 95 36 39 10 35 288 26 145 74 178 63 119 36 141 10 148 85 206 90 214 64 241 84 97 78 145 71 24 32 209 67 249 11 74
2699 22 309 39 157 36 158 56 271 50 17 70 86 74 250 76 187 88 291 28 223 57 119 58 180 66 17 68 166 26 30 65 186 94 249 75 10 61 284 19 88 22 158 30 101 80 217
2700 22 281 57 198 74 189 92 257 67 9 82 297 48 298 34 225 23 227 73 50 89 95 62 24 65 149 45 123 78 98 54 247 6 204 20 46 3 211 2 221 36 217 19 133 95 8
2701 22 240 29 120 57 169 14 118 92 178 18 189 52 47 86 6 93 91 9 165 37 163 27 138 83 46 73 52 16 158 54 211 17 134 82 273 3 295 42 194 24 211 34 276 19 281
2702 22 302 2 262 41 166 50 155 92 39 37 90 64 40 57 221 93 119 89 179 61 181 94 54 26 170 60 145 20 130 77 273 91 169 38 292 23 182 31 11 51 179 14 95 98 202
2703 22 228 73 249 14 153 95 167 31 64 82 42 8 153 71 136 26 14 4 15 5 26 96 35 36 218 28 138 49 193 33 198 46 205 11 110 40 229 92 103 10 233 62 263 3 197
2704 22 291 40 168 54 173 77 102 59 13 19 139 50 219 83 134 16 281 91 262 43 252 53 272 56 133 75 269 47 229 66 286 97 117 92 21 94 293 31 158 11 221 7 282 4 193
2705 22 269 97 36 83 58 78 234 11 101 76 18 34 202 38 132 30 255 18 278 72 9 98 165 1 29 74 63 49 80 44 4 24 193 39 6 2 117 91 112 17 66 81 202 19 271
2706 22 244 34 149 25 203 26 296 63 176 12 15 56 285 29 256 17 225 60 140 50 198 18 218 88 282 87 6 14 88 24 184 73 224 9 75 89 277 68 155 32 104 84 187 20 208
2707 22 258 46 112 76 196 9 193 65 248 74 51 53 140 39 29 23 11 52 131 38 53 78 29 6 133 60 209 16 147 81 75 44 44 50 291 4 42 56 51 68 206 59 96 36 181
2708 22 290 59 87 64 48 92 102 25 220 57 232 19 24 78 99 98 173 94 299 16 297 93 71 12 28 7 270 24 42 50 34 28 265 81 71 66 105 91 24 14 222 43 89 51 93
2709 22 288 39 275 87 237 90 35 81 12 34 192 40 40 61 215 63 300 27 80 31 145 36 73 20 1 46 214 96 59 28 123 45 16 12 131 97 76 65 288 67 56 1 133 89 263
2710 22 247 32 201 41 211 31 185 98 56 5 199 1 70 88 249 28 67 71 172 82 134 55 178 9 71 66 75 26 66 7 14 80 90 14 120 52 197 50 252 61 148 4 230 87 52
2711 22 234 58 253 22 281 86 8 35 264 16 105 81 43 83 298 1 48 77 91 14 248 42 210 52 143 13 164 46 280 20 203 32 241 18 300 33 216 78 213 10 160 62 10 60 38
2712 22 271 52 273 85 46 34 289 88 198 4 282 13 49 61 84 3 193 77 238 62 76 11 46 91 188 10 300 71 62 59 8 31 44 58 264 84 198 79 125 36 139 39 83 37 28
2713 22 281 96 112 38 141 55 277 2 206 76 172 67 134 79 232 16 275 41 231 58 190 43 45 68 20 33 259 80 171 93 16 50 241 39 133 15 35 91 91 6 9 37 240 44 111
2714 22 234 33 174 20 122 17 265 42 36 49 252 15 19 44 82 84 260 58 117 45 72 3 35 14 108 43 242 83 185 6 267 10 26 88 126 29 213 90 280 79 260 76 60 11 72
2715 22 269 36 279 16 159 81 150 25 289 44 118 84 278 54 90 63 115 32 41 56 112 5 97 71 147 34 81 18 121 60 85 31 240 86 207 80 230 76 264 7 129 53 203 67 286
2716 22 287 36 74 97 192 70 292 27 225 62 74 10 95 43 182 54 128 12 145 65 171 25 94 46 88 53 127 40 255 58 240 57 183 88 248 52 132 28 145 89 239 94 270 44 273
2717 22 322 33 41 38 103 65 283 49 252 35 175 43 41 96 252 32 204 34 172 51 237 3 129 64 199 80 104 90 26 73 33 98 5 87 160 89 170 8 292 56 134 81 85 84 218
2718 22 251 51 86 6 5 15 169 4 146 24 93 71 96 77 221 53 250 7 12 90 28 82 284 32 84 52 163 67 221 14 104 27 118 18 47 73 164 65 86 94 6 70 95 13 133
2719 22 277 84 140 3 65 75 206 32 258 41 183 21 59 55 286 63 281 80 228 47 202 44 233 19 237 90 241 31 154 73 115 46 176 20 133 62 230 26 96 50 284 51 87 98 283
2720 22 253 41 182 62 220 28 15 16 12 34 104 2 126 87 155 98 1 25 283 72 258 45 101 83 292 18 242 88 168 77 280 1 90 52 128 5 119 92 290 22 245 15 108 51 64
2721 22 322 60 51 89 143 74 146 39 126 80 82 27 49 24 66 68 52 97 68 41 48 48 297 18 191 86 140 35 100 99 285 64 159 87 104 53 112 49 143 37 80 63 180 50 177
2722 22 328 67 243 76 266 39 194 56 225 85 42 83 79 91 293 65 94 45 29 94 239 25 215 80 105 13 59 4 15 87 22 57 263 40 247 8 247 71 292 89 299 74 119 63 63
2723 22 246 28 154 53 68 7 9 80 117 12 46 4 85 54 66 76 1 73 123 23 264 63 221 89 281 10 207 15 44 70 78 71 275 57 175 42 163 83 73 31 246 19 134 24 251
2724 22 278 58 224 75 132 47 290 94 119 79 26 28 285 41 123 6 170 46 80 26 20 73 240 55 246 70 200 16 104 82 39 54 240 15 29 71 213 18 117 31 148 42 111 85 234
2725 22 266 33 42 3 130 22 128 2 46 19 156 91 89 55 158 44 89 49 49 28 263 77 150 75 147 66 205 46 160 15 230 93 300 72 248 81 145 82 242 37 285 34 44 42 277
2726 22 256 32 90 25 211 4 154 60 30 52 78 87 97 89 53 79 81 2 80 85 298 7 66 39 152 55 223 98 65 13 281 6 237 91 62 42 2 93 131 29 42 19 182 20 252
2727 22 298 85 273 31 269 70 289 87 208 40 141 83 24 90 247 36 22 4 225 64 17 66 17 60 259 48 288 52 18 69 223 21 206 95 104 26 164 92 12 23 232 5 7 45 3
2728 22 338 43 18 59 219 81 275 84 298 86 294 97 174 45 214 94 267 87 51 61 90 77 76 33 40 99 164 44 255 71 240 58 165 16 83 38 242 66 235 28 112 31 53 56 97
2729 22 286 46 123 83 197 35 224 25 111 56 264 61 20 7 15 42 199 72 158 39 240 93 233 57 80 12 168 62 164 76 110 98 244 32 167 81 94 23 197 54 94 3 169 87 53
2730 22 290 92 244 8 183 35 53 15 43 84 226 63 197 41 90 7 201 87 250 58 270 69 90 16 243 86 269 36 141 89 174 93 81 53 263 55 205 29 197 88 106 11 36 46 300
2731 22 271 42 146 38 44 55 60 64 197 75 206 34 195 93 74 84 166 19 216 86 171 30 240 27 58 88 266 63 151 1 160 50 95 5 240 90 112 51 153 8 277 10 241 71 102
2732 22 292 67 6 19 85 21 104 7 150 43 185 59 282 50 173 32 202 34 296 89 273 85 200 75 89 51 198 99 273 65 279 69 49 24 107 53 18 91 111 40 36 31 42 64 89
2733 22 274 7 188 26 106 14 114 64 64 63 37 27 67 35 28 17 158 86 169 76 177 32 175 68 67 57 161 85 273 50 92 12 27 49 226 92 65 41 255 79 77 21 57 95 55
2734 22 232 84 212 12 22 32 139 50 163 13 17 81 122 30 166 46 231 9 57 57 257 34 148 73 75 55 151 3 275 8 98 29 43 92 64 40 131 95 82 35 68 11 200 41 260
2735 22 299 22 197 17 55 96 289 29 250 92 32 76 99 81 56 41 189 48 205 80 230 69 186 50 221 60 172 8 52 32 281 36 96 40 216 45 31 99 73 79 128 19 175 78 199
2736 22 258 56 246 84 84 48 56 79 159 28 38 11 111 19 210 10 54 5 49 21 102 32 20 74 12 98 1 33 69 67 135 8 102 18 55 58 296 65 137 86 175 47 104 85 156
2737 22 323 9 141 56 229 42 139 67 151 50 168 83 18 47 245 36 281 4 137 99 110 46 246 74 182 31 249 28 186 85 35 94 225 43 75 81 126 75 252 66 144 98 210 79 79
2738 22 266 65 68 29 74 13 26 47 295 57 147 74 294 31 261 88 208 3 214 26 183 39 210 66 166 14 231 9 11 92 240 41 208 7 221 81 171 79 165 55 78 91 48 60 51
2739 22 245 87 267 5 152 44 39 43 54 4 108 67 286 68 29 29 159 22 188 17 142 88 88 99 4 94 228 42 287 96 180 6 300 32 149 39 274 2 94 33 220 52 249 12 211
2740 22 251 70 300 27 11 19 266 51 17 44 296 15 37 83 11 69 288 62 300 36 152 25 90 46 157 61 129 60 9 40 222 30 291 49 293 10 66 43 278 35 238 74 150 56 212
2741 22 259 95 295 73 294 82 125 70 23 22 278 84 250 37 92 41 159 32 259 14 193 24 208 11 197 12 223 50 223 17 196 47 262 30 71 83 152 44 60 35 245 49 79 86 207
2742 22 320 52 169 17 217 61 292 76 282 2 72 77 113 95 78 87 263 26 34 55 104 59 6 71 293 44 219 29 125 74 149 93 190 84 65 43 238 88 171 34 300 89 249 25 222
2743 22 253 25 179 77 35 85 228 5 229 72 123 99 252 24 101 43 213 13 227 29 107 16 268 17 202 57 150 53 230 26 232 59 160 68 286 96 257 39 146 9 290 69 61 32 133
2744 22 234 73 110 13 32 25 180 8 94 33 36 50 282 41 32 7 72 90 19 39 75 35 86 32 125 83 292 66 203 4 298 87 28 59 299 36 230 19 29 63 206 30 96 46 161
2745 22 258 55 117 2 25 7 77 59 244 60 35 26 203 1 180 6 250 66 33 16 144 95 246 62 175 19 5 65 217 61 133 85 292 47 95 35 206 82 213 8 82 92 165 83 58
2746 22 303 49 242 73 92 37 70 5 211 81 24 67 88 40 236 48 172 54 185 63 200 79 150 57 160 62 16 93 205 80 127 69 87 24 157 8 180 19 89 55 138 76 294 75 166
2747 22 299 78 59 80 177 90 229 85 1 94 247 31 172 8 210 92 46 6 165 19 94 21 113 95 30 57 6 61 185 69 95 68 140 77 98 12 37 59 3 34 44 3 139 60 273
2748 22 344 84 78 80 4 42 211 99 23 67 204 3 50 25 71 44 207 90 36 39 47 72 97 1 205 92 55 96 151 79 79 81 10 83 274 20 33 97 138 88 180 40 37 56 10
2749 22 277 32 162 99 267 97 237 65 268 86 218 25 29 24 20 3 150 12 112 85 84 16 233 21 3 64 161 91 119 22 23 81 173 41 229 61 158 49 246 27 173 50 244 58 4
2750 22 292 93 169 68 77 5 251 92 38 71 147 1 83 37 20 11 52 29 104 32 89 61 280 87 87 4 113 88 199 70 292 44 238 59 120 94 109 63 131 31 109 84 166 46 155
2751 22 252 22 108 58 150 11 289 38 223 69 24 61 224 36 49 23 205 40 166 94 250 85 40 10 299 8 5 5 205 59 226 12 168 27 275 57 65 97 177 28 58 84 149 87 178
2752 22 302 98 123 69 207 22 190 81 195 55 185 5 132 48 273 59 274 29 75 71 57 14 180 56 241 89 130 25 137 68 154 34 91 92 264 11 289 96 257 95 232 62 27 31 34
2753 22 285 37 205 14 111 27 270 76 58 77 17 46 6 93 182 74 198 67 116 19 58 31 81 98 126 90 45 57 203 71 287 36 107 43 201 69 69 22 44 26 98 12 171 56 156
2754 22 219 4 181 53 270 48 123 27 178 56 177 55 45 21 163 47 43 1 234 44 186 69 212 7 264 90 256 28 260 63 283 64 43 36 33 10 112 19 165 40 73 61 260 35 207
2755 22 208 2 136 92 254 31 77 22 242 35 137 43 264 5 247 58 200 34 242 41 243 60 160 44 132 20 155 19 27 8 6 70 161 36 47 29 33 71 112 75 186 6 132 32 63
2756 22 280 31 217 56 123 60 161 82 19 66 138 11 236 16 170 41 186 76 284 64 56 68 286 67 43 72 72 26 55 86 8 42 130 83 154 12 253 9 77 90 171 58 41 4 295
2757 22 252 23 31 30 238 86 97 24 253 39 147 76 116 1 262 72 203 53 106 56 264 58 16 92 200 87 155 57 279 10 3 40 32 38 77 28 13 29 19 59 157 34 112 18 9
2758 22 249 35 72 61 141 79 276 98 194 19 97 32 25 5 162 34 107 62 173 90 52 49 18 16 30 88 275 38 273 55 281 72 178 41 12 56 268 1 86 10 185 15 46 43 73
2759 22 362 60 267 63 163 68 32 78 49 71 4 86 143 41 92 24 13 69 116 84 37 76 221 47 260 31 61 58 125 85 117 92 147 79 111 30 256 59 100 96 243 87 118 64 255
2760 22 306 33 240 30 68 76 105 89 122 17 71 34 174 95 119 90 38 20 148 47 27 58 98 86 253 40 138 91 209 1 245 94 292 26 261 68 183 41 299 71 75 72 266 45 213
2761 22 266 55 261 32 203 59 258 12 109 96 17 48 185 7 109 37 4 2 229 81 14 63 15 88 261 14 184 54 158 9 171 79 163 89 174 36 242 20 1 97 8 4 298 84 11
2762 22 254 35 99 77 23 59 214 36 295 67 94 90 275 16 221 37 196 9 63 85 144 4 73 15 4 21 274 18 262 95 180 96 293 57 218 3 170 6 97 88 51 39 263 66 159
2763 22 336 51 13 19 213 49 62 69 73 28 24 93 1 83 62 62 277 42 210 21 250 27 123 84 272 58 134 10 120 68 23 64 286 87 212 99 255 85 178 79 229 78 113 91 192
2764 22 286 41 232 1 161 81 279 35 51 63 6 8 248 15 80 99 34 54 214 71 140 77 221 47 213 98 125 42 28 37 132 19 77 89 47 49 23 29 108 11 295 87 61 92 274
2765 22 321 51 232 2 72 78 115 69 254 8 248 42 191 66 70 5 288 58 103 37 80 60 58 13 207 97 173 87 88 98 189 71 100 48 266 81 101 73 180 94 163 63 167 85 220
2766 22 241 21 173 52 271 24 263 80 236 76 161 7 216 58 96 86 209 74 39 38 146 19 132 8 16 94 226 66 246 25 69 68 148 31 48 35 252 75 295 10 142 5 57 13 216
2767 22 214 17 187 6 154 32 276 37 92 91 83 69 143 48 15 19 168 34 118 98 133 52 201 60 299 63 201 3 219 67 186 5 192 2 137 90 280 10 272 4 71 14 22 38 200
2768 22 303 91 188 32 142 88 91 92 2 44 46 73 175 65 158 75 69 1 28 5 20 17 236 29 189 36 84 59 201 57 197 47 136 40 275 74 132 77 69 49 296 93 158 70 262
2769 22 300 11 197 18 30 65 206 10 53 41 93 64 141 49 12 95 147 24 286 21 149 69 149 70 98 97 265 42 7 86 3 17 134 73 46 98 178 55 103 99 166 47 229 50 193
2770 22 247 75 125 78 247 26 47 96 295 44 259 37 250 92 18 29 264 15 78 41 221 80 10 19 97 17 25 21 261 51 197 39 98 22 237 45 216 84 188 20 190 11 207 49 126
2771 22 229 22 279 18 242 58 27 13 7 98 129 31 118 90 234 66 280 88 268 27 203 51 214 29 270 3 1 33 10 2 10 83 180 28 76 37 54 43 203 17 126 20 158 59 138
2772 22 250 37 141 25 104 67 27 54 132 7 275 35 208 59 296 9 169 78 40 96 153 76 1 93 171 4 161 48 275 18 158 12 154 50 236 16 15 14 47 73 40 33 232 99 28
2773 22 239 92 119 57 131 14 62 59 66 6 129 69 66 28 296 83 85 7 288 34 95 48 101 61 61 99 133 32 117 50 11 8 168 20 39 33 33 97 51 38 177 19 3 4 66
2774 22 295 37 188 25 124 73 19 71 173 31 283 15 134 54 231 84 117 39 103 88 177 36 120 86 109 1 156 11 204 74 247 43 198 22 215 68 44 87 198 78 209 64 211 95 94
2775 22 315 31 133 49 218 61 36 89 285 21 197 85 28 59 40 53 57 82 250 78 96 69 273 34 218 50 194 60 208 76 106 90 160 6 59 72 141 47 256 13 95 92 92 45 209
2776 22 263 12 146 38 159 15 162 92 84 11 37 65 223 45 92 80 86 3 185 74 25 43 229 89 138 20 180 42 202 24 251 13 170 40 123 36 2 66 119 64 3 84 238 99 27
2777 22 280 69 84 30 5 28 3 81 271 32 169 60 3 49 201 57 72 3 169 93 43 44 28 96 9 47 111 11 82 9 108 45 137 74 72 92 254 94 175 23 5 77 171 6 185
2778 22 269 94 108 54 287 2 149 14 49 57 212 60 220 93 260 28 153 72 41 1 196 32 255 41 106 29 46 35 299 51 219 92 110 24 30 64 172 44 164 55 23 82 227 52 162
2779 22 261 51 192 62 298 24 168 38 281 48 135 15 46 85 286 90 247 9 171 33 214 25 261 21 248 60 272 81 238 23 194 40 66 8 89 41 27 79 222 75 13 88 172 50 273
2780 22 262 13 96 34 184 9 266 49 133 78 121 32 289 92 165 14 58 70 32 65 158 72 192 36 193 18 49 33 189 50 205 2 97 90 85 5 255 85 137 84 106 21 272 97 185
2781 22 283 50 163 94 19 11 228 65 154 16 110 71 116 42 59 98 12 61 40 48 165 33 53 78 238 73 1 86 9 55 20 93 265 10 170 15 19 40 130 12 150 14 106 70 246
2782 22 297 45 74 75 234 99 275 20 207 25 219 13 296 12 277 95 173 46 61 43 237 90 54 87 135 66 52 40 218 61 163 9 35 89 42 33 163 91 139 84 204 35 147 32 181
2783 22 183 19 78 42 261 66 183 4 70 31 255 9 300 22 214 27 56 2 268 40 265 33 230 3 116 85 289 62 117 80 246 15 240 11 149 5 215 18 87 69 279 39 287 52 265
2784 22 251 7 206 85 146 70 217 27 24 32 12 65 45 28 286 24 125 52 15 35 100 71 49 18 209 96 47 8 47 51 273 53 56 57 50 77 173 76 300 56 239 16 300 1 75
2785 22 279 42 52 89 77 52 159 77 221 67 198 68 166 6 14 16 230 18 71 38 267 99 162 50 117 33 266 92 222 30 20 25 240 48 45 58 198 12 223 55 77 84 294 60 21
2786 22 285 60 158 34 153 8 50 85 25 69 287 42 210 30 63 91 1 87 282 48 231 39 145 94 14 99 122 3 134 15 63 6 126 72 139 31 31 40 67 55 208 53 249 82 11
2787 22 261 11 34 98 192 82 180 83 178 26 296 29 47 50 114 14 112 20 39 36 210 69 218 2 188 73 161 40 221 30 274 92 7 32 184 12 218 18 89 65 198 87 14 78 82
2788 22 263 91 13 44 11 30 245 98 254 5 138 26 186 63 209 78 221 40 113 61 3 82 230 43 46 27 30 59 189 29 288 23 71 66 82 62 279 35 166 68 213 4 82 21 281
2789 22 258 3 12 45 263 67 226 92 209 23 70 38 81 58 119 69 280 89 120 97 22 53 158 1 140 76 220 52 179 2 224 11 4 35 107 66 1 32 209 10 54 30 199 86 287
2790 22 243 69 6 19 258 26 115 79 278 25 31 17 100 51 220 78 4 43 240 7 130 46 24 30 129 84 91 82 13 42 119 99 110 2 236 50 31 60 180 11 182 40 185 14 79
2791 22 266 43 143 76 266 72 4 49 115 37 261 56 55 12 17 31 132 36 284 19 37 15 78 16 266 88 150 84 27 86 149 57 29 91 32 46 263 35 47 29 23 59 36 30 122
2792 22 244 52 60 54 239 96 72 75 162 2 243 27 141 44 262 20 229 11 76 9 101 60 55 15 246 1 243 69 159 30 98 81 134 86 124 4 109 99 165 62 93 43 203 36 5
2793 22 249 22 164 15 249 25 267 8 279 82 54 31 76 74 289 58 171 21 291 14 187 19 264 3 280 56 146 43 202 55 259 68 4 83 34 63 161 67 216 91 243 89 31 11 104
2794 22 292 42 94 13 255 80 131 71 82 11 26 79 44 69 180 99 79 47 154 61 33 16 121 84 163 41 24 45 292 87 48 33 80 40 111 43 110 92 5 23 49 7 154 85 101
2795 22 273 52 45 33 119 17 83 2 131 24 178 76 267 64 175 43 187 53 30 96 86 90 270 34 97 32 181 35 278 60 254 46 242 7 77 84 152 47 26 87 141 65 129 45 46
2796 22 276 80 293 31 121 62 265 17 85 48 150 60 235 79 271 88 124 13 46 29 30 3 12 28 181 50 121 45 278 65 242 9 109 72 130 71 88 98 207 47 19 22 177 89 9
2797 22 243 1 201 54 252 30 135 55 93 63 287 43 235 83 272 99 124 81 108 95 110 35 207 36 222 6 154 34 195 3 134 8 138 76 95 44 21 9 230 15 143 12 286 93 287
2798 22 347 66 52 81 127 67 86 69 188 43 74 82 176 68 84 62 115 44 199 90 138 42 62 46 123 76 240 86 62 32 272 79 184 4 206 16 171 84 110 85 158 92 260 77 227
2799 22 272 21 291 22 271 33 159 64 94 56 38 95 23 35 27 46 113 62 250 70 177 72 112 13 281 48 170 8 98 51 280 89 72 73 283 66 18 38 204 39 185 26 25 63 24
2800 22 270 38 224 73 259 52 196 23 164 76 70 85 300 29 183 2 9 11 247 55 176 64 145 79 255 57 279 91 80 68 266 4 127 17 299 49 281 26 18 77 99 99 78 7 73
2801 22 226 51 169 19 157 44 283 1 175 37 81 83 267 23 114 35 88 17 261 5 267 61 237 30 53 21 128 4 298 34 228 54 247 57 198 81 209 24 217 90 158 64 271 69 252
2802 22 245 39 81 8 257 41 196 71 300 72 250 3 170 36 31 21 89 29 129 38 9 61 277 79 70 11 242 40 280 45 30 60 152 86 153 47 238 75 99 9 224 53 30 59 283
2803 22 295 51 248 63 79 85 71 68 198 99 298 67 10 92 59 41 236 88 152 40 126 4 238 78 36 71 254 89 201 12 23 3 111 86 281 48 208 1 97 7 198 16 189 73 56
2804 22 275 77 261 7 16 86 263 53 148 40 289 70 193 22 57 99 224 67 136 57 66 44 209 62 50 6 277 17 47 49 224 23 109 30 238 46 144 42 145 36 230 80 258 88 136
2805 22 254 9 264 55 144 20 120 87 128 34 288 85 10 4 83 58 27 5 19 94 264 52 236 61 239 17 127 19 175 14 206 83 129 60 78 32 17 79 165 64 226 46 83 38 103
2806 22 239 1 146 96 117 50 83 77 188 55 206 26 20 12 160 49 123 37 248 6 253 27 222 9 242 47 168 87 282 5 141 34 3 4 71 78 191 70 132 52 186 43 299 92 147
2807 22 280 77 165 55 218 64 74 57 45 31 97 78 233 85 180 36 156 41 78 24 244 29 47 27 123 97 270 70 74 86 176 43 249 2 299 93 232 96 223 16 180 3 87 10 80
2808 22 326 64 102 10 87 97 50 67 143 76 190 40 97 11 65 83 138 7 231 39 158 70 253 98 37 84 51 71 60 34 162 80 172 58 29 38 153 57 127 44 253 89 260 87 227
2809 22 241 66 270 17 275 45 239 79 194 75 163 44 214 85 55 84 270 16 15 41 226 43 78 30 251 57 273 4 45 42 23 1 211 40 76 7 78 54 100 52 98 21 65 61 42
2810 22 255 61 91 23 111 99 195 66 195 30 8 18 31 70 109 6 177 38 159 76 41 27 71 10 278 20 213 51 36 79 111 78 191 53 300 1 51 47 119 46 176 26 215 95 23
2811 22 302 63 23 12 222 99 52 21 161 29 40 26 279 75 104 90 204 46 94 56 46 45 254 64 142 81 41 39 188 30 201 10 141 74 260 92 273 32 105 54 171 98 85 73 253
2812 22 282 30 67 60 227 63 213 43 104 94 235 59 232 74 288 84 136 28 58 95 71 82 279 75 287 1 156 19 198 92 91 3 173 57 162 27 294 20 280 32 203 54 171 38 289
2813 22 285 98 247 35 121 81 113 47 67 14 203 85 263 46 28 65 119 36 79 70 107 5 263 80 176 42 212 30 147 82 267 32 266 4 46 50 112 95 4 49 58 76 274 20 11
2814 22 241 52 89 17 256 3 197 83 96 60 12 43 293 31 77 76 296 46 179 93 180 29 204 74 232 4 83 33 79 57 52 42 108 40 258 16 242 6 298 90 65 62 32 10 92
2815 22 260 60 285 39 258 64 231 37 92 86 162 75 190 45 8 20 1 11 161 51 171 44 76 25 85 93 86 16 2 29 276 38 67 33 201 49 121 34 282 19 175 78 178 95 278
2816 22 318 88 55 90 290 25 164 86 53 70 245 98 253 13 35 71 197 36 119 69 31 5 50 49 279 80 26 73 109 66 280 55 204 62 92 8 101 52 126 99 1 78 63 1 259
2817 22 216 75 19 27 105 23 128 54 154 7 31 26 16 48 57 65 255 13 226 46 20 79 259 24 204 57 24 33 119 11 233 29 185 4 155 42 178 35 295 31 293 77 109 60 225
2818 22 306 65 125 31 177 2 276 97 180 35 272 91 295 20 162 58 204 90 94 7 197 37 231 81 167 75 10 27 35 34 244 59 216 12 191 68 192 77 39 78 220 86 297 95 201
2819 22 221 70 140 59 18 75 47 7 266 16 292 9 201 35 219 30 59 26 173 17 251 54 154 99 286 48 199 8 287 10 125 13 208 25 272 73 99 87 165 40 151 29 7 57 110
2820 22 271 65 183 83 52 51 285 5 104 43 251 34 50 89 95 74 54 2 50 25 175 63 91 58 102 41 238 61 250 48 225 32 82 28 82 18 285 85 100 27 187 76 175 79 201
2821 22 269 80 233 51 4 7 150 67 249 60 120 89 197 38 296 57 21 29 36 54 246 20 90 98 246 76 182 21 203 13 174 82 45 24 238 3 273 56 151 32 75 91 181 28 115
2822 22 258 1 57 50 155 54 170 44 203 67 272 37 140 26 249 13 159 45 188 96 247 60 51 49 144 78 239 76 36 19 3 20 111 51 126 65 272 21 119 39 92 55 30 69 203
2823 22 251 42 228 99 229 75 297 40 126 45 35 55 136 10 90 54 113 39 25 23 41 50 139 13 271 58 203 14 264 32 235 19 25 62 217 53 236 44 113 79 167 93 288 8 299
2824 22 287 52 298 23 127 39 225 65 103 47 274 5 112 38 236 46 156 60 207 24 264 95 37 7 59 37 278 91 25 85 89 28 283 64 54 73 140 71 175 86 96 79 197 33 166
2825 22 291 95 240 77 253 64 192 47 152 98 258 87 235 41 111 71 281 90 253 44 144 25 35 66 251 20 61 29 69 46 46 63 137 22 15 13 214 4 163 23 153 49 157 93 111
2826 22 308 79 274 84 169 95 260 4 60 11 75 21 39 18 85 57 154 58 24 54 171 89 209 33 211 61 33 19 54 97 79 94 180 99 241 40 202 50 29 72 140 23 189 76 232
2827 22 243 95 34 7 200 4 295 8 288 5 168 72 75 73 266 71 51 11 3 50 51 94 3 3 243 83 26 34 58 15 110 89 61 43 295 60 98 67 137 45 234 19 259 25 141
2828 22 278 9 35 43 110 38 36 65 240 30 299 64 56 31 25 44 291 19 90 50 68 68 204 74 2 63 144 12 87 85 72 73 179 34 10 67 98 49 296 96 266 11 204 87 247
2829 22 254 39 205 89 188 72 218 56 227 92 9 87 72 27 223 43 100 2 76 9 120 25 110 67 73 75 78 76 22 16 222 60 21 10 200 44 280 7 271 71 267 11 209 38 38
2830 22 271 32 232 89 285 8 49 4 232 58 270 84 99 79 6 15 253 17 235 14 216 30 293 74 52 40 163 24 229 52 55 61 140 91 220 94 151 98 163 7 133 85 138 28 189
2831 22 295 7 214 3 174 43 247 48 295 62 239 9 237 20 160 91 80 51 81 99 290 26 201 39 240 72 253 44 161 80 232 67 93 86 241 88 133 34 146 78 42 82 197 53 124
2832 22 312 28 3 56 26 92 281 79 183 20 85 54 225 80 14 4 112 81 249 49 73 88 233 12 221 78 89 62 211 86 214 34 65 68 289 91 11 21 121 93 293 57 46 17 137
2833 22 232 12 72 92 20 48 16 7 281 27 79 10 215 40 21 52 5 54 17 72 95 59 35 15 279 35 273 75 71 84 147 70 27 66 170 42 25 2 168 3 11 34 195 31 86
2834 22 231 51 137 54 275 31 12 9 45 42 235 4 28 7 278 24 272 68 42 41 161 66 42 80 220 5 214 14 135 65 271 39 253 67 99 50 60 33 253 87 292 82 289 6 261
2835 22 231 53 199 13 264 47 145 35 51 58 49 37 160 65 260 63 255 12 81 61 192 30 128 19 161 4 31 2 235 29 17 81 273 51 283 82 299 72 241 15 231 55 221 42 135
2836 22 267 73 155 78 110 19 108 89 65 26 149 68 208 65 221 42 94 37 75 18 188 57 200 38 28 40 153 10 195 25 152 81 98 58 159 59 228 47 45 43 148 12 102 85 243
2837 22 268 57 121 17 75 8 126 74 298 53 165 2 163 59 26 66 192 23 175 33 102 19 132 46 13 79 110 14 142 94 56 51 114 25 225 50 250 71 154 72 68 77 97 85 168
2838 22 320 72 59 69 104 61 87 35 58 99 265 67 264 59 212 71 9 78 195 85 251 96 286 21 50 51 244 27 40 54 294 63 164 14 167 76 152 53 134 50 170 52 265 28 264
2839 22 273 36 36 41 230 20 43 78 57 15 279 7 158 47 34 49 252 79 12 16 145 30 191 96 82 24 298 51 128 62 30 91 297 65 183 77 156 44 191 34 151 48 32 84 66
2840 22 273 59 99 10 288 89 206 70 65 55 72 92 216 54 34 65 270 68 243 6 244 50 101 34 283 51 233 66 238 80 49 4 39 47 265 26 188 22 147 52 176 71 143 24 228
2841 22 307 56 93 95 50 50 138 99 103 23 233 53 255 98 43 86 47 46 24 45 62 2 132 84 300 35 159 22 29 9 290 10 291 87 108 93 61 92 198 15 142 40 53 88 37
2842 22 257 76 184 50 229 68 133 29 202 44 250 31 97 47 238 58 188 88 167 30 126 27 75 87 170 24 253 11 15 5 250 51 133 34 252 61 253 85 41 6 180 91 188 28 189
2843 22 321 26 285 28 213 4 57 90 230 83 28 99 206 81 110 20 37 59 22 69 244 74 282 96 110 22 154 89 64 41 16 66 53 31 130 56 240 37 122 87 28 79 248 47 68
2844 22 339 59 269 88 2 42 269 50 51 43 103 91 158 95 158 62 61 44 190 17 283 61 205 57 160 92 184 90 239 82 9 49 150 97 103 52 245 11 206 87 269 12 258 77 154
2845 22 274 75 12 66 131 68 277 22 51 67 113 32 175 61 134 23 263 28 240 25 102 63 70 59 3 86 117 80 239 43 291 57 173 10 33 95 260 99 159 26 71 8 91 3 232
2846 22 308 93 226 46 14 52 5 17 237 21 48 28 163 90 284 35 299 68 81 10 267 91 4 44 62 32 295 99 39 86 101 22 278 78 167 81 171 59 218 43 158 97 205 40 297
2847 22 294 99 72 58 17 63 62 12 176 93 207 74 283 44 226 56 21 22 63 36 145 5 187 31 253 30 236 35 78 87 206 3 20 49 267 95 193 25 20 75 268 98 230 88 53
2848 22 226 3 102 40 99 75 197 38 58 1 181 87 137 67 216 23 24 77 44 51 143 43 67 10 169 34 7 50 73 11 105 2 203 98 292 58 99 24 96 35 290 64 109 14 166
2849 22 295 85 57 69 180 46 263 7 132 32 113 33 156 75 137 82 277 92 283 74 83 40 24 88 10 48 151 18 113 68 155 36 34 67 299 31 125 62 238 14 270 64 103 51 240
2850 22 306 94 33 66 276 25 189 34 164 99 134 14 16 46 81 70 167 69 255 85 167 86 9 98 65 68 262 67 119 1 60 3 118 88 227 7 173 90 205 6 155 72 252 36 194
2851 22 289 18 104 48 2 22 133 62 173 84 60 37 51 21 104 69 273 63 72 91 2 50 97 75 192 53 180 46 76 83 33 52 188 5 261 67 133 36 226 70 87 98 225 7 22
2852 22 252 87 130 12 141 32 260 15 123 64 246 20 140 81 253 60 232 92 28 89 153 7 285 68 284 6 254 30 13 2 169 42 166 9 73 25 75 47 189 72 167 80 252 71 239
2853 22 268 36 62 19 24 14 151 82 251 18 65 8 24 45 190 98 58 77 263 2 140 44 248 80 15 66 159 67 36 49 254 29 63 69 110 65 87 74 225 10 270 97 67 23 125
2854 22 258 82 40 26 221 83 126 52 49 91 210 15 27 10 268 24 29 48 238 97 157 3 183 30 227 44 51 92 240 18 14 65 199 5 242 71 139 67 222 87 58 2 136 21 11
2855 22 292 72 21 48 169 77 2 3 259 80 199 9 71 90 178 36 254 28 240 98 78 14 271 65 123 5 218 58 249 68 20 10 268 40 139 69 95 49 249 93 157 71 182 87 207
2856 22 337 88 214 46 135 64 224 34 240 75 139 9 32 87 98 52 158 60 19 98 250 92 98 36 254 58 169 40 264 56 6 61 242 69 84 94 202 68 92 83 299 30 133 50 88
2857 22 270 44 120 37 193 7 180 90 93 15 295 2 283 35 165 91 92 26 32 60 161 25 13 88 192 5 270 43 34 54 44 73 97 64 109 89 270 78 114 68 137 59 232 27 202
2858 22 284 9 10 61 222 35 25 78 129 30 120 15 136 64 139 32 79 48 273 87 2 65 141 74 32 77 84 16 255 85 76 97 297 50 22 57 180 2 239 99 168 14 7 44 254
2859 22 284 81 143 40 83 8 80 39 108 44 206 62 228 82 78 77 278 79 298 87 258 51 277 57 119 50 222 25 158 18 78 60 69 73 267 1 180 58 8 23 63 22 103 99 79
2860 22 268 74 277 28 112 35 78 88 243 96 189 16 72 46 233 49 36 45 270 8 111 70 40 20 177 14 135 50 16 30 248 55 277 25 166 63 103 53 257 93 172 91 157 26 1
2861 22 320 43 186 63 212 77 235 41 190 69 190 58 298 90 103 53 218 28 270 80 282 75 136 83 167 59 256 57 215 30 235 67 72 72 130 36 200 64 228 89 184 46 181 1 285
2862 22 251 75 80 7 206 61 281 41 195 47 100 51 56 66 232 90 33 3 213 62 90 12 277 17 252 60 238 98 92 95 250 29 22 35 227 15 20 13 171 85 68 36 168 9 268
2863 22 262 23 21 81 12 84 157 36 68 18 185 60 64 34 288 37 214 22 64 54 288 35 88 5 25 68 240 92 228 14 1 78 184 49 10 71 168 27 255 42 140 66 279 53 239
2864 22 300 94 158 26 228 46 278 84 22 97 275 65 24 34 131 76 126 8 260 69 82 93 95 37 172 88 228 89 18 81 228 11 138 5 90 35 234 73 208 30 48 6 33 55 181
2865 22 244 10 62 92 135 30 274 80 276 62 203 15 289 91 33 21 170 95 159 27 285 45 60 9 253 42 208 77 247 41 231 50 44 19 37 25 292 16 252 53 270 66 41 12 50
2866 22 254 62 134 45 272 60 229 68 71 37 72 12 297 48 158 78 37 38 273 55 174 97 98 41 148 50 210 66 242 74 215 7 159 18 139 46 88 28 217 52 224 17 261 19 51
2867 22 239 23 67 63 215 1 125 32 43 98 46 49 4 5 279 21 95 76 160 22 144 11 245 60 172 4 206 20 153 75 142 89 108 13 239 17 110 85 17 65 241 95 185 35 170
2868 22 248 97 57 14 59 53 125 30 157 82 202 61 157 24 187 51 145 75 158 19 40 35 149 33 52 25 98 50 159 20 98 67 85 57 20 9 138 28 291 39 40 99 262 26 1
2869 22 253 7 152 59 25 91 7 12 92 39 215 57 263 6 173 31 204 92 115 60 211 76 249 38 118 88 229 16 249 54 69 27 184 48 285 47 91 23 261 37 24 52 61 55 7
2870 22 308 52 221 18 162 96 67 51 165 54 279 81 54 84 1 13 241 27 148 40 211 94 30 85 154 76 273 77 79 83 138 37 256 7 250 3 73 53 168 78 83 67 100 59 78
2871 22 272 43 198 88 288 79 124 41 6 48 69 84 232 4 273 68 59 80 270 13 104 22 280 82 104 17 122 78 264 55 6 29 294 45 7 69 185 12 16 5 148 60 172 67 270
2872 22 305 51 236 83 255 57 62 88 113 93 4 34 122 67 14 29 24 94 174 68 153 43 4 16 110 60 63 20 235 76 241 37 11 23 91 30 184 81 133 17 202 82 82 74 28
2873 22 264 56 241 80 298 96 95 7 56 58 216 27 144 43 267 32 53 42 123 24 230 52 7 10 137 76 263 87 109 97 161 36 52 53 15 1 201 59 8 19 174 34 214 68 52
2874 22 240 45 21 19 196 26 123 55 187 59 182 50 297 90 298 9 178 49 114 92 149 14 53 7 73 71 33 58 36 81 72 6 151 20 231 73 26 18 283 80 248 16 240 25 116
2875 22 276 53 17 16 118 21 122 90 192 6 47 79 258 8 259 81 165 62 152 95 134 77 264 69 83 34 200 31 101 39 155 44 223 61 44 5 3 87 62 1 265 71 108 76 204
2876 22 261 24 189 55 171 22 284 34 242 66 220 41 148 20 32 88 275 29 270 87 124 26 89 10 188 42 127 49 154 65 125 95 115 3 128 9 120 99 249 71 32 58 6 54 179
2877 22 245 45 278 5 285 39 244 26 17 27 222 70 151 15 289 82 43 24 290 14 123 90 285 22 110 54 79 16 132 23 293 88 208 83 131 33 252 36 211 73 105 61 240 57 121
2878 22 297 39 281 10 204 55 99 89 199 72 50 52 251 65 35 73 109 23 132 44 53 17 295 40 227 67 96 58 292 96 278 30 276 86 182 90 126 80 161 75 283 11 292 18 36
2879 22 264 40 219 43 44 35 189 84 162 8 131 53 265 23 248 52 276 81 289 57 122 14 237 83 289 71 145 32 288 31 227 51 26 85 214 6 298 21 136 50 38 58 250 80 62
2880 22 216 25 112 50 81 34 164 69 268 4 40 12 235 27 96 17 6 46 142 28 82 8 33 80 180 68 81 78 30 48 239 54 112 40 87 45 255 7 64 58 246 44 25 22 261
2881 22 348 82 267 54 109 49 13 41 180 93 60 60 161 89 42 61 279 95 272 19 133 68 273 40 131 83 37 57 26 31 286 94 149 92 2 97 204 28 148 6 140 81 221 73 227
2882 22 277 44 43 60 11 67 151 93 249 87 1 27 300 31 64 80 255 95 228 11 140 56 58 45 247 18 191 90 215 5 33 9 164 75 14 39 76 53 40 54 252 70 217 1 224
2883 22 305 90 129 34 230 36 243 26 182 61 68 60 202 64 287 42 80 33 169 45 172 44 97 11 97 48 80 65 192 81 288 73 262 96 116 40 29 76 259 88 129 93 251 15 86
2884 22 287 82 248 54 227 19 197 75 81 45 123 12 162 66 192 49 98 4 22 99 137 3 227 64 261 44 5 69 59 91 150 58 44 28 228 93 203 8 37 25 219 98 142 63 99
2885 22 272 39 266 72 50 17 60 52 195 23 65 61 66 69 29 76 159 30 285 3 58 64 247 12 23 83 36 94 233 77 208 67 225 54 269 41 13 88 187 36 48 4 257 28 232
2886 22 293 15 109 16 69 66 232 77 254 50 264 47 34 92 154 68 111 79 121 71 185 58 123 38 157 26 294 36 57 60 145 25 281 62 256 91 261 48 6 8 233 98 113 43 272
2887 22 269 38 214 56 39 23 30 28 180 21 215 64 33 11 40 65 173 95 163 63 8 68 267 17 79 76 22 66 65 87 274 4 9 3 231 40 210 55 226 88 17 89 12 19 228
2888 22 295 23 285 75 139 63 69 67 136 86 183 74 159 83 214 69 122 24 28 45 65 18 285 76 283 88 94 10 130 37 248 44 57 66 132 42 249 5 153 87 118 6 61 92 181
2889 22 314 88 92 43 184 56 60 69 283 95 256 76 109 65 257 97 64 53 182 31 146 30 36 98 167 74 167 25 34 59 105 50 100 57 157 11 225 39 57 32 266 96 222 13 112
2890 22 319 73 165 93 204 63 174 91 60 92 264 27 16 98 137 23 86 72 279 94 234 56 132 87 97 7 235 70 220 42 84 45 146 67 187 58 158 51 236 26 200 22 209 21 152
2891 22 250 2 54 7 85 96 46 81 3 80 250 22 129 91 57 70 88 55 36 26 212 45 176 99 170 27 22 19 300 82 191 4 235 10 19 40 107 51 94 38 200 15 266 42 72
2892 22 274 35 281 26 22 7 289 67 234 39 188 13 260 59 112 93 149 15 227 45 77 97 237 47 30 73 198 38 91 68 25 72 193 46 130 33 64 63 171 4 175 82 262 74 110
2893 22 253 5 152 7 233 48 243 68 146 72 292 43 16 29 133 35 105 56 179 3 85 11 18 33 21 74 266 82 164 91 144 21 42 50 253 41 92 86 115 63 180 83 244 13 117
2894 22 272 48 268 96 2 5 158 20 4 91 40 77 156 74 293 47 269 13 140 18 17 81 261 41 218 27 103 98 9 62 126 29 173 99 233 30 218 36 272 10 65 80 135 9 226
2895 22 280 3 173 17 272 89 197 32 129 67 58 84 264 19 81 25 296 78 5 68 229 90 249 46 277 73 207 41 152 1 77 43 73 93 166 14 142 97 142 8 207 77 23 58 199
2896 22 294 72 287 3 291 15 244 91 113 21 263 19 13 14 112 42 6 86 135 99 28 20 193 87 278 69 109 54 78 59 177 65 13 67 279 57 158 77 172 62 189 73 102 27 30
2897 22 270 40 113 1 190 21 82 78 250 3 138 4 280 96 180 9 99 75 165 8 217 93 179 81 164 2 83 91 132 74 255 32 163 95 4 97 72 54 199 10 257 30 157 88 26
2898 22 302 65 38 52 281 45 68 73 276 46 54 39 247 88 281 78 161 36 162 75 82 71 205 18 21 14 126 51 271 66 28 87 103 79 68 40 175 43 245 90 132 19 44 33 80
2899 22 245 71 166 97 241 70 166 14 184 44 264 6 109 43 292 63 221 11 162 66 3 36 9 47 153 50 131 20 226 82 200 96 147 48 89 16 113 2 151 8 117 59 152 31 79
2900 22 303 62 192 96 16 80 56 63 132 5 145 81 25 70 114 76 218 12 275 6 279 39 159 82 47 75 289 33 192 44 263 36 258 21 67 14 235 50 270 79 30 94 149 95 21
2901 22 268 18 206 95 123 84 134 81 65 80 7 6 293 39 297 37 101 2 224 10 123 90 175 57 239 45 188 20 138 88 214 11 205 71 205 27 106 59 223 69 65 28 14 55 76
2902 22 291 2 107 78 125 16 152 66 91 60 156 35 147 75 124 34 140 86 138 62 291 67 80 26 89 1 142 68 166 96 244 73 243 70 176 8 260 87 263 46 34 89 121 19 28
2903 22 306 7 209 89 249 76 7 80 202 48 180 43 15 97 191 10 163 92 34 57 261 61 264 72 148 78 269 33 166 90 251 45 296 11 85 96 87 44 75 40 291 55 134 3 24
2904 22 280 19 18 68 204 74 128 65 190 52 12 20 244 37 209 46 81 56 157 18 251 95 61 26 34 3 32 67 159 34 191 29 203 58 233 77 237 97 18 88 160 36 260 55 72
2905 22 283 68 100 5 176 56 174 78 250 34 255 35 88 86 202 98 172 44 27 74 253 59 202 89 107 19 29 66 155 88 120 7 219 82 134 27 55 12 228 40 266 63 127 4 216
2906 22 234 25 227 59 203 52 63 61 254 3 267 24 83 32 130 22 103 8 29 21 41 14 299 48 277 79 187 95 241 66 50 42 276 18 144 27 80 56 32 82 22 65 5 37 286
2907 22 282 7 244 66 179 85 32 78 184 8 156 70 54 48 187 3 107 80 130 24 23 9 203 30 240 36 151 47 252 84 290 65 79 44 115 90 173 98 250 20 3 79 6 58 85
2908 22 278 38 287 8 12 95 162 42 187 49 44 33 253 51 268 94 15 99 100 10 213 34 211 91 13 30 293 43 87 50 127 24 137 86 36 83 299 29 269 48 272 54 252 22 173
2909 22 278 45 289 71 96 50 184 37 284 46 127 96 227 72 39 13 21 17 89 9 3 76 44 1 104 12 300 75 217 51 49 90 247 89 60 43 138 31 173 40 110 69 66 81 259
2910 22 345 31 53 27 219 62 229 46 57 82 1 68 33 85 36 75 74 15 185 76 205 80 59 77 19 97 85 48 7 52 234 13 214 30 21 95 30 89 228 56 125 83 250 96 97
2911 22 288 34 124 53 13 82 130 32 49 26 168 48 185 99 118 66 164 31 47 84 278 76 24 57 283 71 65 49 18 14 283 41 266 47 74 30 122 25 297 21 209 72 26 95 235
2912 22 326 8 141 70 85 68 194 93 251 63 15 42 133 80 276 73 246 74 47 92 204 20 168 52 93 76 82 64 153 28 150 61 69 71 97 36 264 90 38 9 4 53 102 84 129
2913 22 254 61 29 2 259 73 157 30 40 9 22 68 190 37 20 69 86 32 237 57 181 25 172 70 62 66 133 13 250 15 183 54 71 12 46 31 186 72 122 84 41 60 16 77 168
2914 22 344 96 53 91 17 67 123 93 32 7 205 33 20 29 115 86 11 68 56 75 113 87 60 25 210 61 250 92 76 79 111 23 31 2 39 97 76 83 281 82 188 65 153 38 131
2915 22 263 47 246 57 59 84 116 36 193 48 196 43 292 23 173 2 45 3 55 35 152 30 169 64 108 16 176 79 6 58 125 51 114 86 281 22 178 80 69 72 71 91 296 25 187
2916 22 267 51 279 73 102 9 242 37 72 49 36 39 276 14 244 33 90 46 198 25 283 78 146 61 258 67 284 80 57 4 296 30 35 68 83 43 61 71 266 62 206 56 189 72 252
2917 22 296 22 261 49 171 85 232 83 144 58 149 27 189 57 158 93 4 39 227 24 273 21 184 43 138 97 101 86 272 44 259 32 45 29 269 76 229 51 119 38 51 59 155 71 63
2918 22 303 45 97 86 18 69 121 60 158 18 12 50 203 83 46 61 215 90 41 17 270 85 235 7 187 31 285 55 7 82 3 92 199 71 13 10 128 22 130 84 104 27 96 70 68
2919 22 225 36 252 84 157 88 118 16 274 48 200 19 185 55 277 66 109 21 16 32 285 25 11 46 140 1 102 18 296 71 185 83 175 68 40 62 237 7 236 37 206 6 273 12 182
2920 22 250 90 173 2 105 4 86 81 14 51 279 6 3 80 23 98 2 60 181 76 79 72 190 16 278 25 52 35 82 24 299 15 113 71 117 17 174 54 249 39 57 27 144 59 6
2921 22 289 19 57 8 178 89 235 56 12 24 23 74 275 81 149 73 96 61 143 64 229 68 217 78 7 4 150 32 162 40 221 97 180 55 5 91 279 27 231 53 205 59 1 6 14
2922 22 297 72 169 42 140 85 171 46 110 27 295 93 188 15 32 8 163 11 262 67 101 92 246 31 270 98 287 80 150 64 285 63 236 5 105 41 27 50 53 18 94 84 125 99 47
2923 22 239 87 113 65 239 4 262 21 125 59 8 9 223 40 71 10 196 27 36 37 6 7 138 58 77 32 50 60 56 6 195 64 23 33 220 84 206 96 95 13 300 55 187 91 177
2924 22 242 97 187 56 184 23 161 43 12 18 19 19 278 51 271 36 245 86 110 29 5 93 34 1 239 98 152 85 194 70 33 32 77 16 254 37 158 6 228 60 225 10 247 2 135
2925 22 320 89 194 20 241 85 218 44 177 54 89 98 186 21 174 53 226 10 63 43 16 90 203 92 247 64 290 39 270 73 40 4 213 86 23 70 292 48 98 45 137 96 82 57 121
2926 22 304 87 282 83 49 77 50 38 179 41 37 42 82 75 163 54 67 66 67 4 41 71 25 84 71 22 229 7 69 62 15 90 48 48 172 24 221 13 274 96 146 58 51 76 169
2927 22 263 21 68 40 245 51 262 19 131 68 239 93 234 28 292 81 51 5 23 77 258 87 102 32 101 15 35 42 203 39 209 94 136 59 55 54 242 74 244 34 207 24 177 16 244
2928 22 268 49 144 53 87 97 110 71 98 76 105 16 117 59 206 77 153 41 187 7 46 28 233 90 261 39 165 78 90 57 73 38 101 87 247 46 214 3 13 30 161 19 106 13 11
2929 22 284 92 272 9 172 4 150 84 94 14 73 24 103 30 48 93 182 25 69 63 67 76 28 69 288 57 29 58 214 94 21 65 129 29 20 12 165 43 137 40 197 66 188 89 47
2930 22 243 64 209 76 179 75 103 6 143 43 15 24 152 28 17 72 237 81 52 17 152 16 175 8 72 82 95 12 280 10 121 55 140 95 210 46 290 52 60 13 203 39 229 61 126
2931 22 263 44 212 59 24 79 133 92 238 4 273 32 116 52 294 88 59 33 82 68 230 23 19 89 35 21 80 15 47 7 75 25 2 38 235 78 69 67 169 6 23 42 90 90 145
2932 22 272 35 177 3 267 10 170 97 133 40 237 19 213 68 234 11 226 60 235 80 98 21 57 18 288 77 275 62 118 16 251 15 250 79 269 69 240 91 165 72 130 53 43 94 273
2933 22 287 76 105 98 35 91 177 84 12 85 153 51 262 28 112 31 243 14 197 45 292 66 213 56 129 55 237 81 97 5 124 35 203 10 225 46 288 68 298 38 181 77 149 11 172
2934 22 278 62 208 16 5 73 28 88 180 56 42 90 146 93 13 32 147 22 257 29 119 96 248 17 34 28 45 34 139 98 83 52 222 10 239 1 17 57 221 85 93 47 259 27 77
2935 22 265 49 75 93 182 54 290 15 92 5 62 41 288 14 162 4 262 18 36 30 174 8 43 74 293 87 172 51 40 50 27 88 176 72 69 61 235 73 217 97 214 62 75 17 89
2936 22 285 22 152 18 195 60 60 20 152 46 191 54 285 92 180 24 168 3 292 97 163 79 269 80 27 82 35 40 9 91 256 12 108 66 158 19 277 77 222 74 119 75 11 11 6
2937 22 256 34 30 61 278 26 123 56 294 54 282 28 41 21 288 31 128 84 195 87 1 52 5 77 281 78 250 51 104 60 13 10 246 42 70 23 67 44 178 13 250 11 92 83 79
2938 22 236 24 210 14 270 97 214 74 253 42 54 31 191 56 34 3 269 95 148 10 16 22 129 12 299 41 13 61 32 54 43 62 129 4 75 99 252 40 172 5 281 77 135 23 232
2939 22 241 20 177 15 76 62 130 97 90 41 247 82 205 7 165 58 1 26 139 5 152 37 256 91 160 12 223 88 98 45 119 18 74 71 132 49 32 13 98 73 206 44 254 10 3
2940 22 262 18 120 3 195 58 59 46 246 67 236 57 278 44 76 54 162 45 127 84 28 28 15 40 125 39 297 68 192 59 170 61 30 25 255 87 283 1 287 31 144 83 206 50 96
2941 22 300 2 128 80 129 55 146 20 31 85 217 51 28 27 120 89 156 96 43 94 131 95 177 31 81 68 61 77 2 18 226 97 119 5 228 47 260 26 167 42 210 35 292 61 164
2942 22 255 77 168 59 172 61 89 66 237 72 46 4 184 22 5 2 299 53 72 81 71 15 206 89 156 67 175 48 207 35 11 84 54 21 207 14 110 50 233 17 105 16 291 69 289
2943 22 211 13 193 92 145 63 206 2 3 14 20 77 261 27 63 23 262 16 43 68 229 4 39 30 188 7 134 97 46 24 38 10 16 29 255 78 87 8 280 80 208 12 106 70 286
2944 22 292 19 85 80 286 13 36 76 94 23 82 79 278 31 24 2 168 34 117 48 140 47 134 99 178 85 178 86 48 35 55 33 153 92 165 90 256 65 50 74 99 28 152 29 52
2945 22 311 53 148 37 121 95 128 67 81 26 197 17 56 82 265 90 88 49 295 79 213 84 235 12 201 36 286 99 63 89 279 66 193 78 154 13 72 81 32 4 107 28 121 62 261
2946 22 279 37 3 48 185 97 79 98 233 65 261 33 100 83 214 86 161 32 78 38 285 43 161 66 174 17 124 1 289 13 125 91 212 9 88 90 106 72 106 19 204 57 116 23 2
2947 22 323 98 54 31 87 38 273 99 55 15 230 50 103 18 162 27 109 74 288 96 115 93 19 73 211 22 229 79 59 51 132 56 204 62 194 94 287 92 100 84 59 30 234 13 47
2948 22 279 47 192 7 272 79 102 87 23 72 59 86 93 39 64 51 190 95 258 45 208 3 190 46 95 90 182 5 71 15 117 69 13 8 76 85 238 29 71 61 101 81 246 19 61
2949 22 274 48 160 7 157 5 266 60 246 12 154 87 93 10 57 59 226 78 271 86 105 75 85 29 287 37 9 84 182 80 44 39 102 85 195 68 296 41 279 49 127 23 10 36 81
2950 22 258 88 265 3 25 69 110 99 153 38 286 42 299 23 278 65 103 16 166 39 11 33 35 51 263 35 29 85 245 64 217 84 228 20 8 48 129 6 253 18 43 94 116 12 168
2951 22 290 93 128 70 261 60 271 78 94 73 240 81 253 77 77 17 293 96 12 67 244 92 124 48 10 41 177 30 208 22 57 29 282 1 288 4 78 34 228 66 180 46 42 38 153
2952 22 306 44 202 19 39 93 42 86 154 60 78 31 189 37 104 97 265 85 150 4 140 79 189 67 48 54 246 45 247 46 135 99 189 36 69 27 180 63 264 34 122 41 116 77 219
2953 22 242 11 93 55 260 96 194 39 37 12 38 42 9 83 241 54 117 4 160 20 83 22 283 68 143 75 35 5 151 16 295 59 27 91 4 65 179 15 3 72 24 37 112 29 205
2954 22 233 3 271 8 62 42 242 83 77 10 225 51 144 82 54 49 249 48 259 75 190 63 292 20 29 46 292 4 82 33 38 5 55 45 66 96 138 24 247 25 75 43 58 80 43
2955 22 245 6 279 1 32 69 15 23 288 44 120 79 147 53 134 90 138 85 186 56 81 24 103 22 279 30 164 36 61 41 40 59 125 60 273 47 299 16 19 15 271 63 145 61 52
2956 22 227 30 146 7 262 21 162 17 243 40 199 6 228 59 64 20 50 22 144 9 294 43 60 62 61 89 276 31 3 54 1 41 113 61 274 79 103 65 177 92 187 24 164 37 97
2957 22 310 7 297 90 101 56 203 61 196 78 244 98 50 86 4 50 226 16 64 39 141 42 241 57 218 53 201 76 64 92 124 22 141 66 223 48 168 35 144 30 93 47 116 93 15
2958 22 233 11 231 7 104 24 264 21 176 64 177 4 279 20 27 60 44 74 160 12 261 3 9 90 147 57 47 54 50 61 217 32 268 83 93 35 198 76 92 68 27 53 163 23 113
2959 22 267 17 283 2 63 89 159 61 94 60 222 10 43 41 82 50 275 74 36 72 246 25 99 37 192 77 40 55 29 93 118 59 95 33 99 5 93 64 66 54 58 58 35 32 260
2960 22 298 94 203 5 170 1 294 62 178 33 16 58 287 45 151 4 155 97 88 54 1 46 16 98 151 73 56 38 284 87 197 77 42 47 42 60 271 31 227 81 217 23 183 78 179
2961 22 296 60 83 79 92 80 246 42 130 18 197 67 1 35 264 30 76 69 28 70 67 39 192 97 165 72 214 40 54 38 217 84 197 51 162 41 30 7 182 59 177 78 226 29 164
2962 22 300 41 210 40 161 37 161 27 175 52 275 92 276 31 81 77 199 65 174 49 278 14 278 95 188 24 165 93 87 57 255 78 17 91 238 43 118 42 270 9 69 86 141 59 141
2963 22 254 43 24 70 131 57 195 93 222 39 231 30 193 61 147 84 298 41 201 91 110 59 19 3 60 4 243 24 14 35 266 37 4 48 206 12 42 50 85 81 280 15 173 40 61
2964 22 221 8 90 1 260 32 63 20 91 81 274 50 36 68 173 49 102 91 137 5 38 94 217 43 1 12 174 15 36 66 275 44 107 28 3 38 290 75 128 22 148 29 157 16 254
2965 22 270 57 269 96 93 74 285 38 42 16 80 42 227 5 9 15 270 35 58 76 14 60 166 3 286 93 176 86 74 32 1 27 40 69 222 84 94 6 121 52 229 37 66 78 23
2966 22 284 23 54 37 235 19 39 20 263 67 105 88 298 57 166 90 178 39 273 97 146 58 170 38 221 5 126 87 83 48 161 36 184 95 106 75 67 41 223 8 290 32 73 79 9
2967 22 273 64 104 83 60 49 240 29 97 2 254 87 36 48 171 85 194 28 11 60 199 51 235 58 241 66 231 71 126 94 226 8 5 26 200 33 23 76 282 20 11 35 119 19 12
2968 22 279 12 182 72 210 32 206 68 124 23 50 47 148 95 172 55 299 98 254 83 172 34 115 15 134 9 149 52 141 19 16 4 200 87 113 84 244 7 18 81 153 65 275 77 271
2969 22 269 25 174 7 45 58 122 43 24 51 224 11 43 94 26 46 194 64 110 29 59 42 287 76 22 92 292 49 268 62 125 41 238 32 237 47 5 79 22 63 29 45 73 23 239
2970 22 297 50 68 84 213 77 212 23 270 98 150 92 141 41 92 8 155 16 300 99 236 39 155 14 60 18 194 57 42 95 192 83 230 56 12 31 281 90 80 24 231 21 167 75 135
2971 22 287 90 218 33 25 8 140 91 68 57 84 76 98 70 41 34 99 97 297 27 278 32 206 53 114 78 220 4 4 54 45 22 38 21 281 29 11 48 285 95 275 35 246 96 175
2972 22 229 31 294 23 228 36 249 57 220 7 9 33 136 80 288 92 85 32 165 75 153 45 103 15 245 40 9 19 274 6 115 37 160 16 196 72 115 29 232 99 117 64 187 8 48
2973 22 292 70 172 74 174 16 129 89 260 68 149 79 293 55 293 92 143 4 214 58 99 37 281 65 217 12 216 33 227 54 92 27 123 63 300 97 31 28 85 90 147 20 139 39 264
2974 22 310 83 281 68 48 90 18 36 70 35 253 34 250 37 260 3 129 86 277 43 38 73 173 17 109 63 64 94 134 54 232 98 88 65 265 82 171 76 16 75 209 12 168 19 92
2975 22 240 6 148 34 243 20 107 59 281 21 274 26 154 80 109 3 67 73 19 54 179 1 125 68 299 14 137 62 181 7 53 38 154 87 80 74 145 91 6 17 16 31 122 95 239
2976 22 238 25 114 64 143 67 242 95 191 47 15 42 60 51 203 40 157 8 130 11 46 9 36 90 251 93 158 23 279 13 213 55 126 76 298 45 269 44 187 15 10 28 74 12 83
2977 22 277 66 121 42 195 83 187 55 270 28 106 62 285 24 36 15 136 70 14 76 219 58 296 14 144 11 224 84 135 1 255 99 95 89 185 50 158 12 107 19 48 82 254 69 6
2978 22 249 31 182 81 201 91 276 15 87 38 38 62 174 24 19 74 231 69 169 19 253 70 277 16 28 47 115 9 253 76 177 58 159 11 238 53 265 25 191 55 14 52 228 22 1
2979 22 266 20 190 21 38 94 142 66 261 69 13 75 229 65 3 58 222 13 20 11 23 72 175 48 15 81 261 18 208 50 240 61 221 33 259 27 75 24 87 95 88 14 276 52 216
2980 22 290 33 273 28 152 83 202 75 110 49 289 90 162 7 50 63 98 62 84 30 294 94 156 20 169 95 115 57 208 8 175 74 281 54 177 15 255 51 24 56 192 66 69 50 267
2981 22 282 31 199 28 66 21 159 84 141 78 7 36 37 48 43 11 121 75 264 97 290 18 199 65 125 42 230 93 191 96 176 41 275 69 296 52 204 88 179 33 194 14 69 8 279
2982 22 314 13 83 94 261 72 263 11 188 88 53 18 280 95 65 55 136 40 148 4 87 99 159 26 229 91 219 42 259 63 201 89 275 83 282 87 106 44 197 49 163 15 244 79 269
2983 22 257 31 18 68 86 56 166 44 181 94 134 51 287 13 188 32 239 70 165 25 28 60 174 21 243 22 235 57 117 77 247 83 245 38 110 27 71 4 212 73 242 55 186 29 238
2984 22 276 76 51 2 153 78 262 26 150 56 199 84 12 16 296 40 14 30 84 98 220 46 124 90 201 36 262 42 142 99 271 80 75 21 233 79 150 4 51 1 202 34 264 69 181
2985 22 291 4 35 11 239 32 130 84 7 71 136 94 184 78 236 83 248 67 209 20 299 39 221 45 242 97 195 56 161 64 88 16 250 98 254 81 179 90 87 1 25 33 285 2 168
2986 22 270 19 1 86 79 72 284 17 44 80 10 66 229 4 221 41 119 9 156 68 58 61 200 89 102 39 141 27 271 25 180 90 295 33 175 73 56 10 141 52 190 50 217 70 54
2987 22 294 38 10 24 198 65 292 7 77 43 295 79 281 36 57 51 12 88 140 72 66 31 80 76 272 17 173 99 86 26 36 95 202 85 11 93 292 39 135 69 168 25 125 18 237
2988 22 277 65 10 95 188 75 177 67 50 48 249 18 21 3 298 35 249 99 220 59 143 63 150 30 300 97 225 43 66 13 259 27 207 46 202 83 113 61 21 55 208 4 143 24 55
2989 22 292 14 134 49 76 83 278 75 201 26 51 95 44 63 253 70 221 50 123 56 262 78 38 98 144 34 124 47 228 99 53 41 133 2 168 67 31 43 67 57 45 13 52 8 117
2990 22 280 21 280 67 44 35 280 24 106 70 267 40 45 66 119 44 18 60 228 19 27 94 102 13 58 25 161 81 156 76 191 91 148 14 297 69 33 88 166 98 6 9 15 17 136
2991 22 241 86 296 81 187 16 193 96 133 70 208 9 215 88 165 26 216 7 16 15 172 64 236 4 251 1 201 61 268 25 248 5 220 28 43 73 90 72 194 97 181 8 36 33 3
2992 22 212 55 300 18 126 64 105 30 66 5 282 74 265 1 299 12 157 70 191 51 257 15 40 29 8 36 61 67 124 9 99 26 163 95 288 14 99 69 279 3 53 71 155 34 12
2993 22 281 72 225 62 81 39 54 61 99 41 21 65 264 29 116 42 143 66 188 30 231 87 251 9 93 53 13 64 207 15 197 70 239 21 284 71 212 89 31 3 26 45 83 93 138
2994 22 267 25 210 6 140 63 56 49 156 60 113 19 119 28 215 40 218 88 175 51 263 70 112 44 172 89 240 34 77 82 43 1 87 83 164 95 283 71 106 24 74 3 116 43 142
2995 22 342 90 30 92 5 51 55 48 74 44 239 79 77 15 60 71 167 99 53 82 93 87 152 50 234 40 226 7 295 41 102 88 82 31 80 86 34 85 107 29 23 57 89 97 180
2996 22 272 56 195 84 37 39 71 41 41 4 180 66 62 26 6 15 114 87 46 45 225 31 130 61 237 11 84 74 19 72 223 98 179 69 182 16 208 52 208 7 139 65 120 70 35
2997 22 285 30 108 32 174 84 14 3 145 50 13 80 176 51 98 81 30 66 162 97 225 65 204 24 223 94 188 95 158 9 181 87 69 12 12 52 25 15 48 26 79 27 201 62 178
2998 22 275 98 143 59 16 56 7 40 221 62 164 95 55 3 289 13 12 69 51 80 232 63 283 8 129 31 34 57 286 73 286 36 67 96 51 22 2 90 94 5 289 18 8 29 282
2999 22 275 19 198 84 150 81 146 89 26 14 222 85 23 59 157 8 294 75 4 44 96 57 86 42 20 90 230 49 10 70 119 7 153 20 140 51 204 28 76 17 1 12 139 99 253
