4000 22 1333 25 129 321 185 306 111 419 70 113 200 381 59 239 49 201 22 300 26 218 18 101 197 60 94 369 61 371 82 128 97 160 1 232 116 211 102 137 75 301 117 385 163 357 133
4001 22 1337 321 58 154 70 35 173 389 136 221 48 431 90 411 1 88 50 31 188 181 48 400 184 234 125 335 53 259 199 311 142 271 68 247 40 55 20 242 140 428 122 129 90 175 152
4002 22 1223 78 124 82 17 356 131 217 189 66 143 325 118 3 176 279 44 96 148 343 138 404 62 118 95 153 197 417 134 137 91 385 116 316 168 221 98 350 111 363 44 86 33 97 111
4003 22 1250 263 190 6 12 84 193 116 45 312 60 400 109 276 83 145 118 269 110 385 86 93 5 235 95 366 97 138 51 131 84 413 193 426 120 105 9 215 170 306 176 307 84 9 189
4004 22 1143 280 78 9 91 13 96 436 117 180 130 82 78 219 34 59 55 148 103 168 107 192 34 428 197 109 55 195 17 93 74 194 53 315 6 98 152 425 129 381 58 309 51 242 117
4005 22 1126 255 141 419 136 158 78 78 191 155 76 252 65 131 196 33 125 71 127 30 137 34 77 338 158 58 120 116 116 409 184 325 199 354 163 159 31 392 51 288 69 152 104 299 149
4006 22 1513 237 76 270 15 205 106 150 33 144 8 42 65 325 57 135 185 342 110 335 146 324 195 326 65 446 15 433 199 419 84 450 7 111 69 321 67 126 70 299 71 229 193 386 155
4007 22 1266 349 170 39 41 131 26 36 54 70 113 320 17 230 155 368 150 238 67 56 148 237 176 264 164 447 64 337 26 106 122 432 57 393 23 126 48 436 31 169 50 51 36 229 55
4008 22 1347 255 30 244 173 135 143 61 112 58 174 161 123 360 38 379 33 419 187 176 191 385 53 140 172 83 9 421 135 196 102 139 150 331 184 222 68 282 131 285 57 391 108 267 28
4009 22 1104 88 1 347 24 328 139 110 80 129 181 313 137 51 97 182 54 238 33 235 173 56 4 337 134 335 45 75 142 163 152 79 14 400 2 141 39 363 121 67 143 285 55 96 83
4010 22 1363 338 101 222 170 285 45 175 40 95 63 374 129 9 98 421 72 51 1 435 101 355 77 441 117 149 57 312 183 213 59 366 200 59 89 219 196 233 195 185 27 159 8 358 67
4011 22 1242 105 130 338 58 30 174 208 36 101 48 305 199 306 116 284 118 174 151 167 84 439 37 229 172 33 114 150 143 71 9 409 178 38 99 435 20 272 144 424 143 275 198 176 158
4012 22 1406 415 151 410 183 235 98 221 113 305 178 423 47 151 131 107 28 119 105 414 40 329 109 394 154 301 5 178 48 130 87 214 133 296 48 367 44 270 31 66 74 9 138 272 59
4013 22 1204 119 78 138 89 435 3 128 15 411 173 268 161 77 146 60 159 332 73 391 130 322 9 75 41 339 140 316 199 178 137 107 98 116 46 186 52 448 65 66 110 37 186 270 14
4014 22 1306 381 29 424 114 203 166 145 124 324 119 266 12 359 181 161 88 319 19 87 187 165 74 188 64 238 56 224 174 241 195 439 123 26 14 138 28 429 183 354 152 51 19 64 111
4015 22 1183 352 126 200 20 196 86 256 112 159 196 176 48 351 101 272 43 95 112 17 22 326 104 400 104 436 105 208 139 73 123 99 26 148 151 246 143 238 3 305 99 82 146 100 34
4016 22 1159 319 194 280 31 360 102 108 14 3 11 101 7 220 141 31 92 392 107 239 92 354 34 79 106 90 177 206 21 73 7 356 41 303 85 173 14 186 130 327 88 293 30 146 62
4017 22 1174 270 79 154 111 337 44 104 40 229 33 297 68 259 104 90 83 63 45 376 167 180 50 230 67 32 159 207 176 188 152 39 109 182 94 322 118 238 125 359 118 157 158 386 118
4018 22 1408 361 177 2 75 72 179 441 103 129 21 321 160 379 27 137 118 31 75 226 112 419 197 332 58 124 90 325 30 99 112 349 12 389 3 86 62 381 79 416 9 286 120 329 63
4019 22 1490 406 146 445 81 323 8 151 72 139 58 145 31 282 126 131 144 427 192 134 179 330 45 309 108 160 120 408 195 239 186 409 197 383 105 429 157 263 29 328 53 86 124 35 69
4020 22 1376 152 16 164 178 409 147 56 188 93 66 295 102 385 52 299 176 139 9 22 71 314 200 430 178 180 159 265 83 267 85 186 184 51 13 442 147 420 130 440 185 124 143 372 28
4021 22 1116 141 97 116 152 168 39 365 19 218 42 398 176 323 14 108 191 150 93 224 50 207 68 149 176 97 190 163 172 32 34 249 75 282 15 276 101 153 90 269 70 333 116 45 57
4022 22 1287 81 55 50 130 99 173 430 108 90 128 83 188 317 147 60 200 432 158 174 13 222 99 313 176 240 183 345 174 442 183 80 96 82 60 346 106 341 53 98 70 388 85 438 186
4023 22 1379 394 137 268 2 163 82 75 13 47 101 3 81 447 78 281 138 260 12 235 41 271 83 297 13 435 44 334 22 330 171 274 60 77 77 74 110 253 186 358 5 288 89 352 168
4024 22 1268 19 191 377 30 228 20 303 10 166 17 446 161 1 70 40 173 229 115 284 57 41 157 294 143 126 148 82 14 151 199 384 144 178 165 371 197 319 32 264 138 424 140 346 65
4025 22 1386 64 24 430 48 82 170 254 198 365 98 425 165 182 40 315 32 273 108 159 139 205 60 361 70 247 88 43 136 235 8 399 59 139 198 440 108 204 39 125 3 341 84 257 116
4026 22 1271 78 17 226 17 296 33 126 107 102 24 96 45 361 180 304 61 290 142 259 32 201 12 222 77 366 87 267 50 74 117 368 90 242 36 235 24 63 93 376 86 138 170 396 170
4027 22 1316 425 8 359 18 166 190 218 29 12 47 145 50 13 196 439 188 162 58 77 103 293 64 227 155 8 4 442 98 325 139 267 49 347 177 316 164 17 35 395 130 331 91 281 196
4028 22 1061 286 169 83 197 227 60 1 71 125 129 26 182 32 17 329 56 58 97 256 54 424 73 67 192 308 161 121 140 203 51 237 88 271 70 86 149 81 39 220 155 417 197 388 51
4029 22 1298 365 167 8 72 13 114 427 136 436 94 27 45 106 199 187 9 201 23 398 124 292 36 224 124 443 30 242 191 168 42 308 36 300 131 48 165 86 102 403 64 97 10 415 35
4030 22 1181 20 167 307 18 290 101 53 114 226 78 108 6 119 51 173 63 410 158 364 40 78 47 392 179 99 8 427 61 174 63 280 140 220 47 282 172 351 47 247 80 106 152 1 108
4031 22 1093 26 163 167 183 376 57 90 105 205 133 333 106 292 112 166 65 274 195 7 45 294 138 116 196 286 115 76 193 268 176 201 44 88 117 128 165 425 119 119 180 352 103 85 95
4032 22 1193 414 2 260 140 296 68 384 189 207 152 385 92 118 12 34 35 137 136 280 76 255 160 392 129 278 12 10 81 164 96 26 80 447 87 19 45 256 2 85 62 105 169 222 132
4033 22 1090 138 109 320 76 90 97 280 49 58 127 249 20 209 165 265 86 194 164 172 62 208 29 215 192 40 72 363 194 143 44 334 101 364 9 43 162 240 191 300 199 119 100 18 28
4034 22 1107 164 133 215 59 198 189 222 55 17 87 246 107 358 158 200 102 254 185 55 19 43 97 380 32 237 181 181 108 33 200 337 96 134 151 155 131 89 26 285 156 414 31 214 173
4035 22 1237 290 65 25 45 150 181 415 194 227 147 76 115 308 22 259 7 410 7 293 163 263 173 201 138 8 8 204 140 173 78 31 38 254 76 337 84 192 32 160 188 309 27 365 16
4036 22 1522 350 25 325 60 333 17 422 95 391 74 385 98 184 138 87 6 315 20 145 71 345 33 104 88 265 114 276 73 142 142 341 91 68 167 401 135 373 195 425 197 29 173 382 68
4037 22 1381 61 187 135 180 432 105 176 166 408 114 380 123 139 103 414 82 445 105 49 61 406 99 347 81 94 21 77 72 295 10 392 106 346 126 187 129 363 95 337 128 26 162 18 178
4038 22 1046 175 149 124 31 99 84 239 198 280 69 243 3 297 66 47 106 357 4 251 82 191 182 413 55 328 102 34 103 113 1 33 189 101 56 120 199 90 160 348 121 128 190 173 124
4039 22 1146 158 70 329 164 275 81 98 65 14 60 221 41 13 4 244 175 304 176 6 183 185 7 122 94 154 195 323 96 317 196 105 138 226 18 413 8 29 22 377 50 414 91 259 66
4040 22 1099 11 36 181 16 169 115 324 92 110 80 36 32 27 155 329 181 144 106 298 158 163 165 187 86 143 138 252 33 142 160 300 54 248 30 220 166 446 195 307 7 224 95 138 200
4041 22 1307 349 168 380 92 275 130 200 90 444 138 188 27 128 172 270 90 222 174 37 3 295 2 299 189 360 105 213 104 195 14 202 14 296 39 273 197 178 168 84 54 107 112 234 78
4042 22 1102 31 73 301 156 59 54 400 62 54 91 21 160 203 175 356 118 128 172 311 73 410 185 69 89 52 154 294 58 415 77 238 48 99 138 153 9 293 153 320 46 145 141 58 99
4043 22 1631 267 163 266 144 234 127 419 95 363 189 433 15 293 77 174 159 405 111 356 54 101 161 262 143 265 84 341 59 74 98 357 42 412 172 387 146 350 105 42 113 444 175 279 188
4044 22 1188 353 102 196 107 15 152 412 117 212 126 109 176 9 199 36 184 448 142 75 60 113 161 207 163 418 148 327 111 324 105 298 76 208 43 135 74 148 190 423 1 86 131 201 121
4045 22 1107 114 199 62 138 210 127 251 166 291 68 213 67 230 187 373 27 364 32 171 100 6 119 248 47 29 20 197 167 201 198 287 16 146 101 156 5 229 108 372 19 225 34 56 172
4046 22 1342 261 34 238 142 406 37 49 124 186 46 5 106 292 121 208 89 59 175 436 11 330 192 289 187 313 159 163 99 297 168 320 9 401 159 151 159 46 101 332 81 346 188 240 108
4047 22 1157 445 30 219 72 66 29 101 9 170 90 372 80 202 172 79 122 393 187 24 152 439 32 199 190 366 131 187 53 269 76 13 165 108 83 86 75 163 139 283 184 278 156 166 181
4048 22 1422 277 194 102 72 82 176 373 173 159 121 414 24 203 200 429 71 178 93 388 85 325 175 59 37 313 193 421 140 199 36 221 27 431 174 348 64 101 72 236 60 44 149 385 147
4049 22 1283 401 15 319 80 7 156 66 33 331 26 420 195 118 42 385 118 179 7 445 161 182 194 324 33 266 60 144 9 308 30 105 60 95 124 39 151 281 54 34 161 279 5 406 97
4050 22 1244 98 42 366 26 200 62 88 83 356 161 265 73 70 110 81 180 140 188 341 136 263 130 438 93 33 21 306 14 127 113 362 126 277 103 55 89 240 139 196 1 354 168 322 115
4051 22 1035 100 103 156 187 244 141 149 23 429 94 257 151 201 122 230 163 133 5 368 162 208 124 302 147 112 97 197 67 14 71 84 15 23 139 52 18 252 192 147 149 310 97 172 39
4052 22 1137 409 5 144 78 368 151 3 119 347 167 265 196 285 30 318 118 44 190 157 197 208 88 1 151 247 197 301 56 23 95 54 29 338 134 296 40 36 64 238 4 380 83 89 11
4053 22 1188 302 58 406 42 214 3 1 153 103 151 49 101 254 105 344 26 401 50 204 40 33 151 179 20 216 166 374 195 64 157 252 21 12 45 387 116 97 39 320 100 238 121 303 144
4054 22 1169 116 78 394 115 383 133 147 33 63 69 300 128 294 96 30 7 102 84 79 13 378 65 331 77 256 100 126 95 370 180 88 86 157 131 150 91 365 49 225 177 269 24 56 112
4055 22 823 119 136 18 170 21 96 384 50 163 14 76 168 14 53 62 85 282 51 20 40 283 122 180 147 172 4 173 190 79 178 101 49 365 170 385 17 4 85 29 69 48 134 315 61
4056 22 1557 369 46 361 188 186 43 159 167 389 30 423 63 371 101 443 71 300 9 190 119 396 57 424 32 137 43 185 176 307 197 144 5 308 134 240 102 292 8 93 24 230 105 281 49
4057 22 1226 217 132 258 56 100 53 64 24 134 1 418 28 437 193 87 133 389 191 240 72 432 94 415 39 36 40 19 192 436 151 191 2 50 9 285 54 273 10 39 73 377 116 9 172
4058 22 1459 354 141 110 44 233 133 77 26 197 18 211 37 386 104 422 88 344 175 73 145 433 107 350 55 317 38 329 95 206 39 16 111 382 175 205 64 357 133 391 56 250 1 194 87
4059 22 1355 304 17 124 200 441 46 296 125 155 46 280 21 185 10 315 92 149 133 153 132 109 109 295 118 291 35 223 191 437 16 327 42 234 3 193 174 300 41 248 104 286 29 76 72
4060 22 1354 391 143 116 191 375 118 272 133 278 116 100 18 402 174 260 40 339 37 331 124 241 26 397 142 216 147 146 103 427 73 174 117 265 41 57 41 158 28 274 135 45 175 155 196
4061 22 1193 349 64 37 89 152 68 13 194 43 61 136 110 257 133 412 134 155 137 202 172 78 109 314 87 188 89 324 183 164 78 280 164 317 4 247 136 16 90 380 29 375 89 335 109
4062 22 1371 200 120 66 188 424 37 65 134 400 52 21 89 225 155 354 54 187 19 398 153 72 194 390 38 434 19 218 60 159 52 321 158 324 186 397 149 22 62 182 173 415 102 213 41
4063 22 1291 57 68 94 45 236 191 347 108 287 188 447 172 258 114 281 16 367 151 375 192 86 21 190 109 332 21 234 98 123 46 138 131 164 183 75 151 324 123 308 62 360 154 83 67
4064 22 1189 119 63 184 136 116 158 327 53 428 67 14 12 39 147 259 113 294 199 443 57 281 169 60 106 193 17 417 152 273 199 320 141 53 28 181 112 407 183 190 125 48 53 113 194
4065 22 1033 411 76 138 159 370 146 240 39 255 197 231 74 14 185 46 162 306 88 127 61 118 57 172 174 342 13 148 39 115 60 285 178 187 122 107 19 377 147 76 176 29 149 39 163
4066 22 1210 396 52 321 135 279 33 152 35 54 127 78 169 424 17 183 36 353 162 74 74 50 30 144 28 428 71 53 107 171 141 21 18 243 193 203 123 275 106 257 181 233 87 449 8
4067 22 1323 5 133 145 7 219 32 194 50 425 171 428 146 326 36 416 66 56 86 260 49 388 132 273 95 241 5 229 127 253 39 181 86 233 187 232 53 368 27 53 44 247 32 122 67
4068 22 1286 259 140 224 94 399 74 433 33 149 177 173 103 208 199 206 46 131 93 130 69 74 83 186 50 287 81 398 168 422 72 34 182 313 59 275 111 133 157 245 31 235 167 233 92
4069 22 1165 367 140 339 47 332 71 7 153 154 8 89 185 158 8 358 29 143 139 193 51 13 5 133 121 300 165 157 66 201 183 281 173 211 48 331 63 351 139 153 87 196 110 194 76
4070 22 1056 352 134 268 105 48 22 87 18 171 4 127 139 3 127 273 193 17 53 215 78 96 140 305 186 445 193 433 104 387 108 158 122 377 62 20 50 250 189 73 103 115 61 7 41
4071 22 866 383 100 8 137 164 85 41 111 76 47 46 170 139 128 326 27 137 135 99 15 196 168 17 47 106 139 221 151 6 63 235 155 270 123 171 106 413 81 182 61 129 3 100 8
4072 22 1119 230 126 397 114 376 161 59 193 129 156 201 67 157 123 17 64 285 51 221 55 174 141 262 188 421 193 151 148 300 109 127 177 305 41 53 167 101 147 96 8 399 114 16 121
4073 22 1534 433 80 256 133 412 58 390 23 248 162 268 198 165 67 349 123 343 177 429 185 181 47 88 30 144 45 328 8 361 149 92 92 156 126 191 69 436 82 443 133 143 162 282 57
4074 22 1208 78 82 431 173 308 11 9 189 60 146 418 103 441 45 312 3 195 103 144 102 329 186 172 164 117 165 148 61 31 70 156 162 200 30 119 163 238 159 322 84 228 74 376 125
4075 22 1372 438 180 371 142 125 123 320 10 44 85 176 160 382 88 338 12 307 95 275 109 324 96 163 54 294 48 432 67 75 106 406 4 26 48 128 200 319 189 46 54 414 155 87 152
4076 22 1564 244 149 410 38 375 168 263 120 438 126 124 183 125 107 250 150 314 107 255 41 204 85 393 123 223 188 228 89 344 64 290 38 414 99 77 189 369 140 258 8 367 33 291 141
4077 22 1103 191 192 292 6 398 99 47 4 133 39 328 55 28 5 143 71 418 134 110 32 335 87 270 3 76 79 210 194 164 152 84 154 243 128 10 41 126 158 446 8 148 73 214 125
4078 22 1122 427 109 147 144 442 7 377 178 45 98 232 70 44 63 90 45 298 145 388 27 54 180 2 13 175 11 360 199 75 36 85 183 70 78 141 49 56 185 296 187 356 74 330 20
4079 22 1289 415 77 417 10 14 194 115 195 347 78 21 160 289 119 386 25 245 20 309 66 147 99 414 152 235 60 91 40 135 122 259 150 98 177 109 13 172 175 407 119 204 79 328 193
4080 22 1366 199 13 17 93 282 175 359 80 375 24 232 59 235 74 298 120 395 108 19 193 434 179 205 6 3 164 276 157 242 105 301 143 317 35 350 91 445 179 115 169 212 125 153 35
4081 22 1239 224 122 80 81 142 174 416 120 378 121 375 93 448 133 37 52 33 29 270 101 165 19 193 160 150 9 130 63 233 82 6 156 229 138 97 4 403 169 381 126 445 26 123 29
4082 22 1233 212 125 313 92 144 113 56 15 5 65 116 63 344 178 197 178 279 52 183 57 189 181 60 193 401 193 318 45 270 191 173 81 315 37 424 110 349 29 26 155 244 191 317 189
4083 22 1284 271 163 416 99 316 50 208 106 133 119 299 83 413 16 80 32 156 104 314 72 391 187 184 89 209 44 161 152 162 1 274 127 367 122 142 168 181 198 300 100 96 185 64 63
4084 22 1171 64 146 71 167 211 44 307 148 377 148 415 138 441 127 191 154 127 64 30 93 437 172 263 118 21 114 269 168 148 82 229 50 128 92 294 186 141 22 233 105 9 75 281 199
4085 22 1219 29 157 212 108 52 151 281 166 418 151 79 188 18 177 221 100 39 152 199 168 93 194 254 33 366 86 389 126 363 119 227 141 40 200 330 40 331 145 309 181 376 46 251 152
4086 22 1346 367 150 242 170 150 160 112 196 263 196 211 150 334 88 262 154 14 154 380 54 304 112 343 184 106 152 416 31 399 118 234 167 219 126 386 69 87 99 214 149 44 26 300 177
4087 22 1086 315 112 132 29 417 14 434 170 425 78 55 132 181 173 215 130 392 200 98 61 127 184 131 113 184 96 163 128 23 63 206 137 176 90 267 142 53 150 14 27 178 168 158 160
4088 22 1124 192 24 89 134 24 89 294 100 324 74 363 57 421 25 336 193 87 192 329 164 31 46 6 135 447 169 161 126 138 70 186 180 344 126 65 69 114 58 118 37 383 132 44 3
4089 22 1211 157 29 397 195 72 75 211 4 22 16 288 171 286 50 296 175 31 106 417 107 20 185 429 152 59 13 186 2 315 144 82 113 238 106 138 200 359 11 265 199 281 102 298 77
4090 22 1138 177 71 209 134 337 115 204 171 187 82 375 47 145 110 61 53 81 174 342 38 113 142 299 75 258 97 206 162 446 84 240 167 142 123 253 159 176 76 97 60 50 95 156 11
4091 22 1335 444 166 315 26 191 108 14 155 251 162 280 61 408 37 122 105 20 11 423 163 333 176 123 111 403 121 70 104 265 27 316 108 42 80 384 35 39 197 189 140 310 170 400 167
4092 22 1049 156 173 323 77 33 46 42 67 123 16 129 175 37 50 128 151 76 143 161 20 224 144 4 112 92 194 153 1 366 2 269 73 276 141 350 60 436 93 379 110 208 7 234 44
4093 22 1150 359 113 147 36 7 157 205 132 2 60 94 143 106 198 95 121 415 193 277 105 187 43 86 15 302 94 223 188 139 181 152 35 167 59 193 23 440 194 233 185 338 40 433 134
4094 22 1357 410 134 448 152 260 155 248 98 297 183 162 100 228 85 389 117 117 91 253 185 301 46 308 90 241 42 27 79 81 161 214 40 44 62 193 55 366 140 403 164 375 16 65 102
4095 22 1258 152 54 120 69 146 73 205 196 420 12 337 60 203 63 390 85 25 54 374 68 365 19 332 110 29 197 134 146 261 86 398 16 7 18 11 79 22 58 348 186 395 160 359 49
4096 22 1181 275 84 252 150 53 168 20 177 151 30 157 197 363 53 210 50 402 175 257 19 138 87 292 95 187 129 139 146 419 98 444 145 33 48 94 35 65 14 214 16 395 70 164 159
4097 22 1300 374 123 159 75 50 17 145 87 305 37 381 41 67 122 386 35 221 180 329 103 279 25 389 193 190 52 160 184 124 76 94 147 298 102 424 47 320 18 135 125 156 66 215 123
4098 22 1423 239 103 309 109 184 40 313 12 264 51 406 5 5 116 240 128 41 33 226 140 187 199 339 156 369 23 282 174 140 149 348 178 301 157 438 36 446 200 97 11 153 2 365 57
4099 22 1487 219 106 284 11 88 161 303 176 310 41 434 80 265 115 405 7 415 53 384 17 111 174 402 108 325 50 18 127 152 84 183 72 189 118 283 78 179 185 256 190 377 89 369 191
4100 22 1213 105 25 197 170 227 133 386 37 208 190 44 182 39 13 109 42 148 43 214 36 13 196 266 143 232 71 384 108 361 104 400 65 278 199 84 5 381 172 443 188 63 89 271 151
4101 22 1241 253 29 395 101 324 58 338 136 255 153 180 88 275 113 297 85 16 196 252 143 46 135 347 76 8 92 165 170 82 136 223 184 416 17 284 91 376 172 226 182 7 69 201 119
4102 22 1276 165 87 134 162 238 77 58 75 375 135 234 18 250 54 449 37 128 133 304 46 218 195 271 139 22 52 315 179 370 17 199 86 155 183 147 195 361 154 169 137 289 152 255 190
4103 22 1368 307 55 28 34 239 81 329 107 127 101 395 151 252 11 229 23 29 177 358 34 361 107 178 121 310 48 158 100 401 164 391 108 318 18 293 157 351 124 165 77 26 11 227 128
4104 22 1219 22 107 102 152 86 162 337 146 168 164 319 79 63 28 331 114 143 171 323 112 291 17 220 191 440 34 269 116 95 198 345 18 206 48 109 106 339 28 271 159 9 184 388 189
4105 22 1251 399 80 211 173 141 51 89 11 293 129 346 12 146 40 261 142 209 16 139 178 359 198 235 199 177 7 107 35 42 94 125 190 175 86 312 115 438 151 277 81 81 73 444 178
4106 22 1480 214 4 369 73 321 107 281 56 286 179 135 42 287 19 434 132 46 125 106 183 389 123 420 189 299 102 21 23 295 148 150 18 259 23 324 160 353 132 197 182 416 188 318 86
4107 22 1483 173 152 381 48 407 13 136 81 385 26 382 136 148 54 133 47 342 84 314 50 406 139 61 61 122 107 392 137 447 61 25 169 214 157 418 171 370 5 201 156 282 34 193 129
4108 22 935 188 75 25 179 261 190 281 16 231 93 126 102 252 69 439 198 32 165 18 45 71 38 17 42 192 170 397 176 3 40 54 42 66 31 373 176 122 105 144 52 197 171 254 100
4109 22 1214 42 144 349 25 358 167 421 180 6 188 72 149 309 170 324 111 209 180 103 27 110 77 254 181 331 49 185 177 372 138 179 163 333 77 139 140 45 159 269 150 96 92 351 54
4110 22 1295 12 174 317 22 203 21 200 114 97 154 197 77 54 31 105 125 420 33 439 152 360 177 143 104 288 113 56 185 405 56 441 66 231 107 289 134 379 39 399 175 94 45 53 97
4111 22 1184 75 159 174 194 94 12 397 5 341 139 60 28 102 65 162 8 122 154 125 53 413 138 40 101 336 64 31 18 293 7 429 66 253 72 177 49 126 169 288 87 348 191 352 112
4112 22 1475 150 175 315 174 427 77 236 164 16 89 302 182 434 32 351 176 90 79 291 142 2 70 91 129 240 130 416 138 420 167 249 69 443 65 444 120 141 29 385 59 119 86 340 153
4113 22 1238 169 190 378 59 171 121 150 122 340 142 351 179 271 66 318 190 234 116 410 28 333 3 247 25 283 52 71 74 56 40 66 84 100 36 254 49 9 145 143 159 323 13 276 191
4114 22 1270 255 111 358 164 389 142 219 37 367 54 20 49 7 93 423 13 382 138 46 133 325 51 383 33 95 75 294 69 38 71 261 42 334 69 107 24 62 27 110 128 430 182 177 137
4115 22 1057 324 51 49 157 290 196 389 16 98 173 244 48 443 12 35 14 73 128 99 43 86 122 354 63 133 84 44 114 162 30 239 14 130 47 253 77 137 168 424 60 167 169 57 62
4116 22 1078 81 193 427 155 122 125 99 107 46 104 219 130 39 63 94 150 344 134 163 126 17 154 217 186 30 78 305 148 436 166 430 80 42 186 301 68 334 58 213 190 328 42 28 192
4117 22 1350 137 30 138 123 442 65 203 59 268 121 146 197 401 100 145 86 65 176 116 8 412 116 325 47 75 139 336 55 131 116 196 169 245 185 441 136 199 145 296 67 318 142 365 168
4118 22 1032 441 111 255 58 287 170 265 48 388 140 144 162 278 82 16 10 47 14 381 141 198 173 128 199 270 126 15 87 69 79 6 59 40 10 218 28 232 133 175 169 224 120 51 1
4119 22 934 300 63 47 15 43 89 414 165 119 162 284 194 28 72 212 57 27 22 48 39 142 177 120 174 201 90 449 170 121 49 173 20 213 119 134 55 210 198 322 28 59 157 73 89
4120 22 1347 229 184 147 57 207 94 195 198 272 16 123 72 255 71 193 76 222 115 397 134 186 33 291 145 230 112 324 140 368 96 28 48 281 124 55 139 419 151 437 190 217 11 313 23
4121 22 1367 282 158 448 105 74 97 88 9 129 130 255 158 141 180 299 61 177 29 308 57 154 164 96 73 317 84 414 185 294 179 207 127 38 57 281 111 253 21 422 33 400 128 392 143
4122 22 1087 8 190 253 134 220 62 243 74 178 90 46 44 125 111 230 18 441 186 197 128 294 79 139 98 101 62 130 153 439 71 245 48 311 49 284 30 312 76 3 191 15 200 134 89
4123 22 1461 213 165 158 103 401 106 231 96 87 21 444 187 132 123 289 22 194 185 220 6 285 3 185 47 180 90 237 194 391 23 384 55 387 43 408 89 99 140 235 85 262 178 423 145
4124 22 1310 350 162 166 45 448 187 250 83 39 37 31 18 328 69 13 118 291 148 75 30 141 34 218 91 375 54 77 36 333 149 180 35 362 97 429 160 384 129 244 24 265 26 242 42
4125 22 1202 194 156 11 185 304 35 366 46 220 35 336 144 239 62 329 71 62 110 405 24 57 136 385 42 214 128 65 180 105 58 273 198 266 35 384 69 22 99 216 41 34 1 324 14
4126 22 1211 315 196 175 25 53 150 83 188 134 24 251 163 240 182 17 50 204 17 15 140 300 35 161 49 400 2 234 52 388 59 267 52 43 76 256 93 360 93 428 185 145 43 377 76
4127 22 1392 11 26 331 77 192 121 227 26 233 27 377 34 262 80 173 170 346 175 225 190 252 33 232 12 375 162 298 172 204 124 249 64 401 132 141 92 254 119 119 36 395 97 272 56
4128 22 1094 176 144 227 23 418 151 113 72 83 46 35 60 207 182 181 10 158 181 226 158 212 118 302 115 386 22 103 180 119 124 137 46 367 163 71 137 363 185 208 96 180 42 107 189
4129 22 1336 175 89 398 184 369 175 42 133 192 95 249 127 416 101 58 34 274 44 32 43 106 52 179 71 388 138 118 17 281 24 105 105 112 155 389 132 329 182 264 173 426 15 443 115
4130 22 1053 307 177 341 152 160 133 260 163 363 180 250 200 49 166 180 24 73 186 37 29 226 18 107 159 434 81 336 200 80 129 164 88 7 156 141 16 238 100 28 150 331 127 101 31
4131 22 1112 244 182 304 166 170 140 94 97 60 103 306 95 83 41 214 121 9 153 127 115 394 192 404 43 371 56 276 47 308 56 43 90 110 160 359 1 106 105 162 8 262 156 42 105
4132 22 1291 101 8 175 112 110 2 276 103 143 131 448 66 436 75 364 94 130 106 85 191 366 95 394 171 1 5 430 63 413 23 317 65 380 143 92 144 153 44 139 84 193 154 21 119
4133 22 1022 167 66 249 75 52 191 90 46 84 62 97 91 193 11 203 165 277 19 195 119 286 15 399 131 53 182 276 8 5 94 126 172 244 50 24 85 389 121 70 2 267 12 344 79
4134 22 1017 166 109 157 185 405 126 331 142 42 29 374 146 263 151 53 117 195 128 290 90 28 115 26 118 86 48 170 104 59 63 233 25 273 189 361 177 66 91 120 109 69 94 304 81
4135 22 1241 294 158 199 40 136 141 130 15 5 7 232 42 354 3 96 113 66 80 239 140 370 49 219 38 389 138 196 57 433 200 390 179 7 38 20 194 228 51 408 185 242 26 311 94
4136 22 1263 123 23 361 154 61 51 24 159 69 11 199 8 308 106 441 59 145 121 18 184 390 161 164 141 221 98 150 12 423 60 307 198 335 168 251 97 120 76 258 40 438 56 247 146
4137 22 1039 263 189 254 107 209 123 343 151 84 156 393 156 53 192 419 127 101 175 276 37 94 27 34 15 4 141 54 92 296 53 339 109 191 192 117 102 67 9 150 116 196 57 220 37
4138 22 1162 75 199 439 149 174 76 45 52 59 9 306 149 415 197 246 67 185 4 109 128 73 112 46 83 195 199 160 103 70 148 427 68 37 178 194 14 422 145 224 132 402 74 348 150
4139 22 1170 419 164 86 125 375 166 447 86 111 81 51 158 31 112 260 101 310 137 68 198 164 61 113 37 358 136 120 159 59 18 159 177 283 146 3 107 361 51 293 22 232 145 379 162
4140 22 1423 206 38 414 115 424 182 64 39 344 26 427 103 61 147 214 169 114 74 198 48 269 102 205 130 303 147 201 36 43 81 449 98 368 163 313 44 444 76 184 89 154 61 294 14
4141 22 1057 257 157 385 122 30 184 419 48 435 75 79 189 323 31 24 15 61 125 163 181 37 77 26 182 2 9 72 157 421 165 23 27 407 100 192 21 350 28 45 78 117 68 361 192
4142 22 1357 282 171 318 146 1 154 122 126 435 126 287 157 382 107 421 4 86 194 412 137 45 3 207 196 433 4 26 199 221 86 342 104 356 10 150 159 165 71 36 2 446 122 258 30
4143 22 1408 129 30 383 66 325 197 202 70 99 159 365 181 262 90 231 184 175 39 283 186 388 141 261 176 403 58 200 10 287 30 92 72 195 166 218 96 387 18 406 4 51 167 293 81
4144 22 1135 352 20 57 141 52 194 130 94 296 42 221 98 300 70 60 138 349 3 61 193 220 28 91 107 248 46 112 148 315 154 180 66 225 37 408 78 382 138 273 27 131 144 77 30
4145 22 1163 13 136 220 64 390 80 108 9 160 48 367 57 244 128 254 10 34 135 375 158 323 185 188 105 74 110 31 4 53 159 236 18 346 105 133 135 336 40 46 195 438 162 283 90
4146 22 946 358 142 75 93 418 184 265 152 121 119 27 81 152 181 235 112 68 54 258 22 86 92 9 126 137 56 365 101 158 97 192 168 240 16 112 157 199 26 161 122 47 37 104 50
4147 22 1094 417 190 161 134 344 70 157 81 164 168 356 52 323 122 52 32 68 93 251 7 110 162 64 11 288 176 334 36 12 37 237 181 376 149 116 21 19 125 352 132 92 59 83 114
4148 22 1210 181 87 97 198 31 48 157 143 259 72 103 148 38 135 160 24 371 190 1 72 306 174 42 180 275 173 323 133 357 88 365 145 434 15 176 183 368 192 244 122 391 192 161 178
4149 22 1083 101 84 100 191 236 171 198 9 112 177 35 136 249 120 345 86 134 139 171 198 266 4 320 135 347 113 358 189 54 68 16 105 251 66 47 139 238 44 247 152 170 134 337 170
4150 22 1124 103 81 207 36 322 27 134 137 82 105 372 128 168 79 317 73 399 34 29 49 101 175 339 39 318 38 290 189 71 28 108 23 61 116 10 32 293 43 120 124 250 191 404 117
4151 22 1332 372 72 291 120 255 70 120 156 394 11 296 62 248 87 402 18 414 112 92 174 27 1 405 121 75 197 95 67 300 163 140 23 403 111 79 172 233 186 268 193 331 29 90 17
4152 22 1105 82 9 83 93 100 56 220 200 113 192 97 89 88 41 7 139 303 147 211 58 259 40 181 191 377 148 333 108 76 174 376 110 32 158 402 181 166 73 383 130 415 79 118 4
4153 22 977 272 76 93 26 374 55 33 183 246 64 275 23 211 108 32 139 181 157 150 15 17 1 395 32 324 79 113 90 10 130 443 181 7 187 58 131 42 193 165 39 408 189 61 170
4154 22 1146 146 94 160 129 101 59 193 69 410 89 350 85 118 12 276 29 293 18 61 1 7 118 281 198 260 195 438 69 434 1 39 31 244 98 109 96 57 53 114 168 92 15 402 61
4155 22 1048 128 129 41 70 96 1 373 102 270 153 201 132 250 191 400 35 341 38 15 36 186 176 132 44 78 95 361 121 310 14 83 87 192 173 9 39 275 131 43 195 185 143 226 86
4156 22 1206 85 77 320 75 215 185 213 2 112 194 295 91 190 7 64 101 170 96 140 113 321 200 301 97 182 43 343 116 188 120 402 22 397 73 299 63 207 111 214 120 6 60 161 95
4157 22 1617 418 174 296 37 421 87 99 193 236 51 90 167 344 132 332 31 152 35 404 200 208 4 362 116 364 77 386 121 338 198 166 105 423 163 441 143 141 136 334 91 427 100 86 60
4158 22 1378 233 118 213 120 224 62 377 77 273 94 441 199 431 111 336 78 178 142 152 192 284 95 390 74 432 125 167 110 226 4 19 109 72 32 295 93 156 71 18 51 413 118 182 76
4159 22 1268 6 161 205 97 63 97 81 159 38 156 242 13 272 1 138 76 269 48 249 152 427 95 245 184 117 12 385 130 381 118 107 36 78 13 183 142 409 63 400 197 368 191 411 42
4160 22 1371 43 148 419 112 348 169 413 174 259 158 79 22 442 60 53 109 316 90 288 29 222 32 239 36 83 37 56 26 247 199 368 97 317 31 294 187 296 169 149 104 276 179 278 69
4161 22 1085 39 132 79 6 421 19 236 195 50 75 382 132 311 187 7 60 387 77 158 3 257 103 41 152 271 189 258 149 18 85 69 6 68 98 63 188 168 149 334 117 323 116 400 85
4162 22 1324 304 109 446 191 435 3 95 43 205 86 395 128 324 2 226 193 338 44 50 157 43 113 44 160 411 30 28 35 245 28 171 198 38 167 390 72 371 85 314 178 170 60 255 195
4163 22 1145 113 132 90 2 427 89 58 20 303 102 229 165 133 159 199 27 286 22 76 73 190 68 396 60 102 161 339 73 171 93 19 185 276 158 387 103 299 144 324 151 147 52 16 79
4164 22 1124 12 66 257 147 237 185 221 178 2 18 138 3 79 178 27 151 273 45 185 198 205 73 350 153 167 173 255 13 377 122 194 138 287 26 436 159 4 87 379 193 141 107 270 67
4165 22 1325 359 192 264 95 242 170 318 193 122 136 18 128 446 50 193 135 437 195 271 14 282 82 69 69 360 113 11 68 185 80 378 26 43 122 119 112 441 112 285 128 329 112 128 74
4166 22 1245 111 122 308 149 218 131 215 50 162 35 370 21 198 130 90 182 159 67 259 103 140 78 364 181 239 150 310 17 114 87 440 126 411 49 27 28 79 141 279 190 125 98 362 74
4167 22 1349 128 153 305 36 69 14 89 159 41 104 391 31 356 150 49 19 289 40 346 149 438 122 28 67 214 109 358 141 106 122 314 185 374 21 173 45 334 63 426 118 245 58 323 146
4168 22 1472 406 93 384 95 289 34 32 110 314 48 26 22 58 16 379 81 331 116 354 1 438 150 434 150 304 61 319 148 368 142 246 173 186 179 367 126 15 49 338 30 98 63 203 7
4169 22 1170 328 133 187 58 448 193 309 135 142 44 336 46 407 7 145 174 50 190 249 85 171 117 311 85 217 198 166 117 110 68 123 89 100 162 298 48 54 108 134 47 154 122 242 160
4170 22 1132 328 189 35 27 378 135 213 98 102 73 334 168 322 199 234 33 18 159 123 18 320 171 267 25 230 102 221 133 125 115 94 102 53 81 430 32 65 95 182 18 369 15 86 141
4171 22 1253 166 21 325 183 329 198 300 50 20 168 276 149 170 49 234 44 163 29 348 17 109 129 350 76 225 81 443 94 146 78 384 61 51 110 95 181 307 147 231 26 164 56 177 135
4172 22 1123 154 160 229 18 338 28 236 49 158 186 274 83 268 16 76 113 396 161 325 48 370 72 28 129 18 58 181 66 330 66 121 191 91 179 175 28 329 82 63 102 316 31 19 91
4173 22 1204 345 114 53 172 63 25 293 141 303 12 400 106 92 15 388 159 38 128 204 130 108 128 107 36 312 170 189 77 102 158 170 198 223 74 371 136 298 115 376 50 176 25 208 20
4174 22 1091 242 45 128 31 24 84 60 134 311 116 169 124 387 10 3 140 167 72 138 141 445 10 276 195 427 103 44 154 303 173 421 99 253 101 73 186 360 156 46 127 26 72 64 37
4175 22 1098 324 103 203 47 342 144 143 154 71 137 30 74 133 135 53 35 358 175 34 10 375 108 397 86 15 94 64 90 365 127 129 188 332 81 334 173 126 129 276 99 115 107 174 197
4176 22 1253 192 76 284 101 300 117 362 76 24 8 213 190 351 76 181 66 5 109 105 136 242 191 160 117 119 138 217 183 394 90 82 37 165 115 337 166 283 198 393 158 157 57 447 58
4177 22 1108 85 177 375 39 36 79 26 27 69 185 245 139 222 62 22 118 3 5 404 20 121 43 285 5 192 130 362 149 410 6 172 188 330 60 275 110 337 3 81 122 319 195 63 142
4178 22 1132 112 165 96 66 284 168 10 121 272 51 235 199 87 96 106 9 434 187 120 60 447 157 13 27 78 112 422 126 389 136 190 86 253 74 354 12 194 177 12 195 163 181 257 120
4179 22 1269 139 192 357 9 152 155 317 66 83 194 279 179 417 54 17 104 143 53 406 168 58 19 13 34 333 107 295 45 190 4 364 180 445 22 240 198 276 56 413 108 101 191 39 170
4180 22 1309 194 157 273 139 209 81 156 18 99 171 152 131 27 98 25 68 201 91 250 48 312 139 445 40 145 60 149 147 302 137 416 46 294 141 434 54 121 41 422 119 411 75 200 40
4181 22 1340 222 176 359 25 318 58 272 82 197 68 421 143 379 19 239 81 358 157 276 153 97 61 408 117 103 181 37 64 155 36 377 164 63 3 33 171 274 14 417 93 234 61 122 105
4182 22 1409 251 52 364 57 229 68 153 189 175 21 243 6 8 56 310 195 62 38 408 175 342 43 345 65 306 63 410 142 323 81 148 23 34 161 232 12 278 184 402 4 407 144 209 164
4183 22 1197 102 21 258 13 10 68 287 2 310 83 118 165 197 127 358 171 209 55 296 194 167 177 157 146 62 108 100 68 354 110 431 155 30 141 219 92 108 58 443 69 340 110 235 189
4184 22 1071 239 43 259 147 197 104 343 16 180 49 11 192 157 62 311 112 72 42 168 53 184 136 244 141 43 36 361 85 398 145 123 86 287 183 234 36 87 76 51 118 175 163 161 33
4185 22 888 275 72 44 196 365 113 48 198 198 192 388 193 129 98 329 76 1 113 331 35 97 168 121 124 120 39 50 132 201 32 56 122 77 103 136 191 103 183 139 94 222 183 124 121
4186 22 1180 361 100 165 63 114 47 447 60 166 170 86 135 158 135 118 58 169 126 182 197 228 117 238 130 152 178 325 75 10 199 96 170 250 62 332 13 380 25 175 49 260 111 308 94
4187 22 1309 178 18 164 53 449 161 233 17 248 162 68 125 437 95 234 87 190 5 286 103 138 100 112 67 424 138 166 83 398 123 229 127 290 92 182 40 402 164 257 151 75 76 77 13
4188 22 1047 20 110 149 11 116 186 363 53 286 26 320 161 15 187 94 162 161 124 191 153 367 172 392 171 335 200 171 11 176 148 124 197 159 122 58 27 360 72 129 145 150 150 55 164
4189 22 1228 188 100 178 149 175 118 401 142 289 44 64 175 194 184 235 119 83 8 217 44 232 74 170 141 348 100 387 147 400 141 210 137 243 187 35 119 304 137 110 144 431 123 20 24
4190 22 1097 9 55 144 93 214 160 38 95 236 157 187 83 107 23 179 58 166 138 296 60 377 183 28 132 419 190 26 51 414 145 226 122 351 119 167 165 331 54 161 16 13 198 300 19
4191 22 945 72 78 278 39 17 173 298 43 55 76 225 26 65 2 76 80 398 102 52 49 220 120 15 2 23 127 267 135 176 66 205 48 195 132 86 62 207 136 206 11 311 30 336 27
4192 22 1257 333 64 108 81 315 59 181 136 30 197 288 103 23 106 139 199 324 46 48 18 427 35 331 185 170 39 46 132 118 183 110 3 446 168 385 10 428 115 8 111 335 162 435 92
4193 22 1274 250 135 415 195 282 185 224 167 17 108 186 5 105 20 325 38 429 27 135 96 311 197 174 127 94 181 439 80 292 125 173 43 260 90 338 191 274 113 159 192 170 197 47 75
4194 22 1459 266 173 414 144 349 50 42 11 196 65 339 91 447 77 422 90 351 45 32 60 334 121 303 159 133 111 100 5 407 98 231 122 170 46 68 20 395 9 432 141 375 70 31 21
4195 22 1325 196 153 312 99 199 193 360 82 366 112 342 50 275 141 4 33 241 36 107 60 81 124 132 176 334 13 166 108 433 98 178 180 302 189 430 150 340 183 400 3 74 200 29 67
4196 22 925 105 162 357 41 20 68 21 143 49 96 76 64 263 85 196 13 112 77 16 152 59 116 236 198 300 186 152 176 287 81 92 141 94 50 383 13 417 6 68 101 34 31 366 168
4197 22 1133 78 180 131 156 95 34 214 60 221 163 62 158 365 37 294 147 128 187 292 79 271 56 195 76 414 114 379 197 144 144 16 23 373 198 31 67 183 144 229 3 7 92 411 173
4198 22 1321 378 6 171 157 194 162 335 15 17 181 290 130 445 18 28 190 61 145 65 35 344 95 104 76 338 132 80 96 275 190 420 102 398 90 360 91 151 44 155 19 426 195 250 22
4199 22 1358 212 177 325 73 328 159 316 22 64 41 361 47 21 107 271 12 22 159 18 131 252 18 226 106 439 54 400 88 275 64 117 86 140 89 363 50 405 186 164 47 297 60 417 55
4200 22 1521 431 81 82 2 189 99 435 192 319 162 448 57 65 149 94 90 264 160 427 103 299 92 53 55 327 166 251 25 375 170 429 105 400 163 409 40 263 95 232 81 256 129 39 23
4201 22 1192 279 33 262 193 394 38 45 144 179 47 148 158 364 51 332 189 270 13 245 69 25 55 408 187 249 139 20 157 19 108 29 48 190 90 442 36 129 38 360 85 229 117 150 131
4202 22 1010 400 188 100 62 285 170 388 39 327 175 390 168 244 96 188 53 74 137 145 115 78 180 166 110 54 2 240 172 101 120 124 141 169 35 27 190 373 115 17 149 106 186 44 101
4203 22 1470 425 146 276 12 90 40 191 21 385 8 431 40 411 120 214 114 342 137 254 12 373 82 252 97 48 20 95 154 107 90 304 31 136 180 142 77 421 85 298 155 330 147 355 99
4204 22 1300 210 118 42 46 271 54 18 4 7 65 251 26 61 104 432 151 258 12 438 89 256 166 409 42 163 166 133 42 362 137 193 21 106 134 216 176 439 185 181 145 372 62 385 103
4205 22 1234 164 142 17 53 232 72 68 41 63 33 106 197 324 117 336 118 137 91 404 154 419 142 290 149 439 91 130 160 4 15 263 67 308 81 369 90 152 88 332 16 320 87 62 146
4206 22 1148 55 49 363 43 440 66 196 110 310 85 158 150 177 40 259 30 6 123 346 113 3 166 4 106 406 187 21 125 373 85 70 179 185 85 271 176 402 168 235 61 103 95 212 179
4207 22 1154 386 71 61 91 195 56 305 100 324 61 57 179 297 30 155 72 264 77 300 150 311 71 276 62 188 162 125 42 158 36 223 93 408 133 33 155 290 90 4 65 112 43 146 191
4208 22 1193 250 67 106 126 267 6 386 139 33 99 176 44 373 170 302 161 342 144 320 26 29 124 65 168 129 30 241 24 412 81 173 131 189 150 299 94 235 137 376 86 12 19 60 81
4209 22 1170 422 170 74 118 292 199 446 167 364 115 96 145 281 138 220 94 20 193 326 58 294 174 101 81 10 78 216 174 199 175 256 70 247 132 189 140 230 86 106 45 250 1 41 182
4210 22 1027 190 61 28 12 255 3 19 98 129 172 228 38 301 143 263 49 320 169 271 166 9 105 281 95 412 178 44 115 118 28 404 178 215 182 157 36 280 185 59 57 25 159 102 137
4211 22 1285 408 21 407 78 138 108 288 194 341 132 405 18 178 69 85 5 175 113 209 191 246 67 276 125 304 184 184 178 243 37 216 102 359 75 29 98 284 16 91 174 97 191 177 18
4212 22 1263 278 81 94 190 391 184 137 157 412 64 210 97 49 89 139 185 407 140 293 181 20 42 14 38 134 40 439 80 432 165 149 59 347 194 150 39 378 187 245 139 100 107 235 198
4213 22 1268 247 26 82 5 417 126 435 139 19 51 28 2 342 16 433 23 180 82 132 128 425 81 16 4 117 112 344 68 420 81 415 117 156 198 21 174 125 58 264 193 160 191 294 101
4214 22 1411 306 27 425 137 10 156 214 86 439 181 440 7 143 183 164 63 389 82 270 89 55 46 213 12 309 108 323 100 251 75 5 79 399 194 138 57 409 24 95 190 215 51 434 47
4215 22 1513 225 47 212 16 129 133 304 35 128 18 398 39 75 20 188 178 296 194 56 194 387 146 350 196 419 94 187 33 297 170 331 21 368 44 338 48 227 91 332 106 361 79 444 185
4216 22 1249 150 33 362 95 79 170 239 117 265 90 14 35 184 200 17 80 421 49 152 89 93 40 38 21 282 170 326 142 250 22 229 50 206 192 394 184 211 184 351 75 424 164 309 57
4217 22 1204 166 127 238 36 378 91 76 20 30 164 442 164 85 69 157 84 290 135 335 48 127 29 381 87 62 83 414 85 299 174 243 114 303 132 201 180 125 129 301 56 44 142 119 80
4218 22 1107 262 76 63 52 210 200 251 88 278 81 327 191 116 40 28 114 215 72 29 169 6 31 348 130 211 50 335 154 143 4 433 105 331 148 108 192 149 158 80 126 88 6 418 105
4219 22 1083 297 47 270 161 369 100 180 26 181 29 105 41 379 139 247 173 44 131 77 124 430 184 66 128 91 147 155 131 152 25 87 148 221 157 110 141 256 141 166 186 20 72 429 200
4220 22 1522 311 77 122 56 159 49 382 189 434 199 318 77 245 73 409 96 249 145 445 119 401 54 262 157 427 94 66 49 222 115 211 100 238 18 259 38 149 199 22 147 316 50 441 90
4221 22 1363 158 138 188 152 34 57 153 138 70 9 184 196 204 151 396 78 417 158 127 54 426 187 242 124 435 65 373 51 116 65 240 73 403 30 24 86 288 28 175 57 410 4 392 160
4222 22 1219 400 119 226 157 147 182 184 34 325 8 118 41 282 20 356 46 312 178 198 141 253 86 230 133 12 186 270 22 139 113 283 188 111 97 430 42 30 15 16 139 334 58 220 156
4223 22 1481 213 166 267 92 265 159 296 2 438 128 114 25 250 35 313 64 367 153 397 179 351 28 220 180 194 37 371 177 144 142 84 8 259 150 399 176 160 95 227 99 224 190 373 125
4224 22 1042 424 136 189 143 290 187 21 40 164 93 171 159 181 41 35 175 335 19 334 193 70 33 320 132 129 97 30 52 436 105 29 62 292 117 6 31 403 76 168 120 40 26 101 33
4225 22 1127 212 127 67 82 360 111 54 44 131 85 372 79 416 126 264 170 354 25 261 122 280 143 124 8 312 43 329 52 18 79 136 131 57 2 213 169 64 166 262 46 150 86 74 115
4226 22 1307 163 88 137 16 214 149 289 196 442 64 55 103 356 33 256 125 414 141 255 20 194 67 38 158 282 152 53 33 179 100 299 166 388 166 331 36 254 128 377 117 82 182 172 115
4227 22 832 139 146 30 180 2 149 273 19 132 2 40 137 385 76 415 86 24 132 123 39 14 8 294 192 37 160 318 133 189 106 80 68 137 181 319 62 151 57 143 153 46 131 39 123
4228 22 1171 447 24 348 28 346 138 92 155 231 83 41 92 307 60 274 198 18 5 315 154 35 185 165 136 241 10 290 88 392 178 212 189 153 109 16 100 46 59 104 178 343 95 269 152
4229 22 1065 156 92 349 23 46 165 327 33 50 143 370 142 2 159 230 196 138 143 384 40 152 199 389 49 160 144 127 102 290 95 303 96 89 1 168 34 16 46 318 67 189 137 8 92
4230 22 1164 47 189 237 86 332 70 75 135 171 15 333 30 159 161 433 100 6 136 45 146 88 65 331 5 360 149 271 50 37 79 392 84 169 180 371 150 400 198 186 22 112 171 103 122
4231 22 1380 181 85 372 138 422 168 383 60 282 14 214 142 64 87 341 150 417 84 235 135 114 106 237 65 203 72 338 66 92 40 290 125 74 161 112 96 280 97 157 112 360 122 355 23
4232 22 1173 58 147 124 124 181 109 159 46 64 95 62 68 418 99 233 160 388 72 384 13 334 97 160 64 193 118 327 54 340 131 178 47 129 152 23 59 262 133 256 177 177 117 244 144
4233 22 1549 317 176 255 104 150 90 369 183 337 80 248 131 48 124 285 37 406 164 385 35 417 109 445 78 241 101 154 19 169 49 215 136 25 169 341 176 311 11 258 197 441 156 379 40
4234 22 1414 231 15 78 37 329 62 271 45 73 115 313 167 278 182 286 177 96 71 353 16 263 128 26 24 437 174 114 144 203 153 325 67 280 11 345 193 383 42 415 99 366 30 193 11
4235 22 1237 253 19 358 175 423 73 437 50 151 10 87 24 275 30 228 27 106 95 218 91 303 150 34 169 1 199 198 66 142 160 220 12 367 144 185 42 380 136 192 92 24 115 366 156
4236 22 1184 393 145 361 189 352 29 31 156 330 115 125 130 65 74 297 106 384 116 20 50 9 4 341 141 141 134 82 65 299 197 420 143 43 82 133 147 60 65 252 192 279 178 321 44
4237 22 1387 352 68 151 37 285 170 238 194 425 129 336 168 262 117 332 62 15 3 56 110 284 38 106 146 403 109 439 33 387 9 228 90 78 81 226 163 150 163 258 127 193 145 344 57
4238 22 1227 213 77 218 77 231 26 388 114 63 193 61 117 2 99 402 188 410 81 329 39 211 154 53 163 168 12 191 111 106 134 417 168 412 36 147 192 111 134 307 76 127 20 344 180
4239 22 1060 18 45 169 129 76 147 118 38 150 120 300 167 82 40 279 87 175 195 107 86 83 3 379 43 336 38 20 14 257 14 243 126 260 111 355 135 59 22 275 108 124 27 376 164
4240 22 1517 405 15 390 2 271 78 334 23 56 178 10 143 148 76 201 61 368 77 320 131 431 157 439 104 81 199 296 156 427 172 419 183 386 159 286 6 36 119 330 93 349 41 88 96
4241 22 1360 66 138 106 136 364 177 416 96 335 156 449 165 306 147 273 82 118 191 317 55 201 152 362 88 373 143 33 71 233 120 316 99 9 73 334 175 101 51 370 86 356 21 2 64
4242 22 1223 317 74 147 36 117 113 192 69 217 53 207 39 395 41 11 129 410 178 77 120 2 60 444 2 362 116 139 68 438 41 133 54 16 179 391 82 292 82 51 108 286 59 248 80
4243 22 1403 149 158 8 10 185 187 179 136 148 175 287 60 242 128 379 129 168 161 134 33 339 174 367 182 257 169 289 92 327 186 373 77 395 130 236 29 118 166 366 66 292 5 377 133
4244 22 1284 282 155 311 99 417 146 233 5 119 149 87 125 219 27 16 95 115 138 171 59 370 8 240 39 24 155 354 65 409 132 398 42 186 10 342 104 356 175 111 26 325 47 53 144
4245 22 1043 225 118 240 141 58 161 29 168 291 169 43 145 73 110 6 156 357 49 244 68 241 97 365 157 301 141 355 103 436 180 22 26 70 131 238 71 211 57 13 30 300 110 54 59
4246 22 1428 117 9 217 165 302 136 255 99 311 171 405 111 62 10 115 147 41 136 324 12 267 61 335 127 420 47 406 19 9 29 72 170 397 37 421 32 341 69 394 64 276 156 225 37
4247 22 1451 270 73 227 56 197 140 274 9 324 152 328 173 360 48 228 20 378 152 89 76 40 160 408 32 380 153 145 7 109 69 443 28 294 19 385 42 261 60 134 164 406 23 127 136
4248 22 1285 144 107 189 183 32 178 344 41 209 25 444 104 132 102 324 74 81 17 395 68 258 155 327 60 390 90 239 198 264 17 235 58 73 123 242 105 200 37 145 60 113 90 363 44
4249 22 1381 343 39 420 24 57 66 41 65 170 17 226 161 59 14 108 74 430 42 331 105 366 74 261 15 412 57 125 75 197 189 370 89 429 91 62 186 356 154 350 127 123 77 288 181
4250 22 1465 190 45 156 71 339 137 377 154 262 87 421 24 194 147 350 42 235 119 80 114 210 194 301 117 399 52 294 21 428 131 303 169 127 159 439 117 97 166 321 8 154 143 183 147
4251 22 1492 39 184 390 175 403 70 140 64 265 90 432 113 241 175 284 68 405 38 436 184 196 27 200 42 444 170 252 147 412 136 96 152 170 185 377 174 106 166 439 20 56 120 185 196
4252 22 1226 245 18 116 151 205 3 384 3 179 34 294 172 255 197 371 19 183 68 320 52 154 96 75 10 364 165 231 69 84 65 316 178 34 183 129 41 186 62 345 166 247 190 190 2
4253 22 1098 387 160 320 119 229 189 72 182 37 98 243 50 312 76 420 145 92 85 325 78 370 155 18 5 116 64 70 15 203 59 16 39 309 148 177 182 182 163 179 176 214 92 101 33
4254 22 807 89 143 70 63 422 89 17 41 145 184 4 166 148 156 75 165 345 146 151 103 346 78 237 127 142 115 102 156 109 105 88 147 49 9 211 170 197 177 60 93 12 113 209 62
4255 22 1214 268 35 426 62 430 129 417 177 108 153 3 149 219 157 154 177 13 44 125 11 52 35 80 101 163 141 295 75 253 3 438 120 387 113 284 169 193 2 345 150 106 200 99 76
4256 22 1637 158 154 305 72 199 79 282 1 314 13 153 76 447 102 405 152 239 76 90 54 411 60 446 114 57 148 419 108 397 15 351 51 436 100 281 119 402 146 333 56 222 35 204 75
4257 22 1433 41 155 314 18 447 69 181 106 216 44 162 13 65 169 160 61 35 161 313 172 212 143 442 63 339 124 318 62 410 121 236 100 428 151 220 74 371 200 131 37 443 193 249 57
4258 22 1201 113 59 119 200 71 131 323 182 124 117 444 114 240 113 225 150 35 62 251 12 265 70 435 135 419 168 321 64 62 172 70 176 182 141 425 152 221 50 135 96 266 128 61 157
4259 22 1141 92 87 306 176 399 59 138 65 178 24 51 149 341 74 212 54 145 83 230 26 123 156 127 94 155 61 22 140 402 79 133 188 36 58 288 194 447 152 372 173 205 22 165 128
4260 22 1422 383 169 322 115 398 197 388 153 375 183 410 137 223 31 278 24 109 110 64 197 269 51 390 68 55 63 142 9 84 58 436 116 76 59 281 175 157 120 330 83 152 141 369 24
4261 22 1216 321 198 150 32 259 115 228 129 165 169 446 71 132 139 131 115 97 118 283 174 76 165 299 182 434 180 364 185 120 34 58 42 125 41 73 4 290 173 167 60 356 56 293 22
4262 22 1037 2 160 4 25 86 168 125 117 151 56 283 35 75 118 395 169 349 105 345 189 328 149 60 119 73 27 380 28 132 172 149 85 232 5 11 67 424 186 235 175 91 19 218 137
4263 22 1324 7 136 287 12 280 25 191 180 409 52 63 188 281 146 110 32 430 91 236 90 259 159 177 43 385 68 162 198 87 198 4 74 334 115 405 10 5 85 448 113 438 112 301 119
4264 22 1457 357 60 300 38 352 137 430 10 397 106 254 84 25 65 381 63 64 184 236 199 251 41 161 105 377 160 270 164 322 70 182 128 131 183 218 134 271 197 243 70 404 146 203 131
4265 22 1138 63 185 193 128 118 81 229 18 221 39 225 197 200 44 112 21 215 194 299 97 428 66 30 151 314 124 120 19 421 124 349 135 108 94 263 27 174 141 247 46 31 71 194 80
4266 22 1128 116 105 301 82 200 1 328 130 318 159 80 31 334 99 49 6 174 150 441 81 195 3 159 120 293 55 17 25 27 110 206 94 56 175 368 108 54 97 175 14 226 107 397 26
4267 22 1152 58 53 199 57 293 31 303 147 239 122 41 96 288 65 272 99 222 66 266 28 192 183 135 96 329 12 361 6 318 60 181 25 264 29 33 8 9 35 304 100 208 194 95 145
4268 22 1288 360 166 195 81 433 11 10 127 245 147 22 176 108 34 331 27 343 12 402 156 42 84 313 3 371 68 128 61 98 75 72 165 419 55 48 31 316 74 276 164 347 151 273 80
4269 22 1183 331 100 275 94 251 80 88 186 345 40 206 62 193 34 290 108 346 104 128 102 3 159 120 28 36 83 224 36 56 106 418 55 430 12 207 61 49 142 355 40 300 117 84 135
4270 22 1445 291 23 394 38 328 121 42 81 281 11 208 116 393 134 403 200 241 21 404 20 384 162 230 184 254 87 323 5 203 106 389 193 380 84 280 157 56 121 189 187 83 49 26 182
4271 22 979 207 127 272 177 81 143 112 94 374 95 147 60 17 153 312 174 343 6 5 126 288 113 332 60 52 20 293 150 73 70 133 181 46 6 59 128 150 20 72 73 314 170 235 182
4272 22 1113 173 98 405 117 104 159 393 43 272 76 202 125 145 196 26 119 67 108 150 13 215 8 342 164 378 65 38 141 285 72 59 122 179 25 177 140 169 19 63 94 422 87 188 68
4273 22 979 64 59 134 123 208 48 37 117 242 102 446 156 39 37 142 113 11 50 384 91 427 10 32 45 330 144 241 51 132 30 420 45 88 154 17 197 3 105 364 44 106 9 50 47
4274 22 1308 197 141 109 59 443 144 102 121 255 83 217 84 227 7 434 8 37 156 155 76 161 171 73 13 328 138 9 33 448 160 179 47 300 189 55 194 432 6 364 188 289 31 421 67
4275 22 1044 189 157 76 177 12 30 3 172 127 184 330 166 394 164 213 103 93 109 405 183 116 148 67 171 264 54 161 196 325 29 184 81 11 144 236 165 115 140 191 50 221 6 444 35
4276 22 1364 220 96 279 129 363 94 298 29 216 163 333 179 158 7 307 141 139 13 403 182 151 17 196 140 259 97 263 166 290 197 36 186 277 66 335 139 261 184 168 78 448 2 56 55
4277 22 1280 360 15 98 198 329 200 181 179 119 178 71 129 274 33 245 164 331 80 51 157 197 87 397 7 273 166 84 120 267 92 425 126 156 74 223 84 173 5 115 193 432 85 322 8
4278 22 1136 67 16 421 97 447 23 155 95 59 51 251 131 267 136 203 183 127 177 259 84 300 183 368 74 140 134 19 121 268 140 30 134 57 50 332 105 124 138 349 133 188 51 115 156
4279 22 1012 136 17 191 165 95 151 198 146 185 167 122 24 250 190 47 117 29 176 2 187 128 135 241 1 22 41 35 12 391 52 317 28 120 9 442 117 159 192 262 44 408 33 269 58
4280 22 1098 72 115 326 102 391 80 340 68 314 82 370 86 372 105 199 164 208 15 94 127 174 135 143 134 7 129 336 89 148 45 63 62 20 116 4 1 123 15 389 143 252 111 49 100
4281 22 1238 276 58 116 169 184 41 56 179 275 133 385 103 318 75 352 12 39 64 84 157 419 134 114 42 52 136 303 114 234 2 240 143 20 60 326 60 265 56 236 48 441 167 217 42
4282 22 1467 179 5 255 64 161 24 449 24 367 49 326 152 301 141 387 105 130 179 224 92 6 135 206 112 421 5 153 161 222 69 302 102 174 59 386 34 365 162 402 65 189 153 266 129
4283 22 1048 41 72 261 119 347 52 176 81 9 189 103 14 242 65 337 10 19 190 385 77 306 173 212 122 184 63 237 122 215 154 307 25 260 177 71 13 202 3 72 91 187 32 22 75
4284 22 1078 293 190 116 180 216 73 202 79 294 37 191 132 358 107 235 159 313 109 271 189 81 133 143 34 6 133 244 116 264 118 10 54 33 39 121 157 92 150 401 178 392 82 37 149
4285 22 1232 369 46 313 179 266 54 10 50 396 195 206 180 137 199 147 150 419 106 253 153 47 74 160 38 125 12 268 16 295 54 66 163 351 181 142 168 234 103 418 81 97 125 210 135
4286 22 1352 275 58 234 95 113 39 348 59 64 109 349 38 322 16 305 116 71 121 431 72 351 124 189 86 376 8 416 74 34 177 358 111 184 43 205 148 281 4 109 144 262 7 133 183
4287 22 1283 224 90 351 146 12 33 317 62 106 8 149 133 315 16 156 51 392 165 311 177 359 165 74 40 219 82 135 32 240 20 267 165 167 111 370 49 329 83 256 86 31 88 353 196
4288 22 1028 95 103 189 161 163 115 169 179 40 110 47 24 181 15 16 97 232 124 215 42 345 65 70 27 222 158 309 59 10 106 255 64 346 15 128 110 285 56 351 195 55 26 391 85
4289 22 1372 341 6 283 172 329 149 365 73 13 36 51 184 143 9 394 154 66 48 117 61 314 94 272 98 252 172 444 56 384 92 340 39 26 113 269 124 427 143 136 64 421 57 103 64
4290 22 1305 410 18 163 179 180 28 424 151 277 77 225 121 132 24 204 175 165 145 350 29 413 73 307 6 210 120 250 182 126 55 145 138 174 59 318 54 38 43 406 115 170 30 135 3
4291 22 1071 5 140 228 121 136 79 49 99 254 5 206 63 275 157 245 52 11 41 191 35 402 8 140 89 401 195 303 122 327 189 74 181 31 101 102 116 82 2 316 35 107 173 399 83
4292 22 1235 180 45 434 92 288 27 28 89 284 117 279 36 314 84 7 192 274 81 122 104 433 25 72 16 79 89 185 62 1 19 343 95 254 186 134 130 266 172 366 84 253 151 347 136
4293 22 1419 260 138 259 92 312 15 426 38 288 192 266 26 143 152 439 43 322 133 440 26 171 173 207 86 97 22 19 149 375 68 386 184 105 194 177 18 410 2 206 97 243 23 125 186
4294 22 1095 177 113 78 48 98 69 173 68 242 180 253 90 103 121 340 77 290 25 262 145 70 38 14 130 140 121 328 184 344 52 369 70 167 149 169 114 342 181 10 73 385 99 27 157
4295 22 1218 288 54 97 112 367 193 234 7 106 115 96 27 192 181 270 144 50 191 360 50 109 125 316 152 305 76 426 141 326 153 164 158 245 77 24 137 110 180 443 24 127 21 218 110
4296 22 1430 292 11 359 132 372 108 392 146 425 46 52 152 21 142 228 125 40 91 182 135 319 8 171 181 289 65 56 68 185 23 327 26 285 187 309 6 396 51 403 170 348 104 272 20
4297 22 1359 397 151 45 139 41 178 323 111 137 95 441 28 310 47 96 21 423 22 206 9 32 163 256 84 416 175 231 121 48 151 20 198 297 8 240 176 432 101 365 126 243 92 437 141
4298 22 1232 38 33 262 112 256 119 320 87 81 125 171 98 351 101 119 51 203 40 148 1 247 38 277 30 190 193 355 184 184 192 375 173 26 38 334 181 306 155 169 188 431 189 86 33
4299 22 1470 342 56 383 44 445 131 247 93 70 125 122 161 367 76 344 152 419 68 424 146 55 159 378 12 215 97 400 47 37 85 179 78 290 162 74 186 244 70 178 115 444 151 225 110
4300 22 966 428 170 113 149 40 88 44 46 46 172 108 62 120 57 156 93 338 134 34 51 157 121 294 28 200 160 71 100 86 82 77 156 196 25 295 133 171 190 430 42 149 191 313 7
4301 22 1231 18 99 337 153 34 38 361 154 283 138 203 195 110 2 230 143 431 87 388 7 433 120 277 173 301 70 173 191 332 130 192 102 430 179 104 14 68 165 69 2 54 174 96 116
4302 22 1190 227 176 10 157 14 198 314 197 269 40 21 22 212 43 312 143 224 156 44 104 236 50 303 166 337 54 319 160 402 86 437 129 146 195 342 45 108 138 15 150 410 86 61 53
4303 22 1472 100 105 376 5 301 31 440 150 449 142 315 86 147 85 98 171 185 76 118 30 370 62 139 107 276 88 217 164 421 13 305 48 367 7 129 58 256 177 172 14 447 106 263 197
4304 22 1532 378 197 174 45 426 193 358 165 402 136 154 168 299 54 190 111 160 39 429 118 317 136 223 46 236 94 161 134 401 173 430 179 22 154 425 147 246 33 163 149 118 67 416 66
4305 22 1300 172 107 28 183 396 6 350 14 391 124 359 178 169 22 61 119 146 41 447 67 246 72 216 43 356 28 342 23 296 59 40 117 168 167 1 63 124 102 426 64 125 87 343 193
4306 22 1074 110 103 14 5 45 112 422 40 85 37 435 190 166 178 64 62 286 3 80 153 221 181 167 44 32 195 407 59 131 99 103 92 304 18 96 48 230 167 240 64 305 74 356 171
4307 22 989 203 169 32 38 72 161 93 44 243 61 238 127 55 146 137 87 147 139 78 150 407 74 347 38 292 188 101 99 13 106 271 15 27 52 305 198 14 147 441 9 257 80 185 14
4308 22 1060 76 71 150 22 161 78 221 69 3 119 406 46 409 159 94 71 166 164 186 42 267 90 289 83 38 32 191 146 213 25 259 88 297 59 59 159 238 31 228 142 102 85 187 160
4309 22 1154 343 131 82 59 246 19 250 13 410 91 447 47 74 137 395 136 163 103 124 159 213 84 119 152 167 96 268 133 80 79 75 162 10 185 207 79 37 171 288 127 317 137 302 105
4310 22 1563 281 39 267 135 364 127 350 98 446 151 366 43 346 83 125 75 163 102 438 124 436 194 102 122 117 92 250 85 380 103 140 12 342 6 255 133 245 4 330 48 369 122 143 153
4311 22 1238 449 69 315 150 156 189 235 1 242 109 119 33 160 154 214 163 293 175 204 100 371 58 184 17 64 63 66 132 387 10 135 185 428 149 185 89 20 86 381 180 254 15 90 107
4312 22 1314 429 154 301 153 207 101 425 66 334 194 329 99 309 163 385 19 47 171 148 147 156 133 288 127 18 18 157 123 34 98 332 114 234 19 109 34 93 124 320 188 305 168 299 117
4313 22 1403 304 119 315 124 166 13 431 98 300 57 117 17 363 142 153 60 373 66 112 56 334 120 142 79 144 63 416 150 380 14 318 135 282 132 110 98 246 140 97 96 296 166 214 111
4314 22 1277 307 16 20 181 132 32 38 117 351 181 95 146 293 61 197 24 324 64 160 158 297 119 205 43 410 153 240 6 168 153 66 176 369 37 408 2 320 48 221 180 263 68 225 173
4315 22 1269 167 198 248 130 208 155 129 178 261 23 38 66 62 193 435 64 410 111 34 96 70 185 416 169 303 38 101 167 207 75 91 123 372 40 205 131 395 185 311 107 348 172 268 192
4316 22 1253 7 133 253 169 417 98 240 101 365 59 5 154 59 73 13 185 313 85 356 3 191 139 249 25 449 7 331 198 129 100 241 37 133 143 305 149 442 94 251 109 104 108 162 14
4317 22 1525 132 176 198 95 161 6 299 53 294 149 78 94 255 60 343 85 262 183 171 144 227 125 94 68 396 128 326 55 442 40 437 117 339 33 429 194 383 182 389 181 61 134 387 22
4318 22 1439 278 124 383 110 144 28 238 121 73 158 443 171 285 68 375 26 9 11 95 48 393 23 377 156 382 159 168 167 48 140 145 121 274 156 164 4 394 36 326 51 428 196 337 98
4319 22 1435 373 65 356 183 309 3 278 133 246 4 39 29 315 6 95 112 97 41 382 73 447 147 226 90 133 53 442 12 151 178 59 173 144 17 407 152 321 36 435 118 92 125 396 106
4320 22 1317 332 93 317 179 435 48 3 81 446 30 422 128 432 13 342 34 343 152 308 136 18 65 90 139 152 124 56 43 148 154 198 129 116 59 182 163 61 163 359 90 134 188 374 49
4321 22 1043 31 109 93 183 17 78 50 83 217 40 86 192 98 129 39 1 128 120 348 144 230 31 156 143 293 166 232 29 256 107 177 136 418 19 318 34 448 20 368 117 11 153 158 58
4322 22 1479 383 99 310 61 368 159 304 99 390 61 91 182 229 25 312 84 183 190 319 50 358 89 185 8 260 54 224 70 157 31 430 191 231 89 201 50 98 54 399 37 167 189 320 45
4323 22 1319 15 132 428 48 271 98 347 81 188 132 240 197 235 163 319 143 445 98 134 26 334 75 337 190 425 125 156 164 295 52 28 178 129 127 400 28 174 82 266 107 21 114 91 35
4324 22 1294 182 186 132 181 269 109 321 54 435 7 245 110 2 25 78 53 104 107 333 31 208 163 440 128 410 62 141 2 199 125 237 132 57 57 340 127 363 174 134 9 335 17 211 59
4325 22 1137 46 15 13 52 350 193 9 112 98 100 189 109 164 31 210 162 357 49 293 164 207 84 392 119 159 127 380 44 43 90 402 40 156 16 391 5 10 2 416 157 51 106 215 166
4326 22 1035 189 127 177 147 127 171 162 183 304 104 54 63 230 133 56 125 174 159 66 29 75 159 384 86 60 149 295 12 157 59 428 95 137 56 41 63 277 55 198 32 358 51 194 139
4327 22 1250 285 151 115 108 412 131 336 36 239 169 223 200 220 67 113 76 178 140 322 14 348 114 179 174 218 26 355 77 228 51 418 162 1 182 69 62 314 156 49 104 275 74 105 146
4328 22 1079 390 18 73 17 359 94 33 56 409 163 31 79 240 186 7 167 138 74 130 140 108 100 204 23 255 2 229 131 177 133 226 167 152 48 285 11 293 117 316 4 181 199 82 170
4329 22 1018 334 140 38 123 114 167 262 173 18 15 295 73 319 25 403 195 8 79 161 59 78 48 271 171 416 39 224 147 137 7 116 172 46 156 144 111 372 107 33 140 22 30 264 42
4330 22 1358 54 166 436 163 446 149 324 74 246 146 46 111 384 169 409 172 227 125 193 72 280 188 85 153 395 169 244 168 98 159 204 125 368 72 194 43 47 91 39 92 304 172 412 162
4331 22 1076 94 138 388 38 62 117 328 96 72 24 366 17 341 14 26 151 269 52 346 38 323 90 81 20 130 69 11 133 142 123 297 87 212 84 227 173 53 54 20 126 427 36 92 19
4332 22 1288 1 117 269 121 120 114 108 43 253 38 414 135 358 76 19 50 448 65 388 162 151 164 84 53 267 106 378 45 91 71 213 141 188 31 411 107 195 170 351 99 360 114 85 17
4333 22 1081 392 156 368 139 72 106 252 72 71 186 26 190 41 53 234 183 24 97 325 63 79 135 171 175 6 22 374 15 437 10 182 28 215 1 369 137 222 160 129 107 136 68 199 88
4334 22 1250 353 83 163 101 307 177 30 43 198 154 199 71 329 113 359 189 346 89 153 97 309 41 104 80 151 32 239 36 299 39 425 152 22 190 204 78 216 183 71 15 137 171 387 67
4335 22 1142 433 146 5 179 236 160 375 144 250 180 173 152 312 113 339 62 52 14 15 73 105 169 2 120 1 174 387 39 444 123 256 179 168 112 409 53 71 135 98 23 14 123 426 125
4336 22 1231 335 65 139 186 230 103 60 184 423 64 255 174 237 141 214 133 64 21 311 83 383 19 288 155 203 35 29 66 257 55 143 144 319 81 181 148 35 91 431 158 354 185 33 142
4337 22 1051 28 46 24 141 369 136 425 103 204 62 9 58 197 138 224 5 94 18 248 62 429 161 334 71 143 141 226 179 373 69 6 21 43 148 191 30 123 93 234 184 101 41 182 190
4338 22 1467 66 37 283 133 86 146 332 116 406 166 438 148 158 65 77 33 284 134 353 28 282 43 407 4 237 192 337 139 85 171 129 100 357 61 235 94 309 118 212 64 435 99 362 93
4339 22 1033 66 90 275 49 173 129 328 104 373 84 9 161 128 198 149 12 68 27 361 126 290 47 69 198 365 132 13 199 81 176 93 98 15 119 96 40 197 173 295 121 308 154 381 35
4340 22 1370 303 132 196 70 10 109 395 149 355 165 48 71 397 63 220 79 88 64 276 55 333 73 394 181 290 102 304 45 284 191 47 65 138 16 425 48 412 75 305 127 175 23 87 46
4341 22 1173 103 176 360 28 380 44 350 75 424 96 215 77 251 59 161 41 58 27 331 125 203 28 37 180 82 165 104 159 139 42 304 191 17 65 220 47 108 69 373 132 66 87 408 166
4342 22 1272 148 170 59 7 347 139 331 101 218 169 280 100 83 135 158 23 278 13 115 145 328 134 293 185 54 15 66 69 404 76 435 103 245 145 409 193 33 39 344 200 310 125 151 44
4343 22 1089 210 60 267 187 423 31 383 150 317 177 336 70 94 2 39 149 27 125 251 73 221 159 66 103 99 111 104 60 287 57 4 46 216 122 135 140 252 19 141 20 396 127 90 91
4344 22 1400 428 180 189 156 306 89 430 76 249 197 328 99 159 183 409 46 339 62 41 107 283 27 396 86 346 87 343 165 395 35 194 126 223 151 31 113 280 56 61 79 35 9 137 167
4345 22 1053 19 182 8 180 225 16 314 51 161 200 398 99 357 192 13 51 376 58 78 98 108 108 12 138 213 72 366 99 133 152 365 103 236 174 183 110 189 148 62 2 97 112 302 3
4346 22 1389 403 67 355 81 174 84 130 132 141 92 271 105 265 36 253 99 289 20 202 176 193 36 187 134 83 149 385 82 362 138 286 114 204 193 296 128 276 76 261 67 117 31 423 33
4347 22 1296 318 126 432 108 445 85 334 89 220 120 274 54 370 60 135 31 98 171 197 1 213 42 280 38 17 90 56 35 222 179 89 56 253 149 352 187 232 192 308 103 16 111 325 25
4348 22 1441 346 105 372 168 351 175 182 195 156 119 63 48 327 50 69 57 210 112 373 108 215 109 391 6 318 193 421 28 167 148 25 124 271 192 326 47 123 70 303 144 435 100 322 134
4349 22 1319 270 30 404 129 193 76 136 107 336 126 362 53 421 35 332 89 232 57 112 102 350 40 199 25 411 153 70 145 304 93 228 173 322 183 152 14 108 89 72 193 17 183 247 37
4350 22 1334 367 29 175 150 87 89 304 36 378 152 112 188 206 83 283 59 225 162 181 48 345 84 263 154 273 84 99 91 317 95 327 35 23 3 109 91 390 147 368 43 258 6 248 193
4351 22 1140 140 156 317 3 88 167 249 22 329 53 346 63 401 36 131 45 112 115 370 116 51 78 257 142 174 24 84 134 31 81 126 22 238 44 75 126 162 75 399 141 227 44 253 29
4352 22 1251 131 83 74 144 399 145 109 152 72 65 93 198 141 77 383 173 58 147 347 3 121 174 315 45 222 57 324 115 261 152 247 45 227 40 193 121 198 96 395 163 389 92 305 17
4353 22 1088 226 127 327 133 123 125 37 195 98 3 392 169 411 67 435 21 20 131 15 147 320 10 119 68 105 65 232 45 408 88 313 33 266 90 67 191 14 4 285 112 108 128 32 169
4354 22 1316 196 67 289 116 299 6 64 119 165 184 288 71 349 71 416 156 258 128 39 123 69 57 63 135 260 50 246 170 279 29 90 75 345 30 292 44 335 155 414 49 138 51 370 138
4355 22 1206 423 187 394 30 266 34 354 35 190 169 19 102 20 166 73 98 194 112 374 41 141 65 386 176 171 149 126 109 201 47 448 23 33 91 4 99 26 59 235 118 427 53 319 196
4356 22 1284 170 41 346 163 102 121 105 92 86 190 319 108 388 195 166 40 91 14 362 26 156 17 24 84 376 160 51 54 112 19 400 133 361 47 297 114 217 2 357 104 441 176 212 81
4357 22 1081 272 179 170 114 194 134 139 200 152 14 185 177 73 35 31 136 205 32 118 15 430 115 178 196 366 84 408 11 363 138 182 193 160 46 137 95 336 88 46 150 123 122 56 155
4358 22 1056 408 160 236 125 426 167 91 5 12 106 288 13 16 51 127 53 34 20 164 131 258 108 117 195 156 168 218 180 439 175 84 98 186 71 125 11 187 165 365 150 273 54 15 138
4359 22 1118 54 93 292 190 262 156 370 171 115 138 15 22 355 184 201 146 158 86 393 43 256 17 53 144 334 19 346 156 273 160 443 128 102 186 67 116 39 86 110 126 153 81 83 186
4360 22 1261 182 128 196 119 420 138 375 139 193 170 422 161 365 179 85 126 223 65 428 8 183 45 51 121 132 112 399 84 192 181 322 25 58 117 94 29 206 170 219 148 89 190 211 106
4361 22 1251 420 197 433 142 411 160 352 146 6 154 18 38 215 16 23 56 48 94 381 7 12 176 288 168 145 106 217 35 298 79 340 167 376 123 61 88 334 162 133 142 415 51 79 131
4362 22 1083 168 3 186 166 47 18 424 10 243 111 379 89 317 196 274 64 226 15 32 101 139 42 141 75 105 173 16 21 25 146 351 193 298 89 10 196 358 33 108 3 296 86 191 112
4363 22 1325 233 14 377 59 281 108 211 69 102 51 95 56 174 110 327 150 307 179 442 107 417 3 152 125 36 59 129 83 347 169 94 129 385 72 137 115 81 98 235 32 300 30 440 123
4364 22 1091 439 68 273 98 196 166 104 65 369 57 141 156 168 19 388 164 137 183 192 73 206 31 337 136 330 122 70 179 1 111 254 41 28 78 275 195 93 191 15 150 231 70 117 101
4365 22 1266 9 180 290 193 423 112 400 5 299 86 336 172 357 167 74 67 370 114 96 49 104 122 143 96 63 158 197 43 229 13 394 190 94 135 432 119 246 132 125 96 219 111 167 77
4366 22 1357 127 140 245 48 406 42 196 9 363 138 306 75 97 53 320 26 417 165 217 161 149 148 231 144 181 105 90 151 365 58 177 43 98 73 190 155 414 185 215 77 325 170 301 73
4367 22 1079 174 20 400 191 34 16 253 82 416 133 178 146 439 169 199 156 176 27 48 175 238 129 413 24 193 89 150 165 192 123 90 163 122 80 49 188 84 132 305 66 9 152 157 77
4368 22 1267 250 162 53 27 159 77 226 198 408 90 274 152 131 23 66 122 197 6 336 21 437 134 260 171 216 14 238 174 165 194 153 165 107 105 191 18 183 68 315 42 309 140 394 39
4369 22 1331 163 61 310 11 268 196 331 55 181 190 377 146 253 116 222 168 212 74 434 168 180 26 185 14 243 152 156 153 291 49 142 5 211 103 16 79 300 198 335 131 88 13 426 142
4370 22 1137 130 147 359 141 172 144 261 101 169 45 315 13 148 122 166 191 170 157 95 182 411 162 10 61 110 96 291 99 310 18 190 140 117 101 330 88 94 140 241 13 187 55 275 36
4371 22 1403 176 142 426 97 348 21 378 109 284 90 171 45 437 111 243 197 380 183 286 196 185 167 386 78 409 176 142 147 280 19 132 157 60 160 55 10 282 34 370 65 75 190 110 12
4372 22 1293 152 52 410 131 386 47 179 20 63 114 73 89 141 169 118 109 3 26 219 62 280 78 443 63 147 9 388 88 268 101 439 122 10 21 157 106 299 79 420 12 328 45 250 18
4373 22 1244 415 169 229 67 194 147 180 23 276 24 388 74 383 127 311 102 427 51 23 38 21 82 395 170 110 116 281 39 60 81 108 125 49 86 43 195 384 23 369 159 48 6 284 30
4374 22 1379 284 96 260 146 306 99 169 139 293 138 248 109 370 88 446 144 101 133 437 97 317 61 365 27 308 71 13 40 54 58 173 16 304 28 316 172 219 59 111 168 19 130 406 138
4375 22 1123 82 103 384 134 385 72 230 103 232 94 32 141 416 44 30 22 251 54 39 56 334 54 229 152 114 39 169 182 421 174 122 104 178 57 337 15 78 18 17 11 363 198 51 179
4376 22 1192 143 83 2 94 386 140 151 169 445 80 422 9 320 191 240 142 316 13 44 69 383 158 146 2 276 158 65 176 159 195 68 143 446 13 278 37 214 199 81 193 120 189 64 12
4377 22 1181 31 156 178 95 2 71 114 185 428 111 86 5 419 2 230 129 196 148 71 141 360 100 329 73 98 110 317 120 200 183 131 180 388 10 275 89 130 190 375 59 352 163 14 120
4378 22 1093 264 43 100 112 142 70 252 102 120 133 226 19 145 90 393 77 323 23 116 182 49 6 362 190 31 72 441 145 187 161 10 130 12 171 121 182 375 124 353 107 52 73 300 96
4379 22 1396 363 142 322 87 414 89 68 164 144 81 153 76 196 20 339 58 380 120 119 50 93 150 374 18 254 82 419 77 381 114 441 123 87 77 188 125 396 2 269 177 6 94 181 51
4380 22 1125 414 71 308 145 41 77 394 85 328 170 102 182 1 121 210 32 234 152 156 71 78 143 47 75 196 165 51 2 359 83 4 124 404 64 318 96 392 13 230 69 232 33 2 185
4381 22 1079 3 163 268 139 64 73 211 93 315 107 61 24 370 64 82 53 369 157 208 82 374 53 223 188 84 194 122 16 147 106 71 62 411 175 247 171 320 111 29 187 202 156 138 85
4382 22 1432 310 7 443 117 390 168 319 165 256 104 360 77 72 56 384 192 67 158 154 44 4 76 63 116 404 49 441 108 306 28 144 68 236 137 284 178 104 105 442 11 208 51 337 31
4383 22 1410 406 172 22 175 79 127 268 182 152 80 248 106 130 138 365 187 417 108 254 103 246 190 430 52 344 173 362 53 373 101 34 80 172 57 56 1 334 23 332 185 181 42 435 120
4384 22 1335 158 72 437 66 327 91 63 66 272 64 359 94 376 164 268 178 147 147 449 55 253 49 240 127 183 175 33 13 68 17 383 126 90 121 43 117 211 155 432 132 171 93 377 48
4385 22 1456 108 44 425 6 390 25 160 94 274 50 421 8 276 105 22 143 71 56 170 161 426 114 179 138 369 10 321 191 154 197 288 61 440 14 116 182 338 78 277 63 247 22 353 194
4386 22 1357 98 24 401 168 186 129 81 164 216 101 125 87 243 179 385 32 141 75 445 9 408 35 234 49 64 33 71 17 435 16 366 158 416 83 143 144 316 8 212 168 233 200 211 63
4387 22 1396 284 42 253 60 389 13 217 25 400 101 123 13 83 143 281 67 260 97 77 126 431 21 221 198 379 134 316 161 383 176 325 167 19 179 26 7 342 93 291 145 56 6 429 150
4388 22 1172 186 47 110 34 173 137 415 196 157 162 424 91 229 136 175 6 60 141 375 88 19 133 181 163 316 24 371 29 135 72 164 133 381 200 6 67 103 176 77 126 318 156 313 144
4389 22 1206 211 74 35 87 263 3 120 144 365 87 119 23 9 147 309 80 260 41 61 148 181 74 300 108 353 127 175 58 341 69 20 164 355 57 179 59 378 124 425 114 342 149 24 188
4390 22 1135 7 153 299 49 115 10 397 96 185 198 153 137 275 80 346 15 250 116 81 156 174 159 214 151 84 140 116 75 388 89 412 96 441 112 194 108 221 140 55 108 40 109 94 14
4391 22 1123 240 190 80 191 407 62 296 180 72 111 282 5 350 97 129 89 85 92 334 177 56 80 284 28 269 190 335 108 199 179 223 38 20 5 79 176 116 126 157 38 87 188 394 38
4392 22 1566 384 73 429 20 266 62 196 71 441 32 251 112 73 185 221 71 113 196 311 34 400 89 211 17 416 67 304 2 354 200 142 89 372 70 408 139 33 56 162 176 339 12 439 11
4393 22 1208 148 161 232 63 306 94 46 107 82 57 424 147 173 129 151 129 178 92 17 151 13 77 442 147 205 122 120 166 212 132 313 73 363 175 380 106 273 87 189 79 262 138 303 90
4394 22 1155 40 81 370 33 50 120 395 126 113 43 307 67 265 178 32 76 159 97 100 74 173 80 231 45 266 122 125 127 309 28 268 200 10 137 332 109 328 34 421 170 42 188 286 171
4395 22 1322 371 162 280 19 13 105 92 92 235 38 359 156 315 87 166 44 305 165 353 143 48 164 401 75 199 24 345 143 261 130 413 133 93 144 152 8 298 145 83 134 160 38 348 146
4396 22 989 106 41 102 120 196 47 268 11 249 94 9 172 190 101 84 20 316 67 64 109 18 21 7 114 22 39 397 131 28 45 428 183 85 180 405 132 378 74 142 126 67 53 398 57
4397 22 1067 53 31 228 70 347 193 129 66 114 135 329 85 223 26 367 152 172 194 37 58 25 141 190 102 316 83 128 84 135 77 240 40 157 119 209 156 412 87 123 77 21 104 313 145
4398 22 1147 381 79 199 102 174 135 409 101 277 100 254 192 133 133 125 69 109 167 108 68 35 17 25 148 203 147 276 2 36 172 182 166 370 135 92 154 294 42 430 145 197 123 279 80
4399 22 1370 298 148 340 164 255 107 350 23 283 148 428 132 173 153 261 76 15 128 396 149 269 1 244 62 183 91 409 55 219 40 254 68 79 167 223 138 19 97 170 18 424 101 190 126
4400 22 1172 86 102 252 152 230 49 102 98 1 198 260 85 338 120 140 8 9 95 126 37 114 150 26 132 396 48 149 20 448 40 145 85 442 98 286 171 298 40 320 51 387 131 135 76
4401 22 1057 326 83 8 121 158 197 434 107 224 17 53 121 367 124 71 156 220 105 349 70 93 19 117 132 439 17 70 169 204 195 221 129 29 130 1 187 28 86 345 152 202 149 272 18
4402 22 1042 22 92 26 92 149 174 61 193 43 79 426 183 298 195 303 151 41 73 181 169 353 32 307 32 217 152 233 171 252 55 138 124 448 65 117 198 139 127 40 183 7 17 367 4
4403 22 1138 111 19 406 103 344 137 324 198 370 130 279 188 433 12 208 85 168 98 110 67 162 126 17 200 4 158 134 112 175 50 366 137 321 21 90 64 59 63 61 28 194 41 218 177
4404 22 1204 54 125 13 21 424 172 40 136 399 56 37 4 215 173 65 139 272 30 276 42 353 67 407 63 431 69 43 24 10 10 402 113 286 164 336 60 137 77 395 135 84 33 140 48
4405 22 1244 255 5 237 179 236 14 270 140 80 77 203 112 295 197 285 6 106 39 21 91 252 156 200 41 384 96 127 67 281 17 314 37 73 52 265 158 85 50 396 63 354 7 259 200
4406 22 1075 394 165 357 132 237 47 85 142 99 125 127 196 202 143 176 20 58 65 142 12 179 101 76 65 74 127 105 130 88 56 73 154 262 106 90 59 441 33 259 67 409 106 370 3
4407 22 1005 434 89 210 198 182 21 76 85 149 141 36 172 219 43 403 56 98 28 211 110 433 100 70 123 132 30 142 192 135 11 294 68 50 156 15 83 178 93 117 176 83 105 353 147
4408 22 1228 154 11 96 131 21 57 265 23 178 90 106 157 431 98 242 41 91 111 142 198 426 175 118 93 353 52 347 104 206 95 257 16 441 89 89 99 11 27 192 66 383 22 363 26
4409 22 1410 213 6 187 154 303 64 380 80 383 173 233 134 419 36 389 16 194 107 408 82 95 156 184 157 384 176 272 117 97 137 144 11 292 30 265 96 145 196 76 127 318 60 260 89
4410 22 1418 245 151 254 40 309 113 321 5 370 104 161 154 429 134 170 28 270 163 38 163 354 11 389 150 88 116 69 197 327 157 293 29 262 82 89 124 202 193 444 105 305 49 286 39
4411 22 1371 68 115 210 32 104 175 278 10 385 117 261 122 284 179 18 62 338 112 443 99 243 31 275 194 226 70 300 80 218 137 418 187 201 130 370 107 204 98 416 88 16 26 211 149
4412 22 1324 104 78 112 91 139 4 192 133 185 68 426 10 387 127 91 6 64 159 92 66 288 161 222 143 260 87 230 175 412 190 175 68 269 37 160 159 442 51 441 178 418 168 187 6
4413 22 1383 396 180 161 61 440 154 377 129 367 50 421 76 439 100 1 152 241 77 119 59 63 129 55 131 109 82 251 178 71 158 123 200 419 84 441 74 162 169 240 11 289 168 349 138
4414 22 1145 70 51 330 46 19 188 359 149 56 15 182 166 348 32 393 20 239 117 21 109 300 11 185 161 329 26 372 17 43 22 256 114 222 35 10 93 124 70 243 129 36 24 446 83
4415 22 1078 7 140 403 148 107 73 158 56 36 142 19 14 420 92 81 112 313 88 176 137 73 137 31 96 206 125 427 41 351 174 225 107 14 129 256 170 202 14 127 189 357 97 326 188
4416 22 1200 334 90 103 72 167 189 344 3 321 41 210 45 117 152 95 191 276 4 206 155 309 25 308 174 53 96 283 50 399 58 39 33 149 41 104 165 431 97 319 53 137 30 98 106
4417 22 1067 181 194 48 159 297 103 165 158 179 124 133 183 271 115 82 19 175 173 51 23 313 154 240 146 202 10 248 91 342 47 246 124 191 43 182 189 147 98 348 175 21 181 209 191
4418 22 1325 445 141 60 171 65 12 146 77 368 85 324 119 122 9 37 170 356 161 310 150 394 151 396 92 348 172 362 28 81 55 425 173 366 45 77 142 15 144 378 39 165 24 62 23
4419 22 1364 162 131 129 172 93 128 318 43 376 9 440 97 172 70 379 78 394 101 393 140 439 72 184 154 117 11 281 34 5 156 398 187 286 121 329 165 188 73 190 198 13 139 170 184
4420 22 1469 19 99 29 72 192 170 410 15 3 65 431 14 408 114 349 64 419 196 251 106 167 81 120 106 204 112 404 68 400 125 301 68 423 129 389 14 148 51 80 101 415 161 316 123
4421 22 1480 426 64 438 46 112 188 301 128 419 20 233 22 331 136 439 132 360 91 352 83 219 42 98 68 292 180 118 159 290 185 283 117 249 170 312 60 110 112 239 178 183 123 116 11
4422 22 1399 341 49 220 81 2 104 449 194 304 166 237 83 136 147 424 22 429 90 20 101 203 81 410 66 271 187 200 94 389 65 204 79 416 125 59 17 231 9 310 36 126 199 218 163
4423 22 1161 295 43 85 76 134 6 176 86 137 185 301 9 223 2 352 11 417 157 41 84 182 199 400 62 259 62 97 84 62 166 299 156 158 183 231 43 88 158 228 26 142 30 337 16
4424 22 1309 231 88 178 49 395 18 232 78 368 184 191 126 147 139 162 8 254 160 113 63 444 146 355 33 403 184 11 197 365 197 164 147 186 142 48 32 161 31 359 31 114 199 358 10
4425 22 1415 437 69 17 192 130 132 356 25 179 62 360 83 97 20 381 161 318 195 260 3 38 7 235 150 187 95 380 3 294 88 162 182 408 181 226 40 14 131 314 92 443 73 426 189
4426 22 1200 194 157 152 11 53 161 114 142 319 200 391 155 144 23 407 139 210 121 423 169 3 150 358 68 380 72 311 24 46 36 115 140 244 18 300 46 330 115 39 48 16 182 252 160
4427 22 1199 404 111 250 65 33 74 433 187 73 41 154 55 164 116 28 111 351 194 50 47 61 152 94 140 416 183 189 84 441 195 117 3 44 183 387 70 365 75 442 7 228 146 72 195
4428 22 1215 126 133 297 121 434 143 34 85 137 175 403 121 214 186 256 180 202 8 325 184 96 44 100 170 288 157 449 185 80 43 60 62 189 33 396 34 66 32 22 42 334 92 355 71
4429 22 1174 375 160 150 128 319 25 311 166 320 60 185 107 418 183 92 98 127 3 61 68 235 58 201 102 42 24 96 127 165 50 348 41 212 199 318 32 123 30 148 195 241 132 209 67
4430 22 1259 344 58 295 147 420 62 383 130 14 187 121 137 432 97 53 131 444 43 244 93 112 76 267 191 73 13 132 4 114 192 122 57 301 17 155 120 178 88 401 144 424 171 7 20
4431 22 1191 185 37 265 29 283 109 91 108 278 133 280 140 216 135 355 107 407 14 59 125 118 131 204 55 331 97 230 54 129 186 223 115 275 137 343 7 48 133 314 125 68 45 64 133
4432 22 1511 81 69 42 39 382 50 63 1 30 117 358 63 315 87 416 45 425 140 409 151 328 54 407 25 388 22 301 155 118 117 288 148 385 79 287 18 349 170 112 17 427 74 134 16
4433 22 996 91 178 140 32 189 190 311 142 448 36 29 119 138 34 436 4 373 35 90 151 71 109 332 122 129 193 238 55 118 23 270 158 151 61 191 41 52 182 49 139 112 17 26 197
4434 22 1455 404 30 119 91 271 171 311 30 303 32 8 145 172 114 413 144 434 72 346 196 338 46 14 21 94 54 83 113 429 29 68 60 398 58 431 68 221 162 272 104 369 117 325 182
4435 22 1032 79 121 117 102 18 113 314 56 260 29 326 5 332 60 69 113 289 37 72 138 46 104 257 166 15 129 420 85 247 46 67 27 235 128 88 47 194 45 258 22 422 113 4 132
4436 22 1139 281 168 322 169 39 61 117 195 69 84 209 97 5 96 445 151 312 71 420 48 199 9 147 192 153 154 115 77 218 20 158 151 137 131 119 78 291 37 422 159 271 82 108 25
4437 22 1372 27 52 227 90 75 147 88 73 357 136 266 160 239 180 236 59 152 195 159 138 329 15 417 116 377 36 372 136 312 48 240 139 390 14 337 179 188 143 364 5 302 154 36 89
4438 22 1212 262 87 133 20 25 159 299 191 277 166 229 154 103 100 341 164 149 180 52 140 443 138 218 182 233 183 286 86 387 122 275 148 58 9 220 184 320 170 146 135 105 1 287 6
4439 22 1107 292 2 4 21 354 196 16 193 413 147 177 96 135 63 134 6 137 83 115 197 152 101 66 171 264 57 281 164 395 138 55 97 243 178 202 188 145 96 401 193 323 148 127 135
4440 22 1487 281 34 373 13 351 119 417 51 237 89 377 150 346 9 263 40 446 70 138 138 49 39 226 45 87 178 409 125 416 45 257 51 117 19 101 37 435 3 73 74 331 124 221 191
4441 22 1304 437 162 238 58 250 26 6 40 303 100 276 80 88 36 56 153 30 162 306 198 382 108 35 117 413 9 242 93 333 112 86 121 175 123 328 74 400 185 216 2 236 191 383 123
4442 22 1288 379 140 428 58 351 135 156 33 342 42 251 104 400 194 199 182 157 184 202 81 131 155 106 15 122 159 300 114 394 125 142 83 254 150 334 38 307 168 81 198 18 135 99 61
4443 22 1378 133 133 319 18 184 149 173 17 105 80 431 26 341 33 440 134 159 31 266 164 282 199 151 40 418 31 339 137 217 188 199 151 420 17 205 166 193 121 370 74 154 46 14 88
4444 22 1197 135 197 246 167 165 159 201 115 11 90 333 93 279 169 112 66 118 112 287 134 82 41 449 26 162 119 367 116 65 104 302 63 249 18 127 9 368 142 171 110 374 163 188 94
4445 22 1329 124 5 11 188 341 145 319 181 245 44 144 65 244 110 330 8 115 183 271 15 401 49 73 20 40 45 279 115 308 68 359 83 122 171 270 12 217 40 393 62 435 38 278 129
4446 22 1288 250 10 138 64 442 110 329 144 9 53 364 100 298 44 167 57 127 91 35 97 163 147 314 152 41 177 389 80 204 19 29 63 356 195 7 16 375 150 426 29 363 25 328 109
4447 22 1186 293 134 122 69 427 106 66 89 254 81 92 46 409 130 126 14 248 56 229 6 200 35 173 74 234 98 103 49 274 180 407 17 116 80 85 194 337 2 282 93 182 25 88 42
4448 22 1301 57 63 406 6 21 84 111 120 418 183 396 53 430 200 1 106 131 9 422 196 138 6 441 177 258 174 269 41 299 6 285 105 171 90 312 43 25 25 12 194 307 107 296 39
4449 22 1433 56 147 194 37 305 65 34 195 272 77 173 181 400 191 172 48 398 8 204 120 297 166 412 173 90 76 416 148 432 163 388 40 211 33 328 168 399 163 162 71 39 84 351 89
4450 22 1163 376 24 288 173 181 192 95 79 159 6 1 50 81 168 349 15 383 87 256 143 71 33 260 120 147 23 240 186 408 192 226 83 316 113 258 198 156 52 177 164 9 79 215 42
4451 22 1172 299 66 308 81 54 13 373 174 297 133 143 143 257 82 230 165 124 105 97 41 68 6 190 73 359 18 139 170 197 105 111 47 120 170 327 73 184 101 30 33 439 24 342 173
4452 22 1113 356 56 148 160 254 190 29 60 429 2 118 197 442 37 195 46 249 91 66 168 167 40 53 117 188 182 102 129 208 145 201 13 150 50 74 53 189 53 214 169 406 84 217 147
4453 22 1225 72 161 394 71 251 111 190 19 351 43 88 188 376 141 316 85 285 168 349 36 119 173 40 159 127 56 128 182 239 196 80 10 357 23 232 159 136 174 280 36 318 169 175 95
4454 22 1164 261 43 82 97 262 180 182 83 402 123 341 80 128 120 211 116 16 92 278 72 365 61 102 186 11 139 105 31 415 200 291 107 31 187 371 62 220 103 66 193 295 45 222 15
4455 22 1330 406 190 380 149 17 153 315 79 136 166 417 149 154 121 229 169 72 70 227 154 108 199 216 78 101 133 422 196 77 143 362 34 382 43 433 150 245 197 231 80 263 197 128 18
4456 22 1041 319 159 136 93 80 165 146 187 163 13 116 16 295 37 313 122 332 124 57 63 39 165 412 86 147 143 200 93 123 17 263 81 405 5 160 119 3 46 81 15 64 48 312 50
4457 22 1417 310 185 83 133 341 196 250 180 262 161 317 8 206 168 352 178 334 164 408 90 21 69 258 123 64 41 39 127 388 152 329 98 236 61 382 179 358 32 108 71 444 126 178 199
4458 22 1364 143 81 128 28 295 185 418 117 305 77 441 71 269 79 97 157 431 77 56 118 40 187 446 49 220 5 266 130 397 16 374 30 246 154 26 32 73 142 237 99 382 107 168 10
4459 22 1293 355 76 442 132 31 62 23 19 307 21 341 162 240 158 243 89 325 169 368 20 272 143 52 144 334 88 294 167 96 113 328 200 38 72 433 20 233 55 241 89 26 83 152 167
4460 22 1019 442 197 105 116 215 124 38 38 16 91 33 101 30 126 267 75 441 195 124 130 118 157 200 150 111 92 40 38 276 192 55 117 240 11 184 56 285 23 143 200 413 177 303 42
4461 22 1322 154 71 168 44 315 142 224 82 25 183 162 118 423 50 393 116 6 111 5 16 444 110 50 69 254 150 281 130 325 183 424 42 327 41 385 152 374 184 176 57 96 143 279 197
4462 22 1407 287 144 52 47 48 17 142 59 317 160 412 68 291 141 71 67 173 44 310 101 384 195 252 158 230 29 216 125 321 194 371 59 139 74 305 38 447 96 157 156 357 124 348 199
4463 22 931 96 114 173 139 26 174 125 120 127 84 49 6 249 126 78 42 398 187 32 72 141 119 262 87 214 170 195 72 45 42 120 140 258 142 330 33 167 4 154 44 37 152 449 135
4464 22 1311 229 128 178 27 414 9 200 157 79 163 345 44 134 189 65 128 181 136 369 90 130 48 322 96 304 25 191 90 278 91 227 109 6 87 384 65 86 40 435 139 333 175 355 12
4465 22 1211 357 141 30 46 322 29 319 17 182 143 410 74 223 150 350 83 118 57 269 52 406 43 155 29 356 189 354 110 200 160 2 181 206 123 159 124 92 193 19 151 66 193 250 67
4466 22 969 225 20 423 195 73 196 50 65 313 106 96 20 396 49 131 197 310 83 27 117 57 137 243 48 179 163 250 194 155 2 312 181 71 135 127 43 82 128 9 44 85 104 265 30
4467 22 1198 154 95 278 64 129 154 130 86 142 172 385 171 286 35 166 192 28 172 408 62 200 50 445 177 160 138 61 164 254 142 417 198 419 82 379 24 214 164 16 137 100 36 23 186
4468 22 1001 103 14 223 30 138 180 43 187 331 137 366 41 26 28 356 129 170 174 79 40 406 157 64 21 172 81 407 23 68 179 209 170 95 181 300 82 213 194 93 131 85 133 58 163
4469 22 1001 90 37 334 14 17 123 21 175 136 41 298 18 197 20 385 128 430 55 322 113 6 153 225 199 272 117 379 59 52 189 71 41 375 104 154 43 26 26 119 164 16 166 81 63
4470 22 1313 187 18 440 69 172 61 231 77 15 5 125 88 373 156 296 74 144 118 167 120 371 120 164 199 148 82 264 163 299 46 427 87 13 166 305 134 328 135 412 94 89 189 282 164
4471 22 1449 296 79 37 39 147 103 160 169 125 175 169 72 206 32 434 54 378 11 140 140 428 47 176 58 131 139 301 72 327 84 335 22 415 23 212 111 423 31 352 47 173 102 431 108
4472 22 1440 207 10 220 199 402 150 445 79 209 177 367 61 448 144 295 34 17 11 357 129 421 134 253 103 35 200 302 59 303 185 68 112 294 140 112 95 191 58 423 199 334 142 59 34
4473 22 988 185 155 317 153 265 75 83 37 408 186 140 144 35 143 354 189 377 72 50 73 363 113 67 3 370 92 51 4 33 11 239 69 116 7 71 82 34 54 269 41 39 10 87 175
4474 22 1301 52 90 63 31 13 15 303 27 377 21 79 49 62 181 204 96 342 192 414 157 200 137 438 183 240 108 276 180 369 112 4 21 403 68 53 18 334 105 444 113 325 73 211 37
4475 22 1098 305 116 134 196 7 48 254 56 184 94 41 125 151 166 354 70 279 9 92 181 128 44 300 14 48 194 428 24 418 190 412 22 255 96 18 163 245 73 120 30 166 160 54 119
4476 22 1091 25 9 438 153 19 181 136 148 326 187 261 75 330 38 398 149 27 110 223 131 57 92 143 51 164 63 382 130 24 185 248 99 45 187 403 113 140 60 344 27 123 168 108 10
4477 22 1369 317 107 439 126 229 71 334 72 66 84 285 130 167 164 403 51 13 153 247 149 58 59 197 71 262 125 293 79 83 4 446 141 294 173 421 15 157 192 282 42 376 11 109 142
4478 22 1306 215 111 154 18 108 5 377 68 423 23 240 135 150 84 415 182 388 12 372 183 337 194 447 95 35 30 88 10 90 196 153 57 109 7 174 68 413 102 385 76 127 71 25 60
4479 22 1352 186 156 249 199 229 82 135 22 130 29 258 60 317 120 151 64 422 107 274 28 282 141 292 33 30 127 309 156 447 83 17 184 191 18 33 171 399 69 245 80 448 54 366 173
4480 22 1154 342 29 345 200 303 174 282 195 66 116 24 194 174 129 392 59 248 126 351 65 260 123 115 80 269 194 77 73 37 142 295 178 73 39 377 25 15 60 421 80 126 145 25 151
4481 22 1477 225 166 61 72 193 161 188 102 436 154 134 54 148 62 176 184 306 171 163 78 261 41 354 125 401 24 406 76 370 180 426 145 448 187 218 140 49 8 244 134 361 127 340 108
4482 22 1114 188 65 293 143 137 107 420 148 198 25 274 48 301 132 275 120 313 100 364 160 338 184 50 137 191 93 22 151 271 161 211 158 28 5 51 164 162 72 163 11 49 39 160 49
4483 22 1324 372 84 118 184 285 184 146 173 267 195 161 109 89 34 159 9 197 69 418 76 76 170 439 89 194 54 249 42 294 60 140 165 443 9 50 29 392 195 51 110 441 13 318 179
4484 22 1212 99 77 39 145 447 57 120 122 128 10 412 171 415 60 112 58 219 53 74 13 162 74 142 53 318 194 309 159 282 139 207 160 80 101 409 86 222 130 213 33 44 34 398 103
4485 22 1289 247 57 74 50 331 138 261 104 131 115 373 125 379 83 33 113 272 39 172 51 341 80 38 114 212 102 146 5 437 193 109 84 350 184 385 32 285 52 211 9 278 42 92 162
4486 22 1293 4 65 150 177 367 42 409 154 255 170 307 101 26 94 95 136 129 94 420 13 275 193 361 11 96 171 22 124 364 63 285 69 77 37 196 193 128 54 448 185 375 56 385 100
4487 22 1165 199 129 135 29 75 106 43 51 348 103 164 94 126 185 419 189 349 53 8 77 341 55 71 71 408 118 55 82 423 91 333 74 121 119 204 97 225 47 198 122 251 113 167 126
4488 22 1266 147 135 415 47 440 124 123 180 278 143 400 37 312 56 220 136 96 2 109 69 222 63 65 96 161 64 170 161 276 136 389 24 73 105 120 162 428 192 443 157 36 95 143 97
4489 22 1233 50 62 233 48 65 193 16 86 307 80 282 19 394 103 30 71 440 18 295 12 372 116 123 101 310 18 257 145 162 1 294 61 362 178 408 76 70 175 261 129 157 94 47 102
4490 22 1287 196 78 422 186 147 18 299 120 334 74 70 145 191 28 139 2 378 34 164 41 161 122 316 181 198 29 261 54 374 7 55 22 37 127 409 83 344 107 303 29 280 174 73 22
4491 22 1356 404 14 423 181 297 37 222 58 310 89 290 157 317 2 411 143 60 165 14 196 93 122 279 139 228 33 369 160 208 92 181 111 307 4 94 103 342 65 212 101 55 53 309 174
4492 22 971 254 19 266 14 336 79 409 178 250 39 68 179 73 187 240 181 30 71 43 86 176 86 90 17 52 4 319 7 6 77 80 62 48 47 227 183 225 35 412 76 76 132 206 200
4493 22 1134 68 96 82 99 416 175 34 143 312 75 311 114 130 179 72 38 407 3 49 54 149 125 438 125 61 52 50 136 83 157 388 52 302 19 350 169 143 85 113 5 159 173 420 189
4494 22 1360 151 141 26 158 243 76 163 143 400 151 417 62 204 18 198 136 426 85 37 130 205 88 348 172 363 4 130 85 373 70 36 165 97 145 309 122 409 1 223 161 319 135 364 188
4495 22 1460 32 49 413 168 287 42 24 74 92 21 245 4 324 127 338 48 446 75 312 195 169 22 366 30 72 189 340 40 423 104 429 6 54 92 325 43 233 98 268 24 321 113 327 46
4496 22 1276 91 115 94 138 189 57 282 160 229 200 139 52 388 178 344 62 333 22 17 137 263 143 329 46 290 46 369 110 260 48 406 52 62 1 90 102 107 73 313 87 222 153 289 59
4497 22 1114 133 182 120 115 105 138 3 68 130 133 413 120 131 133 181 192 230 88 394 93 288 185 247 97 57 159 435 129 162 73 39 146 56 11 360 161 398 15 347 44 151 77 76 31
4498 22 1322 19 108 121 64 302 110 98 98 58 56 259 93 86 72 367 75 423 37 328 35 334 42 314 115 241 57 215 169 134 148 389 43 268 52 447 79 101 196 387 107 6 129 392 27
4499 22 1354 345 68 445 119 54 175 155 40 268 70 58 78 269 77 262 18 315 56 337 69 402 65 419 150 151 177 181 19 234 26 438 78 46 142 204 1 31 172 270 134 131 148 404 59
