2000 22 726 91 4 114 62 141 103 128 131 164 150 137 116 155 68 153 155 61 5 90 74 213 46 112 21 123 24 1 96 234 93 20 74 148 133 235 39 187 15 71 200 208 68 121 175
2001 22 711 22 25 237 127 167 112 191 14 23 161 186 49 13 31 132 8 52 57 155 134 41 45 223 5 116 24 221 25 91 151 213 167 87 91 83 100 131 197 122 144 184 20 156 67
2002 22 741 3 65 18 59 170 154 202 116 26 158 33 1 28 9 242 68 159 56 137 147 246 169 196 128 217 170 121 153 41 129 71 144 143 38 204 64 243 155 230 120 65 164 171 142
2003 22 706 173 12 62 83 69 148 132 116 18 179 143 137 98 114 89 41 142 59 136 186 50 143 96 181 160 96 232 1 120 145 164 103 63 61 36 78 231 14 223 17 236 57 154 179
2004 22 680 17 89 114 114 127 165 56 172 145 118 233 41 201 184 110 148 249 114 212 110 49 92 192 163 14 158 176 149 79 79 30 117 44 145 95 159 153 169 203 22 151 95 72 86
2005 22 808 155 171 235 20 183 196 69 124 137 83 237 46 108 187 111 138 165 42 6 10 236 2 118 90 120 23 123 117 35 158 223 105 194 43 187 191 163 60 127 45 248 124 54 84
2006 22 651 84 43 100 175 50 110 163 1 129 154 223 51 115 195 18 199 54 190 5 100 192 90 246 3 69 142 201 92 245 136 126 89 88 152 99 16 89 77 172 11 130 186 7 47
2007 22 799 36 60 238 190 11 172 231 1 169 136 111 36 210 57 223 37 246 62 91 33 10 108 23 139 179 83 218 166 191 16 101 51 55 91 228 23 213 147 110 81 109 97 193 165
2008 22 764 170 81 162 33 71 47 193 81 119 33 109 154 202 75 244 169 127 194 73 169 107 1 92 171 197 53 154 7 250 96 221 169 76 33 101 149 81 95 179 149 129 89 2 80
2009 22 472 63 46 98 90 91 123 58 49 73 1 220 21 54 23 27 3 70 197 247 181 25 145 61 122 112 152 164 13 82 128 108 31 17 49 53 27 99 27 29 68 97 32 42 73
2010 22 750 236 111 120 60 210 2 37 156 115 160 81 76 161 94 88 94 71 98 125 190 98 29 218 146 6 146 116 102 180 159 77 67 222 148 177 81 249 165 215 124 66 140 134 161
2011 22 772 130 128 84 29 204 75 126 32 92 23 89 139 140 93 118 99 221 135 120 118 163 200 227 35 83 52 203 174 185 15 105 12 150 133 217 174 110 151 135 189 156 124 33 125
2012 22 667 172 3 111 141 20 175 192 90 203 79 72 154 31 97 41 147 152 2 247 134 21 172 246 71 89 80 61 196 153 196 177 198 35 69 70 9 11 159 112 39 232 17 221 178
2013 22 678 7 69 179 161 165 65 81 39 162 151 79 191 63 124 45 108 97 73 206 181 142 127 40 54 37 53 92 118 219 14 147 76 82 26 138 149 242 68 237 153 220 115 32 190
2014 22 632 191 190 186 64 97 69 7 125 60 10 111 62 101 30 132 66 126 109 197 53 96 47 146 115 133 198 134 99 194 166 138 35 57 176 5 44 6 29 153 15 41 66 217 170
2015 22 756 197 132 247 56 130 50 103 29 47 18 11 45 151 112 140 18 49 74 224 126 125 28 169 80 158 173 246 148 238 112 217 185 145 66 192 177 44 5 13 111 117 109 64 128
2016 22 759 99 181 179 174 57 4 136 173 228 44 197 126 241 135 37 60 221 184 125 62 160 143 16 55 220 132 164 133 12 112 13 90 235 121 193 85 217 13 100 114 90 142 98 126
2017 22 647 1 70 11 77 183 172 169 189 37 26 60 171 241 42 32 52 207 23 88 27 15 173 84 137 247 26 76 196 103 76 115 116 155 99 237 75 239 126 2 149 146 192 140 29
2018 22 792 243 48 203 83 75 117 57 57 152 143 141 148 70 66 195 174 143 111 239 149 59 176 176 48 101 27 96 148 169 137 228 13 35 130 211 198 103 67 150 195 209 49 116 26
2019 22 627 94 40 169 6 128 19 165 103 64 155 21 161 4 39 97 133 53 33 12 50 45 12 202 62 113 97 72 161 114 48 206 153 118 62 131 136 78 135 232 41 242 102 151 95
2020 22 728 42 49 180 94 184 41 45 28 52 197 91 116 245 63 27 158 112 84 111 131 247 191 116 124 177 99 214 118 200 116 15 43 167 144 39 102 236 183 179 140 79 122 155 23
2021 22 654 34 83 33 197 117 43 77 63 235 144 39 13 243 54 44 170 47 37 88 142 27 139 179 59 217 168 40 188 75 164 223 57 246 71 240 197 76 93 78 39 137 181 121 80
2022 22 765 102 119 168 139 110 144 227 40 155 96 208 96 235 134 9 110 92 107 130 117 198 129 206 174 171 33 112 59 65 132 88 67 108 5 211 101 184 52 57 129 11 102 213 144
2023 22 405 213 24 236 171 4 154 118 84 61 91 6 43 104 114 9 137 1 25 38 8 30 150 11 63 52 19 43 12 21 57 58 185 231 193 5 36 46 24 69 156 217 126 50 120
2024 22 565 89 60 109 41 85 146 151 66 98 61 30 49 79 22 62 151 119 87 112 111 243 97 58 17 117 115 35 92 166 106 232 76 64 123 12 12 73 177 159 135 6 59 163 29
2025 22 665 220 116 208 189 102 120 101 147 118 11 163 135 127 197 128 45 152 60 72 168 32 183 129 56 59 189 40 166 47 154 94 68 121 3 58 23 222 11 169 90 123 83 176 49
2026 22 891 231 153 245 84 14 116 51 145 148 181 102 8 169 141 223 167 195 166 37 115 219 194 139 42 206 9 233 128 193 58 179 73 63 173 157 126 239 159 238 92 74 146 212 115
2027 22 491 120 179 11 36 65 27 6 110 66 149 216 76 132 193 19 89 73 143 203 46 51 129 86 10 1 23 176 120 12 142 90 42 2 177 58 129 234 20 96 32 135 23 115 29
2028 22 622 143 56 102 36 208 99 236 186 34 95 88 158 247 164 30 11 5 171 2 159 97 162 139 182 81 186 165 65 108 180 95 101 35 98 38 92 246 173 80 179 220 69 89 118
2029 22 751 32 118 178 89 88 132 99 186 193 37 217 73 174 83 89 181 12 133 133 48 231 72 242 178 147 121 209 16 47 85 223 114 213 13 103 96 61 138 38 199 206 60 72 138
2030 22 613 204 152 182 89 51 14 210 42 194 108 214 52 73 103 198 160 127 113 24 39 65 19 1 154 156 151 9 17 72 98 168 177 201 51 2 65 145 8 84 59 59 159 13 58
2031 22 714 218 139 70 193 79 186 211 81 39 168 181 147 136 104 196 3 230 197 3 97 69 25 144 28 208 102 238 18 14 95 137 104 16 79 184 1 41 64 8 46 187 95 249 185
2032 22 834 47 181 233 102 227 32 72 101 150 160 229 139 80 94 186 16 200 1 133 154 87 149 194 47 244 33 191 95 217 190 175 149 93 151 32 164 103 158 165 114 88 156 193 132
2033 22 711 191 11 131 141 159 13 46 47 213 90 43 107 222 186 51 90 27 75 90 121 227 121 236 131 230 53 44 68 8 39 249 148 99 31 190 9 95 86 205 108 77 100 14 200
2034 22 702 37 166 189 115 140 30 135 168 120 98 81 122 43 198 231 131 248 28 228 20 73 105 144 32 133 93 97 182 131 162 72 195 3 51 179 120 52 50 219 82 124 61 132 4
2035 22 816 142 179 134 122 209 3 13 33 159 6 114 41 210 174 232 21 245 76 75 197 204 196 98 105 81 28 226 164 34 167 193 167 191 51 19 5 135 179 248 19 61 157 242 92
2036 22 711 29 138 169 5 134 22 100 33 76 163 15 106 188 129 39 57 21 7 199 73 177 53 157 105 64 156 125 176 218 67 194 155 185 148 40 158 247 72 85 109 136 92 248 164
2037 22 604 82 54 86 138 102 10 64 154 218 120 19 23 244 94 36 11 112 29 117 48 228 156 55 74 27 192 182 15 183 132 80 15 185 68 4 39 227 120 94 145 39 63 33 156
2038 22 740 157 195 218 137 212 67 215 19 124 138 246 15 222 12 149 3 191 15 39 8 19 177 37 38 21 133 78 135 203 12 90 159 57 109 96 70 126 112 88 199 201 85 172 96
2039 22 857 215 26 89 180 167 148 100 45 184 39 67 68 216 51 71 78 243 29 234 1 126 105 128 139 144 78 90 29 192 163 226 7 241 16 238 57 64 187 101 99 225 18 69 90
2040 22 602 70 189 219 112 169 154 65 197 8 192 35 2 22 26 82 63 89 9 221 129 75 158 87 140 146 37 190 72 206 108 14 26 232 137 167 186 3 13 43 145 199 196 68 125
2041 22 769 229 180 13 138 103 193 212 62 29 53 160 117 242 181 125 150 144 52 247 126 190 13 161 93 77 105 239 76 101 106 52 29 85 16 68 189 210 79 53 88 183 112 156 125
2042 22 676 92 182 174 186 133 70 213 173 185 173 15 163 177 53 138 129 58 141 60 194 206 27 33 115 8 137 4 140 148 62 114 139 143 89 76 76 161 138 200 145 160 64 207 139
2043 22 709 216 97 169 25 237 128 118 145 105 152 61 164 188 165 153 87 178 167 176 20 155 101 197 165 141 46 11 100 109 120 90 176 16 9 152 4 88 122 44 25 7 65 227 60
2044 22 768 201 4 28 176 75 184 229 22 119 67 211 70 128 80 212 55 147 20 57 3 178 102 203 152 14 9 166 190 220 167 245 197 94 120 31 74 91 81 144 159 43 114 236 25
2045 22 857 125 93 173 96 49 25 104 178 229 6 242 167 247 32 86 15 226 183 58 95 215 134 237 147 227 146 89 42 183 115 218 75 38 13 75 114 119 102 142 124 131 34 217 28
2046 22 595 193 144 60 200 89 124 185 177 70 62 124 160 153 57 125 21 83 164 135 8 177 103 59 69 29 91 202 20 19 70 147 61 63 8 3 131 247 180 2 110 53 64 163 61
2047 22 668 238 185 146 101 19 55 29 24 65 197 152 6 150 21 226 119 70 139 232 27 203 134 60 199 163 13 61 118 26 73 130 165 209 177 217 177 31 146 100 146 92 153 53 192
2048 22 668 26 28 12 145 168 193 73 20 79 32 171 143 45 31 160 120 55 142 185 63 18 101 239 101 248 191 246 140 43 100 183 68 29 144 162 197 39 87 66 167 218 138 209 114
2049 22 530 68 121 36 22 112 22 134 131 74 75 131 72 165 28 13 7 127 45 156 140 140 2 130 76 19 98 46 107 57 59 26 79 194 48 92 17 133 22 191 157 55 114 21 32
2050 22 718 126 180 159 72 206 164 13 195 17 143 173 37 240 168 243 198 19 76 172 168 117 190 150 141 80 7 95 145 129 176 170 110 34 43 15 49 212 165 200 84 204 139 101 96
2051 22 741 189 28 66 116 249 135 183 39 85 23 70 143 67 15 173 94 136 183 78 29 247 28 34 110 195 85 193 98 125 43 63 71 113 179 221 47 163 61 233 35 31 125 53 97
2052 22 613 200 46 132 132 25 110 30 53 95 90 199 179 134 46 54 77 40 168 149 102 96 121 51 110 34 83 64 8 148 112 157 46 43 40 222 55 219 26 160 174 82 94 121 137
2053 22 630 72 113 204 172 16 2 42 66 11 25 99 159 240 108 106 151 166 3 46 55 127 102 175 2 154 85 128 185 248 73 199 162 27 70 30 113 193 192 90 93 100 129 50 108
2054 22 733 82 15 212 79 171 38 230 46 42 133 180 119 220 59 18 142 107 130 170 178 7 151 140 1 193 179 194 44 160 93 53 91 60 165 219 80 102 100 177 193 34 158 163 53
2055 22 697 116 31 147 124 162 168 51 168 219 143 70 13 21 13 156 180 108 159 22 117 223 190 248 76 141 177 171 25 234 83 29 102 115 175 25 176 93 78 45 13 220 15 175 92
2056 22 546 127 80 22 84 140 93 2 64 135 52 25 28 162 51 213 146 80 14 211 6 41 138 50 68 235 112 39 199 136 130 77 168 3 13 207 46 16 21 32 167 158 194 73 109
2057 22 715 59 168 38 72 230 145 114 68 45 33 52 156 221 2 244 153 78 11 205 142 17 102 108 139 133 176 200 143 70 72 101 180 190 190 201 169 234 17 88 130 99 191 136 72
2058 22 592 242 129 124 122 41 80 13 57 32 72 198 66 48 197 158 169 169 58 210 199 230 133 18 168 64 167 58 99 140 102 179 13 73 69 44 37 128 25 11 25 91 60 100 28
2059 22 667 241 60 177 52 58 28 32 142 46 151 56 112 8 6 51 161 137 65 185 157 208 124 84 85 234 10 77 43 83 176 122 175 237 148 227 45 75 10 138 72 60 45 133 19
2060 22 663 151 35 180 187 51 114 243 111 87 129 245 172 40 121 64 24 98 187 149 35 186 177 231 13 86 168 84 145 15 19 63 15 103 94 53 56 60 47 116 196 177 112 170 169
2061 22 497 32 85 42 31 122 142 65 157 18 95 169 55 15 53 201 131 71 66 45 75 209 49 132 118 197 47 16 126 208 185 44 141 19 85 72 140 127 188 49 96 135 17 1 21
2062 22 544 151 131 243 118 27 118 77 75 149 146 23 198 211 198 57 147 41 48 16 128 71 107 104 158 55 49 192 124 194 4 72 187 21 148 56 149 174 6 145 47 53 57 46 110
2063 22 801 204 87 109 19 64 79 77 119 236 32 219 28 107 70 221 50 125 93 88 145 242 195 94 166 51 140 214 155 46 159 166 199 197 124 69 162 202 46 130 190 129 151 217 135
2064 22 627 172 139 136 196 81 76 42 23 70 137 90 70 76 103 177 72 163 192 222 10 116 191 221 69 38 3 208 168 153 26 2 124 65 189 247 64 12 121 134 99 10 155 74 114
2065 22 623 133 197 77 75 121 136 192 161 8 10 50 60 68 67 214 45 170 87 9 60 7 156 74 71 176 9 119 136 15 94 201 198 193 127 224 13 212 165 75 120 126 24 31 193
2066 22 602 42 95 138 113 133 198 174 42 3 199 112 181 157 32 68 74 227 68 23 119 45 198 231 8 12 7 77 87 132 10 182 23 204 21 87 36 20 11 179 123 109 140 53 168
2067 22 736 223 170 243 200 137 167 118 183 214 1 141 77 107 69 65 189 28 98 13 133 18 2 169 88 64 149 162 124 239 16 211 137 235 10 25 1 130 108 166 32 198 192 38 166
2068 22 637 57 178 146 4 243 128 24 94 248 113 109 197 74 132 185 41 23 47 27 9 9 101 210 40 227 71 219 60 25 127 40 170 30 82 249 155 77 97 67 135 193 92 66 129
2069 22 652 84 40 77 60 49 87 13 10 176 24 86 148 83 106 8 7 32 197 128 114 180 176 68 156 224 87 42 116 228 107 246 62 149 123 23 147 111 137 158 87 211 145 234 193
2070 22 793 1 193 32 141 230 147 170 157 115 77 181 101 68 48 180 177 194 43 175 118 218 173 228 4 232 116 64 176 202 108 76 46 208 60 137 39 6 108 246 172 37 128 174 6
2071 22 840 225 54 232 170 48 8 239 115 82 69 119 163 184 34 139 37 242 116 133 151 127 21 192 85 28 137 206 64 214 80 122 190 85 3 60 132 213 198 147 94 116 117 209 2
2072 22 777 150 99 138 43 116 72 146 93 242 87 227 172 125 184 37 190 15 8 229 99 113 138 231 125 188 29 220 105 95 178 158 46 126 48 191 42 19 186 86 163 24 14 234 150
2073 22 668 197 120 189 164 178 117 162 90 57 44 216 94 74 135 168 65 158 166 90 55 56 133 73 143 120 135 16 183 20 115 82 140 55 95 69 121 210 127 152 25 122 175 211 122
2074 22 679 245 175 131 60 117 135 17 151 109 111 21 194 228 103 63 142 236 104 148 80 22 18 38 133 247 139 220 65 70 93 9 146 73 170 212 107 88 163 116 48 133 111 175 137
2075 22 749 175 168 23 179 165 2 2 35 41 137 233 31 45 102 96 64 145 6 210 167 28 173 76 17 237 143 221 5 191 58 79 59 132 9 225 85 163 61 176 149 193 56 143 45
2076 22 664 203 9 141 61 170 157 140 142 34 156 179 76 20 149 82 63 8 111 123 89 71 147 24 83 58 151 81 102 158 176 246 61 184 136 223 153 95 12 146 178 217 26 56 139
2077 22 662 177 37 151 84 149 25 175 170 73 50 54 82 100 187 84 109 62 129 219 97 67 193 51 61 154 46 140 171 122 147 61 150 36 61 83 186 187 109 107 159 158 111 241 109
2078 22 755 147 24 218 10 152 138 8 120 81 58 230 86 105 122 206 78 120 68 227 155 180 12 43 116 20 199 125 30 59 115 138 157 188 107 191 197 225 161 29 184 92 164 239 165
2079 22 799 172 68 35 39 145 91 219 106 83 34 177 182 208 6 142 22 196 151 111 2 120 152 248 147 62 76 80 155 242 120 170 163 88 104 201 34 244 119 139 129 105 115 12 164
2080 22 762 123 55 88 168 55 48 71 25 249 119 223 62 196 52 167 89 74 88 201 63 141 52 96 136 172 186 16 178 150 77 42 124 32 79 191 88 178 12 214 29 182 186 190 179
2081 22 765 90 58 18 113 145 118 27 87 221 22 225 195 207 190 122 58 119 65 82 102 245 24 189 173 135 5 201 116 190 42 45 179 200 114 43 196 131 169 185 104 42 9 198 148
2082 22 826 171 158 118 86 241 69 180 114 160 152 249 14 52 16 103 194 62 134 95 175 128 192 208 97 76 61 238 186 108 138 86 178 247 103 65 137 72 195 202 133 198 102 246 2
2083 22 744 218 100 145 131 35 191 106 113 84 63 211 160 223 150 245 32 137 80 61 85 135 176 73 58 120 175 140 19 76 87 20 145 186 166 26 171 233 35 190 147 195 1 119 144
2084 22 806 47 52 233 129 212 19 113 187 142 72 58 166 161 127 93 99 246 90 184 112 115 6 219 49 92 60 95 186 62 15 132 109 216 16 189 29 34 3 218 177 174 75 192 86
2085 22 670 103 87 184 51 226 19 64 92 77 84 140 168 246 134 56 107 48 139 17 13 4 155 143 139 107 160 166 30 237 9 67 91 95 50 141 22 219 6 113 197 190 52 37 185
2086 22 714 119 43 134 7 110 48 12 116 141 3 23 200 168 54 236 126 221 77 73 122 169 194 142 175 209 138 16 110 102 152 47 122 246 130 81 107 178 144 123 18 196 95 113 100
2087 22 712 155 141 120 183 15 142 101 10 83 77 68 173 192 178 74 195 176 147 193 57 77 199 134 171 21 3 216 67 222 131 167 78 123 138 160 87 181 10 98 66 187 116 88 130
2088 22 512 45 63 177 20 9 169 176 36 17 62 208 140 66 25 8 139 57 76 116 129 164 27 167 196 239 15 61 75 32 50 6 126 12 184 147 121 152 124 21 185 165 10 3 41
2089 22 544 19 91 98 195 109 28 60 85 45 155 223 161 168 99 192 17 5 119 179 190 15 49 42 138 8 12 125 172 73 27 64 91 17 111 237 175 141 196 110 37 51 84 197 118
2090 22 793 183 190 236 189 108 14 178 74 214 71 161 121 234 37 244 6 13 8 249 132 70 85 210 33 69 196 35 153 44 4 185 85 89 75 242 103 104 17 68 75 80 189 158 16
2091 22 580 134 66 229 143 64 162 113 150 69 124 138 72 168 40 65 71 176 52 110 200 43 14 205 12 31 29 41 21 37 6 157 2 86 99 17 197 61 168 116 187 152 103 108 169
2092 22 539 142 24 90 19 75 151 20 70 14 124 181 196 103 23 169 41 78 125 194 64 23 60 210 86 79 27 22 80 179 81 151 22 106 192 33 142 109 104 7 133 136 4 37 158
2093 22 780 172 77 35 96 220 200 121 81 112 156 109 38 179 139 69 11 91 140 218 82 80 52 73 140 205 31 224 42 184 60 149 6 36 136 203 157 187 75 137 98 230 96 86 160
2094 22 767 186 6 122 76 245 140 207 76 191 131 68 98 61 191 189 146 51 90 201 138 225 156 45 111 180 131 12 178 248 171 213 53 238 197 84 146 25 126 176 192 88 182 16 134
2095 22 573 34 155 236 74 31 191 118 193 23 50 103 184 30 200 156 142 204 150 82 1 85 29 77 163 155 168 139 44 151 154 27 85 108 13 8 38 105 77 181 79 228 135 12 57
2096 22 530 87 120 101 90 21 34 92 106 12 18 20 118 85 108 112 38 62 90 124 121 104 183 159 161 61 141 39 88 75 101 147 113 70 199 53 192 132 44 149 93 168 11 248 128
2097 22 783 124 35 91 13 60 61 69 42 19 179 102 111 167 92 238 69 138 50 236 52 182 169 196 80 111 109 248 23 106 27 98 93 117 63 227 81 246 198 9 149 158 75 190 197
2098 22 666 244 179 247 183 16 50 164 84 197 46 55 193 69 63 221 169 157 137 81 10 63 111 105 160 71 104 170 147 95 168 192 74 14 177 39 16 42 25 64 187 119 131 241 83
2099 22 700 51 159 241 37 191 150 52 3 57 63 73 160 232 70 56 50 111 79 115 39 220 182 31 196 46 167 16 66 248 58 100 198 219 40 37 109 189 138 162 45 150 34 206 34
2100 22 753 5 162 85 118 192 1 206 163 33 136 208 180 153 25 195 152 183 96 151 51 235 87 161 123 126 22 20 176 158 75 111 62 88 195 231 132 245 87 144 129 24 4 58 28
2101 22 696 28 104 29 62 249 32 64 85 218 175 8 46 46 79 73 3 205 133 217 45 229 99 26 25 235 21 204 111 224 13 138 4 69 69 165 19 50 129 4 169 203 63 100 141
2102 22 687 238 5 195 70 223 41 148 71 216 173 108 37 28 118 62 42 207 15 60 27 182 81 228 160 84 199 214 46 114 15 38 102 171 134 21 143 25 71 16 190 95 173 78 72
2103 22 675 192 190 113 200 54 175 179 35 105 56 246 38 104 111 235 170 78 172 171 48 207 193 243 31 63 108 73 57 232 150 28 73 39 193 24 95 17 2 31 173 108 27 160 63
2104 22 702 189 196 132 118 119 54 116 175 197 108 56 109 217 178 18 198 27 197 222 18 241 45 112 107 142 31 156 170 92 70 61 187 54 128 205 107 145 80 153 104 85 14 70 14
2105 22 604 133 67 192 79 238 109 20 85 72 78 214 109 38 85 50 7 145 39 160 175 193 119 69 22 121 75 158 36 94 23 118 163 15 149 52 175 18 86 47 197 112 57 157 146
2106 22 791 107 16 193 147 127 167 139 145 37 63 216 163 222 3 7 95 171 21 161 69 224 135 38 12 181 184 229 142 238 40 151 3 32 47 235 126 138 149 141 1 21 95 159 67
2107 22 580 215 79 77 35 54 161 124 15 142 110 96 135 202 133 102 87 7 48 117 106 34 192 246 83 46 103 79 106 121 145 136 147 130 139 9 153 204 100 12 99 37 115 131 112
2108 22 797 166 69 19 163 135 126 147 127 121 179 210 68 183 188 175 105 60 51 164 199 109 168 202 161 132 2 249 96 84 10 112 52 28 126 236 4 222 112 126 152 224 44 86 61
2109 22 589 68 40 45 180 192 160 228 151 78 81 13 61 234 161 6 17 20 119 168 48 5 3 118 117 178 170 140 173 2 93 97 99 72 138 208 1 190 137 33 102 197 66 64 153
2110 22 712 184 184 23 101 233 67 105 137 185 173 166 6 114 191 210 68 33 158 116 106 196 23 208 87 92 189 156 59 104 60 142 89 94 71 151 48 9 185 173 25 40 86 115 52
2111 22 736 105 49 111 70 56 8 43 163 145 4 206 35 164 188 173 105 77 157 148 99 157 47 208 194 221 34 235 9 200 138 213 48 49 183 219 200 32 174 34 92 87 174 64 43
2112 22 628 70 90 50 179 188 157 172 59 92 106 17 141 94 179 90 94 161 44 199 139 162 151 120 187 36 12 23 61 177 15 60 99 6 10 194 118 98 2 105 68 202 100 198 44
2113 22 638 43 159 189 144 197 101 96 169 139 133 180 12 44 108 28 55 56 186 64 82 79 134 181 82 147 186 1 48 85 98 93 30 158 82 175 57 234 122 125 172 104 4 135 47
2114 22 674 11 113 102 69 48 117 150 178 2 31 9 98 218 111 98 52 58 140 133 16 221 109 172 154 30 96 76 84 201 12 132 113 224 183 231 173 233 102 103 113 62 151 183 182
2115 22 697 139 68 47 160 76 20 165 6 217 142 91 69 154 122 81 29 57 114 204 108 146 55 10 60 69 62 191 92 209 125 173 200 244 69 59 120 140 175 27 106 167 69 124 22
2116 22 732 190 107 150 46 220 3 153 167 110 65 128 80 126 20 121 187 246 44 136 40 114 96 59 104 120 187 211 138 155 135 196 41 61 194 212 115 48 130 124 162 9 155 40 78
2117 22 760 126 26 173 169 213 12 134 10 72 87 81 60 98 169 116 134 129 62 26 39 105 137 204 104 118 29 66 76 184 57 155 61 34 29 181 196 193 164 207 114 201 187 226 50
2118 22 720 5 191 183 34 152 108 174 58 46 177 214 165 158 131 140 93 87 96 103 20 74 133 217 116 96 123 132 98 209 107 149 16 197 81 51 101 224 110 37 153 123 51 110 153
2119 22 560 42 2 89 137 154 110 11 38 128 128 133 150 9 183 111 15 31 26 164 114 78 164 205 1 23 92 3 48 144 14 186 15 191 24 20 152 86 157 230 164 29 72 174 91
2120 22 767 189 104 18 102 19 45 67 174 146 41 215 150 188 110 214 40 247 130 82 21 202 33 56 158 162 171 151 93 195 126 33 33 232 3 86 150 152 123 244 94 39 194 132 49
2121 22 746 59 173 245 38 104 65 89 86 123 149 50 43 201 142 187 177 226 21 108 78 6 107 227 159 182 120 203 120 65 186 218 173 208 13 11 163 29 1 198 101 1 97 246 152
2122 22 666 190 84 78 18 205 85 247 162 143 123 173 124 45 125 44 59 162 163 84 171 75 146 133 4 146 132 106 47 31 151 98 170 237 77 191 113 86 4 58 76 131 54 2 126
2123 22 734 63 165 138 48 235 63 193 67 168 90 49 25 86 179 226 85 150 162 61 39 4 25 74 159 180 83 87 162 187 90 101 55 176 48 189 140 40 8 157 129 206 182 167 136
2124 22 624 109 53 35 22 216 73 27 190 198 87 221 131 173 182 117 163 170 67 67 98 64 157 187 105 14 146 71 127 53 56 106 43 210 171 217 136 10 115 72 133 95 47 66 63
2125 22 743 209 86 131 177 183 194 85 171 99 116 136 121 142 139 227 180 44 171 139 66 137 26 77 103 48 109 246 175 161 54 62 41 182 146 86 66 66 187 216 32 73 187 225 63
2126 22 666 65 157 8 85 145 23 223 121 151 128 20 60 76 165 136 139 70 149 231 103 246 69 220 161 207 186 144 131 24 121 243 190 79 150 26 123 74 98 195 75 77 66 5 30
2127 22 756 21 93 1 171 175 53 166 195 73 176 152 110 222 84 235 144 127 174 122 26 199 46 52 48 243 176 227 58 161 131 240 131 92 53 99 195 118 96 119 195 149 180 32 164
2128 22 714 61 8 89 132 136 39 230 87 38 122 212 14 131 74 244 122 6 118 64 8 119 58 75 114 228 69 162 107 185 93 222 47 203 62 29 38 50 60 126 89 183 137 63 10
2129 22 537 196 185 65 116 98 124 84 57 198 47 36 66 110 194 2 52 17 199 4 28 229 93 79 188 68 167 122 56 71 134 167 67 70 133 19 56 225 53 115 12 119 24 55 22
2130 22 615 25 171 70 131 248 100 175 28 89 143 47 110 117 44 17 33 65 99 68 134 55 184 160 159 98 22 29 71 76 51 198 149 172 180 246 122 104 126 96 72 120 46 188 65
2131 22 748 64 23 179 62 240 14 68 124 24 127 173 197 155 194 222 157 43 170 177 193 11 23 164 80 70 53 244 183 125 25 146 167 138 164 190 61 192 12 57 196 207 31 103 151
2132 22 791 202 83 72 19 132 99 213 192 123 178 124 44 33 119 28 57 243 173 131 88 164 193 179 28 52 77 186 184 81 87 235 63 210 106 196 60 170 139 182 198 77 132 133 56
2133 22 729 188 175 231 163 107 68 178 52 249 5 5 25 241 188 57 179 124 19 88 179 66 48 1 104 181 100 168 10 31 2 65 18 128 45 232 35 115 110 113 66 192 189 158 181
2134 22 670 145 136 204 115 124 185 80 123 35 135 53 186 162 16 105 79 235 33 123 117 69 187 228 56 99 43 49 139 201 29 183 88 184 197 63 170 26 85 206 163 90 41 16 103
2135 22 588 6 171 181 41 103 104 59 21 142 86 28 41 180 76 29 80 56 14 70 41 10 82 161 38 67 18 52 8 110 66 187 43 156 141 196 166 163 187 101 140 179 131 117 110
2136 22 860 12 22 225 81 115 36 65 25 223 33 242 24 240 52 193 101 68 179 93 175 122 40 141 184 79 191 224 157 123 42 168 187 216 92 67 30 228 133 206 152 215 199 178 4
2137 22 638 201 120 7 120 100 199 194 73 239 34 107 17 177 132 175 49 123 95 137 140 86 6 19 65 38 174 69 103 23 48 58 175 64 94 20 113 93 103 221 1 171 149 232 195
2138 22 761 149 56 39 136 146 27 91 116 243 78 240 11 130 14 158 38 188 128 103 81 98 15 119 40 89 40 189 123 134 88 24 23 127 200 213 193 95 40 234 5 72 47 165 161
2139 22 733 34 142 213 66 191 30 134 180 198 75 221 37 13 45 222 100 25 47 74 3 199 36 247 193 228 180 49 151 178 163 11 163 57 125 78 197 154 64 229 4 138 99 42 102
2140 22 669 196 113 102 70 211 27 74 109 63 171 201 42 50 50 42 80 64 54 142 172 228 70 219 132 33 49 85 22 99 126 23 194 240 76 115 100 3 39 167 9 161 110 160 62
2141 22 687 53 141 76 106 233 197 183 52 117 166 86 117 102 109 116 129 231 9 170 107 24 122 61 14 182 29 174 94 238 35 206 190 26 133 245 158 31 129 47 48 16 50 131 179
2142 22 656 186 90 248 44 165 121 156 30 2 184 3 96 73 37 112 164 135 108 71 167 89 33 16 35 230 182 134 187 162 14 75 103 164 168 69 134 76 148 88 59 234 139 137 145
2143 22 733 104 23 155 127 139 193 9 105 229 191 186 14 127 99 130 101 43 21 172 78 196 172 215 106 173 99 89 163 87 86 67 9 190 143 200 34 101 54 114 91 141 177 68 141
2144 22 838 206 120 44 100 240 166 228 35 137 142 143 9 231 172 229 166 190 140 57 82 91 40 234 46 203 25 186 132 94 76 189 163 22 139 55 87 16 89 225 9 131 135 201 14
2145 22 620 8 132 81 197 173 138 80 63 79 164 58 84 90 195 15 183 72 53 247 143 93 151 181 58 142 107 19 124 244 19 87 51 102 68 50 76 157 181 240 85 44 197 220 83
2146 22 653 243 134 167 117 39 66 9 81 168 192 91 111 150 109 35 43 179 123 246 181 242 197 8 98 127 98 235 73 146 54 155 189 40 124 55 30 41 115 60 108 58 152 119 108
2147 22 767 110 53 100 139 227 147 171 69 195 78 218 72 175 52 94 21 8 50 61 149 125 65 78 65 131 39 225 189 241 143 146 2 97 197 240 73 12 93 90 40 111 61 216 62
2148 22 840 106 138 171 158 198 19 182 114 248 99 45 187 173 33 79 117 230 130 213 28 122 87 73 183 30 113 174 190 175 140 53 33 129 26 190 79 246 23 92 144 238 82 195 172
2149 22 771 160 11 153 91 125 31 162 112 45 43 65 20 134 142 209 138 224 140 113 163 118 159 237 161 204 10 151 135 222 144 15 75 86 91 57 98 104 9 144 196 126 163 231 167
2150 22 741 24 69 42 13 233 6 182 93 242 146 51 42 180 55 216 175 121 92 61 11 248 10 215 156 53 112 183 67 43 51 140 63 204 197 97 37 190 89 81 35 41 124 117 197
2151 22 523 39 41 17 32 3 80 79 162 194 87 66 107 69 133 1 70 174 115 213 80 12 110 68 153 50 198 239 92 222 5 89 62 48 5 186 24 64 31 10 129 88 81 163 38
2152 22 643 102 189 103 64 20 16 225 87 18 26 87 106 68 158 213 6 21 60 112 64 59 198 88 24 28 149 217 29 117 107 230 57 111 194 176 26 120 115 195 96 201 2 63 60
2153 22 775 14 18 130 123 181 46 184 80 33 107 210 33 111 176 212 80 191 136 44 136 221 6 230 165 201 180 217 65 141 182 20 105 114 17 140 44 99 46 153 182 9 30 245 88
2154 22 667 114 137 73 107 123 138 230 30 167 44 232 98 212 146 88 144 29 60 244 76 139 137 227 136 191 110 44 173 4 31 86 40 56 94 14 95 45 62 69 126 61 130 223 199
2155 22 739 175 153 210 176 97 85 16 135 211 2 178 122 197 50 75 80 87 17 180 80 181 103 25 144 173 2 105 104 125 5 229 129 64 56 48 122 162 111 89 32 221 140 109 50
2156 22 739 176 25 236 105 156 169 209 132 62 181 36 166 185 62 122 165 90 135 222 117 85 93 28 47 219 68 228 90 57 38 191 182 12 129 188 70 47 197 153 160 129 38 126 165
2157 22 605 199 199 179 89 34 101 155 118 95 182 16 64 149 193 105 7 33 147 38 196 175 25 165 123 223 18 102 55 10 66 56 158 47 194 141 199 100 160 143 83 227 158 31 172
2158 22 569 162 89 104 161 226 149 85 100 16 110 173 183 42 126 189 151 141 94 10 137 3 135 38 14 230 70 191 187 52 12 51 40 115 113 215 113 147 167 8 191 62 199 18 153
2159 22 661 201 58 198 161 197 37 213 33 26 76 114 46 116 153 247 79 155 189 93 17 58 115 23 137 223 115 21 182 53 22 90 2 34 138 238 148 22 14 125 136 61 43 138 159
2160 22 629 71 192 247 164 8 154 73 122 26 159 194 41 59 117 122 63 140 13 65 175 52 54 74 67 246 111 79 138 50 188 159 141 234 174 200 87 23 165 206 169 55 117 135 178
2161 22 777 79 126 193 195 150 44 149 173 169 67 118 129 246 158 28 35 216 170 68 141 21 7 236 194 191 114 177 157 200 104 238 75 146 34 76 42 84 98 160 101 65 141 98 122
2162 22 775 18 182 189 140 101 29 110 59 16 105 129 157 218 107 115 167 213 104 93 160 38 118 201 171 223 132 203 122 5 122 205 94 161 156 224 173 164 190 127 195 196 95 153 162
2163 22 698 113 15 116 6 75 3 225 127 125 90 89 148 223 91 19 177 224 70 23 31 144 45 146 133 124 142 180 168 45 191 182 161 58 89 187 162 214 14 53 152 34 25 193 54
2164 22 724 1 55 229 23 179 111 18 76 107 2 49 200 181 68 246 173 151 107 140 145 242 3 108 28 155 110 63 31 202 19 133 158 47 157 138 58 24 15 216 75 213 67 57 182
2165 22 691 15 30 83 23 212 172 167 55 74 125 233 180 34 47 87 65 196 46 114 53 35 173 226 200 40 153 162 106 159 96 220 38 28 44 151 151 111 6 26 135 207 120 186 168
2166 22 573 106 103 113 53 116 115 37 190 143 36 229 145 36 153 47 108 93 24 51 93 26 161 198 1 45 137 7 14 25 126 21 77 138 73 244 55 162 83 197 97 13 191 248 148
2167 22 812 195 194 155 189 219 6 132 94 116 131 146 13 20 4 178 194 29 199 172 117 73 67 221 84 199 169 233 11 209 82 110 5 126 165 144 196 72 27 190 39 159 87 153 128
2168 22 783 191 181 73 19 131 46 135 153 112 57 39 12 225 73 224 135 204 84 142 29 200 37 127 121 13 66 161 123 104 114 201 194 144 75 24 121 249 128 184 108 116 196 134 188
2169 22 793 69 171 192 4 162 122 203 98 100 75 17 186 184 171 151 36 164 144 111 128 169 31 129 46 14 38 214 161 171 53 132 91 96 85 204 20 190 1 116 64 186 3 198 106
2170 22 693 103 133 71 148 43 101 166 25 181 64 91 68 79 103 240 181 34 183 21 86 148 60 89 118 177 102 130 199 10 84 232 131 82 126 133 49 203 13 214 93 132 192 195 123
2171 22 722 25 131 5 3 101 191 102 162 79 169 88 82 122 69 81 83 153 164 165 184 141 147 184 143 211 48 237 94 189 134 167 115 114 121 19 166 13 120 227 43 241 116 225 62
2172 22 820 235 157 196 89 70 61 222 160 157 7 155 70 154 41 163 45 174 179 9 37 102 28 114 99 180 109 239 196 133 152 182 141 148 20 210 108 243 171 16 49 175 87 5 66
2173 22 759 199 191 180 9 230 31 86 133 247 87 113 157 175 160 139 177 93 129 126 14 90 83 106 62 206 87 87 110 54 188 10 46 117 169 225 150 154 158 98 90 122 154 181 94
2174 22 699 95 75 224 170 238 65 204 143 126 103 150 164 141 60 19 28 119 65 47 187 239 48 193 46 97 184 17 150 102 199 145 196 173 168 165 160 134 168 104 109 4 73 63 15
2175 22 864 243 43 185 107 141 124 246 188 18 193 236 153 112 85 105 62 181 150 150 115 196 133 184 100 143 56 155 17 169 69 110 113 116 53 128 113 190 97 58 175 211 4 180 193
2176 22 659 153 116 142 19 162 26 63 18 110 67 35 178 187 94 40 43 111 94 173 124 233 19 131 59 168 101 71 23 182 13 128 198 56 146 161 131 100 123 101 162 41 135 89 179
2177 22 573 130 181 21 190 24 143 165 159 112 45 219 181 47 142 4 179 56 131 126 164 78 86 44 130 110 146 91 100 232 181 228 11 113 50 203 139 43 17 97 106 14 17 136 110
2178 22 629 58 41 38 16 121 63 179 151 50 24 80 11 70 170 160 1 52 139 14 15 89 116 153 133 82 1 238 145 119 75 155 79 216 94 244 38 59 72 108 95 67 19 166 188
2179 22 630 130 17 140 171 82 56 59 47 58 91 128 160 28 75 104 81 156 69 124 99 7 82 172 94 142 169 163 12 184 52 241 152 93 61 83 148 121 129 157 13 109 66 40 133
2180 22 710 146 46 115 151 64 138 200 20 170 123 166 13 241 130 24 75 133 66 28 178 179 13 177 49 91 184 62 151 101 153 85 146 198 199 149 64 187 50 35 108 172 100 120 63
2181 22 683 231 95 189 114 110 18 191 190 30 119 41 123 52 52 23 55 156 60 102 106 158 200 69 146 199 3 5 21 155 124 135 187 220 123 100 82 140 142 71 122 111 61 244 114
2182 22 695 64 68 120 20 77 72 27 137 221 197 32 120 49 87 142 5 12 126 42 132 200 43 163 91 237 83 212 149 196 7 9 75 184 130 103 5 106 89 227 2 248 153 109 189
2183 22 695 7 170 16 100 203 17 143 65 110 79 200 23 179 147 230 192 5 56 175 35 108 81 42 97 158 194 119 5 148 27 146 6 198 163 156 1 80 48 117 191 28 68 213 8
2184 22 519 164 194 49 71 76 57 9 156 248 105 15 193 25 172 90 53 19 96 152 31 1 104 212 200 21 152 29 140 67 188 56 110 236 176 159 13 32 119 169 31 175 135 74 49
2185 22 627 56 65 153 174 110 4 207 112 208 118 213 180 22 43 119 138 30 176 49 16 203 109 86 27 198 117 1 35 40 49 242 4 168 116 7 174 79 164 143 42 43 64 134 13
2186 22 611 103 66 141 152 133 43 62 12 179 39 212 197 139 146 36 40 37 91 142 54 58 148 137 63 72 130 107 37 15 122 42 30 112 45 162 104 106 74 234 94 35 180 182 67
2187 22 691 174 118 160 15 24 67 65 102 205 177 125 84 236 112 249 7 3 30 170 97 42 75 152 117 209 46 1 190 130 182 157 53 66 19 126 184 33 28 89 62 202 174 147 165
2188 22 580 24 105 17 4 124 65 47 198 169 163 158 14 13 198 45 196 206 147 148 123 65 124 108 50 203 148 111 156 222 9 123 95 63 41 38 106 46 137 74 58 145 39 172 94
2189 22 701 135 19 1 31 69 125 147 44 82 196 146 130 58 53 203 66 227 49 80 118 49 69 225 146 206 200 4 102 138 27 247 74 96 197 104 14 221 2 107 54 50 154 209 158
2190 22 633 87 177 185 138 56 104 36 175 228 133 82 77 86 33 116 115 29 139 162 127 194 77 199 147 135 4 48 38 89 7 47 75 233 133 140 36 49 166 165 132 97 93 69 129
2191 22 547 110 85 9 200 46 137 245 72 185 44 106 91 41 145 79 97 94 55 131 176 119 71 114 169 36 180 2 133 125 71 113 134 57 24 103 160 30 126 247 73 32 137 166 178
2192 22 699 167 164 171 171 195 197 139 17 62 110 102 43 11 136 183 101 151 90 24 86 194 35 67 69 192 102 21 7 80 37 170 100 208 116 198 148 32 111 207 184 154 18 71 20
2193 22 778 2 171 220 41 246 57 184 33 176 53 115 167 54 186 75 185 72 94 235 181 210 84 181 93 145 89 226 148 58 99 117 10 121 139 50 19 47 186 151 22 240 115 190 95
2194 22 638 2 64 130 74 110 164 56 71 147 86 13 193 225 191 190 32 239 59 91 61 97 43 179 95 78 129 217 17 196 8 211 47 22 142 122 133 55 78 153 104 15 165 5 188
2195 22 582 123 195 146 65 56 194 159 134 88 38 165 156 154 10 164 117 158 187 30 119 65 109 171 170 73 85 17 64 192 4 138 186 1 104 91 146 213 127 34 200 41 6 52 104
2196 22 631 124 61 92 83 90 160 197 48 132 118 73 69 35 38 10 90 225 45 243 28 238 188 164 173 142 56 114 99 9 169 172 169 11 54 159 122 103 108 104 72 82 22 6 119
2197 22 859 33 48 143 77 240 23 166 29 114 29 102 105 36 115 155 144 133 126 215 45 232 125 217 86 132 120 157 66 93 115 234 125 229 153 103 1 219 183 216 199 84 173 185 50
2198 22 726 227 130 33 53 44 177 136 118 95 21 2 166 67 58 93 102 84 156 130 87 160 32 207 93 198 55 226 120 141 126 246 171 10 50 116 138 35 186 233 157 237 198 184 5
2199 22 562 208 128 158 141 84 138 29 193 121 187 135 20 192 113 189 34 88 137 6 199 38 72 86 75 107 120 131 95 20 116 99 77 44 156 119 127 145 100 118 86 4 137 129 68
2200 22 873 78 65 7 116 170 55 105 43 142 79 249 62 160 145 183 177 245 159 220 103 129 98 247 130 169 16 168 124 46 191 182 62 97 199 232 101 103 124 192 34 225 55 143 119
2201 22 670 139 71 14 47 243 16 28 140 214 7 108 82 174 31 136 172 221 69 133 67 167 66 219 21 90 113 104 116 98 34 19 99 6 13 16 83 52 132 142 12 113 167 244 198
2202 22 663 90 15 166 75 133 84 40 104 156 81 216 110 146 134 209 182 41 179 82 147 191 98 181 95 179 174 106 41 91 99 140 30 165 55 4 50 103 145 126 120 22 53 65 5
2203 22 639 246 145 136 44 186 133 74 182 13 150 237 105 190 137 44 71 204 100 225 155 141 122 159 86 97 178 93 20 32 9 24 127 4 12 22 41 96 98 172 9 47 60 115 136
2204 22 653 48 159 206 53 210 132 57 151 3 17 236 2 144 30 171 176 189 197 54 192 58 176 84 103 23 5 113 119 116 128 156 163 238 163 118 47 97 126 47 51 93 184 152 136
2205 22 588 64 25 13 52 221 69 45 180 244 130 134 68 234 49 38 101 76 143 215 165 7 182 111 103 108 8 54 50 143 157 37 156 231 152 59 153 70 105 34 63 184 70 32 119
2206 22 624 118 19 219 45 113 34 209 169 117 19 74 74 78 129 25 121 35 12 28 18 65 139 22 134 143 158 48 29 177 29 197 144 147 118 88 111 53 196 81 69 216 54 245 144
2207 22 690 132 169 116 19 182 43 136 46 183 109 129 176 166 126 4 92 106 102 237 104 69 174 214 121 119 45 142 87 50 36 230 184 154 45 52 88 89 189 22 49 164 99 65 141
2208 22 668 54 158 47 155 245 102 174 118 216 46 39 112 37 125 161 22 56 144 178 102 97 65 192 85 149 15 34 164 13 200 105 166 207 103 171 53 4 46 223 71 91 113 182 78
2209 22 668 189 95 151 94 138 28 97 87 192 38 73 193 103 8 106 117 157 60 135 116 64 107 18 118 102 90 44 2 172 23 40 16 174 35 105 53 231 91 147 19 14 89 223 21
2210 22 666 194 139 230 56 73 95 69 79 212 38 182 104 228 176 7 99 248 47 14 23 33 70 126 14 161 124 134 126 106 146 146 77 12 21 21 183 151 185 22 33 138 149 160 144
2211 22 707 249 109 42 64 32 175 84 159 190 94 132 123 121 93 30 116 99 175 193 113 245 115 145 46 149 66 80 138 17 189 134 165 247 175 129 28 101 162 138 40 57 19 214 177
2212 22 667 213 193 144 114 168 188 228 114 3 24 11 153 241 140 141 7 78 124 22 25 50 152 204 151 65 94 42 71 212 56 149 127 100 42 17 182 19 33 186 192 143 188 232 35
2213 22 543 180 191 14 105 214 90 105 65 144 57 29 187 1 50 107 149 28 157 42 119 75 123 189 107 58 30 202 98 138 79 104 101 184 117 91 90 133 36 98 13 24 47 13 23
2214 22 638 204 63 53 112 54 173 86 79 162 45 193 198 35 6 85 164 161 85 199 29 177 140 63 62 37 125 235 39 60 190 201 64 51 105 186 39 33 47 133 170 40 32 107 197
2215 22 490 16 122 110 52 70 138 29 111 1 92 147 127 131 166 190 123 66 103 73 122 88 61 56 185 45 26 76 126 234 172 93 105 31 145 26 171 75 186 173 18 134 99 96 16
2216 22 790 66 135 138 34 187 113 155 127 225 11 163 20 88 38 97 123 11 190 27 194 236 54 214 12 141 88 229 74 188 77 139 154 211 179 237 200 191 93 126 15 55 140 36 194
2217 22 719 127 35 166 89 174 94 132 61 197 197 172 137 184 52 212 22 178 3 227 91 81 113 92 71 57 119 37 12 208 23 105 34 21 74 82 14 56 44 113 152 217 49 38 118
2218 22 726 13 161 248 165 237 88 45 151 181 167 107 199 203 118 206 25 73 41 183 195 64 16 110 21 59 72 223 125 23 112 95 35 122 144 249 158 33 95 158 63 61 14 211 63
2219 22 797 232 68 140 6 158 24 202 173 40 111 44 50 33 166 77 55 127 121 191 100 114 39 207 198 83 164 210 145 170 7 187 198 217 46 172 168 18 61 229 11 160 13 178 36
2220 22 772 167 156 8 59 5 123 249 111 220 181 176 179 177 155 200 83 216 188 181 183 183 102 100 3 164 180 113 175 42 93 13 10 150 70 18 55 95 116 217 16 198 143 197 124
2221 22 744 149 196 159 14 236 39 46 168 42 98 72 157 29 87 231 21 179 93 130 178 115 50 84 11 15 53 226 165 147 172 188 195 170 46 158 55 36 156 174 79 155 96 235 33
2222 22 707 32 166 105 112 60 187 139 76 86 25 202 77 62 116 123 83 204 169 152 1 28 56 187 35 230 67 191 77 226 58 19 180 169 180 18 9 206 153 233 141 55 61 102 172
2223 22 733 35 87 125 3 88 128 183 96 166 117 77 182 58 153 185 83 112 53 214 130 133 132 40 88 84 75 230 140 82 112 220 118 138 124 207 117 56 4 32 75 232 166 236 200
2224 22 711 216 97 5 29 228 189 12 68 76 148 142 55 187 28 238 150 249 155 190 73 64 56 30 67 156 99 205 189 84 156 54 83 10 185 248 96 129 175 43 20 82 82 198 19
2225 22 822 133 148 176 74 170 189 230 2 207 121 157 125 148 91 201 125 240 137 134 139 85 15 14 179 95 60 183 113 45 181 190 68 2 130 49 105 237 69 214 193 145 111 235 177
2226 22 819 163 159 216 200 95 106 236 109 169 114 194 65 126 127 130 120 209 119 239 162 99 88 217 137 106 132 79 53 142 116 156 74 146 7 220 101 42 28 6 74 186 133 100 65
2227 22 862 152 10 236 190 221 184 29 189 20 185 70 200 237 113 115 65 219 141 210 175 112 117 240 183 174 113 119 56 164 183 159 73 168 200 145 53 179 136 224 165 105 76 151 120
2228 22 729 140 17 238 130 128 62 192 91 180 181 24 5 245 192 212 108 176 70 82 196 20 78 150 98 113 124 214 20 149 14 89 140 32 26 122 161 189 163 101 121 95 124 27 139
2229 22 840 117 89 98 193 108 129 90 179 239 28 221 62 241 142 112 6 230 152 89 57 123 51 95 87 52 167 131 177 194 71 246 84 168 140 141 148 229 172 157 17 101 27 181 192
2230 22 640 120 194 149 199 145 88 5 69 188 102 7 191 220 87 15 109 215 98 78 54 41 27 82 62 34 100 112 62 80 155 132 76 204 180 43 187 191 32 140 147 173 59 186 142
2231 22 738 124 94 106 171 72 109 211 48 142 74 83 91 38 145 223 144 226 48 147 105 119 141 143 59 123 82 108 195 141 143 116 188 245 136 61 3 99 161 196 174 193 188 37 160
2232 22 779 107 112 209 153 69 178 146 11 238 18 95 145 164 137 239 51 202 179 195 189 39 99 149 196 63 94 133 25 230 143 81 144 151 36 162 30 224 18 200 70 14 13 6 105
2233 22 829 165 107 83 111 46 173 209 184 224 156 248 117 238 23 180 105 91 133 90 154 12 172 181 21 99 45 105 149 163 183 59 8 205 117 144 130 122 141 196 162 215 194 243 20
2234 22 695 136 125 61 190 39 83 169 169 53 17 15 88 223 65 86 136 147 195 195 154 13 38 233 87 81 81 198 197 224 40 16 109 217 127 200 155 11 18 75 63 237 40 152 9
2235 22 700 4 188 196 103 234 191 58 196 80 90 84 110 172 81 159 195 73 74 106 189 102 105 43 112 25 169 27 61 178 21 164 15 17 166 157 125 246 86 216 129 248 88 212 158
2236 22 673 134 34 181 89 72 135 146 116 98 20 184 124 32 44 154 52 7 70 220 24 170 178 165 64 63 145 52 106 70 186 191 102 26 112 88 171 79 138 192 15 161 125 208 116
2237 22 676 29 116 86 48 89 155 226 38 21 41 100 115 205 54 23 26 189 63 79 64 77 19 237 57 56 128 121 168 105 80 234 133 245 69 232 133 73 109 120 145 99 72 59 55
2238 22 677 75 183 132 163 146 111 78 124 229 164 80 84 94 3 101 200 232 134 182 77 4 15 59 128 74 131 122 24 204 83 31 78 215 62 142 62 71 137 202 37 217 135 19 138
2239 22 653 129 152 123 162 78 177 176 189 156 51 19 80 125 72 162 105 101 178 66 44 42 90 164 128 241 200 246 28 81 66 15 61 218 187 222 45 115 150 33 123 100 103 2 26
2240 22 618 226 163 230 178 242 48 21 83 187 137 63 77 38 158 4 119 26 20 31 193 109 153 139 25 104 22 197 53 176 148 29 154 212 160 181 154 7 104 88 95 90 150 74 79
2241 22 833 60 179 199 187 49 80 179 157 84 167 231 37 90 80 241 168 227 71 121 89 153 194 89 106 81 84 147 83 207 176 244 185 176 80 183 155 210 91 26 24 218 103 119 35
2242 22 820 131 189 57 169 219 109 164 160 165 95 43 63 179 49 38 22 235 114 203 120 220 62 210 110 39 185 187 56 239 57 192 72 146 148 142 16 59 106 125 23 50 169 237 128
2243 22 581 17 75 1 154 90 153 123 111 114 34 72 2 19 111 10 9 201 80 14 151 222 132 109 177 58 133 178 27 169 7 195 195 7 148 236 59 170 149 174 6 70 177 76 182
2244 22 534 186 184 151 189 116 64 39 39 97 49 67 5 181 94 231 101 175 48 108 125 83 168 96 81 91 101 3 167 126 134 55 12 36 93 27 50 81 65 46 79 31 152 111 76
2245 22 733 32 63 125 159 10 84 235 43 1 130 25 41 131 27 209 58 163 63 19 98 157 47 249 137 111 47 167 93 198 129 220 180 42 46 140 101 29 124 245 179 203 170 221 35
2246 22 697 148 130 145 12 44 113 212 51 60 160 39 22 208 58 117 156 186 186 237 177 32 176 130 160 101 124 89 55 143 61 192 193 86 4 236 198 15 88 159 177 178 131 34 35
2247 22 584 47 41 171 134 27 197 15 54 26 125 104 102 9 146 200 138 219 85 44 6 134 110 93 143 88 70 223 172 5 21 162 77 41 73 221 144 51 195 148 152 161 158 149 187
2248 22 819 207 187 155 193 182 112 226 141 154 120 179 26 194 102 132 164 165 158 20 155 240 99 84 86 248 87 148 55 136 136 63 122 193 107 103 154 45 158 204 175 35 147 166 63
2249 22 737 141 125 184 47 106 175 195 90 12 194 176 9 150 111 196 162 84 138 70 88 142 104 185 1 209 59 207 87 202 19 227 178 54 25 83 28 72 124 191 115 50 151 15 162
2250 22 685 147 28 148 184 37 27 153 173 177 161 82 113 67 118 16 88 246 143 241 120 76 121 91 101 111 108 202 14 72 66 60 1 163 195 51 22 152 24 12 7 213 179 224 78
2251 22 643 118 171 221 158 90 198 130 83 198 93 2 106 13 67 167 163 179 111 81 132 164 6 230 78 112 92 106 87 21 25 7 93 182 147 92 164 231 92 6 170 143 113 82 159
2252 22 551 29 46 189 139 60 169 221 24 75 2 1 138 95 108 225 165 32 81 65 179 151 28 159 142 85 80 184 147 13 192 77 9 30 18 18 51 38 143 191 195 114 85 152 138
2253 22 567 1 185 171 10 100 101 63 29 110 154 14 91 38 162 54 131 241 14 11 58 233 111 197 76 237 137 20 152 23 172 142 125 58 164 37 157 114 99 86 123 202 1 116 191
2254 22 778 12 19 72 2 32 134 59 164 196 155 191 82 243 61 235 15 234 26 242 91 39 178 198 53 126 185 227 79 85 92 20 146 112 143 200 93 110 9 71 17 199 104 209 59
2255 22 691 190 26 244 18 67 85 206 94 84 10 71 68 39 199 154 132 120 101 94 162 50 38 12 46 211 78 147 66 186 55 106 113 151 123 179 85 80 74 142 194 189 130 45 142
2256 22 565 13 164 192 6 78 194 46 66 105 41 179 132 37 94 119 44 51 84 94 25 114 80 5 138 101 146 33 89 177 179 232 39 93 23 147 20 118 192 137 174 184 65 7 21
2257 22 598 11 28 16 13 61 11 88 174 192 142 13 192 89 98 182 65 76 13 55 170 187 51 41 155 142 178 230 26 94 137 148 56 214 165 119 74 77 106 49 168 149 14 161 189
2258 22 721 61 94 103 138 106 59 8 92 210 48 198 103 77 78 130 123 16 29 228 129 245 46 2 71 153 152 190 53 65 52 241 27 145 45 67 2 204 176 144 165 223 43 69 152
2259 22 746 222 51 174 37 179 51 215 176 99 118 198 103 72 140 6 138 191 148 188 193 133 89 98 8 34 12 30 177 32 133 50 32 206 189 113 9 205 38 159 175 187 111 196 126
2260 22 831 118 133 117 166 249 156 110 81 194 157 188 178 170 70 56 101 204 57 33 160 95 195 220 102 134 128 26 170 240 23 246 8 107 164 175 156 221 34 88 114 92 28 243 61
2261 22 637 49 100 211 2 107 45 13 153 239 32 204 174 109 129 146 149 153 143 58 10 232 165 28 17 54 193 208 83 36 18 81 87 30 85 143 175 197 148 215 29 1 139 37 82
2262 22 693 186 87 234 128 44 193 235 177 209 64 95 165 156 54 147 43 121 130 80 153 14 124 127 10 91 190 224 181 129 57 168 15 140 45 11 185 181 89 45 44 84 9 52 87
2263 22 769 56 94 210 185 25 14 99 140 209 169 132 101 44 115 179 200 32 195 192 29 155 176 11 196 220 157 79 181 208 67 138 53 228 124 178 141 123 126 230 183 96 14 233 142
2264 22 798 180 111 191 111 56 132 41 12 159 52 57 31 208 187 211 15 154 198 169 181 221 46 172 145 223 153 127 121 68 10 162 197 20 154 177 86 248 189 96 1 147 126 108 134
2265 22 620 36 174 37 85 43 119 57 190 42 101 213 145 128 185 112 37 146 59 108 199 168 37 17 25 132 68 21 57 127 56 95 1 181 145 163 90 134 104 90 46 248 169 182 62
2266 22 645 157 27 172 17 28 141 3 165 207 29 148 26 101 57 205 7 51 157 83 101 162 22 84 16 114 32 215 84 213 28 43 192 199 9 21 191 161 85 50 89 127 191 39 131
2267 22 716 197 141 137 197 125 187 108 199 23 75 114 4 142 197 118 69 189 159 220 149 29 110 109 164 9 49 148 186 190 188 68 188 228 155 184 104 143 44 102 17 70 15 211 164
2268 22 662 188 180 152 98 201 101 77 112 61 92 21 62 141 108 53 78 177 40 7 33 76 60 126 171 62 142 140 176 64 103 239 53 184 43 150 84 195 78 145 155 71 117 118 11
2269 22 632 126 20 138 103 210 44 35 187 104 12 207 17 6 148 144 19 150 35 23 83 79 172 68 123 102 65 129 122 81 197 133 109 166 172 111 27 118 97 113 71 171 39 116 69
2270 22 777 232 184 120 168 58 105 146 81 122 70 182 38 149 4 119 47 88 79 14 59 241 193 76 137 205 48 97 126 64 146 172 97 215 139 156 119 237 87 243 156 168 130 6 123
2271 22 701 2 10 28 18 21 18 210 198 107 14 198 103 141 35 119 188 206 17 53 97 123 73 33 109 165 90 26 95 146 199 194 147 222 164 82 141 223 82 197 139 79 102 231 65
2272 22 601 120 169 23 86 223 119 208 195 203 16 60 142 194 6 89 194 49 136 5 122 101 37 213 176 218 61 16 148 12 198 112 183 18 34 69 40 54 176 237 156 46 50 137 103
2273 22 710 38 132 153 125 186 175 78 24 89 55 91 49 120 88 213 69 202 145 87 85 13 26 241 141 62 48 209 49 174 11 187 105 114 163 40 190 92 164 180 96 106 130 167 96
2274 22 607 92 36 147 37 72 183 151 199 73 93 61 123 78 71 171 53 184 9 207 49 122 49 240 13 114 119 11 171 48 27 16 140 162 164 28 35 199 80 84 173 25 196 145 4
2275 22 647 116 66 57 51 24 13 49 197 213 88 62 128 58 22 249 6 100 164 97 62 130 24 198 178 5 81 200 179 26 197 233 94 12 39 144 87 153 195 134 168 184 197 145 192
2276 22 626 118 193 199 17 9 45 80 140 20 78 67 74 160 18 155 138 64 187 31 27 27 126 179 72 49 98 208 145 143 1 137 149 132 45 43 64 134 164 193 52 187 2 170 193
2277 22 648 241 35 79 73 12 155 149 127 136 22 225 183 129 171 127 31 86 64 29 117 10 123 132 44 74 47 125 178 68 67 18 103 248 141 164 152 141 90 89 64 166 172 145 38
2278 22 714 98 125 23 113 204 189 223 178 121 168 64 96 14 90 73 82 106 141 234 105 83 99 159 123 190 197 136 55 70 80 42 170 205 164 232 60 154 54 237 176 152 24 37 141
2279 22 764 96 68 149 188 203 153 120 53 11 94 242 110 182 198 179 111 239 198 17 4 32 78 159 37 115 187 110 118 160 196 59 57 145 169 161 16 221 124 162 164 133 93 163 155
2280 22 542 101 163 24 156 244 51 14 30 15 152 41 35 13 138 43 170 152 151 116 72 113 181 238 42 57 172 86 167 135 41 167 147 22 140 164 88 21 181 241 64 4 1 159 73
2281 22 703 205 161 238 176 223 170 120 13 64 26 34 49 95 168 241 111 14 54 135 5 20 24 78 2 114 141 166 117 191 26 239 197 36 178 123 10 94 22 63 169 206 63 113 173
2282 22 698 54 176 137 109 212 43 178 135 122 179 198 12 96 65 155 171 151 156 85 25 166 34 218 187 146 89 42 110 53 117 113 128 5 74 239 197 51 125 171 182 123 32 77 89
2283 22 855 38 50 193 141 107 27 165 74 212 85 211 59 73 4 19 77 222 133 226 6 197 175 157 72 195 190 244 26 66 32 116 117 76 158 224 103 172 147 166 158 159 125 182 163
2284 22 706 143 159 234 25 15 12 231 61 86 39 184 180 228 27 107 95 60 22 12 86 229 85 90 53 81 5 10 142 129 44 104 173 202 89 100 68 182 80 85 122 64 16 249 142
2285 22 711 73 195 4 194 6 141 125 42 80 177 25 36 238 166 167 181 71 41 84 61 240 1 213 121 31 149 192 196 115 142 139 137 142 82 246 132 206 88 63 182 214 151 172 181
2286 22 651 119 52 1 59 36 13 101 138 175 121 170 74 65 117 188 8 106 126 96 197 57 142 231 13 31 43 196 196 245 17 26 163 171 128 122 158 90 174 95 65 94 65 190 160
2287 22 693 231 79 70 138 204 15 185 162 108 167 226 40 59 72 85 154 140 162 18 60 89 41 117 29 64 64 45 60 180 134 19 12 190 150 119 57 236 80 2 6 156 10 229 190
2288 22 749 215 68 202 135 178 192 75 96 70 189 209 16 148 38 51 18 150 64 208 151 232 164 186 14 79 187 121 34 98 199 76 63 68 79 249 97 20 123 95 90 211 103 55 110
2289 22 694 43 158 80 94 71 187 244 155 52 29 70 180 115 42 216 162 242 141 126 9 169 124 8 88 49 2 129 61 154 186 48 143 150 193 165 188 186 69 191 16 240 20 31 137
2290 22 588 144 172 177 71 81 47 97 190 135 145 41 15 5 46 150 127 94 142 178 186 159 67 74 77 7 189 69 79 221 149 65 66 121 44 86 53 40 34 242 176 134 191 35 29
2291 22 737 142 13 124 36 93 160 44 159 85 72 18 73 190 96 39 110 160 61 205 196 165 195 29 58 122 159 141 112 195 21 154 9 45 89 201 106 184 12 140 155 229 14 245 124
2292 22 668 59 135 35 68 247 42 65 11 86 44 20 157 4 12 71 198 182 26 56 178 216 59 133 149 70 24 203 50 238 49 175 46 183 109 115 129 152 80 191 137 125 110 46 28
2293 22 631 73 18 177 105 43 134 82 108 44 117 8 13 190 110 12 129 9 186 176 93 247 191 222 148 72 112 237 96 224 34 175 46 101 51 50 93 36 184 2 80 152 159 193 20
2294 22 779 56 72 78 43 249 71 191 91 194 141 212 155 177 7 162 33 226 12 33 27 6 171 7 2 113 117 145 108 186 102 231 66 229 88 187 170 31 77 81 37 155 40 167 166
2295 22 637 22 42 77 107 18 184 179 30 190 30 194 58 174 101 94 176 81 11 222 62 148 8 31 180 35 63 16 89 154 132 5 78 175 183 184 145 117 164 126 108 243 119 66 66
2296 22 708 22 111 243 154 71 64 115 170 224 197 99 60 62 164 150 65 148 106 242 124 189 77 218 7 240 193 166 184 14 31 35 93 94 140 15 10 205 134 133 103 34 92 114 150
2297 22 776 243 179 147 49 172 120 39 101 38 47 40 132 212 124 245 95 225 29 137 118 119 104 227 75 87 111 121 154 91 20 47 21 118 145 192 39 185 192 178 31 134 110 109 104
2298 22 738 236 83 35 175 2 5 228 31 31 66 41 159 138 95 199 107 243 69 226 39 13 17 73 56 44 53 239 55 96 49 61 134 133 195 158 35 201 185 215 133 152 157 191 90
2299 22 695 53 140 148 145 210 174 183 24 240 157 180 135 11 170 190 59 219 100 142 101 196 99 87 148 35 103 80 36 10 170 225 14 123 111 73 198 95 148 189 2 29 73 64 149
2300 22 821 114 172 119 65 163 171 160 13 158 9 97 160 190 35 171 10 211 137 72 135 247 146 32 91 244 22 144 72 145 158 172 60 229 90 75 92 213 186 204 70 95 103 31 34
2301 22 703 139 104 95 199 240 169 34 38 14 17 30 159 239 124 233 85 131 154 94 9 46 20 102 8 106 108 229 200 162 161 85 50 164 132 5 100 135 44 165 54 224 124 142 47
2302 22 621 108 128 129 11 71 87 158 91 191 117 48 198 245 199 111 106 183 160 121 114 11 176 115 196 69 82 49 94 155 92 40 14 19 18 226 41 7 134 133 147 150 130 146 147
2303 22 761 28 158 102 63 17 172 128 179 199 45 126 70 226 174 13 82 67 55 95 35 174 70 180 155 10 178 205 192 225 151 171 182 154 133 200 77 213 29 176 57 204 197 134 80
2304 22 632 159 15 46 165 209 83 89 130 110 68 185 171 98 41 12 22 43 185 6 96 119 5 172 81 135 99 239 139 95 22 170 6 88 65 20 96 49 158 28 160 228 62 231 175
2305 22 726 202 44 248 44 128 103 41 97 60 62 179 44 13 170 134 7 141 103 212 179 120 134 126 18 191 155 178 20 216 60 196 69 103 46 114 83 48 106 181 159 70 59 5 32
2306 22 751 128 88 188 171 191 2 201 110 85 78 79 177 183 56 147 200 15 94 121 170 239 36 52 39 92 182 97 61 192 151 242 20 91 81 190 181 134 90 218 167 20 97 101 128
2307 22 706 195 151 142 138 221 163 127 6 14 67 147 147 213 159 39 166 2 158 6 83 149 88 166 140 181 36 58 200 182 9 179 176 111 73 115 81 135 93 136 49 209 185 97 22
2308 22 734 145 85 189 97 94 46 31 44 183 198 233 13 33 193 164 116 153 43 43 63 15 108 93 101 80 101 209 116 98 132 211 132 22 59 178 67 239 121 249 186 106 163 171 48
2309 22 704 228 86 2 72 131 14 186 140 208 39 139 39 39 49 205 186 32 117 220 153 77 147 119 115 19 169 202 26 33 22 223 161 210 176 182 140 89 170 229 96 8 169 37 146
2310 22 573 20 193 34 53 211 153 206 187 1 176 101 21 247 152 97 179 174 71 141 185 73 124 85 44 154 83 3 74 19 148 95 113 81 48 173 135 55 159 37 180 59 158 226 162
2311 22 705 4 7 237 74 247 71 170 171 146 107 64 99 89 16 125 109 216 119 23 98 195 33 20 103 119 102 63 78 179 74 131 135 113 107 32 183 76 2 229 84 118 179 224 183
2312 22 677 3 84 148 174 56 196 39 200 230 61 4 100 12 166 78 90 192 10 77 104 216 8 238 94 161 118 177 128 197 153 211 151 36 160 124 92 107 15 91 38 175 97 138 188
2313 22 681 12 67 79 5 228 5 210 96 114 98 41 125 15 69 154 63 71 66 107 26 89 148 134 103 140 122 129 86 61 68 200 29 97 104 206 53 66 103 217 13 143 93 212 96
2314 22 877 44 84 212 7 240 139 97 39 224 102 179 95 180 114 207 50 213 85 146 69 141 150 134 195 66 148 238 10 228 101 6 71 184 19 29 124 159 76 132 177 242 129 208 56
2315 22 548 235 7 70 70 152 40 162 102 225 156 169 74 95 29 52 45 36 22 79 104 101 104 114 78 167 45 4 159 23 11 16 110 218 137 29 121 42 174 3 47 77 144 125 80
2316 22 645 138 10 51 168 115 103 23 28 182 192 74 185 200 149 248 67 58 117 3 188 139 131 229 163 136 77 159 114 120 183 43 160 192 45 29 8 50 102 135 31 93 10 166 194
2317 22 576 8 115 210 15 81 14 2 171 95 32 33 82 209 143 145 80 75 187 39 68 131 118 25 82 221 61 13 15 71 80 160 180 44 19 245 176 182 148 46 128 32 31 240 173
2318 22 626 103 71 150 141 60 69 124 179 144 5 51 156 19 67 178 148 226 158 193 44 204 20 127 3 66 155 184 148 65 125 172 70 46 73 12 57 42 85 37 37 142 87 160 153
2319 22 712 72 58 128 79 2 173 132 122 199 136 189 105 70 138 222 146 59 41 241 82 104 197 125 39 85 11 130 21 54 141 175 75 200 54 155 52 226 86 75 177 24 163 183 43
2320 22 484 150 156 38 60 98 81 143 102 179 67 190 164 29 171 184 135 61 61 59 13 114 114 64 92 101 188 70 124 2 52 68 153 8 106 62 155 88 105 56 166 73 147 102 69
2321 22 629 65 86 180 125 196 192 138 111 207 81 112 146 87 199 104 55 51 63 169 49 168 177 66 93 173 95 46 192 159 81 73 83 128 66 172 189 24 153 102 121 40 119 57 96
2322 22 682 169 169 157 182 188 7 50 66 23 92 38 19 187 131 127 119 105 11 98 22 82 88 47 186 189 117 240 131 235 96 126 103 65 185 35 154 91 36 219 115 77 158 183 165
2323 22 532 141 61 85 197 71 182 121 153 20 167 188 110 34 127 140 118 75 66 23 191 150 57 94 192 242 114 57 170 123 191 136 15 2 120 64 74 3 134 76 122 202 116 82 135
2324 22 731 144 71 105 168 88 177 208 137 35 53 79 28 168 187 149 93 179 34 7 132 172 6 107 155 133 79 159 98 62 93 244 84 99 11 222 177 21 60 111 125 240 140 193 78
2325 22 793 90 87 7 73 193 138 79 167 243 86 71 78 166 79 225 177 224 18 212 124 31 183 1 53 213 177 84 105 221 12 244 57 168 17 202 107 47 168 152 182 129 49 171 5
2326 22 812 225 146 25 189 169 107 221 169 59 165 234 87 149 38 160 62 131 18 181 149 119 137 146 138 240 27 80 168 228 200 73 4 245 147 92 165 105 163 36 163 229 19 101 129
2327 22 736 156 10 242 36 178 172 135 198 159 182 36 198 8 65 118 187 216 42 141 112 138 182 76 144 146 161 6 175 129 58 205 186 218 197 172 47 158 44 128 139 31 178 148 147
2328 22 653 245 85 64 136 125 25 25 56 53 18 2 165 225 78 144 132 34 81 1 32 154 197 52 11 243 179 201 75 158 199 122 154 185 135 39 61 162 115 16 164 134 19 228 158
2329 22 685 198 23 142 84 104 192 165 157 241 18 170 133 99 20 107 56 70 180 10 156 117 50 16 178 65 84 93 48 158 102 145 199 237 98 190 3 106 130 71 77 14 169 223 24
2330 22 628 168 104 35 126 20 35 141 99 101 24 241 198 128 11 57 131 105 19 54 47 121 11 178 41 138 142 109 88 16 185 107 169 21 182 189 155 123 189 55 98 180 55 227 142
2331 22 673 11 9 148 66 227 103 12 48 63 39 140 152 232 1 139 197 235 96 18 105 58 12 201 196 218 1 175 122 27 116 183 136 163 100 214 67 13 161 130 153 53 83 35 153
2332 22 756 172 33 239 169 150 193 245 157 156 148 203 24 98 79 147 26 97 179 213 111 80 27 178 144 89 157 247 91 191 133 43 112 117 131 130 19 126 77 75 31 24 79 6 123
2333 22 717 210 103 198 56 83 61 166 63 189 143 208 177 1 54 20 42 188 62 155 55 195 137 173 20 113 199 202 188 80 160 39 62 9 194 146 21 111 60 209 54 118 36 56 71
2334 22 653 5 49 111 68 4 15 112 90 87 183 104 37 91 66 146 102 154 109 12 149 33 60 116 141 163 183 226 120 155 182 169 165 172 131 213 163 219 148 16 6 184 8 121 131
2335 22 701 211 27 241 122 225 144 4 34 209 97 198 43 174 18 6 186 64 7 95 171 121 63 18 188 68 153 47 91 233 7 167 73 80 91 169 36 177 29 32 174 22 107 243 71
2336 22 763 62 128 134 70 238 128 43 110 143 110 197 162 215 43 102 97 101 168 22 33 11 42 218 87 20 151 162 93 157 155 213 121 184 149 192 124 28 134 233 170 146 130 232 10
2337 22 697 24 135 158 77 55 179 9 65 220 128 103 42 178 66 234 86 122 49 6 6 247 148 79 176 33 113 148 28 194 181 37 118 165 95 46 169 225 6 135 197 233 39 138 162
2338 22 711 205 171 197 76 21 53 233 119 2 113 245 184 76 192 212 19 224 200 88 38 146 33 209 71 140 95 167 122 34 56 133 190 26 130 17 149 134 50 135 162 113 68 89 56
2339 22 684 231 158 79 31 47 169 226 182 27 98 171 21 216 45 106 171 195 149 208 112 147 93 63 163 77 26 128 197 165 83 124 62 9 22 130 37 53 108 34 126 80 2 220 186
2340 22 709 222 48 232 120 158 143 218 100 107 83 29 33 110 25 199 192 53 174 5 164 195 186 248 93 135 123 73 38 144 110 60 91 91 81 148 36 99 198 242 131 26 26 42 2
2341 22 731 224 135 156 147 240 71 92 125 170 91 70 107 115 142 244 8 103 105 248 143 36 148 180 186 245 172 168 122 49 59 225 123 193 30 21 84 51 114 9 122 6 178 80 120
2342 22 807 71 76 229 73 80 177 217 117 224 97 202 20 170 121 43 168 179 167 92 124 248 15 7 200 178 15 222 84 194 53 155 166 180 34 38 12 212 157 78 85 105 182 106 24
2343 22 760 102 148 93 33 164 185 106 61 1 162 163 78 229 86 213 72 138 68 38 18 177 29 212 135 108 98 239 89 103 162 193 52 207 175 117 193 32 129 243 43 41 172 121 26
2344 22 705 235 195 164 152 34 133 204 162 113 17 197 172 116 35 61 170 49 155 171 5 31 137 99 162 165 91 206 62 177 31 198 73 246 1 58 30 104 169 42 172 65 114 87 52
2345 22 622 26 6 150 32 178 156 12 114 206 73 231 98 128 88 111 106 18 9 78 16 209 185 147 165 106 91 136 170 154 125 123 81 82 172 114 60 129 127 75 134 49 55 28 142
2346 22 706 92 84 212 102 113 179 210 150 75 26 57 65 214 128 120 38 201 52 119 24 115 130 203 41 55 188 241 109 221 121 53 64 54 166 165 168 44 26 219 118 25 135 17 3
2347 22 822 204 154 53 6 24 126 172 154 180 65 160 120 105 20 140 127 155 130 139 21 182 198 218 152 51 145 236 117 197 191 222 1 98 198 78 20 203 58 112 177 192 81 168 169
2348 22 668 5 74 143 94 249 27 91 169 78 44 15 15 60 11 205 134 163 153 231 40 174 33 247 111 146 25 202 78 44 120 232 67 72 77 70 55 3 140 82 46 4 198 157 166
2349 22 717 52 90 228 106 122 168 231 156 66 91 51 41 45 79 134 66 112 53 187 190 114 159 194 166 98 75 213 54 224 72 19 26 113 147 83 85 214 16 140 81 8 41 221 52
2350 22 609 71 107 20 184 11 56 224 74 64 17 92 64 44 106 217 67 127 135 144 90 83 79 148 94 215 179 1 157 249 155 77 157 174 11 67 31 84 93 45 152 134 60 145 189
2351 22 727 126 14 18 62 9 7 45 87 82 192 80 96 220 83 53 21 189 31 229 164 91 148 194 176 190 190 230 75 249 26 65 24 239 132 86 48 232 134 21 123 16 69 245 100
2352 22 722 73 17 238 103 145 51 246 92 144 23 83 34 102 157 84 128 72 58 168 103 17 193 126 51 215 100 218 33 205 160 106 160 57 56 105 100 51 77 33 36 181 139 220 10
2353 22 740 110 127 27 165 173 44 207 150 246 121 49 113 156 145 81 162 206 36 71 112 93 127 212 93 106 194 131 86 134 150 145 194 128 173 108 200 66 66 199 13 188 149 125 195
2354 22 707 143 107 157 149 94 29 212 88 106 175 33 111 120 13 98 4 12 194 99 189 116 58 40 134 223 40 196 12 188 23 207 81 229 115 31 175 43 144 148 119 96 160 238 158
2355 22 595 57 41 121 52 89 11 118 46 150 151 220 141 198 132 29 70 40 161 201 4 93 125 46 36 188 196 54 84 107 192 143 14 134 64 17 173 124 34 126 136 42 116 84 125
2356 22 796 96 53 164 108 153 169 129 66 38 169 63 141 202 120 234 44 83 68 209 149 192 133 85 113 60 22 54 127 7 78 223 10 193 182 214 11 232 195 229 121 113 41 211 166
2357 22 725 210 97 9 44 16 68 95 107 152 31 71 163 102 125 189 9 154 163 170 197 245 85 159 78 179 187 198 193 30 10 58 139 56 167 235 21 136 79 129 89 109 50 201 112
2358 22 701 176 91 170 79 106 89 175 150 186 27 104 124 226 149 203 185 156 194 143 24 28 63 61 6 194 49 66 143 1 177 68 94 149 146 199 89 173 48 14 110 76 170 133 153
2359 22 634 68 136 137 23 129 179 149 56 94 159 113 87 10 30 31 10 156 48 205 6 95 153 245 69 52 108 78 129 79 11 131 98 46 170 73 26 221 33 93 29 145 131 188 74
2360 22 620 11 150 181 110 106 189 55 109 183 123 162 142 1 93 121 63 123 20 108 94 42 185 94 162 17 38 43 13 82 38 131 31 218 141 237 56 247 47 190 21 110 32 21 102
2361 22 649 204 183 77 125 42 120 67 126 115 178 144 55 222 106 125 154 193 157 184 163 49 122 20 195 220 60 66 130 43 88 181 148 123 57 122 116 29 40 143 18 37 199 191 145
2362 22 760 225 194 237 82 30 49 130 3 121 77 123 182 194 4 224 83 234 123 207 43 146 173 186 118 115 155 4 114 95 148 88 189 137 71 118 187 3 120 107 181 244 138 74 197
2363 22 598 113 58 31 35 115 25 33 87 95 118 54 61 122 159 26 66 59 116 156 197 236 123 238 195 140 118 138 29 43 185 142 151 67 128 65 191 60 103 237 129 158 149 66 75
2364 22 711 216 26 140 71 22 175 246 157 215 92 46 134 129 76 227 15 169 177 83 49 93 123 108 95 211 37 2 112 88 119 136 5 247 127 128 118 1 173 174 117 71 51 94 149
2365 22 520 227 61 17 5 193 117 97 68 127 91 128 165 44 141 52 112 76 157 60 52 84 30 55 108 103 173 23 176 223 168 226 51 78 144 21 61 3 40 137 45 19 1 88 10
2366 22 721 152 102 35 60 211 139 145 90 245 102 95 167 76 72 42 96 197 192 75 42 249 47 1 86 38 46 5 138 235 164 142 136 100 101 199 188 246 190 34 149 136 101 227 157
2367 22 650 42 124 155 185 48 97 85 45 50 136 230 88 233 36 77 119 49 170 57 1 171 155 40 118 46 74 168 182 176 46 140 167 219 97 53 167 193 38 113 94 75 92 181 9
2368 22 671 178 110 227 78 179 133 78 101 139 18 218 135 43 188 116 168 233 157 36 2 3 188 70 197 77 82 141 101 125 71 59 52 32 36 232 11 68 111 161 7 28 81 243 122
2369 22 611 218 160 139 52 66 174 3 169 114 124 115 90 105 55 91 130 178 51 133 9 36 14 169 6 127 82 14 156 6 78 83 15 134 130 240 189 98 53 162 15 144 69 69 84
2370 22 631 98 146 235 82 205 172 48 125 77 124 8 92 179 71 197 156 103 113 24 139 43 165 242 169 90 106 212 58 227 98 157 72 32 89 28 155 36 55 82 11 112 23 91 35
2371 22 647 72 149 189 34 27 28 38 5 106 195 127 167 2 55 114 11 177 47 249 56 136 110 185 148 124 59 138 60 130 136 148 166 109 127 43 46 231 16 1 77 93 70 149 85
2372 22 598 241 77 234 141 233 85 78 194 21 25 219 179 114 30 61 100 178 28 10 156 122 6 138 188 8 115 32 177 97 130 164 37 107 97 29 91 106 36 3 182 5 183 195 84
2373 22 621 95 196 63 24 106 20 46 113 108 135 120 124 16 149 70 147 62 58 5 58 36 195 190 143 83 194 74 189 226 68 173 16 239 196 71 108 141 35 167 125 154 40 242 2
2374 22 682 61 41 113 70 145 172 205 92 213 149 24 106 122 62 84 92 137 6 207 125 203 29 83 144 163 101 70 68 93 114 72 153 54 136 175 50 208 181 241 20 30 166 28 1
2375 22 769 179 111 244 16 218 150 190 20 180 124 115 144 225 87 112 117 200 33 71 105 245 154 27 176 247 199 5 12 76 57 143 186 1 158 52 49 174 132 123 139 175 149 75 38
2376 22 660 15 176 172 85 230 142 182 185 18 7 231 166 161 195 141 119 87 178 19 46 71 94 208 152 118 48 78 166 68 182 149 189 119 30 50 166 100 56 47 15 218 143 158 36
2377 22 719 31 137 107 76 221 27 171 28 80 91 127 59 58 50 178 190 48 167 210 77 248 9 92 97 66 190 114 85 184 23 222 66 161 78 241 181 106 14 160 185 6 186 46 63
2378 22 847 185 173 154 82 241 163 110 139 223 104 187 138 145 2 172 81 126 46 246 87 73 39 167 179 204 179 215 59 214 62 21 199 27 32 177 39 194 167 99 106 1 145 207 25
2379 22 613 25 83 20 171 221 144 211 187 224 164 65 189 122 81 152 94 29 188 112 65 11 107 31 74 5 88 76 200 145 100 226 29 98 149 165 58 37 138 204 78 194 84 80 88
2380 22 647 214 19 59 175 33 169 84 66 144 88 103 70 39 99 171 15 29 194 112 27 10 170 216 147 242 69 177 136 2 8 123 65 126 183 141 61 204 24 28 97 164 182 168 102
2381 22 736 81 191 68 111 184 180 38 145 201 155 191 194 23 19 229 126 76 103 192 4 236 84 166 189 158 93 137 123 26 107 226 58 97 44 169 32 75 58 176 75 162 18 36 189
2382 22 699 149 111 216 51 102 121 188 87 36 28 146 180 115 68 106 123 44 63 71 87 83 2 161 40 229 87 51 98 206 36 104 98 154 57 24 96 60 124 241 140 151 196 162 196
2383 22 598 11 32 234 193 35 94 233 113 32 35 162 189 73 200 45 120 3 3 128 98 10 89 121 44 30 160 196 27 173 191 89 4 224 182 188 69 16 52 102 152 214 141 74 165
2384 22 677 87 46 19 89 168 196 86 129 37 159 222 116 218 120 144 91 10 83 146 86 16 34 156 133 135 58 134 50 50 10 216 36 155 84 174 24 232 109 54 68 67 27 185 137
2385 22 576 146 28 129 8 60 24 93 77 209 198 59 46 107 93 145 156 2 13 41 108 48 66 33 31 177 186 95 164 184 81 210 164 211 117 25 35 161 102 45 110 10 40 117 2
2386 22 751 237 24 55 99 165 114 98 32 196 129 8 133 228 103 197 114 185 158 127 146 76 101 232 186 102 126 245 64 16 163 17 4 87 72 52 153 149 184 135 79 192 17 207 196
2387 22 559 65 170 80 174 96 75 249 98 58 136 52 84 183 115 201 145 31 156 231 154 59 83 41 159 119 175 38 112 43 94 57 160 136 85 12 63 234 109 20 171 205 153 26 7
2388 22 621 248 109 162 180 214 122 163 56 131 33 30 118 44 125 13 50 236 177 87 120 88 99 55 48 171 126 60 77 78 137 86 127 197 149 7 11 21 66 51 153 148 20 196 124
2389 22 607 82 97 159 110 233 30 199 184 137 96 156 62 157 34 41 96 69 170 142 170 76 54 190 148 22 142 100 119 13 147 194 46 43 104 205 127 183 3 10 69 17 82 1 125
2390 22 638 102 169 244 195 88 121 249 129 118 120 72 119 40 134 67 183 29 11 186 133 87 170 237 199 39 137 172 145 96 48 136 41 42 175 111 42 56 180 161 77 52 11 168 84
2391 22 756 239 28 71 74 67 91 60 67 181 48 183 104 142 200 50 191 237 92 85 163 203 26 218 184 95 34 40 105 51 76 145 31 246 118 97 38 28 165 170 125 247 174 169 46
2392 22 667 25 59 84 116 193 197 68 21 66 104 9 60 187 150 89 25 211 169 173 30 67 10 159 31 230 136 128 53 104 75 127 14 161 192 109 57 162 29 74 15 239 34 3 88
2393 22 802 151 193 213 13 164 37 243 180 46 101 25 36 192 129 41 18 207 157 178 101 167 86 212 145 10 178 135 45 30 74 245 72 188 158 174 152 217 20 54 79 96 192 222 177
2394 22 750 134 39 133 90 167 33 6 154 246 102 213 173 36 57 154 10 126 147 112 73 14 80 92 169 210 139 160 131 215 94 170 48 235 38 132 141 141 28 142 4 150 130 12 4
2395 22 532 41 165 31 189 127 194 111 192 26 104 161 135 93 72 166 157 67 35 6 52 22 188 42 62 15 185 117 166 64 29 171 156 145 103 195 172 47 157 115 122 211 27 158 103
2396 22 635 49 73 109 167 9 15 18 82 104 9 146 168 94 112 235 59 242 6 67 37 60 111 10 108 167 26 131 127 103 189 31 103 111 40 219 72 106 87 205 159 147 200 178 192
2397 22 704 214 114 203 155 21 169 193 131 131 102 38 49 178 19 128 132 207 108 236 19 47 54 242 104 42 147 64 91 46 91 132 9 5 84 66 75 204 58 84 112 245 83 91 13
2398 22 762 110 74 221 117 59 189 166 64 131 119 156 177 233 198 224 175 179 35 181 115 2 158 68 159 14 152 172 108 236 164 22 195 187 42 213 47 128 111 113 149 218 141 15 166
2399 22 780 159 93 200 90 201 199 227 12 12 180 85 172 215 149 143 111 237 37 123 184 219 3 44 183 1 111 75 135 127 40 243 121 242 134 80 44 182 156 105 196 35 40 167 51
2400 22 715 240 161 11 76 249 133 59 167 87 152 1 189 214 175 23 90 117 168 108 53 90 1 85 197 232 83 149 98 233 138 160 45 113 159 79 72 227 16 125 178 104 141 154 127
2401 22 619 30 70 96 192 127 98 83 180 184 29 237 165 63 185 164 195 124 176 241 86 84 120 9 10 235 36 139 138 176 43 66 157 62 61 51 91 11 133 22 144 64 8 211 176
2402 22 705 244 26 23 17 151 113 204 86 184 163 248 118 50 186 6 125 178 71 31 92 84 181 234 194 66 155 139 179 114 149 106 9 75 180 77 93 130 13 176 192 160 146 141 45
2403 22 587 201 17 75 23 100 68 58 182 1 51 97 107 40 177 220 40 183 28 64 62 104 141 6 33 155 134 177 164 229 69 108 31 136 184 5 87 51 63 118 3 213 115 9 4
2404 22 730 143 80 94 125 109 9 89 14 1 196 47 5 229 175 70 159 243 128 230 63 66 114 156 186 118 120 102 177 176 94 58 71 171 67 129 61 232 56 128 88 137 52 195 47
2405 22 666 87 84 128 101 127 196 114 84 81 34 205 32 210 30 27 169 197 35 231 59 117 14 215 144 51 51 48 60 45 146 148 180 73 199 158 170 41 150 246 133 8 27 110 127
2406 22 784 227 8 13 57 67 179 20 133 225 122 233 174 234 79 69 31 59 93 131 66 213 97 109 164 43 106 197 3 182 58 158 17 143 66 85 124 235 167 200 9 51 123 242 180
2407 22 730 243 172 90 85 105 7 49 1 15 63 95 20 109 47 152 168 127 161 34 72 119 195 213 185 46 121 238 18 212 17 186 158 196 90 14 145 240 79 157 86 100 117 183 1
2408 22 760 234 11 14 19 32 140 237 28 102 174 173 173 161 92 136 179 103 171 36 51 212 51 145 53 179 153 239 179 121 23 131 56 183 44 74 115 135 63 194 139 188 17 13 150
2409 22 678 110 48 230 113 71 167 113 134 17 109 187 98 27 76 233 99 58 40 231 154 47 40 127 91 128 114 209 40 13 118 140 94 132 10 210 144 195 77 204 81 24 16 9 1
2410 22 667 150 7 110 39 140 63 154 38 55 182 28 32 196 138 174 110 8 63 139 24 113 85 68 91 188 151 214 56 59 64 107 18 126 198 38 101 144 42 182 24 229 161 49 191
2411 22 688 118 111 146 109 86 160 93 3 51 32 203 66 237 164 30 46 81 55 39 194 245 182 238 128 205 13 109 118 13 199 137 75 144 145 60 55 189 114 155 121 17 171 159 182
2412 22 657 152 4 62 58 196 200 53 140 133 190 70 90 4 28 209 118 176 195 92 121 192 151 25 180 215 32 200 83 154 59 64 5 212 177 10 128 116 151 60 158 120 149 113 197
2413 22 796 59 181 74 54 72 46 197 75 223 76 39 4 128 173 157 138 138 113 151 164 126 10 143 141 211 102 248 82 53 161 229 61 193 4 116 64 62 138 222 190 228 177 117 152
2414 22 822 233 54 189 197 104 54 22 166 148 14 178 150 214 159 4 176 216 68 93 182 194 95 71 167 234 200 202 104 177 5 94 23 111 48 196 126 145 109 153 196 113 51 197 102
2415 22 859 167 166 246 100 149 191 196 21 57 182 72 99 233 75 75 90 219 99 100 68 194 127 64 102 181 62 126 193 212 124 230 90 43 129 238 33 127 110 139 8 231 39 140 156
2416 22 891 213 181 176 13 182 43 6 108 158 108 140 169 235 85 131 8 230 110 247 125 41 186 207 17 245 98 78 136 167 83 151 48 210 63 79 52 219 89 211 128 178 80 62 112
2417 22 528 10 19 44 21 68 118 11 53 124 179 71 106 77 107 223 61 57 20 70 171 50 73 89 88 83 166 16 62 79 179 73 148 122 194 217 89 156 171 163 87 220 85 92 48
2418 22 773 93 116 110 51 137 129 122 87 153 60 126 88 228 41 151 106 72 74 205 143 119 171 232 126 142 146 162 163 80 156 213 125 21 22 25 158 103 196 196 7 208 121 194 185
2419 22 606 64 195 92 85 170 47 77 38 217 10 163 110 155 127 25 137 32 139 111 104 160 35 114 183 108 21 90 81 16 126 196 60 80 79 13 8 168 182 20 183 143 124 211 67
2420 22 531 10 94 107 72 247 69 12 82 91 121 54 30 1 120 55 146 31 121 127 162 136 87 79 67 6 163 109 131 73 128 143 116 234 14 15 152 72 26 84 112 246 39 193 99
2421 22 697 58 199 44 89 222 123 107 9 180 23 116 193 33 146 217 10 38 83 246 102 249 197 75 124 32 37 121 21 31 119 130 115 120 151 137 19 207 197 151 81 112 193 163 157
2422 22 722 11 125 45 193 22 98 243 118 122 118 2 10 239 24 241 57 53 170 173 123 220 159 143 178 55 93 158 166 87 172 25 148 198 119 92 169 218 135 189 141 202 90 151 142
2423 22 778 165 193 101 169 214 73 93 185 82 136 62 138 130 19 154 17 242 178 166 190 98 7 10 167 193 148 107 97 239 9 38 53 203 188 222 66 161 64 200 44 151 11 81 83
2424 22 685 81 36 201 75 13 166 114 12 224 173 128 169 173 37 15 61 195 102 64 150 42 87 165 102 52 17 147 5 227 77 187 160 63 137 84 77 104 49 241 129 23 170 197 45
2425 22 654 56 161 208 3 115 171 102 56 9 118 209 110 84 5 114 113 81 152 72 145 38 57 24 93 157 14 172 181 233 118 226 141 79 83 95 93 55 46 200 13 63 8 224 49
2426 22 759 12 140 161 44 91 184 41 131 192 114 223 48 179 44 230 61 114 157 153 144 239 47 88 195 44 87 59 159 194 185 207 57 74 167 102 14 52 192 246 93 205 119 133 114
2427 22 779 171 196 179 28 48 122 68 147 59 165 190 195 123 148 140 59 104 96 182 72 198 173 189 43 217 196 13 108 230 179 181 125 7 110 25 79 139 43 212 134 218 60 225 176
2428 22 599 213 21 110 37 70 57 9 10 101 26 207 164 235 87 44 167 163 50 26 139 130 155 61 19 49 173 104 66 132 28 194 196 100 103 82 119 211 193 131 161 20 37 4 75
2429 22 772 69 173 38 171 178 50 204 189 118 103 11 171 120 144 151 113 189 150 115 171 21 125 213 53 238 132 191 65 87 116 184 109 205 4 209 32 3 14 223 68 232 195 90 75
2430 22 728 195 52 164 47 119 136 169 95 248 23 32 181 213 197 167 178 182 178 232 137 38 66 41 3 187 13 21 169 160 10 143 104 113 8 2 31 193 72 26 192 44 9 224 109
2431 22 594 157 41 136 138 220 120 24 159 185 15 11 21 179 183 141 138 94 184 44 157 43 47 39 38 21 16 129 164 75 153 83 145 160 23 166 181 148 24 165 62 137 193 19 78
2432 22 701 182 62 163 75 170 107 122 109 144 144 124 125 57 100 227 83 133 173 92 55 190 172 52 165 88 116 200 24 210 18 103 141 15 16 101 172 89 61 67 32 35 191 240 36
2433 22 705 19 172 68 191 115 74 232 38 228 96 125 195 246 101 154 165 53 194 170 161 199 93 99 9 159 32 245 150 124 181 118 45 100 111 12 74 142 149 3 90 174 147 35 126
2434 22 608 100 49 28 193 197 199 6 145 141 106 105 50 238 50 1 163 132 70 7 181 130 70 124 19 8 63 194 104 49 169 53 147 48 48 195 197 191 39 148 40 97 97 240 109
2435 22 784 230 12 168 10 191 137 216 116 57 125 180 150 29 28 20 83 227 20 171 168 134 164 206 44 111 198 90 59 139 51 188 150 147 93 56 64 158 113 39 138 214 169 167 36
2436 22 546 101 43 5 133 166 22 66 179 179 161 91 176 103 199 115 153 88 64 122 86 56 27 152 116 141 90 207 10 171 92 60 116 46 144 81 119 12 61 197 22 3 73 24 103
2437 22 580 139 28 240 2 99 177 110 28 78 177 120 119 31 126 53 169 70 66 83 2 134 144 164 33 16 166 105 41 68 195 119 159 46 117 188 57 196 165 33 166 165 91 63 170
2438 22 689 110 102 139 125 135 91 211 128 54 93 243 22 99 134 241 143 2 152 90 70 189 99 16 3 83 131 188 48 73 1 169 184 52 9 9 86 151 121 164 155 213 58 128 113
2439 22 799 243 168 105 144 119 96 166 157 244 131 112 77 113 149 176 137 49 44 71 51 2 181 138 103 1 101 209 65 161 88 227 53 157 183 249 126 228 114 184 72 196 97 48 160
2440 22 600 196 23 96 18 16 196 21 196 186 75 236 35 112 198 22 88 151 129 20 199 56 148 62 191 219 59 238 118 18 133 192 113 28 109 229 26 129 76 11 156 74 148 90 35
2441 22 847 96 64 23 148 142 144 246 149 141 9 139 61 119 26 180 36 160 21 200 140 229 180 217 10 56 129 215 179 176 106 165 173 187 72 112 183 67 60 175 177 151 38 195 128
2442 22 629 167 182 38 188 132 129 118 61 145 29 68 173 143 46 151 163 225 19 149 196 131 183 215 142 108 93 42 45 88 20 11 21 59 150 2 137 18 115 233 46 82 105 191 180
2443 22 600 56 41 92 180 211 142 178 93 25 44 85 84 136 78 78 175 249 90 196 9 90 49 247 57 63 29 154 97 35 196 126 93 36 169 74 199 12 151 41 186 96 77 121 82
2444 22 658 57 148 56 107 138 3 66 29 152 164 37 166 245 90 62 181 136 89 73 73 209 49 121 71 249 114 108 97 240 29 178 48 28 185 55 117 188 70 95 191 135 133 6 129
2445 22 676 173 170 10 60 60 134 34 19 182 107 91 133 20 200 229 161 28 6 9 108 92 163 174 129 121 71 103 179 149 27 200 110 138 109 193 122 129 25 178 71 157 199 237 159
2446 22 663 142 119 157 35 183 133 216 168 53 186 88 105 66 88 134 15 97 121 126 191 44 106 15 21 177 123 121 199 111 82 148 104 150 5 189 185 237 54 2 141 191 197 5 30
2447 22 796 30 121 226 153 246 17 196 102 233 119 130 58 139 28 218 170 175 172 22 31 112 58 169 115 161 59 55 152 58 11 231 87 32 159 239 79 27 137 82 109 211 118 193 188
2448 22 699 38 65 15 61 188 197 72 195 218 36 155 78 140 58 185 151 191 124 184 149 214 112 25 50 144 135 54 156 205 199 46 142 60 2 202 58 23 98 75 158 203 49 162 39
2449 22 645 1 52 112 136 202 76 98 26 177 43 212 181 48 116 79 45 9 193 4 10 146 164 84 193 140 193 246 194 142 57 183 144 8 146 30 59 221 79 36 98 173 100 230 70
2450 22 647 117 160 17 176 104 20 187 199 85 21 43 175 165 138 168 158 195 152 152 54 98 181 115 70 11 100 169 83 249 100 4 166 159 170 93 162 142 29 112 76 151 6 52 118
2451 22 553 44 122 75 90 23 176 245 122 8 159 142 118 9 62 200 9 162 56 76 20 20 134 216 151 147 194 51 3 95 68 48 116 43 139 41 70 233 62 128 192 5 47 202 67
2452 22 732 49 162 78 54 90 199 178 9 182 196 9 81 39 110 185 135 129 132 3 23 72 95 245 54 156 174 247 161 220 150 179 170 212 6 223 151 106 53 159 40 100 70 70 140
2453 22 695 181 154 224 59 87 28 184 58 222 78 63 30 3 60 242 22 211 120 92 24 27 166 176 32 168 37 123 17 206 142 108 36 47 182 194 83 11 79 142 83 8 155 64 110
2454 22 662 116 5 84 126 76 27 100 104 192 75 85 162 211 110 80 16 1 38 153 98 121 97 32 131 177 24 215 187 128 28 46 143 184 131 170 59 7 121 212 101 248 49 12 10
2455 22 735 208 143 78 160 130 180 107 150 178 141 233 155 164 149 141 93 179 188 237 112 19 6 223 27 129 84 177 26 184 140 185 193 12 153 112 192 11 164 169 101 48 125 16 96
2456 22 624 117 108 24 157 144 88 127 52 210 53 30 45 32 155 179 71 191 73 53 153 75 167 46 138 230 66 40 29 56 124 159 113 100 115 209 187 41 10 146 139 142 77 145 72
2457 22 659 99 185 195 52 139 121 168 184 58 99 98 79 42 53 202 102 217 53 27 39 109 36 136 6 126 178 134 122 51 133 207 145 236 195 116 105 131 75 3 132 122 81 23 126
2458 22 753 34 176 195 87 244 21 27 53 209 15 208 86 42 44 58 192 176 66 189 111 62 106 165 142 180 169 173 102 101 147 29 186 75 173 172 18 194 101 170 154 65 80 246 1
2459 22 649 200 63 89 160 25 194 126 168 174 94 93 27 96 139 105 31 65 178 133 123 155 52 219 83 64 126 157 112 76 6 226 167 67 200 10 42 68 85 187 160 111 132 150 68
2460 22 828 113 15 247 17 97 119 121 200 96 191 235 11 218 191 24 145 99 200 161 65 249 23 209 118 159 145 179 122 29 31 189 191 145 185 93 55 181 144 102 71 178 162 190 121
2461 22 743 238 34 19 187 97 85 87 119 243 7 129 40 35 50 18 65 40 10 211 126 70 5 230 200 201 83 222 78 147 111 150 184 96 170 120 192 55 58 162 149 164 191 240 51
2462 22 497 40 159 15 182 220 128 7 39 84 39 140 184 21 11 14 117 123 115 50 169 35 21 160 91 79 174 191 94 214 83 144 155 141 59 36 113 88 43 1 21 131 141 57 153
2463 22 678 103 122 170 176 186 121 46 120 92 7 160 172 230 153 115 143 235 9 150 27 19 185 189 108 79 42 61 182 36 164 136 157 85 163 143 105 8 64 98 65 226 121 146 178
2464 22 553 86 139 162 146 90 190 66 76 179 23 205 170 2 65 3 90 180 138 96 164 101 190 21 110 54 170 126 31 191 122 58 28 212 171 73 151 60 88 176 40 12 32 59 163
2465 22 733 99 63 152 28 51 50 144 53 189 164 212 44 133 88 76 23 211 33 52 172 55 174 222 67 113 99 56 74 231 67 239 179 129 40 106 81 91 149 135 32 14 199 225 197
2466 22 647 138 101 71 198 35 125 19 192 200 90 10 63 90 67 38 70 133 28 148 14 120 6 246 60 206 131 91 170 79 118 218 166 70 40 165 54 114 83 147 14 24 6 228 63
2467 22 736 175 67 183 157 245 132 22 114 139 120 73 195 16 116 180 133 133 47 2 24 161 107 238 43 104 153 218 61 232 180 35 198 114 194 194 148 67 157 36 186 130 187 247 97
2468 22 723 216 181 131 162 32 105 224 188 94 116 193 196 135 56 79 165 42 76 180 85 120 127 154 28 215 89 9 96 126 157 93 191 137 73 155 170 128 158 172 46 52 119 207 197
2469 22 678 246 99 125 78 85 144 206 38 21 70 179 32 116 154 90 110 79 182 2 198 213 130 105 34 27 59 153 108 215 101 54 115 225 131 150 20 138 39 91 108 167 174 25 22
2470 22 657 15 134 68 93 217 69 191 129 50 45 63 28 155 67 236 120 19 189 36 44 221 187 108 26 5 167 44 130 41 116 195 124 35 87 193 5 227 71 124 185 182 28 203 69
2471 22 700 249 122 57 85 67 79 71 131 89 48 88 105 242 169 248 9 63 171 243 2 165 197 30 136 53 103 172 37 33 75 105 181 198 114 167 16 142 40 96 82 37 185 187 180
2472 22 651 154 34 88 116 156 180 19 21 27 199 208 79 53 131 165 135 207 20 218 104 33 84 121 76 223 169 108 162 103 96 241 106 181 81 74 36 10 42 8 188 140 67 69 93
2473 22 602 48 85 129 154 104 46 10 188 230 32 116 4 50 125 17 153 220 58 158 100 40 183 87 101 175 95 39 16 13 107 210 110 43 39 166 47 36 177 236 117 110 153 171 160
2474 22 764 27 37 62 48 46 121 247 135 6 186 236 80 132 76 197 144 84 59 56 76 199 173 124 84 201 12 101 60 164 73 219 193 59 82 140 107 203 139 143 58 174 180 239 155
2475 22 703 105 87 198 140 45 55 18 193 177 41 79 127 204 29 187 168 153 5 12 161 37 151 19 41 139 12 150 12 243 90 218 150 26 168 239 73 122 56 17 49 249 45 175 52
2476 22 778 125 113 171 77 118 82 90 156 185 160 198 73 223 149 237 66 40 106 165 117 73 55 89 95 113 158 243 111 52 69 164 179 232 85 157 51 98 158 58 57 227 30 55 115
2477 22 701 245 146 120 61 112 93 16 51 137 178 158 81 90 161 249 153 191 82 189 50 32 107 47 89 108 104 84 86 203 48 82 198 93 60 62 60 210 50 219 130 28 181 130 180
2478 22 764 174 112 219 73 243 75 169 84 234 125 230 120 212 185 43 182 38 37 191 49 196 102 134 170 29 63 203 9 126 120 113 198 214 189 18 149 74 142 81 93 103 65 14 148
2479 22 668 46 101 234 87 2 32 238 151 17 110 132 130 114 90 174 89 11 38 88 74 126 55 223 151 99 103 44 3 167 159 152 12 209 38 50 112 19 190 165 87 199 96 166 62
2480 22 639 187 91 152 97 78 91 22 105 47 144 106 197 148 51 166 9 53 80 219 90 29 131 160 118 218 192 212 181 28 55 32 176 82 124 97 87 21 193 242 17 90 144 168 106
2481 22 798 2 21 235 170 112 65 102 172 33 148 68 102 91 131 233 170 135 116 45 119 90 194 205 60 186 98 228 127 141 196 234 144 218 168 213 29 185 117 202 167 64 119 170 107
2482 22 608 2 102 226 138 120 173 56 9 116 12 170 103 11 47 29 53 42 13 246 161 82 61 190 116 227 141 84 192 12 6 148 165 7 174 102 76 10 36 213 73 105 165 234 102
2483 22 669 245 138 145 157 84 56 191 146 47 108 222 89 244 113 50 99 11 64 105 136 118 33 231 27 18 95 99 75 159 184 78 3 22 174 12 7 181 104 202 177 111 73 104 137
2484 22 696 167 2 249 133 159 34 152 143 214 28 212 8 228 36 18 14 115 173 35 89 34 93 119 187 44 46 49 68 65 53 204 131 206 103 15 116 186 16 160 2 45 172 111 25
2485 22 544 159 131 138 74 3 124 212 186 116 182 224 11 129 72 78 193 26 33 84 135 40 101 123 58 61 24 204 34 86 180 44 66 169 169 68 44 130 105 11 64 30 21 42 52
2486 22 533 98 35 179 131 10 64 167 151 117 39 60 27 14 116 62 150 147 155 17 16 24 87 211 5 141 22 20 171 242 62 74 92 148 4 9 68 42 11 84 133 71 162 196 38
2487 22 617 25 47 184 31 16 51 106 52 62 63 92 83 232 164 126 143 187 167 42 93 192 50 110 34 61 95 166 183 8 63 20 84 212 103 114 27 54 20 178 15 34 119 249 115
2488 22 755 133 124 160 171 43 151 63 134 103 174 69 13 170 84 247 179 49 166 162 160 70 176 236 125 97 63 191 180 33 139 246 167 165 55 188 57 208 152 190 110 126 109 74 97
2489 22 597 94 20 176 194 85 137 3 156 214 138 83 10 2 123 41 85 64 187 51 28 191 140 184 198 192 25 59 169 132 65 179 151 240 174 137 77 27 195 40 16 77 102 118 101
2490 22 694 242 4 14 180 156 141 173 146 26 122 187 1 231 5 85 112 21 65 165 161 139 53 87 117 147 128 132 73 31 51 174 175 104 39 4 12 176 157 157 200 145 59 180 101
2491 22 804 94 43 121 160 57 81 50 110 69 66 208 149 198 133 179 200 206 103 106 96 217 27 84 125 134 133 244 112 21 39 207 41 249 163 124 148 74 142 216 84 192 115 166 171
2492 22 756 164 73 173 119 68 81 87 195 165 11 30 99 181 23 11 151 212 69 92 12 183 17 211 7 110 76 242 152 42 57 172 56 129 194 76 96 175 13 240 41 25 121 239 6
2493 22 617 246 101 156 109 169 99 120 152 17 182 210 177 201 128 1 159 206 87 146 84 32 172 46 24 112 22 96 103 127 191 53 135 149 124 85 170 27 52 52 88 80 161 140 107
2494 22 794 113 148 59 69 184 4 54 167 126 151 190 139 122 86 41 151 228 196 235 127 19 21 246 145 22 47 234 51 159 173 209 22 220 167 192 153 73 145 219 98 195 61 36 18
2495 22 694 148 29 18 77 124 4 103 94 25 99 38 48 247 173 101 8 245 159 131 64 178 22 116 152 168 86 49 164 48 36 47 16 149 24 89 152 228 132 128 28 221 176 175 93
2496 22 628 126 84 87 136 164 52 65 37 119 116 106 57 66 69 204 104 51 53 69 149 228 110 53 5 193 180 133 66 57 109 108 132 44 147 70 7 198 184 145 169 152 52 75 167
2497 22 733 170 130 172 120 232 141 21 161 175 166 44 4 59 111 158 169 194 1 65 13 9 64 249 105 32 200 106 8 218 27 88 140 198 71 130 118 231 142 99 74 98 98 185 8
2498 22 603 107 53 53 59 17 166 19 182 64 73 116 65 230 173 32 6 12 121 183 152 123 116 132 66 114 58 213 113 192 122 169 194 125 77 42 45 95 57 219 162 21 48 135 102
2499 22 595 53 196 223 107 180 174 181 195 108 97 160 167 9 122 10 133 140 5 159 168 118 150 14 112 8 184 24 78 31 160 185 107 153 94 39 79 174 133 88 20 245 106 81 16
