3500 22 912 103 76 134 110 151 131 72 123 186 90 159 24 351 196 3 51 253 145 388 30 395 166 314 117 363 184 244 16 61 80 118 88 13 179 191 95 51 65 32 140 24 8 43 171
3501 22 1073 162 45 175 107 33 156 301 150 69 17 64 5 319 107 20 180 138 137 19 102 67 161 397 117 26 28 209 1 187 51 371 149 247 97 255 79 252 155 381 72 324 44 276 42
3502 22 1228 351 95 173 40 383 192 142 50 304 138 166 129 117 126 329 104 128 51 252 175 299 106 205 102 212 185 374 135 181 1 377 83 48 101 122 30 244 63 79 148 352 197 76 69
3503 22 1219 74 157 324 2 159 127 128 58 184 132 395 69 84 130 249 85 58 131 332 110 52 113 354 67 344 101 218 92 286 165 36 161 318 147 287 45 204 70 329 114 65 197 398 146
3504 22 1100 245 34 155 127 117 64 178 29 169 196 324 21 214 15 301 51 180 136 212 97 82 98 94 37 168 22 151 184 18 100 281 14 285 35 340 1 250 69 381 19 65 105 191 78
3505 22 1235 319 91 280 50 379 91 99 60 141 192 249 60 213 199 43 182 50 75 395 134 309 86 286 110 354 66 80 170 122 71 199 41 361 79 90 139 169 140 351 109 331 199 120 95
3506 22 896 149 162 276 150 36 22 83 96 107 120 358 13 185 37 334 107 307 133 299 20 211 140 110 131 80 60 192 162 210 111 57 158 25 84 59 12 58 141 308 164 12 17 128 149
3507 22 1117 253 62 7 112 146 105 331 156 196 40 238 75 52 181 189 61 292 45 171 68 80 29 279 137 322 138 333 154 380 81 159 193 87 70 138 143 200 45 139 191 235 165 242 15
3508 22 1129 153 103 58 149 225 125 29 53 156 165 374 93 17 59 199 149 339 157 341 178 226 31 320 177 27 10 167 61 327 161 76 79 15 85 380 39 362 8 243 117 124 17 361 141
3509 22 921 75 111 41 165 67 133 294 44 363 166 172 190 175 91 202 101 251 77 132 17 314 111 55 75 70 97 391 193 65 103 285 91 14 125 8 80 258 101 276 172 66 47 113 41
3510 22 1345 337 115 293 139 191 176 355 56 38 161 330 59 210 72 252 74 175 88 317 188 365 124 219 174 224 94 345 42 93 58 34 29 372 126 120 114 254 74 170 43 387 51 302 196
3511 22 1317 323 105 21 97 144 137 284 108 260 54 281 36 148 178 277 40 235 110 220 158 187 91 271 192 317 192 303 43 88 98 365 192 70 13 335 7 248 195 218 101 275 5 400 52
3512 22 1095 81 191 238 142 11 195 253 18 72 169 209 58 71 51 345 120 167 88 190 131 375 148 378 169 365 79 195 170 278 47 202 21 36 144 383 31 176 35 248 47 4 8 105 26
3513 22 990 211 1 146 177 89 87 108 63 34 37 31 198 315 25 119 145 23 121 165 11 16 147 41 191 333 40 389 136 247 45 362 57 46 59 386 134 345 45 148 130 81 130 327 148
3514 22 1175 306 198 44 81 318 160 291 85 258 131 75 190 122 63 126 120 108 39 329 105 97 114 190 193 358 137 322 190 18 200 337 123 197 180 203 66 139 93 350 196 375 176 138 96
3515 22 1010 39 63 368 98 253 96 202 101 209 191 293 118 279 166 107 96 317 196 218 114 327 173 131 66 17 33 13 192 8 150 398 164 6 47 168 101 248 68 61 190 312 178 68 77
3516 22 1030 237 115 394 32 85 59 158 57 141 175 73 173 140 16 133 41 55 130 157 60 177 124 313 176 392 173 118 103 103 185 332 91 52 77 74 136 287 183 192 27 358 16 152 49
3517 22 1033 232 84 289 86 365 197 297 93 321 161 21 112 86 138 166 188 322 49 30 173 325 103 60 11 285 51 190 194 67 93 194 98 176 83 135 92 79 31 137 151 144 157 214 29
3518 22 1227 294 180 368 167 28 197 92 105 99 151 67 135 2 8 129 20 100 122 269 27 356 3 271 187 385 7 289 128 163 103 308 56 82 75 222 61 313 117 321 16 384 56 369 143
3519 22 1174 336 188 243 57 208 21 165 162 291 103 146 97 391 26 59 93 133 114 126 8 288 139 230 152 55 151 167 190 6 135 341 74 327 149 281 147 265 194 190 119 140 86 310 117
3520 22 957 145 154 1 10 80 160 49 170 190 153 224 92 319 166 297 6 250 189 31 128 289 64 74 154 257 63 24 148 301 133 216 45 239 169 206 70 128 7 39 69 359 14 112 29
3521 22 964 379 160 186 180 148 17 307 189 32 133 94 40 195 117 188 47 2 155 91 40 123 49 109 3 55 99 71 165 312 135 193 43 22 42 147 129 182 178 261 75 369 7 391 156
3522 22 1013 54 192 63 96 231 185 296 91 387 150 389 10 266 53 144 59 95 37 37 116 30 135 396 11 264 56 85 32 215 28 340 20 19 2 315 2 186 11 44 125 112 185 86 178
3523 22 1132 237 29 388 131 17 176 46 199 110 194 209 173 201 46 156 15 225 95 234 195 96 101 396 34 263 192 310 126 376 195 255 12 175 42 142 191 217 139 141 78 132 102 202 133
3524 22 961 99 158 299 123 52 85 117 100 185 113 333 199 56 42 324 31 236 131 242 10 372 135 152 141 73 93 18 157 146 20 41 44 177 139 166 180 23 82 279 159 346 11 109 1
3525 22 1145 4 185 383 191 115 24 152 86 110 104 178 135 148 148 291 93 367 131 88 95 221 53 226 196 134 105 306 32 267 15 384 71 399 167 61 113 142 13 150 52 68 80 386 15
3526 22 1077 27 28 59 145 158 98 391 130 350 16 125 35 320 31 66 187 397 50 57 147 368 69 109 81 160 112 348 39 297 114 17 124 124 161 233 21 351 115 122 119 191 157 38 173
3527 22 969 174 176 169 175 184 115 142 53 125 3 85 85 114 185 275 163 98 92 86 174 252 71 346 155 337 68 273 127 176 62 300 101 38 68 76 21 135 169 25 59 371 110 95 37
3528 22 993 94 170 399 143 213 36 268 16 306 166 170 194 233 194 321 160 256 20 260 45 239 87 17 173 8 42 184 178 103 78 14 148 199 12 242 11 48 110 27 105 275 148 99 59
3529 22 1192 94 171 370 149 142 181 145 180 68 161 305 75 154 88 4 56 317 170 355 116 333 197 126 132 258 104 189 84 204 39 297 9 63 197 350 43 341 81 262 53 185 88 207 72
3530 22 1316 244 14 141 165 369 56 97 117 333 181 374 189 169 57 192 159 150 40 167 164 236 68 358 128 348 172 180 85 59 138 308 54 304 48 18 24 303 67 340 188 399 65 176 119
3531 22 1188 321 119 77 22 358 195 185 193 262 142 272 161 313 3 245 124 341 153 129 196 200 99 19 55 117 158 194 115 222 121 233 94 239 109 115 196 103 51 340 116 392 163 76 57
3532 22 977 165 73 132 105 25 12 300 176 310 70 182 26 227 175 140 200 295 124 45 85 184 159 232 86 361 123 153 105 285 181 161 50 53 44 106 29 55 158 156 165 338 142 6 64
3533 22 1162 34 5 111 157 2 147 141 160 379 178 121 101 131 25 386 111 137 187 315 132 92 95 338 49 50 102 276 139 196 81 155 29 237 17 185 38 363 77 350 141 255 22 394 137
3534 22 963 398 131 199 86 317 113 17 8 7 154 9 8 208 84 347 3 116 101 183 104 319 142 231 196 43 172 2 64 117 138 61 47 88 146 363 200 114 122 158 19 330 165 226 13
3535 22 1421 63 180 280 115 314 184 383 33 277 14 380 119 337 181 382 53 270 194 99 157 91 61 108 156 217 174 264 133 352 76 396 131 308 110 397 91 45 29 367 58 160 37 194 140
3536 22 1107 218 46 361 163 296 117 253 108 24 160 241 40 133 104 172 84 132 119 167 39 181 163 81 25 343 199 82 102 235 27 193 52 153 166 319 21 370 178 396 129 18 35 61 122
3537 22 1164 358 97 205 29 263 43 209 177 275 33 271 73 66 124 107 92 116 110 267 20 185 192 244 162 187 124 331 173 184 4 282 32 208 110 46 2 118 22 276 102 292 148 167 15
3538 22 1104 254 10 282 115 276 53 189 12 244 184 325 182 107 56 354 43 259 36 74 19 145 120 20 63 93 96 316 137 43 83 103 49 44 137 163 120 389 104 331 185 239 8 166 146
3539 22 1251 63 120 140 73 307 165 291 51 236 63 265 81 158 181 217 152 215 119 352 58 207 67 177 148 370 60 332 8 219 49 105 81 168 196 26 161 348 77 148 10 293 28 367 25
3540 22 953 196 70 239 67 22 97 273 88 225 20 9 36 351 168 54 200 286 119 20 143 97 132 290 173 80 99 17 107 42 103 86 32 369 59 280 193 98 57 213 106 292 115 274 98
3541 22 1269 66 98 135 137 69 77 233 1 318 157 80 168 373 138 384 166 392 22 198 112 77 105 178 133 317 35 377 183 60 26 49 109 360 185 389 17 258 173 257 26 297 146 209 63
3542 22 1211 338 182 60 49 262 136 305 191 269 173 177 197 156 189 22 156 297 133 340 74 273 108 203 131 280 11 356 176 357 116 390 46 298 49 46 111 137 151 53 157 75 29 153 30
3543 22 1068 369 174 337 66 58 76 291 131 183 94 13 14 104 168 142 12 83 83 257 132 132 103 42 68 205 46 224 79 227 128 61 195 101 197 60 110 225 151 392 159 396 4 373 51
3544 22 1399 371 66 63 6 148 119 289 31 221 83 98 25 328 73 304 154 200 116 349 52 312 160 314 136 262 105 95 57 309 19 308 31 36 122 236 135 240 77 366 13 359 15 389 86
3545 22 1183 288 44 392 39 159 140 243 71 251 156 158 113 60 52 321 168 222 180 199 57 101 186 344 141 62 109 353 172 323 93 258 162 137 49 153 95 140 195 317 190 150 75 102 9
3546 22 1253 278 23 129 100 154 79 308 55 216 51 195 30 111 99 201 186 391 10 99 127 258 51 374 149 197 90 339 146 364 192 107 42 366 187 293 120 65 152 280 3 120 109 170 62
3547 22 1017 50 112 271 149 191 81 351 164 29 148 53 119 45 169 263 103 162 180 241 6 251 105 157 176 137 111 247 197 176 16 58 177 128 81 277 70 361 28 33 141 327 37 260 171
3548 22 939 357 74 26 118 253 66 123 104 232 31 211 142 78 159 69 93 369 46 172 49 122 41 209 101 25 101 227 62 360 150 18 185 127 88 190 192 162 93 66 193 75 28 287 152
3549 22 1195 187 107 197 155 152 168 355 26 361 115 126 185 215 105 398 127 54 168 111 180 55 100 123 168 144 141 161 19 368 199 322 154 305 118 260 9 38 166 234 198 280 111 334 95
3550 22 1095 215 132 173 68 299 83 399 105 135 122 72 78 214 184 48 181 134 170 287 39 39 146 76 64 184 25 143 94 359 189 309 42 361 128 92 44 79 148 378 152 19 7 365 155
3551 22 1224 207 145 288 176 31 78 166 129 276 194 392 59 218 86 105 128 275 165 321 35 44 12 30 122 359 159 273 130 189 84 324 134 323 51 316 153 216 196 28 9 339 39 179 25
3552 22 1013 95 106 299 59 227 85 102 190 115 24 101 25 48 30 190 37 65 65 122 139 389 91 331 185 71 91 323 109 69 99 155 127 149 13 105 34 314 94 300 89 346 124 137 175
3553 22 1034 66 125 391 130 398 130 245 186 20 127 370 90 17 45 150 38 143 104 364 44 116 68 77 182 313 128 70 59 251 158 185 116 34 128 31 57 194 17 76 120 338 118 288 182
3554 22 1280 267 125 277 123 240 120 190 59 148 171 124 75 193 134 325 102 118 193 288 45 142 118 253 135 286 81 206 176 398 93 357 16 370 185 338 161 256 128 20 3 250 143 77 42
3555 22 1103 76 154 296 145 98 183 342 39 52 194 125 90 74 130 65 23 374 173 239 143 158 176 56 165 255 75 368 105 169 196 196 101 393 140 398 127 233 188 131 179 312 20 4 193
3556 22 1062 36 27 167 8 265 61 117 192 116 82 247 190 1 151 310 196 105 97 345 197 246 71 181 186 153 159 297 124 163 90 159 189 208 167 5 68 235 196 384 68 242 125 268 144
3557 22 1139 35 16 144 91 112 88 87 109 110 68 294 63 378 143 386 140 184 97 280 191 263 84 258 49 193 117 73 118 217 104 399 112 394 62 33 123 60 100 168 122 229 110 260 121
3558 22 1008 93 156 200 35 170 84 293 170 315 85 86 187 354 22 155 57 172 66 251 186 16 83 108 76 134 75 349 162 137 160 282 29 115 34 264 36 69 108 6 183 144 43 321 98
3559 22 958 216 76 306 188 93 156 125 109 390 184 136 123 58 84 37 146 196 70 375 62 255 190 98 123 249 55 257 192 49 130 41 65 157 147 204 49 54 128 309 44 111 44 118 120
3560 22 1210 80 106 266 75 328 192 136 182 381 185 57 181 191 65 124 40 394 117 104 150 63 107 399 68 234 59 296 103 133 15 382 38 280 8 117 71 343 51 3 80 259 135 270 123
3561 22 1269 259 109 117 175 212 18 389 70 168 56 255 27 119 150 329 51 262 40 396 69 109 19 363 159 373 42 217 108 312 139 366 172 7 140 136 25 280 5 392 135 12 18 5 161
3562 22 1182 298 7 229 159 199 177 179 107 195 142 265 167 135 33 226 198 323 191 370 130 82 105 154 113 261 97 248 72 67 4 385 116 363 13 75 161 389 5 19 135 235 54 33 67
3563 22 1060 79 182 189 22 351 70 255 55 175 168 268 72 367 139 290 170 123 5 84 88 231 196 276 36 214 163 285 200 216 117 218 46 251 7 67 1 28 122 208 3 41 75 26 7
3564 22 1105 213 115 128 88 119 12 175 102 359 2 337 125 364 21 124 131 90 142 377 92 300 195 92 127 316 51 81 108 325 106 314 90 20 42 91 5 103 192 163 104 280 39 52 163
3565 22 1325 150 93 256 126 384 155 121 76 33 188 326 114 296 3 219 161 244 39 202 20 281 158 274 72 73 177 151 111 396 154 273 98 247 128 223 30 234 143 257 67 283 135 380 178
3566 22 1398 337 198 338 180 388 92 351 20 1 24 91 73 152 193 384 100 347 8 197 145 288 19 374 121 314 183 339 148 317 118 277 53 68 14 7 57 286 27 258 109 269 82 212 14
3567 22 1213 217 111 312 25 59 56 264 30 381 136 295 163 275 42 79 144 318 83 163 83 218 122 340 103 300 149 211 168 30 175 133 47 237 196 223 96 51 38 277 184 373 171 98 47
3568 22 1236 164 177 343 81 11 105 115 29 226 6 331 125 154 94 245 136 20 129 334 56 325 108 103 127 145 179 310 117 101 8 316 64 136 58 296 146 362 163 326 140 368 57 216 74
3569 22 1041 302 60 161 121 389 46 176 65 153 31 191 49 209 101 365 62 60 32 77 195 89 125 292 3 287 18 94 54 26 109 279 127 321 39 247 61 84 174 125 188 204 115 36 13
3570 22 1396 367 153 226 26 184 102 172 25 64 179 233 72 270 58 132 148 52 139 382 64 174 155 388 114 159 55 349 123 221 53 348 199 389 1 322 165 379 137 343 194 169 166 263 178
3571 22 1066 297 163 161 101 101 94 164 26 49 104 139 7 358 40 281 130 292 180 328 80 380 2 44 110 138 138 304 107 103 166 236 152 80 197 204 180 42 167 90 22 96 48 379 135
3572 22 1306 128 109 379 107 388 58 239 189 254 100 279 191 3 137 246 121 372 197 200 120 352 132 362 70 289 51 292 136 299 22 23 178 330 1 237 70 210 27 10 63 126 88 206 81
3573 22 964 24 3 201 148 199 152 267 102 283 28 371 123 279 62 11 129 84 33 58 165 385 94 186 194 320 196 209 198 35 14 78 11 16 30 358 166 181 24 219 16 4 189 90 82
3574 22 1108 3 100 362 86 132 19 2 116 313 188 262 184 335 70 181 121 35 10 283 2 39 192 119 172 368 137 187 171 125 76 252 79 376 13 164 59 231 118 127 95 257 188 279 143
3575 22 866 57 11 15 43 221 98 44 59 89 162 30 56 50 168 26 126 229 5 371 193 368 29 224 37 107 70 293 94 100 187 102 111 2 144 283 99 139 93 339 52 75 195 301 42
3576 22 1236 372 27 237 1 231 159 145 150 140 168 187 46 190 31 340 89 18 193 351 171 137 33 269 27 326 7 79 200 153 131 193 77 357 30 277 139 188 21 241 127 341 179 173 82
3577 22 1195 9 64 370 178 56 121 348 144 105 168 371 30 327 1 381 79 283 174 155 40 203 183 330 142 356 170 269 48 148 193 281 109 8 50 38 63 122 138 159 179 81 8 383 81
3578 22 1056 189 14 363 114 120 154 116 55 36 9 10 157 229 9 305 21 89 165 180 90 354 43 364 91 353 142 348 33 349 130 65 89 295 179 2 15 85 69 69 120 30 30 276 58
3579 22 865 238 132 31 78 48 10 167 2 4 82 292 156 223 191 340 124 73 4 164 167 383 118 381 19 186 49 90 15 30 117 25 19 1 55 96 48 216 15 49 20 296 93 127 71
3580 22 965 35 67 194 107 70 109 26 4 6 22 164 7 111 130 36 180 354 7 380 160 302 27 176 68 28 195 316 72 121 186 306 187 131 165 209 39 390 164 17 147 186 180 305 48
3581 22 1068 109 93 179 15 99 158 374 200 185 101 68 164 95 183 35 168 320 92 306 50 256 66 40 197 230 56 144 15 235 48 214 96 340 193 262 38 102 187 390 86 288 9 1 134
3582 22 1317 343 35 101 62 327 159 263 134 24 102 283 53 358 26 219 144 25 185 391 165 377 52 354 78 39 143 316 78 303 116 211 45 312 106 181 70 320 114 245 22 148 98 131 173
3583 22 1008 316 26 198 100 217 114 228 20 19 58 10 114 125 87 216 192 98 61 294 161 118 74 182 38 340 26 211 87 123 141 212 191 361 90 334 74 70 106 44 127 315 157 3 154
3584 22 1123 173 194 251 185 288 163 254 113 344 43 252 169 53 91 44 145 102 34 63 14 323 148 87 144 205 82 222 120 39 24 225 163 218 27 347 105 189 200 369 84 395 173 52 199
3585 22 1202 63 47 344 116 80 158 129 155 257 167 298 62 248 120 181 86 343 157 48 160 383 146 216 171 98 185 206 92 357 57 90 171 304 185 86 135 294 166 289 151 284 187 212 131
3586 22 976 258 144 369 152 300 168 312 82 266 79 4 163 215 9 6 123 17 47 93 72 32 130 207 125 247 47 27 130 185 38 213 42 181 181 194 32 100 57 265 165 87 20 327 102
3587 22 1180 380 84 376 197 331 21 220 114 102 178 238 149 25 65 30 9 54 42 251 35 374 196 218 74 4 83 38 90 302 117 343 82 200 119 230 130 291 49 43 192 379 33 292 3
3588 22 1075 49 122 211 102 163 13 288 137 360 106 162 163 188 199 53 41 115 147 274 115 217 103 396 107 104 39 99 82 271 190 36 119 263 46 372 178 260 66 170 165 227 133 25 137
3589 22 912 96 92 83 170 358 52 72 153 127 191 8 160 213 150 195 83 212 41 55 189 203 66 206 124 182 32 237 9 144 132 100 179 301 9 30 125 361 139 51 104 347 163 68 96
3590 22 1010 357 151 59 149 157 48 151 174 53 75 155 37 82 191 45 178 322 96 308 175 104 137 51 64 227 101 319 173 215 187 68 172 89 127 120 197 326 23 170 130 297 124 366 130
3591 22 1239 266 162 59 139 57 166 265 112 254 115 176 81 368 94 253 182 32 73 353 120 351 73 316 28 295 85 157 143 360 75 24 177 388 83 45 48 180 156 95 83 334 14 329 138
3592 22 875 195 160 10 148 80 112 172 195 139 18 32 48 112 191 322 135 168 61 169 35 305 169 166 13 22 12 247 107 225 175 44 20 87 6 119 166 317 90 56 59 143 55 370 86
3593 22 1066 128 104 205 188 225 39 293 193 356 57 14 168 103 120 392 30 315 163 316 120 81 33 237 122 96 44 180 191 98 149 276 25 32 12 29 22 56 173 177 64 338 96 319 9
3594 22 1409 288 100 123 2 15 43 283 199 231 4 94 74 336 84 84 111 347 88 110 68 315 118 240 44 381 177 339 51 385 178 350 108 380 164 102 14 314 132 369 160 357 104 195 79
3595 22 1180 340 106 377 27 351 38 47 18 155 86 261 88 15 151 338 151 329 88 10 60 203 111 25 117 394 193 76 150 297 70 380 188 127 156 14 30 346 12 247 100 250 59 139 64
3596 22 1262 209 77 166 89 316 176 300 118 286 124 186 32 317 13 181 165 35 161 352 113 68 117 142 13 281 188 65 130 398 3 345 7 231 110 247 146 285 147 216 123 70 1 354 138
3597 22 996 214 86 54 200 198 157 312 66 274 54 230 154 393 94 235 191 49 179 149 79 288 195 377 125 141 192 199 163 144 104 52 109 189 106 108 187 62 20 204 87 73 33 40 17
3598 22 1070 279 74 7 127 4 155 157 44 102 85 368 42 228 118 356 172 221 8 280 161 65 140 347 126 359 102 13 183 135 4 399 13 230 158 291 33 112 199 28 13 36 147 263 64
3599 22 1094 314 186 236 73 18 197 337 157 95 15 315 197 27 49 331 182 247 95 163 156 137 148 268 87 375 32 74 122 390 137 385 56 173 128 91 169 17 47 63 31 313 11 9 161
3600 22 1208 93 190 8 139 153 115 27 100 382 114 26 166 139 147 307 75 284 114 149 56 194 191 376 10 238 190 240 150 201 48 311 93 189 70 232 93 384 10 344 118 323 170 235 14
3601 22 1186 316 93 40 151 207 140 206 200 331 133 161 168 123 152 317 75 151 179 167 139 350 184 384 160 127 53 34 96 39 47 364 131 87 114 289 26 272 40 156 4 275 78 351 144
3602 22 1258 352 101 274 119 392 74 20 175 209 131 301 61 165 149 99 163 312 181 201 25 70 179 296 109 134 52 309 161 329 11 104 81 264 177 351 55 250 122 381 10 53 81 169 181
3603 22 1288 120 131 92 101 132 117 370 62 364 30 195 167 90 107 96 101 162 128 164 139 278 170 340 199 350 150 203 182 371 171 363 91 302 6 343 185 122 112 398 38 93 192 204 183
3604 22 1013 251 51 83 12 178 198 102 7 119 42 158 20 343 160 201 65 283 115 307 136 121 49 72 194 112 69 183 5 212 139 387 62 189 21 74 119 170 175 277 88 168 34 62 146
3605 22 1024 59 127 228 126 233 163 198 34 34 191 145 102 126 149 313 64 287 127 204 107 122 76 399 115 246 184 173 107 281 32 185 108 357 170 22 154 3 7 96 147 60 173 325 36
3606 22 1168 334 51 40 41 202 113 268 127 63 135 172 47 307 31 279 90 215 187 398 184 360 103 186 167 199 85 26 123 332 150 159 65 200 150 57 1 262 125 280 77 59 3 275 117
3607 22 932 33 153 7 200 91 4 335 51 59 73 17 57 357 194 179 88 344 89 104 95 390 161 48 52 85 127 80 95 281 154 363 114 106 169 65 197 325 199 199 183 71 15 191 179
3608 22 1194 208 121 218 103 162 122 150 151 82 197 354 118 75 33 164 155 338 126 220 196 47 36 144 171 235 142 305 57 156 47 236 115 367 5 370 128 326 119 279 159 267 184 76 93
3609 22 1233 217 39 199 154 317 19 149 163 254 92 285 40 185 189 249 92 235 36 207 153 40 128 281 118 198 111 276 64 246 152 356 62 142 154 168 58 124 68 372 130 112 56 321 96
3610 22 1247 44 169 188 30 204 146 383 196 73 15 113 70 277 188 285 122 291 40 136 185 345 103 394 21 170 166 350 33 221 70 129 17 391 116 46 194 261 180 341 85 194 53 154 22
3611 22 939 41 38 96 83 229 31 267 125 133 61 145 54 178 94 87 150 316 167 166 106 82 164 51 94 143 192 289 44 283 62 36 72 357 71 100 187 89 176 271 101 321 77 78 166
3612 22 1131 115 28 233 81 193 90 362 108 141 7 3 84 384 91 79 66 104 67 137 61 337 188 199 177 363 70 278 35 146 155 153 60 334 185 92 79 75 5 386 167 211 188 202 194
3613 22 907 230 32 11 86 298 147 346 186 286 144 163 200 165 192 35 62 139 121 232 123 164 110 149 168 295 67 378 35 20 171 16 52 133 101 101 31 246 87 116 142 1 116 106 192
3614 22 998 302 168 289 40 40 120 114 156 29 15 323 76 33 101 62 53 23 77 256 156 378 156 386 175 194 54 68 194 369 126 137 22 45 26 213 36 97 78 191 78 92 114 353 77
3615 22 1095 14 14 129 188 42 136 95 171 291 81 98 85 86 165 230 6 290 119 227 86 296 191 322 192 268 112 69 112 177 173 388 142 338 68 130 180 3 24 302 93 256 199 329 141
3616 22 1152 164 159 298 5 29 124 291 124 66 164 315 134 275 136 245 4 260 32 145 198 299 74 129 101 50 30 257 29 74 150 144 184 47 148 212 123 390 87 188 153 353 73 380 88
3617 22 1327 317 183 148 100 127 97 350 153 377 50 354 6 347 162 386 20 311 81 155 110 181 118 384 170 4 123 275 156 196 54 244 64 188 143 164 66 191 113 170 167 315 75 124 61
3618 22 1062 237 62 232 99 94 186 8 74 303 143 396 106 66 70 213 13 75 8 276 14 302 191 79 92 56 49 210 170 323 86 182 111 347 13 40 198 169 66 252 112 261 109 129 130
3619 22 1180 321 141 156 129 216 169 230 159 399 74 214 199 83 183 74 168 316 184 266 128 345 58 277 114 123 128 177 183 188 105 64 108 245 171 388 12 139 170 170 137 43 183 288 77
3620 22 1128 117 161 397 32 144 14 359 89 71 187 154 193 266 130 127 53 186 142 113 182 312 52 393 2 221 115 91 15 97 178 292 166 338 40 149 81 53 60 121 124 246 26 268 112
3621 22 1277 155 147 116 140 88 28 321 152 280 66 353 100 380 43 267 28 20 110 145 109 349 94 342 1 62 76 198 88 296 61 394 42 377 86 281 4 158 32 35 23 137 87 354 131
3622 22 1011 353 134 103 62 78 11 10 171 352 162 275 166 38 25 205 85 285 198 126 13 35 158 369 193 142 3 167 78 89 73 360 193 6 62 54 83 73 15 376 129 232 141 318 56
3623 22 1332 145 2 141 95 327 105 281 84 273 73 377 76 192 54 316 64 214 109 221 27 314 55 299 81 260 27 209 92 167 126 264 127 391 110 205 96 390 40 168 15 17 43 158 22
3624 22 926 311 21 35 19 241 14 132 47 64 12 259 90 172 102 57 97 200 72 223 191 333 27 86 74 19 53 288 35 248 45 256 158 17 43 328 9 56 11 119 175 114 9 146 15
3625 22 1096 17 43 166 40 217 156 172 196 41 197 214 46 285 48 93 81 55 2 250 97 129 10 352 139 265 23 113 130 31 59 296 199 253 62 238 69 369 161 216 10 357 29 255 193
3626 22 1021 228 99 26 83 100 27 179 180 236 83 270 101 57 183 382 39 193 30 37 45 291 26 65 59 138 81 220 46 261 26 191 89 276 16 323 127 42 53 106 29 135 176 329 143
3627 22 1050 310 63 181 54 92 17 98 134 394 114 144 131 346 116 177 7 293 119 247 169 134 169 95 127 221 153 355 108 80 36 50 189 231 42 93 199 91 178 393 156 73 75 102 188
3628 22 1136 203 60 281 121 106 1 206 26 95 132 398 199 239 105 278 26 307 18 75 89 259 119 39 101 96 183 57 168 58 110 156 60 369 188 381 74 388 186 251 34 70 48 233 60
3629 22 1019 105 110 285 11 328 111 51 138 29 89 391 76 24 199 243 81 108 150 340 28 289 72 53 76 58 103 262 79 150 94 338 54 155 22 216 34 84 18 172 112 259 114 139 82
3630 22 1136 112 181 362 171 283 53 198 171 125 50 399 134 152 60 212 53 305 101 107 59 274 74 93 157 92 16 20 150 329 158 231 40 90 144 210 172 396 159 143 120 208 141 205 111
3631 22 1324 368 163 256 68 221 114 341 95 358 97 138 173 268 87 53 25 269 44 115 12 253 86 7 163 180 79 370 120 283 80 271 51 395 126 318 15 392 11 261 149 107 198 74 175
3632 22 1136 36 126 351 104 170 65 267 174 103 74 137 82 304 58 154 186 290 24 388 84 102 58 50 93 68 63 393 126 260 66 52 48 192 3 313 19 370 86 73 195 374 155 98 32
3633 22 881 108 35 321 83 223 156 184 32 205 28 51 19 221 176 279 38 180 78 29 134 293 152 149 179 225 143 152 131 40 135 190 75 7 72 49 162 8 32 319 187 82 137 209 167
3634 22 972 245 188 244 25 121 24 70 25 172 48 1 67 351 83 106 38 272 132 44 95 332 6 102 163 76 89 396 12 247 5 131 43 144 174 220 17 349 89 41 73 88 193 139 190
3635 22 1056 75 196 379 146 128 23 40 59 180 94 374 55 334 169 218 180 125 100 175 69 226 194 85 174 234 125 246 73 117 136 262 143 132 41 88 11 215 79 221 194 172 194 200 57
3636 22 1065 115 169 237 39 269 163 107 94 308 191 219 141 267 17 13 135 352 26 77 83 18 116 293 32 195 114 177 118 259 128 375 173 297 163 212 117 125 118 162 32 61 180 124 127
3637 22 1068 348 88 214 100 313 90 334 83 6 179 66 152 244 195 69 102 122 195 27 170 157 190 38 33 59 199 216 119 131 139 398 78 378 11 329 91 100 63 125 57 393 190 208 36
3638 22 1111 384 29 289 106 223 67 27 132 56 65 116 115 263 132 185 145 222 182 375 200 392 103 42 44 117 166 52 109 355 60 296 91 40 137 348 62 3 174 145 59 390 61 125 5
3639 22 1147 192 109 149 165 91 123 164 34 378 5 29 46 370 81 107 77 292 154 119 131 90 66 144 93 391 89 103 181 227 185 135 85 256 177 360 20 211 89 176 39 334 98 271 192
3640 22 948 374 162 346 44 92 35 61 36 79 3 76 181 335 24 7 71 115 94 356 122 270 67 341 32 155 117 223 88 214 93 32 139 207 177 134 50 11 194 37 90 196 112 131 135
3641 22 765 229 1 1 74 108 123 95 174 215 127 128 83 301 168 96 193 199 186 127 119 137 64 37 178 212 149 294 35 180 46 36 53 154 110 147 79 76 25 159 159 125 78 6 70
3642 22 1152 76 192 220 2 62 20 290 126 257 68 289 5 67 182 39 46 179 26 250 84 287 196 363 163 173 121 321 97 398 126 318 25 69 138 178 131 357 19 208 165 38 96 169 104
3643 22 1163 229 160 301 7 137 150 291 176 98 5 338 22 277 10 118 26 135 36 202 4 125 131 286 33 349 93 198 187 140 118 42 120 29 95 278 166 396 120 141 45 276 30 266 152
3644 22 1082 239 136 377 125 371 130 128 47 60 165 79 161 9 76 299 100 194 92 19 22 186 49 339 134 368 31 178 44 12 44 347 50 379 76 175 101 5 54 65 19 227 53 275 127
3645 22 1112 398 166 297 171 304 145 62 37 65 44 214 60 56 9 206 105 187 33 31 87 38 85 385 54 55 162 30 33 166 56 159 163 373 8 285 76 104 146 264 168 390 78 379 45
3646 22 1036 286 137 301 25 169 84 63 158 120 200 211 174 361 192 6 126 399 117 240 172 76 124 199 179 22 63 347 11 92 77 7 129 13 59 353 182 142 168 339 61 367 102 34 127
3647 22 795 245 192 4 44 60 195 167 135 270 165 265 91 27 11 253 118 40 11 47 52 70 151 233 11 318 124 72 84 225 57 162 21 117 64 59 63 30 145 133 147 10 175 373 172
3648 22 1109 180 43 211 190 41 63 59 191 47 22 261 122 293 144 346 149 258 119 349 126 182 159 189 164 104 73 110 65 247 34 236 26 76 199 368 68 213 178 259 199 319 181 91 14
3649 22 1087 278 192 223 196 292 149 330 50 337 45 305 9 106 121 55 91 109 33 119 107 352 186 319 129 244 129 128 114 61 170 80 139 161 102 86 4 50 167 206 186 363 110 146 68
3650 22 992 383 153 159 91 185 77 149 88 14 19 16 10 147 143 323 8 313 154 98 25 256 135 29 105 102 34 243 64 295 188 84 77 140 194 319 76 22 67 363 35 85 131 244 32
3651 22 1034 25 119 391 89 72 40 314 127 174 142 184 27 127 178 243 21 365 126 250 57 119 168 284 92 187 199 126 71 129 170 54 153 40 196 42 111 35 107 390 9 200 173 387 126
3652 22 1099 150 29 298 66 106 99 122 176 267 158 5 156 393 75 284 114 281 188 353 76 381 63 263 87 52 23 86 176 9 163 277 190 213 143 295 111 16 71 129 173 337 133 80 129
3653 22 1256 360 163 194 40 303 146 67 35 209 129 122 12 159 140 312 74 216 101 286 110 395 196 126 65 277 50 354 9 130 82 368 44 76 159 298 173 178 133 333 106 254 145 9 164
3654 22 1070 36 72 389 51 324 74 361 70 22 38 287 98 87 40 258 168 73 26 212 100 336 61 273 113 193 5 171 198 301 131 362 136 2 150 139 77 176 51 146 149 88 32 46 126
3655 22 1432 271 55 294 96 80 57 395 168 117 19 262 176 202 59 228 132 220 116 285 122 254 161 249 104 307 197 343 90 394 68 113 48 313 8 280 121 354 47 390 173 278 51 100 80
3656 22 1051 61 127 11 33 42 96 354 95 8 154 150 66 44 156 143 64 220 190 328 27 269 49 132 115 190 56 345 192 355 24 52 82 386 36 323 33 189 170 241 142 319 106 43 115
3657 22 999 213 185 378 32 175 105 210 195 105 142 62 94 197 6 237 104 381 41 385 166 76 107 199 17 28 191 110 147 48 153 261 89 190 44 63 94 54 10 347 71 44 95 233 198
3658 22 787 8 73 182 173 100 41 123 116 68 113 378 166 161 130 178 173 18 167 216 33 13 21 42 163 119 64 158 14 91 190 363 98 14 145 22 114 137 145 381 4 257 158 122 169
3659 22 802 39 99 293 57 218 109 41 182 281 82 344 200 97 101 165 187 43 127 236 56 223 57 121 159 1 54 163 10 11 36 130 50 134 23 58 103 83 98 84 163 131 179 314 27
3660 22 1193 32 78 365 26 157 200 33 179 8 154 338 9 159 52 170 169 287 51 372 73 179 75 307 76 310 22 358 41 135 136 224 165 100 49 321 51 281 51 259 34 188 19 192 39
3661 22 991 340 113 77 190 34 49 63 13 275 169 40 136 190 150 328 77 85 151 393 137 399 113 387 80 163 197 265 103 15 9 93 154 273 170 144 106 170 158 70 196 78 62 83 68
3662 22 1268 363 11 96 47 161 88 135 160 352 122 391 66 270 55 368 85 263 13 190 87 182 85 393 103 42 14 298 72 27 132 291 189 342 186 388 103 73 122 214 24 195 4 41 65
3663 22 1256 10 9 301 25 21 42 311 154 327 55 8 120 269 57 391 47 188 81 130 18 175 184 290 48 349 65 43 152 306 107 113 66 359 137 238 200 248 143 278 102 350 198 322 6
3664 22 1241 140 121 345 173 308 74 190 82 209 32 281 157 248 123 260 105 381 173 370 139 309 159 291 108 101 168 162 2 365 35 207 57 155 152 29 62 177 18 95 186 201 176 142 49
3665 22 1185 250 2 153 183 326 75 121 34 233 163 294 134 131 55 335 47 89 94 103 196 197 83 257 173 253 104 310 53 231 4 101 80 357 54 262 82 328 135 115 160 249 160 45 179
3666 22 1343 14 132 378 55 377 32 250 173 115 58 97 167 313 159 371 143 362 72 175 118 277 188 199 4 274 65 315 123 225 112 53 190 195 30 196 171 397 95 80 55 343 46 367 101
3667 22 1086 368 62 214 39 188 83 315 175 281 70 1 98 337 123 274 200 127 15 394 109 211 116 122 7 10 1 213 104 198 132 157 165 193 170 204 132 53 70 58 85 92 58 334 28
3668 22 1015 132 7 227 59 222 172 367 184 287 88 190 96 288 155 151 37 86 107 201 30 229 156 161 81 26 18 117 69 228 51 96 159 209 74 217 182 45 183 365 131 107 178 109 61
3669 22 974 280 145 98 187 298 127 15 53 39 47 230 8 363 50 35 165 345 194 126 170 162 107 166 145 24 48 130 177 227 142 57 123 239 43 172 117 209 25 107 55 206 114 369 56
3670 22 909 301 86 352 46 11 74 7 69 239 103 92 39 21 173 15 199 314 71 121 104 265 93 220 73 269 78 127 26 192 96 33 44 333 185 289 143 10 47 248 102 55 86 122 27
3671 22 1057 53 120 93 123 392 196 388 36 368 12 104 45 139 82 36 186 114 31 118 50 271 12 59 118 374 59 171 28 296 92 207 148 163 99 71 154 94 10 390 61 21 45 306 111
3672 22 1125 126 93 296 192 276 165 241 146 328 52 215 102 110 185 281 5 228 87 305 190 385 175 144 31 336 133 43 108 129 148 19 55 193 66 398 68 183 38 165 110 89 180 11 150
3673 22 1221 316 92 107 144 330 11 133 115 337 28 297 72 312 139 131 41 239 149 247 31 367 44 50 149 81 166 258 122 145 69 223 13 112 129 156 41 291 40 307 27 68 3 379 142
3674 22 1315 181 171 380 81 217 162 247 60 363 195 93 128 253 166 225 73 388 37 184 69 344 24 159 135 83 186 202 85 387 133 378 167 55 157 272 70 246 83 232 41 327 160 45 92
3675 22 1127 136 117 32 172 252 52 267 27 10 1 109 147 155 194 334 39 371 52 293 80 51 116 149 49 351 181 41 77 292 85 321 27 153 104 350 4 216 30 164 168 139 63 322 84
3676 22 993 396 112 6 199 357 85 2 72 386 50 374 118 242 51 161 126 171 187 78 74 88 33 228 55 62 143 22 152 5 96 235 152 7 193 351 115 29 104 387 14 105 160 283 146
3677 22 1126 162 43 271 84 181 100 309 68 332 88 122 145 31 144 97 187 391 83 339 197 75 41 312 104 96 50 69 200 161 152 145 75 346 167 158 127 266 67 394 149 154 116 93 184
3678 22 1053 211 141 123 1 24 61 149 98 253 12 153 148 213 174 147 174 125 43 248 22 209 157 148 26 23 142 126 177 218 112 371 159 386 171 334 198 271 31 250 83 136 149 95 109
3679 22 1118 247 20 385 89 219 6 249 176 106 74 150 47 399 78 7 169 142 129 79 127 51 12 125 121 394 126 155 129 75 2 389 121 221 125 362 192 331 10 119 36 36 68 234 186
3680 22 910 146 192 154 87 120 184 365 170 195 89 42 189 15 197 269 41 398 58 313 170 182 74 161 64 36 79 51 71 99 84 8 44 27 162 82 146 345 46 267 92 87 109 280 53
3681 22 1185 105 100 45 54 309 157 223 91 231 184 106 18 214 157 288 112 392 95 107 19 8 188 116 105 186 183 396 24 291 27 276 147 278 120 187 28 222 77 10 157 382 27 371 90
3682 22 1202 114 34 82 161 341 100 320 80 215 24 265 149 171 88 39 149 315 137 227 186 336 13 366 110 241 175 266 174 202 188 264 115 22 145 362 196 147 41 162 170 258 111 93 97
3683 22 1079 301 41 164 38 267 101 173 31 266 82 71 41 100 45 42 87 108 108 260 4 135 173 399 81 214 112 202 23 22 46 319 123 287 34 160 105 335 84 336 200 118 6 40 17
3684 22 1247 202 81 55 109 389 115 264 75 87 14 307 52 326 108 226 147 306 97 269 192 130 180 248 64 183 64 381 141 255 149 342 136 203 3 276 69 66 102 108 80 208 159 157 67
3685 22 1152 137 103 172 33 324 115 362 103 163 26 118 97 241 98 37 95 246 131 382 1 133 9 69 150 110 176 381 117 87 137 184 23 192 107 55 115 222 168 369 184 345 87 280 185
3686 22 1390 136 69 232 182 199 165 334 131 374 2 32 83 130 13 352 16 101 87 390 92 393 196 358 14 363 127 197 108 13 29 44 148 297 27 81 95 392 166 377 165 368 160 399 49
3687 22 1063 372 150 264 25 36 5 316 29 200 74 194 114 343 173 164 171 17 63 219 195 296 65 186 61 241 102 180 200 53 28 124 2 43 148 390 47 15 170 398 88 163 112 39 105
3688 22 903 84 154 27 52 17 45 247 64 109 184 124 101 38 56 53 90 83 176 43 78 275 32 276 89 1 74 177 116 385 167 172 20 321 199 72 89 395 70 152 104 205 27 356 42
3689 22 1314 82 8 283 117 183 126 146 9 357 21 298 110 294 26 377 30 192 148 202 64 225 152 293 94 55 148 250 82 303 44 315 111 326 183 45 51 128 54 160 149 351 21 394 128
3690 22 1265 397 176 119 96 377 135 394 1 86 86 246 93 233 95 326 135 138 40 16 175 42 18 302 95 2 45 349 148 372 145 123 42 393 99 176 186 299 14 223 96 258 55 190 183
3691 22 800 141 80 22 138 247 148 179 64 2 25 41 3 221 141 302 144 238 24 185 30 74 113 215 124 78 37 19 135 43 161 117 135 40 90 224 38 190 154 301 191 178 93 145 198
3692 22 958 234 47 141 71 22 78 300 96 142 66 371 19 54 190 105 96 102 173 182 93 214 6 330 3 359 30 193 89 123 138 86 156 336 27 26 157 104 77 52 45 342 23 15 195
3693 22 1207 364 71 42 65 243 23 157 56 180 86 59 91 267 3 179 189 140 16 344 75 394 121 384 49 197 35 245 138 9 59 84 124 329 125 340 123 300 48 31 85 189 121 352 191
3694 22 987 251 140 83 19 236 109 12 156 92 61 305 79 394 39 116 78 315 196 202 54 119 53 302 49 84 186 389 4 337 179 7 29 13 25 64 122 36 171 165 48 75 195 353 69
3695 22 1096 234 20 98 148 15 51 353 85 304 6 285 187 192 73 190 80 252 148 308 16 172 123 289 160 46 54 207 120 248 111 140 33 130 189 132 97 40 85 181 143 242 66 329 33
3696 22 1211 290 70 65 141 218 124 309 141 199 197 52 44 250 59 315 50 369 55 34 51 195 166 147 34 202 79 176 43 296 56 28 186 126 44 278 95 367 186 187 165 383 39 360 184
3697 22 762 97 75 185 17 281 171 67 75 336 165 309 89 44 36 83 91 92 62 76 169 105 154 15 24 91 1 140 25 39 100 161 87 374 97 56 54 74 80 2 39 188 42 234 176
3698 22 1124 77 124 219 138 200 187 243 105 353 18 147 153 357 172 144 56 332 182 381 28 237 34 247 111 66 48 101 53 242 134 380 118 57 198 7 56 136 1 312 88 18 59 241 175
3699 22 936 182 136 382 113 117 163 292 106 148 90 168 13 290 68 18 131 201 197 257 147 6 65 282 7 376 170 224 186 162 150 167 49 132 31 94 75 22 41 164 189 54 53 8 71
3700 22 963 183 8 19 134 17 165 92 81 399 98 8 168 73 194 81 175 112 129 306 143 245 151 219 143 180 159 148 185 367 170 319 126 189 53 142 105 144 174 303 193 182 22 127 102
3701 22 1302 191 38 382 48 180 179 398 148 349 141 280 107 288 64 225 58 351 198 34 44 102 129 170 5 121 151 226 138 29 80 328 18 61 176 350 39 325 97 139 17 376 46 305 191
3702 22 1164 222 114 373 124 111 158 168 164 39 137 120 159 239 146 248 19 25 128 36 37 55 185 228 179 82 166 396 9 363 52 352 185 117 76 308 27 185 27 342 23 315 62 334 153
3703 22 1263 7 181 323 183 308 159 371 162 343 198 293 176 116 88 337 78 91 40 214 7 115 122 385 99 148 126 74 15 387 7 119 145 187 42 279 47 250 8 294 199 300 22 114 139
3704 22 1234 110 144 229 149 357 187 63 30 371 113 130 97 386 144 283 192 262 180 131 103 58 177 254 59 184 100 258 36 321 123 126 182 18 107 330 175 293 144 356 64 256 85 160 194
3705 22 941 228 194 185 42 173 67 296 31 43 102 89 179 201 98 166 73 291 54 190 197 335 116 90 78 72 105 133 156 64 126 336 9 63 129 182 129 224 164 324 125 4 102 77 54
3706 22 1221 267 101 26 157 154 15 306 88 331 147 365 2 251 50 109 66 327 44 274 141 372 7 222 148 370 145 24 126 246 101 179 64 201 4 220 107 18 77 346 100 23 63 253 25
3707 22 1229 312 162 90 190 357 116 83 81 322 104 380 92 48 3 169 45 55 147 308 8 102 79 66 71 108 11 371 130 273 23 307 136 136 148 278 93 263 160 325 185 304 28 262 106
3708 22 1186 148 106 313 94 365 120 195 43 185 65 150 195 187 32 20 10 90 107 97 37 384 189 252 143 113 188 157 168 367 170 274 114 75 186 207 191 257 153 386 41 169 87 356 70
3709 22 898 158 117 359 65 13 148 248 154 199 143 218 138 251 186 104 21 11 17 247 196 23 38 4 127 223 44 95 61 182 50 131 92 318 41 156 131 340 155 36 138 49 53 227 100
3710 22 1011 38 130 120 48 146 166 195 120 155 198 46 129 193 93 190 127 94 72 218 12 312 125 294 52 279 129 341 128 181 168 179 171 97 98 170 195 215 117 266 122 66 112 250 59
3711 22 1134 356 191 137 49 262 154 12 174 230 105 377 108 233 117 387 166 36 165 88 85 14 57 231 29 173 96 150 39 359 151 49 114 342 185 363 3 90 174 328 119 304 178 15 173
3712 22 934 365 180 160 81 67 196 95 76 26 75 48 122 24 38 80 126 286 194 267 22 308 22 63 33 349 133 205 111 30 129 227 161 40 107 28 36 353 55 261 27 254 134 202 92
3713 22 1290 14 128 329 159 346 151 266 167 365 50 268 98 65 72 160 94 352 138 54 191 244 33 226 149 239 39 375 93 372 177 184 137 304 112 295 49 112 168 379 162 35 28 178 58
3714 22 915 339 23 361 76 228 151 71 61 129 19 99 119 194 191 90 122 326 27 177 190 273 177 3 185 144 133 98 130 112 27 187 50 49 147 277 76 50 148 88 178 118 139 248 111
3715 22 1087 281 137 184 7 315 160 148 188 337 150 124 80 35 173 210 98 399 148 95 176 274 96 323 114 225 41 52 72 303 84 8 87 90 75 46 37 14 182 339 137 325 61 223 22
3716 22 1266 259 122 121 57 168 97 82 63 371 195 87 163 398 158 266 82 118 104 323 144 301 112 357 35 2 45 248 126 305 22 299 115 143 20 311 68 4 173 390 151 212 153 300 121
3717 22 1030 170 181 390 25 104 133 325 167 241 159 168 85 358 93 141 179 343 55 122 114 129 184 381 133 108 123 35 119 275 134 192 196 67 181 20 170 66 144 288 106 55 55 143 12
3718 22 1381 99 83 343 41 90 16 355 18 399 87 302 106 209 136 377 35 222 168 30 88 300 49 9 165 345 96 223 151 350 165 314 200 199 56 40 88 346 58 221 33 359 79 393 47
3719 22 1064 207 180 68 126 9 155 225 10 363 142 306 10 364 8 111 128 121 110 126 129 101 166 151 47 375 124 231 85 202 175 131 8 154 150 285 163 56 109 124 170 381 179 165 188
3720 22 1201 289 44 260 150 122 188 51 39 339 97 13 14 279 97 15 53 380 174 207 129 258 121 185 118 396 154 120 176 285 36 163 173 280 174 123 153 162 125 391 52 221 3 265 51
3721 22 1182 251 31 103 30 204 61 359 13 133 95 282 128 200 1 55 84 189 169 209 20 143 83 372 104 7 162 307 179 316 171 229 166 1 83 348 156 144 58 168 28 352 49 356 103
3722 22 1001 2 162 187 142 131 195 161 73 229 132 128 35 45 34 365 160 204 193 77 156 27 176 311 122 233 30 350 136 30 57 239 183 218 25 124 148 371 84 172 199 15 99 385 11
3723 22 1258 332 149 370 87 93 199 194 119 374 104 241 7 85 190 294 67 46 132 49 63 156 125 163 78 360 134 276 127 233 12 337 116 160 107 203 52 257 196 371 30 52 163 388 88
3724 22 1333 352 82 154 149 13 155 163 121 279 125 198 38 259 26 164 43 189 101 158 149 359 112 200 15 308 122 396 111 284 184 398 187 265 104 135 29 258 98 301 88 222 51 277 32
3725 22 887 28 193 26 16 45 184 164 3 95 116 169 154 37 116 216 73 99 166 59 115 269 194 96 78 43 196 165 16 46 193 248 73 385 25 289 29 8 4 383 55 319 103 360 108
3726 22 1230 219 176 132 69 341 190 136 161 335 31 238 177 226 154 145 24 346 144 248 83 168 136 263 176 92 46 182 10 300 141 269 70 268 200 291 160 142 26 320 76 256 157 5 33
3727 22 1216 62 149 208 8 92 56 290 59 143 104 386 34 349 167 196 1 260 64 222 127 16 112 287 157 137 158 184 144 267 188 329 128 336 136 379 191 128 38 286 32 175 119 132 142
3728 22 1023 266 132 153 82 154 79 297 65 117 5 354 75 188 97 93 128 177 20 215 113 307 194 55 34 383 140 217 157 11 149 50 76 280 2 157 185 33 53 202 149 9 107 375 197
3729 22 884 3 67 76 180 39 90 44 97 35 98 282 17 390 99 126 200 47 175 275 78 329 32 263 161 36 16 61 45 122 36 193 76 54 68 255 92 109 50 340 144 300 22 160 89
3730 22 1101 320 37 288 166 12 114 243 140 97 57 252 133 72 112 129 145 299 73 221 153 92 27 396 200 277 136 343 176 157 55 64 28 291 103 345 54 16 187 145 65 196 196 149 19
3731 22 1112 260 77 364 158 101 184 110 144 210 58 343 38 393 38 213 101 244 28 80 86 130 24 292 98 36 162 357 184 310 176 243 138 139 200 190 74 62 133 83 119 227 121 63 64
3732 22 1207 285 115 259 113 194 145 217 36 291 178 223 4 335 158 265 62 354 200 352 143 73 165 27 107 35 54 179 97 269 64 163 128 176 156 24 169 124 11 212 101 385 167 387 143
3733 22 1016 32 48 142 137 199 45 80 23 9 106 330 43 311 108 91 180 123 53 259 98 160 82 219 83 44 182 336 28 148 74 170 131 322 64 68 72 308 99 247 69 204 128 263 67
3734 22 1242 187 106 246 110 110 104 207 70 337 177 104 132 358 39 359 106 313 81 236 186 344 55 209 3 353 55 71 157 134 86 175 121 191 20 230 100 75 188 121 163 317 25 294 74
3735 22 1080 215 52 331 79 332 167 216 27 373 177 30 126 383 52 34 117 337 8 37 79 227 18 253 5 51 15 121 27 60 147 42 111 277 72 195 195 240 173 368 16 2 93 198 54
3736 22 1397 326 114 342 133 350 173 311 119 303 115 324 105 329 196 84 140 77 2 171 148 396 165 387 169 132 2 322 176 352 127 301 65 221 185 167 193 247 85 47 161 160 103 241 156
3737 22 1154 386 180 49 62 382 19 210 129 336 148 249 67 302 171 395 53 97 95 69 69 232 187 61 78 72 59 39 183 362 31 290 147 11 139 361 144 109 170 272 44 269 121 63 170
3738 22 1244 291 57 374 139 303 43 208 86 229 20 116 52 279 154 387 192 336 76 90 146 166 50 289 27 171 113 222 40 233 84 161 75 292 87 13 147 129 172 184 109 392 99 113 22
3739 22 1315 52 99 365 140 326 54 285 92 56 126 318 178 238 139 217 22 375 130 96 18 16 60 316 96 232 100 356 175 398 68 348 2 118 112 341 44 317 177 87 172 302 156 102 91
3740 22 1185 46 118 112 20 199 7 190 166 267 105 261 50 204 169 224 2 236 171 203 106 34 95 301 150 271 187 274 173 294 175 263 139 244 127 311 195 133 52 160 151 156 173 360 141
3741 22 1130 223 113 376 145 267 33 378 161 133 80 231 71 153 155 316 79 170 55 322 96 117 68 228 168 28 131 275 200 130 186 140 105 298 67 249 164 300 27 76 184 106 107 7 10
3742 22 1201 213 122 288 182 128 161 77 196 29 57 315 8 387 190 7 116 375 146 20 73 164 21 388 15 399 16 351 104 274 157 265 86 230 104 68 110 216 144 57 196 352 172 203 138
3743 22 1206 161 9 6 135 306 177 359 70 197 99 36 195 266 186 250 139 294 66 224 76 169 91 385 185 387 41 132 138 364 135 228 124 143 33 211 1 209 121 22 158 371 57 104 36
3744 22 1226 395 154 374 88 19 150 363 140 40 99 76 178 292 7 316 55 141 143 331 36 327 93 188 87 165 9 44 88 217 148 323 11 53 49 51 23 398 13 162 189 264 189 367 107
3745 22 1344 396 34 361 88 376 43 275 54 287 62 340 52 222 184 139 39 131 13 249 135 261 51 157 10 216 119 199 79 59 165 185 6 398 97 94 125 292 120 178 178 382 69 181 3
3746 22 1186 52 71 193 134 236 194 268 48 244 25 258 59 295 8 89 105 172 25 311 121 322 156 397 165 275 126 294 8 194 27 11 198 297 3 331 84 196 151 132 192 127 189 50 21
3747 22 1221 396 139 325 119 363 187 191 36 142 139 352 17 216 46 224 161 272 186 158 120 341 41 204 88 335 79 317 75 129 89 222 19 213 92 133 152 34 121 93 124 109 139 117 85
3748 22 878 299 140 22 9 60 162 49 15 50 39 101 80 155 127 160 195 148 178 159 191 63 110 376 183 203 99 254 63 389 123 99 87 262 121 247 73 82 95 87 83 133 187 115 39
3749 22 834 113 74 233 12 252 192 154 66 101 129 248 55 227 101 118 15 23 16 54 37 288 100 109 170 147 148 4 79 334 118 70 199 344 54 162 147 197 116 12 50 44 59 104 71
3750 22 1075 311 173 37 86 389 42 122 76 342 182 197 88 329 153 318 15 222 139 165 165 193 126 241 74 190 37 132 94 107 195 66 95 280 6 137 153 234 30 86 182 69 15 134 186
3751 22 857 181 108 277 145 24 69 222 135 9 63 208 199 299 92 44 157 286 109 3 117 67 139 21 100 120 106 281 188 72 167 174 4 226 50 100 49 70 122 135 30 384 95 228 34
3752 22 1220 186 23 142 23 332 144 91 198 235 111 249 154 168 81 192 47 267 147 272 68 47 121 337 168 255 166 351 149 146 136 286 120 277 60 251 172 350 200 206 12 160 132 81 101
3753 22 1314 323 127 167 69 351 34 267 23 322 34 229 39 136 130 336 71 215 56 99 75 58 71 376 10 228 188 209 187 119 89 239 193 368 157 213 118 342 80 292 15 313 120 54 1
3754 22 1029 49 141 223 16 196 122 242 54 344 17 63 123 204 23 62 74 112 100 266 31 209 79 300 150 158 191 365 22 262 170 22 63 310 45 78 106 118 119 311 13 87 125 135 43
3755 22 1205 147 196 116 10 48 182 192 56 60 91 357 169 233 73 142 95 242 116 104 112 386 161 381 56 71 193 342 147 79 184 45 27 300 7 274 33 398 81 244 41 389 12 273 62
3756 22 933 105 119 55 20 227 158 83 12 318 63 67 140 361 86 86 144 283 112 395 89 137 27 38 17 70 78 157 33 303 18 90 21 25 109 182 192 211 52 6 30 343 61 190 29
3757 22 769 98 85 63 9 232 151 145 58 140 113 80 18 69 112 72 39 201 44 62 43 196 5 6 199 10 35 142 22 376 122 119 12 384 79 43 86 175 53 225 87 132 194 108 195
3758 22 1136 65 98 396 109 112 9 103 107 13 108 58 174 294 199 348 21 120 66 385 55 97 27 140 71 31 116 310 162 369 157 326 66 304 34 177 112 289 35 276 196 92 49 242 90
3759 22 1081 196 62 361 14 46 15 310 25 154 132 55 70 41 169 331 9 125 56 74 28 42 2 291 130 237 166 277 80 366 118 170 114 132 130 279 177 97 188 153 50 319 8 271 112
3760 22 1029 376 1 320 52 9 146 31 50 147 121 331 135 38 7 215 155 277 136 68 8 17 146 184 113 85 89 315 156 96 137 267 23 290 138 74 98 83 104 299 182 229 68 365 187
3761 22 1285 282 119 263 169 339 22 138 36 358 50 321 46 116 28 341 53 46 115 142 183 388 191 218 43 241 151 370 21 18 134 7 52 204 22 372 142 43 109 378 152 359 50 197 26
3762 22 1086 29 89 230 74 3 123 208 142 313 177 336 153 327 105 125 145 190 132 148 194 305 119 135 99 228 64 251 138 265 47 115 93 136 145 366 90 267 126 32 132 102 167 236 29
3763 22 1197 224 161 325 13 44 24 358 100 142 45 198 121 108 200 10 173 399 125 265 86 69 183 175 87 308 6 18 161 125 54 341 100 166 65 312 9 240 22 334 66 257 54 373 57
3764 22 1116 216 97 255 140 114 140 360 96 66 46 155 72 115 148 21 8 247 186 272 110 346 64 283 5 397 148 261 50 73 69 65 169 275 156 82 14 267 129 232 65 83 55 280 150
3765 22 1005 2 52 157 200 389 180 261 134 43 144 290 39 291 102 241 163 171 57 284 45 165 165 211 31 294 42 95 128 96 126 29 49 177 137 248 117 69 60 63 155 54 46 393 46
3766 22 1140 360 163 102 195 159 18 160 169 249 5 362 95 284 57 221 65 57 149 1 56 18 21 316 19 84 70 310 137 67 54 382 179 368 35 173 126 253 84 47 53 240 8 347 76
3767 22 1039 17 119 340 73 68 92 281 85 313 196 55 148 217 116 84 36 169 17 214 136 51 138 255 22 260 107 13 19 254 88 187 172 379 12 391 71 92 27 135 39 34 82 349 117
3768 22 1270 290 118 133 55 205 135 393 18 390 166 229 48 178 200 101 18 186 25 196 149 367 18 40 146 152 78 379 33 285 127 349 174 44 33 181 1 120 173 170 109 338 199 356 67
3769 22 1196 350 9 236 135 385 32 36 151 49 75 248 153 305 26 337 189 153 38 314 148 270 94 348 189 266 70 155 68 357 174 17 117 9 103 301 192 138 3 393 165 51 145 69 76
3770 22 959 81 9 380 70 122 80 140 16 27 80 33 96 129 188 115 37 313 83 353 121 138 5 227 159 257 191 9 1 11 37 219 168 303 141 247 194 108 26 73 140 273 153 279 188
3771 22 1074 189 191 22 93 64 111 297 128 338 8 184 80 216 136 243 4 168 61 172 22 353 18 15 60 40 152 116 192 382 55 333 125 76 177 188 139 226 67 33 50 307 48 337 149
3772 22 1320 204 104 162 175 78 114 392 92 126 187 131 77 302 75 258 108 207 182 335 135 121 73 360 187 100 192 388 7 240 124 107 195 380 68 369 57 382 112 98 183 351 57 192 10
3773 22 1044 215 126 145 149 246 17 261 185 269 52 372 75 43 48 381 37 179 1 5 187 182 69 286 40 366 20 174 69 28 165 78 194 42 174 95 88 343 155 224 11 206 195 37 49
3774 22 1157 394 169 285 172 169 42 358 102 110 196 141 27 167 114 247 195 279 77 388 120 50 82 159 144 382 106 194 129 142 194 74 63 230 46 231 71 155 133 132 102 273 111 69 187
3775 22 1212 357 15 17 185 202 88 187 36 399 130 175 132 236 168 12 129 313 86 391 143 283 174 165 189 306 49 291 130 359 111 268 67 125 36 52 78 76 38 113 74 367 88 154 7
3776 22 1024 369 83 72 54 73 14 288 198 330 76 103 178 118 185 136 28 4 3 152 40 6 30 267 43 94 92 209 133 248 115 92 168 397 163 221 21 328 60 219 57 336 73 35 53
3777 22 1132 57 122 33 13 76 184 252 81 165 118 323 11 361 84 95 8 398 186 376 146 300 148 366 27 208 184 84 95 9 70 147 65 143 179 29 19 315 80 251 31 349 126 193 109
3778 22 905 161 88 69 158 73 196 103 125 143 20 151 102 156 186 396 164 255 95 180 150 225 9 168 91 40 170 74 141 95 66 201 55 153 69 364 178 264 18 102 159 38 52 212 145
3779 22 1196 390 160 308 44 206 87 193 182 247 112 73 87 234 146 227 128 11 27 135 116 248 50 293 63 68 146 373 57 149 185 201 138 296 60 334 101 146 78 82 193 342 106 231 175
3780 22 949 203 57 54 14 35 140 281 82 190 173 297 57 70 69 265 18 5 65 356 100 76 41 352 21 318 34 165 59 91 147 385 94 3 39 59 190 178 139 223 119 63 119 127 132
3781 22 992 388 191 301 192 7 8 244 82 48 195 255 118 180 171 176 71 318 113 116 72 151 126 261 80 64 84 78 154 277 161 93 20 13 37 178 21 280 60 268 74 66 137 206 36
3782 22 1166 313 28 305 177 143 177 127 68 389 158 283 24 108 160 178 137 72 70 156 84 258 133 304 137 144 124 163 161 260 168 149 124 347 53 100 89 229 178 308 18 88 190 241 147
3783 22 982 101 170 83 124 192 190 207 49 75 63 186 170 138 100 331 149 219 31 73 165 124 5 312 54 112 81 341 101 273 87 353 43 122 76 34 63 234 34 289 96 59 33 70 141
3784 22 1064 334 88 371 6 4 53 81 8 316 134 319 148 226 171 173 113 75 15 386 150 200 184 33 89 231 4 147 16 225 39 149 65 9 106 68 13 186 76 281 72 146 180 297 69
3785 22 1000 352 161 343 118 98 45 317 98 28 102 386 10 57 84 25 33 74 125 297 34 230 165 46 168 192 78 391 137 58 87 205 161 100 79 97 144 147 146 171 200 331 132 56 166
3786 22 1102 309 89 39 33 185 72 215 101 70 182 292 99 172 29 308 10 385 69 9 84 147 58 227 93 3 149 245 86 281 100 251 189 140 42 173 77 265 187 329 134 120 21 243 1
3787 22 1221 92 53 385 112 213 21 58 22 199 103 225 148 147 62 380 198 264 168 90 105 292 118 370 79 246 55 398 66 39 41 18 83 45 155 394 57 375 4 79 173 306 55 272 4
3788 22 1257 316 51 353 179 370 42 236 62 359 157 140 157 11 89 174 2 329 192 36 173 146 29 182 120 384 12 244 41 66 116 333 118 149 63 288 190 250 101 101 6 192 9 369 80
3789 22 1265 382 170 209 173 357 133 318 137 314 189 321 125 185 161 142 100 26 17 57 89 56 198 290 156 298 96 299 58 264 179 40 185 339 12 141 71 82 77 385 22 349 61 206 62
3790 22 1082 203 57 370 28 226 26 268 81 223 158 389 73 5 87 130 20 17 169 4 155 333 96 26 166 124 162 387 73 22 193 134 24 249 103 74 80 307 102 332 95 374 136 133 104
3791 22 739 155 150 224 158 104 156 205 81 121 129 42 60 1 64 252 86 239 52 140 194 78 19 17 184 72 148 230 46 284 114 101 190 15 124 100 71 32 104 151 104 232 145 163 184
3792 22 1092 160 166 221 198 370 112 192 47 82 160 30 154 107 11 199 142 124 99 332 139 174 31 209 5 286 111 261 70 55 175 253 14 341 26 164 110 337 107 308 19 66 89 99 122
3793 22 1334 66 174 172 149 264 97 331 72 102 168 335 114 237 189 288 42 155 180 67 118 41 155 224 148 325 89 236 48 364 86 321 181 60 92 329 123 389 11 347 42 379 81 307 15
3794 22 1317 221 194 256 175 374 74 292 166 181 67 314 105 307 101 105 71 387 25 251 198 117 132 320 57 342 18 50 72 356 87 271 149 294 197 74 120 89 40 300 155 305 156 62 5
3795 22 1047 60 84 343 37 134 140 153 65 212 161 159 29 210 30 79 165 68 101 265 114 97 91 385 137 282 84 244 186 191 57 142 3 140 85 239 73 376 143 90 187 103 48 216 64
3796 22 1200 229 46 380 97 98 196 210 194 86 194 283 119 29 126 56 171 382 198 373 121 234 163 345 9 105 34 396 159 233 163 22 62 360 153 310 57 149 119 202 186 264 84 57 44
3797 22 1148 209 112 14 190 261 139 262 94 101 159 303 6 144 50 316 177 12 90 390 123 242 99 379 142 369 180 80 32 216 88 75 24 199 40 166 60 378 179 105 79 137 159 236 81
3798 22 905 208 151 209 171 40 198 93 34 96 23 127 16 155 6 247 170 293 73 345 44 312 110 55 42 89 111 320 177 70 107 57 29 217 152 249 14 44 34 61 19 160 76 173 118
3799 22 1016 274 94 162 98 38 157 10 100 211 3 140 122 74 116 343 180 325 171 388 141 122 188 107 118 221 119 136 133 195 60 250 20 305 11 118 142 120 79 41 130 281 132 203 154
3800 22 1148 48 145 85 172 316 72 64 189 260 170 106 32 289 193 364 35 4 165 6 108 176 123 202 95 201 194 33 126 379 138 373 75 22 96 342 94 311 131 305 81 388 88 321 133
3801 22 1034 252 107 136 16 312 196 143 35 197 189 187 142 117 172 267 47 109 191 121 131 38 15 176 149 297 32 381 84 319 101 368 122 207 56 90 118 51 184 104 199 125 43 140 41
3802 22 1137 14 7 239 122 149 159 204 187 325 131 135 21 362 67 57 33 367 24 306 125 31 195 194 81 131 50 231 55 92 171 95 105 329 133 178 77 243 182 215 120 312 101 340 26
3803 22 1246 367 148 58 85 324 163 9 154 310 155 387 40 4 17 294 95 139 140 199 67 224 128 96 18 309 62 137 173 163 29 398 81 376 7 366 99 321 126 205 182 80 191 221 83
3804 22 948 359 66 129 98 357 79 116 180 207 163 198 67 25 86 239 139 314 36 219 90 194 184 140 115 62 96 296 141 38 69 176 197 86 104 46 43 135 161 174 141 276 171 7 52
3805 22 1383 209 198 390 122 385 160 363 179 296 103 245 157 350 92 49 188 160 24 384 198 80 29 240 166 141 13 106 16 336 64 267 144 213 8 265 198 320 180 328 167 282 172 123 31
3806 22 1249 215 123 218 127 299 153 124 178 181 115 143 74 327 200 289 14 108 157 28 67 174 177 186 153 104 104 227 26 368 41 101 138 367 199 290 42 376 23 356 70 296 83 221 136
3807 22 973 48 187 243 157 366 62 82 142 199 186 197 103 171 175 80 90 16 180 227 134 178 69 376 105 43 131 126 90 165 98 25 13 285 20 121 50 281 2 344 79 187 140 133 157
3808 22 1040 115 13 398 82 344 177 15 74 197 142 178 39 225 56 128 141 153 104 105 189 323 25 239 155 26 134 186 12 273 118 120 139 82 118 372 26 246 139 99 42 280 28 56 35
3809 22 1168 359 197 140 62 101 128 337 126 318 91 351 51 276 115 146 34 214 27 303 186 204 100 124 54 141 155 34 172 11 68 282 159 159 144 59 87 232 136 322 39 207 150 353 82
3810 22 819 295 138 121 193 32 77 92 107 130 33 14 163 156 24 183 38 334 141 333 192 179 164 328 135 85 166 141 34 70 22 80 7 68 153 151 52 29 43 158 158 27 171 273 182
3811 22 1225 146 7 219 79 347 103 23 126 266 102 60 103 67 152 88 88 373 168 246 40 320 197 91 100 239 1 9 17 323 81 398 21 287 169 99 186 271 73 263 89 374 74 391 192
3812 22 1174 25 78 79 149 245 125 388 116 321 31 15 111 183 24 327 105 256 124 125 143 44 176 280 67 248 142 355 22 367 145 213 143 22 44 291 19 168 78 334 40 260 101 150 194
3813 22 1126 324 76 99 179 351 175 273 147 350 152 213 150 245 119 371 163 63 135 105 36 330 195 206 97 225 140 88 84 40 37 30 115 264 128 93 15 254 118 161 4 69 125 353 66
3814 22 1254 43 75 28 57 361 133 92 91 79 98 339 103 389 27 380 15 368 46 47 138 245 100 255 5 103 76 281 7 93 123 233 72 379 146 204 22 388 35 271 126 137 11 304 75
3815 22 1114 190 71 394 35 149 40 325 193 340 131 349 194 358 181 1 50 103 185 122 33 330 77 6 117 111 77 195 200 87 50 274 29 120 20 215 20 259 91 164 198 222 64 144 131
3816 22 1260 244 96 181 98 280 54 282 162 82 88 78 145 116 24 344 154 226 169 334 97 388 149 117 47 239 32 396 12 296 139 143 91 234 75 341 114 128 22 227 161 61 56 305 176
3817 22 1199 80 48 282 105 17 15 201 4 363 69 250 154 53 198 117 100 336 59 390 170 85 130 235 164 104 61 325 164 316 29 292 147 29 173 203 45 387 156 302 176 202 7 228 199
3818 22 1075 123 127 334 134 117 55 18 198 241 182 101 101 58 17 169 86 108 67 314 80 270 110 218 177 310 119 352 111 125 180 109 48 306 194 181 174 49 198 324 89 331 176 142 188
3819 22 922 192 62 226 51 328 91 130 149 1 148 325 62 18 77 324 143 8 184 342 65 377 74 191 177 223 114 218 154 41 111 93 33 172 118 83 51 9 165 152 161 64 76 174 81
3820 22 992 304 97 175 63 32 116 128 160 189 118 289 12 31 106 117 71 368 9 255 139 127 90 141 87 6 92 399 69 320 172 149 175 220 76 38 51 391 165 162 132 34 50 95 16
3821 22 1177 107 11 38 74 19 93 164 97 134 105 135 139 148 133 207 19 256 107 194 75 182 183 277 125 299 191 332 40 350 147 147 112 384 172 82 28 336 179 313 192 265 3 339 150
3822 22 1149 209 158 205 68 103 32 201 85 60 125 183 50 132 114 42 33 12 140 144 147 311 26 127 46 356 39 37 172 328 121 202 85 326 21 339 109 374 23 168 98 357 18 382 22
3823 22 1007 259 14 33 198 110 131 260 87 57 58 242 48 94 13 41 173 86 194 209 11 367 147 119 140 321 38 237 77 55 170 298 65 136 130 214 45 261 74 131 69 324 68 176 88
3824 22 1176 260 149 373 54 309 135 20 56 5 159 376 43 147 53 297 117 150 114 4 32 279 48 244 152 330 64 34 53 332 162 92 191 262 65 196 170 399 15 225 4 125 153 246 72
3825 22 1154 357 94 140 58 159 143 89 38 342 84 341 71 348 175 75 31 136 166 373 149 182 169 118 181 335 95 60 47 333 83 355 178 374 12 137 116 53 126 9 136 66 79 235 192
3826 22 1108 305 17 127 70 390 75 252 110 145 184 44 39 71 55 37 3 289 191 380 62 2 68 329 6 193 137 342 59 167 128 250 71 93 86 355 96 147 99 231 142 89 101 197 125
3827 22 1209 303 37 115 34 299 69 302 27 74 94 116 167 304 82 47 154 305 143 34 149 228 188 244 126 39 26 67 127 326 15 204 180 252 70 365 102 338 66 280 164 312 195 282 167
3828 22 904 229 128 320 85 70 105 33 49 293 28 174 83 253 193 9 178 7 12 309 10 82 73 311 171 91 143 286 154 137 168 120 117 47 192 1 117 296 185 317 140 212 43 22 64
3829 22 1263 235 183 193 193 146 101 355 179 374 65 150 16 359 187 369 48 154 88 364 1 79 117 269 175 301 185 114 113 179 88 128 13 70 121 158 167 21 112 346 146 328 47 361 87
3830 22 1170 33 129 334 139 17 49 291 95 165 159 21 66 295 87 130 74 126 57 38 147 177 195 313 150 258 58 95 186 304 56 72 89 384 157 379 152 205 69 399 170 371 187 273 57
3831 22 1062 68 98 182 76 288 128 53 34 193 154 292 50 248 77 306 55 100 194 191 56 172 142 260 192 92 181 370 63 167 194 119 186 44 53 62 131 132 66 364 124 219 55 326 66
3832 22 1252 283 31 273 182 376 63 389 99 204 49 90 96 381 11 358 100 28 85 199 32 346 129 316 163 45 191 181 51 116 199 134 98 71 67 133 56 323 88 256 164 135 36 374 44
3833 22 1062 335 130 24 20 280 55 117 9 122 80 53 113 212 55 28 162 388 78 32 55 150 116 110 25 356 165 90 152 314 86 87 195 109 58 274 115 374 34 389 5 238 101 169 93
3834 22 1226 280 130 80 157 114 86 259 29 195 83 184 111 222 26 263 87 301 81 323 158 307 37 83 140 225 88 378 77 208 70 357 137 101 65 50 187 231 133 157 166 396 131 191 10
3835 22 1005 17 5 110 50 327 19 356 116 301 47 340 140 24 169 147 45 277 84 98 141 85 84 216 115 168 124 281 115 206 23 324 175 28 185 224 154 203 131 69 104 177 161 43 153
3836 22 935 329 142 149 157 225 46 49 61 81 16 176 49 92 8 363 97 30 39 71 57 223 46 26 128 31 81 105 143 75 9 216 157 379 192 203 180 253 35 195 180 83 86 387 198
3837 22 995 183 16 188 5 25 10 51 187 387 178 369 67 34 64 94 194 86 109 151 17 301 105 396 153 91 190 132 174 28 118 123 10 85 110 366 109 271 168 47 58 298 168 276 83
3838 22 959 231 169 77 116 278 179 284 130 35 79 282 125 21 165 250 48 34 172 209 118 233 174 179 104 94 177 313 191 144 140 273 126 61 101 194 138 79 77 19 113 356 100 190 176
3839 22 1333 216 39 375 49 363 183 366 195 308 96 250 1 273 162 391 168 302 16 294 162 116 87 251 147 115 69 211 70 120 200 397 135 39 123 135 1 105 52 195 165 148 45 365 172
3840 22 1367 158 108 339 11 75 184 372 190 222 174 288 137 394 99 358 65 98 155 351 136 277 85 88 134 137 83 298 84 279 14 207 36 73 97 399 147 281 170 289 102 96 176 390 41
3841 22 1074 274 148 106 172 302 56 59 130 141 147 15 77 381 64 112 59 78 118 246 102 14 44 249 46 166 137 300 13 264 89 253 138 236 158 61 89 366 71 171 106 169 185 334 149
3842 22 988 49 45 359 78 314 157 131 79 352 179 125 117 67 24 281 131 312 134 20 100 43 32 188 8 54 158 65 23 143 198 371 143 394 130 172 59 86 102 90 37 233 14 106 99
3843 22 1040 189 138 181 52 71 152 151 66 183 139 25 37 296 42 59 190 391 181 84 185 310 7 195 147 61 84 336 93 49 193 143 37 330 124 289 153 75 39 18 10 329 194 398 25
3844 22 1075 35 56 166 26 388 2 362 98 8 156 196 20 392 131 312 40 123 7 229 53 282 117 5 108 107 174 69 36 367 66 212 154 73 177 379 61 130 140 310 138 47 105 109 190
3845 22 1392 188 173 382 110 379 10 314 60 278 70 119 184 195 188 371 162 253 182 67 78 111 45 338 40 336 47 329 182 303 38 324 90 10 105 340 114 265 151 391 135 269 126 8 97
3846 22 942 42 61 30 108 138 92 104 27 332 39 225 12 373 127 201 96 217 10 200 16 101 113 32 51 255 118 120 132 47 79 28 40 339 10 100 28 155 6 384 194 230 196 118 157
3847 22 1090 396 13 173 158 164 140 258 28 371 61 282 89 132 13 87 10 393 78 101 154 129 128 54 84 86 38 29 115 185 146 223 132 110 195 241 73 286 99 300 9 111 133 249 42
3848 22 1033 97 135 51 41 364 151 394 93 231 48 328 116 37 156 230 21 101 5 304 10 399 145 34 37 195 133 45 105 17 93 146 113 179 196 154 142 347 147 186 129 113 44 182 68
3849 22 1113 225 154 120 29 210 81 180 154 314 16 148 46 12 52 262 104 149 127 34 96 80 175 194 178 313 122 324 25 365 57 45 142 363 116 370 172 397 149 125 110 116 24 108 127
3850 22 1136 227 121 382 175 199 15 270 30 142 64 8 54 385 83 30 102 291 74 43 53 364 24 138 113 100 199 180 75 58 59 101 131 240 27 129 7 297 159 348 112 366 153 248 200
3851 22 997 382 101 90 8 143 95 149 107 318 38 171 170 236 102 244 46 160 97 176 152 323 104 158 171 262 57 34 179 9 82 330 190 20 197 77 114 97 183 183 134 305 104 122 6
3852 22 1161 300 167 318 196 142 69 70 197 378 41 211 34 274 141 42 107 271 183 89 42 380 117 107 28 251 41 362 155 345 83 312 196 1 181 391 142 49 60 90 178 252 100 11 78
3853 22 1512 241 4 184 111 387 24 304 118 340 10 345 190 250 106 296 146 208 141 388 83 33 189 295 123 366 146 374 129 223 14 332 7 276 70 182 179 187 122 140 132 311 190 389 7
3854 22 996 87 129 366 28 220 105 310 5 245 4 327 163 302 52 91 124 66 174 82 93 244 64 24 30 385 163 161 47 104 150 5 191 30 170 170 1 227 79 71 83 283 33 184 135
3855 22 1070 323 59 152 49 293 196 92 156 19 121 134 34 290 189 335 95 331 116 264 100 116 42 179 121 113 13 355 145 148 89 220 158 240 68 250 36 159 157 206 31 48 139 16 90
3856 22 929 80 102 184 10 217 199 110 85 41 40 5 153 204 111 49 151 220 60 191 87 378 197 66 184 180 66 74 147 355 105 90 115 265 88 176 101 15 57 218 168 233 120 367 52
3857 22 811 379 109 291 88 87 39 106 22 18 123 247 165 29 152 165 118 66 181 157 41 82 37 207 138 20 176 105 4 95 71 208 73 132 98 113 18 336 170 39 106 292 85 70 72
3858 22 1177 188 186 341 53 166 97 45 47 285 3 385 105 178 89 60 72 112 67 297 43 364 161 12 52 130 2 157 173 238 178 196 26 363 136 230 128 232 27 327 69 29 111 373 7
3859 22 1409 351 184 30 14 251 126 208 166 286 171 369 167 172 125 339 10 254 86 387 168 221 16 248 5 394 174 73 23 36 197 229 138 380 58 304 30 136 111 348 173 282 116 340 5
3860 22 1173 393 30 366 198 316 152 136 120 165 140 113 90 164 135 277 160 315 14 140 125 69 121 260 180 268 184 13 136 123 169 128 105 335 125 220 86 242 107 5 6 399 70 247 162
3861 22 1008 204 123 274 71 289 13 195 157 285 6 88 105 141 52 240 64 21 167 120 155 291 139 85 197 197 90 147 18 261 21 363 134 43 51 98 189 160 182 146 47 86 87 299 125
3862 22 1252 150 71 243 21 225 134 111 16 218 107 164 59 6 181 99 66 354 62 399 196 312 48 185 23 381 130 270 67 216 120 343 117 390 186 137 166 271 47 181 40 106 145 250 111
3863 22 1292 325 149 376 78 10 126 226 73 296 105 339 117 323 107 188 66 375 129 3 112 294 25 310 74 216 15 370 65 125 47 365 52 124 174 329 149 199 53 94 158 201 10 80 59
3864 22 1268 349 97 233 77 299 144 370 75 254 195 290 20 317 155 297 163 319 148 238 45 277 139 43 129 48 88 200 49 318 58 197 14 291 73 65 186 194 139 391 140 29 11 56 135
3865 22 1216 59 170 205 6 8 49 234 98 43 115 97 130 152 97 378 21 306 126 235 196 398 99 382 191 389 124 283 169 86 138 303 144 108 108 150 67 335 164 103 49 260 184 353 108
3866 22 1113 114 173 14 39 159 161 237 9 94 179 398 18 261 166 103 151 221 47 258 80 348 76 339 82 391 41 83 2 177 187 310 90 359 75 128 70 35 116 78 81 247 27 98 107
3867 22 1185 393 152 209 165 350 18 44 49 293 182 83 83 375 165 85 103 103 146 392 61 172 71 82 158 387 160 238 33 186 87 291 130 39 100 294 140 117 89 189 162 223 71 196 197
3868 22 1184 387 80 299 89 177 42 101 148 312 183 58 50 294 95 34 79 182 77 161 172 328 6 63 44 295 51 357 117 121 153 265 59 384 115 147 113 356 48 12 19 382 69 21 75
3869 22 1140 364 54 305 97 282 65 220 9 71 82 253 117 133 161 33 5 313 49 264 49 363 162 361 70 161 172 40 142 41 60 368 4 66 73 52 147 337 71 156 159 104 160 275 188
3870 22 1040 120 59 393 185 107 8 233 69 169 193 290 82 164 130 23 156 389 191 111 54 215 162 353 103 384 108 62 88 19 88 275 138 99 19 74 5 26 106 226 147 50 115 380 166
3871 22 1081 44 2 321 33 344 32 38 158 145 190 213 129 49 74 168 67 113 42 157 11 230 16 190 88 193 88 137 107 267 102 351 21 175 135 164 6 324 74 302 66 86 30 314 111
3872 22 871 197 133 375 191 89 186 3 118 153 144 5 145 32 94 203 98 347 153 118 121 39 34 278 163 107 180 180 144 209 93 6 158 25 180 100 65 117 54 335 69 339 165 228 184
3873 22 1238 368 126 331 72 243 3 63 76 281 177 134 60 156 29 220 200 234 129 177 166 180 41 282 33 175 103 382 66 267 9 49 186 286 131 210 81 334 72 108 14 248 42 225 155
3874 22 1040 22 44 154 56 125 130 21 104 123 54 137 97 356 118 314 23 278 115 360 164 245 169 196 178 40 103 343 39 96 167 193 118 163 147 325 39 228 97 142 102 150 30 151 106
3875 22 1454 299 64 280 129 378 39 292 175 8 87 352 47 341 47 286 37 365 78 154 79 376 30 317 156 326 59 57 75 240 7 180 139 223 59 267 200 250 110 374 57 148 78 303 88
3876 22 1099 76 140 40 170 229 71 145 10 387 52 135 197 309 10 237 67 341 127 289 152 41 1 254 166 9 153 195 111 392 22 51 68 214 20 248 84 316 58 270 168 192 67 28 153
3877 22 1342 55 46 246 181 287 149 125 79 301 130 244 109 234 191 219 25 212 21 292 25 392 140 260 60 149 130 379 92 348 6 245 154 3 42 334 89 190 10 167 90 291 163 398 124
3878 22 1171 305 168 348 116 389 192 93 132 283 152 191 31 33 169 322 132 126 118 285 129 159 18 369 100 179 88 69 2 386 144 306 106 92 173 94 35 17 177 117 169 168 147 353 136
3879 22 1141 20 85 62 90 169 142 248 139 148 69 149 88 138 150 26 33 7 131 276 180 176 110 396 152 226 116 319 124 269 7 344 105 220 33 273 113 232 163 374 131 123 19 369 24
3880 22 1278 396 153 183 126 29 114 253 138 109 4 364 177 275 87 197 33 182 101 252 166 125 164 350 88 137 80 119 11 250 39 387 45 191 169 322 19 282 174 309 142 130 72 270 156
3881 22 1327 110 66 388 44 318 191 9 195 354 110 282 42 142 152 205 191 342 191 188 132 311 61 303 192 235 163 85 116 34 155 271 95 372 10 338 42 299 36 353 160 69 146 301 172
3882 22 1153 150 92 313 92 31 196 202 91 250 145 277 12 30 192 397 136 14 92 307 23 381 100 222 31 287 126 391 107 72 91 278 173 134 142 17 164 138 18 255 139 115 83 351 96
3883 22 1139 275 147 31 40 390 89 63 123 389 36 153 75 362 143 134 185 386 11 109 119 125 35 242 95 41 180 9 123 82 104 349 29 86 189 370 174 203 92 314 38 45 141 399 139
3884 22 1002 274 135 76 84 44 147 388 168 381 29 14 21 361 22 95 42 77 44 22 114 184 192 88 186 283 1 23 79 93 174 370 166 308 45 202 103 191 189 171 170 36 143 330 10
3885 22 871 238 171 86 33 393 200 16 136 239 153 218 191 327 49 284 100 18 49 160 14 50 14 205 191 36 127 72 22 41 81 211 163 118 43 355 69 10 42 107 114 60 50 240 60
3886 22 1112 133 92 29 133 203 42 335 16 198 77 252 125 236 123 98 28 355 108 190 72 302 97 341 63 338 199 176 149 248 15 8 132 58 36 217 60 78 151 76 75 227 79 351 14
3887 22 1214 201 200 241 107 307 30 178 160 126 70 374 16 21 149 364 20 116 172 152 125 359 168 385 36 70 12 263 96 290 165 309 42 165 101 148 23 82 77 135 8 347 108 223 119
3888 22 1102 209 138 138 124 109 89 68 8 384 55 277 147 269 172 236 34 32 29 150 84 328 172 166 5 258 125 103 166 99 21 174 36 158 49 297 199 48 164 206 184 370 35 330 191
3889 22 1162 206 118 176 190 298 125 225 26 48 190 382 106 314 84 271 164 56 196 200 165 396 96 163 43 11 121 378 132 355 60 122 112 377 97 253 74 221 78 51 21 19 32 126 133
3890 22 1237 115 148 248 122 295 47 287 90 142 1 284 104 321 62 36 27 121 157 339 49 54 143 322 26 220 125 398 39 356 75 123 23 22 170 144 68 369 182 157 110 383 41 214 55
3891 22 1042 254 49 82 174 357 172 374 162 66 47 140 86 171 137 76 127 212 150 101 185 119 44 53 87 178 161 149 160 201 114 366 6 114 199 331 70 370 104 32 36 151 123 273 121
3892 22 1232 259 100 399 22 49 99 207 119 295 11 206 72 371 106 231 124 219 148 129 84 147 60 353 68 363 136 55 113 10 127 386 69 226 184 290 26 83 48 345 177 258 102 48 181
3893 22 940 7 30 304 177 377 32 60 75 43 164 143 6 252 197 70 61 76 55 129 53 39 171 79 73 370 23 49 180 124 48 360 82 277 15 258 5 198 69 280 41 232 22 35 170
3894 22 1265 267 96 197 74 376 50 264 98 80 136 268 54 336 199 129 183 358 10 211 124 19 15 321 87 246 113 70 19 310 105 389 129 185 154 375 186 217 25 265 152 92 118 87 42
3895 22 1255 46 21 351 7 231 74 225 45 346 63 91 59 133 61 320 37 249 48 188 186 1 114 171 169 338 188 381 105 358 22 303 178 372 61 208 197 286 5 343 148 47 1 32 107
3896 22 1213 272 20 108 120 7 93 73 15 41 162 202 112 343 59 270 116 313 199 240 173 359 188 210 163 130 158 361 82 141 67 354 161 326 25 319 18 96 143 185 88 305 138 199 196
3897 22 1104 269 66 260 19 305 33 377 93 42 139 174 151 251 56 244 70 161 4 395 185 74 165 32 169 149 120 273 86 119 23 34 139 88 93 357 145 125 134 389 119 224 162 75 169
3898 22 858 64 144 81 67 90 65 293 54 49 61 202 168 85 40 238 107 273 176 146 165 132 90 242 17 78 160 193 192 180 19 160 44 362 193 62 51 257 106 105 57 118 58 24 154
3899 22 1171 97 13 260 169 388 158 86 72 399 127 40 77 238 32 220 169 50 131 164 163 123 178 366 132 83 22 188 1 279 164 306 128 376 118 248 116 75 133 387 73 211 178 101 200
3900 22 1053 210 120 369 11 251 132 174 173 309 139 304 144 112 92 96 190 207 1 269 182 118 117 97 192 49 35 217 12 13 117 211 22 237 179 384 39 263 157 11 123 247 67 66 158
3901 22 1225 310 113 300 116 114 168 249 31 236 146 375 85 332 143 96 144 59 58 117 47 37 101 285 51 209 48 373 8 66 191 365 127 103 16 394 16 336 42 399 171 139 125 7 71
3902 22 1242 67 54 14 77 312 131 324 148 183 160 150 191 359 122 398 176 112 115 302 15 82 95 382 17 89 132 188 27 256 194 297 74 248 111 351 159 393 26 58 127 337 7 69 48
3903 22 1024 280 67 175 192 333 77 158 14 323 91 31 11 23 170 238 78 315 86 104 162 396 6 272 140 231 81 66 119 39 135 366 119 153 141 262 37 169 171 50 43 61 32 54 83
3904 22 1080 201 43 313 68 328 16 229 76 21 53 167 3 285 185 321 124 271 39 194 23 331 55 59 51 25 60 93 37 44 98 120 44 292 32 311 20 399 92 47 19 96 13 173 132
3905 22 1081 397 45 255 67 235 200 241 117 6 51 167 182 263 12 19 106 309 138 101 1 121 164 372 119 7 170 89 102 182 61 33 131 257 40 349 92 191 142 208 197 344 127 178 6
3906 22 1176 138 148 111 46 285 164 198 157 127 121 75 133 90 115 186 24 327 170 306 184 361 6 227 152 299 34 300 43 360 29 48 49 177 111 47 13 274 196 370 200 317 196 84 158
3907 22 937 111 69 133 37 38 190 220 151 148 46 102 46 32 1 288 143 381 136 392 157 398 38 122 71 233 91 222 101 86 105 11 196 173 143 185 162 85 4 112 32 2 165 277 185
3908 22 1055 117 117 327 98 52 118 206 1 307 127 271 140 17 44 192 55 348 2 202 72 297 186 185 181 342 49 164 95 13 40 279 82 156 5 179 159 75 184 159 181 263 181 72 31
3909 22 1238 24 16 285 123 17 39 394 113 376 131 245 117 379 8 211 191 89 72 107 46 202 18 320 138 328 52 309 76 182 84 91 19 207 107 57 152 372 32 282 16 301 60 176 63
3910 22 1006 203 127 104 26 233 149 380 50 220 117 378 23 68 38 298 1 73 188 219 79 47 75 383 18 259 16 185 111 28 112 125 30 38 28 7 71 128 186 272 99 54 1 322 73
3911 22 1085 38 19 274 111 159 92 341 5 319 75 174 129 91 158 191 118 270 115 299 59 143 57 129 22 195 153 121 48 153 42 273 143 212 98 253 170 189 145 59 20 347 139 110 57
3912 22 994 329 179 78 44 29 136 338 85 17 159 79 169 279 79 73 72 103 15 84 200 67 5 340 164 131 151 183 29 89 44 237 170 374 114 213 2 250 102 238 18 260 69 186 91
3913 22 1128 147 58 314 1 25 149 91 154 291 6 36 41 340 16 330 183 253 99 108 166 63 61 367 116 299 184 327 167 321 169 265 131 283 65 155 31 16 197 136 106 3 123 342 139
3914 22 871 28 77 391 78 184 156 292 45 75 7 95 58 333 61 131 102 77 61 136 93 367 118 108 163 54 165 117 176 63 59 266 90 87 56 222 164 210 18 38 16 112 47 101 124
3915 22 1134 329 154 141 89 44 107 6 103 270 11 68 138 139 82 396 4 172 34 260 90 256 175 300 73 164 67 337 10 119 60 291 72 212 31 160 7 138 118 310 159 128 129 296 18
3916 22 1247 10 44 222 133 277 33 223 84 207 74 309 122 92 45 331 11 56 21 282 67 204 194 74 141 63 135 299 142 263 146 360 72 389 181 357 18 165 179 301 123 209 44 295 5
3917 22 1264 126 57 61 99 339 127 102 84 352 42 346 86 292 87 100 37 398 124 378 130 280 195 294 10 95 168 213 56 11 59 260 137 116 120 387 6 199 88 241 102 81 138 388 172
3918 22 1086 176 39 360 174 362 137 303 41 131 197 250 178 316 14 33 127 25 44 15 92 116 1 97 114 40 89 367 120 26 106 43 1 345 154 374 106 291 29 147 173 377 148 150 92
3919 22 1261 314 134 218 138 330 184 29 45 136 77 310 175 365 76 246 190 182 88 142 126 242 68 383 84 296 129 8 72 158 163 342 43 333 79 172 116 259 168 252 135 77 178 251 153
3920 22 1134 224 40 86 63 333 163 304 200 145 139 247 26 347 118 254 56 233 147 250 165 377 22 232 35 189 35 121 18 13 171 122 188 162 7 94 121 106 46 65 44 292 90 342 10
3921 22 1154 95 197 242 41 199 158 169 172 141 3 360 176 123 129 140 93 250 127 254 8 176 100 328 81 345 145 277 36 186 18 197 81 167 190 73 165 347 194 136 40 196 47 215 71
3922 22 1234 128 106 315 177 232 121 337 159 20 16 240 116 160 116 151 98 285 100 130 51 289 154 367 188 347 54 227 95 101 193 365 180 250 31 156 81 351 44 39 122 212 30 237 123
3923 22 1060 297 140 220 182 191 149 184 79 103 151 218 1 156 196 95 8 340 11 387 189 242 95 221 144 138 60 66 149 41 54 272 138 145 91 119 135 392 102 366 46 4 183 46 160
3924 22 976 131 141 367 70 103 154 259 96 48 31 40 137 290 57 38 83 262 109 220 7 351 138 341 94 191 106 339 147 41 137 258 171 29 176 192 131 129 2 27 128 33 18 217 74
3925 22 1070 26 54 156 87 114 175 293 16 264 186 310 7 43 200 105 83 136 162 205 164 137 149 295 18 350 73 297 182 242 113 208 67 318 163 153 31 290 46 47 105 183 108 111 25
3926 22 1081 107 15 260 43 128 16 6 65 364 52 82 114 76 130 247 117 43 54 183 160 17 136 343 58 333 141 362 115 248 25 291 154 191 150 148 119 166 106 129 109 216 42 385 97
3927 22 1154 241 53 139 94 36 51 262 123 393 119 255 133 81 121 132 105 211 37 295 113 185 13 78 42 347 158 150 114 152 86 392 139 301 85 374 151 147 96 265 102 179 97 1 184
3928 22 1239 299 48 96 35 60 125 276 159 283 177 24 34 63 186 377 1 87 61 326 189 359 173 236 24 226 166 120 199 228 73 382 126 320 30 112 131 106 187 241 188 363 65 373 177
3929 22 1111 2 149 329 40 162 54 29 120 378 16 295 3 181 15 353 8 39 87 85 158 316 196 240 173 134 81 361 97 297 85 25 98 186 154 338 147 207 118 66 137 133 161 291 65
3930 22 1194 327 44 273 165 130 109 274 197 105 113 369 38 145 81 286 41 166 111 291 151 264 28 249 22 97 114 110 29 226 1 93 152 244 117 68 173 341 121 282 6 289 71 150 170
3931 22 966 357 143 287 19 33 189 82 12 37 55 308 150 165 88 128 165 132 31 360 49 299 84 226 191 204 59 196 44 129 98 85 40 51 103 24 39 336 35 227 143 142 129 59 181
3932 22 1412 256 23 312 86 134 112 336 17 137 127 172 195 274 15 324 123 380 160 162 182 215 137 173 102 371 199 396 64 79 54 244 134 228 108 372 161 19 107 377 108 385 148 302 59
3933 22 1315 315 177 381 46 89 95 227 55 231 151 356 154 350 152 217 180 357 13 314 185 120 85 145 90 143 74 197 128 173 51 338 87 179 70 284 67 364 111 121 147 61 29 300 162
3934 22 965 332 68 342 88 32 7 24 151 43 169 241 185 242 189 264 166 39 1 5 18 71 88 84 186 398 157 11 137 335 124 20 3 217 59 386 23 283 89 17 3 281 154 196 69
3935 22 1112 369 161 308 170 165 125 192 53 160 129 2 68 213 12 4 147 288 175 101 104 234 87 79 68 175 47 70 55 200 65 323 121 377 182 290 142 306 33 146 18 161 147 285 173
3936 22 935 111 41 72 150 215 172 5 200 258 83 67 32 82 136 38 33 352 113 353 129 94 194 22 200 226 167 17 139 265 53 263 127 93 134 276 60 58 81 259 115 315 126 299 196
3937 22 1154 13 88 229 117 200 133 197 94 327 170 293 104 336 61 42 152 65 57 79 158 190 154 17 47 186 27 114 101 152 164 96 117 251 76 385 51 361 181 344 87 350 188 390 37
3938 22 955 384 188 64 40 18 173 381 124 141 180 109 168 245 9 71 8 257 139 58 84 123 60 44 103 3 130 204 142 272 40 207 180 157 46 349 129 378 72 22 157 333 189 1 141
3939 22 903 11 160 349 150 218 33 272 29 76 127 184 158 330 125 229 122 18 35 253 126 32 1 6 9 73 27 118 157 367 70 97 178 230 46 127 199 30 150 227 105 10 62 358 87
3940 22 1377 242 79 256 76 131 181 259 131 386 68 355 165 337 111 331 6 360 108 187 157 185 186 336 164 90 163 373 104 320 11 345 198 66 173 280 46 31 163 384 98 69 148 186 180
3941 22 1044 230 192 291 138 378 47 123 115 184 10 78 73 373 2 328 92 213 73 42 30 45 73 228 75 35 11 325 104 110 110 339 53 28 183 103 49 306 112 326 130 36 79 58 128
3942 22 1075 43 82 321 73 278 193 100 152 228 62 283 123 290 117 261 94 241 41 276 115 343 76 220 6 1 149 42 32 358 121 274 39 146 116 385 197 20 164 58 199 46 180 88 162
3943 22 825 193 182 154 33 9 68 375 85 287 180 37 188 21 68 97 93 142 136 133 39 3 70 36 174 233 93 173 79 25 12 240 17 345 146 249 154 13 175 390 52 106 26 39 79
3944 22 1095 246 135 371 187 22 56 177 177 125 12 302 157 257 26 187 81 238 179 49 182 324 49 87 136 375 76 80 102 158 147 264 81 285 85 136 61 213 60 225 67 168 81 92 155
3945 22 1201 313 81 333 113 63 8 113 101 143 87 177 82 166 30 58 76 128 73 356 164 110 43 376 122 254 200 388 21 232 32 327 96 312 11 360 126 18 72 27 113 158 155 394 76
3946 22 808 336 3 151 63 276 58 26 137 100 1 210 153 153 150 325 184 181 52 32 92 14 191 370 32 63 148 96 172 102 89 47 37 43 149 51 70 206 28 305 180 16 9 132 165
3947 22 1017 134 68 297 137 51 140 350 41 309 133 55 8 28 27 68 25 111 174 299 132 179 126 90 36 306 57 244 189 173 129 8 69 265 58 215 99 269 147 105 76 175 131 337 42
3948 22 931 156 185 304 129 84 188 259 161 277 46 218 133 90 159 57 18 166 125 235 24 49 74 147 178 332 73 261 68 67 168 4 122 48 39 109 58 337 104 169 69 193 127 162 93
3949 22 1057 1 196 268 37 396 141 340 143 70 71 367 82 90 33 249 46 355 48 84 63 106 83 209 52 220 1 178 97 114 22 49 62 89 85 57 181 377 151 251 199 118 132 241 150
3950 22 1350 333 86 56 180 369 119 285 4 70 45 207 41 397 136 337 111 158 138 172 46 374 180 379 150 331 29 101 200 312 141 196 178 157 128 146 75 212 149 296 9 307 136 205 43
3951 22 999 25 115 362 38 197 135 170 175 237 52 355 89 51 19 181 151 14 158 307 141 103 133 105 4 28 113 110 116 117 104 140 184 303 53 373 52 387 142 178 175 193 133 63 195
3952 22 1191 351 43 298 116 152 156 209 55 289 113 10 68 177 71 383 45 375 74 228 29 126 1 232 65 294 10 239 39 142 54 233 44 48 82 359 200 238 167 6 126 31 15 345 159
3953 22 1148 37 128 4 163 353 31 144 79 383 175 143 29 384 181 267 77 186 51 120 34 133 31 33 170 149 190 47 180 391 138 392 70 341 107 223 124 50 101 58 24 395 86 360 127
3954 22 881 104 36 113 155 108 146 287 138 330 8 286 119 254 17 274 196 307 17 66 199 123 40 322 124 92 132 100 86 169 59 12 73 46 124 27 153 21 65 290 102 24 128 172 29
3955 22 864 144 197 24 2 214 41 201 88 280 122 12 171 5 111 8 174 121 20 46 166 95 24 319 68 240 160 369 15 239 93 43 135 89 18 336 102 59 136 190 90 210 1 213 14
3956 22 1210 263 20 339 183 191 136 148 86 311 18 353 102 130 73 316 120 365 110 254 54 328 142 307 138 277 48 227 38 200 191 204 62 163 142 44 153 78 144 190 140 113 94 42 194
3957 22 1095 367 157 66 83 219 71 288 146 12 195 35 41 242 13 278 194 204 81 55 166 223 51 270 52 146 60 191 10 153 32 356 71 141 21 306 159 291 193 56 103 339 42 143 133
3958 22 930 254 172 126 9 53 132 326 27 182 196 78 79 207 20 89 111 4 44 334 144 16 39 54 106 383 61 160 74 102 54 6 107 226 83 316 30 214 193 56 148 388 85 146 56
3959 22 1282 314 57 259 109 390 154 324 28 359 182 162 19 341 35 72 147 40 179 372 74 246 1 288 38 208 187 378 44 12 75 99 78 131 158 138 120 263 62 299 22 195 13 240 135
3960 22 1009 47 64 233 39 242 4 112 39 356 151 28 115 137 5 358 149 80 57 378 162 366 115 234 28 128 84 49 122 96 41 9 143 104 41 181 97 397 44 287 104 195 114 19 131
3961 22 1080 271 128 31 102 336 8 63 101 75 48 81 2 332 81 124 27 273 84 121 128 324 53 224 72 97 62 176 91 376 194 173 46 204 99 57 163 113 109 237 161 341 39 292 22
3962 22 1248 114 70 294 197 343 22 72 195 397 144 291 59 71 181 386 64 306 183 336 109 281 144 223 193 205 60 305 145 50 148 118 115 370 164 263 112 137 86 106 133 181 197 143 51
3963 22 902 129 80 66 34 262 154 94 142 297 117 87 53 328 191 198 129 91 115 43 60 278 57 371 14 142 76 99 123 24 193 173 105 273 191 138 134 144 184 228 40 100 66 45 179
3964 22 1231 208 42 307 98 108 101 357 138 157 79 303 50 353 172 330 146 297 186 370 39 124 55 182 59 282 173 358 147 217 88 10 194 204 118 94 113 7 2 391 61 51 49 214 175
3965 22 941 179 111 23 164 280 61 239 134 194 97 168 166 6 66 183 93 172 144 38 128 213 83 40 19 284 182 80 87 231 45 13 161 155 187 76 186 399 67 271 192 363 38 157 121
3966 22 1201 256 91 165 27 387 3 306 199 285 145 370 121 279 49 359 109 245 171 21 151 357 96 336 107 362 158 98 77 196 6 149 3 49 113 29 35 67 135 233 104 231 2 24 61
3967 22 1205 202 134 169 198 304 141 348 12 189 35 118 150 393 167 378 140 372 78 142 20 343 122 6 9 8 39 264 191 392 39 251 146 172 20 143 75 112 91 238 100 277 107 2 69
3968 22 1235 73 131 360 45 9 101 16 103 223 22 311 182 212 127 372 155 365 23 300 137 194 195 163 105 37 1 205 113 307 6 134 180 136 93 376 96 391 198 368 164 261 149 127 187
3969 22 1080 121 82 351 95 133 87 88 127 250 144 115 2 148 28 108 105 161 39 393 53 366 40 398 157 38 165 272 98 66 151 236 138 232 138 32 116 225 71 395 26 14 109 179 114
3970 22 1045 88 38 370 48 277 162 53 42 2 50 150 191 367 174 240 184 324 75 73 107 212 56 22 188 126 168 365 91 77 143 156 116 381 126 364 9 87 168 50 40 369 152 30 87
3971 22 1028 125 69 270 200 295 94 106 59 349 79 46 26 47 163 117 75 57 72 190 37 105 45 36 24 247 27 393 150 279 74 277 101 25 124 394 130 182 95 160 179 320 158 93 188
3972 22 1069 232 150 260 174 186 8 30 183 195 54 181 174 398 130 182 28 155 10 328 179 133 74 266 168 19 45 39 177 137 27 360 86 238 85 24 197 315 158 144 120 138 117 317 67
3973 22 1044 98 144 21 107 24 151 240 49 10 105 368 180 101 6 156 190 32 68 27 69 352 2 266 18 359 9 89 96 277 5 362 174 334 32 76 36 271 124 45 128 291 25 380 48
3974 22 1083 132 121 280 199 148 100 103 101 317 120 60 125 361 155 153 117 69 126 17 154 158 44 390 180 319 186 259 9 10 191 9 94 311 88 292 10 387 146 111 104 266 122 180 178
3975 22 823 276 133 94 96 10 63 202 119 106 191 51 25 176 61 185 138 3 193 231 114 32 74 275 19 20 137 274 37 58 5 14 86 289 107 133 51 169 134 369 27 76 171 251 4
3976 22 1120 232 187 341 34 180 123 99 163 148 126 181 167 214 6 355 24 363 168 109 51 27 193 53 195 79 174 21 154 344 23 357 127 210 49 313 141 323 163 103 71 240 36 189 54
3977 22 1075 193 144 277 155 111 137 358 89 129 10 284 7 383 56 313 79 31 69 357 40 70 69 132 192 184 34 14 23 21 3 76 14 346 104 320 8 240 77 97 121 239 132 127 173
3978 22 1120 139 191 51 169 212 160 8 81 180 91 224 163 325 190 386 145 392 13 110 89 317 30 248 156 306 96 76 96 179 155 269 118 145 71 38 156 230 198 188 10 88 164 372 12
3979 22 1086 153 109 309 96 322 18 336 38 47 183 393 105 31 21 161 175 220 78 271 91 116 179 272 113 366 81 200 129 205 164 33 113 24 128 34 193 63 23 392 198 216 96 180 188
3980 22 1068 247 140 314 19 370 184 109 37 380 149 280 13 300 160 369 15 145 81 38 72 67 31 287 89 22 36 56 69 215 195 106 108 85 75 244 145 111 157 77 11 388 41 63 100
3981 22 1084 209 77 244 41 67 67 307 49 305 148 22 140 155 42 106 150 260 164 9 145 238 52 41 101 117 111 396 157 173 47 202 90 358 20 357 64 220 61 363 41 153 118 34 10
3982 22 1186 19 93 373 27 237 163 279 30 63 39 346 173 186 55 298 33 371 51 122 128 270 30 144 89 243 106 281 147 175 114 156 193 206 81 172 195 2 24 305 40 121 29 377 127
3983 22 1214 278 9 298 128 283 177 149 64 272 37 106 130 117 4 104 182 112 49 188 192 20 134 386 21 357 42 212 29 222 188 356 100 397 5 27 31 381 176 94 5 364 152 134 33
3984 22 975 155 37 14 18 37 153 361 56 286 146 28 194 139 191 223 161 379 178 60 127 382 38 157 114 165 2 118 129 353 3 113 60 40 126 229 76 231 190 84 68 87 63 262 26
3985 22 1088 254 84 138 184 213 197 110 146 234 18 11 199 19 81 79 124 283 191 335 122 268 163 350 50 352 185 118 191 399 179 168 52 14 105 35 178 101 96 323 86 313 133 236 84
3986 22 881 13 66 159 48 8 93 169 76 255 70 277 159 6 194 101 5 324 68 256 89 172 43 66 72 290 188 109 155 273 145 38 37 210 196 84 18 240 5 45 94 226 121 204 32
3987 22 869 267 104 236 190 171 43 79 142 237 96 165 127 36 74 281 108 170 70 96 131 17 132 100 56 288 96 301 113 57 96 235 160 83 176 126 6 24 114 102 141 40 137 366 72
3988 22 974 396 135 93 91 17 61 174 117 316 61 212 169 126 180 225 173 14 136 56 142 218 181 347 194 46 48 334 38 136 51 309 131 385 154 1 14 69 82 360 81 2 37 60 26
3989 22 1183 9 26 313 64 367 131 196 65 276 42 161 31 48 11 139 131 395 44 304 147 10 2 16 43 113 48 244 149 259 21 110 36 333 173 154 63 321 19 338 114 283 98 344 82
3990 22 1025 108 34 12 54 78 115 353 39 117 120 281 29 119 124 330 177 144 39 213 76 163 166 91 83 336 180 196 18 30 91 100 89 125 111 143 154 378 47 192 94 318 72 274 36
3991 22 957 147 155 12 90 193 176 317 156 94 7 38 29 387 186 247 16 276 98 104 152 8 198 105 185 196 96 30 113 319 56 148 65 10 112 306 3 239 23 110 132 181 99 361 119
3992 22 1102 284 159 134 112 56 190 63 15 339 120 352 87 367 133 199 86 188 99 302 150 362 160 304 200 382 13 84 162 111 44 281 147 154 166 10 161 107 24 127 198 143 78 62 11
3993 22 1110 234 99 150 84 200 51 45 159 154 197 292 118 280 6 229 75 238 127 380 155 88 140 214 63 218 11 206 96 246 19 258 31 117 159 115 116 210 111 227 163 259 118 81 138
3994 22 1080 75 61 364 112 339 143 67 178 34 80 40 52 42 197 147 87 15 156 317 131 266 183 399 75 94 25 390 152 294 22 369 34 5 32 124 100 298 101 333 129 140 184 170 89
3995 22 1196 282 56 303 189 325 186 55 107 384 129 352 160 70 56 5 91 297 125 324 53 157 47 152 54 99 85 183 191 268 104 79 102 360 133 290 36 270 144 142 53 25 46 364 94
3996 22 1050 301 121 137 197 245 12 49 1 11 1 7 109 237 189 251 104 92 129 157 3 214 47 238 83 342 132 288 118 377 3 364 29 123 100 25 168 63 25 368 73 177 174 134 13
3997 22 896 114 184 69 158 265 25 112 30 223 102 117 185 351 34 113 154 397 141 276 48 317 43 111 141 163 135 70 136 268 82 202 4 102 111 20 79 22 49 53 75 160 169 59 111
3998 22 1234 155 171 216 103 111 91 151 27 334 13 320 48 347 189 135 167 22 136 322 76 198 141 354 20 389 158 94 100 79 105 162 33 275 177 335 138 20 37 364 153 201 35 352 100
3999 22 856 223 86 218 197 22 139 272 19 79 177 390 19 134 36 70 12 92 184 396 166 112 83 303 131 319 19 35 72 53 186 171 28 72 188 24 45 78 47 215 108 23 157 126 108
