3000 22 1016 33 36 176 110 81 55 206 43 180 126 169 156 69 20 187 3 339 181 306 178 335 94 346 85 183 80 151 144 4 173 126 186 308 53 197 191 159 55 333 88 82 52 94 103
3001 22 1055 73 82 105 63 263 161 192 197 104 137 83 88 319 83 131 24 156 58 311 15 312 7 273 13 240 160 47 41 155 199 265 37 103 77 149 15 318 47 69 156 280 108 274 114
3002 22 792 241 147 119 148 159 136 62 18 290 34 280 81 45 126 173 100 324 87 86 179 15 186 193 134 34 13 90 63 21 165 79 11 212 49 10 122 184 23 289 76 8 169 256 153
3003 22 889 346 29 54 122 317 91 152 182 128 44 115 11 57 156 276 129 171 154 291 184 2 152 5 186 325 44 111 182 314 168 186 161 48 89 232 15 179 133 148 6 64 17 37 170
3004 22 1043 42 65 240 147 7 25 198 58 229 133 82 172 295 166 287 113 51 48 312 140 81 26 270 166 275 76 94 139 144 182 58 37 348 149 183 104 323 82 111 53 215 145 327 111
3005 22 1075 210 63 225 160 112 187 1 143 314 121 260 89 298 105 227 191 86 86 229 83 336 161 238 110 242 98 258 194 88 71 3 1 47 63 264 183 65 108 349 185 167 187 282 23
3006 22 1035 265 74 208 50 52 142 137 164 131 96 308 81 7 117 74 147 189 177 247 136 141 112 270 55 220 168 342 138 306 75 311 70 51 20 21 104 214 57 168 144 204 177 274 161
3007 22 860 95 98 107 184 226 5 169 16 268 140 22 87 158 165 325 13 240 137 135 140 56 105 193 69 114 62 65 17 140 129 335 189 237 170 164 191 40 181 111 179 3 97 238 167
3008 22 930 23 51 208 9 135 49 317 141 294 137 204 57 101 71 147 193 149 33 331 186 2 195 228 41 277 138 319 129 37 57 248 11 9 157 320 95 8 88 35 1 124 89 207 77
3009 22 942 211 55 69 109 87 1 196 40 147 126 280 74 213 51 154 1 59 153 262 117 110 183 163 67 120 197 219 45 237 27 71 147 32 141 258 120 294 5 312 40 130 191 145 193
3010 22 772 119 145 151 171 258 119 232 90 181 98 59 30 18 156 218 95 128 117 78 121 24 199 164 80 110 5 210 53 4 197 138 50 198 58 340 47 199 139 58 180 157 113 47 53
3011 22 939 90 113 82 60 338 130 275 68 142 30 277 196 349 182 136 183 141 43 140 109 34 139 159 23 348 38 131 112 186 185 3 99 216 15 336 45 39 105 38 68 283 183 16 114
3012 22 1082 275 103 49 165 348 140 223 181 280 83 5 77 170 87 38 106 71 143 156 186 307 41 183 195 148 170 165 30 3 180 246 79 285 144 143 132 283 68 312 113 350 19 291 22
3013 22 944 55 129 327 176 171 34 213 179 226 47 273 123 67 187 103 121 69 48 299 153 291 193 86 73 60 147 237 10 165 78 31 70 308 109 147 180 92 61 208 167 8 82 340 124
3014 22 888 19 194 96 139 241 194 43 31 286 78 205 198 326 144 9 141 71 141 162 130 349 110 109 142 270 66 208 77 247 149 152 167 242 147 107 134 92 99 114 30 78 171 129 104
3015 22 735 166 137 194 86 327 157 65 125 68 75 18 187 92 77 66 190 26 119 207 119 266 165 3 109 268 90 143 90 196 155 54 41 42 80 347 158 156 166 34 125 203 75 2 120
3016 22 843 265 179 88 173 49 55 37 101 314 152 121 5 47 62 173 92 269 28 83 160 210 81 20 167 97 53 142 151 178 93 170 144 321 107 166 119 62 4 222 77 258 144 81 154
3017 22 937 255 105 195 173 83 129 285 192 112 154 108 8 158 49 110 37 193 179 30 115 337 47 136 150 153 109 26 110 302 59 165 8 313 59 181 95 240 17 336 101 22 196 10 79
3018 22 934 144 169 316 89 199 95 103 135 238 85 296 48 212 5 149 120 169 107 83 29 139 177 20 7 265 20 228 10 181 6 105 151 173 45 299 120 148 136 113 187 122 108 35 185
3019 22 1051 214 85 255 34 293 139 314 181 67 134 287 81 155 66 292 88 22 199 238 144 243 39 163 42 76 75 29 97 134 15 133 149 199 137 332 42 327 148 24 94 233 113 176 89
3020 22 792 78 120 326 1 270 14 95 112 4 159 79 186 184 177 269 148 209 20 48 98 3 191 24 100 15 169 332 29 197 21 6 166 146 7 35 161 153 98 316 61 44 46 336 172
3021 22 743 67 35 131 136 35 30 288 175 155 140 191 74 171 119 22 43 277 189 91 35 125 103 137 72 19 149 77 14 297 162 136 63 49 166 100 133 245 189 107 99 28 150 224 199
3022 22 1078 218 195 143 96 335 183 280 109 286 18 33 56 169 159 319 65 170 54 279 20 171 180 102 117 18 11 68 96 262 91 46 131 338 38 227 172 223 108 233 10 328 165 65 196
3023 22 887 23 133 62 194 137 90 14 109 169 117 326 188 79 193 33 190 333 128 271 72 68 99 246 90 256 28 249 83 42 115 180 66 147 41 209 185 230 24 194 150 93 71 188 123
3024 22 1065 13 172 313 97 252 185 269 169 135 116 60 192 93 60 75 86 224 56 303 172 297 113 257 178 337 2 330 181 222 169 203 134 340 167 182 191 1 150 11 137 217 72 129 111
3025 22 987 331 155 198 56 60 50 178 106 113 136 136 51 289 115 283 160 83 85 195 174 102 26 267 154 278 179 191 144 301 171 57 133 125 154 241 134 54 168 342 118 105 27 20 143
3026 22 941 43 102 4 127 238 98 150 141 223 16 45 2 145 137 248 197 309 104 329 183 207 69 68 12 88 11 181 42 337 200 36 81 303 189 107 191 236 107 331 161 124 177 14 68
3027 22 915 15 11 164 75 214 145 207 123 163 77 284 153 287 15 46 76 116 82 256 19 120 163 61 108 71 43 220 94 172 133 264 188 144 129 113 9 173 71 31 38 197 17 342 34
3028 22 926 33 87 209 148 118 64 18 190 278 30 349 198 73 68 344 196 252 109 197 37 297 56 262 68 188 51 264 106 47 88 30 107 88 150 171 105 141 100 137 139 50 111 158 93
3029 22 978 56 109 101 40 256 189 187 163 252 104 250 4 319 6 247 68 295 177 224 32 28 96 289 168 96 175 108 45 85 15 339 142 323 41 181 30 79 17 92 183 72 44 36 93
3030 22 965 301 133 10 45 209 133 79 138 231 117 205 176 243 162 272 79 28 60 70 2 302 200 182 32 69 23 314 192 66 200 134 66 282 43 63 192 178 91 131 108 309 185 185 1
3031 22 988 98 158 329 177 319 98 78 20 99 9 101 169 334 17 261 1 216 196 19 99 141 81 42 118 23 122 177 81 308 163 333 107 70 63 133 40 312 60 109 112 271 61 181 4
3032 22 1108 227 193 256 44 88 174 192 178 156 183 347 128 206 23 310 113 137 144 19 8 303 47 319 65 305 181 235 118 11 40 344 53 195 38 340 121 231 170 76 66 16 6 121 191
3033 22 980 15 186 127 109 256 135 116 9 331 135 173 38 67 109 205 127 148 100 131 94 237 122 64 20 291 92 185 107 347 5 297 61 40 23 271 146 9 139 306 42 75 178 229 91
3034 22 977 336 185 19 185 234 99 230 173 70 44 192 111 235 76 317 183 132 65 195 174 289 116 71 148 106 176 89 30 305 19 122 142 3 40 26 38 288 155 310 109 303 19 36 180
3035 22 1044 287 18 262 51 263 137 290 80 107 189 87 182 279 66 86 147 189 27 201 128 4 138 67 10 225 112 302 144 247 32 132 117 145 133 181 131 224 160 64 148 220 42 315 107
3036 22 811 190 53 85 40 282 140 79 148 299 28 24 60 182 119 209 15 1 27 11 85 307 91 158 18 279 171 15 200 14 129 56 103 131 142 242 64 181 70 211 29 200 186 91 33
3037 22 927 255 199 247 105 75 159 189 83 51 198 300 179 170 16 278 83 94 35 35 76 76 78 239 56 199 101 186 100 286 76 32 190 26 130 246 2 138 186 84 88 185 135 318 54
3038 22 1064 300 147 338 45 181 24 22 108 251 162 115 152 114 151 101 100 226 135 41 4 14 39 305 104 324 89 293 159 25 161 314 77 307 52 123 40 277 145 149 80 206 14 231 72
3039 22 1033 214 81 323 141 67 163 294 31 253 149 34 129 89 28 339 163 38 2 41 47 55 64 86 32 308 136 311 65 299 93 162 125 210 5 192 125 148 122 277 96 107 5 286 34
3040 22 917 293 151 74 197 241 20 101 156 107 184 163 192 346 180 243 138 167 156 265 77 60 106 51 108 179 29 55 137 84 143 122 28 343 95 224 185 216 25 124 160 205 18 6 186
3041 22 1132 310 95 103 65 59 81 225 14 133 84 144 61 288 80 146 180 2 74 224 48 197 9 214 73 149 187 333 155 206 190 91 65 284 145 330 145 275 106 308 9 239 54 271 178
3042 22 824 133 67 58 86 40 133 284 188 341 199 11 41 87 93 96 93 338 157 217 32 238 61 45 171 266 35 24 36 63 108 54 122 244 193 4 127 131 195 277 193 13 37 334 105
3043 22 1062 20 21 214 186 104 3 49 11 298 121 228 132 344 166 246 3 269 17 346 164 171 74 96 17 250 88 205 163 124 89 19 193 311 32 180 65 287 128 225 36 198 5 67 143
3044 22 853 120 15 96 140 281 93 3 53 19 198 21 68 135 176 332 8 216 153 202 76 186 82 240 122 61 167 157 161 171 76 53 92 140 200 222 45 284 125 13 83 145 30 318 72
3045 22 993 64 127 189 68 31 115 203 112 56 125 274 172 283 184 294 60 187 149 290 168 121 34 47 196 35 193 28 54 165 141 333 103 108 163 169 162 226 175 238 49 348 71 285 144
3046 22 866 280 23 82 31 62 199 101 198 203 99 93 90 291 170 193 107 12 27 271 189 230 183 16 56 270 15 56 42 251 1 172 125 32 154 38 183 206 85 235 54 278 74 94 199
3047 22 886 269 3 211 195 214 81 36 45 163 101 303 35 215 158 126 17 110 199 91 141 52 29 325 107 115 60 212 142 285 56 241 5 108 153 250 173 33 135 17 48 137 69 34 54
3048 22 1086 128 109 70 39 60 11 332 163 91 6 322 55 317 133 49 54 290 41 58 149 343 9 321 25 195 90 174 82 260 57 135 40 168 4 228 177 166 161 291 108 262 115 85 197
3049 22 999 265 188 186 55 348 85 347 6 157 23 103 198 84 108 5 20 349 172 25 176 200 93 237 191 50 55 204 66 89 50 180 129 88 134 178 22 332 35 80 155 187 128 303 172
3050 22 1090 337 7 91 85 281 118 12 182 260 100 224 161 54 178 27 95 329 106 125 116 192 52 339 123 36 171 327 125 200 181 96 36 190 39 322 22 256 83 203 165 185 79 275 40
3051 22 1158 108 103 334 186 309 60 152 152 13 142 124 149 162 103 225 161 333 120 348 22 110 171 245 65 256 198 331 140 326 58 129 83 160 65 320 120 174 73 221 187 215 145 37 78
3052 22 961 247 111 341 81 32 138 5 92 109 49 308 66 148 89 255 73 33 107 307 47 129 177 273 151 97 61 67 143 99 195 291 9 235 22 192 74 128 185 284 76 93 199 174 133
3053 22 995 3 98 330 138 257 38 286 35 314 10 85 13 270 102 18 48 198 128 234 21 20 57 98 54 191 123 48 141 230 96 196 11 83 2 99 120 288 14 180 172 228 199 325 85
3054 22 1004 117 24 332 46 207 104 115 64 201 121 106 25 118 146 223 200 243 170 312 25 123 162 145 110 76 26 233 153 224 10 87 142 333 120 238 40 323 54 105 125 12 102 144 109
3055 22 1065 276 95 252 195 208 78 69 170 324 130 145 199 162 49 323 123 138 116 306 157 153 147 132 109 203 8 332 164 159 177 222 134 173 173 30 31 151 100 100 24 179 96 223 191
3056 22 1031 96 197 313 133 262 20 240 167 168 173 325 70 80 108 233 41 187 57 276 59 29 158 191 31 7 40 257 86 137 181 328 183 277 92 115 40 314 156 8 181 130 184 151 60
3057 22 913 242 35 52 80 91 177 238 72 84 179 54 143 170 60 78 9 240 7 143 168 298 9 110 113 215 117 194 44 251 96 5 144 132 106 173 125 185 112 296 168 92 1 312 12
3058 22 927 111 89 172 52 47 114 120 97 22 131 209 38 147 102 184 99 349 40 294 31 198 168 155 132 130 102 101 73 204 113 86 66 253 7 268 200 189 48 196 19 106 183 167 110
3059 22 1133 218 116 308 8 111 40 207 29 196 188 310 199 140 132 103 102 220 118 257 78 287 6 300 75 145 45 10 29 312 169 47 129 79 156 239 170 262 169 316 199 180 66 288 64
3060 22 999 118 42 183 188 198 60 74 5 211 1 109 55 145 68 184 58 239 80 36 167 285 127 238 198 297 3 146 27 219 135 242 138 328 24 77 175 335 51 181 196 151 139 2 47
3061 22 847 209 85 5 99 216 42 17 102 70 104 299 167 259 46 295 79 131 186 66 108 61 93 85 147 95 117 42 145 6 144 143 166 30 47 264 96 339 80 349 8 183 48 226 193
3062 22 1021 193 22 171 25 309 87 35 119 181 71 18 25 337 159 321 194 254 63 311 186 62 174 331 102 305 29 259 140 78 187 182 73 258 3 197 167 41 133 37 123 105 54 99 142
3063 22 870 265 171 37 170 135 198 55 46 221 187 47 128 166 8 267 195 44 150 117 153 54 116 121 144 300 108 268 155 13 116 146 29 236 182 49 71 179 153 216 102 290 15 257 22
3064 22 902 247 101 17 148 220 119 2 35 42 195 284 49 13 188 180 35 92 166 269 140 238 147 44 55 100 183 319 180 239 90 326 142 156 174 211 127 77 47 118 171 82 68 335 172
3065 22 1023 282 167 156 73 184 174 314 71 323 8 325 72 142 146 152 183 37 29 174 195 4 136 71 130 334 140 53 165 259 139 286 90 155 142 15 140 317 78 210 139 137 87 163 179
3066 22 1008 82 166 263 18 196 36 112 52 73 84 81 56 323 185 272 181 276 108 223 180 101 137 220 19 214 81 310 3 217 72 100 189 343 120 234 80 131 185 104 167 118 161 41 54
3067 22 1057 232 74 129 191 296 61 341 32 32 162 197 12 321 199 281 94 231 32 282 175 201 167 56 34 4 159 50 173 271 92 126 3 315 107 195 60 67 88 91 98 349 40 161 119
3068 22 910 88 143 14 169 75 197 343 125 215 149 210 170 9 61 292 130 303 120 234 69 78 28 329 144 65 171 43 115 310 53 335 48 96 148 168 122 246 110 48 11 10 108 130 69
3069 22 941 120 74 100 72 245 33 293 122 212 21 115 127 309 193 55 61 278 104 58 77 71 129 323 132 77 183 42 186 14 10 255 187 159 129 283 143 254 154 143 20 232 135 128 25
3070 22 1040 291 89 254 94 148 30 264 177 104 96 55 136 337 192 200 198 246 188 158 176 171 2 48 26 190 46 89 27 325 115 17 113 318 111 213 49 276 41 203 73 245 90 9 38
3071 22 856 191 58 283 31 317 61 51 118 308 78 75 100 123 163 178 148 29 46 162 96 8 76 246 134 16 98 306 162 90 67 99 30 276 84 160 145 94 112 262 103 138 154 14 152
3072 22 1008 283 11 130 29 75 27 88 50 173 173 266 172 129 79 161 197 228 93 124 161 52 168 306 64 232 110 305 19 264 68 121 46 231 150 276 157 177 114 6 51 186 123 222 16
3073 22 1043 202 85 314 31 77 188 291 80 57 198 343 88 7 99 307 122 67 77 268 149 128 145 205 106 160 62 256 96 85 130 263 138 114 179 120 190 116 110 271 24 259 164 262 165
3074 22 1014 164 18 337 180 96 6 130 23 202 184 131 112 346 36 159 182 315 173 121 130 251 190 221 68 101 92 142 109 207 3 75 20 72 111 52 17 268 31 191 170 165 71 312 59
3075 22 893 91 145 123 163 115 105 214 156 25 181 256 66 172 66 22 26 140 92 97 1 245 165 270 25 39 191 28 69 154 36 259 98 111 174 262 67 237 67 267 24 257 91 189 130
3076 22 982 266 179 121 113 331 15 77 150 242 184 91 182 314 111 86 101 122 33 213 95 297 129 31 115 20 199 289 28 339 179 157 5 59 178 69 191 94 145 335 81 333 69 44 93
3077 22 1023 306 94 164 140 207 108 286 37 140 103 239 41 33 127 271 190 131 80 269 199 170 14 146 162 301 128 44 169 71 37 126 166 52 15 224 110 203 111 149 105 268 139 295 101
3078 22 1080 66 67 292 148 346 112 349 168 175 194 181 25 171 177 295 193 113 20 258 166 337 184 127 189 94 128 293 161 266 189 331 55 54 31 203 117 129 72 42 74 152 18 46 128
3079 22 964 65 138 92 86 147 58 272 30 336 60 325 163 52 36 329 92 250 111 297 54 241 51 170 69 13 142 225 181 137 153 197 176 296 132 173 5 54 4 141 63 29 3 17 66
3080 22 887 333 58 65 94 6 70 136 6 340 55 29 154 48 104 286 187 108 132 12 3 264 136 208 67 40 200 281 18 2 199 233 137 7 99 230 164 269 15 120 160 321 48 213 169
3081 22 932 51 151 157 110 82 68 13 97 154 72 113 143 171 196 62 24 294 146 110 2 194 141 266 12 308 87 278 86 34 48 339 34 254 98 217 174 310 164 27 81 21 103 275 182
3082 22 1014 277 171 177 86 274 170 189 134 134 127 104 13 313 139 311 153 74 166 50 191 239 12 106 115 294 183 87 147 110 118 173 130 146 110 53 118 338 94 251 21 220 154 136 184
3083 22 829 95 198 86 168 263 138 260 54 99 167 20 192 2 57 288 61 76 162 240 122 272 194 189 159 137 41 182 59 46 117 142 190 16 130 110 28 317 171 33 15 338 153 106 39
3084 22 987 311 96 99 86 107 40 257 128 233 197 89 120 137 122 330 135 38 171 124 55 302 185 132 70 206 67 134 93 19 42 333 179 237 133 166 145 22 175 325 156 121 63 227 160
3085 22 880 134 156 44 173 129 169 177 130 4 60 302 109 76 35 203 96 278 187 26 164 219 42 111 42 218 85 97 138 147 176 199 82 331 142 206 161 13 184 143 16 293 194 171 28
3086 22 935 30 168 258 166 46 171 36 139 333 77 256 67 325 43 15 152 244 198 233 137 103 195 299 186 87 166 31 30 141 53 160 172 220 17 139 117 289 124 105 122 52 160 338 129
3087 22 931 55 105 80 198 52 114 234 57 59 85 44 145 100 174 127 43 228 136 166 150 154 55 316 42 128 121 165 82 305 10 286 159 239 183 312 3 269 68 213 153 7 154 187 85
3088 22 1022 348 165 220 114 116 123 118 131 267 145 303 31 28 35 35 187 120 43 76 3 105 30 73 74 244 175 135 2 280 74 337 28 340 106 243 55 31 60 297 156 290 79 84 174
3089 22 858 214 120 243 158 147 147 64 128 119 38 71 95 174 125 175 197 261 154 286 68 146 192 100 57 179 96 12 20 27 145 43 90 167 137 199 115 263 195 54 200 165 99 323 89
3090 22 1032 275 72 151 130 159 119 277 1 168 183 179 166 244 100 42 91 94 133 109 180 281 173 267 93 317 171 144 84 71 119 174 197 340 175 126 198 195 52 300 162 86 30 131 129
3091 22 796 22 21 272 54 181 104 187 156 170 181 324 40 127 157 12 95 233 8 186 159 85 185 5 88 168 73 14 147 154 93 18 176 266 74 57 119 110 162 141 142 235 132 218 144
3092 22 1046 94 164 328 103 249 38 138 136 142 75 270 59 250 33 305 103 277 25 278 45 48 36 163 59 199 55 202 136 187 70 179 130 285 158 134 184 95 171 19 186 148 140 194 97
3093 22 915 174 1 251 153 75 180 247 74 116 111 34 116 316 35 1 152 106 81 233 41 288 16 26 32 89 46 69 136 285 165 84 60 15 134 162 141 313 8 164 80 269 49 346 84
3094 22 866 35 46 187 91 129 19 333 116 236 10 250 124 157 20 209 143 184 42 152 148 77 14 88 192 173 53 71 91 203 18 126 88 16 64 180 94 334 164 11 20 123 12 193 179
3095 22 801 182 154 171 15 297 74 15 74 87 154 17 60 109 87 152 11 107 180 198 72 193 179 67 77 142 77 46 66 291 190 146 72 243 68 288 42 242 152 167 28 8 83 39 16
3096 22 847 71 93 228 177 72 76 100 114 56 116 90 148 45 37 263 185 327 9 258 121 176 45 12 169 299 28 349 6 10 187 223 183 29 150 59 102 311 16 33 26 57 130 322 146
3097 22 1076 294 58 122 54 167 44 132 62 306 50 310 185 348 167 97 137 289 29 17 88 189 69 15 49 236 199 77 192 230 148 239 173 308 12 129 174 106 60 287 13 259 148 147 59
3098 22 960 114 195 245 4 23 161 242 114 179 108 162 64 58 188 158 137 88 96 261 45 10 39 320 115 100 157 327 111 304 75 219 18 265 173 144 75 314 109 156 123 121 71 32 10
3099 22 775 178 68 247 126 31 93 35 119 63 51 321 171 277 31 74 3 151 43 124 65 16 20 41 31 28 146 106 198 217 37 110 46 257 56 23 137 251 107 157 115 159 127 235 85
3100 22 1048 59 110 240 59 205 63 75 120 82 166 152 162 113 7 211 79 196 70 327 52 128 199 190 178 208 146 294 166 123 80 253 181 89 42 192 93 306 18 314 90 335 18 101 198
3101 22 968 326 113 228 171 83 104 74 60 5 113 39 112 259 32 29 83 311 31 165 51 224 158 296 32 226 59 323 110 176 123 109 52 185 87 124 169 342 148 80 148 262 168 9 22
3102 22 1111 251 40 306 13 272 71 214 198 278 159 279 155 219 101 317 197 125 75 150 161 213 173 332 55 61 2 336 29 163 57 231 4 65 144 75 135 107 22 264 117 102 21 87 54
3103 22 1029 337 33 80 111 82 141 274 157 172 30 230 34 83 15 212 147 324 145 200 88 138 175 24 46 98 39 112 102 109 150 155 95 283 135 308 166 227 181 124 200 312 6 233 96
3104 22 1100 172 47 243 195 141 144 334 78 320 159 125 18 248 36 69 56 37 73 253 71 259 60 89 185 242 62 203 19 217 48 341 15 92 137 55 186 271 34 305 81 258 24 128 95
3105 22 830 242 86 331 167 188 102 175 47 190 62 288 103 95 142 22 13 141 64 27 183 100 31 20 122 214 174 53 123 148 32 217 91 69 48 107 56 101 134 104 142 195 43 294 191
3106 22 951 286 117 204 77 82 182 111 132 265 130 3 180 103 7 203 52 341 119 243 59 68 151 117 18 36 72 259 30 215 155 123 2 273 128 180 155 159 40 186 73 221 90 126 49
3107 22 879 205 27 339 25 221 97 143 72 315 160 57 187 21 89 201 25 211 54 99 188 134 153 298 123 90 121 294 32 23 19 230 79 47 70 103 118 218 45 91 33 7 47 169 27
3108 22 756 37 71 203 147 124 1 36 7 206 134 132 95 156 125 176 178 295 157 8 43 28 62 60 96 309 52 78 15 99 146 143 137 66 147 184 91 97 121 248 52 29 99 311 55
3109 22 880 26 140 1 85 297 143 62 9 5 157 319 106 34 185 206 181 227 93 298 123 128 39 271 200 186 25 106 66 73 16 270 50 6 172 284 54 214 196 114 120 104 32 290 16
3110 22 1026 135 120 194 177 318 66 206 106 289 56 243 15 261 58 339 28 329 138 133 100 324 37 65 19 152 85 224 34 14 13 49 98 183 193 227 152 260 82 9 200 39 1 114 101
3111 22 1116 158 102 229 138 142 63 337 15 201 1 235 53 287 58 236 2 271 86 250 155 130 126 8 192 9 66 191 48 266 157 148 75 208 28 162 1 341 48 265 93 301 145 89 9
3112 22 928 32 190 131 20 89 137 49 166 194 40 25 59 233 124 124 139 173 198 348 3 159 149 143 8 215 137 259 66 282 147 26 15 187 8 34 177 144 35 245 137 276 171 347 160
3113 22 921 96 70 298 68 269 198 70 179 48 114 138 12 301 96 229 84 43 54 300 131 211 36 259 156 20 153 294 47 25 190 57 120 156 188 129 53 159 102 75 96 166 77 342 94
3114 22 951 12 186 100 161 216 112 96 126 268 17 231 111 166 105 151 22 25 111 179 164 292 34 122 50 335 198 198 200 174 89 346 185 176 145 146 141 206 93 118 75 112 48 136 77
3115 22 1150 253 38 300 177 250 30 292 191 163 15 93 198 213 90 99 86 280 194 23 155 340 120 297 98 12 64 272 25 62 109 201 16 296 102 194 46 232 35 36 194 349 180 343 13
3116 22 1286 219 44 201 198 337 73 54 127 192 150 324 155 216 147 280 29 256 32 194 1 234 139 198 17 323 186 310 173 315 105 288 34 348 188 133 136 162 39 264 155 140 189 159 105
3117 22 928 86 40 235 143 172 80 343 157 68 141 123 142 226 134 117 42 140 4 175 89 110 25 154 48 308 139 179 168 196 66 310 80 208 183 112 150 139 129 192 63 21 119 98 137
3118 22 997 211 90 342 187 328 34 98 154 289 147 344 198 36 122 117 81 237 76 112 146 8 23 247 148 52 89 162 174 109 110 121 151 305 58 78 138 55 82 226 104 275 25 239 98
3119 22 1013 191 21 286 17 32 181 76 107 77 174 108 67 185 183 228 196 96 48 148 100 305 26 139 62 309 16 15 35 240 105 282 180 325 119 6 51 224 162 229 147 321 96 233 105
3120 22 805 73 181 152 120 78 103 177 55 141 190 63 58 154 99 347 58 332 29 334 100 26 189 51 103 31 199 325 178 32 50 64 133 321 193 186 49 48 78 88 112 38 143 161 184
3121 22 1046 250 192 64 133 294 92 24 145 292 128 125 191 154 4 174 185 53 89 170 126 331 57 276 80 86 164 244 173 56 106 309 58 149 72 142 92 263 167 339 155 344 15 47 150
3122 22 1032 219 70 286 23 258 155 50 190 63 26 220 49 339 13 271 46 318 81 303 118 53 45 10 67 61 150 123 57 64 69 156 134 38 91 157 47 348 8 137 160 333 106 321 70
3123 22 854 83 67 39 13 271 56 165 165 117 32 228 166 54 136 132 25 193 167 214 135 325 161 82 83 97 44 315 54 303 88 35 106 13 148 326 20 114 143 237 47 20 154 53 157
3124 22 1072 237 27 249 154 290 183 228 100 65 110 148 110 327 53 112 64 177 199 119 91 96 146 111 161 38 99 208 109 254 10 265 191 336 65 196 127 298 123 129 114 85 26 323 161
3125 22 981 281 86 276 157 184 96 250 181 91 62 92 129 310 149 139 115 208 6 155 145 170 200 71 117 225 49 82 11 277 4 171 57 290 98 115 125 93 164 6 33 327 47 113 88
3126 22 1083 45 102 103 104 107 59 48 128 211 70 195 37 271 26 347 49 132 169 7 23 216 21 147 58 287 52 292 113 248 107 153 44 260 155 168 165 346 145 325 168 89 11 338 167
3127 22 742 207 38 100 25 144 122 192 114 118 99 2 72 243 67 121 199 219 165 8 125 163 127 39 9 221 16 226 12 26 165 278 35 152 29 209 95 150 53 10 169 1 114 140 195
3128 22 1120 230 161 295 150 277 54 326 139 80 114 247 51 179 74 62 107 288 191 41 191 319 151 185 168 253 197 338 106 160 128 100 41 190 197 242 116 300 167 204 30 32 153 132 161
3129 22 948 176 93 217 16 135 159 156 53 109 43 22 64 139 11 219 148 288 20 290 129 118 81 196 18 199 50 249 30 104 30 90 131 222 8 346 108 318 152 62 179 96 83 42 184
3130 22 1002 243 162 333 183 272 63 101 54 259 118 102 60 66 81 213 97 223 143 270 182 91 77 100 144 138 78 139 22 19 72 264 32 156 48 214 127 111 16 132 121 283 183 280 200
3131 22 716 15 144 46 37 38 65 19 78 193 70 171 80 247 61 1 17 132 167 100 37 114 163 165 76 79 46 196 63 330 127 115 195 220 62 33 60 203 137 271 22 160 3 18 170
3132 22 906 53 136 204 69 335 42 35 50 107 62 178 154 210 42 184 136 58 80 158 22 12 17 250 15 205 22 336 14 24 156 86 79 193 141 347 178 32 133 277 90 197 6 144 156
3133 22 686 199 129 191 7 108 200 78 21 16 79 287 73 100 175 188 124 32 173 2 124 165 100 51 47 135 79 136 131 34 179 233 59 180 41 118 80 170 191 147 98 127 119 47 103
3134 22 750 7 72 34 81 125 108 48 125 110 144 211 39 29 143 74 10 180 108 120 59 238 90 217 28 287 16 204 7 13 59 65 36 42 148 261 101 345 137 197 3 68 139 126 179
3135 22 834 170 184 99 128 83 36 318 2 63 106 67 18 312 181 76 179 17 70 126 77 172 170 263 134 159 161 236 126 12 57 268 147 105 47 281 42 16 134 106 73 53 25 337 83
3136 22 950 203 115 299 122 290 127 293 161 91 129 19 51 164 146 251 27 52 20 175 8 217 106 199 34 304 107 143 129 243 176 131 157 176 54 148 105 8 195 76 176 96 40 223 146
3137 22 932 216 75 118 191 232 184 298 83 169 38 186 75 333 66 119 58 46 177 35 99 124 139 247 31 286 74 308 83 13 183 178 131 59 145 223 42 80 120 324 49 9 110 125 191
3138 22 782 75 96 200 173 22 35 173 196 221 178 10 195 188 92 159 70 172 189 30 168 61 71 150 132 95 200 193 56 126 135 130 121 185 154 179 140 97 49 217 159 195 156 252 54
3139 22 1075 177 25 192 6 143 55 327 144 238 71 293 130 126 168 217 107 239 103 261 33 225 141 22 171 289 40 31 136 246 83 72 107 282 178 101 188 254 194 26 76 288 7 251 8
3140 22 1032 275 107 46 77 19 80 1 59 101 174 140 6 285 37 238 75 259 147 306 138 297 44 43 143 271 18 230 79 68 37 254 76 234 130 347 115 183 5 215 106 56 7 261 90
3141 22 758 145 151 14 3 147 172 192 45 17 34 187 87 51 169 67 68 57 170 96 193 92 107 334 198 72 89 204 30 1 195 174 53 161 179 282 70 296 48 104 84 36 106 304 2
3142 22 834 74 161 224 21 103 23 62 59 206 59 182 46 214 63 98 159 339 1 171 17 53 102 38 198 201 93 84 138 249 37 291 124 199 14 94 53 188 5 43 15 45 190 181 8
3143 22 678 40 41 46 42 11 14 94 114 251 44 114 144 327 103 244 65 243 17 14 7 110 66 66 129 89 82 24 80 212 33 69 52 80 162 62 43 6 25 345 99 240 140 27 92
3144 22 1050 233 191 237 49 6 195 160 174 140 75 252 78 257 127 60 168 111 30 322 140 192 35 284 47 312 131 247 1 70 23 195 55 113 33 155 121 327 15 194 166 189 147 146 197
3145 22 907 126 105 167 136 286 88 228 77 124 161 125 85 241 171 88 113 293 82 217 158 316 173 128 92 137 123 57 28 19 52 176 46 208 92 182 194 281 9 72 5 21 97 139 164
3146 22 677 19 78 176 164 111 194 321 176 16 150 17 153 22 76 82 92 229 107 138 187 249 71 32 81 179 105 35 151 253 126 64 172 3 189 114 182 157 89 250 156 8 4 233 135
3147 22 830 70 61 191 159 349 191 129 82 24 59 87 108 110 91 185 75 62 188 214 148 103 197 54 93 148 61 100 51 139 182 285 61 93 178 171 193 320 200 75 95 210 13 203 171
3148 22 750 103 139 96 117 178 61 16 130 9 122 175 57 132 174 157 173 256 44 83 150 323 3 194 44 4 168 239 164 32 93 136 187 81 131 253 61 143 118 142 152 139 116 110 173
3149 22 1088 240 18 145 197 113 177 96 185 281 39 331 85 9 119 300 90 263 85 326 193 316 130 205 110 100 147 61 190 312 20 112 151 40 58 147 2 284 44 237 117 135 119 301 145
3150 22 964 237 152 136 199 264 143 253 143 300 113 194 46 25 84 257 97 147 10 36 55 208 87 290 104 225 156 340 143 58 34 281 11 69 81 47 184 326 1 77 75 65 20 22 190
3151 22 940 305 178 86 52 339 123 108 47 109 97 52 186 155 191 180 64 126 163 275 146 295 121 130 170 223 8 346 138 79 67 27 34 97 164 287 135 186 94 83 46 242 186 33 146
3152 22 942 326 63 60 103 277 84 249 171 106 178 293 28 187 88 265 115 107 91 298 103 6 136 89 91 79 122 123 59 121 68 235 85 29 89 61 64 282 19 16 76 247 2 313 163
3153 22 680 117 69 56 16 73 11 54 112 252 84 135 142 43 12 26 29 47 54 18 157 218 6 190 88 22 167 184 25 330 49 293 150 4 61 75 64 14 136 297 72 258 53 16 70
3154 22 1070 28 95 18 131 264 26 100 169 268 88 290 84 23 17 65 21 59 115 324 121 141 90 184 178 306 131 349 16 285 114 337 12 260 154 194 123 279 46 92 48 133 83 282 105
3155 22 1037 299 96 278 160 62 103 330 52 242 164 29 150 96 29 167 180 345 153 143 54 156 36 77 36 81 68 234 165 152 15 322 1 312 99 24 153 193 27 147 106 208 46 253 36
3156 22 934 312 82 182 66 74 136 71 12 162 158 94 131 341 9 282 7 80 184 130 47 232 190 272 128 47 29 325 150 317 38 33 98 3 159 233 25 196 183 15 178 125 173 212 134
3157 22 926 4 97 304 33 46 149 167 85 120 144 331 151 169 32 17 58 267 16 61 77 1 185 248 48 262 178 194 87 139 27 190 187 182 25 30 41 268 1 286 1 104 32 314 150
3158 22 988 287 174 176 37 308 23 284 77 137 61 220 23 151 148 314 90 279 190 271 110 180 89 60 166 41 13 21 72 31 134 174 117 159 199 55 17 224 141 295 110 153 166 134 56
3159 22 992 215 49 195 143 139 67 252 20 257 113 37 147 325 58 271 158 193 144 276 2 92 131 270 67 121 166 126 23 331 11 28 195 112 174 52 41 192 21 197 156 208 46 81 167
3160 22 910 216 38 259 159 163 62 50 145 331 119 217 148 94 190 128 57 319 24 220 145 64 21 85 155 91 83 11 150 28 143 166 143 282 177 201 146 288 153 191 21 21 57 218 116
3161 22 1158 348 198 24 169 73 143 263 37 163 97 193 156 231 5 155 59 49 173 303 30 349 54 226 138 8 18 310 180 76 30 247 24 279 171 344 151 315 56 289 28 54 82 335 34
3162 22 1071 288 39 344 137 63 197 118 111 252 45 301 111 12 110 240 40 41 136 313 69 208 6 122 123 13 110 300 116 343 36 151 181 224 145 69 189 243 186 144 183 251 156 245 83
3163 22 723 3 132 147 24 40 54 245 112 68 104 313 133 297 48 86 179 73 82 249 61 76 184 112 171 216 162 26 162 126 170 346 181 101 45 54 90 100 1 53 13 2 51 162 137
3164 22 926 331 85 270 179 45 95 115 56 15 32 320 190 95 147 111 141 177 12 187 82 153 186 131 6 253 36 70 157 288 182 143 19 116 15 299 10 209 63 118 126 195 139 65 191
3165 22 807 135 26 181 12 189 19 145 41 5 28 296 9 215 168 115 52 49 10 222 14 76 123 125 84 35 192 309 31 130 76 274 15 153 56 28 41 75 174 133 31 51 31 289 15
3166 22 968 48 156 219 146 67 192 61 92 214 85 227 51 77 88 233 158 163 6 74 167 62 101 107 88 239 118 277 21 258 194 318 15 14 163 331 107 123 174 271 158 303 23 186 140
3167 22 1044 157 95 254 13 69 20 176 71 278 113 197 168 280 76 239 137 71 6 84 169 234 90 193 160 212 102 262 36 289 151 293 134 256 55 2 127 232 22 4 144 321 71 75 146
3168 22 761 209 13 316 17 201 137 2 142 129 61 4 183 222 39 171 174 81 154 281 87 105 7 18 79 10 13 1 132 39 46 143 102 13 159 219 63 295 70 225 130 159 157 203 198
3169 22 984 278 78 180 131 310 69 288 116 136 18 127 151 318 61 139 115 203 92 27 161 261 91 307 82 196 181 264 5 116 154 17 146 85 149 105 3 223 141 255 99 43 174 59 33
3170 22 885 190 113 25 68 273 137 210 31 18 156 212 181 301 49 117 167 146 151 165 200 206 3 122 46 159 173 38 185 133 120 174 196 196 44 118 132 203 99 102 60 162 34 271 162
3171 22 869 32 139 78 179 192 194 229 147 298 52 42 7 74 31 243 107 52 118 248 161 321 181 64 171 82 125 68 48 345 101 186 72 230 27 268 58 225 165 61 68 123 37 15 95
3172 22 747 35 196 49 95 118 29 110 191 263 85 272 130 32 167 19 190 261 48 57 70 72 172 231 40 44 119 239 111 40 45 60 88 291 27 269 3 17 83 39 191 312 170 159 145
3173 22 1220 240 98 56 37 157 75 159 180 257 200 273 75 338 135 289 128 331 198 267 22 327 35 124 145 167 14 235 80 185 195 75 124 143 182 161 101 308 121 330 117 220 104 241 159
3174 22 833 339 182 36 121 329 5 42 155 289 117 100 108 280 186 114 181 63 140 275 96 150 125 104 172 4 20 93 107 162 1 197 143 318 74 43 111 228 81 129 140 11 65 29 125
3175 22 927 245 193 114 21 39 115 345 144 288 100 215 80 8 76 130 55 321 118 324 44 110 86 121 193 52 84 226 166 112 2 12 107 67 182 195 83 128 90 220 177 154 151 284 79
3176 22 895 332 188 301 100 263 44 311 49 117 155 215 168 89 142 285 152 195 198 158 111 79 4 345 56 93 16 132 48 66 165 29 148 5 79 249 19 173 161 69 141 16 36 60 106
3177 22 981 327 144 59 72 91 67 234 71 172 79 328 67 244 61 114 12 127 192 159 33 121 157 2 145 67 22 337 184 307 96 291 34 191 50 257 83 18 190 53 89 170 182 255 66
3178 22 1095 92 69 327 18 312 187 151 34 343 54 328 11 175 14 247 132 161 187 217 51 186 173 83 103 64 37 194 86 118 98 53 11 268 179 229 82 315 31 265 59 134 93 121 110
3179 22 948 8 167 241 119 204 157 321 141 31 6 196 147 142 139 84 12 288 86 72 58 164 2 39 180 282 53 190 67 347 10 327 107 129 17 127 34 126 97 308 102 6 96 161 39
3180 22 952 307 199 224 80 106 187 282 146 118 65 248 107 232 47 69 60 203 197 28 129 132 153 227 107 263 31 228 118 226 38 7 184 288 80 163 43 94 188 186 9 38 195 142 184
3181 22 891 13 151 88 11 178 168 142 83 94 50 45 174 77 14 101 67 120 34 204 2 247 49 220 40 36 107 250 125 303 91 308 67 343 147 279 171 64 172 158 22 149 183 148 162
3182 22 1064 134 116 32 67 70 85 265 18 6 107 305 162 306 82 317 149 289 33 141 88 12 63 1 33 65 58 304 63 343 104 125 178 119 108 296 140 292 111 259 199 267 114 310 74
3183 22 957 195 78 324 135 161 115 222 124 227 175 8 44 334 114 108 176 17 82 253 187 341 101 79 84 211 187 182 179 2 194 302 198 21 178 85 133 192 58 220 32 116 15 229 73
3184 22 1036 243 197 256 48 135 47 298 13 132 110 2 164 238 155 59 91 153 131 68 37 214 111 146 71 83 30 349 45 268 121 239 66 127 138 251 25 285 165 306 146 71 33 223 81
3185 22 971 76 175 162 95 63 75 158 160 147 192 89 187 40 185 104 161 324 170 189 61 272 163 48 86 120 43 254 193 178 128 273 55 302 84 349 16 260 106 175 159 264 145 39 148
3186 22 883 148 1 123 169 289 36 90 53 283 128 24 127 133 16 4 160 58 13 174 109 130 34 166 154 292 15 19 88 203 169 285 103 291 56 43 26 345 45 260 24 168 37 6 36
3187 22 883 242 167 76 150 29 199 310 158 134 175 264 127 289 132 14 43 252 101 47 43 6 89 170 52 35 130 26 153 318 83 340 59 50 15 78 13 269 138 249 144 301 75 34 41
3188 22 1116 229 136 41 175 280 48 166 149 349 100 330 174 204 147 207 143 308 106 257 117 135 122 338 22 72 133 274 96 118 58 288 46 45 28 73 74 175 140 326 39 245 102 7 89
3189 22 1103 259 164 298 128 199 71 315 22 192 97 248 187 264 157 127 62 51 54 134 174 81 173 247 6 213 102 206 109 204 163 148 62 276 195 89 126 215 105 250 156 153 47 244 17
3190 22 869 153 120 128 55 276 63 180 6 37 126 213 149 328 18 158 31 280 7 94 58 3 185 85 17 341 34 74 194 282 169 12 186 291 191 240 118 69 123 39 97 89 76 104 148
3191 22 1057 256 186 154 101 345 58 287 129 326 78 215 149 71 146 320 184 32 62 174 123 79 26 142 53 16 190 289 106 315 94 304 122 29 159 172 25 217 11 254 42 188 68 43 110
3192 22 1104 65 164 293 48 225 66 321 3 93 64 205 10 153 95 165 117 138 120 319 79 309 43 197 21 198 40 208 167 34 169 334 97 163 131 223 30 201 27 172 164 333 81 68 127
3193 22 960 48 84 217 67 321 85 297 132 129 95 102 179 135 12 245 20 180 28 319 145 261 141 224 11 168 46 27 200 278 94 229 25 80 145 94 50 81 140 131 11 137 85 139 121
3194 22 864 146 134 42 27 63 160 73 23 3 97 236 172 144 64 273 123 309 1 38 97 93 88 127 34 20 88 70 56 276 92 153 161 184 82 326 95 154 200 347 100 335 118 45 200
3195 22 919 241 68 159 193 267 146 240 61 283 166 94 5 305 66 310 33 259 163 143 44 194 170 239 199 20 37 51 106 157 195 6 99 164 14 41 180 161 180 42 96 98 38 204 103
3196 22 1039 111 86 161 25 181 55 20 200 95 19 271 181 219 27 287 15 234 137 279 49 328 160 9 159 202 54 308 141 55 62 193 168 199 5 342 81 11 12 281 107 332 153 38 2
3197 22 755 231 126 116 14 215 44 114 42 6 173 52 107 178 160 147 35 323 41 2 71 97 193 260 156 84 66 137 88 5 138 119 183 254 32 99 46 140 104 270 141 112 99 60 133
3198 22 1028 324 152 284 47 251 79 100 60 234 85 127 123 222 134 310 190 216 165 24 64 266 171 303 121 90 145 85 190 297 146 73 20 298 8 18 150 236 167 159 120 101 37 94 23
3199 22 1116 20 53 114 37 220 137 200 187 307 104 107 198 249 141 338 45 137 110 266 136 217 34 235 155 202 45 176 155 281 19 229 3 123 92 139 192 141 130 237 194 187 37 342 129
3200 22 893 224 38 117 85 56 102 103 191 38 107 342 182 334 48 315 102 126 17 25 20 7 68 200 97 248 86 241 186 124 84 64 97 174 81 233 31 138 21 22 144 314 5 128 162
3201 22 1010 19 81 139 187 205 108 46 25 257 42 72 145 234 7 268 120 172 67 45 152 299 175 138 188 245 109 32 60 15 111 221 36 293 62 300 169 269 124 278 161 347 172 146 103
3202 22 820 141 115 124 159 259 78 110 185 65 97 29 175 28 39 191 90 61 26 235 24 250 84 243 118 307 20 80 103 43 26 57 35 90 82 344 151 103 135 125 199 116 151 279 56
3203 22 904 142 20 168 119 104 42 218 87 84 188 243 5 267 147 249 42 53 133 34 185 226 84 95 28 270 72 77 35 124 5 67 24 310 186 328 101 55 114 36 42 309 42 159 57
3204 22 950 140 100 160 72 333 96 50 68 90 177 238 13 103 24 37 159 18 53 133 77 290 162 279 45 327 166 236 137 7 144 194 98 146 105 121 180 150 70 248 141 197 37 304 1
3205 22 906 162 140 10 29 244 94 155 86 7 185 330 185 17 122 158 63 217 157 8 171 180 189 170 99 336 110 347 24 163 50 236 154 61 64 4 121 335 12 57 64 296 7 132 69
3206 22 892 16 44 185 175 153 105 254 42 176 54 29 136 51 53 300 88 304 160 203 153 165 175 89 128 82 102 73 190 335 144 107 79 180 181 283 135 236 124 210 190 47 140 91 196
3207 22 1045 252 98 104 166 275 42 193 56 45 167 295 129 62 51 159 92 34 42 276 119 67 137 208 21 334 199 177 132 89 172 181 90 322 186 207 46 277 51 53 73 268 97 303 79
3208 22 821 199 112 22 82 203 99 151 21 36 108 142 171 159 170 2 99 192 84 39 115 221 147 12 199 248 164 71 167 212 23 97 110 286 119 292 190 217 192 11 4 251 52 224 109
3209 22 783 271 27 108 114 162 148 30 82 344 43 132 43 58 102 9 169 27 158 131 162 26 22 252 92 315 114 98 15 215 21 76 137 150 35 3 13 84 182 145 179 225 78 272 182
3210 22 1002 280 182 3 8 339 133 69 14 6 72 58 70 185 57 336 101 79 63 290 28 197 192 341 182 323 87 311 149 14 182 83 95 115 137 202 54 19 23 269 126 346 28 145 183
3211 22 1030 84 182 183 113 145 72 192 93 215 84 225 188 72 35 338 38 218 122 332 82 108 186 85 78 210 106 103 157 283 149 339 169 331 174 133 175 247 124 69 12 110 93 101 81
3212 22 843 127 190 68 94 112 2 128 121 339 14 101 50 169 153 6 4 54 97 72 184 272 156 310 18 329 128 81 38 123 83 71 99 223 188 45 136 141 72 156 79 185 6 261 86
3213 22 926 59 116 234 82 149 155 287 160 124 67 89 105 307 11 339 127 262 11 316 158 346 7 81 154 37 17 11 117 222 173 54 82 188 87 165 138 91 103 199 116 122 88 22 178
3214 22 1117 300 111 256 111 221 121 318 19 129 48 322 116 267 34 284 188 207 137 22 46 273 136 334 15 89 184 180 160 271 102 23 164 146 183 234 16 3 54 297 2 177 114 118 11
3215 22 771 197 158 319 33 79 14 257 114 299 21 154 133 52 15 5 155 55 27 68 150 62 154 18 116 309 164 67 136 227 87 248 125 44 66 57 22 181 115 187 132 185 191 16 188
3216 22 1050 307 122 93 12 1 12 211 62 65 78 277 124 343 45 311 21 131 108 245 126 225 53 97 107 217 186 138 53 76 5 241 84 127 135 195 179 96 8 340 63 237 168 230 164
3217 22 960 98 50 297 7 145 172 331 47 171 37 266 56 127 18 133 183 8 18 161 192 313 39 40 72 78 152 208 197 291 137 113 140 139 159 296 85 132 28 104 16 48 159 344 66
3218 22 918 293 177 325 111 37 19 175 76 308 46 5 11 3 54 51 42 216 142 30 76 337 64 207 114 48 61 281 146 121 75 63 16 151 37 78 39 305 52 114 114 199 171 326 153
3219 22 812 24 78 244 141 219 125 116 105 340 124 70 38 84 51 285 107 275 97 222 127 33 199 215 140 2 79 5 50 51 81 4 24 158 148 266 177 124 131 154 3 105 190 255 39
3220 22 936 198 129 35 169 55 19 169 19 160 72 49 115 323 49 145 26 324 152 25 139 130 101 71 113 216 27 67 72 218 71 65 151 346 135 157 166 255 127 176 76 276 190 286 125
3221 22 860 302 39 190 119 300 63 133 117 89 49 88 56 321 49 172 21 44 156 77 161 10 103 36 187 30 177 206 112 157 103 9 198 121 8 210 3 274 100 253 63 207 73 211 128
3222 22 1007 143 106 285 21 267 146 323 54 132 105 83 169 162 46 329 18 298 37 68 197 279 122 172 30 24 135 37 196 347 16 190 103 151 60 121 196 183 174 180 87 108 48 148 154
3223 22 994 126 117 51 15 335 21 163 165 42 186 245 18 272 131 113 69 298 53 321 148 314 43 146 46 116 175 284 76 274 183 129 200 301 81 88 101 80 2 95 65 46 164 137 78
3224 22 1036 28 5 76 132 177 75 96 169 120 193 336 96 327 11 170 11 291 21 114 72 288 51 324 17 154 70 231 152 333 169 129 161 223 156 142 51 133 39 71 152 82 107 300 60
3225 22 887 219 21 220 60 291 35 81 130 137 6 46 41 76 178 292 60 247 172 22 119 228 16 122 110 4 92 63 85 248 164 294 19 84 166 78 24 100 160 205 37 165 50 329 192
3226 22 997 328 20 252 174 141 175 144 70 40 117 331 44 259 144 128 158 207 24 226 91 341 5 116 140 64 171 31 172 258 72 151 127 125 124 120 2 320 139 41 36 270 34 96 165
3227 22 966 14 154 321 89 279 113 29 86 331 120 249 53 48 129 276 155 153 127 284 179 252 103 80 121 143 171 59 14 6 104 328 21 9 1 209 90 163 137 275 195 157 23 199 56
3228 22 775 254 175 112 8 201 195 286 102 249 118 125 194 90 35 57 147 138 185 68 99 135 76 38 49 315 162 196 21 44 28 189 168 39 46 170 136 134 122 103 96 129 44 30 136
3229 22 1124 240 19 22 157 267 8 35 56 208 149 67 3 271 153 249 148 343 68 38 141 273 76 309 159 228 56 139 171 337 126 110 107 147 69 176 156 253 31 114 153 348 118 323 152
3230 22 951 18 172 144 86 9 34 273 34 261 133 94 188 188 182 160 76 72 134 108 42 59 164 344 140 279 198 139 196 170 90 66 193 235 51 301 121 223 84 281 107 221 46 161 182
3231 22 732 21 172 55 54 229 196 115 142 291 54 170 38 44 168 109 185 85 51 19 135 154 191 59 89 274 15 268 196 160 180 127 132 1 132 37 129 327 51 121 120 56 42 207 199
3232 22 921 111 16 233 197 168 54 31 71 46 191 310 119 5 27 264 16 106 43 297 156 24 36 136 52 286 106 221 142 150 80 242 12 347 27 59 64 132 91 135 27 94 98 288 72
3233 22 859 13 54 29 5 2 184 30 187 269 134 225 77 6 166 278 135 259 91 231 35 1 197 316 94 331 45 175 176 242 164 149 104 167 27 261 121 112 190 107 180 75 131 158 131
3234 22 943 348 87 117 57 180 198 243 180 194 109 223 76 153 199 3 46 113 1 99 131 327 161 51 188 101 110 269 177 92 79 57 40 115 124 148 94 323 90 276 18 50 50 293 102
3235 22 1023 301 95 47 163 247 48 295 73 108 96 112 110 107 130 337 148 258 145 89 125 18 186 118 140 78 195 307 177 145 1 329 45 147 177 309 93 276 3 67 136 50 128 347 6
3236 22 976 208 35 156 17 330 44 91 199 282 111 291 9 205 199 135 101 100 15 245 198 244 55 169 10 157 6 109 87 153 17 344 189 222 112 68 165 19 146 163 9 206 67 7 91
3237 22 1094 168 158 57 64 306 200 21 198 271 80 156 28 340 42 30 58 87 171 79 49 338 96 301 8 193 15 116 99 281 23 191 200 182 197 266 87 197 38 334 19 319 192 146 158
3238 22 867 233 28 166 122 248 146 270 87 41 22 195 186 286 62 84 68 234 24 70 168 322 35 4 120 72 90 238 140 34 49 115 163 116 186 60 162 307 198 328 44 39 115 6 174
3239 22 909 83 141 349 2 258 121 288 114 290 11 5 130 2 187 165 150 1 27 68 189 188 79 147 135 34 127 131 75 341 36 300 23 176 149 26 36 71 163 299 12 275 103 141 26
3240 22 964 189 5 76 91 83 45 181 120 173 78 157 58 254 137 232 196 224 84 271 99 282 146 86 4 61 34 117 185 336 108 63 24 14 138 317 199 82 97 168 56 276 76 215 81
3241 22 928 214 149 27 39 232 47 90 15 44 175 118 156 209 184 43 144 293 55 170 59 136 57 277 34 326 84 10 154 348 40 117 96 16 156 279 114 95 93 310 19 162 117 198 9
3242 22 752 123 40 315 194 248 158 31 106 86 164 32 21 87 169 113 53 66 78 10 47 44 156 39 153 327 1 19 105 200 30 179 189 194 124 4 54 246 91 218 79 262 140 165 32
3243 22 1010 102 20 147 132 179 93 75 87 134 27 15 136 247 21 335 76 52 25 122 75 315 25 229 111 96 189 276 85 104 57 339 23 306 70 253 100 94 191 322 155 272 168 26 6
3244 22 899 146 127 183 67 3 197 41 81 7 157 128 96 285 15 201 143 123 150 174 177 52 117 118 36 40 122 308 109 249 115 204 127 197 170 130 94 312 112 152 169 290 47 255 104
3245 22 918 99 149 108 73 349 181 200 100 317 87 38 90 346 98 241 111 102 169 9 171 298 52 183 112 154 103 3 2 209 8 151 57 215 123 5 147 174 6 97 92 245 136 132 40
3246 22 935 183 24 52 34 342 61 307 192 214 91 3 67 93 55 221 53 112 23 109 28 147 16 226 21 273 72 262 17 257 45 57 39 18 110 23 60 320 29 253 34 269 105 2 63
3247 22 1022 61 24 67 124 196 127 253 95 242 28 267 67 99 130 133 57 175 91 245 194 251 119 155 122 199 7 205 169 113 159 233 173 32 49 298 28 276 150 174 69 129 140 285 27
3248 22 820 69 18 33 195 210 130 39 12 148 193 284 147 52 40 67 14 298 50 139 180 248 186 9 73 88 184 142 16 73 28 245 143 97 29 338 57 158 126 20 158 303 56 223 145
3249 22 980 322 187 342 171 175 73 169 62 283 93 149 166 284 165 140 14 61 183 60 139 70 66 297 197 188 54 68 190 309 191 336 182 129 180 3 53 54 21 166 187 115 15 201 131
3250 22 998 194 64 343 78 223 131 147 139 229 145 76 184 64 117 42 56 155 26 284 134 278 188 337 150 204 75 14 20 179 64 252 74 27 94 251 200 24 99 290 3 43 17 336 108
3251 22 833 335 30 64 39 105 147 224 184 35 61 83 140 137 146 9 65 112 12 138 88 305 40 189 80 38 128 184 180 96 20 338 181 151 51 21 7 199 47 240 35 257 74 74 193
3252 22 988 21 84 160 132 295 99 270 199 289 10 181 76 190 64 208 185 183 47 167 35 199 40 343 197 36 134 82 144 157 157 136 178 191 97 111 135 196 32 186 86 92 116 261 131
3253 22 1146 29 120 215 14 266 184 300 14 173 193 313 108 326 194 301 85 152 138 112 142 335 122 279 182 54 114 267 147 281 179 227 111 249 143 124 64 76 76 80 148 168 192 257 145
3254 22 992 237 57 229 38 247 42 182 181 166 160 14 21 25 132 317 5 60 43 65 8 341 24 313 18 155 162 185 148 269 181 36 177 312 25 173 3 56 55 70 67 218 90 299 8
3255 22 893 97 161 202 162 270 139 304 95 51 121 149 114 307 198 132 137 333 59 10 181 103 165 86 74 184 155 64 74 54 171 271 166 123 34 285 63 339 180 63 9 78 176 67 28
3256 22 946 210 5 160 68 105 69 300 59 36 187 332 121 292 95 194 147 118 66 162 142 149 196 54 187 25 18 247 5 345 63 82 154 220 43 273 74 14 125 201 111 115 121 152 62
3257 22 1189 64 150 231 132 261 172 280 9 127 169 335 144 267 139 190 82 122 146 251 117 270 126 330 194 159 132 155 23 202 108 234 117 208 114 198 70 187 30 230 163 300 165 158 16
3258 22 985 255 50 49 129 345 149 145 64 324 176 208 82 257 114 207 158 271 140 326 30 6 74 2 42 103 33 307 4 247 166 69 4 65 68 132 9 218 128 125 194 3 82 277 161
3259 22 834 297 83 320 167 25 95 299 180 118 152 23 22 134 81 225 133 47 196 136 61 15 19 322 134 146 46 27 200 229 154 162 25 238 181 193 162 75 43 93 195 196 18 16 130
3260 22 1019 48 193 314 96 290 149 159 106 319 130 139 16 27 166 17 157 271 78 231 58 308 75 70 84 168 64 178 63 346 144 81 38 107 26 129 57 286 34 325 167 22 142 243 189
3261 22 965 58 49 61 185 331 69 344 56 90 78 175 55 5 139 86 200 285 66 189 191 293 117 200 129 326 95 24 68 140 114 75 140 225 112 221 145 105 128 334 182 204 38 89 142
3262 22 997 75 88 126 142 79 119 137 145 320 17 47 195 261 172 114 2 35 189 92 9 102 14 305 156 341 40 290 96 278 130 187 154 267 165 196 197 235 184 192 56 300 140 12 111
3263 22 1077 64 64 295 4 305 156 155 170 112 162 12 52 253 157 281 132 345 34 151 61 81 97 297 64 290 102 163 129 252 125 239 167 190 186 170 96 143 176 165 56 89 126 257 92
3264 22 1041 182 187 73 178 223 39 153 172 185 69 261 187 133 90 190 159 280 56 298 17 277 145 11 104 209 117 292 86 323 83 169 162 158 97 34 132 35 138 219 158 216 157 243 105
3265 22 983 346 151 186 53 101 105 181 145 65 36 156 33 128 191 58 62 160 121 19 6 204 3 142 143 155 62 103 120 319 45 276 16 345 64 21 147 318 153 194 84 189 101 269 16
3266 22 926 141 28 329 152 298 100 209 153 152 152 295 158 314 147 128 184 41 5 1 138 270 171 236 139 24 79 25 64 31 43 131 174 70 59 75 169 258 186 121 11 237 15 319 102
3267 22 906 264 198 85 56 254 36 293 174 258 181 212 33 59 86 96 142 330 126 215 101 137 191 19 46 328 189 57 65 6 177 18 69 74 3 24 79 188 69 302 147 99 116 309 153
3268 22 732 75 200 333 153 64 85 41 57 4 86 284 94 94 48 299 22 166 69 297 120 43 26 59 61 27 55 61 144 19 97 161 119 281 165 84 165 105 40 70 42 324 116 38 23
3269 22 905 114 109 240 33 56 11 327 81 169 189 309 126 349 53 11 119 51 171 189 181 37 173 47 91 269 85 239 34 274 114 197 32 5 181 116 109 171 134 282 11 149 184 22 168
3270 22 797 236 92 156 16 229 80 64 21 146 182 57 86 65 180 149 164 164 4 346 154 71 5 25 104 55 156 167 54 141 188 323 126 29 80 43 9 160 156 32 107 240 190 292 104
3271 22 957 22 143 17 85 46 115 38 116 221 14 271 75 321 37 128 11 274 100 288 55 30 132 315 91 238 148 249 177 190 140 232 11 82 51 197 179 215 36 196 35 250 169 9 122
3272 22 970 5 189 285 181 190 172 337 171 4 153 163 143 53 161 321 94 251 102 254 134 252 102 215 68 287 110 2 138 328 163 10 35 253 144 17 142 317 105 113 122 59 125 164 61
3273 22 1066 138 86 306 138 209 23 191 110 187 159 199 149 110 136 178 174 347 12 326 42 130 18 211 34 332 182 343 158 298 55 195 83 34 70 221 59 133 145 121 181 32 68 23 56
3274 22 825 117 34 81 8 114 100 68 149 83 50 343 43 149 150 137 81 62 73 51 182 131 63 64 75 335 96 122 166 316 94 121 82 279 104 289 42 105 109 43 40 10 85 282 108
3275 22 908 236 118 188 47 40 90 229 72 254 144 97 188 92 170 57 63 176 188 91 181 228 135 238 136 327 127 45 113 158 152 201 77 192 97 219 181 177 90 135 21 88 72 164 157
3276 22 827 77 70 269 103 159 112 35 36 96 122 72 74 148 168 36 7 272 188 134 163 185 54 343 161 145 27 83 83 301 96 141 27 267 162 81 125 23 116 263 118 37 36 143 37
3277 22 930 53 80 93 74 18 78 86 152 181 179 14 178 7 197 162 159 144 2 288 113 163 18 89 187 285 101 256 122 136 198 308 139 28 152 314 145 230 200 246 112 280 159 339 38
3278 22 1107 157 100 197 103 254 86 315 168 303 3 205 188 54 162 11 191 310 170 179 37 321 93 183 102 344 180 16 173 290 6 162 197 306 158 199 111 293 113 228 98 17 184 87 170
3279 22 946 146 97 61 105 18 41 243 90 335 25 142 128 304 157 52 93 312 14 141 19 23 91 231 166 105 159 165 22 144 51 343 39 149 55 195 68 246 187 107 132 313 148 10 118
3280 22 1141 206 63 311 170 76 3 190 199 44 21 216 48 331 130 71 24 82 164 215 182 268 109 349 65 298 5 149 10 155 160 328 112 172 90 131 98 144 173 346 137 345 11 137 27
3281 22 711 42 157 52 23 72 16 154 42 127 4 258 124 58 6 135 112 15 164 24 187 155 56 236 49 78 131 287 124 243 73 86 182 10 5 119 65 96 195 268 104 120 75 211 155
3282 22 851 187 178 320 162 16 75 317 151 73 197 283 59 222 77 234 22 62 65 75 121 269 43 35 67 240 52 322 59 78 182 65 64 11 35 77 26 159 146 276 31 42 160 41 165
3283 22 1016 336 124 88 199 40 62 269 9 157 55 277 46 208 148 54 136 79 69 1 40 153 128 267 163 273 145 343 166 4 33 332 140 109 20 340 48 231 161 106 137 165 82 234 25
3284 22 1080 81 38 110 62 208 110 203 112 339 69 274 13 113 18 330 117 100 12 258 110 31 97 158 63 109 165 252 24 249 85 250 179 72 159 290 131 270 92 242 161 261 67 123 125
3285 22 957 34 55 93 86 216 200 295 48 49 152 110 57 319 61 232 67 146 31 195 19 291 37 100 161 78 143 73 40 262 45 315 45 251 157 230 116 209 77 59 180 75 117 198 37
3286 22 929 249 114 32 131 61 153 122 147 104 184 74 148 206 66 309 52 330 154 103 138 285 170 198 63 335 106 293 61 273 42 97 171 6 31 153 66 133 76 62 188 209 37 85 66
3287 22 1228 302 44 220 83 99 124 271 135 295 18 248 129 176 192 139 98 283 38 70 140 318 72 155 2 100 168 289 110 107 123 326 58 218 197 293 18 272 65 303 116 284 102 145 109
3288 22 879 145 185 206 77 122 177 319 41 101 173 142 100 293 182 309 49 57 184 258 174 82 102 194 3 16 48 219 200 165 60 245 51 218 173 173 194 91 65 44 66 7 93 110 88
3289 22 795 202 158 294 37 217 70 19 69 213 123 36 12 193 185 62 107 195 56 58 62 78 182 157 121 246 1 336 104 93 95 292 146 54 87 33 122 56 103 290 120 25 128 31 18
3290 22 910 112 42 26 108 199 185 321 29 266 128 49 12 328 86 17 172 82 58 318 135 147 52 8 4 4 150 74 130 227 6 47 188 150 175 248 200 109 168 228 125 345 128 338 174
3291 22 1057 65 154 346 96 114 15 82 12 266 190 269 139 290 148 217 96 297 106 147 173 253 46 81 121 326 7 267 105 46 93 270 152 188 165 117 4 299 78 19 88 242 39 28 134
3292 22 1070 186 96 179 184 51 27 256 154 224 39 226 1 197 144 206 43 136 175 246 25 341 12 228 189 189 96 128 132 334 157 215 72 2 45 255 53 123 163 158 199 253 135 149 149
3293 22 922 128 104 143 114 280 88 38 73 49 118 163 139 313 193 73 99 89 170 203 36 126 157 208 90 214 56 142 48 155 143 327 110 185 190 42 173 80 116 299 128 264 161 170 88
3294 22 1214 9 21 226 180 223 161 6 129 321 197 294 26 189 41 282 133 317 94 217 59 85 141 240 52 116 38 229 181 250 51 318 9 221 145 290 43 306 95 173 28 342 116 205 82
3295 22 775 258 189 14 24 332 182 34 18 75 123 19 190 262 199 20 62 249 189 222 119 133 161 13 190 185 169 51 102 324 132 9 162 197 185 243 30 68 12 104 93 82 93 206 30
3296 22 985 114 17 29 154 238 197 339 199 312 28 108 48 347 8 50 122 189 110 33 187 46 77 216 16 338 120 58 71 64 63 330 32 28 83 319 127 21 19 288 101 276 187 199 183
3297 22 822 86 170 73 198 2 11 143 128 277 58 217 98 267 37 111 132 238 190 63 66 275 183 44 97 154 131 147 129 17 45 314 5 188 154 117 99 296 96 175 6 14 22 72 50
3298 22 909 134 5 338 176 69 155 300 102 98 96 55 180 345 135 48 41 50 52 257 38 105 23 136 153 19 12 8 132 333 31 284 18 86 23 293 154 127 192 207 26 90 13 255 36
3299 22 820 348 4 26 97 56 82 86 12 107 21 316 175 332 73 308 16 6 143 34 43 115 26 198 93 20 155 220 161 117 26 146 66 30 71 237 105 200 48 11 21 164 87 204 188
3300 22 937 244 172 293 39 307 37 203 134 185 48 103 139 69 15 157 95 310 123 24 81 187 160 35 188 259 145 60 74 133 164 314 126 58 164 143 45 119 128 229 118 283 119 36 197
3301 22 927 75 32 57 49 7 87 287 18 23 25 327 119 336 2 1 51 315 178 237 23 94 131 219 164 209 47 331 41 167 18 43 2 95 44 158 33 80 126 105 56 202 125 342 55
3302 22 967 277 42 320 155 81 44 261 62 13 71 260 195 213 176 114 52 118 165 346 61 73 79 143 198 335 100 301 162 93 105 188 37 76 44 17 169 79 182 257 2 291 151 14 16
3303 22 1016 317 67 286 31 63 198 303 191 292 52 277 142 2 188 334 159 26 20 184 121 88 5 14 69 236 72 120 27 275 85 344 41 279 71 64 129 226 6 20 129 84 111 233 172
3304 22 879 47 141 99 18 326 169 206 180 184 176 66 156 95 144 180 81 37 122 182 68 144 47 196 69 204 165 250 188 278 132 209 74 274 159 91 151 127 198 231 163 73 48 18 169
3305 22 1115 293 199 150 79 220 33 248 63 180 93 184 35 110 185 122 37 168 132 162 91 240 104 141 169 304 123 281 178 270 200 147 64 250 148 343 21 32 192 283 163 135 118 198 46
3306 22 1073 304 171 234 121 253 47 211 144 250 4 264 3 326 146 31 48 95 79 61 94 228 5 259 197 349 72 183 18 119 78 22 39 263 192 293 109 155 189 8 158 302 13 85 198
3307 22 965 195 82 194 23 345 140 50 149 55 60 247 153 31 129 273 151 108 146 342 20 237 186 128 43 124 138 150 178 102 35 175 46 168 68 118 164 159 19 163 164 230 161 266 161
3308 22 1146 290 190 13 199 85 4 219 24 242 98 316 115 237 18 338 52 218 133 121 38 202 35 196 122 49 159 259 27 264 100 116 78 199 151 234 69 324 175 168 39 291 105 206 133
3309 22 824 194 59 202 29 82 139 282 68 85 6 16 93 59 176 269 124 76 87 201 174 37 34 294 162 10 111 252 1 317 160 285 63 220 186 241 51 25 174 70 59 29 35 53 87
3310 22 979 161 174 210 38 310 163 311 96 98 156 309 108 166 160 58 185 271 192 247 41 127 137 243 101 262 113 61 41 199 166 179 109 39 41 198 198 53 108 145 150 213 53 59 81
3311 22 919 114 116 115 35 107 111 327 36 299 21 186 60 333 199 302 184 314 131 144 102 123 142 151 77 149 95 278 64 47 187 146 62 102 160 148 161 72 74 46 20 145 83 31 179
3312 22 995 81 83 262 196 265 6 349 87 47 99 13 147 93 92 312 91 78 57 253 180 16 200 190 37 326 87 258 72 69 39 200 2 271 164 147 37 121 46 23 67 294 37 315 137
3313 22 1066 278 127 129 158 33 131 337 151 233 28 89 60 14 147 281 34 87 132 185 9 347 184 145 167 279 119 85 124 307 150 212 186 326 191 193 10 173 31 10 107 308 99 216 123
3314 22 764 247 48 159 133 32 143 141 178 278 185 145 58 253 129 11 30 45 146 55 135 239 115 10 119 26 18 329 124 36 3 172 183 61 4 166 6 294 44 133 80 140 141 84 20
3315 22 866 324 94 250 18 140 106 205 128 122 16 48 198 33 78 73 168 81 145 51 143 200 168 300 196 211 183 325 102 25 9 322 148 152 123 167 141 280 21 120 152 36 170 1 69
3316 22 942 299 125 288 31 119 90 124 121 158 73 66 68 307 190 322 33 98 43 282 52 117 49 144 96 271 116 249 9 187 99 177 35 114 66 44 154 89 164 213 63 31 30 72 21
3317 22 1012 201 6 320 145 288 173 213 186 317 61 108 184 309 166 20 110 194 54 285 10 119 128 165 109 294 77 124 26 256 97 196 9 2 168 5 39 140 118 126 8 278 134 91 188
3318 22 919 251 162 47 45 66 181 204 86 111 168 147 56 44 70 331 101 266 79 9 19 98 166 160 89 33 185 99 12 320 191 301 121 253 48 315 168 130 170 105 192 337 151 49 180
3319 22 1063 322 32 282 89 312 141 108 11 106 117 249 140 3 147 203 123 338 53 345 42 302 159 161 184 80 165 77 16 166 126 247 87 109 178 176 170 270 35 280 127 1 30 116 3
3320 22 937 327 120 127 66 273 71 157 176 231 67 259 60 33 86 25 98 263 173 137 71 251 64 90 20 198 171 347 200 150 164 154 128 34 31 195 8 51 3 133 82 271 142 43 4
3321 22 1024 179 120 303 141 292 189 111 42 4 2 164 53 172 160 2 123 225 6 203 110 86 99 167 88 300 121 272 193 64 125 321 85 330 111 26 70 171 170 224 74 183 78 297 94
3322 22 823 30 71 18 87 73 78 224 172 244 113 75 45 334 146 289 199 23 159 283 152 121 10 93 179 246 166 311 124 12 54 105 33 274 43 107 3 116 180 46 28 56 193 213 102
3323 22 974 131 163 226 92 145 179 312 7 51 5 185 149 272 98 174 36 203 28 120 76 170 76 278 137 208 26 164 163 179 16 52 91 143 193 338 173 7 94 176 13 228 24 134 127
3324 22 939 249 169 180 26 140 57 147 168 35 183 25 112 198 89 81 26 205 134 219 147 177 156 122 135 297 147 278 122 132 5 270 153 84 145 292 90 43 59 26 125 285 87 274 74
3325 22 1091 219 152 228 5 320 76 283 127 147 17 225 45 113 52 266 146 208 85 198 41 81 142 123 200 308 199 335 97 160 167 26 187 71 47 214 53 163 21 347 157 300 123 31 158
3326 22 1065 157 130 250 188 321 32 162 23 292 61 309 138 285 168 306 60 179 106 169 31 30 31 252 176 190 138 127 62 68 186 120 148 336 159 319 21 42 160 133 150 99 17 117 105
3327 22 814 178 22 35 85 43 17 114 75 70 41 14 158 67 27 175 103 97 74 290 157 294 108 27 35 168 9 335 116 253 172 204 27 308 88 169 175 203 193 44 193 159 151 12 185
3328 22 882 326 116 33 199 255 140 342 12 268 29 131 29 113 99 167 22 261 43 80 200 111 154 203 106 97 145 64 98 158 48 25 73 231 173 27 122 217 141 39 195 121 17 259 69
3329 22 1010 172 175 91 182 170 70 81 82 25 85 337 121 232 50 18 139 50 192 314 32 267 140 203 35 132 141 253 158 141 23 131 17 265 64 186 86 246 68 260 81 254 181 212 56
3330 22 1097 200 152 307 94 15 88 310 7 42 44 288 132 126 192 241 66 167 171 282 31 186 68 119 182 187 128 214 140 210 75 347 10 278 155 103 93 142 64 251 33 107 88 267 34
3331 22 942 332 109 299 198 132 180 30 17 149 48 48 85 328 163 227 187 137 75 246 15 130 50 159 23 13 109 58 171 324 4 181 32 252 128 215 34 160 32 234 59 31 69 86 144
3332 22 984 247 125 32 71 122 98 202 122 56 75 284 16 134 5 314 157 158 94 190 62 274 155 297 185 38 30 145 118 200 133 313 46 107 145 169 128 242 72 149 150 96 35 167 131
3333 22 966 89 32 137 198 228 179 259 3 335 105 187 174 331 91 36 65 6 182 271 200 102 1 43 73 251 94 171 35 111 101 223 42 140 23 71 70 133 73 206 138 209 79 326 192
3334 22 798 71 111 308 176 294 129 227 45 179 72 120 129 15 192 16 127 94 188 121 135 112 191 104 195 214 61 34 74 291 59 17 12 19 25 239 165 5 18 311 33 339 30 63 5
3335 22 1252 323 28 234 17 118 4 253 129 346 107 275 9 269 158 235 10 316 51 23 137 225 63 251 179 132 61 213 120 291 28 77 15 307 160 283 126 115 86 257 60 344 81 121 62
3336 22 959 139 55 273 6 255 195 42 132 160 42 312 41 153 25 213 145 54 189 309 162 50 142 38 166 229 94 227 122 276 197 133 164 1 158 122 108 152 63 339 113 105 100 257 76
3337 22 1125 266 103 131 6 261 193 207 154 330 174 334 125 200 5 152 147 140 118 197 97 139 56 300 101 44 113 55 146 116 163 223 83 65 4 340 78 296 96 233 27 169 67 303 18
3338 22 714 71 104 16 10 121 65 8 59 70 58 210 166 20 116 61 187 179 83 271 95 286 60 172 33 105 107 109 175 73 161 244 195 165 60 155 37 76 14 346 195 7 160 92 122
3339 22 1079 272 178 52 105 100 47 292 9 268 175 265 124 235 89 348 146 35 43 262 196 249 150 171 12 145 17 133 3 177 26 25 198 206 76 104 105 324 196 314 92 172 28 167 106
3340 22 988 19 167 153 5 259 116 300 7 16 22 170 62 38 4 265 166 130 141 266 185 318 169 289 42 216 154 335 189 84 3 245 2 269 49 108 177 65 109 135 182 107 43 167 60
3341 22 1038 259 85 339 151 250 25 119 120 216 112 286 19 196 24 2 198 170 105 67 119 12 95 235 170 332 16 151 38 110 170 297 21 104 138 321 5 212 41 224 27 102 111 148 99
3342 22 1058 237 149 247 156 54 15 226 67 311 12 239 42 179 39 29 141 310 128 261 13 215 83 217 178 76 141 107 179 203 154 78 89 52 126 297 107 240 22 276 152 84 114 294 164
3343 22 1071 4 24 154 64 53 64 26 167 249 45 297 174 287 53 302 139 108 181 228 59 306 24 218 197 147 43 349 182 292 146 111 117 226 20 115 54 338 163 98 34 138 186 241 76
3344 22 916 245 172 3 6 27 78 225 74 277 69 22 8 276 115 205 138 133 154 64 2 218 17 192 132 16 125 169 3 65 161 128 61 282 133 316 161 260 140 286 188 160 159 98 135
3345 22 866 223 52 75 7 55 188 11 174 56 52 257 173 128 27 225 42 88 4 303 71 86 120 281 98 62 168 135 171 126 32 108 150 184 82 307 40 121 117 266 128 168 174 200 95
3346 22 706 201 26 289 140 29 191 260 117 112 193 64 73 10 98 196 86 232 53 285 117 134 143 58 106 9 73 33 178 297 84 75 199 61 113 38 41 55 99 157 116 91 170 141 3
3347 22 1155 220 136 38 53 288 74 119 73 319 76 278 179 301 162 107 99 145 181 347 57 345 34 247 99 132 54 16 175 75 106 277 146 293 16 348 180 239 118 254 57 94 133 138 94
3348 22 1027 94 144 92 90 226 40 46 72 273 195 222 156 300 87 230 126 195 58 272 137 73 21 169 162 339 72 320 132 207 157 277 50 152 120 142 79 59 189 200 183 83 71 140 134
3349 22 877 308 172 10 54 129 131 90 102 1 58 315 41 132 184 24 38 193 100 89 144 271 82 173 81 21 124 65 5 245 105 241 104 26 150 307 104 332 146 157 182 106 171 275 189
3350 22 1093 55 98 26 199 50 16 194 120 298 116 253 120 190 167 176 186 323 166 239 98 315 45 304 98 42 62 232 49 33 6 337 139 103 14 287 52 80 30 274 79 289 194 275 74
3351 22 1059 267 143 214 66 259 110 171 107 251 33 238 52 115 143 338 3 145 102 91 49 33 72 22 161 319 47 310 9 292 86 232 8 178 147 76 37 106 196 93 59 328 80 160 44
3352 22 783 22 149 48 18 252 40 66 84 312 37 296 80 85 105 141 27 93 122 36 170 71 11 6 76 7 148 136 186 229 195 182 200 244 131 20 97 321 35 231 82 324 176 13 10
3353 22 1172 233 153 236 175 327 174 46 47 184 102 24 142 301 160 280 180 256 13 231 1 293 52 248 113 137 78 346 110 105 11 319 189 313 107 265 141 232 11 289 167 12 13 11 64
3354 22 990 122 140 95 77 4 78 328 46 179 127 11 15 154 8 226 160 318 147 199 133 155 63 173 36 73 12 252 136 64 152 149 153 246 175 158 23 304 6 202 130 266 118 285 123
3355 22 1098 346 45 193 44 345 25 298 7 97 35 332 60 188 119 235 2 170 133 56 16 10 114 88 15 119 141 247 186 211 133 258 156 327 152 349 73 176 198 32 25 232 63 84 19
3356 22 900 31 71 320 51 305 78 68 166 41 7 231 61 48 29 146 110 261 105 265 90 107 15 162 32 193 56 195 7 242 13 190 114 35 190 118 14 259 186 54 165 266 64 64 146
3357 22 1143 311 173 256 165 189 195 271 3 259 53 216 53 10 160 260 103 125 199 290 36 324 50 171 29 214 138 344 78 233 104 202 140 118 191 37 89 95 195 43 63 349 104 258 7
3358 22 1042 250 8 274 110 249 9 335 148 31 163 264 118 156 191 302 61 194 44 29 86 80 169 131 76 261 45 174 116 18 84 172 68 193 96 279 94 154 64 141 37 228 106 254 136
3359 22 876 46 58 96 192 51 76 77 182 144 59 107 56 53 82 122 73 117 45 292 160 190 20 203 196 285 45 132 165 1 137 150 198 346 47 239 198 125 66 129 118 324 187 276 179
3360 22 978 119 49 51 185 293 142 346 185 13 148 232 100 145 163 64 47 1 115 144 197 61 185 194 35 302 125 255 77 161 182 81 182 107 116 274 150 311 10 263 111 241 162 257 55
3361 22 1046 227 53 56 91 148 54 301 32 199 38 283 123 344 110 286 75 66 116 108 173 133 81 72 194 193 136 206 183 299 62 138 25 116 95 65 113 168 97 198 107 329 173 250 190
3362 22 977 60 26 206 25 133 30 10 65 251 105 157 87 110 42 335 173 331 112 290 77 26 102 126 95 248 25 29 149 302 20 308 129 327 35 63 106 194 178 57 50 336 95 9 29
3363 22 678 31 133 159 92 122 87 170 175 212 164 23 39 217 3 37 20 172 197 99 51 133 61 106 128 340 164 27 26 10 137 306 191 19 17 184 142 3 55 66 117 121 40 155 87
3364 22 946 92 93 108 16 291 6 16 23 169 173 2 8 237 78 285 146 214 191 88 34 309 74 325 61 228 43 129 98 82 83 136 76 78 194 193 168 251 60 243 169 282 44 29 168
3365 22 922 74 113 216 39 5 153 123 13 26 199 76 106 91 154 53 123 289 139 300 68 234 192 337 34 151 129 203 82 275 131 52 150 345 19 238 2 173 60 114 149 259 191 56 51
3366 22 929 347 8 125 37 98 74 254 181 17 90 115 67 271 169 51 47 151 54 146 45 322 183 296 194 195 12 144 5 202 99 55 50 109 180 86 156 339 137 72 31 103 40 221 140
3367 22 1152 251 121 145 98 317 16 230 163 260 26 276 55 130 79 54 37 279 12 318 14 17 172 155 55 245 137 259 185 241 131 176 191 301 21 338 120 86 119 134 197 59 52 337 5
3368 22 894 162 165 18 129 81 86 303 37 343 197 23 1 131 165 182 57 205 134 79 194 3 64 164 86 113 160 346 64 36 33 320 199 49 139 280 31 324 132 317 68 78 191 19 61
3369 22 842 205 152 317 61 87 145 6 90 10 70 27 124 29 75 189 66 157 110 17 7 98 96 288 24 177 56 341 106 349 111 66 153 314 34 216 51 30 171 140 90 192 18 115 173
3370 22 935 142 104 238 150 263 6 259 61 1 98 36 79 53 78 187 103 339 54 56 2 73 4 267 143 95 58 287 113 223 59 6 78 348 58 240 54 166 102 206 63 239 137 17 167
3371 22 1003 173 70 207 126 77 60 265 49 114 182 243 158 91 181 72 165 289 178 92 87 335 132 142 152 185 197 266 74 135 132 140 109 303 146 137 181 107 151 329 20 232 124 78 75
3372 22 717 4 199 239 95 28 81 31 114 114 24 115 148 122 30 21 57 160 165 218 157 151 199 64 102 179 133 235 102 162 11 8 13 50 52 140 130 284 54 143 7 220 192 180 52
3373 22 906 263 186 165 24 253 134 181 5 232 46 208 111 130 195 64 192 55 121 54 6 324 95 285 107 100 179 315 170 121 147 21 135 184 137 58 186 170 90 93 2 85 200 264 65
3374 22 924 194 27 308 151 200 163 306 23 157 43 232 157 73 98 28 95 294 98 179 128 186 139 15 55 78 7 208 163 57 23 52 50 136 54 99 148 210 171 256 4 304 112 126 102
3375 22 866 189 23 245 38 101 72 223 189 37 30 19 95 39 131 1 12 9 5 13 46 260 113 243 19 335 148 324 39 112 102 240 152 174 84 140 126 308 164 17 196 345 35 90 134
3376 22 881 17 143 147 177 249 61 122 108 223 166 79 7 115 4 145 76 105 136 130 180 269 106 231 84 324 26 229 158 267 114 176 161 12 2 11 174 275 119 346 140 49 104 6 152
3377 22 1045 301 32 159 36 163 188 257 83 195 37 116 168 314 146 327 33 11 102 145 124 305 156 297 29 126 194 120 126 98 76 227 198 35 185 321 25 44 103 269 132 87 146 266 113
3378 22 804 130 128 17 74 252 173 79 148 2 6 292 73 331 191 48 160 40 6 44 124 328 68 219 80 189 151 300 125 146 17 139 177 94 107 147 80 231 95 81 188 88 153 19 130
3379 22 1226 203 78 119 58 223 144 36 93 163 67 331 113 118 57 310 134 195 136 30 152 187 176 231 119 322 63 257 161 267 25 290 19 104 110 329 126 306 16 270 120 334 150 282 152
3380 22 994 306 143 37 3 230 66 256 166 44 88 285 167 50 191 28 68 267 169 237 20 131 67 147 36 334 67 157 67 118 90 68 174 282 55 178 61 322 33 167 120 114 184 221 156
3381 22 773 11 88 174 31 26 93 61 144 142 48 177 8 104 44 127 43 211 52 76 67 179 38 241 11 66 107 82 181 40 102 87 152 290 162 133 67 57 195 311 148 293 187 207 148
3382 22 1342 280 33 343 43 335 168 211 63 106 151 226 173 310 107 303 99 61 41 201 102 253 33 268 9 327 178 308 21 167 14 269 146 298 111 190 82 130 153 247 35 274 7 262 132
3383 22 1024 312 163 92 104 263 193 8 197 313 18 175 90 75 148 6 90 316 104 338 178 245 121 157 147 119 194 202 42 265 174 315 27 317 119 41 10 78 139 324 146 64 163 72 61
3384 22 792 321 112 228 176 251 57 72 71 15 69 90 8 172 33 212 86 6 126 215 175 246 55 136 124 144 9 9 123 42 71 43 105 148 170 205 6 292 78 20 112 219 180 83 101
3385 22 867 43 170 309 168 184 33 266 41 218 191 34 128 11 44 200 4 114 93 311 63 264 67 68 105 96 39 268 164 70 100 115 12 122 75 132 55 109 199 195 26 239 80 103 199
3386 22 1101 223 154 254 36 346 166 48 12 333 117 266 128 308 36 42 77 335 108 291 156 334 124 213 192 72 57 219 110 87 121 10 11 74 165 97 72 81 96 283 163 140 120 348 72
3387 22 882 92 188 29 125 161 93 166 32 100 84 343 38 156 152 250 182 67 46 55 47 292 39 11 106 290 2 125 77 285 124 198 78 212 78 253 174 71 70 208 72 56 50 111 61
3388 22 888 4 60 44 70 158 198 18 199 38 28 206 128 329 32 54 115 55 103 243 18 80 147 242 102 166 149 273 121 100 185 234 103 195 127 324 102 177 191 252 64 170 107 191 151
3389 22 1055 238 194 15 44 296 9 162 28 5 53 129 171 303 54 193 102 38 176 155 82 128 135 133 71 286 146 90 44 339 190 233 82 207 177 330 15 138 109 270 42 239 92 294 42
3390 22 1099 236 95 130 14 301 113 268 131 198 150 151 185 197 192 281 135 82 113 219 188 139 50 4 78 308 75 69 146 316 64 90 52 311 171 117 113 183 84 293 82 235 43 269 31
3391 22 974 135 199 266 168 11 86 107 152 285 60 181 92 185 52 239 52 215 128 305 177 348 71 40 133 256 132 316 90 227 184 23 161 82 190 180 45 25 186 111 197 178 52 183 131
3392 22 951 42 135 246 72 241 22 169 12 63 53 19 195 269 111 271 2 333 33 36 124 64 132 248 1 79 110 347 158 161 32 89 104 268 86 175 58 159 96 222 148 290 68 16 200
3393 22 939 140 120 232 124 5 57 87 138 306 139 316 115 35 125 275 118 65 130 85 50 255 93 161 152 163 134 299 154 251 65 153 92 86 86 215 190 92 153 327 147 141 94 70 87
3394 22 880 145 135 317 129 136 73 121 148 224 86 281 74 339 33 90 144 174 25 129 138 66 123 292 44 69 132 89 82 59 59 70 3 95 88 233 32 210 56 130 135 241 12 11 131
3395 22 1038 195 50 324 168 275 55 208 40 277 99 336 197 33 124 178 91 232 198 95 78 85 127 160 197 132 41 133 74 302 43 205 48 243 30 118 119 234 25 110 12 109 57 169 38
3396 22 1062 199 2 137 95 132 24 72 141 272 155 183 54 179 136 349 185 234 93 316 151 11 50 127 72 313 1 17 21 160 37 311 60 340 197 255 21 120 176 213 143 197 197 112 133
3397 22 956 47 46 16 89 262 18 251 13 294 122 225 96 340 198 107 126 58 117 118 156 171 40 76 198 253 70 231 149 343 81 164 90 48 102 153 165 152 65 310 26 92 108 115 39
3398 22 693 14 193 48 32 10 153 54 99 230 3 103 150 34 104 67 126 36 181 267 84 284 20 100 138 286 12 13 77 119 29 17 82 171 64 16 80 69 131 296 122 285 45 255 188
3399 22 951 312 32 324 144 348 159 79 17 110 66 155 121 130 81 241 9 198 25 31 11 190 61 129 8 43 75 327 71 185 167 234 66 192 177 66 200 108 184 311 75 88 134 5 69
3400 22 1137 324 15 268 148 245 130 337 7 109 197 101 135 327 80 105 112 296 39 229 87 17 144 338 24 228 98 151 115 183 57 35 107 171 102 106 17 84 195 276 44 291 76 328 67
3401 22 996 255 182 230 152 222 59 290 91 52 27 316 81 27 116 198 59 72 82 167 194 336 123 261 71 338 114 107 13 191 125 70 24 55 23 98 65 163 38 168 191 103 99 267 19
3402 22 959 96 78 92 79 94 136 266 68 198 36 334 187 349 42 151 191 219 70 217 173 245 114 39 57 101 6 297 5 104 66 25 101 95 117 282 40 54 49 158 53 135 43 285 85
3403 22 972 189 128 53 11 294 127 105 7 165 63 159 120 61 65 276 126 340 28 322 156 9 12 311 8 271 163 213 153 30 197 41 107 251 151 50 77 157 158 343 19 68 63 180 83
3404 22 665 90 157 22 17 29 29 328 92 41 87 62 53 232 26 57 61 275 97 18 125 150 119 4 156 129 96 227 46 160 6 30 51 264 1 218 194 131 147 37 71 133 198 25 114
3405 22 1067 326 31 76 150 330 93 74 79 114 179 236 192 225 112 87 136 319 69 237 135 256 128 252 104 165 72 186 114 249 1 39 129 288 8 321 64 86 134 42 24 127 68 235 65
3406 22 718 56 156 283 142 40 2 349 169 153 2 133 26 39 199 274 41 37 5 68 77 12 40 92 50 273 133 23 1 3 159 216 108 64 198 151 155 201 99 224 105 2 8 181 92
3407 22 681 156 6 32 45 310 1 273 22 91 164 23 165 146 95 16 200 255 31 7 71 180 107 25 131 107 100 185 160 208 165 101 65 73 134 159 132 81 105 77 96 177 43 42 173
3408 22 919 58 191 278 190 150 200 270 108 224 52 215 76 286 176 283 3 27 199 175 112 8 198 290 113 174 88 141 119 181 164 76 173 243 68 122 92 39 130 117 40 246 142 75 121
3409 22 880 276 79 349 75 153 11 34 11 208 173 125 84 112 65 202 42 78 79 265 120 198 36 213 86 67 30 177 62 171 154 133 47 32 81 73 35 43 6 147 3 230 71 236 142
3410 22 884 185 39 283 115 119 197 186 167 233 149 4 149 180 81 63 52 234 145 50 65 127 122 251 172 227 199 24 57 61 198 106 49 182 22 219 129 309 35 159 191 163 188 171 175
3411 22 859 140 56 221 41 272 200 113 123 121 41 21 144 247 142 6 46 199 106 130 70 324 58 128 161 22 87 301 134 76 173 211 17 81 58 49 82 120 173 152 60 196 147 309 187
3412 22 852 102 106 335 157 35 56 333 44 235 43 15 121 45 51 49 117 211 115 246 193 72 146 125 143 119 126 55 164 23 15 252 76 70 88 285 107 343 67 250 177 11 67 200 5
3413 22 873 67 100 173 27 114 120 19 138 315 93 132 183 221 186 198 195 99 70 222 38 56 130 280 72 179 109 134 97 310 40 113 9 162 191 274 31 210 111 148 54 43 182 24 80
3414 22 894 230 18 182 30 190 55 68 45 134 199 19 14 259 104 161 120 294 123 28 7 114 54 90 75 166 37 278 10 268 104 40 49 323 121 79 112 75 98 209 110 248 177 123 107
3415 22 818 180 33 176 175 206 106 182 21 261 171 245 26 157 174 86 24 77 125 23 102 147 103 13 123 2 121 32 199 249 154 55 81 239 83 155 94 190 36 16 50 256 112 327 164
3416 22 943 35 62 288 114 338 12 115 86 166 179 308 17 302 191 65 100 97 72 80 35 106 187 230 45 22 97 196 180 108 72 293 44 234 130 9 23 143 123 309 158 204 68 124 105
3417 22 1054 209 141 4 107 262 136 243 117 272 172 113 95 168 110 174 27 281 17 20 66 148 179 339 191 303 149 50 106 166 26 310 26 316 166 282 129 153 24 45 174 97 109 264 18
3418 22 990 144 192 150 110 162 16 57 40 256 149 294 4 1 150 169 26 211 197 291 76 78 119 128 104 165 53 275 73 216 192 116 7 141 27 168 108 35 59 313 134 255 118 336 4
3419 22 826 287 111 214 133 53 142 312 123 271 115 139 26 165 163 48 180 206 15 188 46 141 158 175 16 168 110 220 186 145 25 24 105 41 158 309 184 21 31 104 36 71 29 2 133
3420 22 1149 28 83 338 92 20 36 132 177 341 157 295 160 268 166 47 13 222 69 183 31 278 16 302 160 271 139 281 200 140 63 279 172 203 121 143 40 204 120 130 112 264 91 230 29
3421 22 947 90 142 21 61 260 155 242 139 20 195 199 93 133 29 344 22 343 72 45 47 192 87 136 196 308 17 7 21 110 36 252 199 329 124 159 91 231 102 29 200 196 127 144 180
3422 22 892 157 87 203 102 59 97 100 150 236 138 97 93 104 156 216 165 293 19 213 72 144 174 312 124 177 190 76 75 19 119 304 127 6 7 80 164 205 80 115 142 217 162 237 122
3423 22 813 269 4 137 11 172 1 132 115 324 195 141 153 37 66 127 5 84 32 183 141 190 63 106 45 92 121 88 158 234 124 79 102 227 117 164 100 168 146 165 43 107 195 28 22
3424 22 838 173 32 207 5 67 98 244 129 5 190 70 25 178 179 260 3 59 63 180 126 27 29 45 24 345 37 115 151 232 143 224 4 26 81 92 130 154 72 334 143 93 11 222 71
3425 22 848 72 25 132 187 4 157 113 134 251 136 331 187 152 183 270 144 107 126 122 139 35 13 120 190 237 5 329 15 256 200 139 130 31 125 235 139 221 41 24 1 129 77 83 101
3426 22 1003 73 41 326 194 329 62 208 198 152 194 155 136 69 41 124 59 323 104 233 157 344 171 229 34 196 29 14 123 314 64 47 4 189 40 85 151 97 84 304 143 138 89 65 159
3427 22 633 31 138 17 3 143 152 12 138 72 140 173 120 121 86 44 36 50 40 189 190 131 125 192 179 59 45 21 46 283 137 6 166 74 173 118 18 129 107 297 171 279 68 93 115
3428 22 1119 211 78 316 52 318 5 232 193 349 61 253 93 281 150 228 118 256 143 43 30 262 113 305 93 319 101 13 200 221 57 164 181 234 81 183 1 87 66 45 85 126 97 30 59
3429 22 1182 349 59 178 104 51 70 333 62 234 189 306 105 339 168 54 9 224 169 92 109 299 126 262 37 291 6 272 69 55 3 77 53 161 54 108 13 275 192 126 9 330 132 315 20
3430 22 852 201 168 329 27 36 122 135 136 99 196 322 189 154 45 257 8 147 135 62 59 38 119 121 15 60 97 75 89 328 39 158 30 56 88 206 93 311 191 28 159 188 151 98 91
3431 22 906 196 156 144 43 61 53 282 179 175 196 90 171 120 128 200 8 88 180 15 75 35 57 336 177 86 146 237 93 157 134 251 7 27 43 217 131 274 198 256 172 337 128 43 165
3432 22 1068 130 101 4 9 17 130 145 74 317 124 161 63 290 47 257 146 280 107 252 59 301 171 341 77 168 98 300 156 176 92 222 55 192 175 65 161 55 161 284 21 134 46 183 25
3433 22 1254 293 142 321 24 48 74 284 101 294 175 329 163 322 128 219 49 269 190 55 163 117 69 273 21 282 108 343 17 253 28 92 197 62 21 68 37 106 68 333 132 348 147 306 75
3434 22 1080 265 4 194 7 309 56 273 79 180 95 312 37 237 29 241 114 72 138 82 185 60 50 171 115 169 53 347 17 200 154 91 16 7 136 224 167 343 96 346 72 40 9 160 77
3435 22 1059 287 1 140 58 288 24 292 199 173 15 313 93 219 111 309 18 214 152 136 173 9 139 280 7 286 53 346 145 63 24 133 113 16 143 202 189 234 200 13 150 114 105 169 175
3436 22 692 266 138 240 117 173 114 53 34 203 184 290 140 37 187 334 149 161 17 211 128 59 14 16 94 213 80 44 76 14 2 249 101 15 176 107 20 9 109 3 200 39 186 34 187
3437 22 1012 148 52 149 75 162 12 140 8 26 69 253 52 105 166 3 105 316 148 170 41 305 141 151 113 193 200 313 134 238 149 35 200 121 160 262 34 299 121 310 170 23 13 326 88
3438 22 1025 267 30 55 165 101 98 69 91 348 33 286 50 248 119 287 46 290 71 297 60 130 110 146 131 257 52 152 171 77 39 87 6 296 103 109 193 71 151 140 56 136 139 253 54
3439 22 772 277 150 44 148 198 55 179 8 202 59 337 58 160 141 80 38 181 167 46 26 169 104 268 92 4 60 47 142 200 51 45 27 2 190 176 49 297 54 56 48 63 45 58 174
3440 22 900 287 37 214 67 105 159 45 24 312 67 19 73 163 160 173 15 157 1 66 96 276 166 342 179 122 92 341 18 349 17 54 185 30 172 42 90 16 115 130 181 123 102 235 76
3441 22 941 261 91 176 76 238 1 41 182 30 14 323 22 233 21 140 88 257 121 60 48 227 114 164 56 296 89 260 190 335 52 165 13 179 52 63 72 83 144 207 166 20 77 7 107
3442 22 1021 236 28 166 185 37 193 49 53 200 96 243 61 288 117 48 89 181 10 168 34 224 39 269 118 325 75 335 94 104 141 101 89 120 118 125 109 262 75 311 14 121 5 174 8
3443 22 795 21 71 46 151 32 15 234 158 203 154 175 80 79 61 323 132 103 125 322 73 95 196 181 8 71 93 343 97 47 200 317 117 247 119 101 14 4 58 68 8 134 97 36 96
3444 22 1138 172 119 348 146 142 72 292 37 4 100 109 96 170 3 44 166 302 160 285 1 328 87 216 84 344 183 91 179 330 78 174 53 296 73 239 145 92 177 191 36 96 12 288 139
3445 22 1020 28 192 301 164 194 128 300 109 61 145 143 53 23 122 230 148 74 77 320 124 215 164 117 42 114 57 329 59 118 18 149 197 261 199 212 56 179 113 314 41 57 7 344 131
3446 22 1029 30 175 228 6 154 98 281 68 313 197 311 28 3 41 238 72 37 21 221 137 34 27 115 197 242 8 205 100 301 136 332 27 39 30 312 169 100 27 15 62 304 169 303 92
3447 22 1063 242 113 30 12 285 166 296 13 233 44 257 140 298 6 292 183 189 18 148 177 348 161 195 49 139 61 110 145 179 12 238 173 126 17 134 111 34 31 75 66 331 157 74 139
3448 22 832 198 8 27 166 207 156 65 20 52 13 58 113 224 102 43 86 189 65 213 57 201 175 291 183 150 8 9 30 265 34 120 112 141 147 179 148 4 145 267 105 159 76 269 183
3449 22 797 78 62 318 18 226 132 325 78 57 17 111 156 74 21 137 140 154 57 54 94 205 184 93 8 79 111 64 37 287 33 269 116 294 38 35 171 20 111 1 28 227 61 83 103
3450 22 879 183 71 242 86 79 197 81 33 131 124 292 109 136 56 247 124 140 68 191 133 5 76 205 26 36 55 53 65 117 187 167 99 308 160 86 136 307 67 121 89 142 112 249 127
3451 22 1068 219 45 303 158 112 193 242 169 170 49 94 6 103 199 72 122 235 188 122 194 249 108 182 55 24 154 93 115 317 43 243 136 288 195 345 151 140 39 119 159 287 65 316 141
3452 22 983 313 137 14 199 76 186 343 175 326 181 16 179 226 132 45 118 224 82 107 71 179 108 162 117 120 155 90 188 145 104 311 103 304 46 347 78 88 72 60 155 202 37 236 148
3453 22 925 105 161 232 111 283 60 320 144 78 196 16 82 287 155 328 93 130 188 145 133 33 41 162 122 264 124 176 17 110 161 314 66 124 97 227 56 56 98 150 35 43 167 118 82
3454 22 908 21 196 74 150 185 120 35 120 312 148 291 127 269 143 131 181 58 96 254 155 174 110 262 122 261 97 16 179 314 199 49 111 46 43 186 117 306 134 309 32 6 177 76 138
3455 22 817 8 184 84 163 188 9 174 151 32 36 97 200 264 11 148 64 271 122 266 118 316 1 136 22 86 95 55 42 123 131 29 132 345 3 323 118 153 6 54 200 5 119 112 155
3456 22 990 233 34 78 198 104 143 50 89 116 36 333 121 227 158 301 55 189 116 321 135 268 143 153 22 250 158 121 57 278 134 11 162 218 38 109 71 282 61 48 96 146 120 124 3
3457 22 987 122 178 241 37 150 26 54 194 180 175 144 139 198 150 266 81 12 80 250 149 290 22 182 50 33 79 345 178 50 68 230 71 298 22 307 97 299 12 143 180 87 136 70 86
3458 22 1095 287 188 118 148 167 70 46 56 191 127 6 175 258 2 202 59 72 83 280 19 307 188 267 7 200 109 337 138 146 56 173 32 193 92 29 61 261 26 254 105 272 178 314 23
3459 22 979 282 72 144 116 153 14 272 141 33 131 192 93 269 29 191 124 253 72 319 94 103 179 57 180 197 10 34 68 237 49 343 20 221 38 286 25 54 59 15 188 139 56 122 133
3460 22 956 188 96 303 84 100 133 192 29 80 51 65 199 189 113 143 9 235 183 94 10 286 2 226 125 43 134 256 199 169 180 83 159 25 85 294 76 268 35 154 149 285 120 147 25
3461 22 931 35 92 83 121 324 176 130 59 80 8 122 141 92 70 11 21 105 171 97 189 264 122 208 150 328 106 286 49 305 11 183 96 293 154 171 171 185 131 144 65 273 86 6 192
3462 22 921 347 79 48 69 175 37 185 199 196 134 326 4 122 24 110 82 109 7 76 114 127 46 348 57 147 142 271 19 279 178 13 77 156 10 133 46 30 131 244 15 106 147 138 81
3463 22 835 6 119 291 112 195 154 88 192 254 94 139 147 166 107 125 95 21 2 201 31 199 83 128 180 265 171 244 22 267 32 4 22 302 95 35 48 200 122 92 53 17 80 101 84
3464 22 952 238 76 29 159 229 81 339 127 165 168 106 79 289 51 250 7 334 153 81 136 349 65 35 199 39 126 301 105 157 154 191 95 79 119 105 9 51 145 185 65 162 192 95 2
3465 22 920 242 146 259 76 48 189 313 97 255 49 47 143 77 49 150 83 2 140 79 182 208 133 340 160 229 76 274 93 67 70 94 61 315 102 138 64 142 2 12 47 50 158 339 176
3466 22 925 207 140 161 8 279 139 90 88 224 131 347 52 72 144 75 91 38 85 205 91 322 169 135 125 30 131 240 71 2 196 261 112 105 89 51 96 76 27 275 77 235 197 273 9
3467 22 1134 39 162 296 96 302 169 216 88 94 47 68 20 286 41 321 183 253 185 288 43 137 185 171 12 311 98 38 147 46 12 306 84 223 153 281 177 121 146 214 14 193 34 335 180
3468 22 817 76 106 113 28 240 52 22 28 286 193 39 199 90 126 45 87 340 52 20 62 204 53 188 125 248 54 242 87 325 122 12 132 86 91 123 39 162 200 24 56 338 72 47 115
3469 22 1092 117 183 204 20 155 66 274 157 55 100 154 108 191 48 346 15 171 57 48 156 299 70 344 11 271 19 266 58 43 115 275 59 97 128 30 1 345 53 309 152 265 59 112 5
3470 22 1147 311 182 263 109 339 64 330 34 124 151 302 91 310 94 107 84 304 54 164 86 256 60 88 115 161 194 281 22 38 142 328 48 125 142 158 163 55 38 48 30 151 121 347 197
3471 22 1115 277 183 250 82 196 185 340 5 275 154 118 68 134 189 157 127 166 104 101 107 312 115 262 1 62 141 288 12 213 86 310 42 210 123 115 196 212 122 122 67 189 41 152 77
3472 22 743 47 130 344 153 30 100 116 196 263 116 59 104 303 173 168 140 32 109 110 143 134 76 89 97 97 112 166 37 55 167 113 1 49 58 255 178 108 20 76 72 35 134 325 189
3473 22 1094 206 43 131 38 53 40 280 86 265 70 333 64 334 50 250 38 266 165 290 64 72 95 194 131 16 119 153 1 204 129 341 110 223 21 99 26 10 78 263 127 47 142 346 41
3474 22 897 20 14 257 11 179 131 305 174 111 171 92 15 173 48 146 63 157 18 86 7 95 47 84 10 323 183 206 114 217 4 107 188 67 63 149 197 295 55 221 158 27 14 272 99
3475 22 1010 211 67 164 169 237 149 225 183 145 11 292 120 193 150 85 112 303 91 249 121 6 97 19 50 302 39 157 128 3 131 329 65 99 92 184 185 192 160 118 138 320 111 209 115
3476 22 873 160 194 176 164 134 124 236 141 273 105 241 124 295 149 3 99 79 181 114 28 274 149 314 167 308 83 207 30 94 65 44 5 8 169 121 94 158 186 16 164 78 91 159 77
3477 22 810 196 109 157 26 172 86 252 172 100 168 30 84 24 109 227 41 304 34 248 124 204 143 219 13 29 87 27 56 77 187 184 22 45 191 250 119 126 1 90 77 120 121 161 96
3478 22 1023 181 189 186 184 272 185 259 127 30 178 90 8 164 68 315 192 254 99 314 148 139 165 316 116 317 108 93 36 128 153 183 161 91 170 46 163 55 155 84 132 332 193 245 199
3479 22 1111 257 186 152 105 51 152 345 67 19 61 183 76 153 171 156 157 253 16 297 175 311 11 81 17 202 66 148 135 258 94 234 16 282 185 21 182 286 17 199 105 227 183 332 81
3480 22 984 253 187 37 158 204 134 182 17 246 12 33 99 227 181 234 86 176 167 251 57 303 21 89 191 88 39 147 66 271 178 297 126 67 183 283 22 118 166 38 116 329 71 64 5
3481 22 882 53 199 140 28 17 190 335 20 113 75 10 152 313 56 117 85 85 115 162 101 198 196 25 117 62 32 291 182 148 197 336 196 86 164 263 28 34 142 224 93 345 138 174 36
3482 22 954 128 136 189 177 33 163 45 196 274 77 286 8 276 33 193 173 120 58 37 49 207 120 192 130 264 186 219 15 99 193 301 78 180 139 154 162 1 98 9 126 326 97 283 103
3483 22 1015 329 28 26 150 287 112 99 94 284 140 25 147 278 194 262 28 88 164 205 169 152 110 82 154 159 191 29 37 187 164 339 167 193 166 216 179 30 66 272 13 208 199 311 187
3484 22 1032 144 24 114 81 37 70 299 40 279 82 293 137 272 24 175 110 39 16 226 81 131 144 9 10 161 83 274 118 333 85 106 176 258 69 158 47 338 8 238 116 89 183 155 161
3485 22 1110 106 81 270 96 96 98 176 77 343 186 188 153 220 12 323 52 148 78 327 107 297 34 303 36 41 191 154 130 173 60 292 130 240 63 25 36 310 152 14 104 139 53 257 109
3486 22 806 114 79 12 111 306 91 118 54 76 122 140 69 62 145 48 36 204 191 115 143 153 141 230 165 94 145 18 133 43 61 304 104 224 62 194 93 267 70 14 108 188 78 302 87
3487 22 976 65 55 329 30 50 33 272 31 349 166 126 17 173 44 92 185 198 145 160 11 141 152 129 112 118 137 201 195 288 39 59 195 17 40 96 99 114 126 298 31 301 16 330 25
3488 22 804 9 121 212 8 17 21 220 59 125 199 170 42 335 170 38 74 58 198 120 26 90 115 327 55 41 124 285 93 191 164 68 101 136 31 161 52 253 30 111 127 180 32 70 66
3489 22 950 254 59 40 113 309 111 339 198 176 15 52 18 138 110 32 51 29 32 186 9 192 89 12 74 249 90 203 183 260 119 36 20 10 48 278 120 288 177 297 104 330 114 93 67
3490 22 1001 276 76 167 154 110 154 215 103 293 126 126 193 217 29 125 176 299 62 248 108 175 179 199 152 26 103 281 141 147 198 66 123 16 70 182 20 234 84 264 61 212 6 127 192
3491 22 1074 31 155 290 194 302 149 55 28 127 54 229 154 156 62 95 154 9 10 328 76 331 9 345 166 245 108 78 8 316 157 249 198 213 40 291 116 38 46 243 66 122 172 206 135
3492 22 1121 166 159 243 27 287 68 260 147 215 127 293 174 155 150 239 13 98 36 175 187 327 190 276 24 184 144 22 157 115 79 341 180 139 35 208 127 103 119 119 46 218 142 302 70
3493 22 905 83 114 119 168 88 108 246 129 283 169 212 128 192 169 242 72 111 173 161 46 181 139 50 1 114 68 134 161 197 105 245 60 273 165 349 180 60 79 15 31 41 92 224 11
3494 22 904 186 96 73 58 208 18 140 46 267 141 312 184 88 197 247 85 51 141 196 173 305 95 55 167 23 21 199 15 12 172 177 197 119 150 157 78 269 146 326 36 138 37 71 176
3495 22 874 183 67 160 85 260 155 7 16 1 161 182 126 281 82 192 45 56 21 93 24 222 199 104 40 347 129 325 134 167 198 9 101 164 120 185 175 127 41 241 27 54 124 136 6
3496 22 954 98 82 111 168 277 186 139 177 189 80 323 167 207 159 235 104 267 135 19 139 219 94 165 160 286 143 265 159 197 102 16 194 234 78 13 10 166 153 136 6 32 11 225 138
3497 22 870 169 159 291 187 144 112 275 12 5 41 223 40 334 187 250 182 141 18 77 24 147 39 335 62 41 122 118 174 182 144 264 100 252 56 39 195 117 115 57 123 6 81 14 139
3498 22 1059 218 16 122 60 133 198 183 31 88 19 195 130 240 112 153 72 257 166 223 108 224 113 203 140 178 61 263 183 141 128 323 160 143 144 319 175 93 53 158 80 271 2 109 11
3499 22 1145 115 111 232 71 129 156 178 154 319 80 295 96 242 59 130 185 87 102 344 129 347 115 306 89 67 13 70 38 114 128 148 78 240 81 248 170 238 125 323 56 257 168 153 200
