0 22 141 6 31 4 187 26 48 37 40 12 101 44 174 50 45 10 4 22 37 31 121 9 26 23 45 36 154 34 178 47 56 11 2 17 189 14 64 25 153 27 27 48 50 32 116
1 22 154 49 164 38 109 39 11 3 24 14 189 4 62 44 64 32 80 2 195 45 178 22 5 47 173 40 36 13 5 34 126 43 115 5 195 20 183 29 59 10 90 48 54 35 175
2 22 154 2 108 31 148 32 113 40 67 27 146 1 153 43 19 46 189 8 66 22 103 47 102 13 143 11 154 42 14 38 66 15 197 49 65 29 13 6 95 39 151 41 41 36 78
3 22 139 21 53 1 123 2 187 43 62 40 186 27 30 26 152 7 6 14 164 4 115 47 97 38 57 44 17 49 169 20 137 33 29 29 61 8 182 3 83 12 41 48 125 41 191
4 22 158 50 97 28 58 43 194 35 41 12 37 41 183 26 84 17 154 13 77 11 196 32 45 31 145 30 69 27 33 10 168 8 97 40 2 44 156 39 187 18 107 42 182 36 102
5 22 133 30 119 49 10 13 183 39 131 12 122 42 31 3 2 27 94 5 169 19 149 33 33 17 71 2 73 36 160 16 15 28 114 24 140 23 160 35 116 40 117 18 33 22 189
6 22 122 4 172 15 36 33 58 7 55 20 192 17 36 8 44 1 181 36 149 45 158 31 25 49 120 42 69 3 165 9 8 25 195 41 7 2 197 13 72 29 59 48 175 10 108
7 22 138 27 19 17 7 43 168 36 188 31 52 48 190 37 172 34 29 30 35 28 94 8 118 23 116 49 27 10 134 25 30 2 134 24 19 12 160 42 11 5 31 16 130 7 200
8 22 123 7 51 10 176 25 125 45 25 3 43 34 188 20 65 40 103 38 10 14 47 18 107 24 89 11 52 4 40 5 147 22 36 41 168 43 11 33 180 9 172 47 133 2 5
9 22 140 6 76 43 116 29 98 38 102 4 200 18 127 35 110 45 47 5 141 36 36 2 109 19 98 42 167 44 45 23 100 22 15 15 150 14 122 40 117 27 139 34 54 21 99
10 22 123 6 112 34 191 15 145 11 12 38 129 5 182 1 156 4 17 21 155 30 44 44 196 32 132 24 157 26 123 27 74 40 110 20 104 17 143 12 124 29 129 49 84 9 93
11 22 108 27 106 15 161 39 38 17 165 12 195 40 141 37 51 6 45 9 198 32 74 19 60 2 48 35 6 3 14 13 119 26 52 8 194 18 19 38 157 11 124 10 174 16 15
12 22 146 18 174 15 75 5 38 43 14 41 90 24 28 47 178 11 96 12 3 29 173 48 188 35 174 49 160 13 129 16 29 3 120 9 86 36 84 40 28 45 88 8 42 39 167
13 22 131 4 26 3 29 24 113 19 188 41 34 46 105 36 192 42 194 30 4 31 113 45 8 7 82 2 17 26 6 5 42 12 32 44 90 8 111 49 144 14 94 1 200 37 94
14 22 163 45 66 47 126 29 43 33 187 25 37 3 200 42 9 43 55 40 138 46 196 5 192 44 150 39 102 6 127 28 123 36 62 9 162 48 64 13 92 22 105 14 42 37 96
15 22 164 32 198 7 172 49 112 46 116 41 88 43 165 25 107 36 4 38 150 47 112 6 193 27 200 34 135 37 70 29 195 8 91 22 174 33 62 16 97 24 122 28 161 31 118
16 22 140 2 130 4 37 17 185 25 138 13 69 31 191 26 173 49 58 6 163 40 179 36 119 42 111 45 67 43 162 19 122 15 157 1 31 28 63 10 54 34 18 27 191 47 157
17 22 156 34 75 43 53 16 5 49 33 47 10 1 70 27 109 9 27 39 138 42 189 33 16 44 23 10 188 19 166 24 146 28 63 14 126 45 12 37 47 31 65 5 92 29 85
18 22 155 35 128 33 53 12 98 46 134 9 134 5 24 34 36 49 161 11 47 7 143 36 155 6 15 41 193 44 73 45 157 22 190 40 180 25 94 38 68 39 180 17 199 27 73
19 22 168 43 90 36 79 46 44 45 186 40 10 30 46 31 69 35 62 16 128 27 6 48 85 44 127 3 44 5 78 13 166 41 156 10 126 49 87 22 96 19 43 33 30 38 115
20 22 153 48 17 41 3 14 78 46 91 30 139 47 7 26 93 20 192 33 27 1 111 2 197 49 118 31 147 45 144 37 188 15 193 44 194 3 157 24 100 17 50 27 171 12 2
21 22 138 43 194 34 41 16 181 35 54 18 82 5 32 25 99 27 157 41 129 15 75 2 164 4 16 20 124 45 37 23 189 31 57 29 98 37 165 1 156 47 57 13 181 44 198
22 22 128 21 147 13 114 2 80 33 176 29 12 24 17 44 132 45 43 20 162 25 160 32 108 28 164 5 171 27 117 26 140 19 105 22 96 6 150 9 82 18 5 49 85 16 52
23 22 120 49 181 8 21 44 185 39 119 24 9 25 198 6 133 15 14 17 71 26 131 19 62 4 12 21 88 5 160 37 117 14 130 1 54 27 63 18 59 22 184 40 54 20 75
24 22 128 11 175 36 83 14 194 26 118 5 171 7 21 38 74 39 188 3 66 25 121 24 198 4 195 10 195 34 105 21 139 47 166 16 17 22 86 23 43 18 162 49 69 43 36
25 22 147 39 192 40 135 31 1 30 140 36 186 23 108 25 19 24 40 37 95 26 109 48 171 6 11 21 176 27 37 18 162 12 101 42 53 41 81 38 26 5 96 2 76 17 19
26 22 125 23 56 18 45 13 79 15 139 7 3 8 118 30 21 21 91 31 195 11 108 10 175 28 151 38 144 1 188 4 66 19 156 24 123 44 102 36 14 42 150 46 198 32 195
27 22 143 5 143 21 184 43 109 30 165 20 182 4 124 47 122 44 154 16 121 40 68 6 103 11 57 41 85 2 88 18 99 45 160 28 4 29 157 49 139 24 137 17 43 32 163
28 22 142 34 151 20 39 14 126 29 198 18 167 27 62 26 98 42 81 28 200 48 128 38 70 1 27 16 169 21 108 3 183 41 3 4 129 31 9 17 109 33 188 40 60 37 33
29 22 149 40 116 33 187 44 122 9 46 48 174 15 168 31 67 2 123 21 105 39 185 12 105 46 188 30 99 36 194 25 131 16 185 27 15 8 143 35 38 11 36 43 164 28 74
30 22 128 15 117 8 196 28 109 3 166 30 96 20 14 24 136 22 166 11 78 23 11 36 31 13 60 2 29 26 61 41 139 32 195 4 186 1 107 40 175 43 113 42 64 48 180
31 22 134 22 133 12 152 47 22 5 75 15 98 39 105 32 86 10 167 11 111 24 50 35 68 28 83 37 97 6 84 29 168 40 80 17 163 34 41 9 1 20 135 38 195 27 111
32 22 133 47 163 30 110 40 13 48 187 18 83 14 96 1 155 28 17 17 113 9 28 13 99 29 170 36 8 12 70 5 26 15 12 31 97 26 99 23 153 42 66 25 21 24 49
33 22 125 1 143 13 36 21 99 20 128 24 19 46 39 32 59 41 112 5 109 39 53 34 194 19 75 11 194 45 140 17 143 9 57 28 11 29 77 30 6 2 200 3 142 31 62
34 22 143 35 44 18 93 32 21 28 125 41 152 36 198 27 154 40 17 15 148 46 25 24 54 34 126 3 187 17 185 48 3 11 187 25 188 30 77 22 65 21 166 13 14 9 139
35 22 132 37 14 25 112 18 61 31 154 10 133 24 180 43 13 5 30 42 133 4 58 8 3 28 123 21 12 38 84 22 78 35 152 36 154 12 168 7 23 39 97 32 82 11 88
36 22 144 11 54 22 14 29 17 41 4 39 102 26 20 45 162 30 116 35 147 8 199 13 6 32 94 16 21 4 119 42 170 31 72 38 71 25 176 17 49 37 143 10 123 28 46
37 22 140 21 152 3 19 14 160 7 177 20 12 47 163 31 28 35 70 9 45 24 78 45 75 16 188 38 25 12 115 32 66 25 101 34 52 37 113 22 1 33 138 49 113 8 44
38 22 152 38 23 31 125 49 44 41 68 25 9 44 177 39 180 29 26 42 52 28 50 37 110 7 64 27 137 13 39 46 106 18 88 2 66 45 85 5 53 34 41 10 12 1 15
39 22 133 45 200 1 105 39 107 18 65 32 56 40 87 33 59 24 87 26 104 31 161 11 183 41 46 23 100 7 41 37 1 42 132 6 126 13 118 46 176 4 82 2 60 12 164
40 22 136 22 146 6 167 18 55 25 160 47 147 8 69 39 99 2 151 7 78 45 169 16 122 30 197 10 88 5 195 28 25 49 152 36 56 48 82 19 23 20 125 24 149 43 60
41 22 143 19 175 7 45 13 168 35 125 23 79 2 97 30 54 34 135 3 18 21 40 18 41 14 191 41 135 36 29 45 156 16 170 42 194 48 26 28 3 43 182 49 115 6 83
42 22 139 28 43 12 172 48 114 26 149 31 47 35 124 41 99 19 34 42 18 9 19 20 53 45 86 16 117 8 180 43 7 46 168 2 6 40 22 39 50 1 59 3 3 5 188
43 22 130 4 113 24 196 31 91 15 138 22 157 47 67 26 156 45 42 48 199 38 119 40 20 7 40 20 167 44 24 23 81 28 136 5 73 16 97 18 144 3 185 8 181 11 106
44 22 159 28 59 43 148 49 112 6 40 34 175 33 157 47 165 21 59 1 19 46 156 37 141 10 73 20 5 22 25 32 183 31 183 36 22 18 10 27 7 40 193 41 11 15 48
45 22 137 49 156 9 123 17 178 27 39 5 160 23 176 40 155 10 176 28 78 37 185 4 95 6 115 35 29 13 51 26 163 36 86 25 16 12 63 20 172 47 63 41 156 38 20
46 22 112 35 127 4 140 21 161 5 157 13 91 25 93 12 137 49 98 24 75 36 89 34 109 32 171 17 37 11 186 39 141 9 53 19 168 15 161 2 41 16 130 3 26 27 40
47 22 128 14 62 48 140 43 71 6 131 33 43 4 21 17 31 37 87 2 48 42 101 21 4 31 126 9 165 46 22 15 185 40 46 19 132 41 66 18 71 5 3 20 199 3 186
48 22 148 21 106 18 146 36 126 13 131 47 127 17 62 15 108 7 33 41 8 23 56 27 95 10 33 14 35 34 114 38 69 35 195 30 33 44 115 11 20 32 174 39 81 40 192
49 22 117 37 117 46 149 1 62 33 85 27 72 5 61 17 43 43 51 7 186 15 170 8 146 25 61 16 15 4 104 31 42 2 79 13 13 41 85 3 177 44 105 34 31 19 155
50 22 138 38 167 47 81 3 72 43 170 36 96 23 168 24 46 30 88 10 58 29 46 42 182 19 27 4 154 7 73 8 45 39 4 27 143 14 64 31 153 12 28 34 1 33 85
51 22 135 12 183 5 188 36 158 45 10 17 41 22 69 42 199 37 5 2 93 43 157 4 120 40 6 9 85 19 148 26 125 11 82 32 73 48 124 16 19 30 122 33 31 14 77
52 22 147 37 19 48 179 25 57 13 11 33 110 23 107 47 35 40 128 9 189 3 131 7 194 46 28 17 60 6 183 36 94 1 83 22 177 39 134 38 68 49 62 24 45 27 37
53 22 133 10 73 34 89 47 53 48 152 35 35 37 117 19 116 8 155 4 97 22 54 11 148 1 159 12 175 17 113 3 6 24 125 39 62 43 161 27 79 45 174 16 63 33 70
54 22 142 49 138 19 122 42 29 21 42 37 33 18 155 47 20 10 70 1 83 20 93 43 146 22 37 39 99 16 121 14 58 8 194 7 140 11 111 36 181 29 71 48 115 33 95
55 22 136 38 121 16 26 21 31 46 91 6 81 33 156 49 142 5 81 12 166 18 194 26 22 10 166 24 98 20 31 39 140 14 37 9 192 13 43 34 200 37 35 27 33 47 109
56 22 135 24 64 22 45 47 160 35 60 46 167 18 139 31 63 38 94 37 166 12 50 2 96 5 178 8 133 34 131 20 60 45 43 4 41 3 88 6 71 39 187 33 78 32 179
57 22 128 16 149 42 116 1 39 20 128 46 152 39 132 34 111 41 28 3 46 7 86 23 57 44 97 29 178 24 13 6 191 11 99 13 138 27 190 35 28 31 168 14 141 8 41
58 22 118 45 156 13 152 41 35 10 131 30 8 12 58 33 124 15 123 36 64 29 99 3 105 40 189 35 22 7 98 16 90 9 21 4 110 11 89 21 144 18 28 5 177 42 34
59 22 107 17 157 12 167 11 119 7 49 3 28 2 142 25 141 47 195 10 35 31 103 4 160 9 131 21 190 24 104 6 180 16 73 40 36 38 10 49 41 1 123 27 162 30 113
60 22 125 44 34 17 53 42 149 25 83 22 179 41 103 46 13 31 195 33 120 4 33 10 155 7 92 6 128 21 70 13 141 1 168 34 1 24 172 9 26 19 149 18 170 36 27
61 22 142 24 95 19 32 22 89 3 128 23 15 20 24 34 6 28 74 48 99 32 125 18 54 46 66 49 86 39 186 12 65 30 182 1 22 31 145 16 152 7 143 27 30 42 177
62 22 149 13 119 46 116 14 112 35 112 47 124 49 60 38 129 42 187 31 15 36 113 9 151 15 78 2 173 23 180 5 166 7 17 34 2 33 197 17 108 40 157 25 129 37 18
63 22 142 17 169 32 152 41 103 46 20 6 70 42 136 24 158 45 173 38 62 39 97 26 181 5 50 11 193 28 162 1 31 43 41 35 140 10 41 9 4 19 25 13 197 40 76
64 22 157 37 87 2 119 43 103 30 36 22 59 47 172 39 191 14 174 32 23 40 26 24 138 7 50 41 21 46 80 49 185 18 102 3 113 4 82 48 77 42 96 31 86 11 106
65 22 143 17 186 19 8 13 59 34 101 33 191 37 81 22 37 40 138 2 94 3 151 20 44 46 18 26 83 30 81 1 165 49 160 9 193 25 28 14 60 43 50 48 187 42 184
66 22 145 21 117 18 151 48 18 17 148 28 146 9 122 27 85 1 198 12 93 39 126 41 85 13 23 32 101 24 75 37 195 42 54 47 141 15 40 3 13 35 127 38 83 33 177
67 22 129 10 123 13 122 45 194 25 121 19 163 17 12 16 115 4 191 29 95 43 193 34 179 24 12 6 145 15 19 22 139 18 65 36 38 27 54 1 194 35 148 41 144 39 149
68 22 112 36 73 4 182 34 70 8 160 15 77 24 102 14 2 5 114 46 74 19 180 22 70 12 14 3 87 37 93 35 124 17 40 11 57 10 21 21 136 44 25 1 46 31 114
69 22 138 43 5 34 124 28 103 31 91 18 85 27 107 13 30 46 154 37 198 14 143 9 34 30 89 20 161 19 176 44 142 3 49 24 43 16 159 21 174 38 133 4 133 36 90
70 22 154 31 99 32 91 35 96 37 114 40 156 43 110 38 51 33 188 24 77 4 34 47 77 21 179 16 73 36 66 6 26 12 15 46 106 45 40 15 77 27 17 9 15 20 126
71 22 145 33 98 47 11 32 100 28 154 37 43 10 12 45 113 26 111 2 21 17 98 31 174 38 48 34 52 40 70 23 65 21 63 14 52 12 193 7 148 35 118 42 133 9 58
72 22 139 32 118 40 107 5 87 9 178 11 31 45 112 3 57 27 156 21 119 13 70 6 30 31 188 14 19 29 96 38 30 44 78 36 101 16 126 46 88 41 40 48 78 1 170
73 22 154 47 165 40 54 22 41 10 143 20 157 19 59 36 165 38 122 17 4 49 27 37 12 39 115 15 9 13 29 16 175 21 156 34 113 27 41 28 200 23 51 42 78 24 108
74 22 153 39 88 16 51 18 115 43 37 24 78 2 2 20 185 37 48 36 112 48 103 41 99 46 19 35 155 9 130 44 48 19 61 25 168 31 164 10 65 42 130 1 31 29 136
75 22 141 44 178 38 34 28 133 2 12 39 91 21 121 36 70 47 119 25 23 7 186 17 50 20 96 26 137 45 105 33 10 32 144 1 74 16 121 9 35 6 86 30 191 42 165
76 22 123 19 158 17 140 5 168 41 132 7 35 37 134 14 169 46 45 12 96 20 30 16 179 26 135 21 61 31 132 49 71 18 111 47 86 10 110 4 57 2 176 6 162 44 193
77 22 142 33 107 8 146 11 40 27 24 38 147 42 8 9 192 5 77 44 166 31 100 24 48 3 152 46 121 7 107 17 1 39 73 36 183 48 162 6 38 10 100 45 68 41 79
78 22 164 24 167 23 42 49 174 15 48 27 168 43 97 13 177 40 87 35 126 21 85 39 179 22 99 28 118 18 168 46 42 36 70 33 135 44 99 34 20 17 127 31 19 19 17
79 22 128 6 94 40 90 35 168 11 135 45 128 2 12 25 45 49 145 27 135 38 178 19 7 46 147 24 38 8 92 13 138 14 102 22 81 43 159 18 4 12 82 9 43 7 54
80 22 153 39 132 43 64 40 3 5 164 15 44 29 69 17 61 32 124 37 27 33 128 44 86 19 141 28 183 11 183 23 94 36 133 30 93 48 146 38 76 14 105 24 124 10 103
81 22 141 17 147 20 123 16 10 27 195 43 189 29 67 32 106 5 167 37 49 14 183 36 42 46 40 45 20 3 168 31 55 28 124 8 45 39 78 26 119 10 177 13 100 41 195
82 22 136 36 132 43 27 11 187 46 13 7 127 19 192 4 95 2 150 30 89 38 9 15 58 6 174 34 108 1 47 41 193 42 73 35 69 33 74 14 97 40 67 23 145 26 94
83 22 126 42 115 33 52 31 91 8 54 26 15 6 122 23 196 15 15 20 1 35 152 24 148 3 140 17 128 36 179 32 23 19 66 49 108 4 184 9 105 22 107 21 38 30 45
84 22 143 21 29 12 95 27 98 26 81 31 48 46 73 48 104 6 54 37 56 43 79 20 66 16 196 33 110 5 82 2 10 41 150 42 146 1 153 44 39 11 108 39 177 24 34
85 22 135 43 52 19 2 7 100 25 60 12 144 36 104 44 163 45 39 10 135 41 15 31 29 40 161 13 18 9 119 42 144 15 1 14 89 33 99 28 126 11 174 16 171 8 106
86 22 155 35 90 36 159 29 46 23 197 4 42 40 148 5 34 11 169 37 74 8 198 48 42 47 77 19 157 34 127 10 91 49 176 21 178 44 126 27 137 15 76 41 48 38 109
87 22 134 34 162 18 32 11 159 30 138 27 36 39 62 15 48 4 177 49 79 48 128 2 93 3 180 29 19 7 121 16 94 5 99 35 68 9 114 36 101 45 99 42 45 33 189
88 22 141 22 36 33 176 17 13 44 173 11 67 13 62 23 11 46 92 20 161 48 57 12 95 7 76 39 109 35 94 8 81 41 83 3 76 37 86 38 200 47 154 2 141 21 48
89 22 149 48 196 38 156 15 172 1 173 29 82 14 161 18 188 5 25 40 156 26 152 17 23 7 2 32 10 42 2 39 149 44 97 13 167 47 88 45 130 8 168 46 110 24 73
90 22 140 49 79 48 102 22 158 3 168 40 156 26 31 5 20 27 19 38 175 6 183 41 162 39 71 11 21 28 158 30 80 25 34 16 190 24 196 44 145 14 83 20 17 7 66
91 22 136 2 45 39 103 7 109 32 165 31 108 46 62 29 12 47 170 35 145 13 130 18 127 14 66 48 180 20 124 38 36 28 35 24 130 41 184 11 157 16 120 4 27 1 85
92 22 145 38 99 4 175 45 69 6 13 47 19 30 194 17 187 35 96 23 110 25 166 43 37 22 11 26 189 8 62 27 109 15 153 3 183 29 178 24 127 46 143 32 38 37 3
93 22 152 26 197 9 53 36 168 14 164 29 116 13 75 45 44 2 141 17 178 38 11 42 21 49 31 15 185 11 98 25 113 33 95 46 170 21 187 16 38 37 33 43 161 41 160
94 22 137 7 128 9 74 38 6 2 41 46 30 16 188 1 115 11 89 26 79 48 160 45 24 5 5 18 197 29 6 25 87 31 14 32 17 37 28 47 74 36 176 17 72 24 95
95 22 143 21 85 39 94 46 113 38 195 42 193 30 175 34 126 8 2 12 135 48 188 31 186 15 142 33 131 13 108 25 35 43 116 28 183 40 170 7 131 14 129 2 82 3 104
96 22 140 34 36 18 94 12 54 38 127 31 20 39 20 40 197 3 103 27 67 41 190 4 138 5 55 19 19 45 133 20 150 35 55 48 196 10 185 25 40 7 115 46 64 16 48
97 22 132 40 132 30 135 29 186 42 98 4 186 25 87 18 79 21 24 19 84 15 93 23 71 7 86 16 70 1 16 12 82 41 169 36 76 35 31 49 114 33 37 8 59 26 142
98 22 126 30 170 16 152 29 102 20 150 4 87 11 38 43 153 8 30 19 114 10 169 18 54 12 5 39 13 31 52 34 123 38 37 9 101 26 3 3 183 35 33 48 194 22 29
99 22 137 12 127 43 166 40 162 34 79 27 36 39 107 29 140 11 116 28 121 16 154 23 21 38 59 3 41 7 46 14 185 22 80 41 108 10 19 45 100 33 178 18 45 17 13
100 22 122 41 33 38 50 35 80 6 82 43 142 39 32 21 12 11 13 22 183 15 71 9 49 48 26 45 93 20 161 7 72 2 89 3 173 40 110 4 182 1 94 13 123 26 87
101 22 126 28 199 19 45 20 79 45 69 4 90 13 176 2 169 47 105 7 157 31 146 16 35 27 169 30 91 41 137 18 130 15 117 11 138 29 105 6 132 44 119 46 87 5 100
102 22 142 46 13 9 76 8 74 12 36 42 142 29 85 28 196 14 94 15 154 1 143 25 4 27 133 40 51 10 2 36 160 34 99 47 178 20 173 13 36 41 69 39 84 32 175
103 22 161 42 33 39 31 35 51 33 145 38 144 28 186 40 105 26 115 16 47 37 144 9 74 29 62 20 107 10 181 34 174 21 175 7 55 25 141 49 112 41 100 22 29 44 81
104 22 132 3 32 11 116 18 76 33 156 6 176 35 12 32 111 2 132 24 187 9 23 12 191 48 54 41 120 36 152 37 117 21 179 29 53 40 60 13 126 44 37 25 125 10 114
105 22 156 34 32 27 76 32 30 18 151 14 3 4 200 21 65 41 196 45 81 23 105 46 199 28 39 37 54 16 196 17 1 30 95 26 11 25 194 13 188 48 166 38 171 43 163
106 22 146 29 24 8 162 49 64 7 199 43 197 35 196 12 132 15 64 13 9 40 73 37 73 34 54 4 36 19 116 26 77 27 91 33 175 30 111 28 143 44 7 5 103 48 130
107 22 101 37 134 18 11 19 72 22 23 9 127 41 174 6 118 1 184 8 85 11 40 14 21 15 113 17 120 16 1 3 151 39 137 43 147 33 73 23 152 7 68 2 123 21 181
108 22 147 3 33 49 174 14 126 46 66 34 184 5 127 33 170 11 107 44 113 29 101 23 187 19 125 9 57 47 41 31 189 37 179 4 114 45 5 27 126 39 85 13 169 28 99
109 22 147 39 52 10 145 8 180 41 196 44 109 42 115 18 40 17 62 46 197 40 73 37 124 36 62 20 45 47 119 6 98 1 159 32 109 28 92 14 39 12 78 49 153 2 138
110 22 149 40 65 4 26 17 125 22 13 43 18 20 92 6 170 30 101 37 8 42 51 46 79 12 76 28 41 49 120 8 4 45 24 18 188 38 157 15 193 26 166 32 107 19 114
111 22 141 8 121 12 136 34 139 27 96 16 118 46 85 31 150 29 99 37 51 36 93 17 130 20 133 14 76 1 32 42 8 4 53 41 172 30 145 18 159 11 64 48 128 44 169
112 22 168 12 107 47 162 40 138 19 193 42 16 31 132 38 65 41 180 44 135 24 164 14 82 20 43 4 17 22 147 33 5 34 46 21 166 32 118 45 169 37 148 27 124 46 150
113 22 161 37 12 34 176 31 178 29 149 1 27 36 183 21 180 26 193 45 113 6 126 33 50 46 116 43 162 44 48 4 27 23 86 30 24 40 113 19 188 16 53 41 187 39 102
114 22 138 32 84 46 143 28 40 40 132 18 165 19 174 5 131 49 179 21 61 23 189 1 111 4 5 3 97 41 149 35 44 30 70 47 31 14 130 48 130 31 174 8 155 10 66
115 22 137 20 114 18 104 4 100 23 139 24 171 19 89 3 168 1 141 17 155 46 64 38 169 42 34 33 109 47 131 22 52 25 151 49 47 41 74 9 163 29 181 28 16 13 15
116 22 125 34 88 9 169 20 119 22 118 1 43 16 113 25 37 23 39 8 1 21 181 19 11 36 183 35 140 42 154 13 109 4 157 30 6 26 102 7 142 33 130 38 123 40 39
117 22 113 43 120 9 161 30 95 46 107 15 165 41 156 8 46 18 169 2 75 1 165 49 123 6 171 12 44 13 133 4 176 21 73 17 187 22 47 11 190 14 64 39 108 34 187
118 22 136 32 139 10 195 34 124 27 188 1 93 37 73 15 3 30 75 6 92 16 72 5 31 35 26 45 153 14 4 3 185 29 111 39 58 48 90 36 162 17 139 23 196 43 162
119 22 140 38 68 6 40 34 110 28 38 46 55 3 177 15 191 36 62 32 87 49 146 39 70 5 100 2 180 47 191 33 135 16 60 22 11 14 76 24 91 11 40 45 115 17 152
120 22 150 20 171 34 117 11 83 21 143 19 186 3 92 48 116 17 87 46 184 12 36 33 172 27 179 37 57 45 53 41 61 6 110 31 39 26 144 23 198 36 41 35 40 32 35
121 22 127 8 98 21 53 34 34 40 66 6 67 47 44 25 191 48 115 3 3 24 186 42 2 29 66 1 166 7 86 20 65 19 73 10 90 32 126 36 177 2 28 26 66 31 179
122 22 148 40 168 22 43 46 37 43 13 45 30 20 37 49 186 26 92 4 100 19 114 39 2 41 75 29 143 2 154 10 84 34 1 1 55 48 44 38 111 17 32 18 18 3 9
123 22 147 23 52 29 88 41 31 31 67 9 173 20 114 34 4 48 85 6 4 27 56 49 114 18 41 33 149 16 71 10 141 22 189 28 162 19 58 32 100 42 66 5 41 47 28
124 22 152 17 147 44 184 37 176 33 105 27 50 36 190 48 26 18 162 25 141 22 9 40 66 24 94 8 175 6 54 4 172 3 199 41 174 47 52 39 73 38 79 21 163 32 159
125 22 135 24 174 32 82 14 197 7 107 5 33 10 187 36 164 35 43 11 82 1 162 20 26 46 166 47 179 21 152 4 117 26 10 45 139 31 74 18 116 41 78 49 191 19 16
126 22 131 42 70 13 7 17 43 32 189 45 136 44 63 39 106 38 148 1 177 19 133 2 105 20 95 29 18 37 120 5 113 8 117 24 160 14 106 7 168 28 13 27 163 34 197
127 22 128 45 135 1 147 6 147 25 174 34 194 13 188 8 170 28 195 17 79 24 118 44 95 31 101 23 193 20 39 22 185 26 119 12 1 2 157 41 15 33 96 42 129 15 21
128 22 142 39 38 38 155 31 32 35 81 6 129 16 25 19 186 47 56 13 115 17 13 18 23 27 8 37 111 5 179 40 69 49 128 7 88 34 39 21 18 20 176 48 137 1 16
129 22 137 22 149 21 86 13 89 48 30 12 75 39 100 37 43 28 176 5 170 15 88 8 185 7 79 6 16 11 144 25 75 33 24 46 50 44 195 36 73 47 52 19 118 26 103
130 22 136 15 156 17 170 21 31 43 60 37 186 9 172 16 59 10 45 3 84 8 1 38 126 19 6 34 196 48 151 27 119 24 57 12 85 20 16 30 140 35 88 46 132 32 42
131 22 123 13 69 17 133 24 100 30 133 49 182 9 168 7 16 31 91 15 180 12 82 42 173 35 181 32 113 6 106 33 72 40 106 19 39 3 149 43 9 16 123 2 163 14 150
132 22 134 6 36 36 37 18 68 1 62 30 6 17 113 29 157 20 152 27 160 28 131 9 70 40 176 43 191 8 94 3 21 46 9 31 45 48 145 39 130 2 5 44 130 13 163
133 22 124 32 42 25 61 22 135 30 63 10 74 3 67 18 158 39 115 47 145 12 176 45 58 14 76 9 170 19 88 35 183 21 76 7 181 49 143 13 62 36 114 5 71 8 169
134 22 126 40 156 16 101 31 12 10 96 37 20 15 107 49 41 32 126 25 192 27 138 44 62 3 115 17 26 22 37 29 102 9 65 6 151 20 9 8 71 39 148 1 153 24 42
135 22 131 31 161 36 93 14 200 11 189 23 197 3 1 1 170 15 49 16 18 47 187 28 56 9 179 46 109 29 49 32 71 45 108 10 59 35 100 33 32 4 185 34 126 24 12
136 22 120 19 72 47 79 11 177 24 19 6 174 2 28 5 98 37 127 7 97 12 108 29 145 13 130 9 29 22 50 35 173 48 63 33 24 36 53 31 162 8 166 4 46 44 13
137 22 136 42 5 22 70 1 183 34 182 21 42 13 84 15 12 18 38 9 82 20 125 31 183 24 196 38 20 39 102 46 174 33 48 6 68 30 79 12 192 26 155 32 163 35 198
138 22 140 34 111 14 66 43 90 11 182 9 52 21 199 7 155 48 164 23 27 42 36 20 4 26 137 24 40 1 110 40 187 22 105 2 16 44 65 47 54 18 80 27 66 38 133
139 22 142 15 52 7 42 43 142 13 48 3 191 34 178 30 87 39 171 23 10 28 76 25 21 40 173 27 7 24 140 35 39 41 92 32 36 33 146 37 136 19 64 18 57 2 88
140 22 153 29 111 15 4 37 88 46 60 14 54 16 78 5 102 18 146 45 99 33 178 32 185 30 49 41 133 38 121 3 77 40 172 43 155 27 156 22 54 11 173 23 8 47 119
141 22 155 6 62 43 141 35 26 37 156 21 139 34 54 30 107 47 134 33 54 5 137 14 130 11 123 45 2 22 106 3 114 49 52 48 24 38 55 44 79 10 144 46 27 2 115
142 22 133 14 181 25 87 29 110 23 111 21 81 15 36 16 136 4 56 42 49 36 180 47 95 40 53 19 103 24 194 41 153 5 193 27 166 7 182 1 37 48 38 38 190 10 35
143 22 137 34 137 28 26 39 17 17 108 21 40 3 164 44 107 6 71 24 70 29 6 22 66 5 9 9 140 43 100 49 79 33 185 8 174 26 33 46 18 37 109 11 143 16 183
144 22 134 19 86 12 124 7 77 30 18 33 88 27 187 5 121 42 12 31 67 35 58 1 33 25 87 41 188 29 157 22 99 44 133 2 161 3 19 34 27 40 33 45 125 9 165
145 22 153 31 49 4 111 7 25 10 150 33 152 20 86 22 165 27 1 37 107 34 65 12 54 41 6 30 180 40 96 39 199 42 195 26 51 47 85 48 106 19 121 23 145 21 109
146 22 143 3 156 25 61 17 130 1 124 12 131 23 1 28 104 41 129 46 138 4 148 34 188 31 33 45 51 48 74 27 150 11 100 33 161 43 148 39 101 26 4 9 143 29 145
147 22 133 6 26 20 132 27 151 35 137 19 50 24 114 44 123 11 16 26 199 18 25 21 72 34 165 2 126 4 82 9 192 42 185 28 74 43 96 23 119 41 122 36 166 22 153
148 22 134 41 198 24 14 33 140 17 161 45 98 5 156 47 93 16 76 10 172 40 128 34 109 19 5 44 134 29 147 26 178 22 42 12 13 8 172 6 62 15 80 7 147 36 24
149 22 148 8 59 15 36 42 124 6 99 19 41 29 167 38 110 1 119 43 60 26 48 21 41 33 147 25 20 23 133 28 137 20 171 12 75 49 199 37 44 39 163 48 188 30 1
150 22 122 4 127 27 173 1 61 2 89 30 125 3 6 45 85 23 196 33 7 21 51 31 11 15 3 10 104 25 30 34 125 12 101 8 162 9 50 43 33 49 130 36 171 29 129
151 22 133 43 179 12 104 45 116 13 199 40 44 32 116 27 195 17 86 6 130 46 157 22 179 9 72 10 196 42 136 18 123 16 61 3 177 14 148 28 98 34 22 31 152 25 168
152 22 142 35 80 49 30 38 70 10 46 44 19 37 106 13 9 22 173 12 50 9 94 16 58 30 87 31 86 43 48 1 130 19 63 28 162 23 49 39 185 20 109 47 30 5 14
153 22 122 37 84 2 74 14 137 13 10 29 162 11 9 30 23 38 144 5 160 44 193 4 53 22 65 1 19 17 90 19 115 7 52 40 29 21 3 27 64 36 7 32 159 39 134
154 22 123 41 156 23 44 26 138 10 184 38 100 20 129 30 112 32 88 15 91 22 44 9 182 2 194 13 173 35 46 42 21 17 110 18 150 8 2 19 88 31 182 39 115 4 5
155 22 167 47 177 48 107 8 199 22 123 36 19 40 27 39 100 43 148 17 143 49 76 46 68 16 176 1 4 9 46 18 85 45 124 44 196 26 15 20 161 38 24 32 124 27 26
156 22 160 22 54 21 91 19 49 42 173 40 113 31 136 33 118 32 158 13 127 35 30 47 198 15 55 18 113 43 94 37 196 16 27 14 70 39 104 41 169 26 53 49 163 10 96
157 22 132 3 144 35 167 13 150 9 56 36 105 22 64 21 187 40 20 31 32 38 171 4 65 23 154 27 104 1 152 44 184 29 51 7 59 15 100 41 48 32 80 18 37 42 142
158 22 144 23 95 41 108 45 194 31 64 34 167 39 181 8 175 38 68 46 54 19 36 1 2 15 70 40 11 11 131 33 107 42 103 17 132 32 67 2 128 3 190 9 110 48 129
159 22 144 12 101 47 48 4 1 14 23 40 76 36 121 8 142 43 200 45 11 33 130 20 2 24 180 13 190 27 191 2 80 39 49 5 179 42 99 49 184 30 154 11 98 32 193
160 22 133 17 133 16 149 45 56 27 137 9 6 25 9 38 114 22 45 42 63 36 142 12 21 34 111 37 93 10 134 26 4 3 108 4 29 29 190 35 115 24 180 18 168 23 181
161 22 164 6 164 42 26 49 54 28 36 39 121 24 193 25 134 16 177 37 194 8 129 32 144 43 26 17 22 46 75 44 159 18 121 7 72 48 144 22 87 47 31 41 80 20 19
162 22 136 41 129 47 122 22 141 49 90 14 193 28 109 18 171 19 85 42 175 8 141 21 29 27 87 26 9 29 7 6 100 46 28 25 169 1 167 17 93 30 60 20 140 10 11
163 22 134 34 37 21 74 7 99 3 145 26 61 23 33 17 25 11 64 4 36 33 55 2 99 47 34 10 18 36 60 49 193 19 69 27 119 45 83 29 51 39 115 25 124 31 126
164 22 170 49 129 9 59 46 83 6 117 37 16 18 115 35 190 29 25 32 7 25 52 47 141 26 171 41 58 48 140 36 158 42 195 39 109 43 38 8 158 12 92 22 123 31 80
165 22 161 33 127 42 10 49 33 18 96 24 5 5 73 36 196 19 176 6 161 16 103 21 123 12 173 15 84 46 46 45 180 41 86 39 89 20 8 43 13 40 65 26 143 48 41
166 22 160 47 18 15 12 30 87 29 15 34 124 28 55 22 16 43 10 35 3 48 30 17 37 44 66 24 81 33 63 46 199 27 25 38 105 41 171 20 149 16 28 2 152 1 181
167 22 119 46 40 27 14 15 107 6 181 35 191 31 141 24 157 28 30 48 149 9 19 49 194 11 164 21 12 17 3 4 26 18 132 1 19 13 48 3 21 7 81 29 10 34 192
168 22 126 25 198 10 129 12 9 29 65 34 193 16 165 27 131 32 103 42 62 2 46 13 21 20 67 5 13 22 170 15 31 31 16 45 14 33 109 18 188 1 169 35 193 38 190
169 22 135 23 51 12 44 17 16 6 110 19 29 30 33 11 31 13 27 25 29 9 36 28 27 29 143 43 123 24 133 14 98 33 26 41 51 46 161 26 192 37 22 15 149 39 123
170 22 134 34 68 1 158 26 32 2 71 4 175 3 170 22 137 45 164 39 139 9 99 42 98 14 108 36 164 46 111 47 165 11 56 7 14 48 33 18 117 13 19 43 1 27 93
171 22 116 1 62 35 48 36 150 7 121 13 4 31 11 18 194 16 159 24 173 32 156 40 50 11 196 12 29 5 82 15 18 17 120 26 29 23 158 39 90 6 200 38 179 21 134
172 22 132 14 121 44 11 34 172 46 128 33 110 48 1 23 152 17 42 27 98 37 136 5 139 26 122 28 99 6 143 21 151 3 154 2 50 11 99 1 53 25 129 41 165 38 195
173 22 124 4 181 1 131 2 79 29 109 21 151 10 126 5 134 6 135 15 16 36 101 49 36 26 164 16 81 44 12 24 163 18 78 41 47 38 13 40 53 32 119 8 169 33 174
174 22 159 4 136 24 141 41 49 6 47 16 136 28 23 42 41 43 184 39 33 48 187 31 38 15 156 49 135 40 74 25 48 30 117 37 164 14 123 47 71 36 89 19 127 5 57
175 22 144 44 112 5 30 2 31 19 178 28 200 45 125 37 10 40 61 15 84 7 37 46 154 39 124 3 157 33 161 47 128 23 154 8 126 34 26 11 178 49 137 14 110 29 24
176 22 137 26 162 30 113 33 177 18 23 3 121 29 41 42 190 16 143 39 41 17 95 36 144 46 74 7 105 2 130 11 197 40 14 22 42 34 53 38 96 23 118 15 58 24 49
177 22 152 27 167 44 101 25 101 4 154 33 69 17 29 18 156 42 42 49 128 32 165 39 5 34 151 21 92 3 163 15 153 41 34 47 193 8 97 14 81 30 61 37 37 28 185
178 22 151 31 23 18 98 13 74 45 22 17 109 39 169 49 74 42 131 15 38 44 45 6 175 5 142 11 159 19 147 41 141 38 55 32 92 35 192 22 82 36 137 21 181 26 156
179 22 122 38 18 18 148 15 38 31 129 26 35 44 154 2 187 43 119 33 123 14 10 3 36 41 135 12 98 22 81 17 119 7 148 11 134 29 136 32 15 25 74 20 159 8 136
180 22 135 24 17 38 160 9 72 23 8 46 103 25 66 20 157 22 18 7 152 35 39 31 150 15 106 34 34 14 193 19 188 10 58 49 120 30 121 28 77 4 142 42 10 16 61
181 22 137 29 22 14 128 7 154 10 58 19 66 43 104 31 36 23 20 47 130 18 68 11 38 39 60 4 10 46 116 40 69 32 70 25 185 34 55 27 159 33 146 3 74 15 65
182 22 117 25 45 20 186 40 35 26 9 18 45 35 155 21 9 23 47 19 149 12 101 46 121 15 61 49 191 14 24 5 130 2 49 34 191 11 151 3 157 38 159 8 167 6 56
183 22 132 38 104 17 138 1 189 4 162 39 44 27 163 6 163 2 156 46 44 40 109 47 194 15 34 48 43 21 153 8 8 18 197 9 106 22 44 5 120 49 110 43 51 26 91
184 22 140 45 192 24 148 40 118 18 94 17 77 4 84 14 141 35 136 19 134 44 17 13 165 1 80 9 151 7 199 47 199 41 64 33 109 43 38 16 151 36 41 37 172 20 17
185 22 121 27 161 31 142 11 61 14 19 1 62 17 74 8 156 15 124 41 125 16 178 21 181 29 56 37 43 49 24 12 36 2 127 6 52 38 23 26 96 30 142 20 18 36 48
186 22 152 38 118 28 94 40 44 22 22 30 67 29 81 42 181 27 185 18 34 36 157 6 113 4 186 24 7 9 54 11 28 33 154 17 177 39 58 44 69 35 2 31 113 46 173
187 22 159 7 2 36 110 39 91 45 66 44 151 27 174 33 32 40 59 9 180 19 4 1 6 38 2 37 88 46 159 49 196 6 189 41 85 4 36 35 182 20 14 30 174 32 148
188 22 110 28 182 6 17 33 44 17 121 14 80 29 164 27 84 2 65 26 36 19 161 23 150 22 92 15 124 21 41 5 71 20 87 36 69 4 190 3 67 31 182 47 116 12 41
189 22 138 21 32 4 143 31 27 34 48 6 40 26 9 40 153 46 9 23 100 28 118 20 160 18 76 29 68 10 173 43 199 42 148 37 81 2 12 39 93 17 34 3 39 35 2
190 22 147 18 3 23 78 4 91 5 37 21 124 43 31 47 138 25 47 19 66 7 146 48 70 34 192 36 19 45 177 46 94 8 121 13 11 27 51 31 151 49 33 39 45 3 154
191 22 135 41 11 1 90 30 36 34 66 5 78 42 110 25 87 19 195 10 133 7 36 33 40 38 78 4 136 12 193 14 98 24 149 17 55 20 190 27 113 48 161 46 36 43 134
192 22 144 13 99 21 174 41 153 39 188 30 114 38 96 18 72 45 40 2 64 23 103 32 122 35 126 11 72 20 96 36 18 16 61 10 21 49 200 14 87 31 158 24 34 28 17
193 22 148 9 43 3 186 26 57 48 11 25 15 21 86 37 21 35 186 34 172 32 67 31 122 38 51 13 36 41 5 33 9 16 87 22 186 45 148 2 118 39 138 18 76 24 41
194 22 116 8 192 22 181 29 124 17 92 12 139 34 68 19 118 26 36 6 112 7 141 5 44 40 182 15 159 31 73 49 112 46 167 9 105 38 126 25 107 2 110 4 23 23 197
195 22 140 48 12 31 63 20 140 2 169 8 185 43 56 46 189 25 50 47 31 39 125 6 145 28 167 42 185 13 165 7 59 12 70 41 76 30 180 37 164 5 95 11 93 19 60
196 22 145 41 99 17 156 46 44 23 103 36 59 15 102 18 175 13 187 16 191 28 147 20 90 34 85 44 80 45 38 6 80 48 107 47 106 2 90 30 106 27 38 22 128 5 196
197 22 142 43 94 13 33 23 10 4 112 45 190 7 74 34 46 41 126 22 47 24 27 15 6 5 192 46 176 19 150 36 97 18 147 31 93 39 138 35 42 14 12 12 135 42 61
198 22 129 49 15 43 94 42 113 46 65 26 142 2 122 9 100 24 40 12 129 38 63 3 75 14 165 11 157 25 60 6 192 1 85 15 48 40 190 13 148 36 187 44 150 17 4
199 22 113 37 130 5 89 6 169 3 116 25 30 26 132 23 29 33 57 45 32 8 34 21 11 49 169 16 134 7 11 24 15 10 10 39 64 2 47 19 81 31 178 13 87 11 35
200 22 137 47 159 5 12 44 62 25 79 37 189 1 193 9 60 2 50 26 78 17 72 30 115 41 162 48 18 36 112 4 48 46 152 8 101 16 154 14 90 34 52 40 44 21 74
201 22 138 7 142 5 24 34 116 21 103 4 32 6 103 27 110 11 29 25 166 42 66 49 193 45 132 38 86 47 10 35 91 14 58 24 32 28 79 37 161 36 189 1 118 18 60
202 22 130 38 66 4 184 48 192 20 76 27 196 23 136 30 115 2 88 40 35 17 168 28 4 13 67 16 184 33 195 10 101 1 94 42 163 25 20 49 108 39 63 11 178 5 145
203 22 147 47 24 17 124 29 181 42 79 46 125 1 29 22 112 5 178 15 119 4 134 28 3 43 119 3 48 21 199 44 145 19 123 48 10 37 155 23 110 31 23 30 45 34 130
204 22 137 23 138 41 154 27 191 25 176 34 171 42 5 43 89 14 46 2 152 6 161 18 159 40 87 36 175 19 158 1 18 44 146 26 14 38 182 8 128 46 55 11 199 7 19
205 22 133 10 176 29 2 18 120 41 53 45 161 13 110 3 15 27 173 5 170 19 82 35 158 14 193 11 47 48 9 16 120 44 74 9 26 15 119 30 129 47 152 22 18 31 45
206 22 146 14 43 42 161 2 96 28 123 26 71 46 24 35 61 36 42 16 65 22 12 19 106 30 190 23 183 6 179 34 198 1 118 25 124 45 97 21 120 31 132 47 178 38 193
207 22 131 34 9 7 2 16 38 43 141 20 63 46 151 48 45 22 93 39 119 21 186 15 143 5 48 24 152 25 43 18 28 26 29 17 163 23 157 35 186 4 85 33 1 6 28
208 22 138 48 97 46 70 32 161 12 186 8 38 39 32 30 80 1 107 31 78 37 47 41 9 6 175 44 111 9 129 13 66 10 162 29 195 11 93 33 20 21 4 17 82 34 105
209 22 139 29 74 15 36 11 98 10 139 25 94 20 37 46 101 31 159 43 115 28 122 36 133 32 187 39 100 19 74 6 149 47 172 34 98 33 107 22 193 17 13 13 65 2 173
210 22 143 9 66 32 153 35 163 40 123 14 160 46 121 8 94 42 43 43 74 25 49 47 20 29 14 28 48 1 200 6 166 37 119 10 9 16 169 36 28 27 70 2 96 41 149
211 22 154 15 172 14 98 21 141 47 21 40 152 38 192 8 127 42 17 37 57 35 43 45 171 33 138 22 81 30 122 3 35 23 175 41 95 16 45 36 192 28 9 34 145 9 11
212 22 137 43 100 21 125 31 95 22 134 29 68 8 56 10 103 23 4 39 82 42 30 17 69 40 191 4 87 33 147 20 182 41 19 5 116 2 49 35 129 6 42 34 165 46 57
213 22 156 21 134 38 112 16 107 32 57 49 85 45 6 18 41 28 1 48 155 5 37 33 84 42 25 19 158 22 27 6 117 41 73 25 72 29 23 7 24 30 176 26 199 47 53
214 22 154 37 85 36 72 26 12 41 36 33 69 13 88 35 6 12 159 27 193 18 113 10 183 19 88 34 73 20 30 8 67 32 192 24 24 29 6 42 44 46 29 49 109 25 101
215 22 138 22 110 18 184 21 3 2 108 36 177 29 117 4 187 33 166 20 127 41 143 7 198 34 100 45 14 48 104 1 73 24 7 28 158 12 65 40 133 39 28 6 147 44 96
216 22 140 41 50 46 27 2 40 40 49 43 40 23 99 13 6 22 21 10 51 29 173 15 16 14 47 5 194 12 92 9 10 33 61 44 198 39 190 37 4 38 160 25 199 21 124
217 22 132 20 137 26 130 36 38 21 94 49 153 4 53 13 115 48 61 27 86 2 111 22 5 31 29 40 183 15 105 7 137 30 136 19 109 17 13 37 69 38 113 6 89 23 78
218 22 115 43 173 10 74 23 52 8 143 16 112 4 44 37 125 14 97 42 131 12 53 24 165 29 112 6 156 11 167 33 18 28 36 39 143 15 66 7 112 20 41 9 169 32 133
219 22 138 42 195 22 99 34 17 29 117 35 167 46 22 16 124 10 161 38 75 17 1 33 7 23 102 47 33 21 112 14 155 5 110 26 5 40 28 8 108 3 186 1 109 43 125
220 22 127 21 58 29 126 18 105 32 179 14 103 20 43 12 27 15 42 1 110 34 36 44 152 38 31 2 199 43 54 6 187 30 76 46 9 3 115 13 35 28 89 22 103 40 136
221 22 140 44 141 47 79 28 42 30 65 25 182 13 117 37 120 3 117 48 50 15 189 36 9 18 175 21 189 29 162 26 172 2 72 1 29 32 46 39 165 10 157 11 20 46 178
222 22 127 25 36 14 33 3 190 5 43 18 167 20 141 43 143 1 157 46 198 41 105 4 42 36 165 13 114 27 108 44 1 9 185 47 200 42 191 19 60 10 61 31 152 11 130
223 22 136 26 58 20 133 13 14 27 26 36 55 29 55 30 39 42 177 38 85 19 6 44 179 16 174 32 21 5 94 2 32 1 74 14 66 37 36 21 199 49 1 39 196 7 76
224 22 132 32 175 33 175 5 50 1 139 21 57 24 88 35 197 4 200 39 143 49 11 41 199 11 146 29 49 43 135 26 125 12 108 16 157 7 88 47 22 2 21 38 40 13 88
225 22 125 6 86 12 1 15 60 43 51 35 169 44 20 30 102 20 85 31 129 22 87 25 193 39 176 26 167 13 168 1 179 17 190 29 17 24 148 19 167 10 170 38 194 2 16
226 22 139 16 88 42 110 27 117 25 54 35 154 17 154 38 69 34 174 23 152 1 148 49 131 40 186 5 34 37 120 12 60 3 130 36 56 39 74 20 78 4 3 26 178 29 126
227 22 132 5 109 43 174 1 78 28 134 17 149 34 43 12 95 47 44 31 4 10 171 49 171 36 51 16 157 27 141 14 185 33 87 37 63 20 79 23 26 2 69 21 32 22 132
228 22 162 2 101 12 2 22 150 5 170 15 113 46 57 26 182 41 112 21 103 27 92 33 43 47 5 18 100 25 40 31 97 34 149 36 172 42 141 49 154 38 107 30 72 48 43
229 22 150 42 50 22 133 33 64 31 139 30 164 12 12 48 160 25 83 32 60 26 24 10 29 14 17 37 164 5 130 15 176 49 191 45 38 3 146 40 164 39 137 21 158 24 46
230 22 159 34 186 26 47 2 138 33 117 42 112 31 19 25 180 11 71 19 185 49 73 30 140 38 70 12 134 48 20 10 195 3 195 22 151 46 109 35 112 44 122 32 95 45 66
231 22 146 43 67 47 82 4 168 9 68 2 106 39 63 7 23 32 177 17 35 24 10 45 37 40 41 31 56 33 50 16 55 22 76 25 133 10 37 34 102 46 48 14 76 44 111
232 22 140 22 184 44 29 19 143 32 86 47 55 12 71 29 46 30 65 34 109 38 29 6 29 1 69 4 147 46 88 42 6 11 26 41 144 43 174 7 188 24 17 26 182 5 138
233 22 137 34 7 8 39 5 53 28 147 11 138 22 61 15 6 4 95 49 132 37 110 40 24 13 192 30 147 36 82 45 72 44 150 10 39 19 79 29 72 24 27 12 88 35 142
234 22 145 9 128 21 157 26 56 42 59 47 136 30 190 35 31 32 196 22 196 20 142 25 48 13 48 19 9 14 12 45 55 24 77 28 49 7 178 38 120 3 41 48 160 33 15
235 22 142 31 147 28 27 3 152 30 129 13 50 6 43 10 96 14 54 16 168 44 9 17 5 43 189 41 111 46 107 36 20 49 187 22 180 18 71 19 179 38 78 24 151 20 177
236 22 159 1 87 31 95 27 96 37 137 44 93 32 137 30 54 35 67 25 66 36 97 10 154 47 31 48 113 42 119 39 144 5 22 38 31 17 176 20 160 6 183 18 32 49 3
237 22 120 29 110 6 155 38 7 5 2 24 91 44 28 12 33 11 28 9 130 28 82 36 79 20 196 19 170 49 79 7 106 35 146 14 191 48 163 8 194 1 191 4 80 33 19
238 22 121 30 166 4 9 3 176 6 124 45 106 24 176 12 179 8 42 2 55 5 66 44 162 9 144 25 6 46 194 36 111 49 96 16 174 41 71 14 46 22 43 7 81 37 40
239 22 134 25 130 4 33 9 46 49 15 43 144 2 6 21 116 1 63 36 11 26 183 32 168 41 112 48 195 23 79 8 55 11 155 5 27 28 103 37 96 38 162 19 82 31 183
240 22 125 43 61 33 102 15 143 7 120 21 154 20 48 8 110 27 182 19 4 18 114 44 131 14 12 12 148 32 178 24 39 17 176 5 111 34 176 31 137 45 30 6 56 25 59
241 22 134 44 140 4 176 33 68 40 96 15 139 27 144 23 3 32 41 30 39 1 113 14 181 11 162 16 17 22 42 28 17 31 192 12 14 8 46 41 87 25 129 37 187 45 170
242 22 133 37 55 33 82 22 100 5 64 29 21 47 11 13 12 11 95 25 24 18 67 14 12 24 152 4 140 48 61 44 197 26 195 2 89 23 22 34 200 43 81 27 69 3 13
243 22 111 6 176 14 142 32 104 17 29 35 107 28 10 1 79 25 101 36 160 37 4 18 63 24 66 7 177 30 163 2 194 33 97 12 55 48 71 9 123 13 158 15 195 3 31
244 22 132 12 170 44 186 35 200 17 114 15 10 20 200 8 143 21 198 41 82 22 14 29 13 11 73 13 55 34 32 48 21 19 100 32 35 49 44 3 29 23 26 25 116 9 46
245 22 96 29 54 26 93 14 100 15 126 4 50 8 54 21 176 5 4 12 69 2 157 1 9 33 14 10 90 48 18 37 28 20 87 11 86 36 121 6 48 24 9 9 144 13 165
246 22 151 48 65 25 80 29 158 41 120 5 8 7 133 31 168 4 117 40 80 47 177 1 166 32 48 42 57 34 56 23 82 21 98 13 151 20 111 26 195 45 196 28 40 43 74
247 22 147 16 193 39 149 40 31 42 48 14 98 21 95 20 70 10 120 24 15 41 186 27 169 31 74 36 91 22 178 6 189 30 161 49 127 33 196 48 2 5 167 19 108 15 197
248 22 129 26 195 20 191 27 8 33 150 35 148 40 107 5 178 9 132 38 38 17 35 39 52 47 109 11 61 6 138 7 127 30 35 34 64 36 71 13 125 29 167 4 100 12 31
249 22 158 45 49 49 180 34 169 20 137 15 29 27 86 38 185 14 167 19 50 30 106 42 182 48 110 35 147 29 111 47 128 32 96 12 20 18 88 5 72 23 42 41 4 10 147
250 22 116 28 109 6 114 5 22 11 184 32 109 13 174 42 158 35 11 19 28 8 6 34 81 47 58 22 138 20 199 7 99 12 12 14 83 24 49 17 183 40 174 26 137 3 116
251 22 144 47 58 2 127 6 9 43 70 21 44 26 21 3 90 34 16 24 58 17 90 42 79 29 117 49 6 38 58 37 67 22 165 23 80 10 177 8 164 18 91 30 141 48 31
252 22 125 43 26 11 160 26 17 14 164 34 2 5 166 17 187 32 85 35 121 47 63 30 110 22 41 23 122 38 155 16 165 25 41 31 191 6 159 24 157 1 181 19 167 3 53
253 22 127 28 99 18 7 11 147 29 1 21 102 41 25 17 106 40 44 46 122 34 102 30 59 8 82 39 132 7 40 5 10 19 105 27 26 25 6 9 110 22 75 15 163 20 160
254 22 124 35 103 13 164 12 23 48 152 6 99 9 145 5 118 14 10 46 141 26 120 45 117 4 91 32 118 3 52 30 137 44 53 17 16 2 171 22 100 29 18 31 166 23 143
255 22 125 16 170 38 185 27 193 25 59 13 127 12 92 17 85 18 186 3 21 6 174 20 186 41 124 35 124 29 196 34 44 21 28 44 113 2 4 31 65 46 184 5 15 19 59
256 22 131 35 76 32 154 11 22 30 145 45 70 23 93 5 68 12 125 46 107 40 149 16 129 27 86 26 62 42 90 24 57 33 30 17 154 13 51 37 95 6 113 2 162 4 100
257 22 133 24 122 31 103 7 56 16 50 48 98 1 173 4 83 2 23 38 164 37 38 46 24 34 184 28 139 3 102 32 28 23 14 20 150 30 119 47 132 41 152 14 93 8 161
258 22 136 41 155 36 74 38 15 15 186 45 169 39 78 48 61 42 30 13 179 22 31 27 153 21 128 18 165 4 118 23 166 10 127 1 86 17 115 2 154 11 170 29 98 44 191
259 22 150 28 17 21 4 44 84 38 58 37 107 30 102 17 157 4 4 25 68 5 78 24 21 19 42 48 140 40 119 35 63 23 155 6 6 42 13 45 147 16 103 27 119 26 116
260 22 133 42 99 15 33 17 57 1 103 21 25 7 178 32 200 25 49 36 21 38 120 37 16 40 114 13 146 5 154 46 71 14 79 16 101 11 174 28 143 20 169 26 107 44 145
261 22 154 11 32 12 51 45 183 39 158 30 95 13 28 18 49 41 148 37 9 49 49 34 126 43 59 47 112 36 4 3 29 15 60 17 5 8 114 27 104 26 4 21 176 46 121
262 22 144 12 6 19 113 40 46 5 150 43 118 35 146 22 113 45 187 24 7 30 152 16 121 33 138 46 80 8 160 36 178 25 24 28 174 10 63 17 122 9 55 47 65 27 168
263 22 129 21 69 47 38 39 81 28 37 11 137 46 46 15 19 22 138 45 55 43 156 17 160 27 175 16 25 25 101 9 98 5 87 12 86 14 98 48 103 13 64 6 159 10 160
264 22 129 1 165 28 112 43 2 19 192 4 70 2 103 41 107 42 52 44 155 9 146 35 25 32 119 11 193 27 20 33 19 23 12 37 117 17 8 18 120 26 61 21 167 5 63
265 22 139 28 200 47 152 10 146 36 78 8 178 49 34 33 4 22 94 43 190 12 150 37 193 3 158 7 20 39 58 19 142 18 66 27 47 24 57 45 107 6 77 11 79 34 154
266 22 122 28 116 3 14 11 57 23 124 15 143 14 173 5 190 34 36 1 142 33 108 47 11 20 25 24 93 16 127 22 183 32 38 43 188 10 166 2 31 27 164 38 168 42 171
267 22 149 5 92 14 137 1 10 48 72 36 32 45 31 49 172 2 81 39 124 44 51 41 48 22 74 18 109 43 111 31 148 4 94 35 176 40 166 23 22 24 97 20 143 12 191
268 22 149 18 35 16 187 45 9 47 77 6 2 22 143 26 78 34 168 43 158 39 59 1 64 5 50 30 126 44 45 14 124 20 110 48 47 15 200 7 57 46 36 42 15 29 199
269 22 128 3 89 1 19 45 52 48 120 46 44 8 129 33 30 9 53 39 107 5 58 20 114 14 65 49 108 29 179 6 34 17 109 4 61 10 3 32 155 42 36 24 17 28 108
270 22 107 22 180 12 181 25 46 16 76 3 197 4 11 32 73 19 185 33 30 39 17 37 184 8 172 41 33 40 6 11 47 27 190 7 91 2 57 5 116 17 186 20 24 10 40
271 22 128 2 43 47 75 35 180 17 140 42 13 18 83 25 24 24 12 28 182 34 186 40 152 21 31 5 105 1 94 9 145 43 35 32 124 15 166 39 147 14 72 3 143 19 129
272 22 121 12 52 20 3 6 75 5 151 35 2 43 21 33 66 24 3 32 91 29 32 7 52 1 57 14 79 46 134 8 185 27 112 40 3 19 193 39 170 9 2 3 182 34 72
273 22 138 1 14 6 59 16 192 9 74 5 37 19 190 46 28 27 124 42 168 28 60 10 66 29 95 26 182 49 160 39 32 33 141 48 38 15 29 8 88 35 146 25 93 36 1
274 22 150 16 77 20 93 36 80 10 116 26 88 49 124 47 89 5 29 30 152 19 28 37 5 32 35 13 158 27 100 43 176 29 187 35 136 28 108 15 162 18 180 25 84 40 62
275 22 115 47 2 19 124 1 80 18 28 10 156 42 120 4 123 39 52 12 72 26 186 16 143 17 190 28 95 5 170 6 101 21 126 24 157 45 3 36 56 2 170 38 179 7 3
276 22 133 24 24 45 3 18 49 22 26 1 95 3 29 20 60 25 72 26 177 13 33 37 153 31 157 5 100 44 85 7 198 10 182 36 76 47 130 27 199 40 51 23 17 28 90
277 22 132 29 12 26 131 42 32 37 193 27 74 1 177 33 132 22 95 16 83 10 14 12 140 40 163 31 190 35 97 17 74 28 102 21 133 46 114 14 88 4 148 9 200 30 24
278 22 121 32 139 37 46 31 128 8 111 18 144 10 86 17 186 14 118 45 186 3 193 1 114 13 115 11 20 43 85 33 73 46 63 5 126 20 48 35 155 22 20 36 69 6 88
279 22 140 11 56 1 175 22 153 45 135 14 14 29 50 24 12 26 26 18 153 47 116 39 2 34 11 21 169 28 9 41 186 17 59 46 79 30 90 5 53 15 131 20 119 27 187
280 22 123 8 130 20 70 3 191 32 199 40 17 9 158 28 24 19 125 4 144 33 185 39 38 37 155 23 48 45 132 30 117 1 32 7 100 13 57 41 32 17 199 11 191 35 44
281 22 158 12 184 29 199 22 118 35 78 37 95 1 36 40 82 15 58 48 116 36 11 27 194 38 125 6 80 45 90 26 8 25 156 49 73 43 26 11 87 28 48 13 85 46 160
282 22 162 2 81 22 123 7 67 13 83 44 77 21 85 38 26 42 36 48 34 11 110 39 158 35 97 33 136 27 155 36 173 23 170 45 18 49 57 46 66 26 131 16 110 25 182
283 22 155 34 182 29 185 5 113 31 88 49 9 44 11 16 33 12 2 14 121 42 98 8 125 47 23 36 42 17 125 46 109 37 160 41 74 10 149 20 45 35 154 25 16 24 184
284 22 152 6 98 32 30 36 123 29 2 49 161 9 147 21 120 39 42 43 23 45 156 4 80 3 5 19 10 5 150 40 90 24 20 41 22 30 140 26 100 48 171 37 12 23 111
285 22 147 9 179 31 12 10 19 16 15 39 176 19 141 17 158 14 186 38 165 41 17 42 142 47 140 13 127 28 76 49 138 36 127 21 198 37 89 15 103 27 90 6 80 33 193
286 22 143 31 120 7 122 38 151 15 134 40 79 12 117 5 161 6 92 39 76 27 116 29 43 45 199 11 53 30 43 14 154 34 2 4 148 37 145 49 13 33 59 20 24 47 46
287 22 137 15 176 11 20 4 155 14 155 18 68 34 10 46 124 20 129 25 73 29 163 19 55 31 187 10 168 47 74 43 60 45 98 16 109 2 133 28 188 42 135 44 185 6 153
288 22 123 19 85 36 139 37 197 6 85 23 200 44 67 12 127 1 194 7 40 38 198 25 57 11 190 2 95 35 110 34 178 16 22 17 174 41 125 8 174 13 136 27 9 42 66
289 22 133 48 92 42 105 2 133 8 48 17 67 47 150 46 83 20 64 6 187 37 162 29 113 16 186 39 130 24 65 38 167 32 138 26 194 11 158 1 59 25 170 5 176 15 139
290 22 150 46 180 45 84 18 108 12 81 25 150 19 105 35 194 41 168 31 151 43 124 11 151 27 19 26 152 16 49 42 160 34 59 20 96 44 197 21 95 13 126 7 2 24 157
291 22 141 28 144 35 175 19 189 38 185 37 129 46 121 40 115 18 182 11 164 45 110 34 189 3 196 31 9 10 184 27 3 48 191 24 184 29 55 1 146 6 133 23 67 14 172
292 22 134 14 116 2 174 27 185 7 147 47 135 49 35 34 91 10 117 21 14 48 24 11 45 43 190 26 162 18 143 25 39 8 143 42 33 28 91 17 26 9 59 20 28 30 185
293 22 153 27 55 46 171 47 37 24 172 48 191 17 25 32 126 25 159 37 53 49 6 28 26 22 90 31 109 14 112 45 42 16 140 12 12 26 87 36 126 4 150 10 31 18 135
294 22 116 41 156 39 142 11 168 17 183 7 55 13 117 20 126 12 11 3 174 4 181 10 141 6 89 44 7 48 125 24 184 15 181 42 42 25 76 29 138 19 149 32 159 5 84
295 22 146 33 110 16 144 1 121 32 144 29 82 20 104 15 37 35 91 44 26 18 101 49 190 6 82 9 60 41 169 37 171 4 118 34 199 36 188 24 72 39 137 21 185 42 124
296 22 153 35 197 5 144 6 122 36 176 22 147 10 90 13 95 40 50 32 55 24 105 41 153 29 53 23 16 44 96 42 52 43 49 25 180 37 37 31 136 19 35 11 23 47 1
297 22 135 28 198 32 180 20 47 26 17 46 19 19 189 18 194 42 125 16 115 13 52 3 193 39 21 29 150 27 102 23 75 33 54 31 13 17 117 24 85 10 150 6 125 41 167
298 22 135 34 167 21 56 43 105 9 141 42 153 10 141 35 176 7 10 12 16 17 140 24 135 19 91 46 36 31 136 5 114 27 121 49 31 32 139 14 73 25 13 2 21 38 115
299 22 145 36 98 32 127 21 168 47 114 15 132 44 101 38 160 7 164 30 105 45 13 46 60 37 38 35 1 17 188 4 103 8 102 34 124 5 30 39 19 14 83 1 42 27 115
300 22 148 23 82 9 38 27 120 24 66 4 75 32 144 45 38 48 103 41 133 38 14 37 170 5 5 33 37 26 185 30 4 49 54 15 79 31 34 39 12 29 85 1 126 8 79
301 22 151 7 196 48 11 3 130 49 180 16 28 33 165 31 20 25 172 34 105 38 166 41 78 30 19 14 130 45 53 21 154 29 150 39 54 9 189 24 16 15 40 36 67 19 22
302 22 146 23 58 37 13 35 116 34 49 48 80 3 18 33 135 14 188 24 176 19 149 41 186 39 38 7 9 46 129 18 83 44 105 27 153 47 156 16 140 13 74 6 100 12 179
303 22 140 27 183 17 120 7 194 23 167 40 154 34 124 47 40 25 192 22 182 37 73 42 152 46 47 3 110 30 44 4 198 13 170 6 195 45 148 8 120 43 172 41 116 2 25
304 22 135 34 105 23 80 8 184 7 137 27 160 41 129 40 96 25 163 43 22 20 12 19 69 6 90 9 71 44 200 21 33 31 93 13 188 28 121 26 54 30 162 10 3 37 165
305 22 117 33 160 37 97 29 5 4 120 13 27 14 112 3 84 47 83 28 161 21 155 31 98 10 112 9 153 23 61 43 9 19 114 26 47 18 81 16 182 7 31 39 192 1 14
306 22 137 49 181 13 58 42 74 12 115 34 155 23 63 43 176 9 89 45 141 7 26 48 189 21 108 5 11 1 199 14 50 29 107 36 152 19 2 37 175 26 100 8 119 27 18
307 22 138 9 72 8 165 47 157 4 167 15 160 30 115 41 131 7 84 16 19 10 86 22 196 48 47 19 118 24 138 26 97 43 145 12 20 36 166 33 16 25 116 42 87 37 27
308 22 137 8 35 38 57 31 6 24 106 43 2 2 141 46 147 10 115 1 2 18 34 44 101 35 187 32 163 47 168 3 1 5 179 6 99 40 77 21 167 20 154 34 5 42 102
309 22 133 31 140 19 30 42 21 37 122 27 37 5 138 28 81 43 115 1 61 16 23 30 69 13 84 41 146 38 61 15 31 12 147 20 182 29 114 3 115 18 131 22 112 45 175
310 22 139 22 112 49 151 32 11 36 24 8 25 34 25 6 197 21 177 29 99 42 181 15 29 11 20 20 30 43 141 46 17 12 57 18 14 40 128 13 188 23 47 30 43 9 173
311 22 147 35 200 5 101 28 117 20 199 46 21 42 86 16 10 47 174 27 162 13 7 10 28 44 135 26 157 40 74 43 74 24 97 1 14 9 67 34 102 8 29 22 35 49 180
312 22 127 2 26 36 68 46 177 41 190 3 166 29 19 1 174 20 162 42 162 8 176 15 102 35 43 6 29 26 107 10 177 32 47 44 129 24 137 18 26 22 6 31 141 19 23
313 22 146 2 28 17 82 34 111 39 91 42 114 49 3 43 81 38 9 23 174 29 50 28 34 5 99 41 185 10 159 45 89 11 170 24 11 36 67 26 84 19 118 16 118 8 77
314 22 154 42 33 5 191 10 188 47 111 28 82 4 39 48 128 2 11 49 96 34 11 31 100 39 67 20 156 38 15 29 48 14 122 9 103 18 169 24 71 43 72 44 82 41 67
315 22 140 11 124 18 199 40 37 7 75 26 121 35 5 27 103 43 147 44 121 5 188 31 25 23 43 17 96 10 16 37 148 22 112 24 194 48 178 14 147 1 149 38 135 42 81
316 22 119 3 198 13 29 2 86 21 118 31 30 35 170 28 158 32 65 26 86 6 127 36 193 5 104 12 107 1 177 4 62 24 194 38 108 17 18 45 19 19 174 39 92 40 55
317 22 123 40 46 19 149 46 95 34 52 6 41 25 101 30 182 16 48 49 162 18 119 36 19 5 139 7 98 31 134 37 175 4 157 23 200 1 158 3 158 27 59 10 26 28 9
318 22 135 37 195 29 74 14 86 12 70 35 79 2 20 36 141 45 189 47 69 40 100 27 94 7 177 20 67 8 180 44 35 31 182 4 195 5 68 16 142 46 70 11 33 24 58
319 22 124 26 65 9 154 16 130 28 184 37 107 24 46 10 155 18 65 1 174 32 116 15 78 48 182 33 108 7 148 8 133 41 185 19 130 44 96 3 41 21 109 46 82 13 171
320 22 134 41 10 3 26 19 109 25 37 21 182 11 118 39 90 36 144 2 92 9 13 10 190 17 36 38 98 48 8 40 109 12 17 30 21 16 143 24 86 44 75 45 104 7 154
321 22 139 42 66 16 51 7 134 36 44 31 33 4 70 44 115 37 23 35 179 38 29 5 25 32 148 49 28 3 161 17 60 14 58 27 31 9 83 29 146 24 196 46 83 11 140
322 22 117 9 194 39 60 21 193 22 88 2 85 45 128 17 5 13 182 1 41 27 81 43 104 48 101 33 85 12 124 5 114 6 76 15 110 11 37 31 16 16 191 40 46 14 33
323 22 149 1 133 32 1 33 66 37 144 41 33 49 54 39 26 9 115 40 68 30 102 7 10 17 7 22 34 11 79 13 195 31 145 28 131 43 167 23 33 38 40 48 149 6 189
324 22 157 16 35 41 24 45 159 33 68 43 84 30 23 46 177 4 193 36 172 49 3 31 154 19 71 18 19 48 109 35 151 10 81 9 144 3 27 29 28 24 105 39 157 22 187
325 22 124 39 27 5 59 19 72 29 69 32 15 3 82 24 33 41 119 45 145 10 174 18 165 6 36 25 26 26 133 47 162 23 174 16 84 44 90 12 12 21 126 1 148 13 91
326 22 143 15 133 7 70 18 31 45 95 44 57 39 119 24 22 12 115 34 26 36 11 41 190 30 119 28 45 9 92 27 167 14 96 49 160 40 63 3 198 2 23 22 175 35 186
327 22 141 10 110 23 71 14 134 40 151 15 9 29 59 19 170 37 136 35 34 34 195 24 99 49 21 2 122 44 26 8 30 36 67 4 156 18 68 39 158 3 118 46 114 38 18
328 22 143 23 4 36 9 48 109 9 49 31 110 22 125 35 79 6 20 45 159 27 164 28 167 46 22 40 43 12 186 2 16 21 112 15 131 20 13 29 134 38 166 37 108 5 64
329 22 135 24 33 30 96 28 51 36 22 37 65 34 123 18 49 45 32 13 76 1 178 39 32 11 78 47 75 22 133 26 148 7 60 3 87 32 90 19 106 44 143 23 94 4 58
330 22 145 14 57 35 152 38 98 29 36 24 2 20 57 30 68 39 197 16 128 7 188 12 33 42 36 28 81 37 194 48 122 46 187 21 126 22 94 43 150 9 160 15 197 8 132
331 22 143 26 188 38 15 39 1 49 81 37 76 13 80 6 179 36 3 15 158 29 138 3 8 30 104 16 142 19 64 1 150 42 140 40 106 7 59 28 132 21 159 46 28 33 31
332 22 153 3 190 11 142 42 118 24 96 35 17 16 200 17 167 43 157 6 101 48 157 45 77 40 67 38 86 44 124 18 76 29 60 36 70 5 145 39 161 15 191 28 82 33 134
333 22 142 39 85 20 88 41 164 17 81 32 104 18 27 29 187 3 107 48 40 1 95 23 50 35 34 15 75 13 46 10 48 34 144 24 137 40 169 43 86 21 24 30 22 33 8
334 22 137 22 177 32 71 13 65 35 88 29 32 49 26 18 194 42 191 30 73 48 187 24 135 28 96 9 170 25 132 2 182 3 180 14 175 43 30 10 32 34 160 7 102 33 6
335 22 133 39 58 43 16 4 3 37 128 34 141 12 86 20 75 10 64 6 21 47 16 14 128 25 155 29 179 13 180 18 20 21 112 35 124 24 51 33 138 44 199 16 45 9 81
336 22 143 25 10 8 79 40 136 43 172 48 160 41 18 22 178 37 101 44 184 14 7 17 98 47 162 46 42 28 93 2 158 12 115 3 2 39 174 15 171 23 142 10 194 9 193
337 22 114 7 165 11 54 13 173 2 54 44 56 12 19 28 8 21 179 48 195 30 147 3 172 16 181 45 124 25 153 40 135 8 53 9 59 6 12 23 165 31 100 24 152 10 120
338 22 133 8 112 41 11 29 71 7 152 47 159 43 33 16 195 42 127 3 103 30 165 27 95 46 76 18 199 6 191 48 67 10 55 17 158 22 23 11 168 33 3 2 200 26 2
339 22 117 48 56 16 74 2 13 19 163 7 109 10 73 20 64 21 32 11 142 4 171 38 173 13 90 22 7 17 123 6 22 41 82 25 5 33 146 18 189 27 13 26 193 46 24
340 22 135 26 190 30 46 19 170 14 8 42 173 25 166 28 148 6 109 23 163 41 120 31 125 8 195 2 160 48 178 37 137 9 184 36 77 47 124 11 114 1 110 22 12 34 34
341 22 120 4 3 15 37 28 172 31 179 24 143 26 151 12 109 17 200 37 122 3 173 20 26 35 183 47 6 41 80 39 145 14 77 13 92 7 170 2 138 33 12 6 182 27 84
342 22 123 23 96 11 159 30 141 5 36 31 187 26 175 29 107 38 55 22 81 6 78 9 167 33 170 16 69 2 93 47 62 4 127 8 114 35 96 39 159 20 69 18 57 41 138
343 22 141 30 20 37 88 21 9 10 137 12 90 22 108 1 125 34 105 35 99 39 82 38 199 4 106 18 110 31 158 49 110 28 186 16 108 8 77 46 187 11 196 42 171 32 5
344 22 122 19 130 8 174 4 7 18 16 36 55 15 51 12 122 30 158 11 167 44 121 14 181 7 95 24 180 26 155 34 194 37 193 17 86 23 44 28 88 32 4 46 125 3 137
345 22 140 30 98 7 93 29 66 39 102 45 64 24 176 34 200 25 14 37 56 40 38 16 50 44 103 31 92 11 74 22 176 12 23 28 31 3 36 27 26 13 108 10 162 33 25
346 22 138 48 88 19 89 27 161 7 79 6 109 9 149 21 84 20 99 45 70 25 27 23 62 4 150 11 161 36 193 35 186 33 56 26 61 16 32 39 73 42 150 22 63 41 161
347 22 136 32 87 8 114 4 120 19 56 46 79 16 81 24 1 18 8 6 44 23 75 9 95 17 60 31 44 41 76 45 122 35 110 28 156 33 51 49 89 5 192 29 19 27 89
348 22 154 15 121 47 57 48 44 30 32 5 157 38 133 41 38 43 41 21 24 42 22 14 99 27 183 39 150 19 65 35 137 37 91 34 32 16 137 29 103 22 92 13 64 1 3
349 22 123 48 123 30 133 13 129 1 80 19 86 16 108 28 100 39 100 15 27 31 69 49 52 10 113 24 50 21 157 2 174 7 125 3 39 33 41 18 152 36 11 8 85 42 182
350 22 146 41 58 6 40 29 62 42 2 20 118 8 8 40 151 26 41 28 11 3 185 47 104 44 49 31 182 19 108 24 100 5 90 11 19 33 164 38 200 48 7 9 198 34 151
351 22 115 27 146 4 162 44 57 5 192 39 88 12 98 13 162 48 196 18 189 6 88 21 170 28 22 40 177 30 100 26 116 1 102 11 156 14 169 7 10 3 69 23 150 42 90
352 22 143 22 32 10 191 9 133 32 185 13 32 28 34 40 189 26 44 4 146 44 57 3 59 25 27 11 190 18 2 49 162 46 85 43 158 16 54 37 149 17 177 39 194 42 91
353 22 123 15 200 45 67 10 19 22 160 13 124 21 63 37 75 32 159 16 40 26 70 38 152 33 76 9 73 40 108 19 9 18 39 3 39 49 67 14 169 30 150 1 32 4 16
354 22 128 21 131 37 198 9 26 2 174 10 177 33 33 18 142 1 126 11 140 29 2 40 45 15 58 26 65 46 157 44 118 32 67 48 60 23 19 7 51 14 149 4 139 45 69
355 22 149 10 84 16 75 43 191 39 96 19 186 5 114 46 195 21 43 4 41 17 25 36 174 27 101 22 82 40 80 28 60 42 63 25 66 18 156 3 136 41 159 49 147 45 67
356 22 154 48 1 7 66 25 43 39 3 43 112 35 134 44 112 46 135 22 200 31 89 26 199 45 176 23 11 47 123 18 15 49 112 3 101 6 117 37 92 10 49 8 145 5 99
357 22 135 1 42 26 49 36 2 43 36 24 155 34 198 22 198 48 135 3 100 19 37 28 37 23 11 29 67 17 79 8 105 44 58 13 31 31 167 14 130 41 12 27 77 12 152
358 22 151 13 148 23 135 10 104 3 127 34 21 36 38 41 131 45 53 11 27 19 175 6 161 38 84 48 123 32 132 37 36 21 8 46 10 26 57 39 83 20 63 33 200 24 20
359 22 119 2 185 27 39 8 86 36 130 18 119 11 156 4 23 26 161 45 42 9 83 30 97 14 48 44 33 1 28 10 139 35 95 24 164 20 197 49 47 34 68 28 147 3 158
360 22 146 45 22 21 43 15 156 43 45 17 34 29 11 9 195 27 3 23 198 1 73 44 60 40 28 3 4 5 151 8 114 48 30 36 140 46 143 34 90 22 26 30 137 39 150
361 22 152 17 116 4 123 22 57 30 185 11 172 43 157 15 78 46 173 45 166 44 122 32 93 1 120 39 30 28 129 21 29 47 38 33 169 9 39 49 45 42 9 18 36 13 163
362 22 123 7 9 30 152 12 45 32 31 35 164 11 113 34 139 10 123 23 80 33 63 28 179 4 139 46 41 5 180 19 186 1 89 44 112 25 94 20 188 6 134 47 93 21 125
363 22 132 29 134 2 107 37 192 3 28 49 184 33 167 21 46 17 9 39 30 44 66 26 163 5 183 46 78 41 24 15 105 18 11 12 15 10 198 32 26 28 145 22 33 1 86
364 22 156 38 184 33 67 14 73 42 15 39 146 47 159 9 170 20 123 19 79 23 153 6 142 32 152 49 78 43 184 30 28 21 165 11 39 31 185 45 26 26 94 34 86 13 3
365 22 122 8 133 33 32 35 40 24 68 42 193 17 21 36 2 2 115 19 27 12 199 14 91 43 189 18 138 3 200 28 113 10 144 49 117 37 92 5 112 6 66 15 29 34 42
366 22 102 42 182 5 82 26 145 2 116 18 6 15 145 20 199 6 14 32 156 45 162 13 195 19 78 10 197 11 3 40 194 9 21 22 103 24 87 3 18 1 152 25 114 23 80
367 22 136 48 178 29 42 41 42 39 59 21 198 7 132 46 77 8 118 12 192 36 85 23 39 2 123 42 76 14 107 38 93 31 135 19 193 1 18 49 34 17 96 11 126 13 110
368 22 140 39 156 48 173 30 138 24 5 29 101 45 194 8 32 38 95 12 124 27 133 16 77 11 167 23 44 25 34 33 81 7 162 20 131 10 45 40 93 34 36 5 157 37 72
369 22 148 41 38 39 53 4 1 27 200 26 162 34 158 45 140 19 116 22 37 16 5 48 12 46 191 2 47 33 26 37 120 14 41 17 17 44 179 10 101 25 1 21 140 23 159
370 22 117 7 179 19 76 47 164 9 193 17 8 27 142 46 146 8 37 23 74 3 199 33 60 11 39 1 35 13 6 25 40 2 190 22 48 41 92 30 44 42 96 28 102 16 89
371 22 132 14 107 39 148 6 95 12 61 22 103 11 103 9 169 10 80 17 65 48 23 5 41 33 102 30 136 18 68 49 124 29 52 41 173 15 54 36 168 4 29 43 172 40 147
372 22 146 33 153 49 15 4 80 2 71 47 102 46 104 24 156 11 114 30 75 19 67 44 30 23 23 17 16 42 166 48 44 12 50 13 72 45 164 18 100 14 141 7 126 37 152
373 22 137 25 105 46 107 27 168 30 73 34 45 16 152 42 160 18 105 11 115 19 32 49 11 17 74 48 55 26 24 10 123 38 90 12 110 6 26 37 195 4 97 28 172 8 129
374 22 148 34 57 20 151 32 169 7 59 42 116 31 74 4 22 37 15 47 92 24 143 28 21 49 176 23 56 5 80 39 88 41 122 30 116 15 161 27 136 21 128 13 55 26 161
375 22 133 33 157 35 38 13 165 23 3 4 177 45 125 1 144 5 168 8 17 9 129 37 64 32 9 41 187 24 198 12 184 30 170 21 17 39 37 40 165 31 65 17 174 34 181
376 22 128 39 44 11 38 31 125 21 189 17 107 12 64 18 148 43 137 20 59 4 199 7 195 15 37 9 131 19 158 40 80 29 31 46 188 44 10 5 93 42 12 13 14 28 56
377 22 124 22 58 16 155 11 173 32 116 33 171 45 14 3 92 1 147 7 39 19 163 31 182 30 58 38 154 18 55 8 191 15 80 26 130 47 120 34 28 36 98 4 29 21 189
378 22 135 7 77 46 48 44 127 19 125 41 65 1 172 12 72 8 43 21 178 28 168 29 34 48 62 38 132 9 152 2 30 10 176 23 176 39 199 47 147 37 189 14 114 17 31
379 22 125 42 150 31 4 18 68 37 26 11 47 29 102 8 13 28 30 38 57 24 127 20 25 1 58 13 64 21 129 46 64 26 19 47 43 6 72 4 104 2 5 10 169 41 156
380 22 140 37 164 34 194 35 10 44 142 23 9 14 151 5 80 31 30 48 179 25 155 3 128 9 154 13 52 6 159 32 21 45 178 4 123 49 128 15 79 36 94 11 167 43 141
381 22 140 41 98 43 70 8 49 3 71 13 156 14 168 15 147 39 11 24 94 16 47 44 44 28 10 36 33 46 176 26 95 21 45 2 119 48 72 31 153 37 149 19 133 9 182
382 22 143 47 55 27 140 34 187 13 50 39 48 36 175 9 180 45 54 31 163 1 52 44 155 40 44 26 123 30 106 2 137 43 72 25 57 23 116 4 106 15 181 18 113 20 117
383 22 128 35 124 6 128 1 180 9 107 12 171 10 198 3 21 34 9 43 1 15 199 45 113 33 121 30 46 49 114 46 124 19 73 25 199 42 10 14 146 5 123 21 73 17 185
384 22 154 34 137 16 31 49 64 44 96 39 114 21 15 14 3 47 76 8 191 35 71 36 66 42 140 19 12 12 19 30 196 4 69 11 34 17 26 27 114 43 34 31 106 37 80
385 22 146 31 196 22 17 16 157 33 188 1 22 6 114 36 76 44 181 30 162 13 180 21 42 43 37 27 120 41 115 24 110 40 127 14 30 46 171 39 63 8 142 29 135 23 67
386 22 149 20 51 38 110 17 88 33 26 9 25 2 91 48 17 43 187 13 175 35 3 40 61 49 2 32 129 36 157 46 105 26 173 1 53 25 157 23 73 10 7 44 144 6 113
387 22 150 33 158 47 12 43 53 9 150 13 91 16 38 15 168 41 198 22 117 21 14 32 173 28 177 34 12 46 95 40 94 8 134 48 16 11 58 23 118 12 138 42 133 19 66
388 22 132 3 51 13 99 42 157 6 25 4 171 10 66 29 9 16 101 28 7 24 39 47 116 18 157 32 98 23 168 25 18 36 74 11 44 31 86 49 152 45 115 5 30 34 183
389 22 129 38 57 21 84 22 41 40 48 3 44 7 128 18 27 13 43 39 58 24 124 6 127 20 20 8 125 1 41 47 79 19 64 17 40 5 122 33 113 49 53 41 63 45 130
390 22 170 20 70 3 25 46 25 47 53 49 149 43 7 37 189 35 161 9 4 26 27 45 32 48 78 44 148 32 35 10 176 14 129 18 106 41 144 4 46 42 2 38 98 29 183
391 22 112 3 39 38 130 15 132 11 165 4 112 42 90 22 170 5 2 25 59 7 68 14 52 12 66 9 108 43 110 10 32 41 26 16 151 40 76 6 54 20 96 39 100 28 5
392 22 110 24 139 13 44 2 15 5 19 8 115 26 79 37 88 41 177 15 156 29 7 34 85 10 53 30 34 31 113 47 7 1 9 3 175 4 23 32 70 12 127 20 16 16 75
393 22 155 44 22 8 178 31 110 9 66 2 140 30 150 46 181 47 185 35 102 19 171 48 181 13 148 43 158 21 53 38 153 14 196 20 18 49 167 32 31 27 178 15 162 29 126
394 22 128 32 50 34 61 1 81 43 19 40 13 3 12 17 190 14 131 35 133 22 32 16 103 12 95 33 29 8 111 4 39 39 99 20 44 47 16 13 5 10 195 45 46 26 64
395 22 140 15 39 8 147 19 165 10 124 5 73 13 53 37 182 48 70 45 183 18 111 29 31 17 190 27 56 34 23 11 86 35 152 33 122 44 46 41 117 24 85 1 192 47 131
396 22 138 24 14 20 102 21 56 26 41 18 113 25 71 7 159 43 17 3 38 33 171 47 102 37 18 23 20 41 20 16 185 19 18 5 76 45 45 46 158 14 130 8 33 34 47
397 22 105 15 4 43 118 28 129 37 177 2 106 20 173 5 35 7 76 4 161 1 1 8 98 14 173 9 21 42 68 24 197 12 91 41 178 3 194 33 174 16 90 22 165 34 67
398 22 129 14 191 15 73 21 128 45 31 4 25 19 127 31 17 47 23 46 49 16 181 22 133 20 181 6 186 39 4 11 182 18 35 2 47 32 34 49 185 8 17 29 199 25 21
399 22 153 25 25 38 157 48 120 28 130 13 178 16 166 40 97 36 175 32 6 35 30 42 143 49 52 21 149 47 122 8 173 9 14 22 181 41 3 7 105 30 172 20 20 6 46
400 22 128 21 39 3 156 44 50 45 22 19 28 18 40 36 142 1 99 13 81 42 65 39 146 47 13 34 123 15 7 14 67 10 163 6 156 24 183 16 68 46 66 8 98 12 124
401 22 144 36 57 22 150 25 91 34 99 5 140 14 21 3 49 30 167 4 137 28 120 43 139 49 60 9 158 20 33 46 129 47 129 2 20 19 122 17 104 38 71 40 139 48 111
402 22 152 42 142 3 10 49 61 32 31 6 10 37 101 14 34 31 68 35 200 36 8 23 153 13 12 22 165 43 15 19 176 34 179 7 67 16 153 39 131 38 69 48 24 21 136
403 22 137 32 43 40 94 5 14 48 156 35 113 1 101 28 86 19 53 20 149 11 36 34 78 24 8 30 93 8 53 13 93 36 107 45 29 17 31 41 69 33 171 4 101 25 123
404 22 126 1 36 10 136 13 2 23 31 4 30 33 68 22 71 24 5 2 135 49 180 3 131 43 176 15 169 19 161 9 141 12 170 28 29 48 155 47 199 41 147 30 195 29 2
405 22 132 17 41 46 192 5 165 42 169 20 2 38 114 29 80 9 192 1 186 23 43 35 127 41 183 37 64 11 15 18 129 7 13 13 129 12 31 15 103 40 28 33 20 36 124
406 22 122 20 173 48 15 7 126 5 91 44 194 6 160 22 84 17 136 4 29 12 17 31 114 10 46 25 198 21 147 11 79 46 15 42 8 47 168 36 86 14 102 2 77 18 134
407 22 122 42 25 43 139 12 98 14 132 8 92 29 24 20 184 39 119 3 188 1 188 23 186 26 89 30 43 24 71 16 10 19 160 18 173 4 77 34 100 27 154 35 17 22 137
408 22 132 7 22 24 29 9 129 49 58 1 172 30 120 39 41 40 198 13 157 20 68 33 185 2 85 14 157 19 132 28 56 38 1 31 69 11 59 25 109 18 75 45 118 34 68
409 22 136 5 193 37 172 25 174 11 89 31 180 22 110 10 110 17 80 28 6 30 195 9 46 26 29 36 62 46 42 4 84 15 30 40 91 49 70 20 21 32 8 41 76 13 165
410 22 143 3 68 44 150 49 155 45 125 35 132 38 30 25 191 15 90 22 26 29 62 24 50 33 46 31 90 27 174 16 139 18 158 19 57 37 16 21 147 20 2 12 19 11 183
411 22 155 44 141 45 117 42 127 15 123 19 191 48 134 32 137 3 39 22 47 6 137 29 128 35 200 30 58 11 148 20 194 43 110 40 11 4 68 25 126 36 116 49 61 24 139
412 22 142 29 47 38 36 33 116 14 169 18 45 27 78 44 196 23 86 8 12 46 61 30 21 17 88 12 188 36 122 11 126 2 7 13 38 41 131 1 109 48 45 37 75 40 83
413 22 133 25 140 11 120 42 92 37 159 29 150 46 166 23 58 24 64 6 61 4 36 13 64 33 9 1 60 48 33 9 124 21 196 18 112 20 183 36 77 26 109 40 132 22 95
414 22 122 19 86 8 104 45 60 15 194 44 23 18 167 13 193 9 151 5 181 2 151 3 28 28 164 11 85 30 170 23 185 16 182 49 162 26 73 29 144 17 143 37 26 43 158
415 22 141 13 61 10 115 15 137 42 78 6 5 14 20 34 36 44 118 1 76 18 12 3 40 48 6 36 84 31 181 29 189 45 139 9 5 2 83 43 56 41 183 33 177 47 137
416 22 134 16 191 35 22 26 120 4 58 48 192 2 88 41 12 43 179 14 127 21 71 24 183 9 41 23 194 25 150 42 62 17 132 46 138 10 65 44 19 15 37 28 32 6 47
417 22 116 22 178 20 146 11 33 6 153 7 99 27 58 40 138 25 124 35 64 2 157 3 66 44 75 17 23 9 113 30 57 34 7 26 81 19 110 36 23 39 50 1 176 14 35
418 22 120 27 22 39 92 17 164 10 189 22 122 20 78 6 129 38 47 15 124 33 159 21 159 36 109 34 73 12 47 11 153 13 126 4 147 25 176 43 3 31 31 2 148 23 30
419 22 143 14 143 40 50 3 100 37 39 24 59 20 21 5 135 46 119 44 106 21 199 19 54 31 70 1 86 42 182 34 74 2 36 23 39 48 49 26 170 30 104 18 48 45 161
420 22 153 3 8 33 103 28 136 35 97 38 120 22 173 23 95 24 161 19 64 36 66 12 111 32 40 40 49 39 184 11 144 44 196 48 171 31 33 18 171 4 7 42 76 30 86
421 22 155 42 56 13 77 21 77 40 156 10 131 47 9 20 181 15 76 16 62 48 199 46 65 24 112 27 155 49 78 4 43 19 13 31 78 44 180 38 65 12 111 29 187 28 142
422 22 138 34 128 38 1 48 89 26 159 15 130 7 143 27 62 37 200 36 55 18 84 8 147 24 172 2 196 13 145 30 41 32 132 22 107 49 189 33 114 19 19 6 73 29 23
423 22 137 8 88 22 181 9 131 16 62 27 29 7 58 19 90 39 108 12 47 6 2 34 163 49 81 2 163 36 126 44 110 33 31 42 114 31 55 40 109 11 97 29 103 35 37
424 22 152 16 83 42 117 6 200 36 53 30 23 28 23 35 162 17 127 49 132 8 53 21 68 47 168 3 33 33 137 26 199 2 182 19 69 31 23 46 19 48 45 43 15 25 49
425 22 150 8 151 47 61 32 148 30 152 49 30 43 79 2 122 22 32 18 92 9 145 19 191 44 66 38 162 4 35 35 52 42 137 20 197 21 97 14 14 27 166 37 49 40 5
426 22 132 11 148 46 26 37 59 35 141 43 69 44 136 5 146 40 176 26 147 41 190 12 69 7 198 17 103 4 9 9 105 19 6 2 146 30 35 3 1 39 157 25 80 33 169
427 22 126 5 31 11 96 42 179 2 139 48 56 44 56 15 99 26 72 21 166 10 52 4 130 6 136 45 76 25 186 38 168 17 91 14 147 46 84 1 66 13 69 49 177 23 130
428 22 139 33 185 38 168 29 113 9 55 1 98 22 167 39 79 32 135 30 52 47 79 14 79 44 82 20 154 2 138 48 71 18 111 24 161 27 145 17 176 10 51 5 163 49 136
429 22 113 9 178 17 124 10 157 38 181 13 48 34 152 46 106 20 156 45 68 12 42 30 17 5 30 23 67 8 177 26 52 18 187 19 22 4 2 24 199 7 195 6 43 39 125
430 22 145 6 180 20 86 48 126 17 21 44 197 28 72 25 123 42 35 29 11 32 164 33 23 23 190 14 67 22 93 38 159 43 14 26 13 9 174 31 97 7 103 41 41 3 49
431 22 128 16 18 27 100 42 52 8 165 32 9 45 40 1 160 17 165 21 142 7 153 22 5 11 176 4 58 49 152 26 17 30 125 31 166 18 147 25 49 40 60 9 25 33 55
432 22 124 22 137 18 47 34 21 7 32 24 82 3 158 10 86 26 127 32 100 27 91 23 166 1 154 25 56 28 107 13 99 45 180 47 180 2 105 14 75 38 163 46 122 12 171
433 22 132 46 22 26 136 45 44 36 150 19 12 7 196 20 19 17 150 1 199 9 175 37 74 4 184 47 117 6 147 12 127 24 50 23 67 35 24 49 181 33 168 29 184 3 123
434 22 138 32 153 23 90 30 161 15 183 44 14 49 49 12 13 28 135 2 2 48 26 39 46 8 171 16 108 1 112 22 96 38 30 4 1 42 81 47 105 33 200 5 108 17 124
435 22 141 9 68 36 133 49 52 30 172 47 40 12 128 43 112 7 146 26 51 27 174 5 109 23 159 18 160 11 184 17 79 46 94 10 197 45 91 20 43 32 31 22 70 29 150
436 22 144 43 133 10 167 44 129 26 156 12 194 34 18 23 132 32 80 8 74 49 51 6 30 20 181 48 104 45 126 5 139 11 14 42 182 13 53 27 98 29 86 9 95 40 67
437 22 115 45 115 16 49 11 92 3 101 4 19 7 11 12 90 23 117 20 139 17 1 26 48 10 68 15 117 9 181 25 146 37 189 44 84 48 34 14 50 18 98 29 65 27 62
438 22 116 36 87 44 99 14 140 10 150 30 26 39 74 11 83 27 8 17 155 23 118 2 176 35 149 6 151 7 4 20 83 22 163 4 135 16 84 33 41 3 57 25 141 42 192
439 22 157 11 128 42 18 28 148 23 150 33 190 5 104 2 10 40 5 27 73 37 17 47 95 20 55 31 82 29 21 16 172 14 78 49 55 46 128 4 68 38 9 43 112 45 132
440 22 127 18 121 7 157 40 155 1 111 9 131 42 187 3 59 8 66 39 8 22 136 37 25 5 116 13 116 27 146 45 67 49 53 35 161 21 104 4 11 25 146 15 168 46 163
441 22 144 10 40 31 156 42 40 6 46 7 116 32 169 12 120 40 165 23 102 29 49 48 31 2 199 16 19 37 164 30 98 13 5 49 102 45 111 27 78 38 198 20 4 22 182
442 22 113 21 71 15 120 22 163 37 140 30 174 5 11 23 10 28 159 25 139 16 182 3 179 7 101 10 190 4 94 18 30 42 197 48 8 26 158 32 5 8 143 24 194 11 65
443 22 121 36 97 23 88 6 14 12 37 20 155 39 187 34 132 29 95 16 188 26 120 7 36 14 130 31 26 37 41 40 22 11 196 27 122 32 46 22 185 3 120 1 184 21 43
444 22 150 37 178 28 53 9 59 45 51 19 18 40 184 35 110 1 119 8 178 44 189 15 89 30 57 22 143 29 152 38 162 24 182 12 94 2 103 27 29 46 109 49 89 43 155
445 22 129 38 70 34 146 22 107 2 10 35 139 21 10 23 183 4 24 30 4 24 118 33 115 44 132 5 92 9 181 46 142 26 167 1 166 20 10 31 113 15 16 8 151 48 13
446 22 140 25 65 7 132 43 88 36 186 14 195 19 9 38 196 27 88 13 46 16 56 30 129 40 96 46 99 12 22 10 11 29 191 5 18 26 42 31 70 41 158 8 69 47 172
447 22 131 15 46 38 122 27 68 12 122 13 62 18 6 25 189 17 135 19 7 41 89 32 185 21 104 46 62 5 130 9 127 7 66 20 185 33 33 47 94 26 4 16 20 37 26
448 22 137 48 125 10 32 47 163 29 8 27 34 40 135 12 37 43 129 6 78 13 138 36 59 32 113 2 30 16 60 3 142 19 136 39 33 15 48 9 200 45 111 26 138 31 167
449 22 119 3 121 2 61 16 123 45 157 10 61 15 154 36 50 42 118 14 42 26 63 30 120 25 55 7 115 38 175 17 158 28 130 11 193 4 165 24 200 27 88 12 90 47 129
450 22 125 3 188 6 168 19 76 44 124 34 111 13 59 27 22 38 156 32 31 10 46 20 71 21 169 48 11 11 100 42 4 47 123 25 24 17 150 14 70 5 35 7 11 18 137
451 22 144 22 113 6 144 35 74 43 45 47 54 46 117 23 195 49 19 40 50 30 16 15 99 5 185 16 142 1 14 25 94 11 171 8 87 45 157 41 131 20 62 38 76 10 76
452 22 136 43 44 41 134 1 170 34 101 36 108 46 98 30 44 5 69 40 64 31 31 44 42 15 55 4 131 18 15 6 112 8 149 47 110 20 81 13 157 38 108 2 161 24 18
453 22 149 23 169 9 164 35 66 46 139 15 153 3 127 13 53 22 123 34 79 43 94 33 112 47 45 49 39 18 166 12 188 25 75 40 122 10 37 36 165 41 62 27 194 16 139
454 22 142 36 146 31 29 30 192 25 74 40 63 43 58 24 80 32 200 2 123 23 13 11 9 27 3 22 55 46 6 5 63 47 140 9 129 20 38 44 112 14 158 4 21 34 84
455 22 126 4 83 37 128 8 1 38 116 28 41 34 188 45 188 1 143 29 11 21 198 48 143 41 111 7 51 17 79 2 133 18 138 10 75 40 50 3 29 25 190 31 67 19 41
456 22 120 37 66 41 32 9 151 40 9 17 168 42 118 2 61 7 112 36 97 11 77 15 2 5 117 30 79 13 145 29 53 34 96 43 17 4 196 6 14 12 25 32 77 18 88
457 22 130 40 103 34 100 29 51 3 86 17 34 16 177 46 13 5 99 1 143 12 156 38 119 22 102 43 28 33 171 47 70 10 1 6 161 32 8 13 17 24 47 42 144 7 142
458 22 126 41 107 35 154 15 174 22 136 25 167 7 137 12 79 49 62 36 159 43 43 24 161 18 170 20 13 38 27 5 129 34 51 14 106 1 47 10 175 21 120 4 144 30 122
459 22 126 13 124 41 77 12 169 33 192 6 173 25 56 39 82 42 79 5 94 27 17 7 2 28 181 48 100 19 41 30 140 3 82 32 166 16 109 8 89 34 63 29 167 9 24
460 22 135 49 35 40 155 38 69 3 167 39 71 9 70 12 16 25 43 45 64 2 104 34 67 32 2 22 190 21 25 16 177 14 85 5 86 13 24 28 148 42 76 43 175 10 27
461 22 112 26 181 18 1 3 144 16 180 8 100 45 123 4 101 11 167 25 159 44 24 2 122 15 142 13 104 35 7 28 194 33 6 24 153 6 129 46 173 10 3 7 38 31 148
462 22 153 40 6 11 171 43 175 26 127 31 56 20 166 45 118 18 173 13 190 32 16 14 38 42 144 37 126 29 176 33 80 38 53 22 112 36 69 10 146 16 79 15 190 41 104
463 22 121 24 58 20 11 2 113 6 135 49 183 14 127 15 195 19 128 18 172 35 189 33 82 4 11 46 195 3 99 13 120 30 116 32 35 1 31 16 157 36 160 22 55 48 22
464 22 122 40 86 6 123 41 68 18 85 23 168 3 135 38 182 19 169 1 89 15 9 24 177 31 80 35 155 5 26 12 148 32 130 17 2 21 136 22 152 37 142 39 195 11 5
465 22 135 3 186 31 183 16 39 2 193 20 28 35 31 27 18 12 144 34 65 28 154 1 58 39 44 38 193 41 179 14 175 46 4 40 149 48 61 32 44 5 150 21 179 9 22
466 22 137 30 87 12 25 18 52 5 133 28 150 36 118 33 130 17 173 34 68 4 99 9 94 19 139 45 80 10 125 23 101 37 174 21 5 39 102 32 57 25 165 24 2 47 27
467 22 133 2 57 23 120 45 117 1 107 43 69 29 93 5 155 47 74 8 102 30 107 19 131 38 75 48 158 27 9 49 81 4 165 31 10 10 51 39 2 6 193 11 31 18 104
468 22 142 6 75 32 36 15 32 16 169 48 98 28 57 49 168 11 56 12 111 36 113 46 143 24 127 23 33 26 88 33 71 2 101 1 151 45 58 18 106 43 139 41 140 14 67
469 22 127 38 138 1 12 13 90 46 112 48 145 15 1 10 165 6 22 3 70 41 58 18 150 11 41 20 126 7 10 14 109 21 78 35 173 33 69 25 83 30 190 36 163 37 7
470 22 134 4 146 6 173 45 143 33 87 15 109 46 74 24 54 1 156 31 126 16 15 44 193 47 24 34 33 11 48 19 167 25 24 12 67 8 198 18 143 41 149 21 100 37 148
471 22 137 30 147 46 100 16 198 15 190 23 76 8 131 41 100 48 193 14 151 36 19 4 89 35 67 32 6 3 61 2 150 10 169 26 110 20 151 43 157 31 76 45 34 21 111
472 22 130 7 174 22 161 25 83 31 22 9 191 44 61 10 47 38 171 30 127 45 139 36 75 16 81 32 62 14 52 20 177 2 130 13 25 40 103 18 100 17 40 34 16 19 162
473 22 137 13 60 39 25 32 199 6 193 12 110 14 133 36 11 15 89 40 29 29 131 33 30 46 99 19 79 17 190 42 131 49 91 23 22 31 166 18 31 9 183 11 191 16 59
474 22 147 16 34 7 116 48 98 34 72 21 3 4 189 36 145 20 150 24 113 32 43 45 90 25 55 41 44 17 156 3 191 6 52 40 192 26 62 44 29 31 174 19 81 49 183
475 22 117 14 141 27 56 17 131 37 57 4 13 30 87 5 185 29 161 38 68 2 63 47 92 9 115 32 25 7 109 23 191 16 179 21 143 49 60 35 88 12 172 6 15 11 78
476 22 142 15 89 44 16 10 48 24 118 8 155 42 98 20 122 43 17 2 16 49 39 27 170 46 141 6 182 3 33 28 164 37 163 19 106 23 97 18 43 34 135 35 148 38 50
477 22 137 46 28 28 67 24 20 23 107 22 55 5 16 33 19 10 121 27 3 1 75 45 93 31 79 2 118 49 97 7 165 20 26 37 129 44 183 15 78 3 124 36 153 40 153
478 22 132 3 161 49 47 15 179 26 168 48 5 18 145 12 182 16 189 21 94 38 66 29 2 43 133 27 92 20 29 9 134 22 121 32 20 37 163 45 54 10 150 6 113 5 72
479 22 142 1 77 17 88 42 145 41 84 30 117 25 151 46 146 10 31 19 32 14 139 26 83 22 138 34 195 43 96 16 149 27 183 36 168 29 29 3 60 45 129 11 42 33 71
480 22 154 13 166 45 150 1 141 49 43 12 97 19 144 34 188 25 112 40 34 7 118 46 98 44 117 22 137 9 171 42 171 38 38 23 189 30 17 37 172 28 185 24 68 29 200
481 22 152 30 120 33 188 38 181 37 181 47 110 19 118 18 192 12 39 29 151 11 67 31 79 5 52 6 139 44 81 9 174 40 94 15 77 45 65 41 175 34 11 42 75 22 80
482 22 121 5 74 42 172 4 20 28 158 19 153 8 127 26 188 16 19 3 48 6 68 40 82 1 150 24 177 23 155 31 147 47 4 2 68 32 9 11 155 37 94 43 57 36 110
483 22 135 46 93 27 35 25 79 37 98 7 161 2 39 43 159 20 76 19 166 30 72 4 166 17 98 24 165 33 35 10 175 11 47 49 41 48 47 36 2 3 80 12 172 40 135
484 22 137 9 161 38 26 28 187 2 194 19 186 4 195 49 100 46 189 34 93 26 46 25 129 40 22 10 22 11 144 30 24 33 108 3 171 39 196 1 185 44 150 35 125 22 111
485 22 165 22 96 41 20 49 183 44 160 4 56 5 85 31 39 42 83 9 2 33 93 15 177 17 91 48 77 12 143 20 184 43 2 27 52 32 58 39 15 46 33 47 56 36 177
486 22 127 4 135 10 189 30 92 5 108 8 45 6 87 39 143 7 167 46 63 1 4 3 165 37 61 9 73 40 64 49 52 42 6 48 149 2 105 35 58 15 194 31 151 43 9
487 22 127 23 82 34 82 26 25 22 122 35 126 8 44 30 200 44 127 47 58 9 174 20 123 6 171 48 131 3 83 13 31 7 138 14 129 11 50 18 46 37 117 39 116 16 98
488 22 144 37 26 23 7 48 28 29 22 25 59 21 56 14 3 19 44 12 158 9 142 18 108 47 85 5 136 4 193 1 171 42 37 46 64 45 143 41 123 16 168 32 189 43 43
489 22 147 40 4 48 145 17 107 44 4 12 131 7 4 31 79 46 169 24 61 14 168 4 38 33 71 21 23 43 117 16 88 6 169 37 105 11 9 23 191 28 123 45 175 41 68
490 22 118 38 54 35 91 44 69 11 14 42 5 31 57 27 131 43 194 34 104 4 192 28 196 8 7 18 102 9 121 21 14 5 163 7 23 25 23 16 79 3 122 23 140 1 53
491 22 146 34 44 38 87 31 116 45 190 25 163 43 8 21 163 30 136 19 42 16 167 9 146 32 20 10 32 22 194 28 11 27 141 24 35 33 5 36 12 6 5 37 149 20 3
492 22 128 7 17 23 190 37 82 24 60 27 1 21 11 13 110 49 45 35 184 18 167 40 6 28 32 11 134 20 59 5 22 17 21 46 57 9 80 30 69 6 182 39 68 10 101
493 22 162 27 158 47 11 41 65 29 33 22 58 14 132 36 143 45 57 11 168 5 17 26 134 48 44 34 59 40 187 35 98 33 198 49 126 20 184 38 4 23 146 21 81 6 88
494 22 147 35 75 13 68 24 107 9 155 42 69 44 178 5 191 11 52 33 159 30 154 29 65 43 34 40 15 10 48 36 149 32 62 12 2 20 12 39 86 26 51 38 160 19 113
495 22 139 39 83 6 24 22 22 2 134 19 190 32 3 1 45 38 114 27 127 12 117 35 39 17 124 48 127 42 62 18 24 41 48 43 95 31 63 36 62 7 124 26 172 15 166
496 22 148 30 5 32 53 4 11 47 168 28 122 38 68 19 30 14 101 43 149 13 61 37 21 35 112 44 178 15 194 21 130 9 2 36 43 6 192 3 152 24 146 49 194 45 172
497 22 131 13 9 32 199 31 16 10 124 44 25 19 66 6 28 17 143 22 72 34 74 26 44 3 1 40 3 38 40 30 48 21 78 28 39 2 184 14 172 49 21 1 67 45 17
498 22 138 42 49 17 33 2 11 1 70 49 98 13 179 25 153 18 28 36 33 5 102 19 74 43 167 10 59 26 43 22 38 44 191 40 35 37 149 20 13 39 193 23 144 21 127
499 22 130 45 124 18 167 14 188 28 22 6 5 27 43 9 17 32 146 8 170 44 129 47 19 24 182 41 117 5 19 12 180 16 31 46 179 25 152 30 167 1 74 20 107 23 129
