2500 22 804 211 196 70 110 279 192 111 122 14 127 136 87 44 171 155 125 117 172 126 123 270 130 253 3 28 151 144 144 133 24 6 128 193 67 91 23 259 1 272 80 32 11 275 2
2501 22 703 65 199 119 89 276 93 210 5 97 112 133 199 7 28 32 130 233 11 74 99 1 197 9 154 192 33 223 195 107 125 59 57 95 199 284 139 209 40 36 20 272 186 79 151
2502 22 805 17 8 183 128 34 34 228 130 294 81 273 78 65 96 72 123 172 183 231 66 181 14 256 41 54 143 213 177 29 91 28 45 250 62 24 183 247 4 64 141 236 37 70 101
2503 22 930 284 42 275 55 24 58 172 156 171 27 97 76 170 9 105 98 51 84 294 100 197 18 283 144 21 146 136 56 134 157 8 17 98 35 271 173 292 142 129 114 269 77 242 90
2504 22 1026 37 146 87 87 281 32 86 29 149 20 72 21 218 159 177 51 216 136 168 65 270 90 238 61 84 118 227 104 146 68 293 182 265 131 268 145 262 53 173 163 297 183 90 7
2505 22 825 259 192 274 147 111 139 216 101 28 129 136 197 155 139 42 122 283 123 38 13 190 182 126 42 206 88 166 154 71 7 13 81 199 186 79 9 76 95 61 3 275 96 299 29
2506 22 777 186 92 202 68 14 139 32 3 272 110 197 129 114 35 19 21 247 52 71 132 230 179 60 76 192 114 250 39 265 30 25 156 83 44 70 173 28 124 96 89 220 125 237 134
2507 22 912 259 56 206 57 159 76 240 88 106 99 116 149 213 117 188 77 247 164 284 181 53 154 38 29 249 26 48 25 263 33 35 118 90 191 128 165 231 167 223 29 82 71 193 199
2508 22 821 158 21 197 173 105 77 132 109 182 69 37 83 195 37 259 157 269 194 126 111 36 105 227 66 271 149 247 153 120 191 3 29 12 151 254 16 279 85 76 161 5 13 95 151
2509 22 718 249 5 159 69 98 36 79 86 40 158 203 11 206 149 115 77 169 58 103 119 111 70 97 47 45 9 251 109 155 102 209 160 60 178 109 148 8 194 187 65 197 49 23 197
2510 22 612 63 199 188 83 8 190 101 18 11 50 64 108 10 167 16 165 268 125 176 179 154 184 226 113 30 165 113 52 74 128 202 62 210 10 3 163 27 14 143 73 73 9 289 28
2511 22 777 164 164 6 169 200 84 282 29 11 54 12 14 227 139 67 40 201 176 295 15 55 8 78 197 180 102 157 119 191 184 283 106 141 51 5 176 84 33 75 46 138 187 259 17
2512 22 577 77 26 56 129 53 50 43 59 109 120 55 40 22 11 211 164 46 145 69 87 295 74 62 31 58 37 276 96 275 87 12 51 64 119 132 168 169 74 27 129 81 121 119 44
2513 22 625 31 82 89 175 202 27 21 175 151 33 225 179 280 51 165 191 53 80 109 184 147 29 58 73 110 155 6 30 273 101 12 106 189 186 7 68 34 156 209 118 32 187 97 82
2514 22 813 3 139 34 34 299 70 180 28 27 105 189 33 110 70 205 110 181 10 150 66 68 17 223 101 224 83 218 155 21 166 288 23 204 74 108 103 43 40 282 21 144 122 53 105
2515 22 876 91 109 266 71 18 67 188 37 36 10 238 111 293 107 13 25 5 88 228 78 195 182 172 86 215 192 129 136 44 85 226 152 202 148 121 69 135 58 156 45 247 166 289 5
2516 22 826 183 153 229 188 140 109 17 87 142 189 72 9 232 153 244 176 189 22 79 191 221 100 211 156 209 66 52 7 283 192 163 166 144 144 105 184 104 73 122 45 113 145 53 145
2517 22 698 197 149 20 38 22 150 228 42 101 190 49 61 7 100 267 189 243 30 154 187 25 10 122 128 183 143 72 95 187 177 39 136 277 110 298 60 4 191 60 93 40 73 199 191
2518 22 779 139 87 134 120 93 172 44 2 171 84 87 95 279 73 223 17 160 99 179 84 248 138 187 190 249 31 81 21 29 72 12 168 157 31 60 28 127 161 272 149 145 58 43 175
2519 22 966 82 17 243 42 267 21 177 66 10 16 256 59 246 136 131 127 59 142 294 15 225 5 94 103 265 65 151 161 122 46 35 4 262 78 197 81 150 25 160 40 201 18 238 89
2520 22 815 300 116 47 142 61 14 118 165 107 120 129 24 122 42 97 167 76 52 81 5 248 61 255 25 58 14 116 159 283 53 247 182 120 45 175 80 44 44 217 115 225 40 137 166
2521 22 699 288 3 41 140 35 98 39 147 204 163 205 117 279 15 51 183 161 184 203 105 259 134 15 54 178 131 69 102 122 5 67 9 159 159 148 94 56 87 92 159 101 96 27 179
2522 22 918 210 29 162 122 213 16 79 23 249 93 276 78 23 44 279 96 248 197 4 159 256 52 104 163 90 195 74 90 243 52 269 152 281 182 26 93 49 4 115 49 196 190 227 70
2523 22 603 186 57 165 185 54 20 43 161 71 146 123 112 93 148 102 135 100 22 238 80 55 63 24 55 66 190 203 113 31 29 34 116 138 50 153 91 170 195 3 92 177 4 185 25
2524 22 944 57 71 276 178 208 7 284 171 182 138 288 71 40 53 101 21 138 69 58 188 221 100 9 67 54 100 259 130 255 95 106 11 165 81 240 73 239 23 295 120 112 182 190 152
2525 22 729 86 143 124 124 163 133 63 83 284 71 249 37 122 60 18 129 154 24 139 119 256 31 91 95 105 137 66 117 118 108 120 56 50 143 179 12 227 41 46 10 11 146 246 184
2526 22 742 5 163 12 159 138 3 229 194 85 171 40 189 207 5 157 176 112 76 31 113 270 9 176 196 201 121 105 63 19 2 147 23 65 158 233 102 213 47 196 83 86 37 241 43
2527 22 847 293 117 106 121 47 19 42 108 194 190 208 167 94 171 237 148 69 159 64 78 244 165 90 156 37 191 149 73 131 43 218 199 249 38 246 167 31 5 212 20 264 130 166 34
2528 22 944 66 113 254 177 176 32 72 92 21 79 255 9 169 56 282 152 298 199 250 46 188 47 264 170 251 176 290 67 5 155 100 123 19 6 199 194 37 70 137 9 144 17 299 50
2529 22 1001 272 196 200 21 294 187 220 157 57 70 132 98 188 189 4 188 11 22 145 161 267 181 282 3 289 81 246 157 201 144 207 72 292 6 285 145 64 193 53 85 125 102 173 65
2530 22 855 205 112 127 126 56 39 192 36 120 94 276 52 292 132 105 187 190 76 30 96 66 192 183 59 96 68 235 97 92 199 201 103 177 126 58 115 17 193 186 62 268 137 251 93
2531 22 874 92 141 169 73 188 40 239 179 275 197 274 194 231 22 285 81 222 87 157 147 44 23 115 188 108 128 107 196 85 157 89 28 249 9 100 36 48 38 66 22 86 139 267 116
2532 22 878 60 151 296 133 289 104 79 32 126 145 171 33 225 77 181 9 34 69 236 82 277 135 170 76 125 35 150 110 26 16 278 37 119 125 107 29 191 106 245 61 39 121 90 71
2533 22 641 229 75 239 116 208 167 250 177 42 126 12 91 36 137 59 13 173 177 37 94 35 117 94 77 123 190 90 113 10 179 183 38 53 73 153 160 139 154 232 32 100 75 67 188
2534 22 813 233 31 60 61 219 6 247 188 299 124 110 88 13 74 97 191 256 186 295 128 238 154 18 43 42 101 174 141 175 92 28 59 140 119 93 45 80 95 241 141 182 5 14 130
2535 22 884 195 21 115 141 200 4 194 17 246 136 269 72 128 44 163 108 2 37 99 173 181 95 90 112 289 82 4 122 86 17 251 32 89 165 272 88 168 17 256 165 204 124 36 132
2536 22 995 119 151 291 21 39 41 245 71 35 34 282 75 167 137 296 104 105 198 193 162 58 132 281 74 187 197 178 62 285 61 235 3 101 25 143 97 295 177 130 28 251 148 64 198
2537 22 807 51 68 295 185 112 108 194 43 140 67 281 136 96 42 20 56 122 6 58 174 30 52 70 76 180 151 155 182 298 18 179 100 137 125 236 100 32 29 42 171 296 74 207 43
2538 22 763 216 178 199 89 36 108 63 165 12 84 193 91 187 47 73 36 17 51 205 176 271 105 259 152 298 130 72 188 41 187 65 91 127 52 51 41 269 62 125 161 252 111 24 146
2539 22 955 275 27 33 180 254 4 136 112 155 33 41 153 204 180 145 42 297 36 121 148 186 61 116 47 185 76 250 47 235 126 245 161 52 177 140 57 32 127 268 86 160 161 290 15
2540 22 758 240 135 109 188 22 29 136 107 289 3 205 26 31 6 224 17 231 168 277 34 145 69 90 76 195 10 114 106 170 55 221 61 41 81 201 62 9 136 20 149 38 176 26 168
2541 22 801 182 150 84 64 117 113 250 13 281 91 189 127 200 154 33 21 208 105 34 149 85 34 10 45 21 82 193 10 57 71 230 190 220 65 154 88 177 55 101 109 245 141 136 197
2542 22 895 94 20 69 101 224 2 1 108 87 11 152 59 92 96 269 100 118 198 190 137 262 95 177 191 249 29 99 45 286 193 214 105 266 180 115 67 239 102 29 142 112 72 238 180
2543 22 801 71 155 277 60 144 191 106 172 181 6 100 31 51 120 69 43 133 125 256 150 205 71 116 143 24 44 285 35 15 74 215 86 80 143 97 175 255 146 165 160 197 48 162 168
2544 22 863 16 5 52 40 112 2 296 182 17 39 257 13 175 44 227 148 58 164 161 54 37 15 299 53 226 48 252 88 115 167 244 19 59 155 120 54 289 188 245 200 118 140 79 65
2545 22 815 197 42 244 101 54 197 89 20 247 93 146 146 45 33 113 63 228 131 173 182 202 27 22 89 170 119 241 188 158 119 4 7 160 147 159 166 195 147 185 42 91 130 139 135
2546 22 788 14 51 250 141 281 122 275 34 100 48 23 170 66 115 9 176 33 112 82 144 11 40 209 57 238 94 150 128 175 189 163 41 239 164 233 172 285 159 205 185 7 79 106 124
2547 22 907 293 14 99 177 177 80 21 39 119 181 196 56 126 145 136 153 33 198 24 113 277 95 197 36 251 133 242 130 190 165 222 3 164 51 232 95 71 70 266 103 65 173 229 62
2548 22 897 208 81 194 57 25 117 169 101 263 118 288 14 202 129 143 192 46 16 94 61 218 177 107 140 247 72 63 45 123 24 104 155 170 161 179 38 229 31 101 198 219 166 199 60
2549 22 884 91 196 127 136 256 45 13 115 84 111 186 26 125 182 48 1 254 170 298 32 107 78 115 159 76 133 24 75 283 135 165 79 162 152 286 6 164 200 289 126 267 151 119 66
2550 22 779 151 156 20 72 53 103 30 31 17 189 106 1 64 132 84 199 96 114 260 99 99 117 163 151 205 40 288 23 242 6 289 44 162 160 15 66 262 145 296 131 85 153 131 148
2551 22 792 84 166 246 31 79 57 230 30 173 44 180 30 35 67 104 177 24 92 120 185 203 135 165 31 198 195 15 3 77 62 238 43 160 69 168 150 154 93 45 33 222 179 251 125
2552 22 748 55 75 169 127 211 123 61 13 287 91 63 133 57 17 10 170 154 4 129 122 28 49 223 82 141 167 266 14 46 117 138 52 243 58 78 153 181 190 18 119 232 132 204 188
2553 22 893 48 165 258 1 68 38 223 147 186 97 28 178 164 94 191 161 262 81 112 104 190 190 108 22 131 125 41 163 256 96 50 155 260 59 79 49 230 125 126 105 264 189 298 6
2554 22 920 249 111 286 161 266 176 2 173 49 184 250 89 246 57 136 48 12 195 158 167 173 106 196 98 292 121 154 7 10 103 212 10 213 50 122 178 177 175 225 159 251 166 4 8
2555 22 887 201 103 219 96 261 185 220 18 132 69 161 52 222 167 213 124 131 75 36 132 96 65 8 171 267 32 29 117 297 184 176 98 239 94 245 199 30 164 68 161 233 129 65 6
2556 22 691 147 29 30 177 3 17 108 51 82 167 121 200 99 101 16 147 36 192 96 74 37 140 224 19 256 192 31 40 220 47 145 166 176 174 95 130 291 154 80 24 200 23 271 52
2557 22 931 290 17 188 33 265 161 270 56 137 88 11 128 170 150 99 17 147 164 192 120 10 173 62 116 253 37 204 59 158 108 149 26 295 181 207 2 46 43 241 108 222 11 110 120
2558 22 642 179 156 236 22 27 197 294 89 12 98 77 99 202 136 56 109 136 134 55 168 123 113 70 120 62 28 29 124 137 149 102 144 36 123 170 132 269 10 44 166 87 142 167 22
2559 22 719 50 27 209 135 33 176 57 146 297 129 153 11 108 81 34 144 281 188 139 116 162 8 48 130 18 91 148 56 84 14 229 185 293 37 119 25 64 128 122 61 8 174 223 115
2560 22 1021 155 156 110 187 195 48 203 157 255 150 238 24 92 85 179 127 151 59 164 195 295 182 271 59 261 93 171 68 66 93 134 72 100 143 159 47 190 161 197 62 272 53 229 51
2561 22 882 131 31 9 194 25 156 276 195 166 188 87 188 8 153 232 141 176 183 84 34 129 25 94 183 273 7 127 145 111 155 147 142 185 7 235 161 262 62 255 79 250 194 266 9
2562 22 859 298 97 149 73 32 184 207 60 61 52 143 133 259 121 277 69 127 23 10 163 30 97 23 143 258 29 222 7 122 39 267 119 188 116 292 119 151 50 78 11 1 172 244 111
2563 22 690 44 172 132 70 95 93 232 176 189 154 218 147 35 91 105 156 182 72 27 169 239 18 287 189 267 16 52 119 140 95 30 183 18 113 53 164 36 139 294 142 9 140 76 51
2564 22 927 244 31 132 67 257 52 5 26 290 194 44 106 145 163 297 191 144 131 208 8 283 124 212 171 162 5 112 22 187 25 40 169 108 6 178 160 163 3 49 156 299 106 152 113
2565 22 729 202 194 8 33 1 15 167 76 26 137 38 31 100 111 286 87 117 107 95 175 84 154 137 38 144 36 160 95 148 113 88 155 297 40 269 16 16 147 204 5 277 104 54 41
2566 22 818 154 23 247 148 197 182 153 85 120 6 228 7 265 174 55 178 113 61 126 52 282 41 19 128 245 75 56 200 94 61 40 47 83 187 246 31 98 115 239 3 146 68 67 52
2567 22 824 297 179 264 22 183 197 215 53 76 111 128 83 210 21 44 149 219 178 287 164 209 7 261 75 97 115 169 194 134 187 130 166 4 148 9 70 85 180 179 167 89 99 10 189
2568 22 860 17 40 128 32 200 34 244 74 82 59 194 76 292 81 124 74 46 36 229 145 145 198 196 129 129 175 195 17 225 157 57 94 184 77 95 169 221 20 251 79 66 78 122 146
2569 22 875 201 47 43 89 275 39 233 124 186 61 52 12 107 20 237 63 77 82 10 160 258 156 181 130 28 131 60 193 260 182 90 12 228 32 255 22 232 78 7 44 230 119 251 149
2570 22 903 7 13 25 188 75 37 297 130 217 27 257 199 286 1 58 119 190 121 147 73 21 101 194 4 278 1 148 59 219 198 208 25 162 84 264 88 20 60 218 36 238 26 86 24
2571 22 688 27 143 194 68 164 40 41 36 192 34 239 22 134 86 180 104 235 39 80 149 123 195 136 42 107 5 130 44 31 15 19 9 110 113 76 125 4 16 260 148 102 150 169 187
2572 22 810 88 200 91 22 239 122 222 161 69 158 254 75 162 183 218 144 50 89 104 59 253 180 183 56 47 94 255 148 143 123 135 30 275 177 4 113 198 125 25 166 34 178 192 196
2573 22 982 113 110 191 62 150 195 72 102 226 54 109 72 199 64 120 141 238 154 271 12 230 126 176 179 250 52 197 84 282 88 231 94 249 73 7 50 167 178 251 144 83 12 116 81
2574 22 707 175 35 73 164 240 95 76 21 120 3 151 22 255 199 105 36 187 87 81 187 11 187 37 130 216 139 50 150 188 82 174 54 165 149 67 137 69 88 241 75 86 197 62 124
2575 22 986 183 142 263 194 280 99 123 147 89 147 296 91 135 77 66 60 283 157 225 31 61 102 244 200 43 70 238 39 132 161 74 25 275 19 57 25 193 3 114 39 299 104 273 27
2576 22 858 221 133 109 78 9 91 100 69 193 95 169 187 165 106 125 48 118 98 72 193 268 128 160 83 282 199 233 37 23 59 58 107 220 35 115 10 186 36 254 181 156 140 197 113
2577 22 754 117 144 130 166 15 74 34 95 143 193 77 176 243 161 13 118 119 170 176 138 156 143 100 41 278 5 73 185 97 69 197 13 212 178 279 4 11 25 246 156 53 173 250 113
2578 22 851 185 119 231 106 195 21 213 189 172 6 266 28 78 102 124 47 98 136 10 175 66 140 278 28 264 175 135 116 148 185 128 84 155 111 142 101 183 154 89 154 111 6 133 89
2579 22 702 7 57 287 104 44 48 31 9 88 160 237 151 87 123 67 186 207 46 121 114 56 162 214 190 68 103 95 178 108 28 118 167 184 104 22 179 152 52 291 164 76 41 250 98
2580 22 728 159 187 157 57 107 22 264 121 235 154 188 89 48 117 97 75 15 110 90 136 241 93 88 180 283 103 207 24 4 4 234 90 12 90 148 133 54 168 20 159 155 8 106 24
2581 22 729 156 33 258 70 94 147 206 134 40 145 113 174 99 19 97 102 175 183 143 38 172 190 23 77 42 35 164 1 193 87 9 177 196 178 170 143 135 156 34 79 120 107 277 191
2582 22 1020 256 130 117 38 272 154 261 62 128 90 271 21 76 34 22 68 73 130 44 68 259 66 262 194 221 95 24 192 154 53 282 161 182 98 250 6 204 10 219 31 251 189 252 127
2583 22 736 74 25 46 46 106 190 114 164 107 75 209 179 122 133 170 27 285 104 187 118 1 136 123 4 97 141 287 148 281 190 55 14 119 100 171 160 65 34 118 192 195 96 13 27
2584 22 930 66 139 163 169 277 80 21 12 203 77 260 95 263 7 276 4 132 30 17 3 281 87 14 46 172 32 237 166 27 101 244 144 91 106 164 67 238 185 230 92 161 89 186 75
2585 22 767 196 113 178 79 242 46 133 175 184 147 72 107 278 8 173 56 60 168 252 50 26 15 216 163 299 145 154 11 33 191 85 80 4 114 111 197 259 143 23 194 89 94 1 18
2586 22 865 153 125 226 112 92 177 61 117 291 28 131 142 224 36 252 109 179 189 40 34 102 50 230 13 93 105 58 81 98 58 51 51 282 76 162 26 152 75 294 194 54 125 235 130
2587 22 796 212 39 90 90 27 129 23 80 279 105 44 123 9 2 55 6 211 5 108 193 132 122 70 35 296 63 229 1 239 115 130 3 153 71 292 131 100 167 111 130 123 6 252 31
2588 22 735 59 6 288 170 163 148 214 194 169 83 29 16 97 9 16 188 223 98 42 28 168 185 58 167 151 120 148 125 126 99 155 84 157 95 205 19 118 12 262 152 92 77 1 200
2589 22 802 192 188 23 141 129 150 9 65 259 27 116 179 227 140 4 125 47 139 181 93 144 199 86 13 263 147 165 154 223 165 154 66 228 159 184 129 67 48 87 45 265 71 155 20
2590 22 929 148 153 11 80 297 54 279 34 218 193 180 182 46 154 246 99 71 49 178 129 132 6 247 32 93 144 109 166 200 129 113 104 139 193 252 44 223 85 261 15 16 195 260 169
2591 22 895 40 11 292 141 88 20 224 94 119 155 238 62 1 146 227 152 226 140 208 16 284 59 159 106 244 72 172 159 266 31 180 157 93 171 149 81 42 125 26 60 131 163 173 183
2592 22 880 60 100 187 86 191 94 101 26 4 112 131 199 235 2 10 152 184 189 277 111 261 57 204 185 234 16 267 48 288 150 7 139 88 144 29 33 197 154 236 108 136 135 194 189
2593 22 883 296 97 73 184 256 101 46 16 9 49 52 42 116 71 189 104 220 147 242 159 291 123 187 28 226 146 216 12 39 4 207 187 228 142 80 139 210 88 188 13 81 3 83 169
2594 22 727 158 54 216 52 112 158 174 2 144 153 80 141 168 43 131 124 2 17 3 143 110 183 82 19 222 21 84 103 75 66 271 33 220 138 136 83 195 9 185 90 13 116 130 33
2595 22 707 58 60 256 159 128 110 254 138 144 135 8 66 107 91 68 81 257 38 165 28 28 100 10 174 60 146 116 173 261 45 57 171 64 129 136 173 82 173 217 68 81 82 274 171
2596 22 693 49 7 179 38 71 106 217 123 168 91 234 113 58 106 126 54 62 96 10 125 76 146 250 110 270 18 77 150 199 103 273 99 61 103 188 83 9 157 5 128 99 139 92 56
2597 22 1028 296 69 209 10 164 171 286 92 168 135 201 137 204 129 239 154 183 111 152 43 113 92 126 173 248 82 98 20 244 53 264 161 277 28 131 14 171 198 1 71 187 4 151 125
2598 22 631 58 134 87 161 276 151 52 53 176 51 35 127 148 154 22 52 73 186 13 49 165 95 63 35 245 163 157 131 18 159 7 75 92 193 36 20 43 87 272 18 190 6 297 89
2599 22 878 212 18 241 184 55 153 85 119 199 199 5 43 13 161 25 30 220 131 105 163 123 140 182 18 278 6 187 19 263 83 8 26 253 200 262 7 252 98 202 96 282 145 60 95
2600 22 840 121 189 166 152 245 128 26 136 162 195 114 19 182 84 81 16 143 159 120 142 20 179 145 17 208 147 164 189 223 35 263 163 8 80 192 143 141 186 259 119 92 91 287 34
2601 22 889 149 58 76 120 88 20 36 195 266 151 236 160 173 170 123 136 122 188 295 1 179 37 293 117 145 51 287 88 93 25 221 142 183 48 161 70 20 149 17 137 199 152 197 24
2602 22 775 73 119 111 194 58 5 294 37 241 86 105 37 288 91 124 133 116 197 126 150 196 38 71 15 286 187 252 37 38 200 60 163 270 170 56 127 26 102 15 166 139 19 155 27
2603 22 866 262 78 11 177 126 136 178 22 173 48 288 111 35 91 147 124 190 158 286 111 179 194 238 4 195 152 221 33 123 75 211 184 105 121 212 82 56 189 3 181 36 43 191 22
2604 22 803 33 189 298 175 98 135 185 176 128 74 231 22 126 3 107 148 30 17 83 134 290 194 115 97 82 70 77 17 212 167 291 196 55 88 270 4 22 7 179 150 80 61 223 57
2605 22 770 64 81 256 93 150 38 278 139 31 144 235 12 13 112 281 76 30 171 24 137 10 145 40 31 251 71 232 183 131 55 39 146 287 195 38 136 32 15 274 15 159 61 226 123
2606 22 809 272 158 251 153 280 174 189 89 18 181 20 21 103 181 157 193 27 144 239 116 279 171 183 105 137 193 265 114 67 88 72 17 40 151 42 81 92 60 261 111 132 63 113 34
2607 22 868 95 122 178 73 217 117 289 95 139 23 251 175 15 67 88 81 254 111 98 146 14 191 78 5 250 190 267 33 52 179 66 198 152 196 71 68 112 59 281 65 276 47 232 115
2608 22 900 127 37 26 176 34 39 167 63 143 168 252 109 1 55 239 18 253 91 165 75 158 76 133 72 277 165 189 4 263 172 119 41 108 144 169 94 234 87 56 176 254 160 236 6
2609 22 692 114 26 176 18 16 140 192 26 76 97 44 92 37 148 254 108 218 95 68 113 263 161 46 149 173 154 127 160 112 41 85 87 110 101 26 102 78 193 77 174 189 121 288 174
2610 22 848 170 5 220 37 17 34 249 162 34 17 286 88 143 45 199 83 229 85 245 81 262 146 158 7 74 84 295 94 46 82 20 115 186 39 204 154 173 52 67 6 52 45 63 196
2611 22 856 243 97 124 79 141 105 193 86 114 99 212 97 293 105 242 74 209 111 63 164 164 187 67 82 244 187 33 189 101 28 231 97 103 62 138 59 54 75 173 4 186 169 96 143
2612 22 829 63 21 166 23 83 180 238 98 266 56 279 110 42 11 250 42 232 91 92 93 28 51 198 154 23 1 240 43 148 182 257 168 199 131 102 179 20 99 196 76 77 157 117 87
2613 22 665 106 111 76 38 201 68 182 80 18 80 33 192 132 24 286 180 5 95 299 156 77 101 134 197 199 181 172 28 238 140 114 95 102 142 2 9 14 33 178 45 66 21 28 89
2614 22 883 58 159 146 52 101 29 210 86 277 60 66 48 187 155 239 153 150 141 294 133 94 54 98 127 83 94 244 103 22 32 212 80 229 64 189 29 144 150 120 162 132 19 238 157
2615 22 893 52 39 297 197 172 191 250 21 269 132 15 12 186 36 295 198 167 24 113 108 4 8 9 70 127 170 253 45 70 142 153 121 81 50 270 152 292 119 272 12 3 38 223 140
2616 22 770 125 17 89 92 192 53 151 196 260 159 17 86 229 121 282 50 262 187 170 194 88 39 97 131 110 21 142 64 158 164 155 83 32 44 26 124 196 76 171 108 86 39 45 66
2617 22 891 259 179 115 172 265 85 66 152 175 62 182 136 282 23 251 92 138 106 174 69 101 51 144 148 178 166 255 63 4 200 29 114 130 43 286 94 179 3 145 106 16 78 193 50
2618 22 812 152 144 241 189 249 66 209 101 116 105 148 193 170 103 7 74 154 87 239 183 230 24 128 160 78 24 17 194 101 10 195 104 53 135 292 153 52 52 153 19 56 52 211 178
2619 22 711 206 169 203 159 56 141 93 137 117 72 248 94 295 65 39 147 174 33 150 178 119 93 82 70 145 86 88 52 37 50 229 43 71 31 53 26 24 198 214 40 169 161 33 164
2620 22 814 125 124 62 50 56 112 79 27 104 60 148 100 145 136 252 34 37 132 176 59 115 180 36 38 177 149 277 46 162 161 261 38 184 22 88 192 285 18 218 89 130 65 140 126
2621 22 835 52 91 259 41 75 186 299 89 166 135 78 142 35 106 139 96 151 134 102 73 73 93 209 142 62 197 171 126 189 97 230 179 155 22 105 41 120 145 258 6 122 99 293 127
2622 22 728 190 88 145 40 173 46 264 97 90 173 39 151 221 161 28 9 157 57 140 64 78 44 156 150 41 165 207 162 163 99 141 4 139 137 144 63 34 107 60 23 31 150 273 152
2623 22 857 162 200 60 71 9 99 134 38 195 141 87 35 205 94 148 119 244 188 223 82 76 118 145 9 224 56 231 55 157 155 258 18 255 117 88 115 268 173 152 62 13 139 96 169
2624 22 994 284 43 140 127 283 114 61 58 231 105 167 6 212 49 68 4 169 85 110 86 173 24 153 145 275 66 210 65 161 130 103 169 227 137 182 39 195 112 295 13 18 6 261 81
2625 22 755 25 64 150 109 173 87 33 196 291 130 23 156 139 187 268 20 39 22 189 17 259 70 55 105 234 149 17 3 6 129 283 130 93 84 138 117 270 23 65 12 152 187 119 42
2626 22 640 125 186 161 15 208 49 231 166 171 85 70 156 33 138 210 90 166 192 119 10 128 9 27 149 143 161 134 81 279 175 157 65 35 172 24 36 2 189 58 87 10 13 71 99
2627 22 798 122 161 64 65 279 126 192 187 152 41 269 194 253 102 26 31 276 182 47 63 70 98 255 10 7 193 71 119 63 69 92 23 85 8 254 110 100 92 113 92 261 58 144 114
2628 22 722 183 26 90 64 173 4 69 142 153 75 252 159 67 74 77 129 43 20 104 79 127 9 140 78 100 52 169 112 161 164 226 143 190 167 158 14 270 78 55 174 52 58 32 18
2629 22 996 132 160 299 26 79 2 156 5 262 195 235 13 298 155 277 58 219 54 252 60 72 109 273 141 87 179 214 138 189 197 8 72 6 97 234 159 204 90 120 50 124 84 247 31
2630 22 865 260 104 249 13 107 160 284 115 132 76 53 162 41 143 150 137 2 21 192 7 217 177 165 172 119 36 121 94 19 67 24 31 222 72 243 128 183 179 295 14 106 199 276 147
2631 22 959 93 77 235 94 98 79 152 166 55 16 238 25 103 158 219 74 177 42 204 50 266 98 230 48 228 76 214 34 126 141 232 119 117 166 64 114 96 16 280 3 283 169 127 186
2632 22 918 78 145 259 54 287 114 156 4 163 137 151 191 112 64 124 37 56 107 207 173 272 71 138 20 186 117 22 68 85 48 5 115 245 15 168 83 228 175 286 91 211 136 233 122
2633 22 811 252 56 11 107 162 17 231 185 239 69 4 124 237 177 44 174 277 148 288 121 63 7 203 42 34 88 184 44 75 116 18 126 223 180 85 36 296 167 21 35 187 176 110 124
2634 22 835 205 53 249 81 253 88 101 115 246 155 108 179 242 192 275 16 107 92 94 30 123 78 165 18 244 37 104 183 65 66 6 21 118 106 201 70 45 53 136 190 21 200 235 95
2635 22 833 115 93 38 60 174 160 189 91 29 85 27 85 67 43 150 124 163 19 129 115 89 125 167 176 266 173 219 186 124 5 32 139 298 169 250 171 280 39 261 161 23 140 245 189
2636 22 900 234 194 212 149 164 92 263 52 16 30 280 81 154 150 19 78 155 50 268 4 171 117 74 50 107 187 210 29 178 6 269 11 51 32 259 115 75 22 218 90 103 97 123 108
2637 22 963 147 93 285 153 242 152 256 112 221 81 14 127 167 75 208 144 181 28 207 183 160 17 197 134 190 15 76 192 63 50 261 142 36 13 135 140 268 147 260 49 12 38 267 38
2638 22 951 297 163 270 125 269 53 136 37 149 21 127 115 248 170 130 197 169 190 90 57 155 125 296 122 223 155 222 34 44 141 271 41 3 141 17 123 245 52 259 93 24 185 160 172
2639 22 775 255 89 168 175 130 10 131 184 234 26 158 156 132 179 141 28 19 163 268 173 155 136 95 199 187 54 244 10 190 3 181 144 143 101 71 24 110 101 8 195 79 65 2 162
2640 22 674 295 42 189 66 4 8 190 11 243 85 9 81 90 4 91 79 158 23 175 200 245 176 36 97 83 130 275 199 131 89 45 24 177 162 80 85 52 190 27 188 50 60 54 150
2641 22 691 155 111 124 81 263 151 25 38 86 174 120 16 170 198 288 66 122 65 128 1 1 179 242 79 266 91 38 194 44 39 100 107 181 169 13 57 6 150 230 177 117 130 46 115
2642 22 797 217 163 88 133 190 40 185 120 281 64 137 23 1 30 119 192 130 125 206 62 145 18 18 50 78 36 229 75 150 97 237 189 82 27 28 166 246 160 135 134 282 164 4 125
2643 22 669 45 180 130 106 24 199 176 25 217 75 2 152 155 76 53 103 113 41 236 91 120 2 231 182 122 65 215 86 68 39 82 148 20 140 23 18 115 148 35 141 249 86 247 25
2644 22 877 291 1 237 131 37 27 203 190 214 33 223 88 249 190 125 169 28 6 68 200 197 190 217 163 251 103 286 189 101 62 231 154 150 161 42 128 215 83 93 48 5 180 48 194
2645 22 784 4 16 274 62 183 173 158 73 41 121 61 44 75 46 232 176 259 62 181 8 174 22 235 189 28 188 60 159 254 63 103 179 224 85 81 109 143 153 70 86 128 67 169 55
2646 22 880 126 82 235 85 256 108 220 196 211 199 35 22 257 169 27 171 71 5 194 8 159 127 116 102 131 137 239 158 104 8 12 81 189 146 265 96 205 184 43 167 234 177 191 98
2647 22 868 215 61 220 172 107 27 130 185 195 131 15 31 122 125 234 29 36 114 169 34 179 165 238 14 105 148 184 193 290 81 259 2 252 130 60 79 112 196 173 194 63 3 115 87
2648 22 966 289 43 174 54 212 7 184 28 197 50 134 153 97 169 138 1 55 139 53 137 151 131 148 146 255 41 208 9 256 146 49 50 220 3 261 78 238 188 126 87 178 83 242 74
2649 22 737 272 143 81 111 95 17 161 77 16 158 131 56 18 91 163 163 240 113 34 194 225 112 231 165 37 118 138 67 52 31 292 124 173 172 86 119 298 147 7 155 129 163 72 120
2650 22 977 77 87 259 41 220 152 266 183 234 30 272 51 119 138 203 149 229 78 122 153 63 192 292 60 139 199 166 167 213 90 286 41 176 196 82 95 299 147 30 33 28 101 135 46
2651 22 855 238 37 94 18 66 67 270 128 159 14 239 149 64 105 67 76 53 68 269 100 149 15 151 47 144 183 274 96 217 19 133 6 265 151 71 31 20 151 141 85 189 189 148 145
2652 22 912 256 123 190 160 243 10 211 91 25 161 38 20 143 111 116 112 182 200 169 46 102 91 76 174 241 117 258 82 157 106 278 64 280 68 223 122 77 34 65 53 194 102 125 89
2653 22 826 164 92 252 45 291 20 242 145 110 118 18 103 286 127 36 194 132 65 58 164 232 32 85 161 165 49 213 11 2 189 251 18 80 2 262 123 73 56 267 82 25 136 62 62
2654 22 815 123 55 246 88 64 9 119 96 245 131 12 94 144 122 147 84 124 164 25 178 238 97 85 56 31 109 291 18 170 4 241 176 49 128 240 57 298 135 102 181 46 147 220 45
2655 22 961 159 43 209 122 68 138 216 122 166 146 230 156 116 151 260 156 26 160 235 165 217 84 299 70 264 97 16 139 212 98 58 172 271 177 182 193 82 47 90 163 255 5 213 66
2656 22 923 12 191 25 98 255 193 282 6 62 197 102 29 188 117 41 185 226 12 207 103 173 188 195 54 135 184 69 141 241 81 106 52 271 30 250 178 175 83 283 36 279 36 117 166
2657 22 797 252 9 102 77 120 9 31 44 148 25 50 134 261 18 174 101 150 79 152 121 161 53 35 135 132 22 166 67 138 131 270 46 185 198 218 193 229 61 40 105 10 26 165 79
2658 22 712 299 117 29 178 21 1 190 73 50 24 60 33 297 125 199 35 7 20 232 191 169 1 135 49 214 27 54 75 52 170 154 150 139 82 79 59 82 68 83 131 243 194 63 192
2659 22 796 118 13 178 125 284 9 67 152 62 2 53 175 128 58 249 31 127 154 280 17 35 11 175 68 130 110 50 73 203 64 116 173 176 193 211 153 15 115 214 68 167 40 147 124
2660 22 971 189 77 202 194 57 119 129 67 145 96 296 6 98 120 161 61 235 33 279 33 99 32 247 13 97 15 131 137 61 106 277 138 108 170 246 78 250 164 274 46 211 180 95 131
2661 22 752 40 55 17 24 243 96 256 42 179 154 6 175 220 189 11 133 146 87 170 53 109 167 82 158 30 56 55 92 287 149 22 178 204 191 153 146 138 8 239 116 113 97 290 33
2662 22 755 237 153 65 82 39 186 87 199 152 120 257 33 27 111 224 113 160 98 142 15 88 194 12 77 153 3 292 66 51 81 298 87 85 62 120 24 47 6 74 150 178 130 234 4
2663 22 768 41 9 217 52 206 110 66 145 104 177 21 56 79 164 221 181 45 18 167 29 31 139 4 29 296 178 78 173 159 63 77 51 272 45 202 129 154 119 274 57 96 46 265 26
2664 22 801 110 185 107 6 155 25 86 137 115 142 66 11 271 95 283 129 258 111 80 181 33 109 9 152 234 117 147 180 281 24 141 118 282 98 72 159 183 8 173 24 73 83 46 20
2665 22 829 18 175 277 128 6 109 283 138 217 143 141 151 59 39 182 192 163 174 9 196 171 180 53 139 179 129 264 13 226 83 282 52 11 62 157 119 196 47 287 38 87 189 48 126
2666 22 825 70 39 40 195 147 87 65 78 293 170 117 123 298 32 187 175 114 69 127 76 30 183 194 25 281 32 214 20 121 61 297 42 152 36 137 198 74 101 28 66 196 140 119 27
2667 22 813 227 94 140 95 220 167 176 54 260 200 287 143 13 6 63 25 102 5 189 41 226 114 41 53 80 163 148 119 281 26 45 126 117 191 97 83 66 3 142 117 89 136 246 99
2668 22 602 6 199 203 133 287 143 158 152 135 162 131 197 61 2 30 186 98 107 102 41 4 184 106 177 75 46 13 107 191 163 164 189 165 97 27 159 78 193 220 61 142 80 14 171
2669 22 684 18 111 129 71 203 132 207 61 289 135 187 186 147 193 176 9 157 164 25 5 242 183 10 120 76 81 32 69 13 145 191 82 19 152 110 103 158 170 243 93 56 29 48 4
2670 22 689 52 156 20 76 260 61 59 122 32 186 54 63 154 66 107 196 147 14 114 51 123 116 8 44 259 52 151 187 243 50 42 146 206 61 121 117 74 31 290 5 168 144 73 9
2671 22 821 26 168 8 191 282 158 213 49 217 108 7 169 158 145 263 8 287 8 13 99 180 81 172 11 271 129 30 14 196 103 174 173 270 81 64 3 90 28 52 107 36 10 275 93
2672 22 769 107 89 52 145 296 16 243 75 97 167 37 167 195 167 132 42 169 57 114 90 290 177 193 79 257 96 85 92 157 11 236 163 99 188 159 146 103 102 21 51 20 57 17 114
2673 22 847 175 100 55 43 257 120 285 198 149 129 76 5 224 13 96 32 75 183 147 26 70 5 71 125 158 143 177 152 244 142 126 43 248 169 151 168 205 148 16 133 276 172 108 140
2674 22 803 267 139 14 1 137 139 171 42 62 95 51 4 269 80 155 164 121 81 107 69 201 109 288 5 209 155 237 184 226 44 123 144 34 188 44 171 179 114 64 140 60 166 195 181
2675 22 687 145 2 44 18 82 102 86 34 211 25 138 19 179 126 54 104 221 28 47 54 167 190 176 45 56 91 36 15 157 183 247 53 84 91 70 65 244 155 250 154 31 87 24 109
2676 22 717 212 29 12 132 108 10 137 175 252 65 71 7 55 59 173 163 141 120 16 24 162 85 140 105 292 89 11 122 227 86 283 138 215 146 21 74 156 109 48 107 25 171 113 80
2677 22 677 29 37 94 69 156 9 144 69 246 83 174 189 123 136 10 49 21 44 186 87 90 158 61 145 218 160 51 143 82 115 74 110 251 167 278 59 28 173 227 173 155 52 13 177
2678 22 960 87 22 25 160 66 162 198 7 271 110 151 41 222 153 183 103 219 108 113 121 174 142 131 153 15 58 277 121 261 189 100 163 274 111 180 188 208 186 258 18 288 98 139 40
2679 22 778 132 141 210 139 5 130 65 47 261 117 213 70 294 33 30 134 181 96 56 191 27 143 99 12 52 68 250 58 90 33 150 99 272 55 129 88 53 89 104 165 149 197 291 35
2680 22 802 179 72 30 34 62 157 28 112 220 79 31 19 80 188 108 113 190 7 236 144 287 123 148 27 178 64 36 179 260 126 13 90 249 94 175 11 202 2 274 122 33 157 192 112
2681 22 788 44 199 76 33 157 163 28 143 85 27 21 115 90 56 93 102 134 57 291 82 250 18 144 152 171 118 273 3 174 164 67 169 214 42 254 23 205 33 17 41 260 38 107 101
2682 22 832 93 199 202 26 107 145 8 157 214 151 208 84 20 132 287 45 147 153 60 146 219 134 251 51 295 162 288 1 115 132 52 168 110 158 64 169 277 71 173 61 91 104 47 87
2683 22 867 250 51 52 62 96 170 47 50 273 197 44 186 36 144 100 168 195 120 29 5 283 197 18 160 267 43 20 109 46 118 196 48 299 61 167 169 207 116 293 4 259 130 291 155
2684 22 821 182 158 101 1 186 5 83 134 275 142 153 117 113 61 14 30 208 61 1 7 273 168 227 80 271 35 94 200 177 48 181 135 48 33 272 5 116 158 279 109 10 195 22 170
2685 22 726 260 3 230 173 4 88 45 23 166 76 57 36 162 150 187 39 149 20 125 149 152 148 253 19 5 31 228 166 177 101 88 88 3 17 58 56 280 21 32 37 8 146 238 146
2686 22 810 284 87 65 60 35 169 59 139 39 64 21 66 129 49 18 116 136 21 96 130 239 52 162 111 235 98 118 80 187 16 215 73 180 74 200 33 149 39 248 69 256 28 169 174
2687 22 779 96 5 46 131 152 75 70 155 88 132 289 137 102 169 224 17 135 148 148 9 59 48 93 107 38 192 128 93 271 196 18 66 52 163 197 103 290 18 257 77 249 98 114 102
2688 22 834 166 89 18 200 36 66 260 194 265 104 53 102 247 132 46 18 227 164 283 79 126 31 233 67 248 142 244 149 239 109 50 56 197 120 207 184 37 167 78 1 22 182 54 69
2689 22 808 113 199 186 191 214 120 121 192 151 154 258 150 47 153 150 85 61 52 140 9 71 146 293 59 264 122 159 38 3 112 6 167 62 143 257 176 162 130 67 164 183 176 266 81
2690 22 789 29 115 265 141 118 56 150 88 253 94 46 169 15 156 6 69 219 63 235 33 5 143 60 18 72 126 34 106 299 186 281 113 2 74 283 109 23 70 214 116 268 182 282 75
2691 22 674 187 150 194 49 36 126 5 78 285 174 102 162 7 159 166 105 197 99 170 150 72 152 159 194 73 72 61 92 42 167 191 91 12 191 178 89 247 7 25 120 8 38 279 19
2692 22 1161 103 35 115 101 256 64 72 59 274 17 284 97 277 75 101 170 193 43 212 156 285 189 244 131 296 120 203 103 257 133 273 112 267 187 164 123 288 181 228 156 64 77 191 177
2693 22 732 54 135 272 166 91 156 34 39 49 6 141 4 114 173 76 177 215 141 65 169 180 146 148 35 261 24 119 3 101 125 38 172 190 28 79 195 213 117 96 70 209 51 184 81
2694 22 825 78 160 124 92 52 88 212 131 85 160 118 198 283 136 135 60 89 58 101 116 37 96 181 53 243 50 262 193 185 194 270 145 169 114 96 157 225 79 141 36 196 138 19 83
2695 22 883 290 153 95 178 163 195 46 99 42 26 3 136 227 16 228 12 62 198 208 30 211 55 286 187 133 79 223 80 116 193 263 57 197 9 235 59 55 32 257 149 9 12 184 35
2696 22 775 79 12 98 140 61 105 70 23 60 107 261 44 285 183 76 153 175 38 9 72 198 195 130 152 26 39 100 34 202 184 21 180 147 18 120 59 241 81 286 147 281 84 176 56
2697 22 845 236 150 145 196 173 42 291 55 294 16 245 45 102 46 180 22 125 78 296 136 165 136 68 2 35 9 183 118 238 105 37 83 100 10 124 90 16 69 158 60 14 59 157 45
2698 22 551 132 81 23 22 29 58 39 64 126 40 50 186 122 167 121 60 157 142 123 118 17 164 133 86 144 151 131 200 195 62 281 117 84 9 27 74 24 104 113 26 89 135 44 161
2699 22 983 294 167 117 87 189 35 203 4 119 188 77 63 90 7 262 85 169 94 253 104 54 31 177 30 234 41 255 174 275 198 34 120 64 51 206 4 137 109 208 107 248 184 269 138
2700 22 977 242 31 22 162 276 126 217 130 57 145 159 42 186 13 116 160 110 149 232 126 299 37 229 187 245 88 194 193 223 62 230 117 144 103 78 72 80 95 201 136 191 159 178 176
2701 22 905 223 193 288 84 193 119 9 92 55 90 130 52 229 123 296 152 237 77 120 132 279 97 3 158 243 155 246 134 65 175 261 187 167 100 71 59 270 79 2 77 184 128 49 158
2702 22 815 123 152 246 199 71 178 129 19 132 38 14 39 183 199 203 57 159 90 275 111 12 186 180 190 139 156 262 122 83 110 280 157 261 125 107 183 54 35 101 138 173 114 76 107
2703 22 736 12 78 164 123 167 90 133 78 275 64 20 114 33 35 154 142 166 163 54 191 269 88 144 56 40 181 180 154 156 138 217 186 253 91 52 143 75 182 117 139 53 82 210 185
2704 22 1029 169 163 178 134 277 31 124 98 170 120 253 109 152 184 114 160 221 31 245 174 273 48 68 148 81 84 238 85 218 147 269 186 261 98 119 138 180 195 235 149 14 139 258 117
2705 22 660 174 71 28 146 153 124 71 126 124 138 225 104 74 14 141 91 112 161 76 172 59 194 61 138 188 47 287 53 285 96 222 10 66 101 56 19 25 26 96 148 16 72 103 89
2706 22 827 285 143 79 196 104 54 219 114 99 180 151 139 78 89 291 115 184 64 24 102 265 79 272 189 257 119 188 172 190 42 60 26 37 190 73 192 95 91 105 193 22 155 231 200
2707 22 788 196 74 214 131 237 37 132 101 68 103 241 76 273 128 47 162 170 58 87 58 99 159 149 193 202 153 85 23 259 68 22 54 41 87 37 77 224 168 230 143 23 170 118 195
2708 22 897 50 16 209 171 125 47 228 23 258 76 167 159 28 151 133 38 70 107 244 110 193 180 139 68 147 20 210 121 41 179 268 190 294 176 112 170 274 139 92 131 166 158 141 145
2709 22 983 261 174 283 182 180 26 192 24 205 182 292 103 253 53 24 93 32 91 83 177 218 194 247 191 285 90 174 50 48 114 147 60 287 129 141 118 106 84 94 62 217 185 164 169
2710 22 937 89 139 162 20 281 96 249 198 241 95 141 125 284 14 127 183 27 25 142 166 153 35 35 10 118 128 71 135 264 34 203 53 225 164 224 105 111 172 155 52 295 128 154 160
2711 22 990 206 136 138 30 130 155 134 164 290 95 281 69 265 15 133 151 270 185 175 185 160 179 196 132 233 47 201 179 26 54 38 84 176 113 119 82 99 82 171 93 262 140 258 129
2712 22 986 172 160 298 8 134 182 267 12 29 50 197 127 251 175 53 4 265 136 45 40 163 73 150 96 244 43 210 35 152 90 258 11 287 65 120 183 207 149 185 3 227 87 30 31
2713 22 869 242 194 66 187 185 118 201 57 19 97 200 61 58 34 64 147 243 26 85 59 221 4 142 28 104 178 282 83 264 111 113 105 4 31 188 148 144 145 292 96 279 101 82 194
2714 22 789 147 124 20 31 83 192 186 176 119 42 105 153 124 168 163 36 24 119 166 19 158 165 214 54 257 150 113 157 283 158 203 58 29 185 140 121 122 167 191 115 271 43 38 190
2715 22 780 258 26 166 176 243 184 85 160 97 139 94 53 40 158 161 22 215 163 131 44 299 23 264 20 189 54 35 12 197 124 1 106 201 118 81 144 101 165 155 49 55 48 53 94
2716 22 978 205 13 167 71 27 98 114 177 20 29 249 60 283 83 171 131 158 24 136 59 141 68 254 194 132 160 294 39 159 199 32 115 63 151 285 90 248 51 218 119 279 166 278 161
2717 22 789 200 49 191 158 124 78 168 116 45 73 9 129 32 55 167 142 153 50 56 15 40 56 147 90 274 165 169 191 195 81 91 143 148 118 201 67 233 98 239 142 226 122 48 144
2718 22 875 263 152 93 70 218 193 109 174 191 151 299 108 271 189 2 151 31 96 26 78 13 27 296 45 224 186 238 101 7 37 44 121 288 188 90 106 232 51 231 123 53 181 282 23
2719 22 837 169 135 225 100 130 151 129 42 229 25 138 4 162 128 104 69 164 99 241 152 86 83 57 170 85 87 244 37 267 25 211 187 259 87 88 37 19 181 117 95 170 120 56 97
2720 22 846 175 76 161 73 217 164 211 51 172 80 135 10 223 123 228 99 233 14 157 19 4 196 8 74 28 124 268 49 196 175 246 170 51 158 195 19 221 105 69 44 136 155 53 10
2721 22 846 277 80 8 161 145 116 131 48 263 138 273 190 14 40 238 9 15 135 30 17 144 124 135 116 80 55 259 115 261 11 24 37 290 183 249 87 298 79 34 160 217 7 1 182
2722 22 1032 298 91 242 164 225 71 180 21 195 166 236 126 20 95 241 180 257 116 268 99 99 116 185 196 295 70 108 163 28 8 296 26 98 37 89 75 259 121 247 53 86 182 179 58
2723 22 838 128 171 189 85 186 109 135 184 176 119 132 122 288 39 236 16 98 131 93 48 219 133 74 178 253 120 30 91 260 100 81 82 240 117 120 148 51 55 24 169 286 197 56 176
2724 22 944 233 123 126 163 215 173 134 48 198 11 152 117 92 94 169 104 293 1 285 33 217 104 132 167 259 7 87 96 204 195 24 188 17 149 102 184 273 135 183 70 245 34 138 137
2725 22 717 80 58 140 72 111 176 56 127 280 140 46 190 146 84 285 101 78 108 288 147 208 190 130 80 76 64 101 21 97 38 109 176 48 148 158 123 55 136 154 194 33 143 192 17
2726 22 832 128 192 294 87 32 40 95 173 21 126 248 184 127 20 233 16 160 15 75 159 72 150 266 160 155 111 92 198 254 108 177 98 54 15 29 193 209 101 287 100 101 13 220 33
2727 22 780 280 47 245 195 174 103 18 175 120 177 29 83 221 26 188 128 254 85 281 169 213 26 165 43 15 117 43 179 36 28 159 34 72 105 7 26 122 33 46 51 262 80 171 87
2728 22 721 167 150 293 152 183 161 16 160 89 133 102 156 49 196 34 36 23 44 269 194 48 128 20 22 260 17 224 21 148 46 14 195 4 17 229 164 185 88 204 169 189 59 137 145
2729 22 941 104 59 88 24 5 88 203 24 161 15 192 36 187 191 281 198 156 27 201 73 256 164 209 43 220 77 284 30 45 120 174 200 278 114 75 182 253 78 57 13 248 30 90 80
2730 22 765 28 146 6 28 270 61 244 78 4 163 39 144 102 58 118 101 187 183 127 121 135 104 29 147 47 81 246 177 170 25 256 67 282 183 136 143 178 65 298 192 122 136 36 23
2731 22 864 245 53 275 83 35 102 155 121 257 184 219 56 264 164 284 185 140 139 52 21 173 39 115 151 56 112 194 177 199 29 152 95 133 178 78 19 31 132 139 140 167 157 95 82
2732 22 1004 272 130 67 11 120 118 284 92 108 98 94 163 262 88 92 112 216 195 107 101 172 136 19 155 167 58 294 86 266 40 267 38 269 33 100 188 202 135 131 10 285 25 224 146
2733 22 794 264 167 157 131 61 63 31 85 198 150 239 17 259 132 254 76 71 20 265 91 5 65 178 58 251 108 19 135 284 143 180 147 9 89 122 151 260 106 1 9 44 69 27 74
2734 22 1038 295 149 145 11 239 49 75 116 107 26 175 125 260 11 119 192 209 80 280 186 1 182 98 158 134 6 253 54 177 31 227 23 179 172 233 17 272 60 284 30 137 58 255 148
2735 22 857 120 125 39 129 4 170 166 56 204 63 265 137 121 17 143 97 247 69 271 25 192 55 293 116 14 76 45 102 134 99 50 105 176 140 33 179 210 99 287 13 213 151 201 133
2736 22 749 220 43 81 166 164 51 43 7 6 135 22 171 11 67 273 96 117 74 200 92 213 185 223 122 183 9 286 195 211 139 180 30 33 60 48 148 63 90 55 120 176 28 190 138
2737 22 801 246 114 133 115 287 185 106 152 121 180 125 3 40 111 149 51 101 180 80 133 127 33 102 68 239 21 144 166 162 181 64 128 266 78 114 102 35 65 222 15 190 176 154 152
2738 22 763 176 4 204 56 236 188 47 62 220 148 30 158 120 173 224 181 5 39 108 22 216 174 123 150 90 96 116 31 71 22 134 99 177 37 6 12 125 152 174 44 199 155 254 170
2739 22 846 179 77 50 183 267 10 257 182 235 79 183 124 227 199 55 149 20 40 47 196 277 152 60 53 103 33 196 153 239 1 122 17 77 24 51 95 185 107 276 119 138 159 142 64
2740 22 852 209 148 164 128 188 11 175 16 14 34 68 169 218 115 273 156 216 147 24 144 122 75 139 106 81 66 124 118 17 133 232 117 197 11 256 59 138 71 172 23 290 92 93 156
2741 22 880 65 100 271 63 24 167 84 50 257 89 230 22 264 100 146 32 284 129 48 80 92 155 90 81 277 14 103 66 105 47 74 21 247 196 183 122 162 18 171 118 106 152 240 121
2742 22 822 103 137 153 187 265 52 18 108 59 60 88 135 173 43 53 129 189 126 2 187 221 136 260 35 254 182 252 11 86 43 232 88 79 36 26 196 139 196 203 197 255 43 179 37
2743 22 882 36 7 277 161 208 16 133 44 175 67 149 9 271 159 194 13 242 133 44 77 211 139 216 106 93 64 12 187 95 190 223 30 148 100 42 56 115 175 251 141 193 199 201 163
2744 22 859 109 146 128 151 279 71 127 141 61 94 298 105 258 61 144 104 250 66 234 149 17 27 204 183 201 6 276 146 56 176 8 65 22 187 215 152 93 44 221 87 41 26 196 101
2745 22 1012 21 99 102 86 284 50 155 11 206 89 263 11 64 108 167 92 168 31 65 154 297 68 215 189 211 35 275 151 260 22 103 80 221 104 118 56 205 24 266 110 112 181 273 28
2746 22 921 88 39 271 7 221 35 113 17 254 27 5 164 161 32 166 73 253 20 204 125 223 173 181 179 148 46 289 12 178 161 239 18 151 61 24 171 47 88 39 100 214 95 215 127
2747 22 784 126 80 51 179 99 54 55 173 79 35 3 126 133 191 237 10 227 27 153 187 103 175 233 90 13 84 204 8 198 82 285 129 132 15 179 37 170 103 215 104 6 141 236 196
2748 22 990 129 98 299 156 76 103 242 78 178 127 168 142 210 123 101 60 204 186 188 187 200 167 223 69 69 190 225 74 82 12 122 110 209 72 265 137 74 159 214 3 237 181 245 198
2749 22 737 255 45 57 10 130 45 296 182 63 171 202 183 160 78 257 41 90 30 150 150 1 167 86 26 177 52 129 113 132 173 10 39 169 167 48 151 96 84 118 85 59 77 263 67
2750 22 745 269 4 248 170 205 148 88 191 126 164 42 154 76 25 78 138 115 198 256 15 48 170 10 31 246 127 68 104 155 182 123 175 185 170 96 41 70 184 131 195 147 24 200 175
2751 22 826 201 129 112 167 26 167 281 26 136 142 108 133 220 75 188 174 256 110 192 32 96 33 31 15 147 77 191 146 151 143 126 114 209 151 132 90 28 167 231 136 203 162 39 176
2752 22 799 18 148 28 161 231 175 45 31 205 160 277 181 202 174 284 44 199 49 4 102 181 145 176 116 50 178 78 88 105 47 187 84 159 118 58 104 248 114 215 177 147 116 102 182
2753 22 979 211 53 230 14 206 110 159 86 61 86 102 110 215 31 249 71 129 135 255 187 4 164 190 104 78 56 280 124 271 133 105 81 237 86 147 42 248 157 228 8 142 81 169 8
2754 22 805 63 17 178 91 3 184 177 107 119 10 129 174 41 4 297 173 208 129 110 145 75 151 292 131 230 51 24 62 219 131 124 87 9 166 90 144 295 96 243 113 157 171 138 97
2755 22 723 174 86 69 33 115 130 230 141 233 173 124 14 24 147 276 94 30 151 81 190 217 170 33 111 17 128 75 73 150 164 76 50 189 8 16 71 256 103 162 131 68 85 278 143
2756 22 808 178 107 246 158 148 162 179 180 124 47 207 150 171 109 265 39 184 66 180 91 181 50 32 189 204 193 19 171 77 148 66 6 106 111 16 53 224 146 133 199 193 91 100 63
2757 22 722 199 164 54 34 282 185 277 62 34 8 102 89 200 73 11 28 220 76 33 26 138 100 30 113 46 14 263 38 5 162 52 55 178 105 89 59 65 72 174 172 214 123 225 150
2758 22 816 17 152 134 94 242 34 124 154 279 137 268 193 130 119 100 7 176 88 217 16 4 89 127 114 155 49 11 31 250 79 183 35 173 176 68 96 281 98 84 49 65 177 179 36
2759 22 1002 276 137 63 15 154 130 270 194 71 96 159 126 296 21 56 197 299 90 131 23 217 51 218 98 48 54 246 65 282 76 52 157 113 14 223 118 243 92 263 66 39 73 291 186
2760 22 766 93 98 82 191 140 12 14 156 214 83 5 162 88 151 126 69 178 29 77 142 94 99 59 88 242 73 153 80 245 143 65 37 293 198 180 132 162 145 239 175 279 44 36 67
2761 22 937 246 113 135 123 141 112 165 134 262 75 74 104 48 126 183 44 121 200 133 13 197 12 296 158 8 134 286 129 220 104 174 133 291 197 25 54 213 111 215 87 84 70 234 9
2762 22 812 53 30 129 4 162 193 225 40 110 132 274 42 269 54 213 25 128 145 115 76 122 20 88 32 86 126 267 56 12 27 60 141 156 63 202 200 214 26 240 123 109 165 16 77
2763 22 990 218 129 253 97 25 19 272 146 238 11 29 24 137 195 279 48 22 90 240 29 252 141 180 165 18 19 126 135 255 54 53 83 207 1 260 125 225 157 263 135 186 138 223 32
2764 22 752 68 22 5 57 61 185 108 101 165 124 270 135 263 195 170 118 49 174 152 107 174 163 31 98 20 145 185 157 82 159 188 49 281 145 57 93 216 146 197 140 15 132 254 110
2765 22 912 153 123 210 78 75 16 51 37 246 101 8 143 137 64 124 195 152 25 27 148 81 20 128 97 165 25 288 79 241 140 160 164 249 137 290 16 139 178 214 39 286 156 227 149
2766 22 899 131 22 100 155 248 99 288 119 127 36 283 103 23 114 210 63 253 69 178 54 157 167 221 95 145 34 86 30 141 112 78 72 285 130 228 117 103 106 252 138 8 126 51 169
2767 22 723 41 55 89 118 60 145 85 81 292 181 114 29 110 7 192 139 278 177 220 7 213 200 124 15 5 27 152 65 153 154 33 93 9 22 68 118 246 148 109 26 214 137 87 172
2768 22 825 181 126 249 157 297 7 269 96 30 35 201 109 239 17 61 92 49 153 252 22 114 120 40 160 119 200 37 184 189 124 55 69 125 97 262 45 93 43 179 145 251 17 11 61
2769 22 964 161 115 12 183 129 183 174 188 202 73 224 137 261 199 92 29 299 198 205 48 159 49 254 80 136 56 148 48 267 108 108 133 220 142 2 15 100 155 188 176 292 200 226 135
2770 22 853 229 77 32 33 224 43 182 115 248 113 202 3 60 49 221 68 8 154 239 150 166 192 116 118 247 3 145 190 203 170 176 183 46 159 15 121 253 48 87 100 160 188 155 120
2771 22 809 188 75 239 196 80 177 197 198 168 12 15 66 67 159 207 121 280 82 255 126 41 69 46 193 269 33 245 28 172 99 99 160 225 37 7 57 265 155 54 85 18 120 102 36
2772 22 703 30 109 156 109 142 10 34 182 131 32 227 99 16 123 278 139 73 177 50 49 165 156 105 82 62 110 118 180 29 19 215 58 279 123 67 21 284 152 54 114 35 80 264 102
2773 22 913 254 42 41 126 70 90 75 86 198 79 219 59 89 36 38 169 255 5 227 133 127 145 105 10 248 59 276 183 190 39 84 44 232 76 169 153 266 95 91 163 226 109 173 66
2774 22 828 45 163 234 151 267 12 35 93 256 140 254 4 50 129 238 39 220 21 82 103 197 3 8 14 49 198 128 174 158 100 39 154 262 25 56 28 236 43 72 192 282 78 147 83
2775 22 792 58 84 21 29 156 155 232 104 209 91 69 157 140 196 231 97 196 121 3 109 45 58 137 181 200 160 224 33 37 22 15 195 257 188 123 64 294 106 268 2 96 36 158 187
2776 22 862 284 40 36 79 161 38 139 57 147 75 289 147 287 112 31 175 85 198 169 141 185 144 205 78 201 124 131 149 11 188 35 94 128 170 224 140 159 15 296 6 141 185 104 27
2777 22 936 248 34 202 85 283 122 177 119 165 181 148 18 56 178 166 119 266 100 164 145 22 40 236 180 254 183 185 94 267 88 221 167 174 74 51 56 295 27 75 12 60 122 29 167
2778 22 718 252 194 37 169 145 1 113 66 92 100 98 45 82 182 190 1 22 162 119 47 35 121 102 182 199 28 293 10 202 21 177 153 266 13 121 10 165 185 28 156 84 25 52 165
2779 22 724 158 42 17 131 103 35 177 190 55 79 271 54 258 163 263 159 35 191 63 52 156 183 161 120 167 40 28 2 116 179 219 174 72 35 204 175 70 81 64 176 111 86 129 168
2780 22 799 48 44 279 134 34 141 185 189 276 197 261 194 89 88 196 4 118 66 177 190 100 33 116 121 213 31 97 175 16 77 194 115 120 124 248 106 17 184 146 92 32 106 237 120
2781 22 835 93 32 24 163 297 52 152 149 84 67 69 148 197 117 122 164 246 16 78 17 291 77 22 107 260 168 298 143 273 35 163 18 118 186 132 67 137 83 15 121 1 35 268 149
2782 22 959 104 142 212 49 209 141 217 199 117 139 206 28 158 55 170 82 241 184 51 59 269 182 225 158 164 91 130 116 177 49 280 190 127 180 198 19 297 49 87 87 54 166 144 160
2783 22 838 188 25 1 71 128 59 240 9 35 149 225 177 278 140 253 26 56 185 116 82 65 53 112 113 239 198 18 5 293 130 92 70 130 162 197 140 53 105 274 101 129 2 230 21
2784 22 949 54 56 76 190 223 9 206 87 161 169 252 100 219 121 56 11 150 147 280 131 208 128 270 13 133 143 265 113 96 95 33 102 250 60 291 172 169 148 210 81 17 113 180 35
2785 22 884 234 35 197 35 133 29 166 193 156 35 105 140 130 69 53 25 263 137 126 64 297 169 187 17 168 197 184 109 177 170 294 63 67 81 48 195 46 140 150 32 244 90 113 164
2786 22 797 294 90 79 30 267 142 178 135 229 194 3 77 91 138 137 119 108 31 233 26 11 80 220 108 119 121 114 162 204 78 55 93 8 37 259 49 94 129 260 148 157 50 68 96
2787 22 809 124 52 221 186 32 92 45 150 65 135 16 126 38 93 233 30 252 121 289 200 86 34 81 45 33 37 146 169 282 13 165 157 265 137 42 148 29 186 249 193 273 64 270 10
2788 22 826 208 154 92 59 174 80 211 160 265 91 56 149 279 2 217 161 166 133 169 182 270 11 229 50 48 178 142 20 141 63 82 101 117 173 259 90 4 169 1 68 159 109 16 90
2789 22 895 10 84 202 75 169 70 109 38 32 137 187 132 266 80 151 59 242 132 259 158 156 117 100 59 86 200 178 96 208 93 237 169 229 90 196 97 12 4 286 143 92 172 174 158
2790 22 725 3 177 268 144 8 78 54 116 246 53 74 31 4 52 79 64 196 167 232 24 257 27 272 168 182 157 62 74 180 136 83 82 12 150 178 171 27 31 286 172 112 155 86 63
2791 22 791 185 101 258 103 33 134 259 111 105 78 93 114 40 166 293 27 148 27 90 49 104 12 27 34 250 150 168 61 156 105 123 40 106 32 43 138 265 53 100 170 83 92 235 174
2792 22 857 9 27 200 156 205 41 156 160 252 182 93 101 284 12 261 139 17 35 231 74 267 25 63 31 77 162 52 111 54 186 84 62 265 83 270 121 23 77 281 175 59 25 227 142
2793 22 772 137 140 232 105 74 162 78 40 186 140 23 15 53 126 225 58 164 9 220 180 291 41 100 166 117 180 92 127 205 118 20 193 257 52 297 183 113 26 174 199 17 148 13 169
2794 22 970 74 137 227 137 297 98 168 188 190 167 105 6 47 196 285 103 265 104 95 74 255 143 108 168 268 181 118 84 229 82 104 154 170 30 42 67 279 109 206 168 175 110 174 173
2795 22 825 257 10 275 121 213 121 246 68 263 153 287 182 34 56 265 14 37 21 119 106 150 160 124 81 120 129 48 94 38 173 19 46 182 45 267 95 166 64 14 180 17 52 162 102
2796 22 1018 207 178 167 195 298 185 200 200 196 176 80 115 104 79 60 94 152 178 239 185 175 57 179 140 221 144 271 137 295 32 90 53 62 8 247 159 292 99 10 87 274 141 253 177
2797 22 904 20 112 22 71 142 161 255 16 217 86 107 137 181 177 125 128 261 14 180 122 273 27 132 164 77 94 202 150 34 154 178 53 166 100 275 107 212 82 74 28 219 180 265 99
2798 22 678 256 141 26 68 107 158 41 79 136 173 43 12 66 196 13 51 150 142 204 167 193 130 125 4 211 98 232 129 77 148 280 184 88 157 52 194 14 192 273 49 16 67 112 133
2799 22 805 62 124 284 163 118 39 29 10 168 105 114 131 102 197 259 30 44 190 14 31 47 17 77 60 260 49 261 76 167 72 160 128 248 95 191 165 133 171 126 53 176 91 183 77
2800 22 777 87 193 259 182 183 72 65 129 140 141 40 199 241 200 126 7 124 186 34 123 232 176 239 165 247 164 117 22 107 199 150 93 191 60 127 125 53 122 31 145 121 71 196 98
2801 22 803 77 119 35 162 193 67 138 31 83 36 247 199 9 153 249 10 297 91 70 23 16 152 13 20 274 95 146 117 212 195 282 30 107 75 248 196 57 30 131 155 228 191 100 56
2802 22 878 170 21 30 137 173 195 109 198 189 24 95 6 35 89 250 117 270 8 243 117 103 199 246 185 54 125 175 12 152 175 119 174 195 49 10 119 295 18 68 83 294 162 240 28
2803 22 723 203 142 96 72 49 190 89 104 141 86 188 46 11 63 209 14 28 187 35 28 206 22 218 73 156 11 135 48 239 189 86 60 189 76 100 192 16 86 32 13 248 46 221 61
2804 22 812 286 48 200 72 227 48 277 48 165 102 56 76 188 103 66 76 43 151 235 83 78 87 127 145 272 58 157 171 55 178 131 40 77 182 163 4 29 140 203 46 193 58 21 80
2805 22 735 212 138 55 154 40 41 289 18 127 15 14 50 24 71 120 78 3 69 76 184 31 131 165 22 34 10 114 191 182 93 255 171 299 8 110 40 196 179 218 162 293 120 85 115
2806 22 908 291 14 266 45 82 193 181 165 224 145 86 9 206 152 299 139 144 53 209 43 213 70 234 160 49 103 222 93 22 58 7 65 272 24 109 105 116 89 269 139 85 7 47 90
2807 22 824 58 98 128 1 102 88 95 66 158 180 278 6 283 51 50 56 8 56 120 131 131 181 136 46 269 56 37 54 262 35 19 84 275 172 138 162 66 3 271 98 232 28 182 77
2808 22 938 287 42 84 59 272 114 139 159 212 59 15 48 264 76 134 159 47 118 85 18 255 98 135 9 169 32 141 196 263 122 125 150 208 160 174 150 145 85 211 132 172 39 217 182
2809 22 915 285 34 118 102 288 15 136 49 183 68 89 131 182 62 207 83 177 14 42 63 39 191 59 23 51 70 206 22 208 23 255 192 156 72 245 96 138 80 196 21 299 84 103 81
2810 22 885 145 9 63 121 174 157 235 113 247 194 87 97 263 193 270 122 167 176 113 174 99 109 21 37 240 116 9 39 251 111 171 96 285 168 96 141 155 108 140 48 147 88 162 91
2811 22 906 210 183 57 85 247 182 36 155 203 72 294 70 280 84 121 142 206 68 64 91 187 159 83 41 219 174 188 117 214 101 7 123 183 15 59 81 296 194 287 150 65 33 120 96
2812 22 864 16 40 289 174 259 152 216 45 263 198 186 33 24 125 49 137 226 155 59 60 169 17 93 116 211 79 166 27 111 37 123 179 276 111 152 134 215 167 78 29 116 15 161 39
2813 22 836 140 9 75 117 263 185 28 83 54 20 98 164 199 15 42 161 51 16 239 78 27 90 11 93 208 141 221 124 207 181 162 46 289 89 214 103 225 42 237 178 61 86 293 111
2814 22 930 101 187 72 151 2 10 229 80 152 191 59 83 44 182 90 24 296 187 164 136 218 160 94 154 290 154 292 134 165 92 120 136 294 122 297 22 201 148 265 173 207 47 68 188
2815 22 715 236 144 35 175 159 170 275 77 30 168 282 171 273 173 104 89 116 24 176 10 45 73 31 97 20 147 21 178 194 189 266 181 32 152 55 190 122 181 18 3 200 200 173 124
2816 22 768 76 61 140 51 237 149 147 61 31 44 180 30 164 58 23 52 175 155 35 126 62 125 99 42 242 1 94 93 273 66 69 1 78 60 151 66 208 198 226 90 193 158 171 56
2817 22 800 67 93 60 93 200 194 270 61 70 169 154 12 69 147 56 94 264 24 246 194 83 48 159 42 197 137 84 189 294 154 145 12 199 56 104 198 49 73 110 119 141 15 182 162
2818 22 592 14 137 107 29 113 52 122 147 199 33 41 96 169 24 184 14 129 80 25 127 87 80 176 136 252 37 6 145 52 39 158 117 227 64 145 39 15 119 38 165 51 78 60 71
2819 22 861 201 96 236 29 127 12 108 14 191 135 101 194 72 58 38 175 96 195 291 22 210 187 61 76 205 198 241 7 227 52 29 127 99 64 207 178 275 166 217 101 43 111 172 100
2820 22 876 200 46 295 147 88 16 56 74 128 32 231 177 24 137 203 27 266 81 226 181 288 103 8 153 145 124 205 39 34 76 138 186 173 84 132 160 251 39 286 79 22 68 107 45
2821 22 964 256 10 224 121 142 149 254 181 103 61 286 199 184 90 237 170 266 126 255 190 9 38 202 11 76 87 89 50 206 48 194 61 169 134 150 169 87 31 171 47 16 121 282 157
2822 22 880 209 103 222 34 257 64 94 46 65 5 274 3 245 123 208 92 68 120 252 37 253 102 5 39 184 128 137 151 148 171 207 109 173 181 142 82 44 88 27 8 144 200 162 40
2823 22 808 174 69 84 42 188 135 178 193 136 34 231 119 161 20 21 161 290 128 169 62 108 162 43 103 101 22 62 44 121 23 295 91 219 88 230 53 165 22 141 150 105 111 11 176
2824 22 1038 232 71 265 11 291 178 18 52 273 172 153 94 33 48 214 55 283 160 297 1 247 78 206 163 152 46 13 56 8 175 231 39 197 147 149 87 124 118 238 148 241 142 290 107
2825 22 959 279 24 166 175 225 65 5 182 79 56 143 63 286 169 93 77 165 191 177 3 266 147 114 187 234 54 112 175 260 90 299 178 117 175 94 21 156 124 276 134 119 138 171 87
2826 22 796 282 199 252 124 76 6 89 174 198 154 60 132 223 106 19 13 104 48 129 30 93 1 285 117 28 70 135 117 273 50 291 76 73 18 82 113 91 179 167 103 110 26 125 168
2827 22 834 296 189 123 96 69 53 88 169 289 156 148 59 42 64 3 15 13 193 290 85 163 123 298 153 102 16 155 163 141 32 230 136 220 105 131 189 109 71 97 178 257 107 72 109
2828 22 890 286 185 54 127 221 16 150 170 220 151 185 127 265 177 158 195 129 51 147 117 159 117 278 7 295 186 14 166 57 174 3 41 179 129 114 194 178 183 180 120 192 145 96 149
2829 22 847 91 112 177 93 259 146 51 27 75 9 173 60 174 38 116 48 140 109 126 121 122 172 150 56 37 130 275 28 226 23 276 116 234 4 260 44 1 162 71 175 170 143 186 44
2830 22 855 133 102 291 124 10 68 244 83 139 94 138 75 175 65 102 200 287 29 167 172 85 26 268 37 187 38 264 156 32 149 99 16 202 41 240 11 61 183 145 99 28 183 126 2
2831 22 730 147 179 1 85 160 67 208 144 44 175 80 30 264 143 38 48 244 88 263 45 81 2 108 141 137 52 39 164 234 116 66 32 247 166 16 6 285 124 101 28 150 80 10 14
2832 22 1060 275 147 161 18 234 123 62 66 77 69 206 13 121 197 76 106 212 93 238 158 259 53 15 195 228 15 74 178 295 183 191 21 181 3 290 67 277 51 232 153 272 138 265 144
2833 22 1083 134 93 249 197 285 138 255 195 243 69 289 70 136 163 299 130 197 141 202 178 43 91 244 20 293 175 124 164 12 89 159 197 233 108 294 117 97 100 264 139 20 4 261 155
2834 22 847 66 159 36 15 200 137 92 194 179 35 65 72 261 89 187 25 29 46 221 61 205 166 229 101 265 192 40 185 196 152 191 113 10 127 27 161 215 118 255 194 204 119 217 159
2835 22 914 151 41 287 96 213 147 100 131 228 53 195 19 192 131 66 43 122 79 4 100 157 65 14 27 271 107 282 41 123 98 26 90 286 173 103 185 125 33 212 177 279 182 220 62
2836 22 1008 148 14 83 178 217 182 186 133 247 112 255 106 194 96 280 43 47 105 33 84 278 187 120 154 271 31 130 149 165 149 210 64 262 44 93 30 277 78 215 24 242 169 81 135
2837 22 952 216 60 277 14 65 61 98 194 247 117 217 100 128 166 228 127 279 41 171 71 170 147 100 136 122 41 5 2 175 72 262 104 286 178 264 135 223 11 51 21 179 102 48 96
2838 22 819 17 127 223 147 267 145 117 188 43 117 24 117 257 28 118 84 51 131 139 136 260 54 170 134 116 73 154 195 126 153 90 195 279 64 241 45 208 110 133 3 26 156 219 134
2839 22 727 235 188 269 137 219 59 125 130 13 46 164 128 18 169 122 196 22 12 90 152 27 82 49 35 191 133 237 168 140 155 54 174 242 174 162 12 233 86 194 145 32 157 72 1
2840 22 945 125 194 296 198 157 137 2 183 271 50 169 161 282 157 181 21 63 134 246 5 7 7 268 91 93 61 235 176 269 107 276 46 252 124 43 160 212 144 94 182 145 63 95 126
2841 22 724 119 127 246 82 12 43 238 118 50 157 9 94 170 195 69 138 1 196 283 104 171 178 163 83 173 157 16 18 271 62 195 141 188 41 74 199 83 163 269 84 20 29 77 89
2842 22 592 23 197 26 76 45 161 131 15 190 194 49 162 2 17 24 78 216 18 166 90 168 100 52 36 236 123 64 163 291 61 141 18 57 101 248 171 90 93 72 103 46 188 34 169
2843 22 928 217 59 285 34 276 126 2 127 129 189 262 52 157 126 66 147 38 106 264 94 106 63 116 147 256 187 150 101 74 83 122 143 241 58 176 168 235 129 294 63 170 156 78 81
2844 22 788 132 124 70 137 239 63 195 101 30 41 208 17 290 109 42 124 82 84 164 139 12 31 173 92 125 87 161 32 53 138 236 13 233 72 203 47 218 56 176 159 63 92 48 123
2845 22 970 186 124 156 69 187 46 280 170 70 172 246 157 184 29 161 174 292 196 138 124 119 141 37 148 245 95 62 89 194 85 274 17 294 156 26 77 207 49 263 132 102 75 157 193
2846 22 739 270 195 68 41 87 189 177 34 185 23 95 73 268 31 298 37 223 192 144 12 17 172 18 117 145 133 48 98 207 57 90 29 251 109 69 89 97 197 122 81 71 68 6 190
2847 22 930 251 3 78 25 46 121 36 14 92 105 230 88 137 130 285 44 286 26 272 188 34 92 76 30 88 149 163 10 268 168 299 18 222 177 142 20 297 29 133 141 115 180 170 44
2848 22 842 165 165 129 142 288 168 76 79 243 57 218 191 119 127 158 38 126 128 260 102 21 131 250 150 163 42 35 77 22 156 172 138 221 52 279 108 219 106 39 61 63 56 103 33
2849 22 886 83 113 271 108 140 182 161 112 12 62 213 26 4 47 255 77 126 166 175 178 96 134 202 24 9 64 180 11 248 14 270 121 14 51 133 178 294 190 292 149 189 146 177 143
2850 22 825 71 142 69 200 38 54 148 191 178 156 6 109 18 53 122 193 223 194 258 125 226 35 291 71 177 82 72 165 279 100 207 1 294 27 101 131 280 148 73 109 155 78 17 172
2851 22 776 82 138 64 156 231 174 281 108 8 23 184 56 54 100 34 153 206 186 46 184 286 28 264 85 200 124 139 129 241 111 111 78 126 166 61 199 198 20 259 172 2 142 27 155
2852 22 706 142 12 108 199 298 5 83 135 33 198 20 84 21 158 13 13 220 23 143 46 40 3 296 138 274 154 209 76 148 88 30 89 99 89 139 48 94 173 183 126 122 2 109 195
2853 22 1002 111 173 207 131 295 49 128 135 3 123 24 177 77 132 4 76 271 33 264 70 274 154 269 167 179 51 244 200 104 52 194 115 277 1 297 171 201 124 57 4 298 32 232 26
2854 22 783 116 87 101 86 19 16 207 144 270 176 110 48 26 153 199 30 157 193 96 133 245 92 155 97 267 64 152 116 95 183 194 10 121 194 48 140 162 154 235 131 129 145 30 107
2855 22 949 149 80 88 5 72 183 189 168 26 96 265 144 59 116 111 5 251 104 167 71 298 14 262 59 197 141 296 93 122 2 141 101 289 98 225 23 86 44 233 60 43 191 228 153
2856 22 856 248 130 209 114 52 106 27 114 116 93 262 8 240 106 29 93 198 81 233 95 157 155 201 106 165 60 208 139 205 155 168 113 20 20 18 146 285 85 290 98 92 130 3 72
2857 22 854 174 200 52 107 47 61 13 31 213 119 195 24 218 54 163 22 60 30 234 179 1 103 124 85 187 66 282 78 147 136 201 120 288 5 178 86 265 191 116 77 161 10 100 178
2858 22 689 216 14 252 175 44 85 54 44 240 29 81 126 94 62 156 192 150 56 12 37 112 41 274 76 131 189 4 91 98 4 121 165 117 172 40 12 8 93 247 73 88 25 219 101
2859 22 779 280 110 50 187 273 38 199 14 211 26 44 99 30 87 149 85 207 13 53 78 252 65 37 196 24 184 169 111 108 139 11 139 48 61 225 21 175 186 261 101 81 59 230 67
2860 22 877 159 114 125 72 218 154 75 182 191 123 257 174 143 67 33 81 78 71 80 90 147 52 239 22 137 99 222 18 210 151 136 120 16 161 243 133 114 70 167 104 292 23 229 134
2861 22 929 190 113 166 119 183 45 208 82 97 98 103 85 149 24 202 10 226 138 229 93 298 72 277 163 241 43 219 84 18 47 169 59 160 134 29 94 30 88 175 26 185 77 163 133
2862 22 691 52 164 142 129 153 23 21 102 46 150 65 138 244 83 261 81 189 171 40 74 299 86 3 186 60 181 171 89 43 55 140 158 149 21 11 123 293 112 68 142 28 105 286 10
2863 22 809 177 198 243 65 269 82 90 67 167 92 5 179 24 127 67 66 181 158 224 81 178 186 103 123 249 122 264 177 78 101 38 54 299 180 70 67 14 159 285 132 3 89 210 26
2864 22 666 215 128 144 148 286 67 228 15 104 183 189 52 56 153 28 34 153 118 87 151 97 109 169 110 67 54 42 21 142 103 147 109 31 90 256 68 108 35 34 63 69 123 14 25
2865 22 878 127 94 258 79 211 96 182 59 4 102 169 23 255 162 243 49 264 41 9 46 113 189 198 99 251 119 121 117 143 47 110 200 277 172 247 10 130 3 64 150 125 170 11 19
2866 22 911 218 127 260 126 72 141 241 37 182 191 135 84 209 107 200 51 5 161 202 133 132 48 295 114 150 158 63 26 127 126 197 97 152 56 74 23 48 15 211 181 257 145 217 17
2867 22 840 103 168 19 107 229 20 140 12 119 134 125 21 243 140 98 169 65 194 217 116 201 191 190 101 57 101 33 65 197 49 281 200 117 99 106 97 270 97 208 88 182 185 160 24
2868 22 841 24 58 245 140 251 161 107 4 203 96 204 59 148 136 23 145 185 3 96 153 53 153 149 122 250 156 162 31 192 21 7 167 278 151 106 81 163 112 184 166 260 187 74 99
2869 22 735 203 58 153 50 10 106 3 10 279 52 266 140 134 57 161 40 176 190 142 81 170 5 245 105 70 104 243 145 62 117 17 126 96 166 88 153 120 97 31 171 14 71 257 23
2870 22 848 83 148 98 172 290 78 194 46 74 98 115 29 241 111 91 9 254 59 34 1 276 173 153 96 222 35 218 35 157 174 239 74 211 115 84 4 160 9 26 38 93 36 80 153
2871 22 685 289 190 239 141 265 11 45 12 32 80 30 67 136 155 175 127 28 81 37 142 16 92 1 124 44 178 213 137 114 92 41 154 281 79 295 198 90 139 109 73 70 38 191 106
2872 22 1068 145 166 32 172 298 120 66 113 11 118 288 154 196 101 242 109 192 83 214 25 261 108 222 2 299 30 275 168 220 165 25 164 282 8 287 79 227 104 291 89 31 195 169 31
2873 22 781 88 177 174 22 142 198 135 50 71 136 48 153 262 15 72 127 140 87 160 199 173 39 226 77 181 166 250 111 60 118 141 100 46 67 21 187 216 55 236 187 143 35 139 104
2874 22 856 202 62 282 193 148 142 91 72 32 68 100 112 34 149 175 145 166 67 44 63 133 165 150 149 271 37 87 65 224 25 269 25 186 102 217 185 195 7 156 126 75 156 190 108
2875 22 902 56 116 4 74 182 48 236 67 164 137 115 86 274 53 51 197 177 71 21 114 72 189 198 167 295 105 244 21 112 185 280 68 284 141 83 76 248 46 265 114 183 138 66 33
2876 22 868 186 194 3 106 159 27 246 108 93 40 212 188 61 24 273 140 243 72 75 183 205 57 210 4 154 174 69 137 163 186 269 148 231 24 5 189 150 50 196 194 190 108 81 102
2877 22 725 183 105 93 125 129 120 259 185 76 68 289 30 94 9 18 56 295 86 4 77 61 160 66 110 10 161 255 51 120 188 54 92 148 178 72 167 136 157 143 56 197 124 201 105
2878 22 908 141 56 51 78 211 128 239 123 93 200 32 105 155 134 277 194 37 130 185 84 260 9 251 47 165 145 202 61 268 54 65 108 10 16 272 95 275 194 287 75 77 143 81 10
2879 22 809 119 74 146 101 10 82 160 118 84 6 234 28 260 94 247 113 111 154 174 178 90 46 172 117 191 110 43 68 52 175 129 23 248 75 123 109 108 82 79 191 287 12 170 98
2880 22 896 58 16 111 68 169 136 197 10 181 68 178 124 277 20 143 180 94 171 2 193 297 124 154 104 157 32 46 44 295 15 193 52 30 55 271 150 91 67 260 123 234 189 146 62
2881 22 803 109 188 42 154 259 195 47 155 271 200 111 27 183 56 22 177 71 115 281 100 269 51 50 159 170 161 82 155 249 79 117 109 267 10 63 177 56 161 283 26 60 93 153 94
2882 22 935 249 74 170 171 88 2 109 5 271 67 74 31 228 132 279 196 140 197 57 102 273 113 62 7 190 173 100 142 166 200 268 88 107 89 91 15 193 14 134 118 196 85 298 127
2883 22 784 163 45 67 59 202 20 183 66 134 190 255 6 41 49 224 40 68 63 61 74 51 103 141 196 16 74 65 112 158 162 190 173 207 156 283 160 28 166 277 161 107 131 218 147
2884 22 765 31 93 38 98 255 98 24 58 52 164 105 20 189 69 83 98 283 72 170 141 280 5 100 107 70 76 219 28 58 136 74 41 29 111 290 135 260 13 92 63 176 196 182 116
2885 22 842 65 116 214 199 288 35 39 167 190 25 160 17 243 187 126 130 212 166 210 174 8 45 33 20 36 148 248 184 81 63 48 97 276 198 84 63 236 2 201 77 178 61 193 172
2886 22 911 147 18 1 159 36 163 184 143 207 17 114 194 116 13 277 96 176 176 292 103 273 27 65 60 228 66 136 5 78 28 28 76 98 29 86 85 291 70 279 149 238 44 294 153
2887 22 707 257 71 248 132 98 40 86 123 118 151 82 46 168 70 202 197 49 130 272 198 10 58 52 127 60 152 16 56 45 68 212 67 15 43 165 106 180 187 124 82 120 121 249 189
2888 22 854 174 197 190 155 269 187 164 78 169 67 156 80 18 71 235 63 238 198 129 4 240 145 10 20 83 185 201 3 157 102 43 130 198 84 237 118 71 100 295 91 119 150 22 136
2889 22 951 20 9 250 109 206 79 13 46 175 174 17 58 258 69 212 166 222 106 195 172 290 131 89 12 283 36 102 101 285 23 288 157 131 138 65 37 68 177 234 142 202 2 199 59
2890 22 847 22 162 24 96 168 71 167 9 153 107 20 87 194 121 39 31 295 127 287 78 264 3 214 31 232 99 133 52 275 44 25 36 67 120 55 89 238 15 294 197 34 80 190 106
2891 22 719 271 120 201 97 106 30 12 61 95 94 192 193 117 24 296 91 67 20 279 86 40 85 26 29 100 119 25 133 251 115 91 121 34 143 269 92 172 80 152 66 73 95 10 141
2892 22 820 170 5 32 137 76 62 174 115 146 51 196 45 22 120 130 72 134 120 244 20 262 112 163 185 243 166 150 115 160 59 7 129 215 38 17 190 151 142 157 197 193 152 241 114
2893 22 1003 271 170 237 57 41 80 128 54 143 90 238 85 55 87 151 66 297 157 294 111 247 163 253 197 4 109 145 48 212 186 161 34 207 97 90 100 276 69 53 70 258 191 254 164
2894 22 633 129 104 29 78 13 175 140 111 189 192 107 192 252 52 163 189 52 97 47 49 238 146 176 7 99 46 216 41 51 80 21 7 60 98 219 186 38 129 74 181 87 66 133 190
2895 22 766 157 47 178 8 143 177 108 33 22 136 39 172 81 154 64 83 285 185 89 45 34 59 282 23 287 56 4 126 73 188 215 81 234 45 188 129 121 48 261 94 83 151 118 115
2896 22 811 4 181 97 41 17 86 137 151 244 18 225 83 173 128 160 97 167 74 277 53 270 17 281 42 264 93 36 198 43 153 12 98 85 60 138 154 274 56 93 144 180 75 68 60
2897 22 814 234 65 26 59 41 178 81 57 210 122 272 2 257 69 244 161 132 94 298 192 231 151 88 157 106 80 152 185 6 19 144 91 283 122 102 76 151 182 84 161 103 156 14 112
2898 22 657 176 110 24 108 103 21 51 33 171 138 41 128 70 192 65 27 111 108 118 45 181 171 272 32 152 156 144 6 163 57 117 38 166 141 97 168 213 147 53 36 37 93 106 37
2899 22 840 227 32 147 87 101 43 119 71 67 50 274 22 293 180 284 2 148 73 40 170 87 53 16 39 140 152 231 2 209 167 281 93 165 19 45 160 37 168 26 39 141 199 283 72
2900 22 900 234 184 20 106 251 11 227 37 63 143 202 46 157 56 7 76 288 199 92 6 243 151 294 110 128 32 3 126 215 74 259 198 245 17 100 156 188 170 237 114 124 183 23 31
2901 22 732 289 98 118 39 41 175 233 144 68 43 271 152 97 149 18 70 7 67 267 75 74 118 154 195 254 120 170 188 42 200 28 191 169 18 31 143 251 174 63 193 197 166 89 145
2902 22 896 183 10 3 149 128 78 67 1 147 73 248 200 292 117 140 133 117 167 75 85 237 105 280 87 31 194 179 179 259 19 223 193 180 77 293 108 106 160 260 52 32 7 104 23
2903 22 806 24 143 107 192 161 181 228 197 37 7 35 19 52 65 97 62 283 71 254 15 100 147 274 5 6 85 157 89 192 12 111 167 269 110 218 101 137 67 237 96 101 108 147 166
2904 22 833 204 109 100 127 214 166 126 60 39 182 217 124 238 5 267 1 167 85 6 35 194 176 35 130 42 24 177 142 131 24 259 186 284 59 164 197 124 41 109 15 123 77 112 82
2905 22 855 256 13 240 70 135 85 145 21 266 86 296 143 80 78 166 190 264 1 148 79 97 24 220 157 238 142 34 127 153 67 234 117 173 187 52 109 31 73 74 69 20 16 100 98
2906 22 517 133 189 213 133 89 191 182 12 62 190 101 3 223 79 8 41 12 24 7 36 210 10 44 193 82 17 13 54 85 164 51 117 52 63 2 92 105 35 3 67 124 55 269 199
2907 22 855 233 176 239 144 52 45 231 113 55 74 5 88 91 69 41 75 232 43 143 136 105 144 227 62 78 82 128 154 188 148 121 76 290 116 287 47 93 120 296 32 162 64 125 188
2908 22 865 48 167 283 183 124 178 61 85 256 194 212 61 282 111 12 54 286 1 269 12 287 167 203 131 139 98 163 152 13 87 192 160 5 174 194 28 51 7 264 58 100 27 18 81
2909 22 882 38 129 234 123 82 55 287 20 73 189 251 11 138 65 263 150 203 6 262 107 79 107 87 81 213 102 291 65 29 8 197 18 89 183 192 122 189 178 41 161 118 43 172 107
2910 22 816 207 86 157 161 91 70 68 21 128 106 101 41 7 191 87 151 53 104 291 87 96 112 175 125 252 36 195 47 59 101 253 196 109 114 138 130 233 58 158 38 210 50 196 53
2911 22 904 106 83 255 10 238 145 197 85 156 171 110 59 206 156 205 164 256 10 259 117 75 148 146 7 3 196 167 152 143 119 109 25 225 19 115 169 267 199 76 37 8 34 295 115
2912 22 684 191 110 71 52 21 39 226 168 84 84 73 139 179 191 142 173 261 51 198 85 64 53 39 62 180 75 22 165 121 136 55 131 258 106 151 96 131 70 32 66 194 70 44 184
2913 22 849 11 69 144 113 118 128 85 81 132 123 142 111 250 163 176 170 299 82 252 156 188 154 152 170 224 183 236 17 104 131 1 66 199 196 231 16 67 96 107 90 90 118 191 152
2914 22 738 45 112 250 26 264 158 213 117 161 135 40 143 22 109 198 4 261 163 55 56 293 170 131 60 18 138 1 159 107 91 110 151 254 112 176 117 69 141 34 181 227 125 23 148
2915 22 707 33 172 51 93 34 105 201 179 227 31 138 196 20 90 154 126 80 15 276 85 126 4 2 146 44 187 226 170 263 200 269 96 271 171 40 57 176 40 135 54 23 72 42 161
2916 22 902 54 20 292 168 247 176 246 50 129 143 245 115 169 66 178 20 234 25 243 57 16 199 284 156 133 137 30 56 37 23 142 42 59 161 289 186 258 90 67 101 135 133 121 52
2917 22 869 210 140 138 86 282 194 202 80 177 109 112 165 290 119 153 12 34 46 154 144 6 94 82 164 83 148 216 169 180 136 173 142 75 110 27 109 255 180 140 131 240 4 247 29
2918 22 920 22 99 93 8 144 46 251 101 191 32 164 73 231 31 294 11 166 166 252 193 175 130 153 129 62 192 11 101 295 57 282 117 55 74 124 50 71 26 150 161 210 166 285 140
2919 22 892 196 178 250 114 143 53 106 169 283 158 249 196 1 59 148 96 267 129 64 173 254 87 22 24 172 136 273 137 21 13 184 98 62 197 193 167 154 113 101 163 262 96 164 172
2920 22 815 43 111 291 24 274 163 229 112 137 105 27 108 40 200 296 112 112 31 162 125 228 154 133 18 143 196 79 38 211 103 121 93 56 146 207 36 109 143 135 2 132 86 97 43
2921 22 702 297 180 104 174 7 109 16 191 27 159 186 57 196 148 11 80 20 3 187 117 62 23 25 104 262 12 258 45 97 6 88 146 185 43 119 143 152 134 134 78 292 71 86 40
2922 22 817 219 197 71 38 251 58 155 112 180 31 168 193 142 25 38 91 282 77 136 167 119 106 109 22 139 42 199 83 65 137 174 83 133 144 272 83 201 26 147 32 66 177 2 42
2923 22 865 114 92 223 42 179 189 160 184 250 182 75 43 132 9 7 120 182 189 52 177 261 87 130 38 85 113 246 50 89 48 143 54 291 65 295 170 206 7 105 55 140 79 97 123
2924 22 1007 187 156 243 120 144 94 49 156 232 178 294 116 190 191 217 179 290 159 284 81 176 79 202 133 237 106 287 176 135 98 175 190 92 95 186 138 43 41 69 72 86 137 213 177
2925 22 629 105 43 118 164 227 150 91 105 103 23 193 161 261 68 97 147 117 71 137 9 17 174 46 11 114 166 82 152 2 147 80 107 289 197 22 15 99 112 171 1 86 163 61 46
2926 22 749 82 9 192 99 180 80 107 148 205 4 111 171 69 144 22 23 290 1 229 79 49 102 245 47 113 116 100 50 230 160 47 12 238 62 70 120 299 74 23 9 44 43 53 117
2927 22 994 265 42 269 145 72 18 246 117 216 10 184 15 59 165 227 105 176 47 95 37 98 116 256 96 189 30 205 185 173 9 153 89 102 122 134 74 191 79 242 106 125 73 299 89
2928 22 805 151 4 217 197 250 5 294 165 113 89 105 142 45 41 66 105 255 107 115 40 80 105 270 121 162 158 197 34 209 85 236 164 153 132 13 58 125 129 70 166 33 63 62 74
2929 22 654 29 167 219 35 73 133 226 4 89 95 224 150 105 120 36 13 56 71 76 161 103 140 218 79 68 139 296 100 1 58 25 181 276 43 115 200 27 192 3 115 287 78 65 91
2930 22 777 97 152 103 104 122 78 164 176 17 33 255 36 171 2 235 172 59 12 252 186 6 119 185 85 210 187 199 196 15 38 12 166 140 68 40 169 183 115 137 116 269 172 238 171
2931 22 833 259 9 81 22 113 119 27 183 103 111 192 42 62 40 205 28 177 69 294 169 236 133 137 170 99 26 237 120 297 75 142 7 35 22 28 99 107 81 295 69 125 36 82 116
2932 22 993 292 110 244 160 255 112 247 187 201 17 137 178 105 56 274 79 97 133 14 71 112 164 262 70 145 156 239 169 43 172 36 35 281 179 46 135 291 193 273 43 161 10 220 117
2933 22 958 65 145 296 114 29 61 284 141 24 145 110 20 253 100 240 195 172 175 81 104 254 127 139 196 171 111 290 183 272 9 99 89 205 46 2 134 258 185 74 82 281 35 233 135
2934 22 822 193 80 206 167 60 109 172 138 299 67 160 162 208 142 133 16 93 73 21 38 274 54 196 58 79 129 291 113 181 23 47 125 254 4 44 66 165 115 3 163 134 163 76 141
2935 22 1083 156 61 209 48 233 29 238 7 234 85 216 112 165 106 24 145 181 23 222 134 126 65 199 42 179 154 257 64 116 32 105 123 292 113 271 25 293 160 183 126 144 198 289 8
2936 22 645 56 12 104 136 186 125 121 12 41 20 53 72 25 9 35 40 93 139 214 84 203 84 60 95 195 42 172 38 92 160 97 199 224 53 134 109 29 106 70 77 277 141 101 37
2937 22 903 75 192 129 166 206 65 220 141 24 167 36 118 38 125 161 50 222 59 225 126 244 33 254 49 257 75 26 133 167 126 269 194 118 150 259 175 114 30 215 89 96 50 258 86
2938 22 803 75 18 135 48 228 59 273 171 143 178 172 99 53 97 31 19 74 152 212 43 201 122 17 114 152 84 254 99 233 112 184 107 81 70 106 109 128 30 231 171 108 154 121 60
2939 22 952 102 52 130 176 255 194 170 55 67 139 220 170 222 73 269 154 136 4 213 17 274 70 277 1 200 59 123 107 113 96 218 14 199 99 141 53 192 63 7 111 1 178 280 174
2940 22 942 150 100 179 186 204 91 254 177 213 182 29 12 292 4 118 4 199 187 70 197 185 62 249 129 24 107 139 76 284 70 49 85 170 128 222 25 175 1 282 108 81 45 200 84
2941 22 932 262 55 182 100 124 130 285 38 278 65 213 36 55 141 19 124 141 4 145 20 125 21 242 152 21 23 259 54 68 158 137 181 265 71 233 188 100 17 277 130 133 90 165 87
2942 22 844 282 84 162 122 139 159 242 63 79 83 66 152 157 177 5 76 234 141 109 50 263 41 38 163 9 166 192 41 7 8 288 43 240 62 181 198 103 96 77 37 261 128 245 37
2943 22 812 284 121 23 24 81 172 87 121 61 101 181 79 144 121 185 151 151 25 46 190 86 26 140 40 121 68 28 134 247 72 222 30 244 44 105 24 268 143 196 128 143 128 206 138
2944 22 925 200 43 41 150 67 186 140 104 11 31 143 84 298 170 17 44 193 138 173 137 234 77 212 101 272 160 280 14 287 138 204 87 80 144 236 198 29 127 153 91 157 195 274 54
2945 22 869 216 142 149 60 32 73 48 117 102 60 217 73 119 148 186 57 185 189 43 16 84 131 265 12 157 17 255 166 163 28 271 30 22 20 290 105 244 37 121 145 89 17 218 136
2946 22 949 55 75 273 195 169 140 279 99 5 42 108 73 96 73 88 76 143 17 149 14 258 53 295 25 54 94 213 123 12 148 277 186 272 123 254 12 253 5 68 147 292 42 184 79
2947 22 865 69 178 48 169 144 105 221 153 51 45 206 45 257 28 208 157 156 93 280 31 298 191 83 2 110 129 213 54 223 48 232 191 278 179 12 121 36 132 25 186 29 82 282 137
2948 22 847 162 89 45 17 233 25 199 131 67 182 132 177 210 197 30 184 296 113 227 173 44 38 145 79 169 21 216 49 203 150 286 164 190 30 123 54 31 53 121 64 236 149 25 84
2949 22 923 130 109 80 42 135 4 237 72 249 67 292 21 283 41 123 184 278 38 173 7 122 95 113 52 99 185 267 187 85 191 222 14 199 101 107 133 157 196 104 57 162 148 77 144
2950 22 1010 88 200 127 165 189 100 123 110 46 135 213 45 271 179 283 155 170 4 20 68 257 127 153 113 222 108 269 183 155 45 279 194 296 157 110 185 208 33 194 154 219 159 150 190
2951 22 821 37 84 244 58 87 64 78 143 142 30 207 15 289 175 249 144 272 179 189 119 136 199 255 143 231 101 48 101 59 149 90 147 132 186 105 71 101 82 65 94 163 172 108 151
2952 22 740 198 8 46 21 87 135 240 122 233 194 16 115 146 16 115 104 116 57 51 100 94 55 270 194 88 134 239 150 5 98 100 155 205 146 175 91 132 66 264 164 112 132 30 57
2953 22 848 199 196 161 14 152 163 13 197 117 34 242 56 68 180 205 24 277 104 130 134 201 105 224 32 222 140 147 133 23 176 290 121 124 102 286 175 164 151 24 32 84 65 39 103
2954 22 979 145 43 79 73 298 8 106 51 264 182 282 186 21 181 218 95 56 59 67 79 212 52 206 127 102 129 210 138 245 148 140 189 190 70 262 40 178 19 141 200 223 126 272 103
2955 22 980 296 166 211 54 132 41 218 136 98 44 37 78 254 26 23 101 163 91 187 176 82 116 295 171 257 194 193 134 166 196 29 183 258 135 167 198 252 2 196 47 190 73 216 47
2956 22 721 201 133 210 143 71 185 124 87 79 194 195 125 38 28 190 185 9 124 42 195 90 140 98 191 87 44 81 111 144 148 158 144 232 167 138 2 151 61 188 130 106 182 254 43
2957 22 794 62 195 280 70 170 121 216 60 212 13 202 98 208 34 109 51 81 166 146 12 84 183 66 34 295 5 215 152 87 120 47 100 114 126 21 136 98 136 10 100 248 59 207 134
2958 22 869 219 158 166 184 155 30 267 190 295 53 184 199 167 136 137 87 134 188 252 159 108 87 256 195 33 165 94 133 76 153 118 194 62 83 230 116 212 148 105 58 200 41 9 167
2959 22 832 128 97 205 161 285 156 119 192 195 26 187 179 143 32 11 118 84 80 211 45 163 40 113 26 140 17 39 9 92 57 136 188 96 24 269 166 116 115 54 93 286 137 256 3
2960 22 1031 273 35 165 69 297 105 281 175 144 150 258 134 101 191 94 40 255 141 164 123 259 31 189 2 136 82 87 24 89 41 296 23 205 165 272 161 145 146 156 94 155 90 104 7
2961 22 844 232 97 146 186 189 61 161 199 143 49 30 82 138 154 270 78 49 45 135 165 216 95 110 113 251 155 267 140 58 73 23 6 170 60 247 83 120 145 125 121 197 7 102 86
2962 22 715 260 24 264 8 68 98 273 83 244 34 95 194 88 13 285 98 137 159 203 106 19 49 40 138 46 17 58 42 123 12 27 182 35 42 141 102 191 65 136 35 50 82 80 190
2963 22 813 94 65 87 130 123 141 287 193 190 127 31 135 295 140 228 117 51 54 198 137 48 190 290 138 255 125 124 56 158 104 245 51 20 131 232 94 72 71 13 149 169 99 43 108
2964 22 685 226 111 111 31 160 99 278 149 289 168 255 165 143 11 23 98 25 17 38 9 63 9 31 101 173 179 69 71 128 96 83 90 78 42 108 142 29 75 197 145 217 59 19 167
2965 22 985 213 144 183 50 104 197 110 134 197 182 264 117 204 188 299 70 186 129 263 26 236 4 6 110 152 151 278 110 269 96 23 64 31 24 219 27 276 119 67 192 123 6 240 173
2966 22 900 27 26 1 89 103 136 245 9 297 96 111 127 206 31 122 180 247 52 55 165 231 140 21 106 211 139 249 133 145 189 205 171 66 158 212 120 156 128 294 151 190 120 208 173
2967 22 896 193 39 19 97 294 135 27 85 255 184 195 194 284 179 290 124 236 60 41 193 71 161 189 126 288 182 229 30 253 88 2 146 127 20 120 106 72 156 261 55 51 106 90 181
2968 22 697 95 114 16 54 54 160 77 114 149 154 30 134 283 183 222 136 180 148 107 73 219 12 244 126 72 150 176 77 139 109 23 4 24 29 258 84 105 23 132 58 76 161 110 95
2969 22 915 165 45 74 64 251 198 234 115 293 159 186 42 287 115 181 195 189 184 18 117 93 1 21 116 184 31 243 97 174 153 291 90 249 117 53 52 114 138 118 7 96 155 148 182
2970 22 715 169 180 76 110 216 46 26 160 198 199 175 182 29 70 178 154 274 20 95 122 36 99 225 50 236 42 8 131 97 7 165 17 39 192 6 37 204 165 35 102 292 168 82 61
2971 22 696 45 187 134 64 181 107 79 184 201 66 177 160 96 125 218 12 42 56 4 171 261 192 174 178 226 127 69 193 60 29 189 146 62 53 26 120 204 156 3 156 221 80 115 169
2972 22 597 204 184 80 97 40 135 268 52 27 93 129 104 120 197 149 179 125 37 77 38 241 154 158 196 10 12 103 82 91 169 102 47 53 182 43 192 68 162 143 194 7 24 150 26
2973 22 822 220 98 56 197 86 184 34 79 38 143 274 199 155 177 80 197 45 82 43 97 115 138 240 82 251 35 28 57 158 29 134 77 278 142 225 163 125 11 193 62 253 67 260 59
2974 22 991 295 92 208 91 273 2 240 139 191 179 72 142 65 151 150 22 79 184 51 56 277 75 171 1 285 163 263 190 281 74 200 127 159 18 89 161 109 27 103 39 299 96 104 149
2975 22 947 146 177 280 181 127 135 157 54 205 57 190 20 271 31 245 31 27 109 289 96 98 101 4 176 42 126 299 197 196 174 6 176 100 40 284 5 297 41 195 116 263 125 67 7
2976 22 620 7 193 268 48 40 17 248 43 192 3 137 118 54 33 44 149 58 1 25 158 140 60 214 88 108 155 15 85 22 121 43 166 188 190 206 156 90 200 144 188 17 197 221 112
2977 22 879 146 178 212 22 187 103 281 153 291 133 12 145 47 196 266 119 91 84 259 80 89 14 21 40 261 165 28 129 113 200 140 10 29 103 231 168 206 64 120 148 296 31 192 194
2978 22 685 179 10 112 69 93 170 200 133 84 21 124 96 137 151 177 1 150 168 11 79 171 41 146 28 256 117 75 3 147 18 96 125 227 60 45 71 29 45 55 164 217 79 12 105
2979 22 731 29 188 105 131 7 115 161 177 108 158 56 163 74 130 66 20 200 113 297 126 172 41 249 153 37 103 168 53 233 79 57 114 118 62 244 125 28 156 53 35 213 9 250 138
2980 22 743 290 67 9 189 279 5 67 151 98 167 103 34 121 170 139 154 201 195 70 8 62 94 136 17 299 122 181 59 23 18 148 89 226 89 68 83 155 170 80 73 124 65 93 193
2981 22 816 103 46 45 50 264 115 157 77 60 144 293 58 118 125 268 40 142 16 229 20 256 196 102 162 17 133 134 140 197 126 232 100 124 29 49 139 195 157 216 54 1 108 64 118
2982 22 812 133 131 257 126 198 37 145 153 284 46 14 100 178 99 139 127 177 123 126 100 151 126 138 45 234 53 50 134 13 113 103 97 196 112 222 93 48 119 298 132 64 63 83 94
2983 22 791 14 22 120 90 44 197 189 94 274 178 290 107 183 139 193 95 204 147 143 151 158 164 295 158 234 192 41 198 107 23 43 120 96 14 9 139 210 149 84 35 26 25 208 116
2984 22 599 85 154 119 184 296 69 41 12 15 150 45 7 142 194 165 165 136 84 60 49 44 51 10 192 34 196 17 59 189 177 74 173 130 44 156 178 264 149 289 78 50 33 36 192
2985 22 880 179 200 208 14 235 19 115 78 269 176 55 172 38 65 60 114 90 184 195 33 292 172 48 40 77 41 145 113 232 123 12 91 88 99 210 54 276 130 130 45 284 1 282 200
2986 22 888 112 47 89 195 241 173 186 165 220 77 176 97 270 172 109 101 94 72 144 134 170 53 187 98 34 168 142 118 68 75 69 131 221 58 126 113 30 163 277 50 292 105 298 61
2987 22 774 276 106 213 122 29 56 55 51 108 193 148 42 61 41 211 128 267 179 59 139 188 136 151 18 50 80 219 41 84 116 1 11 73 14 232 101 269 186 103 129 279 2 22 139
2988 22 689 42 184 218 108 14 28 246 102 15 49 119 165 80 89 105 15 4 58 25 176 123 157 228 91 294 83 271 72 84 44 62 78 27 132 237 141 59 135 126 183 164 190 214 152
2989 22 876 46 28 255 3 152 82 25 160 61 68 154 143 190 77 227 34 291 56 12 122 92 104 132 126 97 57 160 112 198 25 263 144 252 169 156 2 275 15 163 94 220 5 83 49
2990 22 791 283 68 139 38 132 160 230 135 43 107 84 200 219 95 249 143 110 92 47 30 142 154 232 16 20 94 61 140 98 95 88 33 263 26 270 146 137 51 80 79 10 15 228 62
2991 22 861 179 122 171 22 120 200 263 173 231 130 93 76 190 184 174 85 223 6 47 148 27 192 36 78 23 66 287 38 196 166 51 74 39 21 247 11 272 10 35 3 278 129 262 3
2992 22 695 13 84 260 11 83 139 54 18 16 176 84 154 65 131 71 15 156 61 87 2 59 11 106 113 102 136 42 30 298 97 94 133 256 4 294 157 185 161 20 66 201 2 236 167
2993 22 740 257 149 154 159 271 64 121 176 276 22 112 117 3 161 65 196 93 21 51 160 66 107 97 79 143 116 44 95 218 32 161 26 232 166 284 102 29 57 30 156 130 93 125 33
2994 22 853 53 189 280 97 261 131 57 79 89 53 257 131 20 52 25 189 135 38 215 166 3 150 268 184 106 97 139 188 189 163 120 193 152 199 112 129 297 142 218 101 198 200 221 102
2995 22 867 277 161 188 14 227 54 268 77 273 151 34 121 242 21 209 4 192 53 107 191 141 171 171 190 212 140 90 162 40 62 163 116 23 150 281 149 55 48 177 27 51 11 47 192
2996 22 746 283 7 195 175 259 54 217 152 24 187 41 135 227 30 96 18 192 110 85 66 60 165 266 166 64 143 193 114 105 91 157 39 50 4 13 60 229 11 180 68 3 166 46 133
2997 22 788 14 115 76 123 199 193 134 115 58 52 78 52 296 144 56 86 100 195 87 3 259 147 111 40 57 42 59 60 208 4 244 173 218 71 47 68 163 181 182 172 284 59 224 179
2998 22 881 254 131 264 106 277 151 8 36 249 71 227 5 212 85 116 71 88 111 143 157 181 90 224 195 122 157 67 5 115 190 83 121 72 198 226 149 200 85 36 148 155 162 205 19
2999 22 991 246 120 289 85 183 132 141 163 21 16 158 194 272 76 298 138 265 180 10 88 229 35 136 29 171 176 126 132 180 196 129 152 285 13 134 16 105 48 188 172 157 181 243 32
