1500 22 520 73 25 189 137 154 131 45 166 25 132 177 63 3 107 165 162 79 106 38 166 168 2 37 58 78 21 65 69 34 60 141 10 49 78 164 131 74 81 107 5 57 169 159 163
1501 22 525 133 73 194 38 110 111 157 111 28 193 120 105 14 185 173 199 196 114 9 44 191 172 126 16 4 33 21 61 1 131 175 134 3 120 123 64 31 80 58 24 46 114 189 182
1502 22 593 87 188 178 200 196 173 142 119 99 157 122 131 129 134 131 60 61 16 14 180 91 78 162 122 4 171 145 1 85 134 183 171 73 160 68 132 63 186 182 171 59 112 100 193
1503 22 533 195 111 53 162 124 184 4 153 146 125 108 68 22 109 152 107 43 122 179 154 46 37 57 183 19 180 41 82 79 185 76 189 189 38 64 173 193 169 70 118 137 139 136 41
1504 22 677 197 130 162 175 83 109 172 120 117 154 90 96 146 171 126 83 47 114 71 36 130 195 28 50 64 97 125 153 187 13 193 183 142 106 157 177 14 80 96 131 185 185 178 131
1505 22 568 107 104 13 153 169 35 140 98 30 120 147 93 16 24 197 3 188 189 137 81 95 94 57 60 125 104 142 110 40 120 192 147 23 156 51 191 190 191 41 19 110 139 64 77
1506 22 539 114 12 31 53 1 168 134 47 13 190 58 137 46 200 85 119 189 31 93 144 82 83 24 75 104 133 166 119 161 79 83 192 132 83 159 17 81 171 158 138 107 3 137 105
1507 22 454 88 7 93 118 99 189 151 134 122 174 8 177 58 173 48 19 4 130 162 135 164 120 103 44 42 60 133 100 63 70 156 150 76 49 19 127 37 122 60 110 95 67 38 153
1508 22 559 192 37 123 195 166 36 81 81 107 183 76 148 42 9 199 56 30 155 157 105 155 176 183 143 97 42 4 143 61 193 47 52 121 198 147 156 78 28 62 12 103 161 5 63
1509 22 573 160 61 92 114 17 149 20 144 131 162 192 173 117 135 33 109 133 36 138 54 85 9 110 64 23 73 118 183 77 181 142 137 72 7 106 20 178 1 103 139 193 75 55 79
1510 22 509 59 116 11 94 53 16 126 89 177 187 152 199 70 181 135 2 75 24 25 33 81 45 99 101 173 108 103 183 23 66 76 75 1 164 57 187 67 7 197 88 188 131 89 14
1511 22 501 106 114 46 186 110 56 67 8 157 43 132 64 146 114 86 163 189 112 43 141 27 52 79 94 58 75 181 197 22 162 15 87 8 200 196 15 18 155 123 61 38 138 158 151
1512 22 592 175 120 91 39 114 183 65 117 13 110 127 39 75 195 64 37 161 150 196 161 97 162 130 3 37 142 40 174 99 142 101 170 184 139 84 166 155 152 178 65 78 16 107 153
1513 22 485 162 170 189 123 71 136 35 167 97 164 121 133 58 160 59 108 53 159 78 36 49 113 1 3 64 130 67 142 145 173 46 106 94 186 180 164 14 82 169 130 2 102 187 113
1514 22 543 112 94 165 22 123 200 70 35 152 24 51 81 91 144 177 15 141 35 109 126 14 24 46 28 106 14 59 67 95 172 130 140 88 151 63 40 20 49 191 196 24 38 146 200
1515 22 548 52 86 34 112 11 200 136 8 27 193 174 135 51 40 181 174 122 72 62 72 134 101 44 135 43 39 137 18 76 83 170 127 168 155 191 131 154 126 138 132 70 111 18 120
1516 22 572 103 198 94 24 70 107 95 155 159 138 41 153 128 178 171 3 60 140 130 179 46 72 109 200 149 199 131 18 137 163 98 182 138 167 40 33 74 198 122 114 151 50 43 73
1517 22 543 52 54 164 133 33 9 156 93 8 104 91 91 121 152 39 10 114 136 143 52 55 183 36 128 132 109 193 34 110 36 106 114 89 21 198 73 30 154 166 189 57 8 79 130
1518 22 543 159 69 139 25 5 33 28 11 15 15 138 147 123 130 132 33 117 38 98 158 58 95 30 39 48 147 180 105 107 58 34 17 79 124 193 35 156 20 45 123 182 21 109 63
1519 22 611 152 93 132 141 190 89 151 84 70 189 84 17 168 188 123 178 173 91 8 48 42 155 103 86 77 89 67 97 149 81 1 193 12 141 182 100 91 17 170 32 100 138 199 39
1520 22 637 12 128 163 102 135 10 185 176 165 40 61 193 80 79 42 28 112 42 172 123 182 153 175 25 121 96 56 173 6 11 196 86 126 49 20 87 186 148 3 177 160 196 191 37
1521 22 660 35 102 30 6 176 163 110 150 187 30 197 194 154 181 200 117 85 42 177 56 80 162 155 83 138 115 145 105 18 131 158 47 136 133 9 197 148 178 31 141 132 12 140 48
1522 22 584 139 176 41 115 32 120 28 186 154 117 52 183 61 108 191 65 198 78 150 159 74 184 106 52 14 46 135 177 138 182 116 113 174 182 96 93 10 34 199 126 85 181 145 133
1523 22 587 81 9 130 159 110 40 184 93 145 35 59 143 169 35 80 102 150 144 27 84 192 72 93 25 70 170 61 50 60 5 134 141 166 16 99 75 55 82 120 152 69 178 94 189
1524 22 490 12 125 43 114 20 69 197 11 140 41 187 9 10 48 11 70 52 144 17 111 60 44 118 141 163 69 161 140 162 150 103 38 192 16 57 60 6 160 14 53 170 35 66 44
1525 22 484 25 128 55 68 45 147 182 113 108 121 26 57 176 63 191 72 11 3 43 10 6 200 122 171 53 91 5 61 48 85 36 102 105 80 49 86 145 108 159 170 164 134 185 115
1526 22 577 76 8 125 30 50 87 36 49 8 6 53 50 11 65 158 10 150 145 64 6 176 64 43 120 171 1 90 86 86 74 162 33 191 82 178 82 169 184 87 171 146 151 80 107
1527 22 628 52 24 170 57 199 185 100 119 107 52 8 192 90 33 143 51 65 19 193 98 132 171 131 101 106 17 23 3 168 102 109 171 125 31 28 75 167 79 74 82 152 65 171 136
1528 22 710 160 173 152 130 118 49 61 88 180 113 145 148 135 99 115 36 159 86 189 65 187 156 95 179 29 176 83 45 99 170 156 23 122 85 140 122 146 179 101 58 75 1 193 173
1529 22 495 115 28 132 152 140 72 168 126 27 14 56 7 190 90 4 40 60 159 62 133 44 154 54 189 107 198 7 107 131 173 170 62 77 61 134 44 138 112 10 145 119 199 35 122
1530 22 597 190 46 80 3 178 75 156 31 15 40 89 13 46 195 154 176 120 75 196 135 123 191 72 34 169 104 150 3 25 139 57 142 177 131 49 159 146 88 48 110 85 194 63 61
1531 22 521 113 90 2 60 24 124 51 48 109 50 16 13 170 189 90 169 45 183 145 128 32 55 25 71 54 86 156 48 148 168 112 37 169 172 13 44 174 12 152 23 179 116 105 16
1532 22 560 116 101 198 12 180 181 18 156 52 72 41 159 71 189 126 134 177 46 105 141 89 30 152 192 53 130 108 178 29 164 193 144 16 143 107 196 123 125 103 126 148 144 36 170
1533 22 597 84 113 103 12 158 160 153 198 189 56 142 193 138 49 171 166 164 115 62 131 57 168 78 132 44 181 9 143 124 45 112 7 157 15 18 67 126 170 64 114 178 5 59 115
1534 22 413 5 29 80 120 95 141 51 152 61 128 35 56 108 43 199 31 39 62 37 148 76 7 14 153 128 77 67 105 34 125 19 38 105 51 158 199 143 160 102 3 87 136 11 195
1535 22 707 131 9 177 169 70 166 116 98 172 81 50 99 158 68 156 143 144 126 180 200 176 89 151 119 48 52 73 87 140 83 81 22 43 57 190 65 174 58 114 145 90 115 196 47
1536 22 662 135 151 189 78 76 121 30 4 161 180 74 161 183 98 47 122 133 79 143 127 87 85 191 61 94 56 5 183 171 152 182 105 102 122 134 130 194 163 85 107 158 67 77 7
1537 22 368 113 150 139 143 45 66 29 81 8 89 126 64 46 108 34 149 41 90 51 115 23 132 108 138 16 14 183 125 32 11 83 144 161 22 38 157 39 67 37 198 107 162 13 104
1538 22 547 21 46 53 14 87 55 128 110 138 35 199 105 1 181 181 32 144 63 56 36 165 12 74 183 24 42 113 36 145 133 34 149 146 120 3 25 140 12 131 44 12 112 195 7
1539 22 615 39 122 62 74 73 100 173 24 123 14 136 110 159 68 143 107 166 63 190 195 153 1 126 149 164 189 124 159 195 162 32 56 36 22 80 87 103 9 8 38 118 118 57 13
1540 22 575 177 174 27 190 164 21 142 116 98 42 32 86 166 190 79 173 87 66 147 118 152 141 20 112 100 9 182 170 66 194 39 20 154 192 180 22 90 22 53 175 139 194 7 17
1541 22 533 166 45 83 64 115 34 4 134 146 56 95 127 177 160 72 74 150 91 112 56 82 91 77 123 64 129 98 2 74 56 171 191 52 53 55 166 38 10 183 65 61 193 57 84
1542 22 567 66 6 126 129 61 160 172 89 82 35 169 131 189 42 186 159 33 190 163 39 155 200 48 6 135 65 103 147 57 159 31 75 165 108 3 177 67 174 18 149 161 186 79 101
1543 22 447 28 17 11 12 6 125 50 160 124 97 118 10 113 172 157 170 131 139 44 47 46 198 175 65 192 13 36 178 43 136 59 98 120 64 22 169 176 97 17 45 107 130 16 15
1544 22 511 51 146 153 94 144 150 43 119 14 166 110 178 1 39 21 88 195 31 185 114 95 6 34 22 55 51 18 161 132 33 175 182 131 79 75 74 180 69 146 35 54 123 35 92
1545 22 630 95 123 39 126 59 152 172 65 138 145 119 188 162 31 71 194 157 52 76 35 78 102 166 146 45 111 180 50 186 167 94 32 89 132 109 147 35 80 163 172 176 33 111 137
1546 22 464 63 181 83 171 32 158 5 61 59 123 7 56 33 138 105 170 104 198 2 144 129 62 91 116 94 5 87 69 190 198 6 4 130 40 175 162 197 131 174 8 53 180 38 118
1547 22 636 167 7 21 117 160 165 197 174 7 112 67 163 199 135 152 148 140 156 29 131 82 190 128 12 116 87 65 95 101 54 12 67 185 135 124 101 132 97 107 43 163 21 193 97
1548 22 690 173 92 189 80 121 119 161 62 198 124 177 84 188 72 184 193 35 3 5 19 137 128 71 68 24 177 63 186 150 55 34 122 147 22 153 67 141 65 128 138 105 174 176 128
1549 22 530 157 120 162 111 124 133 48 51 3 67 26 132 129 11 81 136 45 154 34 18 106 100 158 170 179 48 35 21 84 162 4 76 40 127 160 39 130 162 105 155 186 118 125 73
1550 22 406 114 78 106 131 135 157 89 56 87 88 13 122 60 48 35 188 3 62 27 82 21 65 11 183 122 117 59 34 104 131 147 133 36 30 68 144 118 123 30 157 103 16 138 3
1551 22 698 89 151 182 170 172 198 132 106 119 49 84 177 34 187 107 133 120 94 162 139 37 31 13 19 187 100 121 2 186 10 156 26 161 89 196 84 87 127 189 157 127 72 134 161
1552 22 551 11 192 93 130 38 6 20 74 36 32 44 22 83 165 175 20 174 82 46 86 171 193 169 57 71 109 165 198 181 98 110 191 42 154 72 79 159 43 104 194 74 148 167 109
1553 22 536 64 93 128 189 174 125 75 96 117 195 104 188 69 137 84 166 46 26 159 199 49 37 109 91 93 54 116 192 20 176 55 64 43 37 28 69 85 97 188 84 167 56 172 2
1554 22 563 174 17 179 132 167 27 121 75 69 165 128 136 156 99 112 10 162 167 4 150 146 73 34 42 136 22 77 54 29 48 55 2 64 33 86 182 11 6 56 31 122 183 166 77
1555 22 465 33 77 38 194 43 41 96 189 113 81 182 200 102 59 53 83 58 107 36 74 91 121 55 101 78 111 131 199 45 49 75 78 125 112 23 120 105 70 60 17 151 41 169 4
1556 22 538 51 21 86 109 80 122 134 170 194 188 23 72 98 105 70 95 153 97 124 78 160 98 149 64 168 8 33 118 1 121 3 21 159 63 52 32 196 22 25 183 96 33 100 118
1557 22 561 79 53 14 2 82 173 51 30 189 18 21 87 140 21 160 142 193 118 4 45 149 151 18 125 134 13 118 64 138 196 116 103 197 27 199 178 15 169 166 35 55 58 7 166
1558 22 633 199 200 83 155 196 183 105 165 108 190 129 80 107 192 169 54 23 2 56 49 153 34 64 121 151 50 175 8 57 93 159 8 127 65 3 110 121 119 111 47 190 168 49 190
1559 22 645 176 105 190 128 90 53 40 55 127 200 111 19 158 118 145 22 72 6 142 142 174 4 188 125 125 177 44 99 26 185 82 175 154 171 179 105 162 33 31 161 95 49 70 164
1560 22 629 194 91 187 199 185 128 125 188 67 1 64 196 45 162 173 29 188 54 155 93 176 134 197 137 118 180 50 165 28 119 128 173 10 67 172 146 48 85 13 48 149 8 44 62
1561 22 623 180 73 49 33 179 93 160 64 42 96 182 21 145 98 48 16 177 21 25 43 144 122 189 143 6 1 190 154 8 34 168 139 58 16 171 36 61 130 52 102 185 74 74 82
1562 22 607 121 89 58 93 65 101 188 186 41 130 143 41 120 49 105 16 138 114 183 60 101 43 141 152 96 117 136 169 142 17 42 30 27 134 94 79 122 31 119 3 174 159 74 22
1563 22 470 110 178 189 47 43 171 106 144 14 46 95 109 114 31 78 56 199 119 37 25 4 83 55 77 113 173 80 38 83 153 11 192 190 125 170 95 20 135 92 115 6 97 72 13
1564 22 448 47 142 49 24 98 131 78 174 196 51 5 33 85 110 44 77 192 194 66 68 163 113 88 49 156 154 92 161 2 115 125 48 9 174 23 106 56 101 31 51 103 36 84 187
1565 22 466 145 79 15 88 72 33 107 187 97 146 35 52 51 78 165 52 89 52 153 14 74 10 22 126 40 72 28 27 167 123 137 133 10 161 117 69 147 13 14 133 17 65 163 181
1566 22 561 68 107 21 119 11 187 193 172 8 70 31 98 190 138 16 112 74 100 122 34 17 142 132 181 155 17 197 171 179 129 39 37 150 157 199 88 101 170 95 123 125 172 121 14
1567 22 599 187 33 40 86 106 25 54 47 157 35 153 125 31 124 103 160 114 91 61 22 89 148 75 58 42 197 141 118 168 62 84 154 94 123 191 199 99 45 197 55 79 149 131 61
1568 22 509 24 33 20 89 75 80 111 163 27 185 172 20 133 113 90 100 174 173 5 19 47 147 169 145 143 165 152 21 65 82 34 41 67 53 129 141 85 191 104 111 127 27 83 59
1569 22 628 139 172 110 64 144 114 34 142 61 2 86 3 118 37 176 135 119 9 175 185 13 55 77 97 46 180 160 124 159 42 183 49 92 113 108 158 98 49 170 100 124 17 123 99
1570 22 489 103 193 59 77 129 24 84 5 120 81 137 79 4 95 72 186 95 36 30 7 143 139 105 143 108 156 181 31 124 55 82 27 47 92 55 127 115 138 83 35 18 171 65 22
1571 22 571 17 137 159 112 124 140 70 19 78 126 161 185 81 141 16 157 147 49 183 193 140 37 71 55 175 106 89 144 28 105 165 45 193 76 108 117 15 177 135 93 55 47 77 135
1572 22 486 140 44 43 86 92 25 31 32 14 53 86 140 110 126 83 138 182 48 134 127 123 41 89 169 129 181 23 127 58 110 18 53 152 56 97 129 128 142 90 165 81 200 42 163
1573 22 435 137 23 162 70 101 36 110 143 125 30 23 105 53 102 114 114 119 167 17 174 63 145 11 142 86 101 58 166 52 99 81 188 73 42 9 174 78 70 68 154 99 43 103 144
1574 22 540 124 16 14 42 185 140 104 129 150 197 15 2 54 132 53 104 164 192 176 158 101 187 69 169 140 120 11 197 22 106 72 190 119 113 174 58 16 102 160 164 68 161 169 152
1575 22 503 166 72 115 157 48 72 109 148 58 177 68 149 96 30 98 70 135 169 59 6 82 32 15 49 85 174 13 105 87 181 8 52 53 74 160 52 151 155 197 171 56 92 153 161
1576 22 475 87 121 171 44 2 154 58 51 191 184 15 95 70 195 54 73 199 127 32 2 24 52 153 131 48 123 186 91 74 138 4 112 126 155 60 80 13 62 196 76 116 17 22 169
1577 22 460 89 21 95 72 22 71 123 126 1 122 186 165 26 123 168 137 132 93 92 191 124 56 4 145 3 79 60 171 101 180 59 73 27 82 46 97 157 172 97 78 82 194 148 156
1578 22 545 161 37 87 6 128 30 129 135 33 74 89 64 85 59 116 65 69 188 43 150 139 58 156 187 88 31 20 81 178 175 194 14 13 199 93 42 79 179 27 104 67 90 189 77
1579 22 554 157 5 145 144 47 47 128 137 104 36 123 191 66 142 72 195 68 65 161 80 15 53 74 93 184 100 197 2 141 137 79 97 93 175 192 139 21 71 27 77 106 149 19 123
1580 22 437 42 90 118 109 106 30 140 120 34 13 165 17 64 113 19 156 49 49 52 141 23 195 31 196 66 9 24 123 109 42 198 150 84 67 10 189 96 101 61 129 114 25 146 129
1581 22 547 89 116 85 89 164 88 181 138 83 163 100 171 108 174 79 102 171 180 185 189 189 173 84 89 13 154 161 110 35 49 177 119 92 6 69 29 40 31 66 91 1 173 17 79
1582 22 515 26 187 58 10 176 198 135 11 39 119 175 144 32 84 178 32 12 48 121 103 54 189 132 45 20 149 88 20 104 51 147 42 60 108 17 10 42 180 113 154 143 144 190 73
1583 22 504 175 1 120 95 104 125 36 187 170 55 135 9 26 7 112 28 105 153 40 13 122 49 6 101 48 118 54 142 13 195 14 140 196 134 186 51 58 21 37 179 75 123 187 53
1584 22 500 81 98 80 186 51 71 150 124 119 107 24 118 177 29 60 189 73 80 171 6 66 21 16 86 9 194 113 83 181 117 163 78 148 100 19 1 3 137 108 178 7 84 182 90
1585 22 598 56 152 48 121 124 63 158 132 22 14 188 138 176 18 86 28 97 104 28 52 192 135 181 198 170 187 15 146 120 105 1 71 152 73 194 14 182 77 21 4 42 9 141 170
1586 22 637 178 26 197 26 81 24 77 25 111 58 22 32 196 189 177 116 93 129 138 196 153 84 161 135 112 181 154 141 78 123 70 56 119 96 88 94 124 112 4 133 86 36 129 74
1587 22 535 164 196 118 93 85 113 45 168 73 131 80 5 68 185 98 98 107 119 105 177 14 192 70 138 104 74 141 61 150 166 24 97 83 68 182 147 65 101 171 195 132 127 63 116
1588 22 414 24 112 174 143 16 150 108 7 172 45 62 197 67 154 57 168 119 32 65 1 100 198 147 164 50 117 110 134 44 124 49 19 35 175 113 50 76 173 9 47 17 22 43 35
1589 22 572 176 99 3 46 131 19 47 182 168 145 145 17 14 6 150 9 130 151 179 164 77 44 166 152 16 126 199 184 99 41 19 26 92 173 72 174 143 70 155 110 51 78 56 180
1590 22 651 139 185 130 118 101 6 161 18 157 176 143 107 111 41 148 129 19 191 53 90 164 195 159 118 104 124 168 134 55 23 113 193 160 42 62 60 199 174 77 107 171 14 12 163
1591 22 517 113 140 181 103 145 70 66 139 180 135 195 56 102 128 62 76 40 6 35 33 68 94 31 193 170 89 94 92 57 55 166 148 92 57 85 31 36 19 25 43 72 152 56 148
1592 22 622 191 62 182 23 81 76 5 73 197 93 118 41 147 174 95 112 122 129 132 13 185 168 43 173 187 19 167 58 23 157 112 84 139 86 116 166 42 140 114 87 58 154 33 183
1593 22 529 48 96 104 129 179 69 113 147 63 37 85 82 4 94 155 26 51 67 61 189 128 106 98 67 19 184 76 125 16 59 172 63 114 100 42 134 165 188 197 1 72 30 156 165
1594 22 619 184 133 15 2 193 155 58 72 60 155 139 31 138 14 155 105 24 126 167 138 178 8 23 94 147 19 94 170 50 135 136 134 101 137 127 8 146 198 67 100 88 97 189 54
1595 22 646 3 93 77 129 12 166 58 171 189 151 70 159 196 39 159 197 173 46 131 26 182 9 33 80 158 51 179 46 148 120 99 150 164 127 30 175 93 39 98 33 141 167 191 137
1596 22 538 5 101 85 130 146 15 155 80 23 187 159 181 37 89 178 136 8 28 38 172 154 19 98 198 10 195 30 150 113 173 118 73 123 199 171 137 153 50 112 91 160 44 79 48
1597 22 533 21 167 8 200 4 179 105 174 28 103 183 175 84 85 87 56 122 156 81 44 154 51 133 58 100 44 148 59 179 58 59 145 65 58 195 162 73 23 16 8 197 100 92 35
1598 22 562 107 165 143 187 9 96 37 141 106 88 136 5 98 22 183 156 80 79 172 89 178 167 2 3 189 18 10 137 69 53 123 175 169 65 114 177 113 102 170 190 4 174 39 177
1599 22 575 157 146 8 35 118 96 165 36 50 167 176 67 128 112 87 132 186 13 100 3 126 29 115 28 97 84 169 53 57 159 29 165 105 37 152 174 84 68 9 133 34 184 151 113
1600 22 466 47 37 44 184 50 95 186 127 123 52 106 172 135 74 24 144 185 4 60 41 40 163 14 124 30 174 8 15 109 159 127 107 195 122 90 196 17 28 91 79 180 62 6 37
1601 22 495 109 190 41 120 30 80 83 195 155 64 168 163 79 28 121 157 134 67 175 15 47 2 137 137 81 68 151 46 73 187 154 62 27 73 91 59 107 37 13 171 4 127 1 31
1602 22 524 199 157 116 66 187 91 80 33 44 168 122 76 35 72 121 108 58 26 85 51 164 143 157 200 107 79 4 34 79 186 32 36 54 49 22 96 128 7 139 47 15 34 151 87
1603 22 482 141 8 113 61 92 163 24 186 119 24 45 150 179 78 28 116 61 63 169 110 37 64 189 43 155 188 122 121 21 72 7 113 31 119 125 75 33 101 60 104 124 104 53 54
1604 22 584 133 80 121 146 95 90 55 131 105 195 125 11 134 198 131 154 69 90 66 99 160 191 173 193 91 185 96 166 40 100 171 173 179 91 70 25 132 124 155 37 31 199 4 28
1605 22 637 82 109 48 171 175 99 130 117 23 74 159 7 121 76 199 20 46 123 151 136 192 175 20 67 56 88 64 6 91 92 87 152 57 78 189 139 194 164 164 104 122 85 179 120
1606 22 620 56 24 42 158 111 185 133 130 51 166 137 91 29 143 181 72 84 115 190 161 103 128 154 18 91 9 140 127 187 59 183 10 53 140 73 189 24 154 192 141 82 122 185 14
1607 22 550 145 165 98 59 154 58 114 33 164 131 76 172 70 2 159 81 136 120 85 28 144 73 3 98 64 144 188 145 17 124 161 40 56 20 146 65 133 178 28 63 53 152 7 62
1608 22 656 165 94 133 49 121 77 76 174 137 19 113 81 187 188 191 147 27 46 118 172 63 50 150 42 65 154 193 101 112 54 6 187 78 63 185 153 188 121 123 52 154 109 39 144
1609 22 546 8 65 142 125 37 156 127 138 197 143 43 190 107 43 64 181 171 93 195 107 46 182 180 120 185 85 181 23 28 188 40 121 76 190 165 73 132 159 14 126 17 8 32 80
1610 22 626 189 154 173 135 13 170 117 192 41 53 76 21 55 160 115 128 24 142 155 165 58 179 49 168 192 174 185 200 158 64 140 111 188 74 123 109 142 66 150 195 93 122 70 100
1611 22 441 82 184 27 57 77 133 173 134 112 21 101 103 147 37 54 104 193 166 40 67 41 149 8 106 98 2 151 19 71 50 52 6 28 60 34 112 33 167 23 53 20 78 199 56
1612 22 607 131 54 108 124 20 148 190 60 48 197 117 145 199 67 115 21 68 119 179 47 178 12 159 10 133 15 102 10 165 109 141 19 17 64 116 5 49 163 1 117 59 151 136 125
1613 22 501 124 3 43 54 2 173 65 112 134 147 44 100 48 54 157 194 35 125 9 24 192 13 24 106 165 140 164 68 75 40 191 30 183 7 60 94 92 7 137 192 6 190 56 114
1614 22 647 135 42 190 143 65 181 155 40 38 72 131 1 139 6 193 129 187 27 124 169 185 135 14 28 141 150 19 99 92 26 164 26 67 154 169 83 86 75 122 124 98 53 76 36
1615 22 488 10 68 116 148 46 39 68 182 126 81 66 182 28 116 73 6 80 99 72 185 19 155 70 45 193 143 32 21 130 193 40 46 140 86 36 159 161 39 180 179 173 160 94 45
1616 22 588 165 125 95 36 109 65 142 131 110 122 75 4 153 95 133 146 135 130 37 172 166 196 190 126 186 122 56 158 81 150 155 45 26 49 32 87 114 174 17 175 47 91 130 199
1617 22 666 138 62 96 72 144 133 195 109 80 184 186 17 57 42 175 137 143 129 181 168 129 165 54 42 90 22 168 136 65 97 86 2 111 182 25 54 66 19 162 145 154 99 161 11
1618 22 503 140 87 147 82 167 80 2 96 44 7 89 133 181 57 68 45 153 153 46 63 86 70 116 151 88 29 47 41 128 160 3 19 198 150 53 165 29 54 60 24 12 148 156 192
1619 22 528 4 175 36 109 79 81 123 165 102 191 67 141 19 66 134 98 25 136 117 22 85 169 138 65 174 197 88 185 97 195 177 52 169 164 160 48 45 83 164 98 73 30 39 43
1620 22 550 95 172 93 71 59 9 45 144 129 182 160 54 131 200 38 179 194 166 30 115 130 142 114 126 176 77 23 200 58 13 42 105 136 86 127 195 46 171 90 174 105 49 179 35
1621 22 524 48 17 165 194 134 194 108 63 87 21 188 62 49 163 61 106 127 55 162 63 140 89 57 186 59 98 111 115 146 90 101 146 58 65 91 191 11 198 6 97 170 145 18 107
1622 22 446 123 75 34 129 37 48 21 77 56 158 87 153 68 2 50 109 102 195 118 119 61 129 18 177 3 162 172 21 162 199 6 90 187 53 110 63 108 67 149 60 109 147 4 56
1623 22 600 17 122 92 29 2 78 46 178 32 7 156 27 178 154 67 140 84 129 154 143 147 102 185 4 63 132 159 70 100 32 113 128 33 142 173 10 174 179 129 158 155 34 141 174
1624 22 640 173 177 102 126 119 48 179 73 185 134 87 68 44 108 167 75 172 46 59 114 18 21 148 198 57 153 198 126 124 174 49 92 178 179 116 162 113 154 29 156 61 195 183 33
1625 22 457 40 41 98 9 61 184 157 59 102 13 11 101 162 88 24 135 66 24 179 43 2 46 5 114 33 22 12 180 4 196 171 44 93 132 105 76 163 177 125 29 166 12 52 100
1626 22 446 77 27 30 71 29 76 75 94 27 60 115 38 191 70 34 113 66 126 44 122 154 35 36 82 39 160 111 4 123 114 55 151 93 37 21 121 112 48 166 138 59 33 127 1
1627 22 484 102 160 65 167 38 109 88 191 95 75 24 133 34 86 108 200 143 58 92 179 31 164 42 78 129 131 161 57 15 169 152 133 6 12 173 148 107 47 171 191 81 57 79 188
1628 22 615 8 173 198 51 151 28 166 144 57 94 74 144 7 82 183 21 50 86 153 55 77 154 156 124 125 98 133 176 95 92 148 92 142 50 71 107 193 127 152 18 22 158 100 4
1629 22 458 130 101 90 35 108 139 111 61 46 186 137 143 141 69 71 36 160 18 79 53 20 150 12 76 63 182 98 172 33 53 54 133 94 40 40 184 102 101 29 88 189 124 28 10
1630 22 507 194 15 121 163 94 174 182 43 36 146 70 50 127 119 22 159 172 27 91 65 66 83 49 119 135 29 6 123 104 186 132 49 53 12 45 178 193 87 13 90 109 15 16 27
1631 22 601 36 126 150 14 169 15 31 51 15 149 185 195 155 59 51 140 191 99 91 195 62 136 124 55 174 88 96 82 102 112 61 89 189 10 157 176 84 7 142 33 89 139 50 139
1632 22 466 30 192 37 72 138 99 7 61 105 133 100 200 14 2 63 26 42 52 36 96 8 11 179 167 163 157 193 53 158 131 34 101 119 106 38 169 64 50 25 196 150 177 162 103
1633 22 554 39 187 144 42 174 39 2 185 18 168 89 132 76 33 185 186 163 18 86 33 75 124 139 125 26 134 47 128 193 34 72 186 7 62 187 143 31 106 183 163 182 15 99 167
1634 22 507 129 68 4 162 143 79 115 81 140 166 29 94 13 109 86 198 180 23 41 10 99 24 67 33 186 48 48 84 166 128 103 122 45 200 155 125 47 91 136 140 44 177 52 175
1635 22 639 199 55 15 160 105 190 27 138 175 26 137 10 144 64 113 65 157 16 11 34 171 57 76 106 196 178 101 172 181 75 123 35 41 82 92 31 60 29 86 117 167 181 180 31
1636 22 615 197 36 139 12 47 172 134 103 191 51 176 91 22 156 165 96 143 6 130 186 36 189 166 192 26 82 110 6 13 92 2 1 31 166 199 154 99 101 153 90 103 80 180 77
1637 22 534 188 97 172 82 102 101 67 89 90 32 80 115 65 142 73 29 33 74 29 15 39 27 121 90 179 182 104 110 58 91 6 30 124 59 130 190 147 171 173 179 38 189 120 110
1638 22 527 18 104 135 46 119 126 25 191 15 104 63 145 37 118 6 95 161 12 124 84 22 5 26 169 128 150 147 165 139 18 74 108 121 160 105 191 85 129 181 51 184 195 195 21
1639 22 577 113 1 115 73 164 190 108 185 146 133 105 73 83 51 189 173 20 14 32 93 174 136 10 17 16 61 162 7 172 74 159 38 98 122 27 6 59 125 90 115 149 124 118 138
1640 22 567 96 137 103 127 29 76 15 64 38 31 79 98 182 40 104 154 66 63 191 115 136 170 72 146 46 162 61 194 85 178 83 133 186 11 95 13 177 158 50 7 188 99 189 179
1641 22 529 155 94 44 169 36 111 104 157 182 2 2 143 14 148 180 143 30 64 8 167 26 54 132 3 163 133 9 150 32 149 81 138 194 76 106 30 186 161 168 162 140 62 127 87
1642 22 519 193 69 68 56 29 187 34 82 118 36 45 2 196 146 33 97 178 122 90 54 27 71 39 188 9 158 101 148 172 28 164 48 53 172 76 39 5 110 156 40 106 158 187 3
1643 22 559 142 83 181 64 173 34 42 43 24 29 51 134 82 150 105 61 183 20 108 188 191 136 26 147 197 182 138 102 91 125 104 184 7 36 47 131 21 41 126 45 69 176 130 102
1644 22 621 78 34 162 12 5 70 199 148 157 25 94 153 158 184 6 48 108 61 31 66 97 30 197 117 70 122 113 90 49 42 192 126 27 105 138 32 126 136 179 82 112 24 186 69
1645 22 466 7 191 68 66 52 99 132 100 80 80 16 101 1 81 190 1 122 133 79 149 38 16 163 103 110 197 15 85 182 35 92 125 103 109 128 1 40 27 32 71 194 132 23 74
1646 22 600 73 24 196 6 102 96 195 69 27 157 123 88 153 137 172 87 15 11 74 124 138 26 115 164 57 138 157 140 160 183 12 135 178 169 36 73 163 56 51 120 179 138 24 67
1647 22 561 109 62 38 76 24 63 199 161 40 65 76 48 2 185 187 114 167 151 48 96 119 36 168 82 91 170 153 69 107 128 136 15 190 125 42 13 140 192 126 179 57 153 27 10
1648 22 650 137 165 123 55 115 123 150 34 158 69 67 48 38 19 69 96 146 4 111 87 80 104 100 171 96 177 104 129 128 113 18 44 188 72 159 110 174 144 194 10 66 184 180 134
1649 22 561 79 125 89 141 164 121 45 15 91 140 191 40 43 119 119 107 88 163 46 160 73 107 85 16 125 78 177 191 13 156 76 92 32 165 195 85 28 9 175 119 199 167 113 70
1650 22 526 37 20 157 199 17 68 23 124 152 38 182 166 142 194 121 18 153 182 21 99 18 48 108 144 167 58 110 79 127 147 50 84 97 19 151 120 94 55 109 93 36 75 35 181
1651 22 533 147 52 18 51 185 190 150 154 37 9 97 155 66 159 34 193 57 35 28 105 53 130 24 146 184 85 39 171 111 25 104 9 73 60 164 62 161 117 50 121 165 5 186 123
1652 22 628 190 130 131 24 109 36 29 39 11 174 174 95 164 97 157 140 152 166 167 24 177 130 37 89 198 86 9 163 42 146 31 28 120 7 136 155 187 174 117 160 100 164 76 148
1653 22 597 120 15 99 85 134 74 13 15 110 101 147 61 127 141 7 163 123 186 82 129 121 188 115 47 105 27 146 68 54 45 139 20 143 176 153 16 188 120 77 41 84 175 101 10
1654 22 485 115 59 124 38 44 6 118 117 145 185 163 1 11 60 20 16 104 159 35 198 134 140 13 73 59 41 65 142 15 118 103 82 128 26 71 124 183 188 40 128 172 2 80 134
1655 22 566 13 100 101 116 58 136 65 143 27 77 167 37 69 32 178 35 32 116 28 57 186 151 40 126 190 119 49 143 198 183 155 97 35 22 106 170 86 200 148 114 184 134 150 113
1656 22 453 169 50 144 36 29 1 22 180 40 99 110 147 64 107 81 18 156 116 192 13 37 29 13 185 95 131 168 28 32 81 148 81 24 184 109 24 157 40 15 55 9 124 1 24
1657 22 628 183 82 41 90 197 184 102 33 13 66 169 59 196 137 86 27 17 34 59 192 120 16 125 159 182 179 119 58 131 94 192 164 135 81 160 70 145 34 48 65 92 195 1 130
1658 22 529 174 169 115 184 161 83 103 128 159 14 109 137 84 166 19 178 157 183 64 189 94 85 123 190 119 122 55 162 116 55 91 89 24 157 73 136 39 127 63 197 92 171 85 128
1659 22 444 89 104 105 197 86 120 186 131 4 108 121 74 29 175 36 96 78 137 35 161 91 73 87 153 22 131 76 106 58 116 161 114 112 198 33 49 129 188 156 49 62 136 23 97
1660 22 499 184 3 174 120 159 160 80 49 33 118 2 6 48 29 63 105 144 24 18 55 21 2 56 101 190 11 149 3 99 123 82 78 24 1 36 184 32 36 168 149 37 125 197 17
1661 22 635 187 53 160 10 23 167 183 24 22 35 165 184 184 167 82 58 17 115 135 193 67 122 128 98 158 47 199 146 171 147 163 157 74 119 21 40 101 197 61 87 161 45 78 80
1662 22 534 96 145 166 88 11 40 15 61 197 61 94 31 157 8 140 155 82 58 128 73 110 124 134 196 84 130 18 163 159 97 59 103 14 146 66 53 113 78 49 173 88 95 156 196
1663 22 591 102 95 150 135 152 77 8 61 141 56 36 22 73 198 180 121 56 35 135 2 52 139 66 129 188 38 168 34 145 163 191 64 22 94 29 154 92 121 162 79 142 186 77 73
1664 22 604 59 84 145 37 110 83 102 190 22 92 157 55 36 71 142 179 135 163 72 27 191 178 70 63 139 149 156 76 177 28 86 60 39 30 97 148 113 198 90 134 89 46 189 77
1665 22 512 69 82 55 3 44 126 181 186 103 50 193 150 155 21 126 182 106 186 172 136 34 120 31 9 133 72 6 73 100 26 28 149 8 86 86 10 85 30 159 39 2 85 173 108
1666 22 506 22 144 195 55 15 194 37 175 78 60 133 103 159 158 8 64 138 109 47 97 146 84 58 31 113 17 21 115 53 145 174 74 41 168 128 7 116 134 142 176 66 44 134 175
1667 22 566 52 150 64 160 196 113 105 31 170 87 143 186 60 9 38 156 134 63 53 142 155 165 58 88 59 33 102 118 79 105 19 95 166 7 121 196 176 159 91 114 99 103 126 33
1668 22 455 166 73 85 59 27 2 116 66 60 100 170 113 1 18 140 95 33 106 53 153 101 180 64 191 93 33 42 196 110 26 113 183 62 171 161 15 39 27 26 90 148 139 11 148
1669 22 511 156 151 194 140 56 198 45 108 178 108 51 22 92 44 169 2 69 81 136 82 4 96 49 194 74 74 35 22 12 46 121 119 196 67 59 3 64 103 110 41 162 112 15 53
1670 22 510 155 183 6 23 16 141 57 19 37 105 164 110 178 198 83 142 195 4 12 142 70 22 144 85 76 6 78 37 117 92 42 72 74 47 46 89 188 54 59 176 158 174 88 124
1671 22 520 120 181 118 75 192 60 96 14 155 180 89 160 9 78 29 100 119 100 126 165 97 14 152 151 25 79 108 198 116 147 121 35 127 191 61 119 50 156 84 156 87 124 1 144
1672 22 538 147 119 195 72 36 91 86 139 41 62 18 101 11 133 199 132 119 126 74 179 196 75 31 30 124 154 145 19 107 40 166 177 34 37 12 125 103 117 87 120 169 98 52 168
1673 22 530 181 122 45 54 52 192 128 137 22 157 60 127 54 31 33 93 148 162 127 136 125 3 162 27 71 48 146 192 145 149 159 77 70 155 130 121 9 9 167 166 69 45 19 51
1674 22 536 78 111 198 191 189 133 115 191 94 142 14 94 87 5 190 36 67 105 69 196 178 166 5 186 84 122 6 128 140 56 157 2 53 147 143 138 62 85 31 3 98 76 89 102
1675 22 566 66 76 16 132 133 36 127 110 1 83 47 84 156 53 12 47 108 168 49 113 115 143 50 128 27 32 130 125 170 178 173 46 146 104 181 182 191 182 17 37 172 89 180 19
1676 22 552 149 148 19 61 14 161 110 93 187 93 22 63 191 41 172 188 186 27 117 166 161 107 99 177 96 116 100 184 47 118 84 146 136 144 159 48 5 51 35 98 24 97 97 167
1677 22 582 89 21 106 74 199 175 192 159 33 90 87 128 157 187 64 4 104 147 149 192 91 60 39 47 62 25 144 38 74 193 4 162 165 109 36 163 83 27 116 68 160 195 177 98
1678 22 419 58 180 154 5 80 145 47 91 135 93 105 160 37 142 33 181 145 146 5 181 59 40 159 132 107 179 44 101 155 141 86 94 115 165 38 161 8 125 53 112 36 41 20 21
1679 22 532 149 165 165 105 146 24 144 56 155 2 34 150 55 188 91 165 73 184 79 190 174 39 197 98 43 60 85 84 112 104 104 12 68 69 116 165 44 12 21 198 54 148 19 194
1680 22 587 190 183 66 173 61 7 98 51 155 147 94 14 31 177 77 134 32 40 154 100 108 118 143 71 138 93 35 144 192 54 137 181 188 154 105 1 161 3 51 67 101 96 33 132
1681 22 517 24 109 17 56 101 170 155 8 88 50 78 25 142 64 168 85 69 56 65 57 10 169 57 170 123 59 36 24 68 107 178 129 33 29 93 140 188 132 189 65 108 82 80 76
1682 22 554 166 149 131 182 5 140 102 13 61 25 23 49 129 68 106 107 196 28 91 176 72 182 115 3 122 131 63 155 11 138 159 20 53 115 112 107 127 124 101 124 82 30 192 187
1683 22 462 88 139 166 178 67 190 112 181 144 185 6 140 74 95 11 32 16 146 130 122 24 53 4 124 177 85 153 120 23 40 58 140 170 76 129 33 57 25 17 120 30 156 193 125
1684 22 508 119 24 143 134 121 72 7 96 76 10 171 4 46 124 123 20 115 133 159 36 8 40 68 64 64 85 135 45 192 127 110 102 63 195 174 134 1 69 10 162 40 165 88 178
1685 22 569 29 172 89 17 179 80 84 195 143 120 129 139 112 8 60 173 109 122 168 83 8 120 103 169 34 142 133 192 56 172 122 37 162 53 41 88 116 135 196 73 71 3 132 43
1686 22 643 64 54 162 146 61 34 181 67 142 113 58 149 85 131 185 27 92 189 148 84 77 15 18 36 163 43 106 165 174 148 180 179 62 125 191 95 171 161 36 170 166 120 53 103
1687 22 579 146 96 43 46 180 119 12 149 154 174 191 11 91 117 111 70 47 172 147 190 18 23 112 178 192 147 99 109 66 103 11 164 199 6 9 178 124 172 78 30 98 21 188 137
1688 22 605 102 9 135 73 155 124 90 129 36 19 120 182 70 181 172 143 163 170 148 123 99 24 94 129 5 143 149 196 130 85 98 91 171 122 197 95 12 126 82 182 15 51 177 14
1689 22 588 175 120 176 144 67 50 195 42 96 123 46 38 71 42 120 107 139 10 77 60 6 123 23 131 4 157 80 19 7 8 184 181 127 112 146 161 187 8 145 185 167 26 117 73
1690 22 616 116 126 101 175 131 176 150 14 106 45 149 64 52 85 197 131 196 73 76 156 95 14 191 198 161 157 175 29 181 90 154 33 17 36 8 166 49 139 23 45 39 86 97 123
1691 22 477 82 27 118 106 54 26 152 19 141 142 17 53 50 191 81 182 34 15 97 21 22 14 112 36 66 151 121 162 73 155 140 143 60 193 168 164 12 60 57 180 107 122 144 40
1692 22 469 154 129 54 2 149 28 15 170 139 2 36 89 75 149 162 29 89 56 40 33 23 3 44 82 12 175 145 70 97 88 109 50 168 163 52 116 190 18 86 128 20 73 17 94
1693 22 552 21 130 122 61 137 113 94 159 68 89 192 79 64 88 148 160 127 56 161 94 18 12 9 159 30 46 87 49 70 55 142 43 136 15 103 72 196 182 146 85 125 24 12 171
1694 22 584 59 90 27 19 183 196 143 155 12 189 193 12 10 199 105 52 86 71 155 157 149 150 90 95 186 14 118 85 177 89 66 67 114 48 14 96 190 120 130 112 70 140 62 174
1695 22 599 143 147 196 97 55 144 199 144 38 184 109 156 69 85 163 102 14 76 149 27 123 91 147 181 172 10 50 63 24 175 6 170 170 102 177 114 52 120 103 36 181 58 56 65
1696 22 596 5 170 167 18 198 67 45 120 109 143 53 33 152 102 95 175 29 52 97 150 106 73 15 157 144 118 192 124 127 199 189 132 121 107 149 118 125 145 34 87 41 18 191 95
1697 22 558 112 165 75 164 13 24 69 85 191 177 181 60 121 104 186 119 44 117 102 18 108 27 162 49 12 49 89 29 39 135 92 155 9 7 168 185 27 4 175 4 136 34 124 40
1698 22 539 171 194 83 40 185 185 57 44 163 18 92 126 18 133 154 56 67 197 28 4 82 12 30 37 138 33 173 123 156 12 45 150 46 84 86 182 140 129 96 110 21 21 127 153
1699 22 574 126 135 171 123 97 198 178 161 107 14 50 140 138 172 47 101 169 148 147 52 33 80 192 114 176 101 134 196 27 38 74 161 8 196 9 6 73 138 166 179 104 168 70 41
1700 22 485 139 69 142 59 16 40 111 1 119 102 114 94 154 199 42 132 36 115 45 43 62 53 134 191 118 64 94 85 86 175 2 27 34 169 66 144 169 185 197 34 30 150 32 23
1701 22 529 33 67 137 77 62 198 82 61 83 72 178 147 117 14 80 2 189 33 181 22 1 198 165 122 134 113 107 164 14 139 186 46 157 75 123 170 24 4 31 107 27 160 5 95
1702 22 577 174 36 48 162 68 28 135 20 26 51 93 111 163 200 74 176 90 12 21 46 38 95 16 61 98 198 119 76 109 123 170 82 110 18 195 177 197 81 149 174 131 41 85 93
1703 22 531 40 110 68 129 73 41 127 110 135 94 123 185 43 193 12 151 182 185 177 151 131 106 147 12 54 121 142 46 5 187 38 114 166 187 46 44 48 133 137 122 117 131 115 128
1704 22 526 82 182 61 66 110 163 196 15 159 20 182 101 66 138 87 103 3 92 20 141 90 16 189 22 152 110 138 35 176 17 116 109 30 133 19 192 80 185 53 39 5 186 91 22
1705 22 527 123 177 124 126 20 95 18 109 110 6 130 14 68 19 48 195 188 163 104 169 47 74 112 126 58 117 164 14 102 54 35 25 182 110 2 5 119 62 114 77 144 79 96 162
1706 22 540 126 90 101 40 193 69 86 18 181 12 76 97 127 89 150 181 174 114 185 27 67 189 98 129 55 174 24 133 69 185 11 158 38 50 103 106 136 72 99 147 25 188 36 157
1707 22 540 63 161 71 47 188 89 37 169 42 10 192 126 30 129 136 139 166 186 41 71 73 113 61 171 11 146 195 198 133 104 12 94 126 59 33 14 198 69 183 191 116 59 54 52
1708 22 568 197 19 189 190 42 61 54 102 183 64 199 129 14 132 32 25 177 157 35 9 123 184 29 57 174 58 182 90 116 188 93 64 6 33 53 199 45 106 100 27 122 99 107 135
1709 22 549 182 139 111 158 47 98 118 121 33 98 177 7 155 111 48 22 98 92 85 55 124 90 54 168 195 153 146 68 3 52 2 184 142 65 93 141 114 10 61 146 107 190 104 13
1710 22 513 100 151 186 197 42 23 51 117 112 104 36 58 9 181 126 163 185 79 147 78 95 191 18 8 153 31 106 59 20 9 24 71 19 105 183 21 22 94 125 57 104 85 190 29
1711 22 553 47 174 59 145 3 154 136 21 113 88 18 98 174 179 121 44 42 82 62 146 16 34 167 110 110 24 165 194 193 41 90 3 137 92 156 72 64 69 111 66 38 9 191 168
1712 22 535 81 34 9 114 47 155 130 81 121 191 190 96 155 136 12 99 128 101 101 64 193 9 88 56 77 198 74 66 158 64 34 191 98 42 104 96 196 185 69 175 70 116 5 128
1713 22 626 131 84 28 32 147 20 192 186 68 184 101 133 93 164 118 83 13 160 187 61 107 123 188 127 98 9 195 130 165 122 61 48 44 147 73 35 132 100 54 67 152 138 160 115
1714 22 615 56 42 80 167 180 140 25 103 79 104 152 40 98 33 4 19 45 52 71 40 198 143 74 129 194 79 196 145 169 107 12 176 148 91 94 80 182 118 134 60 173 85 99 70
1715 22 622 69 55 40 114 106 111 153 55 5 179 135 199 57 82 143 177 188 154 152 88 196 45 119 177 115 52 189 87 88 39 157 156 93 148 21 150 58 174 156 63 91 13 160 124
1716 22 444 155 137 64 61 40 103 56 37 21 185 151 24 173 189 111 11 97 18 45 39 5 102 164 113 116 115 3 128 26 78 35 114 141 95 154 43 102 142 15 86 92 38 10 80
1717 22 478 100 21 177 118 28 173 108 184 74 71 96 142 137 50 21 162 128 55 20 101 133 63 3 74 29 40 117 67 50 148 166 22 76 35 49 48 94 32 164 80 15 52 129 35
1718 22 581 14 56 42 193 76 142 125 90 96 198 118 88 66 136 137 13 54 110 89 88 110 136 134 141 9 97 20 175 149 101 162 114 156 3 106 183 182 24 144 131 142 31 196 77
1719 22 508 119 8 82 180 96 122 89 184 55 29 192 103 1 167 3 101 128 68 8 82 125 143 177 106 166 72 36 107 102 183 136 172 191 169 151 38 90 39 21 144 20 165 47 172
1720 22 629 131 1 24 10 69 31 91 193 173 19 99 91 43 86 149 144 21 36 68 163 5 170 94 9 190 180 137 36 151 19 188 174 180 56 156 22 49 81 192 99 171 34 136 119
1721 22 503 130 156 107 197 118 111 166 70 4 126 194 193 105 82 180 7 52 168 31 175 88 4 23 168 195 73 90 29 9 160 110 116 66 106 34 128 55 84 149 200 28 5 81 8
1722 22 513 12 132 127 191 114 101 30 69 76 149 63 148 38 43 108 150 152 24 15 9 9 143 32 15 178 180 14 5 184 46 147 129 90 90 194 143 119 62 170 68 124 69 57 119
1723 22 590 177 6 22 152 173 31 112 67 62 126 44 193 91 48 128 136 12 75 64 101 164 57 195 82 118 116 101 193 185 158 63 113 115 85 87 115 127 153 4 196 120 94 196 199
1724 22 460 181 7 73 44 59 188 52 54 22 121 169 74 65 105 31 128 17 146 12 32 32 78 158 137 5 113 84 76 6 79 74 186 85 99 144 38 149 11 152 69 174 115 96 142
1725 22 510 12 59 174 196 136 83 84 92 196 167 167 153 46 192 139 82 42 119 25 80 103 125 6 194 126 174 119 193 69 60 4 127 185 151 14 20 34 105 153 23 198 15 9 79
1726 22 512 8 128 56 39 182 180 81 187 125 6 113 195 198 181 7 154 60 191 25 162 42 82 128 194 104 47 191 70 55 21 78 134 28 116 67 160 196 6 84 154 118 31 103 50
1727 22 530 37 56 61 179 64 86 141 105 167 20 98 22 66 40 92 73 12 169 158 40 36 177 199 184 182 34 137 51 39 100 100 47 161 31 62 198 171 166 116 190 15 137 8 54
1728 22 496 28 32 65 148 141 56 184 117 54 119 50 40 7 100 103 197 152 155 43 112 185 56 61 107 21 176 48 35 64 7 40 44 38 57 191 131 112 126 199 118 44 49 157 50
1729 22 543 100 11 47 51 117 41 114 53 97 174 159 69 101 159 56 165 165 95 160 3 151 150 85 63 28 83 180 23 131 88 25 183 98 71 33 167 63 147 19 111 72 130 173 88
1730 22 478 187 89 52 81 48 54 32 149 138 46 176 173 25 199 55 64 23 37 113 45 70 79 59 168 50 122 39 179 53 163 66 39 3 117 119 50 123 150 151 12 147 78 184 171
1731 22 635 28 39 186 2 75 99 198 96 129 57 15 178 178 54 156 30 168 173 20 171 90 138 172 164 40 122 175 186 152 159 109 179 149 94 181 175 144 178 23 25 37 2 115 42
1732 22 465 110 96 10 82 115 180 123 53 151 86 44 25 13 29 176 123 89 154 71 183 86 197 78 64 19 102 1 56 56 116 97 117 11 106 150 126 37 73 130 188 173 164 122 153
1733 22 490 139 44 42 44 114 24 130 63 53 145 81 107 145 88 162 60 137 30 71 42 179 148 31 51 77 170 161 49 133 82 1 23 78 42 66 191 17 147 22 91 86 128 36 173
1734 22 538 41 95 109 70 117 103 64 133 51 140 102 163 140 186 196 93 8 73 86 25 16 55 172 20 76 62 105 155 49 30 147 144 138 168 12 192 167 76 169 167 129 131 59 114
1735 22 481 79 151 73 151 36 98 118 42 21 138 69 82 42 23 131 71 121 26 161 88 37 104 7 64 180 175 31 108 58 89 174 136 191 46 38 178 95 156 20 115 93 40 149 86
1736 22 508 63 31 109 135 8 69 23 44 172 29 60 103 155 42 11 12 82 184 99 72 181 137 1 76 44 172 142 88 12 90 173 74 72 81 160 79 101 182 75 25 162 134 127 117
1737 22 411 127 89 128 8 24 179 31 5 115 31 32 110 3 173 197 14 15 169 39 86 2 198 165 54 132 39 78 93 124 157 9 50 89 57 21 67 25 133 69 8 42 23 180 190
1738 22 605 188 194 158 26 32 111 176 196 165 107 186 194 151 109 102 112 99 200 166 119 18 4 95 102 24 102 143 47 33 84 34 179 193 12 10 104 139 157 20 197 142 13 147 2
1739 22 553 67 10 111 165 161 28 35 178 31 81 6 134 125 4 118 8 190 96 1 1 57 104 91 165 123 87 58 87 185 59 105 195 169 21 155 148 7 85 130 87 115 136 172 40
1740 22 595 139 90 47 128 137 47 80 146 102 170 110 176 8 168 15 145 178 119 147 140 45 46 146 81 176 185 196 111 156 187 1 197 185 81 86 184 160 31 85 82 140 13 41 107
1741 22 447 27 185 85 145 75 183 36 120 180 182 155 118 147 65 25 85 18 22 70 98 107 5 9 137 41 42 28 53 83 87 79 19 123 176 94 57 11 13 144 164 191 61 63 7
1742 22 506 86 99 24 59 120 121 165 124 82 53 123 32 17 5 118 96 40 23 69 96 33 33 132 177 196 74 189 10 80 26 109 56 84 180 128 200 104 9 4 20 36 36 88 153
1743 22 564 83 63 145 105 131 40 90 163 123 18 111 148 6 72 180 184 132 35 67 112 114 19 167 123 22 186 57 173 45 162 8 108 106 64 190 97 153 105 172 170 119 128 38 50
1744 22 615 111 122 84 129 33 150 147 151 72 121 136 29 177 60 73 90 67 132 195 131 122 44 83 178 15 5 144 85 133 135 146 54 170 26 38 119 125 188 142 45 75 170 173 87
1745 22 539 43 63 153 126 9 35 199 52 70 176 18 74 119 103 109 52 189 6 57 158 31 95 29 155 34 170 92 124 195 86 186 99 11 146 134 10 198 3 185 15 28 56 69 136
1746 22 436 59 57 141 115 167 123 9 195 78 195 116 28 103 7 151 49 44 88 147 55 34 32 16 183 152 149 61 7 18 148 17 74 88 132 40 11 92 186 86 54 67 140 60 170
1747 22 538 188 56 9 87 110 194 118 77 128 104 28 77 164 187 94 112 3 167 151 86 159 161 130 144 152 15 149 171 107 9 140 46 16 100 84 125 2 153 21 105 180 49 20 166
1748 22 472 142 131 121 61 82 6 19 194 135 114 98 102 63 68 8 23 7 5 38 58 89 114 103 42 66 124 146 197 172 117 115 66 35 126 81 192 144 26 127 9 75 180 23 142
1749 22 555 187 45 100 143 34 158 31 147 60 72 164 135 169 113 107 86 27 124 85 61 49 117 52 144 94 130 104 169 109 127 110 47 171 10 190 157 119 20 103 178 44 19 113 164
1750 22 637 131 171 49 109 94 85 169 94 153 172 37 199 102 140 167 162 66 28 9 189 189 198 145 107 199 85 164 169 149 128 99 119 128 7 12 165 127 57 117 99 93 115 152 184
1751 22 463 33 113 2 13 73 190 1 22 86 60 143 84 144 106 53 44 185 103 162 113 62 125 77 188 181 145 38 73 12 141 8 44 54 9 56 78 198 9 100 83 68 42 119 163
1752 22 582 147 171 6 84 25 167 196 86 43 24 26 23 168 15 47 179 156 54 175 161 63 182 38 12 190 137 57 130 165 171 29 87 176 112 94 107 149 136 82 126 158 1 140 4
1753 22 375 132 47 10 106 7 72 39 197 35 29 85 33 37 15 197 8 43 35 135 154 50 29 12 150 164 93 75 74 45 166 29 176 13 38 33 19 61 72 167 48 52 52 80 88
1754 22 516 66 29 47 108 15 182 13 64 10 24 125 68 87 150 64 53 179 40 65 168 24 35 181 47 2 28 98 53 107 138 70 87 184 177 102 165 141 165 126 164 178 51 183 16
1755 22 551 152 46 68 130 37 84 50 61 71 30 59 24 9 157 28 67 94 97 154 29 25 55 194 165 171 119 80 148 121 62 164 73 183 154 96 67 3 108 89 184 166 112 192 74
1756 22 580 139 11 119 187 164 148 11 170 93 175 140 11 6 40 132 67 3 4 125 137 157 172 155 112 31 43 95 149 106 39 174 196 49 93 182 164 192 192 85 84 118 24 46 123
1757 22 624 15 129 141 17 84 18 154 193 189 60 104 172 103 150 120 8 188 93 4 188 137 137 151 80 129 35 115 198 11 161 121 25 89 13 194 125 30 99 117 171 158 20 142 60
1758 22 556 169 61 20 109 105 175 96 42 111 47 121 191 33 36 141 43 148 61 68 36 25 13 112 55 28 177 47 118 80 168 130 51 76 34 177 123 27 39 182 154 135 122 196 82
1759 22 530 134 15 69 158 27 181 12 89 8 140 109 7 57 188 174 138 190 1 172 166 123 198 4 44 97 185 197 31 106 144 64 191 159 133 149 137 113 112 26 72 52 86 78 108
1760 22 663 73 51 198 14 3 169 179 126 118 134 169 167 71 165 149 128 108 13 119 18 145 67 107 9 178 84 80 29 158 89 193 160 38 6 163 6 184 40 75 69 8 193 139 124
1761 22 566 142 67 183 154 185 153 50 3 59 10 180 142 41 161 62 150 1 54 110 38 24 195 194 15 21 62 22 14 153 97 107 19 79 12 155 31 61 157 88 134 195 12 152 48
1762 22 549 73 189 106 48 135 51 62 108 113 35 121 65 83 179 35 113 190 189 96 2 97 136 23 184 70 36 136 64 199 87 64 71 28 169 162 172 69 84 117 141 100 151 119 86
1763 22 460 64 108 26 159 61 122 94 83 57 115 71 192 131 69 79 194 140 106 114 161 67 85 44 88 120 112 180 171 63 51 56 78 110 81 36 171 2 81 5 59 196 75 126 144
1764 22 565 80 71 35 185 184 195 4 69 190 43 140 102 174 111 116 24 166 193 134 199 180 56 60 60 10 7 87 164 84 30 43 154 64 28 90 10 183 158 25 97 53 150 159 168
1765 22 487 174 125 112 59 75 91 114 26 102 125 36 109 11 199 144 192 193 50 55 172 139 17 154 48 16 130 96 20 80 55 5 131 50 63 92 128 30 193 52 17 53 15 167 197
1766 22 571 6 160 46 13 131 136 29 37 183 196 118 78 167 197 132 105 153 14 154 15 18 45 142 48 189 146 16 42 112 183 190 117 94 187 81 24 122 61 12 104 56 130 133 174
1767 22 446 78 65 31 30 197 48 27 91 47 168 36 62 9 99 196 150 15 89 136 96 113 9 108 76 64 116 5 196 89 35 12 167 65 42 149 13 128 103 87 95 90 148 103 188
1768 22 644 144 52 155 32 139 2 96 147 109 172 10 24 128 157 113 162 169 79 178 10 179 191 50 106 93 136 183 35 54 122 130 57 76 114 195 77 9 93 186 132 60 11 121 173
1769 22 729 179 151 151 140 130 93 141 35 185 28 187 119 62 40 41 144 97 116 57 43 145 17 136 130 149 189 90 160 163 84 129 113 186 20 194 78 160 181 15 139 167 133 153 158
1770 22 561 125 96 54 193 152 97 137 120 184 18 68 124 107 179 75 69 15 155 134 200 175 79 78 86 59 92 25 177 176 129 135 53 24 140 45 127 188 181 46 123 198 66 47 56
1771 22 415 196 121 77 10 75 10 10 1 88 39 39 99 82 63 27 57 143 113 109 166 5 105 44 192 37 89 115 34 106 113 42 102 185 118 111 59 79 72 12 118 62 50 16 143
1772 22 444 64 195 152 6 59 12 123 63 117 166 7 153 54 73 139 112 185 180 13 169 49 75 179 127 99 142 44 160 191 12 103 6 6 6 11 16 17 133 79 85 50 85 38 104
1773 22 480 109 128 15 93 59 179 13 107 5 143 33 103 85 76 63 27 39 117 44 122 195 12 90 128 175 129 126 164 32 34 91 198 78 149 128 90 55 133 184 39 187 68 114 49
1774 22 443 95 105 117 127 148 190 121 111 80 200 6 129 125 169 112 110 59 62 187 7 141 28 13 25 12 51 31 116 20 129 3 120 118 76 30 149 75 30 154 155 106 122 19 16
1775 22 474 132 32 154 138 172 134 150 197 145 152 8 175 68 19 52 87 99 6 6 169 81 36 69 108 17 23 14 122 96 32 89 28 63 195 165 187 128 67 135 24 18 94 37 64
1776 22 536 1 124 163 159 129 83 39 116 151 146 132 125 112 6 21 143 46 48 158 40 164 96 119 182 30 142 152 123 92 188 138 44 111 100 2 192 134 193 59 85 143 9 49 100
1777 22 562 181 144 97 180 53 137 144 148 7 77 129 149 28 3 192 168 140 187 30 40 189 173 125 181 32 9 70 126 170 71 25 150 166 121 130 18 9 25 117 16 101 45 116 81
1778 22 464 47 59 138 45 29 177 185 2 54 117 14 139 110 183 9 134 85 126 6 166 95 167 142 11 182 194 7 49 74 5 59 73 103 54 71 40 55 124 156 39 137 94 100 72
1779 22 515 54 185 108 131 190 73 25 156 14 187 89 7 145 89 33 149 147 57 43 2 110 65 41 116 140 148 154 76 42 5 99 47 189 6 178 179 30 154 86 43 141 127 2 37
1780 22 409 15 186 186 114 42 180 115 104 44 107 19 183 54 125 10 47 129 61 46 118 66 175 48 48 128 133 20 59 43 57 26 180 194 139 22 173 5 125 168 111 143 102 116 19
1781 22 577 111 163 148 123 160 65 141 134 112 188 61 196 29 81 7 24 89 184 3 82 122 176 6 78 52 173 188 147 74 55 165 136 169 112 59 128 128 151 191 138 187 118 106 145
1782 22 427 141 194 128 96 75 1 23 32 78 75 4 17 173 29 71 137 164 192 1 174 119 128 124 132 13 5 57 131 62 153 55 32 70 81 32 93 112 61 67 77 43 95 99 131
1783 22 526 10 42 131 136 161 11 11 44 81 24 89 106 61 41 128 67 24 150 147 55 194 10 67 64 76 95 106 122 193 36 35 119 66 147 129 29 142 161 52 141 49 157 153 41
1784 22 494 36 19 64 185 117 70 130 126 136 193 153 30 98 74 174 86 156 160 4 174 58 84 2 199 44 53 91 44 161 43 148 61 51 133 177 72 62 54 7 7 6 188 104 31
1785 22 591 113 141 187 25 144 112 82 179 33 22 117 123 17 77 166 52 24 26 54 108 155 125 122 8 83 128 22 183 148 135 124 86 159 19 197 192 198 109 19 25 147 188 53 112
1786 22 555 191 29 89 45 136 43 169 9 3 52 88 120 25 71 19 159 194 105 69 12 53 61 9 162 84 180 138 182 167 143 45 109 171 134 153 58 128 122 82 125 106 1 101 176
1787 22 462 20 60 121 76 128 85 140 45 41 176 176 131 157 94 25 2 3 147 87 155 156 14 28 174 96 104 80 48 5 7 19 16 46 95 116 174 35 160 166 10 88 48 118 181
1788 22 701 72 71 183 18 157 90 174 123 69 99 170 125 130 17 129 137 188 144 168 33 190 83 158 24 194 76 185 81 123 55 62 195 77 196 164 34 37 137 108 106 36 77 30 165
1789 22 472 45 110 53 184 5 20 169 194 54 126 170 48 1 154 128 76 160 141 70 37 89 185 22 125 122 129 30 109 157 11 25 153 120 30 137 124 105 118 55 182 39 54 135 144
1790 22 595 133 10 104 74 31 92 162 15 113 38 88 193 68 148 149 30 125 53 150 154 141 25 154 197 94 160 179 132 13 65 76 146 26 179 171 56 22 84 134 121 62 126 188 161
1791 22 641 26 18 85 30 119 190 171 143 144 167 37 55 97 120 68 161 195 165 186 125 135 193 146 170 167 31 90 28 156 30 140 133 199 25 163 117 14 85 11 109 51 199 164 148
1792 22 574 119 183 60 113 99 46 38 185 190 135 154 156 166 43 135 73 72 75 158 70 51 120 138 64 156 149 125 6 147 40 105 65 22 117 130 72 114 119 56 103 5 9 59 170
1793 22 492 3 193 43 27 67 200 48 117 71 186 133 26 86 9 183 184 40 1 21 156 82 92 99 123 4 107 181 126 61 126 120 87 144 119 135 61 141 72 145 118 109 153 52 92
1794 22 583 152 43 44 172 150 125 63 170 76 113 93 80 19 25 157 31 118 94 146 4 106 86 27 2 155 135 154 6 178 105 1 174 28 150 98 42 120 126 164 5 124 188 161 154
1795 22 410 90 36 23 183 133 26 40 18 4 41 124 90 146 129 68 50 81 41 29 31 70 150 15 23 65 171 52 83 99 141 122 75 2 99 114 171 55 154 94 144 51 175 163 100
1796 22 570 55 155 128 85 45 149 186 11 171 50 134 116 54 16 167 194 38 40 21 191 90 134 162 144 40 55 88 90 181 50 142 36 157 21 72 1 170 10 163 140 11 48 8 64
1797 22 571 16 174 10 53 165 30 43 54 115 156 198 154 11 37 196 143 86 89 178 42 109 2 194 30 170 21 156 129 37 171 54 46 175 18 27 18 71 141 125 68 47 135 104 42
1798 22 615 30 142 82 7 135 190 160 81 20 122 189 141 143 96 21 131 19 74 176 193 91 2 162 161 94 87 181 140 173 36 133 2 129 14 161 16 156 120 96 175 42 36 67 136
1799 22 570 83 87 18 101 112 193 94 2 146 7 114 39 93 46 131 66 82 63 19 162 77 179 177 32 51 72 158 44 59 176 142 14 148 42 125 92 87 126 37 94 191 27 138 37
1800 22 545 157 3 70 172 174 183 48 152 160 31 154 183 140 197 42 115 127 135 128 74 4 117 15 81 105 60 71 132 197 59 40 152 80 11 125 63 10 28 22 192 182 156 131 178
1801 22 601 149 197 57 83 76 82 11 79 199 177 159 103 36 182 186 32 40 26 135 120 188 59 182 150 87 155 141 68 110 24 197 59 20 53 93 48 103 126 85 79 37 187 114 18
1802 22 559 173 98 9 150 32 80 137 43 13 38 129 167 179 148 29 2 96 39 101 131 20 35 186 98 71 16 134 57 82 103 181 179 63 82 162 143 19 4 155 8 84 74 183 102
1803 22 654 139 79 92 112 179 22 131 165 159 28 35 175 161 43 56 15 176 34 78 57 147 20 27 151 126 35 186 199 20 169 100 159 199 191 70 177 165 152 93 123 180 79 97 92
1804 22 515 121 152 107 96 137 136 153 36 179 138 32 13 123 31 185 91 130 143 41 73 164 17 37 115 61 111 46 139 8 138 12 111 196 107 83 11 35 189 142 172 20 154 50 90
1805 22 552 89 132 184 129 4 99 98 192 14 158 54 11 97 13 100 108 124 47 166 75 129 177 61 117 118 184 23 29 90 65 69 21 48 198 176 147 95 119 112 52 173 74 185 174
1806 22 679 159 60 20 125 86 149 53 146 17 122 81 105 96 62 195 160 130 167 160 127 143 58 173 61 169 177 185 42 76 170 167 35 181 187 111 67 87 163 164 103 84 45 179 58
1807 22 503 154 91 187 120 50 66 14 107 190 27 27 166 11 20 42 132 28 65 125 138 131 11 52 94 65 135 90 24 147 129 107 86 1 108 103 14 92 192 192 58 155 164 51 38
1808 22 401 102 30 26 167 32 188 18 78 4 104 119 28 120 18 156 27 103 108 134 157 122 100 48 65 43 57 19 6 59 57 107 88 110 84 6 142 23 175 171 27 30 89 54 150
1809 22 556 106 161 128 160 21 13 116 94 112 116 158 155 124 129 183 137 171 22 46 54 28 139 29 154 109 55 184 150 60 85 55 172 12 167 192 24 34 85 88 149 195 194 73 123
1810 22 523 105 7 59 75 28 104 81 7 195 109 161 55 115 144 4 174 11 97 191 177 89 14 10 125 101 111 119 46 135 41 151 93 51 177 120 107 9 79 69 39 155 183 134 159
1811 22 539 108 113 121 5 103 97 45 116 58 121 169 120 40 14 6 32 116 98 83 93 170 189 53 48 41 122 86 195 104 171 105 12 25 168 185 73 164 52 84 172 154 123 138 160
1812 22 507 107 53 57 189 97 26 129 150 25 121 71 110 115 126 32 172 89 114 148 56 50 173 19 54 7 55 177 160 114 71 83 119 80 23 167 105 103 116 130 23 138 191 90 16
1813 22 544 175 61 104 88 160 112 90 84 82 143 42 136 119 2 65 185 24 147 103 103 122 69 137 89 47 26 31 136 193 5 148 97 45 107 134 143 41 28 184 177 98 137 34 161
1814 22 519 139 136 15 60 157 174 84 45 14 82 22 45 17 15 1 164 63 45 130 164 109 100 190 159 36 182 192 196 73 80 163 84 188 136 119 32 150 200 53 146 16 19 146 131
1815 22 510 81 143 153 102 24 68 116 85 167 57 43 3 191 186 150 15 65 112 98 52 17 35 149 168 40 46 184 58 143 66 91 85 18 144 61 38 11 97 4 20 158 162 76 60
1816 22 546 176 93 171 25 96 170 193 83 70 161 122 115 131 10 161 173 94 131 117 106 168 127 2 123 146 44 81 59 72 140 34 164 62 59 11 184 51 93 5 163 166 72 58 97
1817 22 506 81 171 69 126 53 137 184 172 64 137 94 161 181 126 20 52 17 5 15 31 177 14 18 70 170 180 187 41 190 83 73 160 104 199 12 192 182 183 7 118 28 168 98 154
1818 22 551 139 101 122 95 67 152 110 44 117 127 65 87 106 51 79 95 86 152 6 189 150 169 180 83 151 187 131 106 50 84 196 150 157 42 17 109 60 25 29 76 63 87 126 94
1819 22 553 133 11 45 139 151 146 107 83 28 10 69 179 140 126 175 73 130 131 114 98 39 17 109 16 184 30 131 109 123 16 120 167 154 22 64 12 104 91 21 124 22 112 49 1
1820 22 563 86 73 130 17 139 27 7 155 87 174 151 70 4 34 179 126 49 50 45 2 71 108 165 175 186 98 172 49 99 172 135 123 54 103 61 32 109 15 119 83 166 188 38 199
1821 22 643 118 163 47 119 159 200 190 67 164 116 17 101 165 188 150 15 111 36 138 164 198 196 114 32 82 53 69 32 171 184 78 89 142 29 30 8 144 97 176 197 14 115 98 28
1822 22 397 26 133 117 141 22 67 136 19 31 1 3 112 54 71 143 176 6 172 64 148 152 46 107 47 142 35 43 107 149 140 135 126 24 3 19 45 69 106 16 51 18 114 112 40
1823 22 587 56 87 198 179 102 145 82 99 3 129 193 189 123 99 90 63 185 15 38 188 83 56 91 50 107 197 19 172 60 10 180 146 7 158 199 103 192 98 106 72 46 194 188 135
1824 22 496 8 173 102 46 112 86 80 119 176 129 25 124 99 149 183 108 128 128 115 37 79 17 28 176 74 99 17 120 45 156 54 52 155 97 191 193 110 168 86 92 106 34 14 113
1825 22 544 154 80 150 184 96 177 111 122 28 127 193 72 34 198 123 66 105 172 8 97 99 69 64 107 155 107 164 140 133 129 53 38 2 21 56 130 131 177 157 9 121 28 42 118
1826 22 658 103 107 22 74 115 118 124 183 134 182 89 40 146 181 74 185 161 82 138 181 19 111 65 176 119 185 155 113 54 57 171 76 82 37 193 6 172 126 187 60 118 84 192 41
1827 22 638 158 128 154 191 17 134 79 36 197 95 11 67 31 117 131 84 126 102 159 7 138 152 164 109 29 103 121 98 186 64 91 95 144 44 37 160 129 115 195 77 161 157 96 191
1828 22 580 74 26 75 199 79 185 157 17 88 121 77 117 175 149 166 112 13 8 7 108 51 195 67 132 110 62 160 70 170 55 43 81 87 193 159 71 150 127 111 22 156 179 148 104
1829 22 509 144 59 68 152 17 175 154 12 194 85 73 55 197 94 24 51 106 19 83 144 11 194 167 112 120 77 85 27 55 32 131 198 43 150 101 59 77 55 22 70 91 94 76 87
1830 22 700 140 51 90 45 69 172 189 32 165 155 95 37 183 180 63 37 163 145 186 157 87 168 171 93 192 135 35 67 174 174 117 63 170 186 34 158 169 199 64 63 198 194 49 34
1831 22 531 109 194 172 65 88 10 32 10 102 173 1 188 159 19 161 132 135 23 53 72 57 11 40 7 26 55 193 24 48 41 9 156 34 132 173 121 141 156 82 194 128 82 182 38
1832 22 557 100 142 169 187 117 22 58 173 184 50 131 161 104 123 136 151 163 97 59 197 28 31 69 169 138 103 162 66 95 103 36 37 24 174 153 197 31 77 132 32 7 44 135 81
1833 22 437 132 38 43 28 96 191 7 78 12 175 15 114 89 32 49 135 87 36 123 62 9 27 10 192 103 141 23 61 136 158 93 67 195 88 46 42 78 53 71 41 179 37 154 19
1834 22 589 69 155 154 107 190 76 168 151 103 177 142 157 116 170 156 73 62 23 19 149 20 12 179 72 82 19 51 119 125 69 139 31 174 45 50 164 122 104 92 63 12 112 131 181
1835 22 585 19 3 195 193 174 95 13 137 73 84 44 86 89 120 107 179 150 80 175 169 81 138 43 184 181 105 196 44 187 128 62 190 122 55 115 17 67 51 41 102 21 84 188 109
1836 22 514 3 46 39 104 125 13 25 6 102 67 141 82 123 88 110 16 139 51 137 193 165 105 11 167 146 64 188 181 48 136 87 39 173 99 63 130 1 129 70 34 52 158 111 161
1837 22 567 125 49 11 13 193 127 118 155 93 15 18 32 147 21 80 34 68 118 73 192 16 87 121 168 168 143 154 19 52 64 131 176 64 93 188 56 171 57 162 15 71 179 47 170
1838 22 569 151 78 3 19 195 27 162 162 114 35 130 81 177 83 51 28 98 133 155 161 142 168 147 199 129 113 21 59 159 190 10 36 145 180 30 171 93 192 36 127 73 116 55 107
1839 22 546 118 34 4 2 188 164 178 130 83 76 80 163 189 100 21 99 42 182 135 186 113 116 108 6 59 144 84 131 11 139 37 129 172 40 82 160 155 60 41 37 87 120 199 27
1840 22 624 171 172 126 164 105 12 101 18 79 9 175 138 104 58 20 114 196 57 194 120 48 76 155 87 71 143 173 190 94 152 112 65 29 76 169 192 176 138 70 184 7 87 122 179
1841 22 569 153 69 35 146 188 34 21 18 107 88 131 32 29 176 183 141 40 163 16 160 154 191 50 23 127 161 182 165 34 160 117 103 146 63 42 179 83 60 119 142 147 1 173 176
1842 22 611 176 107 68 167 69 83 126 22 73 175 196 151 88 129 116 121 32 175 185 94 17 164 129 28 34 70 174 34 194 101 9 100 168 175 120 2 52 93 75 179 177 66 169 92
1843 22 503 138 56 124 65 41 17 81 156 97 108 189 166 33 174 111 86 134 162 5 108 7 111 125 33 89 165 9 106 133 101 196 188 24 60 180 192 92 135 151 75 6 183 48 117
1844 22 486 20 181 78 25 40 111 31 103 35 15 143 199 23 1 131 75 196 71 50 7 2 42 98 89 82 48 163 39 182 163 107 2 95 137 26 87 47 8 189 33 22 131 184 44
1845 22 592 83 66 119 78 88 120 36 90 161 133 178 194 132 92 185 114 54 91 67 101 27 92 187 25 51 175 10 72 57 193 140 58 137 169 146 57 5 187 169 89 164 115 173 55
1846 22 470 99 38 61 141 104 161 120 147 96 197 25 105 20 33 97 38 172 107 175 93 4 183 49 190 151 89 105 17 111 67 50 123 8 153 35 127 51 133 22 199 157 79 170 190
1847 22 560 175 8 113 33 134 157 188 116 157 177 18 46 33 35 58 144 101 108 66 60 12 53 138 63 185 112 13 94 190 183 35 116 147 149 75 56 136 190 65 159 57 97 145 67
1848 22 533 192 198 174 10 57 137 62 195 199 198 106 164 43 47 146 77 162 87 176 62 161 31 198 102 194 14 60 3 5 69 6 154 42 15 10 130 28 156 81 177 13 44 20 59
1849 22 604 141 96 21 27 23 34 139 53 183 40 199 196 51 1 10 7 69 15 160 62 181 170 191 160 77 71 88 90 114 107 100 54 155 72 32 177 106 170 182 88 161 180 36 12
1850 22 480 180 45 18 200 11 178 61 191 99 51 102 127 122 189 16 187 96 68 41 2 139 24 130 196 146 63 36 106 42 71 69 173 115 87 172 77 32 67 66 35 120 192 108 108
1851 22 589 160 94 155 27 86 108 117 110 38 65 55 100 100 112 94 170 181 66 36 19 190 112 186 173 130 51 7 1 194 66 108 153 15 131 197 122 58 159 64 64 11 115 176 104
1852 22 575 36 108 121 71 126 110 134 111 83 15 113 41 167 106 107 74 11 18 40 141 14 162 92 72 72 107 135 34 21 62 137 56 169 58 78 94 119 163 156 1 177 20 194 95
1853 22 563 78 52 121 88 69 160 180 34 73 72 57 97 178 192 130 199 53 67 6 174 76 84 19 194 46 175 147 175 146 92 23 143 189 110 163 101 90 196 173 113 196 151 40 200
1854 22 592 169 46 173 44 81 192 189 126 118 135 52 63 26 121 38 120 61 147 82 161 188 30 134 100 34 154 142 181 104 133 180 72 130 105 67 10 96 56 88 165 190 139 27 168
1855 22 551 59 16 39 72 163 121 32 102 102 165 154 87 71 95 67 126 179 46 198 109 150 64 118 197 5 161 13 144 140 180 155 170 25 69 42 9 171 143 125 124 29 195 170 47
1856 22 548 121 148 45 70 56 194 85 126 143 156 82 55 168 177 194 99 83 101 68 59 110 67 91 4 192 166 185 186 135 31 58 35 75 127 42 21 12 119 163 119 1 169 86 129
1857 22 442 115 136 11 15 155 70 135 64 136 178 20 79 95 4 65 182 34 122 16 61 1 9 81 164 128 195 82 80 163 119 8 77 6 171 43 160 40 130 176 127 107 195 153 198
1858 22 532 22 134 183 95 101 43 47 110 123 10 189 69 43 68 32 161 27 60 166 197 55 78 188 184 53 67 42 47 24 194 196 45 128 178 91 28 21 138 89 95 147 77 164 190
1859 22 543 96 147 102 123 6 20 71 12 97 11 195 149 77 36 147 100 182 142 61 119 138 40 91 75 129 186 174 5 149 163 53 95 16 175 52 35 45 64 83 7 10 31 198 129
1860 22 630 134 179 22 181 39 141 119 30 183 193 158 168 166 115 68 80 167 114 96 93 82 89 181 165 142 147 130 139 76 64 69 49 196 59 141 114 89 124 59 198 91 176 112 159
1861 22 517 8 30 72 55 74 189 136 163 121 52 58 15 199 139 153 26 2 22 150 32 15 15 120 138 73 118 180 1 181 90 11 114 14 84 54 149 198 175 7 189 151 146 93 128
1862 22 519 99 66 1 48 98 167 63 169 104 87 86 36 87 19 125 46 181 38 59 16 92 160 14 18 112 20 158 14 117 50 141 16 68 141 15 165 108 29 85 163 116 171 150 154
1863 22 615 141 75 121 64 10 136 155 169 101 124 32 121 81 45 189 83 185 156 102 78 171 18 137 199 51 66 24 1 20 164 75 171 84 90 180 20 197 101 120 120 132 192 153 177
1864 22 640 133 187 113 88 88 190 10 105 126 161 158 177 26 182 129 197 145 3 167 29 44 99 40 199 71 160 130 15 112 58 147 50 171 34 137 160 196 193 86 156 150 14 181 131
1865 22 516 142 130 28 96 96 8 139 194 7 179 144 77 90 74 43 1 131 189 2 101 175 138 13 170 82 50 125 31 63 57 114 156 186 141 3 34 100 141 179 106 71 123 134 160
1866 22 513 148 177 112 78 117 113 131 91 2 143 60 83 192 184 66 6 41 131 113 178 23 115 11 122 7 142 27 78 64 112 189 11 40 101 157 165 122 47 167 16 107 1 159 42
1867 22 549 66 164 34 196 28 12 18 142 174 139 149 115 117 178 130 29 166 140 20 18 132 176 135 53 175 53 69 33 53 179 74 119 95 108 122 71 36 64 196 126 164 111 43 93
1868 22 526 40 23 10 132 42 180 63 170 114 67 144 166 87 176 18 66 49 88 160 108 106 81 130 141 96 126 66 11 188 60 103 27 82 113 158 76 92 172 197 157 39 140 122 77
1869 22 687 67 139 142 67 179 53 175 84 134 56 176 181 181 41 192 168 53 94 147 86 158 56 161 1 28 157 157 18 48 30 46 114 169 188 99 40 107 182 125 162 109 106 95 101
1870 22 572 49 14 153 142 160 39 52 16 151 4 195 60 113 164 107 142 9 173 110 148 140 11 93 64 172 1 121 18 102 169 32 6 63 191 44 66 158 147 69 104 181 67 16 123
1871 22 554 28 188 184 175 92 144 114 102 188 130 26 189 50 43 42 171 47 33 169 43 98 126 189 118 30 98 99 48 113 173 75 101 156 2 192 51 67 46 39 196 23 179 198 65
1872 22 444 20 168 43 18 152 11 60 1 136 200 118 117 97 168 117 10 140 143 62 48 96 5 98 163 50 88 110 72 66 107 89 37 26 83 7 177 93 18 129 180 18 47 49 66
1873 22 545 14 165 27 106 59 40 153 155 45 2 69 46 90 178 70 107 85 110 96 62 192 102 191 84 119 119 63 88 165 63 106 131 179 132 36 38 124 140 144 168 141 12 13 30
1874 22 593 189 34 89 25 143 184 87 134 37 77 169 155 147 32 195 64 46 100 194 25 183 181 62 106 120 157 25 60 168 190 42 108 23 82 133 166 17 171 99 53 47 20 159 193
1875 22 568 51 153 8 96 4 1 72 187 133 133 44 52 41 69 64 8 58 57 116 80 90 200 197 106 170 96 110 168 115 68 112 117 173 120 164 176 120 36 114 5 158 56 161 26
1876 22 570 71 120 35 79 187 114 168 186 111 25 155 158 134 74 24 154 186 92 78 105 7 5 176 194 119 180 66 28 188 178 5 10 97 39 89 36 104 8 21 166 185 128 75 70
1877 22 600 1 50 23 138 93 52 42 100 57 18 45 127 149 110 154 136 87 158 146 136 148 186 123 51 193 95 169 129 22 43 199 175 173 112 137 25 106 188 33 123 159 71 142 112
1878 22 523 159 181 21 104 68 168 41 190 18 185 84 138 114 58 181 112 184 25 36 47 113 60 152 101 92 26 133 2 49 26 7 158 85 62 177 52 54 118 22 38 154 159 151 11
1879 22 632 91 14 146 67 50 192 180 61 96 80 105 121 164 106 121 141 171 79 99 55 92 27 59 145 145 80 135 98 38 85 60 129 51 5 195 52 148 126 112 43 157 168 116 120
1880 22 654 74 36 61 196 115 111 2 158 137 60 103 81 139 37 178 129 73 189 57 75 193 3 126 141 129 190 183 85 109 50 157 134 86 169 152 79 131 109 167 190 163 48 81 151
1881 22 552 177 9 24 166 17 50 110 19 128 50 99 69 185 136 34 92 111 71 12 39 22 90 121 83 56 63 197 55 95 148 184 103 123 149 119 172 10 89 51 60 140 119 196 27
1882 22 564 96 181 70 6 52 81 196 25 170 69 59 177 131 56 32 177 155 15 79 77 115 149 124 189 51 135 128 169 82 154 64 63 175 21 66 55 169 90 24 37 101 1 119 156
1883 22 467 184 95 110 150 125 138 64 73 137 139 13 139 26 93 108 107 46 123 169 173 144 186 27 64 76 51 100 176 3 170 83 138 16 144 87 140 81 102 164 169 40 176 65 68
1884 22 567 167 124 66 89 92 38 184 78 64 47 105 66 98 32 20 67 109 34 9 195 173 41 96 136 161 88 152 83 186 27 100 75 119 137 10 148 153 9 4 170 58 187 142 125
1885 22 534 52 50 110 12 45 83 92 170 164 179 33 184 83 68 169 109 167 195 179 56 157 78 8 165 129 22 19 70 98 70 120 8 81 116 42 84 7 11 138 196 183 172 63 103
1886 22 541 80 181 50 11 36 158 88 195 74 121 124 95 91 145 145 161 64 104 193 131 29 90 107 28 27 54 162 198 116 16 97 17 39 84 174 79 79 47 151 2 94 41 146 38
1887 22 613 153 162 93 98 92 189 126 133 47 105 159 101 18 108 168 33 137 16 50 127 100 175 5 178 22 155 131 115 148 76 104 100 189 196 197 33 136 74 165 182 130 124 82 99
1888 22 494 183 50 84 119 17 133 46 116 59 2 45 80 157 175 194 56 3 49 155 191 44 104 175 131 129 140 113 59 15 146 109 197 147 192 68 164 76 65 79 135 66 76 14 174
1889 22 503 50 160 29 52 8 136 195 4 39 169 134 119 108 46 129 74 144 38 71 90 90 53 105 154 84 39 19 159 52 193 160 163 21 164 123 156 158 126 146 78 11 65 138 57
1890 22 467 193 11 152 30 33 41 59 122 94 115 75 129 153 94 39 156 38 198 119 10 161 41 118 70 15 100 128 79 37 136 24 199 87 5 32 128 105 173 129 180 53 81 25 91
1891 22 553 189 14 40 107 23 153 99 92 22 16 107 73 143 137 109 79 160 108 165 117 91 92 83 195 16 12 126 68 44 102 158 32 115 198 90 90 102 188 181 75 3 87 148 146
1892 22 553 24 56 135 115 188 3 157 32 86 104 47 97 29 115 92 131 124 45 173 13 74 1 67 149 3 153 96 100 128 103 123 15 170 63 17 78 94 102 181 140 198 10 6 90
1893 22 610 92 182 165 88 154 129 174 180 129 40 128 84 144 175 135 24 29 58 38 198 120 54 76 165 156 8 56 105 169 62 146 60 43 110 100 148 39 73 127 119 64 6 159 180
1894 22 511 89 182 9 98 19 158 17 73 185 181 28 193 36 132 161 49 78 173 43 139 72 143 129 96 69 200 159 75 153 69 54 193 51 14 90 69 172 58 93 156 190 72 148 178
1895 22 553 4 61 178 33 33 21 123 104 163 52 199 183 51 109 57 155 177 63 100 179 76 189 92 155 188 164 54 117 119 114 95 103 98 67 25 1 29 28 151 163 30 11 172 185
1896 22 500 140 34 84 118 61 24 117 12 22 161 166 162 76 171 30 194 85 124 48 182 190 24 135 170 52 37 133 81 104 17 139 89 8 101 77 112 49 37 29 162 64 200 192 57
1897 22 403 36 115 56 169 57 79 55 26 130 92 110 163 91 13 131 181 53 183 188 154 10 16 65 58 4 94 172 67 45 163 75 80 29 130 48 37 9 103 15 90 146 124 89 135
1898 22 666 168 141 117 107 94 126 123 111 135 126 4 58 193 200 20 19 79 1 149 126 189 109 180 3 150 125 127 106 112 15 40 79 155 108 138 1 185 60 111 71 66 129 129 65
1899 22 568 100 148 95 100 48 172 41 108 152 43 57 28 121 162 92 135 153 122 42 60 59 194 196 118 104 67 55 121 195 135 137 94 82 31 194 81 2 186 188 105 28 197 133 149
1900 22 564 158 24 35 111 145 76 122 4 21 118 73 76 184 127 196 178 14 84 71 47 114 16 128 68 1 67 172 181 63 56 129 21 31 115 83 128 191 156 163 73 155 39 8 34
1901 22 707 34 137 199 70 160 45 183 127 172 2 80 39 126 60 101 133 140 73 164 54 107 43 196 63 125 159 87 31 197 47 16 182 166 51 94 11 186 21 134 139 100 124 64 159
1902 22 586 177 197 50 49 112 103 108 106 51 170 182 9 8 164 157 54 132 138 189 97 141 82 107 78 102 41 16 1 164 80 111 140 28 160 91 15 48 196 65 169 129 25 176 92
1903 22 565 181 30 23 70 170 120 10 51 178 39 105 170 55 57 86 86 168 177 65 79 117 155 45 116 102 61 84 30 85 12 73 65 193 96 87 162 167 96 12 96 116 66 141 173
1904 22 531 103 26 92 79 90 122 148 196 167 63 49 27 99 78 64 110 102 128 149 14 15 115 62 26 163 148 94 180 40 18 82 17 109 160 58 182 59 53 122 101 127 172 130 190
1905 22 589 33 31 69 86 180 35 100 46 48 77 160 147 170 139 138 187 20 154 47 132 11 29 190 63 128 63 115 6 186 196 147 18 26 168 103 157 154 2 155 1 79 114 99 200
1906 22 630 53 36 139 24 141 185 107 151 165 49 45 111 79 2 49 26 149 66 51 68 169 160 21 122 66 173 179 71 183 58 90 159 198 26 65 100 191 65 64 187 128 94 188 176
1907 22 493 119 88 41 121 107 161 80 127 83 145 99 34 76 121 33 58 130 74 168 127 100 185 178 90 49 41 28 176 134 167 151 4 7 192 125 113 152 156 40 186 53 90 20 128
1908 22 550 11 4 137 140 78 105 19 177 89 148 18 137 189 45 113 74 15 78 169 6 2 82 110 109 121 95 161 10 114 88 172 118 177 64 147 81 34 123 181 140 9 169 136 73
1909 22 525 195 98 88 24 67 45 25 148 106 85 68 1 46 29 66 133 153 135 61 16 81 141 49 155 13 181 94 22 102 29 96 79 181 119 145 178 95 92 83 179 111 83 176 91
1910 22 388 101 61 43 187 121 10 20 62 10 174 74 191 68 47 92 48 141 139 126 73 57 22 50 103 113 133 33 175 167 9 18 19 69 60 6 189 22 25 2 31 198 76 21 17
1911 22 516 74 64 17 14 2 142 87 10 116 88 112 180 20 97 155 187 105 124 5 173 183 162 113 4 186 115 187 136 142 7 152 15 71 120 29 24 14 67 34 129 154 97 108 126
1912 22 587 193 14 112 49 137 68 173 72 182 86 27 119 13 54 93 20 158 107 42 77 87 65 90 153 50 18 59 147 78 184 91 91 47 140 180 66 51 47 149 77 166 148 171 40
1913 22 608 61 80 99 54 157 185 70 198 90 120 168 148 18 45 83 60 135 129 199 66 146 63 116 145 11 145 62 111 186 32 102 198 112 200 51 20 185 72 17 26 191 184 173 160
1914 22 553 28 7 20 115 87 170 180 32 184 48 176 147 192 189 57 177 21 158 174 84 158 176 103 94 47 71 119 190 55 43 101 34 49 72 100 135 42 32 118 177 79 46 123 22
1915 22 550 34 179 198 6 137 123 89 46 98 143 139 144 14 9 85 20 51 186 53 99 57 105 185 50 136 102 27 166 99 149 187 133 80 136 138 168 58 179 165 155 121 103 50 86
1916 22 493 111 135 105 113 72 110 11 128 14 147 178 101 156 66 99 56 4 183 87 139 54 196 50 18 102 123 103 8 134 189 113 46 60 22 8 188 187 154 117 87 106 24 104 4
1917 22 499 79 107 138 166 45 9 171 192 11 141 93 85 12 195 92 98 184 156 95 195 129 103 134 67 8 2 105 65 25 8 20 56 66 157 173 110 118 143 53 80 83 145 164 47
1918 22 534 92 7 144 27 115 190 173 43 44 107 110 4 108 166 68 133 174 88 140 39 112 101 113 54 153 192 89 50 155 135 93 114 30 71 28 19 43 70 15 149 131 18 9 97
1919 22 586 85 141 22 172 32 12 168 143 112 80 148 17 72 36 66 178 122 110 91 151 180 118 140 136 123 22 153 131 70 189 23 43 113 54 55 80 196 166 111 143 134 134 131 199
1920 22 451 112 52 60 154 3 39 24 76 13 115 163 135 88 115 65 158 55 87 167 140 6 46 87 172 109 181 57 42 111 8 105 163 67 59 117 58 34 144 70 100 106 4 187 172
1921 22 602 20 96 26 58 48 145 197 53 142 35 176 50 167 33 92 78 40 148 192 106 158 60 163 191 3 184 90 60 187 29 31 158 124 8 15 171 152 163 24 94 199 143 164 183
1922 22 642 186 193 22 134 136 80 91 195 194 34 197 178 75 8 164 103 38 122 27 45 88 197 51 172 42 47 171 184 162 153 122 106 127 7 41 6 97 35 199 82 183 176 157 190
1923 22 505 92 59 179 165 37 24 52 34 172 102 5 165 101 127 100 14 32 21 120 110 27 160 67 76 147 65 157 129 193 65 71 36 76 49 152 112 24 155 97 147 9 54 111 61
1924 22 547 132 11 74 163 31 145 72 10 105 138 85 3 155 193 83 99 58 153 86 133 2 189 196 177 143 93 124 103 146 34 163 77 44 189 192 27 133 15 36 189 120 191 11 64
1925 22 579 74 61 121 178 146 5 131 134 1 108 28 93 31 131 190 64 93 18 60 81 9 86 166 176 154 80 192 145 42 55 170 102 128 147 47 132 78 132 132 137 159 176 167 41
1926 22 542 165 182 86 135 193 166 143 78 131 70 150 37 149 93 133 190 100 102 43 27 89 158 29 172 42 165 83 17 123 134 17 8 68 161 126 162 39 8 32 140 44 132 185 176
1927 22 625 74 84 29 116 110 29 157 19 9 128 60 174 162 29 8 85 176 44 181 137 169 142 127 177 125 66 172 57 50 100 130 85 128 197 194 156 153 13 117 33 72 90 100 49
1928 22 484 30 13 25 74 193 161 42 87 39 170 11 104 94 19 106 193 100 190 120 97 136 28 1 148 144 185 171 185 179 23 33 8 35 9 81 180 121 75 66 159 196 28 15 89
1929 22 415 47 72 81 98 13 153 194 148 132 147 75 131 18 11 61 40 195 69 26 4 101 5 76 127 22 187 123 50 1 11 48 72 44 145 84 148 91 184 79 37 30 105 119 47
1930 22 543 115 180 38 109 16 64 100 172 92 27 194 78 101 195 78 63 42 101 106 138 136 5 180 119 83 168 187 87 99 53 18 89 162 17 104 177 68 75 94 20 145 146 14 174
1931 22 518 9 7 74 114 97 162 71 76 80 153 44 132 92 130 31 144 99 119 105 115 174 34 182 48 101 28 20 46 173 33 171 181 192 45 47 88 6 117 163 37 21 158 121 112
1932 22 326 39 151 56 137 21 112 51 194 145 185 41 46 12 12 43 184 45 13 117 188 9 115 27 166 31 141 155 3 99 75 115 137 25 170 74 45 81 76 38 26 60 30 23 71
1933 22 541 42 17 7 38 181 75 177 190 189 3 107 171 143 61 173 41 135 87 130 111 8 155 155 41 30 144 18 42 126 40 64 119 70 108 188 96 84 129 36 86 6 180 96 131
1934 22 567 21 31 169 102 141 177 56 48 37 143 186 78 68 177 142 138 184 163 45 123 11 80 52 46 165 87 145 134 134 117 116 102 18 9 30 25 198 61 150 135 91 170 111 32
1935 22 574 107 94 146 104 169 156 183 20 2 100 58 5 44 143 138 112 59 191 81 67 21 105 74 170 117 23 105 7 192 15 190 99 61 88 181 43 136 200 196 35 9 200 30 151
1936 22 466 89 141 161 80 21 27 52 77 100 21 146 123 77 152 114 44 94 164 56 181 117 36 175 53 187 171 87 147 122 117 97 163 9 10 42 30 36 45 58 136 17 3 10 94
1937 22 575 107 75 89 200 39 144 132 107 179 106 159 117 28 198 63 102 66 111 64 74 120 57 55 156 101 113 43 117 67 4 162 173 78 50 124 68 145 55 175 75 113 85 191 92
1938 22 550 82 53 193 147 164 56 173 35 112 27 142 164 91 184 33 158 139 194 130 17 196 54 36 140 108 10 15 172 95 157 64 128 10 56 75 125 47 111 127 25 53 43 116 36
1939 22 463 75 73 175 20 2 143 15 7 178 107 67 188 121 38 34 29 53 161 38 61 187 114 124 185 25 2 10 77 44 125 64 70 149 190 90 102 132 104 109 62 162 127 1 34
1940 22 512 164 34 63 169 146 52 29 133 166 104 117 142 105 126 170 101 2 33 102 175 11 4 58 67 64 119 28 142 71 62 104 124 25 2 175 53 134 92 156 50 33 13 128 154
1941 22 622 65 81 139 186 135 113 197 90 170 63 105 41 90 46 111 151 102 167 74 127 168 49 179 53 92 87 54 125 99 181 78 163 14 168 148 148 80 144 189 2 6 93 194 48
1942 22 501 138 104 198 39 22 24 165 189 24 96 193 115 182 47 39 80 27 69 194 192 36 141 91 68 37 79 69 194 123 14 41 60 117 191 51 91 14 167 31 37 62 24 151 43
1943 22 469 70 142 74 48 162 67 40 149 160 82 16 148 113 36 141 35 49 134 95 118 124 97 8 89 63 38 125 125 61 75 119 130 168 193 130 129 11 169 78 122 2 45 69 114
1944 22 629 81 162 101 81 95 147 198 170 43 5 58 105 195 134 181 55 160 100 137 128 44 18 8 54 186 85 128 139 130 196 5 162 157 105 42 3 51 40 124 93 196 133 197 190
1945 22 597 66 130 197 178 29 85 105 72 102 112 77 39 149 4 129 30 152 133 191 60 37 184 15 87 175 138 179 171 23 128 112 88 57 60 65 37 96 121 60 149 185 136 187 133
1946 22 478 92 68 114 195 56 54 37 39 20 123 14 110 54 136 132 181 47 171 189 59 188 25 154 60 84 103 44 171 41 128 108 41 8 60 96 14 135 33 170 100 94 23 35 25
1947 22 587 155 81 148 95 91 135 119 45 194 154 99 38 77 91 117 42 151 158 2 10 5 15 57 91 199 26 190 45 49 24 69 155 16 50 147 102 120 143 96 26 193 85 54 36
1948 22 587 1 95 186 110 96 147 67 62 3 157 13 180 147 57 180 122 77 135 130 45 136 29 146 55 171 193 32 116 85 151 30 132 88 91 179 186 157 193 140 114 119 12 165 99
1949 22 665 133 41 185 63 37 120 43 183 126 13 127 110 80 156 194 30 77 69 75 56 54 184 193 97 156 64 60 120 114 144 112 98 158 149 169 200 83 46 165 9 155 44 164 149
1950 22 513 26 100 177 94 127 32 100 110 31 44 158 186 107 17 57 20 112 169 69 70 37 69 151 83 33 111 189 77 27 137 102 126 114 147 52 97 198 113 80 42 70 17 38 74
1951 22 549 72 150 194 140 19 62 129 39 164 163 74 151 100 52 40 153 178 105 99 181 153 97 94 32 90 115 49 189 60 54 67 152 24 80 80 62 195 194 85 20 96 184 135 136
1952 22 559 49 191 187 29 144 35 74 127 124 189 175 112 93 200 98 18 75 121 97 106 134 43 99 19 63 194 154 134 81 42 23 28 114 166 62 188 45 185 128 19 48 20 171 171
1953 22 485 117 188 45 189 37 150 122 79 92 141 146 46 26 178 87 159 66 73 118 127 12 162 63 139 132 62 110 102 33 26 42 29 166 78 131 87 156 130 49 27 176 74 14 185
1954 22 596 156 31 9 25 109 20 138 171 110 21 184 19 75 16 196 116 197 161 145 127 199 52 8 129 100 187 56 126 142 21 62 49 51 22 25 159 41 162 129 102 135 113 120 9
1955 22 541 80 115 76 28 27 172 154 25 23 114 106 75 100 161 152 41 182 13 42 32 186 66 191 26 28 71 79 114 135 198 74 167 64 149 194 90 72 100 66 94 13 171 120 112
1956 22 498 84 71 104 65 35 145 48 20 11 38 197 190 61 75 103 195 24 176 113 87 76 107 128 99 6 146 192 18 68 112 81 151 134 136 167 169 33 15 140 195 4 89 184 64
1957 22 616 163 38 11 139 165 123 177 192 181 105 90 186 2 33 155 69 144 187 172 30 75 138 150 107 152 89 101 108 36 123 92 25 133 30 189 8 6 132 188 62 21 126 63 53
1958 22 431 32 84 149 19 55 130 45 144 79 151 48 119 3 155 38 77 139 62 162 120 2 121 125 133 108 139 105 185 153 109 17 36 57 187 42 138 31 138 16 133 185 87 135 139
1959 22 661 134 172 167 24 185 128 143 186 19 70 108 157 174 44 62 82 12 49 91 198 28 180 196 112 164 82 198 102 169 20 190 105 100 132 42 99 150 111 158 59 36 2 120 70
1960 22 492 13 168 112 163 10 91 94 189 86 6 152 119 3 5 85 124 25 74 180 76 157 22 174 59 84 132 117 72 188 141 49 107 4 11 69 94 57 9 132 14 161 50 16 117
1961 22 593 135 91 93 160 23 168 117 196 142 175 79 25 43 102 109 182 194 157 40 197 120 108 91 176 174 189 29 23 156 97 199 190 69 21 157 137 168 50 63 46 74 57 100 182
1962 22 478 38 93 91 29 42 162 137 84 89 5 57 29 33 31 184 81 140 134 70 160 106 179 48 73 28 110 71 102 118 122 35 107 166 77 135 7 126 27 98 154 11 129 90 92
1963 22 589 20 175 161 131 81 139 178 105 119 39 127 172 156 48 6 62 14 83 196 172 72 19 198 45 63 103 56 143 192 99 162 167 59 92 199 150 21 55 68 59 182 39 29 196
1964 22 512 27 194 30 175 166 102 145 179 51 141 41 153 148 184 97 46 15 57 189 165 158 9 19 25 20 152 33 181 162 12 126 144 138 91 197 82 69 47 22 62 151 122 45 199
1965 22 504 167 141 13 23 81 129 180 42 148 156 61 99 122 45 31 36 8 157 179 145 47 175 178 68 173 200 129 123 73 125 74 39 17 86 14 50 15 145 91 114 53 103 164 126
1966 22 636 99 195 161 107 103 91 51 101 65 181 168 189 180 48 64 4 172 137 42 141 22 7 190 188 152 32 53 4 134 17 129 32 163 42 90 65 132 93 165 149 73 85 137 4
1967 22 477 132 200 7 56 136 48 196 110 55 185 49 158 16 102 113 101 118 41 84 80 34 174 96 166 66 60 114 138 144 2 93 28 2 99 83 89 98 78 198 104 14 47 61 181
1968 22 558 100 173 81 169 166 164 48 199 89 95 116 154 154 181 43 50 183 135 77 136 185 111 24 83 140 174 186 153 20 199 85 71 171 117 39 88 80 38 87 121 132 154 26 85
1969 22 625 135 21 86 69 107 114 4 92 24 179 174 163 152 111 67 123 109 151 193 32 31 119 99 68 157 171 151 111 196 36 197 16 73 17 123 187 20 166 162 198 139 77 102 1
1970 22 565 143 24 110 46 169 93 64 199 11 114 19 168 36 169 30 32 156 178 199 181 194 121 167 165 38 80 114 176 15 129 51 191 190 48 159 82 63 109 44 129 127 163 164 48
1971 22 602 192 195 155 121 194 135 114 66 53 30 104 133 144 31 40 110 111 90 100 100 89 58 133 152 167 177 80 45 139 195 44 83 190 199 3 135 85 69 152 138 98 7 22 41
1972 22 520 190 61 151 100 103 2 152 143 60 84 46 178 77 22 199 72 66 81 13 16 35 147 100 103 50 37 1 57 10 193 198 23 95 97 125 97 48 19 156 84 65 133 143 141
1973 22 596 106 93 12 123 125 24 138 160 122 38 62 124 74 14 180 36 7 129 58 101 25 134 197 25 152 104 108 16 188 2 109 94 95 120 168 19 96 106 130 169 143 192 92 168
1974 22 572 5 23 3 163 151 60 64 128 193 12 152 97 116 11 55 164 172 100 58 92 68 29 139 173 158 107 115 101 34 106 173 37 124 48 83 3 95 154 89 162 168 79 76 68
1975 22 499 89 119 135 117 57 59 26 115 125 127 65 158 184 38 146 3 113 194 86 115 138 132 20 178 45 87 129 12 165 4 31 5 74 117 73 130 175 99 51 25 61 9 8 98
1976 22 537 154 10 162 99 47 76 188 178 165 174 133 46 138 50 1 168 54 75 37 127 4 163 177 200 14 1 61 22 160 110 127 121 72 178 168 99 97 98 130 23 30 175 31 175
1977 22 573 79 37 49 115 115 5 78 91 156 91 43 16 64 2 142 74 101 71 193 199 188 90 48 117 112 30 23 60 169 101 170 168 162 126 45 52 81 87 46 97 102 199 126 43
1978 22 529 73 26 66 65 176 53 106 24 121 169 53 115 191 64 83 44 112 4 11 73 129 7 77 162 93 122 10 194 135 188 145 160 9 135 57 115 158 177 162 91 26 26 126 69
1979 22 428 137 81 31 161 162 37 37 123 81 111 132 74 183 66 13 127 25 18 87 111 26 153 21 3 188 182 45 13 7 122 33 95 3 15 56 164 51 44 86 131 154 17 156 88
1980 22 515 34 120 166 10 137 5 120 163 157 140 117 96 74 113 60 32 35 92 127 189 58 182 152 108 25 189 190 131 5 97 170 190 17 88 199 105 92 118 19 48 10 87 96 83
1981 22 521 155 114 34 199 40 174 56 173 125 116 150 113 105 32 69 2 1 58 170 88 8 74 131 125 93 131 134 179 26 168 130 180 115 178 25 88 198 12 149 99 76 5 96 6
1982 22 462 82 105 127 122 112 1 52 189 45 134 74 175 159 42 105 139 75 19 116 99 59 101 48 22 1 146 98 6 27 145 163 61 50 90 134 113 90 137 101 86 71 175 60 29
1983 22 521 16 116 167 42 87 35 92 145 166 88 37 15 93 16 160 7 28 161 96 161 25 137 97 126 22 167 100 34 148 67 101 114 60 187 103 83 187 194 49 26 183 15 70 198
1984 22 465 126 76 25 86 124 185 111 60 33 188 34 152 39 19 99 105 119 12 116 106 64 18 188 50 12 188 27 194 3 96 143 128 171 167 166 94 103 28 106 87 15 91 38 53
1985 22 631 109 136 179 100 176 36 163 193 164 156 190 149 117 37 91 197 7 9 162 53 63 141 110 150 107 200 139 111 60 75 171 38 126 146 74 40 90 49 3 46 144 146 80 132
1986 22 509 189 76 138 149 142 12 81 3 113 187 154 51 97 13 77 19 3 2 164 76 41 5 76 195 50 38 90 148 69 21 136 96 111 84 36 4 47 116 7 159 54 160 162 150
1987 22 545 125 190 120 127 192 83 154 184 88 29 131 89 18 172 36 87 145 171 134 55 7 170 10 53 85 16 164 91 128 125 52 114 112 178 57 194 193 33 111 75 74 128 46 109
1988 22 640 166 190 32 100 196 38 21 6 42 57 5 147 100 129 139 151 195 50 80 51 162 195 28 72 69 53 152 115 161 69 104 144 120 100 133 140 105 175 197 77 179 143 177 60
1989 22 479 81 79 54 82 111 56 77 72 51 56 96 119 108 199 33 20 67 89 164 187 140 96 126 196 70 74 72 1 169 200 60 49 31 65 83 141 120 159 122 166 11 41 73 9
1990 22 487 25 44 28 113 159 14 4 55 91 199 76 117 23 28 85 174 87 85 103 167 96 175 125 60 42 70 136 66 31 113 110 58 68 23 181 74 113 179 150 29 153 177 65 127
1991 22 569 16 150 82 70 116 178 44 193 189 140 34 10 27 100 40 139 161 97 180 119 96 54 184 26 155 164 179 83 29 105 50 178 186 120 93 115 163 37 103 54 71 113 81 122
1992 22 475 104 19 34 1 134 13 71 181 18 54 7 172 170 185 55 198 41 56 127 26 175 171 93 90 8 195 143 30 59 175 103 163 194 136 115 79 100 137 60 118 89 112 2 95
1993 22 572 61 42 103 187 19 77 157 63 118 116 58 13 145 68 187 47 182 132 134 48 11 34 185 22 151 127 39 191 38 192 98 185 140 36 3 168 144 66 86 60 75 98 156 94
1994 22 545 84 155 28 168 88 75 130 73 59 151 175 185 141 166 174 84 155 23 68 94 58 22 61 154 87 98 13 113 147 168 159 183 122 186 150 162 60 79 186 71 29 161 7 121
1995 22 576 78 133 4 32 155 71 77 165 44 89 118 131 139 130 195 85 49 105 67 123 90 16 36 102 94 21 172 74 181 130 146 10 62 149 41 17 171 69 133 15 158 50 97 48
1996 22 434 131 43 132 131 148 199 53 189 14 88 90 60 61 13 85 41 143 31 51 156 43 172 54 112 56 20 21 105 68 68 35 110 151 118 9 149 170 150 115 10 39 174 70 4
1997 22 582 10 62 98 40 64 53 171 107 177 176 170 32 195 142 89 62 161 75 123 111 192 84 12 162 33 126 71 51 26 60 5 75 52 69 128 174 127 56 149 96 87 95 189 127
1998 22 584 156 101 2 30 11 193 113 174 106 145 51 28 168 101 171 193 128 68 164 196 147 89 122 2 37 169 40 131 157 119 38 57 120 67 19 64 180 145 170 76 195 149 43 96
1999 22 585 72 36 160 199 55 75 194 153 163 67 106 151 35 97 33 143 15 70 151 134 88 121 198 19 65 119 95 60 67 137 107 138 124 66 136 130 92 129 82 6 147 187 156 181
