500 22 293 79 84 94 62 27 184 87 90 10 15 8 159 88 3 59 69 65 92 18 83 26 10 25 83 64 103 48 152 60 30 53 43 39 79 77 120 36 192 28 147 82 157 99 147
501 22 301 1 116 81 78 77 105 60 93 59 107 44 84 66 25 43 118 67 81 49 45 58 68 33 1 47 179 79 29 87 129 27 87 96 107 65 24 64 124 16 122 83 159 5 48
502 22 267 35 48 18 154 80 66 98 137 33 30 37 80 60 67 47 147 86 85 42 44 49 166 7 125 81 129 92 85 6 78 84 23 31 164 88 181 52 21 10 141 22 159 11 120
503 22 215 6 48 4 47 91 5 12 98 81 45 26 187 88 62 44 65 46 67 48 109 28 112 78 37 52 129 10 11 29 116 38 33 14 129 37 78 17 122 3 55 61 64 50 125
504 22 340 9 68 72 69 74 151 33 3 40 184 84 49 94 74 78 61 64 62 75 192 98 52 69 166 25 123 85 186 21 109 47 89 67 14 83 99 16 122 99 171 28 125 100 41
505 22 315 88 61 15 131 10 18 51 27 42 173 98 78 58 170 86 56 70 23 23 105 73 39 78 155 89 100 35 165 99 175 52 111 41 34 20 110 84 46 56 195 28 14 65 65
506 22 258 21 174 87 43 97 91 16 187 68 22 27 168 8 192 18 82 43 129 74 129 83 12 46 85 40 164 33 56 29 53 30 167 48 178 57 163 64 76 36 142 95 44 13 77
507 22 266 28 93 3 156 92 85 67 89 70 34 29 85 18 36 13 71 65 79 42 87 32 157 15 167 99 109 62 183 73 191 10 165 93 117 57 77 36 45 98 21 25 83 39 61
508 22 266 47 109 77 178 78 119 16 9 27 130 25 39 89 108 11 31 69 28 23 138 84 51 73 180 1 193 57 35 31 17 81 91 45 110 68 163 26 76 90 55 3 66 43 125
509 22 295 8 73 46 135 47 83 70 97 55 49 97 199 57 83 82 125 64 72 25 140 32 2 67 73 69 91 53 163 15 160 87 160 85 194 16 130 99 72 13 180 28 51 66 152
510 22 279 42 49 54 109 74 162 29 164 66 144 78 78 82 90 23 67 83 190 48 83 57 29 81 128 93 12 76 172 14 41 8 42 16 115 96 78 59 139 7 136 21 96 11 87
511 22 304 79 152 86 61 8 166 93 135 59 56 63 130 69 155 5 176 96 185 43 62 78 139 39 89 77 146 24 49 41 186 35 171 89 72 31 96 38 75 83 148 30 145 51 99
512 22 251 34 78 47 18 21 108 48 159 99 136 87 144 11 36 36 97 22 59 37 194 41 33 83 116 15 130 97 111 6 147 61 191 25 7 9 45 67 8 55 65 43 93 60 53
513 22 212 28 47 1 2 5 38 95 146 22 129 61 36 58 57 98 15 56 58 6 132 17 166 83 173 82 99 15 174 19 54 4 20 55 9 9 1 54 30 29 166 38 174 14 152
514 22 289 29 123 9 12 91 74 39 173 46 20 71 112 80 31 51 184 2 5 44 10 57 97 37 62 55 174 87 120 77 116 42 186 79 133 11 18 89 80 20 134 59 102 84 94
515 22 277 3 40 37 112 48 85 2 184 98 156 9 85 75 186 52 69 23 30 53 85 47 161 93 36 40 165 21 151 66 157 96 169 33 32 69 134 79 167 89 188 51 116 25 2
516 22 312 36 199 83 40 30 200 76 17 92 140 37 94 57 93 89 125 93 73 88 142 42 166 8 82 5 110 97 29 63 84 27 45 23 62 74 75 90 66 28 179 11 84 99 161
517 22 265 15 24 17 102 10 20 76 191 24 85 40 105 47 23 83 143 98 96 32 58 41 11 88 51 11 1 7 177 75 31 84 50 74 125 51 113 81 97 16 40 85 111 8 108
518 22 282 95 17 48 5 5 50 51 167 50 57 74 131 25 165 66 174 80 40 30 104 31 79 91 198 70 175 9 29 34 103 97 33 7 153 82 110 19 132 18 166 57 1 90 121
519 22 254 66 16 52 105 34 9 48 164 51 46 85 126 6 13 11 8 61 144 14 25 75 184 8 93 49 64 93 39 37 158 54 88 15 71 73 175 70 136 25 67 20 2 72 84
520 22 339 13 179 45 8 58 32 71 141 92 63 90 155 7 80 43 65 85 83 31 107 55 157 76 143 81 195 14 35 66 98 99 97 94 106 41 3 89 63 95 180 26 136 87 32
521 22 267 15 81 48 51 63 78 57 18 86 133 60 19 27 173 53 44 22 103 40 115 8 32 69 96 95 164 28 172 99 66 55 66 46 3 16 109 32 73 78 18 37 36 35 161
522 22 289 40 30 35 142 70 1 1 153 48 199 33 175 83 192 25 100 38 79 68 198 10 192 75 79 63 66 34 175 57 115 9 198 36 110 98 189 79 46 87 163 72 109 97 116
523 22 245 85 49 53 63 16 2 24 159 28 3 58 90 20 143 77 57 25 74 93 186 33 116 21 171 30 44 79 178 59 63 26 163 64 1 51 191 55 160 32 174 2 48 50 111
524 22 242 24 76 55 109 51 187 71 157 5 66 36 182 25 50 8 187 27 152 3 127 45 81 14 77 6 68 76 56 78 199 83 84 59 33 70 34 38 120 65 19 96 15 35 93
525 22 281 30 137 71 184 81 51 97 57 8 16 84 63 45 82 28 140 29 97 73 183 27 162 55 191 50 157 10 184 49 39 72 19 74 53 21 123 61 29 38 145 43 83 78 140
526 22 261 10 118 20 159 42 3 85 156 9 127 36 110 84 197 94 84 65 55 61 169 75 83 82 55 73 126 50 55 3 141 16 172 60 26 66 162 62 121 22 89 8 32 24 4
527 22 338 77 7 91 193 61 152 62 88 86 143 94 158 20 143 64 74 83 80 98 43 5 115 56 19 35 78 7 194 30 149 37 188 92 129 49 195 90 88 80 184 81 90 55 76
528 22 279 53 181 58 84 78 152 41 92 60 159 89 65 23 149 46 171 85 33 62 13 33 8 55 120 88 190 29 97 28 81 77 37 65 6 5 97 48 15 26 88 31 148 36 76
529 22 289 70 72 60 84 36 93 91 90 64 30 32 16 58 128 43 91 56 132 55 161 20 111 9 119 77 134 6 107 33 41 82 54 93 137 99 37 80 141 1 9 72 168 19 51
530 22 359 63 109 58 194 15 118 65 177 26 183 53 11 40 159 95 132 92 200 84 137 93 121 68 33 73 76 56 192 94 6 54 154 99 68 32 63 44 109 97 96 71 136 67 145
531 22 304 65 61 81 153 6 101 20 138 25 47 94 116 93 51 70 46 66 168 14 197 83 109 79 5 76 115 10 193 33 107 9 146 87 161 51 139 32 188 63 178 78 22 84 99
532 22 281 68 49 19 133 97 1 41 54 31 197 30 197 59 174 65 182 75 103 94 125 25 64 3 154 80 176 79 195 76 149 71 30 11 76 78 136 57 42 17 31 44 162 7 136
533 22 301 38 170 43 66 69 170 97 199 64 128 95 42 4 95 65 85 74 84 47 1 61 182 57 54 50 139 49 11 84 100 66 121 42 184 41 112 32 140 27 60 86 21 15 181
534 22 261 85 199 6 168 45 58 80 178 66 33 27 104 81 189 52 16 88 169 28 92 36 167 19 95 53 139 9 33 75 159 90 94 55 147 73 132 12 105 10 167 37 98 18 52
535 22 319 37 186 91 117 90 118 61 125 85 79 19 137 69 179 21 95 62 188 43 108 60 174 16 35 4 84 54 107 20 91 97 88 80 114 48 104 98 78 74 86 58 92 92 119
536 22 314 31 134 78 90 59 196 57 93 84 60 76 37 66 147 28 162 87 107 34 163 25 64 88 63 61 192 72 105 83 91 35 169 20 177 27 168 33 72 51 145 99 88 62 146
537 22 311 67 24 84 25 51 117 39 27 32 127 89 193 70 13 49 152 55 135 20 74 11 99 41 196 92 92 68 131 53 65 97 176 48 73 78 17 12 5 90 45 59 57 40 62
538 22 290 63 75 82 137 37 32 77 84 1 20 75 120 50 128 85 198 55 84 23 185 86 141 91 33 94 183 56 9 27 144 45 58 73 181 10 92 7 130 34 66 43 41 49 165
539 22 306 77 1 50 117 24 53 90 8 98 24 54 6 32 32 49 129 42 21 9 51 65 15 58 1 97 200 93 98 17 169 66 37 89 138 1 87 62 6 92 193 38 192 21 31
540 22 272 65 181 81 29 48 165 38 148 13 189 92 10 5 60 7 123 96 3 16 136 93 68 74 54 17 46 63 9 19 93 73 99 25 153 46 41 42 145 54 130 36 163 87 47
541 22 301 70 61 94 24 76 30 16 195 3 169 68 20 67 82 80 37 26 104 87 3 56 133 43 197 29 196 78 17 59 64 63 180 24 157 55 51 38 23 46 92 65 63 61 99
542 22 308 42 97 24 145 84 26 52 68 69 100 96 16 30 112 74 193 27 105 35 12 71 172 34 116 15 128 33 78 89 31 85 54 68 68 32 119 87 100 46 41 44 124 97 64
543 22 283 58 60 35 81 93 2 96 21 34 173 9 116 43 45 70 10 13 1 81 151 52 3 85 118 54 83 10 49 6 159 65 164 18 199 44 111 91 83 38 63 53 58 87 74
544 22 254 19 151 26 99 2 77 1 186 47 106 68 8 55 26 66 19 89 184 69 184 46 120 75 128 9 89 22 62 98 8 35 117 11 161 15 12 49 87 25 169 95 79 94 60
545 22 264 49 182 43 17 17 88 89 143 67 197 84 88 10 81 48 97 97 158 9 164 21 197 83 69 36 107 37 130 38 30 41 186 63 184 3 32 23 43 26 142 91 109 81 1
546 22 287 90 28 97 138 37 57 53 57 5 35 78 40 42 66 69 79 48 62 16 162 70 193 71 12 19 112 3 27 45 155 68 24 58 161 59 110 63 145 46 55 38 64 75 68
547 22 234 11 36 83 72 32 53 17 3 16 135 66 170 13 110 76 33 34 78 90 46 88 151 14 103 47 12 57 36 75 131 55 137 19 138 8 150 42 176 4 157 10 170 79 175
548 22 288 79 154 59 164 84 200 9 71 50 23 25 149 34 33 60 116 39 196 28 155 83 69 87 177 92 8 55 118 86 9 76 2 44 75 10 14 91 125 17 123 8 28 38 146
549 22 244 75 71 25 82 6 93 64 44 22 107 51 28 88 188 52 89 31 127 97 103 34 187 27 3 61 134 30 99 32 157 21 8 38 78 1 153 74 11 23 101 35 163 89 39
550 22 254 3 19 65 53 15 67 87 53 45 89 14 130 70 164 61 26 36 169 21 119 86 46 30 61 46 116 23 186 54 25 5 118 78 71 16 124 80 4 89 62 73 152 22 51
551 22 273 87 142 17 52 14 136 38 111 98 57 32 72 94 38 96 198 7 125 21 43 40 96 74 195 84 35 20 35 9 22 73 102 25 168 78 141 63 86 34 80 62 181 29 120
552 22 289 58 49 62 49 44 88 79 74 63 13 34 84 38 136 73 114 55 198 27 132 90 141 70 66 74 49 6 29 99 15 78 112 64 173 7 152 25 169 16 58 4 5 93 76
553 22 254 18 199 25 44 83 115 36 52 32 161 52 11 67 80 9 181 20 196 82 71 2 185 95 22 4 25 5 97 53 22 47 77 29 143 80 75 66 31 85 32 63 45 64 171
554 22 246 16 160 52 186 13 36 32 35 88 136 11 144 84 63 65 30 92 134 59 34 39 90 8 104 73 144 87 135 2 105 4 113 9 41 26 96 25 160 83 160 22 78 95 185
555 22 268 43 76 76 128 86 61 18 76 69 21 48 112 59 34 52 61 38 107 25 198 47 50 94 171 61 28 82 83 6 128 19 100 4 46 79 141 97 16 26 69 15 90 28 148
556 22 293 41 140 38 47 64 35 45 66 28 68 26 108 1 60 65 29 78 64 84 123 42 124 81 138 92 6 59 6 95 38 54 35 29 143 33 144 77 178 9 57 87 116 46 80
557 22 285 25 124 43 108 98 136 84 178 26 75 32 78 21 137 65 101 79 97 44 8 53 64 70 39 67 84 58 43 59 152 51 109 87 86 38 112 12 173 47 143 3 67 80 67
558 22 213 67 110 15 163 17 141 80 162 5 110 40 119 23 151 70 25 59 157 10 48 20 173 21 67 85 146 41 4 56 155 66 172 47 132 4 161 36 13 75 132 14 125 1 138
559 22 312 35 109 99 183 81 171 3 147 38 25 83 183 17 186 90 123 62 170 34 65 82 169 77 73 96 160 87 20 13 76 55 21 27 89 53 149 91 199 86 67 21 83 19 110
560 22 273 5 174 71 126 7 87 59 128 16 32 23 75 18 194 87 45 60 71 88 12 20 30 63 157 96 96 29 130 66 139 39 161 64 98 77 115 54 151 89 123 44 128 19 44
561 22 305 87 190 83 50 61 13 12 69 8 59 98 190 25 188 76 115 91 164 99 113 40 13 18 90 54 140 86 81 11 181 19 200 63 168 75 132 32 35 90 181 24 166 68 51
562 22 263 33 68 41 196 66 106 36 131 23 177 84 15 62 164 25 142 82 176 57 1 39 31 32 170 17 122 51 192 70 42 71 137 35 67 55 92 54 137 20 132 44 135 56 137
563 22 186 16 83 45 168 73 176 43 144 36 11 14 129 34 103 15 100 9 6 5 45 72 86 3 81 50 11 70 117 84 118 41 135 12 185 7 8 20 70 21 48 75 115 2 183
564 22 287 20 158 79 43 43 146 98 124 95 60 93 163 4 158 99 173 33 36 83 40 54 109 64 53 11 90 67 164 25 39 21 155 81 115 1 130 38 195 89 82 10 45 40 108
565 22 273 69 190 40 5 24 31 47 129 39 62 81 101 52 100 16 128 38 88 82 170 3 182 29 40 74 38 84 65 45 53 54 136 57 129 67 55 17 189 10 20 88 125 77 13
566 22 264 28 147 15 10 98 6 38 37 31 127 73 95 23 125 58 133 76 139 84 85 55 73 94 26 12 70 72 89 34 152 87 200 13 184 2 172 88 128 44 83 20 134 11 4
567 22 217 62 87 43 197 23 149 21 68 75 133 37 98 73 123 1 159 22 113 94 79 14 65 67 193 61 101 32 34 5 136 47 143 30 96 17 178 16 84 4 200 72 2 54 130
568 22 225 16 67 23 46 32 40 64 125 70 31 2 26 18 48 68 147 43 184 77 59 19 180 10 191 33 182 84 87 63 51 5 86 49 36 12 160 28 28 82 110 29 107 75 126
569 22 279 71 10 2 81 81 134 42 171 18 23 54 56 86 57 60 123 5 196 99 16 7 78 95 188 87 75 14 3 21 92 25 82 45 57 62 178 98 32 48 73 38 3 58 94
570 22 275 63 32 98 158 82 165 16 59 60 4 45 186 50 11 88 170 2 164 3 146 72 65 76 70 48 23 42 85 25 51 30 139 27 96 92 64 21 3 67 117 68 127 28 37
571 22 311 80 91 91 78 63 55 53 84 55 127 77 139 3 27 69 42 60 147 89 74 90 152 46 192 70 62 37 141 59 25 20 149 16 197 1 198 76 179 74 15 82 152 35 123
572 22 264 11 181 84 171 15 29 14 84 43 45 21 183 3 145 54 4 60 3 18 182 16 57 34 41 23 115 93 57 89 155 90 151 91 112 65 19 77 149 13 22 69 195 76 165
573 22 234 49 79 25 51 97 106 5 64 14 90 4 137 48 145 44 3 86 47 93 149 11 163 26 11 28 99 31 122 74 196 22 53 20 124 1 177 81 16 90 70 71 178 19 75
574 22 266 69 73 60 15 17 61 78 131 86 88 58 84 19 180 57 114 53 61 85 177 13 161 9 28 2 178 99 132 3 169 6 124 41 117 90 57 77 119 87 114 7 45 49 77
575 22 288 76 158 42 28 18 126 56 183 38 64 10 191 60 74 96 28 79 71 20 148 13 76 31 15 89 11 90 65 86 199 58 165 69 83 21 151 72 136 12 15 29 172 88 125
576 22 310 51 119 47 171 18 59 98 93 90 12 86 78 74 76 95 159 26 52 24 194 87 196 44 158 31 56 60 179 12 136 81 130 34 3 99 93 1 191 64 129 63 138 56 57
577 22 295 96 181 9 171 75 195 18 70 4 1 77 180 12 55 91 147 88 72 32 90 70 24 90 112 6 40 72 143 95 128 76 188 13 102 34 30 71 190 30 48 69 41 54 159
578 22 315 39 141 82 71 31 103 46 72 66 155 77 6 26 19 52 105 61 79 93 73 80 26 54 151 15 84 50 183 76 3 67 144 37 174 28 34 97 94 88 74 51 165 44 2
579 22 275 70 4 33 114 28 12 39 82 14 106 17 63 40 192 66 133 58 161 46 86 38 180 82 83 19 155 84 151 86 105 54 118 18 182 56 15 95 13 31 58 53 74 75 185
580 22 237 32 35 94 129 20 83 60 1 65 179 8 49 62 58 87 118 63 4 35 144 37 42 10 32 55 40 41 107 14 115 43 97 1 88 25 20 23 85 72 39 15 79 88 28
581 22 262 88 126 45 51 29 79 46 166 72 56 49 126 95 189 84 160 55 178 56 107 18 33 26 140 69 49 78 83 80 17 10 167 42 6 23 84 15 140 7 122 33 16 28 168
582 22 280 28 34 46 135 40 163 67 17 54 187 17 31 69 96 30 15 41 135 83 115 70 49 77 170 93 61 38 72 65 57 25 199 48 39 18 116 92 104 33 123 80 74 6 194
583 22 270 66 93 29 81 62 129 86 90 99 131 2 36 54 82 52 11 6 2 58 45 71 74 88 175 51 137 35 8 83 1 11 81 14 139 18 3 89 48 57 176 38 179 12 143
584 22 320 81 121 39 51 46 27 77 103 88 27 92 23 87 74 75 86 36 55 99 174 24 154 15 172 10 90 73 147 69 136 41 1 8 132 51 106 58 180 97 158 71 144 45 30
585 22 345 59 51 80 185 75 133 99 146 94 140 70 40 60 157 33 160 64 164 63 69 73 142 29 121 79 192 43 155 88 72 13 39 51 197 65 136 95 62 87 131 21 146 39 5
586 22 250 6 154 68 68 75 192 9 3 12 107 33 55 1 87 95 172 48 149 62 95 10 90 81 92 26 82 66 83 35 185 50 9 76 110 11 40 69 96 46 69 82 40 41 33
587 22 225 24 167 81 172 28 175 33 69 7 176 83 32 57 148 15 92 16 100 60 78 63 51 46 110 49 114 91 88 6 76 64 24 8 187 51 34 20 72 40 47 54 23 4 53
588 22 277 89 195 37 57 46 149 34 60 51 179 69 199 92 12 87 198 2 21 94 88 24 179 7 47 18 54 52 192 9 156 81 55 93 137 22 160 43 200 28 142 91 180 40 177
589 22 312 81 13 22 168 88 100 27 186 69 132 89 13 40 44 93 94 45 80 2 104 23 153 84 164 95 74 43 187 3 23 99 76 42 138 76 68 75 196 63 8 38 158 52 83
590 22 255 46 184 28 125 85 83 47 137 18 62 32 44 56 70 30 68 21 72 57 48 39 183 96 90 45 3 79 102 7 162 90 189 24 175 23 122 63 41 36 146 84 91 15 81
591 22 302 21 34 53 44 42 1 82 124 96 71 20 150 50 122 56 63 46 3 95 72 25 117 86 17 4 184 52 94 98 132 66 184 37 109 43 1 84 113 85 14 41 41 28 113
592 22 324 38 30 7 161 55 175 46 23 78 29 75 24 79 158 89 162 94 150 82 192 65 56 58 2 70 150 42 97 62 131 21 91 85 47 88 107 25 69 33 200 47 91 60 36
593 22 244 37 197 18 180 87 134 36 44 35 57 45 128 5 7 10 183 79 52 67 125 40 174 1 8 58 100 6 148 65 136 28 113 53 108 99 38 43 94 73 199 39 52 55 197
594 22 305 62 38 27 113 4 151 52 29 11 87 55 16 86 194 32 121 74 197 25 181 95 63 75 141 35 25 79 38 99 116 53 12 72 55 15 152 10 26 90 65 93 176 77 48
595 22 233 83 73 73 15 19 135 89 59 21 113 10 144 15 9 11 19 20 182 26 186 34 35 63 123 51 108 50 61 84 98 43 8 22 158 8 198 85 80 25 189 6 40 97 16
596 22 256 10 168 50 187 6 35 22 68 9 72 75 159 84 110 8 27 17 81 36 43 88 133 79 119 95 103 7 152 94 56 68 104 69 42 80 103 63 100 11 87 26 121 28 148
597 22 272 52 160 35 46 99 120 76 117 14 79 18 172 83 137 27 157 5 69 89 107 40 69 21 65 90 43 69 142 56 29 29 1 48 177 44 161 7 119 78 130 53 66 57 161
598 22 246 70 177 49 176 11 140 45 84 57 186 26 108 54 19 63 82 47 16 9 194 44 52 7 102 22 36 31 174 2 139 34 123 15 35 99 78 95 161 82 80 38 190 85 8
599 22 315 4 167 55 171 75 100 14 78 58 167 51 146 98 76 99 136 61 121 3 147 71 80 73 65 92 154 96 29 95 181 36 51 42 21 94 87 2 151 53 152 50 179 38 139
600 22 244 67 140 86 137 19 110 2 10 63 49 90 110 81 25 60 79 32 3 12 18 56 62 71 59 10 72 37 155 9 128 21 148 13 10 18 122 79 136 11 68 97 144 45 156
601 22 234 74 163 88 177 26 57 32 39 79 143 48 103 55 111 6 127 11 70 36 80 43 98 59 31 61 178 27 156 83 129 22 57 13 30 41 152 9 83 99 11 5 73 19 184
602 22 303 35 188 71 115 83 121 25 113 81 154 39 88 28 73 16 15 46 73 76 165 79 184 47 129 59 186 70 177 69 5 17 39 19 199 95 63 91 48 1 178 75 74 90 119
603 22 278 70 69 46 134 47 81 32 27 26 190 12 196 19 132 87 171 37 81 64 199 24 11 99 53 38 24 50 127 43 119 88 4 45 169 71 146 77 83 93 147 14 44 33 136
604 22 299 13 69 69 28 67 92 91 17 96 128 41 46 6 135 16 152 74 72 94 158 18 40 86 100 84 132 66 128 53 192 36 121 72 102 64 162 71 12 11 9 46 45 24 149
605 22 242 18 147 96 112 5 113 3 90 65 186 74 182 41 134 9 177 7 180 30 170 93 100 33 133 10 141 78 6 24 11 73 87 67 37 1 126 82 182 43 22 68 151 50 74
606 22 230 30 180 95 22 79 128 6 41 68 35 46 84 12 69 47 36 7 113 72 47 21 25 25 54 58 67 28 25 17 177 50 98 56 45 71 187 24 176 27 143 10 72 73 93
607 22 240 25 108 99 137 31 46 10 155 22 163 13 188 42 89 56 119 39 5 26 135 27 12 2 190 52 163 62 130 87 154 54 94 4 43 24 101 66 195 61 8 83 116 78 173
608 22 250 72 55 59 98 67 68 51 8 65 69 53 151 74 159 96 30 1 172 30 104 2 104 21 96 64 80 32 157 55 3 13 53 33 103 37 56 20 58 8 170 83 18 66 12
609 22 297 18 89 94 73 42 197 46 37 12 25 95 134 72 98 97 37 2 78 69 156 66 24 75 123 83 145 58 101 62 69 70 102 43 43 10 88 31 122 64 148 16 197 65 93
610 22 233 8 118 22 76 74 188 51 48 10 133 44 167 85 5 88 55 6 101 49 100 11 188 30 84 78 51 68 44 66 83 58 153 14 169 1 133 54 158 20 160 15 172 82 47
611 22 305 44 17 49 121 68 48 21 87 92 180 71 57 62 81 61 98 38 174 67 138 6 172 95 177 31 62 90 176 82 36 19 99 84 92 18 84 64 4 75 44 26 183 57 106
612 22 287 43 155 95 68 73 85 26 144 31 102 74 192 2 63 67 84 50 186 34 85 77 51 68 140 6 94 35 31 28 192 89 170 46 83 90 118 15 13 98 16 86 89 18 100
613 22 269 56 53 1 193 86 185 69 188 5 160 93 198 95 23 26 38 63 147 83 146 36 52 12 2 16 161 18 101 2 187 52 57 91 52 49 176 88 69 15 92 80 107 42 26
614 22 290 81 19 63 144 17 197 41 5 4 6 15 65 75 67 66 161 18 74 51 21 74 78 61 94 92 4 73 50 97 51 31 15 13 26 84 110 40 109 69 45 76 185 20 142
615 22 246 2 132 12 75 35 132 64 44 93 8 48 18 57 44 68 139 11 132 46 41 81 85 29 86 52 70 40 184 66 170 65 166 33 108 10 192 7 79 49 151 87 113 30 103
616 22 244 10 70 83 194 23 184 74 51 22 126 73 61 61 53 78 182 69 43 66 177 5 158 35 183 6 137 81 144 49 110 46 158 31 81 3 6 16 129 8 37 54 80 85 79
617 22 320 47 153 21 12 81 177 69 116 60 126 52 192 70 53 1 67 62 183 65 188 63 193 96 151 98 75 59 30 61 64 2 24 44 79 93 59 90 70 39 115 33 158 76 15
618 22 297 4 140 55 18 84 150 69 81 76 72 95 87 53 107 50 154 31 45 75 56 25 144 18 57 35 32 89 192 59 56 99 10 13 34 33 115 86 56 61 124 8 68 73 13
619 22 279 50 70 49 24 25 73 67 42 30 1 70 192 83 25 39 33 86 151 44 135 33 182 90 45 5 49 12 130 13 61 99 161 36 75 3 68 55 92 47 126 85 159 98 87
620 22 343 77 94 73 109 75 114 53 131 62 17 60 126 29 10 87 65 84 72 19 151 90 173 94 125 71 120 89 7 30 39 93 6 32 17 66 158 70 88 43 138 69 167 9 7
621 22 301 83 145 30 153 95 119 25 41 96 160 84 2 41 122 47 98 5 63 63 162 45 84 1 139 22 52 59 140 61 65 57 94 26 103 64 150 43 159 97 54 94 51 67 49
622 22 363 91 71 63 5 84 7 89 136 98 62 88 156 1 100 73 74 56 18 99 58 82 200 53 92 97 6 37 99 52 103 47 194 25 9 51 60 68 191 95 65 72 52 33 144
623 22 279 77 188 14 175 98 95 74 150 38 22 7 174 72 58 76 18 4 152 79 154 11 146 44 5 62 195 39 133 71 29 42 200 60 188 25 161 47 67 70 77 88 32 18 185
624 22 297 38 63 80 42 76 26 32 60 23 55 88 48 17 181 47 176 68 171 44 69 54 93 39 182 78 13 95 149 81 109 75 36 5 6 79 12 83 26 28 115 24 55 35 147
625 22 279 42 78 67 48 23 157 29 91 86 194 35 132 94 167 92 74 41 27 30 199 22 9 10 56 90 170 62 96 56 108 38 186 26 85 8 183 65 198 68 10 84 152 51 143
626 22 320 29 91 70 158 41 91 18 3 98 104 92 67 65 187 75 124 76 160 49 12 67 83 77 64 3 38 48 54 93 150 96 173 40 117 83 81 7 200 56 55 26 123 71 64
627 22 300 97 194 40 8 95 51 74 177 79 89 31 117 88 84 61 137 32 86 29 148 68 161 7 119 62 174 20 36 96 183 84 190 91 36 25 116 64 55 5 195 23 144 30 84
628 22 242 81 61 69 161 61 88 21 19 6 115 80 131 34 168 27 168 51 68 94 94 55 70 9 18 24 165 64 47 46 82 41 158 2 101 18 89 36 46 87 68 29 72 35 7
629 22 257 39 37 26 84 82 80 53 43 49 77 7 165 23 67 10 156 59 67 57 59 37 45 31 24 42 117 91 122 88 77 28 179 14 105 62 147 84 167 89 185 43 196 17 14
630 22 235 10 72 73 28 80 183 64 176 14 188 17 82 30 91 22 107 18 200 72 123 13 118 58 131 7 194 54 94 41 67 3 64 91 131 43 174 46 18 87 185 20 15 77 41
631 22 299 21 46 92 44 20 157 61 178 87 19 23 12 72 17 52 91 19 68 81 1 62 54 47 80 83 18 12 197 94 4 69 91 96 112 11 152 25 140 90 195 1 19 78 5
632 22 283 61 149 72 141 1 133 47 99 64 90 82 133 53 78 26 57 99 69 4 162 79 107 38 170 96 133 83 97 3 61 63 161 24 55 8 1 60 124 43 193 56 95 70 34
633 22 264 3 120 2 106 82 132 12 19 1 108 83 156 57 95 56 119 7 131 26 68 90 78 79 13 20 171 69 15 92 54 17 112 55 175 45 86 86 115 38 45 70 172 67 7
634 22 282 97 25 37 122 44 27 99 22 91 119 11 85 88 64 53 151 18 127 47 55 65 161 92 109 30 164 9 8 82 115 4 6 25 2 23 23 72 193 19 183 77 158 46 30
635 22 261 8 16 54 70 72 66 14 33 96 129 41 155 10 7 58 67 82 68 43 4 15 149 13 49 25 70 46 6 29 61 66 82 83 189 99 48 21 46 76 113 37 120 57 55
636 22 217 81 38 23 24 94 117 90 142 29 138 18 50 35 76 78 148 41 11 30 129 9 29 50 155 4 14 6 192 33 63 46 166 52 120 89 197 36 78 16 167 8 17 1 83
637 22 261 46 48 75 156 29 103 17 57 4 123 12 18 28 3 2 42 49 67 94 168 7 42 56 84 32 123 91 140 55 173 85 102 99 193 83 1 61 91 57 83 3 126 62 105
638 22 303 27 104 5 94 49 25 90 132 36 121 54 89 11 145 43 135 82 197 85 126 79 138 86 121 94 120 23 19 33 80 97 36 42 136 60 142 26 43 29 198 69 161 93 12
639 22 279 47 126 60 32 3 190 69 88 10 14 59 133 32 92 64 180 79 99 22 15 11 115 92 53 95 89 1 163 46 126 48 171 85 79 74 74 99 13 36 12 72 68 15 183
640 22 279 74 93 81 195 7 91 9 198 96 155 39 196 18 39 41 43 86 164 80 116 89 105 66 101 40 29 24 107 23 38 49 83 22 95 64 156 59 110 77 7 27 15 47 22
641 22 309 53 162 1 120 50 5 86 103 45 14 26 103 89 116 44 137 98 65 83 138 80 138 76 39 48 52 74 19 43 47 23 5 47 142 6 152 79 108 85 53 93 73 9 55
642 22 328 87 189 93 15 79 40 66 175 65 36 69 112 58 125 10 152 31 113 82 38 60 26 75 110 27 54 34 28 15 89 55 81 81 85 72 46 59 88 51 91 52 113 94 34
643 22 260 25 176 23 85 1 198 46 163 76 151 48 4 65 36 70 71 68 150 55 91 47 165 31 180 44 81 95 193 16 80 43 102 54 96 51 151 10 27 57 30 18 193 99 88
644 22 253 12 148 95 103 94 159 33 26 2 65 48 10 15 27 79 158 29 184 5 179 34 14 57 186 70 186 3 162 84 43 26 83 37 28 47 60 6 49 76 105 85 71 75 63
645 22 267 80 55 46 184 85 131 97 142 17 167 27 71 63 65 5 97 1 184 77 200 95 82 71 186 47 155 57 121 70 188 15 172 12 98 68 53 14 86 31 36 18 193 74 42
646 22 295 53 58 18 152 52 100 51 122 37 50 29 45 70 198 33 49 64 4 60 61 23 12 26 161 94 62 30 87 14 103 80 66 97 170 96 72 85 121 65 29 43 62 61 91
647 22 321 26 16 50 38 91 13 64 3 6 77 32 144 90 134 75 7 46 72 28 9 19 200 97 3 72 62 84 114 96 156 52 12 57 90 54 121 5 56 79 133 87 122 74 172
648 22 274 49 80 69 120 60 177 38 111 26 93 82 187 76 48 13 71 3 65 34 112 6 39 32 10 46 10 94 132 84 167 56 132 98 24 51 157 53 140 67 78 1 16 59 48
649 22 256 28 82 2 44 67 113 49 106 45 110 51 154 3 35 89 169 42 120 19 65 22 75 69 62 94 198 13 56 93 193 37 94 36 3 59 185 60 103 11 8 97 149 38 68
650 22 255 87 54 90 114 23 3 7 20 47 52 85 54 44 177 37 12 45 195 48 156 49 194 18 9 42 114 57 10 3 176 65 162 79 119 20 150 71 134 66 62 13 102 26 9
651 22 269 49 173 64 49 66 82 9 159 47 117 21 50 93 169 6 9 82 136 28 153 37 45 75 171 67 140 84 79 87 193 34 51 94 99 2 10 30 119 31 163 50 36 23 83
652 22 322 23 2 87 160 98 61 82 165 52 65 43 144 26 130 37 159 32 130 9 167 83 18 48 153 99 179 15 148 66 190 89 191 68 200 80 81 53 131 97 195 27 74 76 115
653 22 278 32 159 96 193 25 78 10 73 31 61 51 97 60 16 86 142 56 77 61 7 17 41 87 169 23 136 15 149 9 191 63 193 49 58 85 26 88 146 98 118 6 100 66 166
654 22 271 67 4 59 123 32 119 29 48 11 168 16 34 55 130 82 63 72 197 7 21 54 191 98 141 37 95 10 142 94 128 60 131 17 134 62 36 15 9 46 134 76 131 88 105
655 22 284 13 50 29 61 57 101 14 199 98 7 87 192 68 29 37 95 39 148 77 156 34 90 43 48 50 40 33 25 71 120 82 35 21 10 95 129 10 160 28 7 66 14 86 194
656 22 227 38 180 33 137 9 140 70 198 82 169 48 73 1 24 43 172 5 29 93 66 23 21 75 35 14 34 85 107 17 91 60 125 30 81 74 63 2 121 36 54 45 130 26 1
657 22 331 59 118 67 33 38 193 78 19 51 63 55 9 86 23 97 99 81 29 73 96 30 45 83 36 41 112 61 142 22 130 60 55 52 73 56 181 43 158 44 98 72 18 77 171
658 22 289 50 105 43 145 87 139 27 122 80 191 34 173 12 63 32 18 81 35 37 16 85 94 11 134 91 6 67 176 31 23 70 127 61 160 6 134 39 196 59 81 94 177 62 129
659 22 290 71 50 96 7 43 106 41 107 98 87 14 25 69 136 94 196 49 53 1 82 44 148 6 106 81 100 34 94 80 4 75 163 38 180 3 144 82 88 24 51 46 123 73 198
660 22 301 57 68 45 9 74 2 89 173 88 35 52 143 77 178 5 166 7 61 83 158 43 122 33 93 96 1 90 171 26 39 79 93 35 87 66 88 27 90 75 61 41 18 18 122
661 22 256 55 126 81 16 8 38 10 129 71 102 77 123 43 99 48 133 29 41 67 15 6 154 41 96 54 88 98 43 58 71 49 183 51 164 25 23 63 26 85 120 1 133 4 129
662 22 260 25 70 43 130 76 136 77 156 41 17 53 183 74 23 83 8 26 199 2 66 23 125 28 101 27 64 20 28 48 24 56 72 45 51 54 20 38 82 78 98 31 12 94 83
663 22 305 31 92 84 148 15 60 27 115 87 90 86 66 38 61 21 61 6 23 66 77 60 48 56 37 97 186 48 20 91 94 2 121 85 37 68 151 94 65 35 136 51 200 73 163
664 22 273 72 185 68 147 51 97 6 150 52 95 46 189 94 17 80 187 70 100 24 107 20 74 55 13 39 41 41 192 3 115 9 23 61 111 71 167 60 74 5 62 74 41 93 143
665 22 310 93 16 49 12 89 155 76 179 95 76 19 186 99 174 1 59 48 161 69 18 79 180 43 91 37 104 97 110 41 52 56 53 52 96 7 127 27 2 54 197 39 5 70 191
666 22 212 15 69 4 184 86 134 28 25 51 184 73 60 80 13 64 68 20 116 19 115 22 97 41 75 3 138 66 159 59 108 11 108 65 97 23 45 21 173 45 33 7 57 48 126
667 22 313 28 163 96 94 36 144 87 63 98 76 80 56 34 87 29 13 50 136 30 146 58 174 18 83 53 62 67 11 70 114 97 28 83 190 63 78 76 77 51 56 37 143 11 149
668 22 315 92 99 78 89 8 3 6 90 55 119 65 188 21 52 84 48 86 25 63 64 1 139 91 51 95 173 39 89 36 88 32 34 17 120 93 72 77 35 42 95 82 115 98 117
669 22 225 14 84 41 176 99 93 67 89 96 13 61 34 1 196 73 84 81 142 3 174 13 131 60 190 25 101 84 58 15 182 26 129 17 18 56 115 11 122 6 134 39 186 12 69
670 22 284 91 53 23 116 65 153 75 6 29 128 90 138 94 23 15 174 39 33 30 153 43 103 7 148 89 121 38 174 31 49 95 74 53 17 69 122 16 75 50 95 40 188 54 162
671 22 288 28 186 43 80 80 197 86 27 85 58 65 111 89 165 5 14 18 73 54 86 94 169 12 196 15 27 35 3 16 40 78 10 74 57 6 11 84 191 69 200 53 9 64 157
672 22 239 22 133 29 175 19 175 96 82 70 110 61 56 64 176 47 179 71 24 88 196 81 146 7 116 27 115 40 35 30 48 8 163 28 134 33 2 14 123 43 74 78 106 2 25
673 22 295 37 172 76 119 80 121 25 195 60 103 61 99 91 146 96 5 26 30 27 162 2 50 4 128 79 62 29 155 98 52 55 73 70 186 46 47 81 105 49 193 56 38 35 53
674 22 295 33 39 78 114 27 57 76 181 6 31 8 36 92 188 91 189 39 97 14 160 82 111 58 14 67 107 7 122 96 193 75 180 32 104 94 110 60 121 90 65 3 149 53 195
675 22 298 36 195 35 126 91 100 86 124 10 195 38 177 1 96 50 148 88 24 28 71 80 173 81 39 93 22 56 147 71 108 41 106 2 76 84 144 75 21 67 137 15 4 65 68
676 22 249 99 114 15 139 90 142 9 169 14 189 7 158 63 62 5 133 21 197 74 72 25 117 45 184 87 160 39 151 27 190 16 41 28 57 83 136 48 77 84 6 97 62 23 70
677 22 281 58 64 43 82 41 160 32 85 95 118 96 33 20 22 22 35 15 101 92 149 37 68 65 3 53 55 52 166 29 21 24 144 63 105 84 174 36 169 68 5 64 53 38 26
678 22 327 10 152 27 53 52 115 21 47 79 75 85 26 17 113 98 140 56 61 96 92 86 83 60 54 87 175 58 62 64 83 72 167 61 124 18 27 65 5 71 168 41 48 84 53
679 22 288 46 176 61 58 23 152 43 6 63 48 44 89 5 106 53 140 29 119 52 137 27 200 83 22 72 176 69 107 28 66 82 40 75 157 18 114 65 109 22 166 98 161 94 168
680 22 245 12 98 4 90 97 8 25 118 79 100 38 186 27 4 19 119 78 127 61 147 40 118 64 149 63 85 14 112 60 79 8 57 35 50 53 142 74 70 73 73 7 158 51 162
681 22 280 28 69 92 55 82 138 46 151 53 194 13 37 60 76 85 19 54 145 75 40 94 27 67 48 6 39 15 189 20 142 10 111 48 43 93 153 39 157 41 198 32 126 68 137
682 22 265 70 42 29 63 20 62 81 19 67 19 25 181 59 96 74 120 6 22 62 157 15 106 61 153 2 103 45 79 34 100 64 62 83 123 94 102 41 112 78 21 22 173 30 67
683 22 327 7 38 81 113 99 186 26 52 88 123 30 109 8 29 72 21 42 55 95 35 35 98 37 155 71 61 64 190 67 123 79 99 87 77 36 64 80 123 86 9 32 145 89 3
684 22 227 65 82 9 59 16 68 93 165 4 99 36 64 51 151 5 69 25 136 67 11 12 155 75 44 77 12 52 60 57 193 15 121 26 23 32 94 43 76 58 46 45 62 48 18
685 22 282 45 172 53 163 83 117 17 57 60 146 68 163 5 176 7 171 97 133 46 180 26 188 55 35 85 29 80 46 57 27 16 1 50 120 64 132 36 32 40 147 77 160 62 134
686 22 278 35 168 4 183 49 162 77 36 17 112 21 197 91 18 54 169 85 106 18 105 2 92 53 93 29 52 52 114 39 171 73 23 66 187 99 54 55 162 26 151 95 56 72 180
687 22 311 14 142 36 134 95 79 86 187 69 167 91 120 80 81 43 49 53 65 67 91 63 120 45 125 97 148 28 91 3 52 70 68 57 2 39 136 77 4 5 119 76 137 51 118
688 22 322 85 56 34 51 46 48 22 191 24 18 38 152 9 92 55 130 60 51 87 161 41 122 99 169 77 156 88 104 92 190 73 28 45 106 79 143 54 152 33 77 70 22 80 78
689 22 319 13 86 59 24 36 145 76 18 87 145 47 142 84 150 85 173 23 164 70 28 94 112 81 146 44 10 15 17 89 144 75 102 5 162 99 40 38 168 78 82 14 71 65 164
690 22 238 7 189 38 171 58 65 64 69 98 109 59 175 80 147 18 161 73 172 17 135 22 8 24 89 86 105 55 8 21 170 15 109 85 19 23 100 39 172 9 103 30 135 34 77
691 22 276 5 46 1 128 62 87 49 22 10 89 59 14 43 166 86 64 80 147 70 116 65 93 16 3 64 176 57 194 91 22 66 188 74 193 2 61 41 23 82 181 36 176 46 173
692 22 272 40 78 19 109 45 35 53 112 90 169 39 46 14 101 88 87 18 176 60 111 77 72 3 199 42 184 31 129 28 101 51 57 72 59 54 158 64 65 47 132 56 193 97 156
693 22 300 32 83 73 107 42 135 35 14 38 185 7 173 67 135 84 95 87 34 51 110 93 56 68 8 21 166 39 176 10 135 83 42 69 107 94 135 75 31 71 81 55 138 6 72
694 22 189 34 167 16 190 23 62 13 189 61 99 71 102 67 129 2 129 22 88 3 104 58 36 59 95 49 78 20 12 26 188 53 11 10 14 62 75 54 23 25 176 24 192 4 77
695 22 326 72 178 64 74 81 122 61 91 16 63 39 94 73 11 57 98 98 9 9 59 74 22 85 127 44 10 2 120 53 157 96 24 86 160 49 119 10 9 48 124 93 196 94 59
696 22 259 9 154 69 34 75 154 12 171 63 165 90 115 22 85 7 44 38 77 76 199 86 124 37 16 70 198 17 163 56 177 68 124 11 194 29 122 16 191 87 5 57 160 42 98
697 22 260 18 37 88 195 13 186 32 188 60 168 55 129 17 71 43 124 48 62 99 10 28 83 23 170 21 127 79 32 20 76 50 157 63 96 69 1 27 8 46 162 62 185 82 37
698 22 269 84 43 35 193 97 62 75 19 32 148 98 10 79 17 37 80 25 100 93 52 53 152 11 50 14 50 31 199 81 73 34 25 21 47 51 92 30 198 41 191 29 157 28 8
699 22 350 82 79 83 26 30 35 78 40 85 43 41 47 40 71 46 172 95 31 48 15 77 198 58 107 98 97 76 107 88 154 65 165 52 94 74 88 36 114 86 27 50 182 13 97
700 22 324 49 142 95 6 42 4 96 117 10 172 51 49 77 168 65 160 19 59 85 58 46 51 43 173 86 178 22 120 90 19 68 183 73 182 58 28 30 174 89 153 76 137 29 43
701 22 288 54 140 61 112 25 70 9 175 65 181 12 142 55 183 83 25 50 166 41 75 99 98 2 128 23 143 80 98 31 61 84 200 53 147 76 23 56 2 87 88 66 80 42 48
702 22 285 62 118 98 27 58 172 78 7 25 5 29 167 37 127 50 49 19 33 71 180 76 145 35 29 83 22 94 162 16 142 24 185 39 2 43 162 79 149 38 36 30 57 56 6
703 22 344 72 26 38 71 96 169 98 93 3 127 75 77 20 89 92 161 64 176 51 17 70 64 71 154 83 100 62 106 7 167 77 132 56 199 79 77 97 123 23 98 94 138 50 155
704 22 269 1 126 57 17 47 73 64 69 26 146 68 187 51 26 5 179 9 12 78 140 88 26 62 19 59 25 93 48 75 99 48 52 8 65 50 180 28 19 38 143 99 159 24 10
705 22 266 88 163 50 113 25 68 64 135 44 56 83 170 55 30 21 14 46 171 93 126 41 149 51 78 91 130 65 2 27 179 39 3 70 102 38 114 10 120 35 16 1 8 29 147
706 22 250 30 21 24 70 69 174 47 11 55 140 3 95 4 4 21 134 12 137 13 26 89 174 45 24 97 183 17 95 18 181 9 43 27 71 98 66 73 192 77 164 83 175 91 6
707 22 238 40 116 47 13 12 122 2 160 4 170 55 15 11 172 95 171 15 73 42 112 39 114 59 142 18 65 24 193 7 182 32 22 80 196 85 153 49 145 56 71 99 22 81 170
708 22 246 68 151 36 40 92 199 30 58 5 41 51 23 27 167 12 60 50 185 39 97 22 91 46 66 98 116 16 71 96 137 38 198 73 29 42 23 59 151 28 151 1 2 55 27
709 22 292 20 18 86 21 55 176 17 76 18 162 93 115 77 108 85 124 96 174 22 68 3 15 43 113 65 70 15 65 71 69 44 190 39 81 62 193 57 78 68 74 92 112 41 20
710 22 244 19 125 44 14 51 17 34 5 31 76 17 147 45 131 11 167 6 108 41 87 69 85 95 98 4 120 89 15 60 109 33 137 99 187 20 32 91 2 59 59 48 3 10 121
711 22 220 43 68 28 184 54 48 20 200 45 124 19 34 38 179 42 171 15 145 21 53 16 152 95 69 10 53 68 164 29 84 87 96 63 122 1 110 94 200 6 17 39 154 49 132
712 22 273 76 115 28 196 67 95 99 161 63 108 65 82 23 61 11 58 6 120 73 159 81 166 58 139 82 28 29 135 61 163 42 40 8 135 57 20 49 116 36 131 39 196 41 196
713 22 334 95 198 68 67 56 200 32 66 38 165 93 67 99 121 79 61 62 118 71 122 4 27 53 142 29 183 76 175 80 170 72 47 88 80 98 171 45 136 35 189 54 186 9 184
714 22 293 98 123 53 168 96 57 46 88 61 88 16 43 71 44 17 50 65 140 48 153 19 46 23 115 33 10 4 38 95 164 73 192 38 25 12 33 57 121 93 96 88 135 67 183
715 22 289 3 168 48 195 16 100 65 13 74 80 97 135 35 86 29 50 58 73 40 82 84 72 15 40 44 159 88 84 46 54 66 148 73 13 94 140 64 59 4 190 90 200 24 176
716 22 294 37 5 25 94 77 16 28 12 88 194 3 183 52 90 18 197 95 84 97 68 48 190 7 64 11 53 89 62 76 16 99 180 93 192 8 8 71 19 64 174 30 16 63 47
717 22 320 64 110 82 60 77 130 50 135 93 1 45 197 90 107 72 105 57 104 97 100 63 57 71 34 51 34 7 132 1 21 79 165 30 60 24 106 41 25 85 26 37 81 67 95
718 22 258 5 123 51 108 72 151 22 28 21 155 30 106 61 62 7 134 40 71 63 51 46 121 92 71 76 96 49 109 14 44 13 36 94 172 96 93 34 68 48 164 74 160 25 32
719 22 269 93 16 54 108 18 99 28 9 21 140 37 168 88 145 81 83 9 117 29 180 23 124 72 109 44 71 17 183 48 100 75 15 53 134 32 3 61 193 76 52 43 140 77 124
720 22 276 22 85 92 102 64 66 26 87 74 169 58 197 37 140 96 88 66 10 42 194 12 186 69 64 55 42 39 128 30 30 89 195 7 27 21 127 84 69 15 75 65 2 41 74
721 22 285 93 92 67 138 55 52 7 118 17 70 24 58 60 152 35 89 33 75 39 102 65 85 76 179 12 40 32 104 47 132 61 1 83 19 71 152 40 94 99 197 96 87 29 170
722 22 258 74 19 71 180 83 108 7 13 46 144 11 19 20 94 80 172 28 50 42 131 90 136 92 88 32 187 27 13 8 200 31 179 66 38 38 30 35 126 33 97 44 52 75 23
723 22 298 70 25 65 100 14 152 91 153 35 129 79 47 37 30 30 167 13 47 56 150 76 163 36 1 95 133 45 198 74 119 72 43 88 95 8 139 85 113 26 166 24 2 73 153
724 22 288 20 85 99 75 86 27 89 21 27 183 5 123 32 179 94 103 73 88 91 67 48 181 4 160 6 69 2 182 22 74 93 110 85 167 47 63 55 68 24 164 57 74 96 164
725 22 267 93 195 97 148 54 154 68 8 35 189 81 21 33 143 57 199 89 119 5 8 59 145 32 122 16 185 30 190 11 178 4 172 53 3 78 107 71 85 41 111 17 61 44 59
726 22 266 17 94 48 187 51 7 46 95 38 19 63 123 1 104 33 178 8 188 61 191 78 19 13 62 59 23 79 72 66 189 40 12 88 127 62 195 72 8 32 42 70 6 42 73
727 22 328 91 171 33 78 72 145 20 49 63 132 73 107 93 44 81 184 83 121 62 196 15 85 4 198 26 173 56 120 46 46 90 30 75 161 74 95 88 178 76 60 84 168 8 100
728 22 262 39 142 20 100 38 86 84 141 36 61 13 191 80 110 70 91 10 182 64 156 43 151 34 70 63 169 89 18 76 89 56 18 60 107 7 98 42 47 33 102 11 123 82 173
729 22 267 58 103 63 19 84 127 75 179 29 60 48 191 28 37 8 56 77 15 25 136 21 131 33 162 17 16 39 39 97 11 96 199 74 167 34 152 41 12 32 200 12 75 79 48
730 22 279 82 34 76 49 10 11 21 140 96 35 20 64 50 59 3 98 69 50 94 16 29 45 56 93 7 104 86 151 36 71 26 84 81 188 57 172 35 191 92 199 40 2 53 137
731 22 274 22 102 84 116 18 64 12 25 56 40 32 59 42 169 61 30 39 138 13 71 78 21 95 164 11 138 14 2 66 90 60 20 73 27 89 89 44 130 96 55 24 116 67 153
732 22 261 55 57 17 177 86 38 71 49 8 115 2 198 32 43 10 51 68 136 39 156 74 4 51 156 57 79 67 124 31 173 80 199 49 65 36 72 65 188 79 189 29 11 38 13
733 22 310 98 173 4 5 99 107 56 154 57 112 84 75 87 166 47 118 64 196 82 152 67 199 39 149 29 79 77 139 61 66 11 191 7 115 41 113 22 46 21 86 96 72 94 42
734 22 258 90 109 89 123 60 7 21 150 56 50 80 184 40 41 2 43 3 144 49 169 84 161 91 129 34 76 9 181 47 102 74 88 10 163 11 22 31 171 28 132 51 164 72 143
735 22 264 65 114 45 108 15 13 43 75 55 23 60 30 31 40 29 32 14 16 93 128 78 14 48 109 37 28 92 87 91 63 7 129 25 166 8 69 44 130 73 60 20 53 85 21
736 22 258 35 12 98 1 12 58 37 39 50 23 81 64 3 87 92 179 52 186 67 111 55 110 6 87 45 91 7 31 54 57 31 65 14 167 15 141 87 179 95 73 22 73 76 108
737 22 267 40 138 14 101 29 200 35 131 5 22 27 47 80 158 1 136 88 117 2 107 24 116 47 110 46 94 83 168 18 10 57 148 92 58 76 91 44 159 65 85 97 42 98 132
738 22 326 82 14 85 88 37 1 86 47 46 179 81 165 97 190 91 5 34 14 65 76 58 123 75 74 7 120 70 49 17 154 30 182 38 69 19 190 54 117 88 85 52 133 95 89
739 22 270 27 128 3 43 4 12 65 78 37 123 49 59 23 165 12 104 46 1 72 16 91 78 84 178 62 180 81 46 70 175 34 48 55 188 90 10 51 54 87 188 28 187 9 154
740 22 328 48 9 26 16 51 3 99 80 16 31 61 161 87 46 93 34 88 102 84 141 40 123 68 126 70 28 28 24 89 101 43 191 55 93 71 170 23 183 82 74 21 127 72 114
741 22 294 60 159 15 96 51 155 18 71 80 138 40 108 17 115 87 105 29 96 69 21 90 96 71 169 20 150 93 33 61 151 48 156 54 154 26 176 85 63 44 79 82 130 36 196
742 22 240 58 31 17 31 48 6 26 199 77 94 18 178 38 103 41 102 46 94 55 71 69 39 85 135 83 115 16 12 50 112 22 32 28 52 31 85 29 129 13 174 99 90 12 53
743 22 309 28 152 54 73 45 160 95 65 50 179 99 184 93 67 48 95 30 121 78 9 72 9 52 89 6 25 39 47 36 91 74 187 96 198 83 107 44 199 9 174 92 19 16 91
744 22 252 13 145 11 190 53 134 50 197 85 39 54 10 29 1 97 72 26 136 19 124 18 78 69 86 93 18 33 120 23 129 82 164 16 114 52 104 83 113 84 183 10 155 8 45
745 22 251 74 183 14 51 54 182 88 146 99 116 56 183 87 30 11 69 45 143 36 10 24 187 13 106 49 40 61 103 5 28 34 70 78 87 4 117 84 2 33 39 37 19 20 47
746 22 270 39 164 42 26 74 65 13 38 22 64 86 113 76 89 63 132 68 148 1 98 34 4 14 17 58 46 7 94 17 178 92 7 85 33 67 1 97 104 60 90 38 187 30 101
747 22 281 18 197 48 118 94 34 74 60 2 183 5 161 28 73 38 71 80 31 56 64 97 8 60 1 82 71 42 19 57 123 71 174 43 117 68 176 50 32 69 77 7 148 36 137
748 22 271 55 199 86 162 10 186 43 80 79 14 88 101 36 61 23 106 39 161 14 170 72 46 38 1 2 196 48 189 85 102 70 15 7 58 66 37 58 78 59 116 32 150 76 6
749 22 267 63 45 30 160 35 130 13 130 29 1 14 82 91 35 96 190 41 105 68 177 27 185 65 137 62 76 52 146 25 79 51 139 24 80 99 10 61 63 39 189 64 105 22 106
750 22 329 39 118 96 132 74 15 8 101 52 25 89 13 40 110 76 118 61 14 93 92 64 2 5 127 42 197 15 47 87 84 94 18 57 61 78 109 12 54 97 176 53 88 86 180
751 22 265 58 98 45 102 41 9 56 145 87 148 90 28 44 104 26 182 39 120 47 132 29 56 43 82 4 118 86 144 55 117 1 52 61 154 93 69 9 137 34 51 81 160 33 171
752 22 292 31 184 18 162 64 173 56 45 28 173 82 171 98 23 58 177 23 179 37 12 85 93 19 95 70 130 79 40 60 14 57 73 77 81 73 109 52 154 3 54 62 113 36 91
753 22 282 18 147 75 162 36 193 57 157 74 87 96 33 1 105 5 77 37 184 2 197 88 107 80 118 10 185 31 22 66 19 64 35 17 38 97 52 83 5 60 56 91 108 41 143
754 22 257 12 97 72 100 81 173 49 20 79 28 89 140 61 177 90 24 63 106 14 111 10 148 15 69 3 158 76 43 39 92 71 39 24 195 43 74 66 31 65 77 2 126 5 143
755 22 299 1 167 49 66 78 158 13 144 68 101 54 162 53 44 75 34 76 122 72 118 47 137 11 165 88 169 97 41 45 106 17 154 19 60 83 38 99 17 32 52 43 65 79 64
756 22 259 89 49 10 177 49 121 42 154 8 62 50 100 46 6 65 51 76 77 34 113 21 63 5 104 14 147 69 45 63 9 93 172 85 193 44 126 4 140 48 3 88 193 35 181
757 22 234 77 147 69 49 10 125 53 75 23 73 19 185 81 163 57 17 7 200 43 53 3 34 52 58 21 44 65 25 39 100 15 198 25 16 59 1 68 186 24 40 56 8 72 19
758 22 260 16 88 25 68 82 129 22 15 80 179 36 176 96 112 14 47 21 181 45 196 55 98 15 140 73 154 47 32 77 165 48 64 42 167 46 122 88 12 2 19 99 29 11 42
759 22 315 60 31 74 7 27 169 61 176 83 52 48 188 99 80 64 115 79 180 56 145 77 78 84 188 31 2 87 111 67 49 4 178 78 185 9 198 45 85 33 149 32 20 63 136
760 22 258 13 141 15 121 85 91 98 69 30 80 22 116 42 189 64 45 66 146 50 55 20 47 39 104 95 22 23 93 10 57 25 124 77 162 26 182 96 5 3 63 91 27 43 157
761 22 257 24 64 58 178 35 104 16 38 50 90 13 94 74 122 51 150 98 127 11 115 53 92 62 9 95 125 7 37 3 49 45 26 64 3 4 151 71 140 60 160 52 153 85 126
762 22 263 3 87 75 30 97 141 82 41 42 87 79 148 81 196 20 158 12 174 13 162 83 184 1 42 95 105 32 182 18 8 78 66 48 111 6 102 53 144 80 100 19 112 38 70
763 22 280 59 163 82 172 45 117 24 187 64 128 81 147 61 29 68 107 29 168 17 187 69 169 30 49 21 148 60 68 37 181 78 99 15 49 96 31 46 104 14 92 42 107 84 200
764 22 254 36 151 17 174 19 137 3 19 9 3 79 176 91 159 5 142 25 5 37 8 29 70 53 132 83 197 47 76 30 76 90 180 92 63 51 180 18 169 89 72 99 16 14 10
765 22 336 73 55 34 177 43 41 57 164 46 40 42 87 74 196 68 49 86 200 92 100 50 71 69 70 11 40 79 154 78 51 60 163 55 4 88 170 49 127 65 41 37 33 89 74
766 22 216 32 180 74 133 2 142 65 134 22 143 39 51 45 150 14 75 56 17 62 126 17 89 93 110 5 33 46 37 21 20 20 52 52 5 38 106 69 171 79 163 9 30 7 111
767 22 339 43 182 66 11 91 79 83 183 88 188 67 133 76 39 4 196 90 200 99 95 38 4 63 8 78 169 12 184 79 6 17 96 68 60 87 46 94 21 33 133 9 178 73 104
768 22 272 68 172 2 114 61 158 28 169 92 105 89 55 19 60 5 14 79 16 52 24 62 25 8 94 64 76 41 48 57 8 72 11 21 132 49 52 11 5 40 65 93 10 76 50
769 22 308 76 54 17 27 29 178 51 36 72 14 11 25 55 111 82 114 44 187 65 163 87 17 73 91 8 189 36 70 64 185 45 69 53 71 97 131 74 84 54 39 46 178 93 8
770 22 307 11 59 41 54 45 6 68 83 74 140 73 33 28 108 2 143 44 146 63 197 17 11 27 42 94 32 80 192 9 25 99 172 83 40 77 79 97 145 61 122 84 133 54 164
771 22 286 93 56 6 36 1 69 84 169 31 62 62 125 42 68 54 66 66 25 48 57 78 5 97 138 26 181 22 80 96 14 87 153 2 87 73 185 8 4 47 169 80 91 44 27
772 22 223 64 168 26 173 21 103 77 17 40 55 49 62 34 44 27 172 97 28 58 121 13 17 24 11 38 3 1 99 45 78 65 164 3 37 36 58 5 49 19 153 62 104 89 75
773 22 299 97 116 85 17 80 101 41 42 90 95 95 89 96 91 66 60 6 120 42 177 60 46 26 79 50 87 82 98 27 57 46 195 93 115 55 68 35 101 14 23 4 140 9 11
774 22 258 50 2 88 62 99 165 40 149 3 73 98 130 81 96 24 173 10 149 18 16 68 52 16 81 26 12 36 165 66 45 27 168 14 29 97 30 20 145 33 144 94 162 25 189
775 22 284 85 149 98 185 66 13 53 69 29 185 94 92 21 10 9 17 37 128 2 108 62 32 27 58 64 123 52 25 99 92 61 47 42 197 65 54 1 133 34 38 79 25 58 188
776 22 266 86 26 24 113 91 126 21 105 57 199 62 172 73 65 48 171 9 160 70 150 56 34 3 9 18 89 46 96 65 55 84 50 80 159 15 22 36 87 26 144 85 40 10 104
777 22 214 14 80 64 173 49 113 29 34 16 89 4 156 34 151 20 188 22 67 45 136 40 132 18 76 58 157 42 167 12 156 99 176 28 199 88 8 33 155 96 88 10 29 38 82
778 22 220 16 24 3 34 68 190 26 99 11 143 20 51 39 62 75 137 89 102 35 77 62 119 83 157 6 45 38 196 5 19 80 91 21 116 88 131 10 114 2 60 33 40 73 107
779 22 256 76 62 60 63 38 21 81 72 30 139 16 19 34 193 23 152 24 165 41 44 32 28 26 41 93 28 52 25 19 125 83 147 86 43 9 75 63 141 46 144 31 14 62 164
780 22 322 58 85 67 34 1 107 77 33 87 155 73 179 82 77 56 152 38 98 86 80 12 95 51 157 81 122 45 32 36 163 65 36 22 141 68 108 95 93 28 169 93 132 69 183
781 22 289 29 106 62 39 17 156 89 25 46 169 99 145 65 130 32 180 94 167 1 86 87 60 81 31 49 160 42 91 19 24 72 176 37 62 44 145 50 20 90 170 18 186 35 47
782 22 307 69 14 92 35 66 78 73 177 10 3 25 121 53 18 64 71 93 187 98 30 48 41 26 97 61 167 18 178 52 52 77 20 17 120 6 134 97 131 58 133 87 79 38 104
783 22 313 42 108 97 180 58 78 27 98 3 75 10 169 92 40 72 96 16 43 12 87 98 84 30 59 93 15 45 71 52 49 64 159 43 168 74 21 66 128 95 127 96 187 67 82
784 22 285 33 161 45 20 60 142 55 90 1 47 4 145 70 155 85 65 41 80 66 100 50 93 95 128 40 133 94 58 14 26 18 110 97 178 51 19 22 100 71 28 44 189 86 28
785 22 309 55 38 29 199 32 157 39 116 50 196 81 27 66 190 76 143 93 178 13 148 27 186 49 13 96 156 8 136 41 36 90 178 64 41 61 20 79 28 21 126 91 50 75 185
786 22 290 94 152 97 142 31 82 93 179 40 134 54 175 27 89 17 156 4 57 76 35 44 96 12 4 95 3 53 21 87 46 73 84 39 103 33 163 70 167 16 45 45 104 61 100
787 22 248 59 69 68 34 3 112 30 166 15 176 19 197 7 164 21 142 23 58 33 7 20 155 25 35 99 69 90 11 69 49 79 136 82 133 63 98 65 91 18 183 87 124 17 153
788 22 272 81 74 37 187 46 191 12 32 41 180 74 151 22 29 88 155 13 186 70 11 3 160 80 185 98 55 35 156 71 187 36 96 76 74 66 137 25 107 69 198 9 168 38 107
789 22 350 77 102 93 46 12 47 57 91 83 106 45 18 61 167 56 148 63 131 74 155 97 110 79 155 78 28 98 98 52 4 75 54 48 72 17 94 81 8 86 104 46 147 23 1
790 22 251 46 85 32 19 91 180 29 22 86 58 49 48 55 99 11 125 5 110 48 121 56 128 80 32 14 136 12 158 57 194 76 136 43 56 28 113 58 176 20 8 27 82 83 191
791 22 258 79 3 46 7 83 129 72 170 9 83 27 138 39 120 1 166 7 196 73 164 23 38 50 9 80 128 90 11 10 32 41 13 30 47 47 10 70 16 19 52 94 8 43 165
792 22 244 60 160 71 155 33 134 78 170 6 79 37 7 19 47 16 50 88 180 31 86 41 8 45 11 59 38 18 53 2 177 13 173 84 145 58 161 66 16 39 43 52 197 61 51
793 22 226 13 62 90 144 93 127 22 85 34 66 95 193 4 64 45 57 40 9 81 123 5 39 35 170 6 26 12 57 24 107 86 86 48 130 30 75 51 114 8 68 60 152 23 23
794 22 270 49 180 14 157 60 137 62 150 23 31 55 148 95 164 22 18 70 107 36 84 44 38 51 106 8 3 80 130 59 144 71 32 20 20 54 103 27 54 97 90 75 66 11 33
795 22 284 73 80 69 156 23 58 57 126 63 164 80 95 46 182 53 189 40 75 72 112 47 77 14 173 82 62 62 8 79 124 41 151 4 109 59 78 66 115 3 81 30 82 75 75
796 22 223 63 179 15 55 6 138 66 52 31 24 96 144 37 104 22 160 44 173 4 31 93 121 97 147 53 126 29 79 1 43 10 167 49 15 5 14 71 96 41 118 39 29 21 61
797 22 298 40 116 33 55 71 15 99 144 11 145 96 36 25 175 88 120 84 107 68 150 34 15 29 7 50 68 87 123 80 126 90 64 32 61 78 130 4 140 27 51 51 177 15 22
798 22 283 12 173 90 61 83 123 27 167 3 185 16 170 71 38 49 97 28 64 80 40 41 62 95 80 88 45 7 190 74 73 85 45 53 146 79 27 24 145 29 109 51 79 50 51
799 22 253 27 29 15 59 68 55 20 14 87 7 10 45 48 183 69 111 65 63 43 89 40 139 70 148 2 20 79 103 22 57 31 136 50 143 34 163 81 192 73 25 7 45 74 109
800 22 256 65 90 3 105 30 193 74 29 94 45 7 197 67 16 79 154 29 96 16 143 76 107 52 198 96 200 99 156 41 58 20 70 2 146 50 96 42 9 44 160 24 122 14 153
801 22 248 2 9 68 45 37 127 63 88 76 36 36 75 87 91 90 27 1 162 48 54 59 97 49 200 5 144 12 80 66 25 85 167 52 11 21 130 74 61 6 61 32 147 25 42
802 22 290 87 172 96 45 69 196 25 140 7 157 5 83 41 171 20 144 34 40 74 159 52 31 71 199 62 70 89 87 94 30 73 166 77 117 86 73 65 62 12 171 18 16 6 158
803 22 274 38 25 2 23 16 127 81 20 57 104 18 170 73 158 66 140 29 131 98 68 88 62 30 99 84 147 41 57 56 165 10 178 33 36 11 152 92 14 69 113 86 79 21 151
804 22 235 18 50 34 33 99 101 73 60 82 123 95 81 41 136 37 96 46 73 32 81 83 183 24 196 4 88 81 182 9 84 51 10 17 135 8 17 7 67 13 31 22 148 67 117
805 22 272 64 189 83 44 24 118 19 119 21 58 52 154 66 135 4 75 3 190 82 171 97 100 78 113 51 99 12 117 67 11 80 107 94 75 30 111 45 101 36 168 38 91 43 192
806 22 298 80 76 62 28 28 83 5 40 33 155 51 102 73 14 81 180 7 8 9 117 52 61 99 106 64 186 74 153 76 68 44 107 95 58 35 22 40 191 61 124 98 64 25 170
807 22 299 77 158 49 35 65 110 51 168 70 101 74 86 86 99 38 113 66 134 19 60 91 153 34 82 96 46 5 193 9 30 62 137 39 63 71 103 72 73 22 93 73 95 30 10
808 22 311 93 120 74 110 53 93 22 195 97 155 76 92 32 84 61 13 98 197 51 60 20 53 83 192 75 27 17 121 57 78 14 76 52 175 80 44 96 74 92 2 1 36 2 132
809 22 327 71 14 97 68 62 47 79 81 52 61 25 78 40 93 98 196 70 63 21 38 50 116 33 175 8 135 75 143 88 158 65 101 6 33 53 63 95 104 76 119 81 115 63 178
810 22 300 10 132 93 132 53 30 81 120 14 7 27 200 33 121 87 142 86 139 48 70 84 47 55 159 17 35 73 79 64 182 62 156 13 166 37 145 51 103 50 135 85 89 77 22
811 22 264 79 24 43 131 75 126 29 29 85 45 15 109 30 43 37 38 55 2 74 52 39 176 54 103 26 41 87 66 17 60 44 92 27 66 31 55 46 15 52 60 24 78 89 118
812 22 241 14 178 72 68 52 75 6 127 81 8 4 21 46 121 89 57 17 180 62 43 45 193 49 90 7 100 1 82 78 41 99 43 19 23 70 49 68 48 27 152 25 24 33 140
813 22 284 20 195 82 64 87 31 5 145 57 179 59 198 77 54 16 151 15 137 52 34 36 132 61 39 85 37 63 125 69 2 45 115 60 101 66 65 98 47 21 176 58 170 4 111
814 22 310 85 55 25 73 58 59 9 89 71 47 59 109 50 79 63 194 94 198 53 46 15 169 43 113 42 18 70 111 22 32 48 128 57 72 67 80 89 79 99 139 77 1 44 122
815 22 284 50 148 20 64 17 162 77 58 32 98 5 130 67 132 38 39 68 4 70 92 44 100 93 42 39 191 91 186 41 134 63 156 76 132 59 7 30 130 11 159 49 94 96 87
816 22 266 61 51 8 105 46 160 97 139 98 140 60 140 77 103 32 10 65 188 11 141 19 21 99 100 51 62 58 199 55 105 37 168 7 96 72 52 20 142 4 111 2 144 88 104
817 22 239 75 149 21 162 60 13 33 180 11 132 30 172 42 128 79 198 16 46 5 12 69 108 66 40 50 70 51 3 13 90 58 139 38 178 53 197 37 129 20 58 76 13 54 11
818 22 261 53 51 67 64 19 174 30 159 75 151 61 177 15 102 87 53 39 164 57 88 6 93 16 110 13 25 37 25 14 43 93 53 82 164 79 63 74 153 34 82 27 187 68 132
819 22 333 77 183 88 164 40 81 31 149 45 108 38 69 21 180 8 187 72 60 69 35 83 108 43 196 93 176 74 179 95 5 56 129 71 169 25 54 61 6 89 181 85 96 68 9
820 22 278 56 88 43 145 70 103 39 17 47 14 91 178 60 95 85 89 7 57 63 160 25 83 20 83 24 101 67 19 75 126 59 70 23 80 61 97 22 27 99 186 35 74 42 82
821 22 269 38 101 7 73 73 89 96 73 66 44 34 92 2 3 14 133 78 174 81 199 52 119 50 138 4 84 11 79 77 93 68 78 51 92 91 87 26 149 53 69 82 96 22 36
822 22 273 9 54 13 134 35 64 86 105 65 175 60 100 37 190 77 29 58 106 31 149 7 73 88 132 22 192 52 103 87 73 91 47 78 155 32 64 18 169 69 34 43 80 34 80
823 22 290 70 10 60 127 67 43 27 173 15 166 56 88 57 7 43 195 31 33 41 108 87 125 24 157 93 44 90 188 23 75 92 84 78 70 2 120 49 74 14 81 74 123 68 117
824 22 230 69 200 10 129 39 34 52 47 26 95 88 113 17 63 31 161 98 9 30 200 80 78 25 18 44 106 92 166 11 34 13 11 43 141 1 176 47 54 38 134 18 6 48 49
825 22 264 66 46 9 148 97 88 25 21 6 20 78 149 37 22 59 171 86 121 65 126 21 193 69 119 46 58 5 163 63 152 81 149 71 128 45 59 4 166 16 76 95 64 12 168
826 22 341 74 182 53 47 99 30 67 191 50 138 88 107 42 102 22 45 65 54 94 35 81 138 93 36 55 160 11 2 75 123 69 149 56 122 95 6 3 13 96 153 35 11 43 37
827 22 268 84 40 1 137 33 135 69 122 80 105 29 139 67 130 14 41 98 14 49 171 8 54 74 172 2 178 36 188 68 172 72 107 39 159 13 138 41 28 51 22 92 71 54 140
828 22 375 94 113 93 19 37 194 96 110 82 183 77 53 6 84 66 174 35 194 86 172 78 78 99 128 51 92 19 122 97 110 67 62 55 85 98 48 80 7 81 14 34 172 70 10
829 22 251 37 144 96 130 81 167 7 111 17 86 13 8 57 186 66 52 18 20 36 115 20 167 73 100 33 159 85 104 29 194 40 24 41 121 56 107 79 166 76 164 31 135 16 91
830 22 266 86 68 60 5 55 174 76 122 98 76 54 157 57 85 6 148 8 146 68 115 5 146 33 180 61 63 66 81 78 157 18 97 16 22 52 142 25 139 30 47 84 38 31 89
831 22 242 85 190 87 4 5 191 49 137 70 9 51 35 41 28 43 58 25 111 80 128 52 29 4 142 33 189 88 170 71 129 6 61 15 109 17 57 9 5 26 17 55 12 58 134
832 22 264 7 67 10 17 98 137 20 126 40 113 82 24 1 170 93 124 50 50 84 116 58 52 72 166 56 149 35 162 12 144 95 18 5 186 8 193 57 185 85 70 67 108 22 188
833 22 289 53 45 89 102 80 104 12 31 75 177 38 175 11 199 86 6 94 104 16 150 41 75 42 198 59 26 19 77 40 64 37 52 91 116 7 2 99 181 79 136 55 41 35 193
834 22 253 47 180 48 14 29 88 88 22 37 98 7 175 85 99 90 22 35 194 12 102 14 200 33 144 39 184 74 131 82 153 78 147 18 34 54 6 32 53 13 58 89 111 10 97
835 22 251 40 74 98 92 39 198 24 182 85 14 17 10 97 51 62 74 46 43 83 151 49 66 56 61 23 44 21 106 19 113 79 16 4 17 65 79 1 44 66 10 16 123 14 113
836 22 298 68 8 47 171 56 112 26 68 34 169 42 106 74 160 18 4 76 173 20 92 51 169 93 95 35 54 86 150 77 151 14 44 59 60 66 123 91 34 12 127 62 85 87 31
837 22 232 89 14 4 60 5 6 29 149 52 63 3 38 64 179 88 130 74 146 41 140 12 64 30 97 71 193 23 184 78 61 15 118 18 129 31 175 57 79 27 171 33 64 87 11
838 22 244 51 168 37 149 8 28 12 123 57 60 94 50 34 77 79 95 43 148 20 12 76 50 87 185 29 13 7 113 28 145 24 30 78 172 39 141 47 200 48 34 68 126 10 25
839 22 240 99 22 53 49 8 189 29 172 47 41 51 192 16 180 55 127 10 26 65 50 72 12 50 10 59 35 77 137 14 139 13 112 12 117 60 71 5 88 42 152 81 192 43 196
840 22 225 23 197 32 175 39 82 46 2 83 7 13 117 36 101 30 26 41 137 1 7 86 140 48 137 20 191 31 168 65 180 42 97 54 80 51 34 12 109 28 196 98 109 21 62
841 22 305 49 157 43 101 63 129 93 162 17 164 4 48 31 169 79 124 65 84 56 194 86 189 57 94 36 90 83 144 10 144 44 19 87 45 81 167 89 143 52 46 82 35 14 112
842 22 300 58 30 95 113 75 180 53 131 26 38 66 67 72 61 28 168 5 146 6 1 27 172 89 21 92 66 40 78 32 151 88 13 46 52 77 105 18 54 94 36 20 166 96 200
843 22 265 33 52 45 138 52 23 61 192 43 118 84 61 57 113 44 108 56 5 81 8 13 87 1 100 58 66 95 157 50 47 2 39 24 99 42 119 69 77 31 125 89 174 32 89
844 22 290 29 36 92 24 69 199 36 155 99 35 12 117 81 21 66 179 22 105 97 155 67 123 98 197 86 170 31 126 19 117 39 115 9 145 43 8 82 75 28 147 54 149 3 34
845 22 324 98 110 55 164 84 104 61 183 89 82 66 67 80 184 83 53 22 50 13 166 15 7 73 96 82 1 94 87 1 197 72 150 58 78 41 181 26 176 21 107 87 139 76 122
846 22 278 43 49 71 56 14 185 62 138 32 95 90 25 81 143 73 52 44 30 9 23 61 134 50 134 93 90 20 83 17 41 77 165 63 32 30 147 46 67 78 140 55 73 3 127
847 22 252 76 46 9 157 55 131 17 40 80 150 84 121 22 66 37 14 43 1 77 26 30 75 23 148 5 163 8 159 87 10 85 62 93 18 62 75 1 154 88 185 26 109 2 62
848 22 299 75 196 14 51 74 143 25 196 43 129 10 2 39 96 12 124 71 68 27 132 65 84 48 105 20 74 87 39 69 101 89 94 95 166 90 189 46 151 91 85 99 154 8 108
849 22 256 24 27 86 55 21 51 90 169 7 110 94 71 83 80 10 3 32 150 97 127 15 138 61 88 57 45 4 145 33 182 31 187 3 133 29 23 39 138 68 109 72 199 70 174
850 22 281 31 120 22 9 34 111 75 146 99 132 42 36 41 97 33 74 79 63 12 133 47 40 55 137 29 122 97 100 72 167 26 2 86 199 10 71 85 169 60 16 8 159 81 37
851 22 257 93 193 69 139 84 75 27 113 48 24 64 19 90 141 21 27 40 182 49 1 18 169 60 185 31 58 89 37 25 177 29 169 45 120 53 171 46 17 32 136 10 73 8 88
852 22 304 64 42 89 116 11 57 75 148 87 32 92 27 20 16 3 1 37 99 69 17 57 138 38 140 74 47 33 87 79 126 94 89 31 120 36 70 4 27 96 123 99 123 30 149
853 22 276 94 170 18 11 78 155 80 146 81 65 84 112 42 158 5 30 41 25 17 10 95 57 2 189 7 77 56 22 40 25 79 83 86 111 19 175 64 30 68 122 34 98 14 110
854 22 272 14 175 89 109 31 143 49 90 71 118 97 192 57 121 76 126 51 58 11 161 90 129 87 154 10 155 27 196 4 40 5 69 46 129 96 140 77 37 47 133 1 3 53 28
855 22 274 80 104 38 91 64 27 71 103 32 81 9 158 28 12 49 132 14 129 61 110 68 137 98 177 35 31 30 138 83 57 17 186 94 59 2 73 82 56 4 62 62 89 75 110
856 22 329 72 106 76 53 66 85 20 155 34 49 89 164 78 178 47 86 84 180 57 137 52 138 92 7 99 7 68 39 81 30 63 139 5 167 56 41 86 62 74 86 3 138 15 32
857 22 308 36 1 78 71 32 135 8 135 72 151 41 23 58 109 13 190 90 127 80 94 93 36 86 131 49 11 16 151 48 131 83 35 31 112 6 14 98 65 70 15 88 44 56 114
858 22 260 37 135 93 82 27 28 19 157 29 130 25 179 55 113 64 137 69 150 22 33 49 43 99 136 86 123 84 94 36 72 28 28 54 6 8 72 63 36 1 87 14 30 79 45
859 22 286 81 55 65 82 76 149 30 71 47 65 8 69 1 104 72 180 32 125 86 91 48 100 26 101 38 91 82 182 69 126 62 23 90 195 51 190 24 73 36 140 80 5 40 133
860 22 328 60 11 64 143 87 1 33 186 10 86 89 1 19 170 21 44 83 96 85 77 98 74 70 162 40 149 18 131 77 93 97 72 79 97 56 116 49 166 54 89 66 72 59 38
861 22 247 68 93 33 104 70 30 30 121 51 91 12 52 60 142 84 88 34 132 59 164 29 15 80 129 17 97 4 27 86 123 20 19 27 41 56 161 3 198 73 154 57 114 37 44
862 22 285 69 3 63 149 94 29 78 197 48 182 24 33 56 95 3 82 35 3 37 95 57 34 67 10 42 133 98 186 84 118 40 198 66 108 92 46 7 169 43 106 2 66 38 158
863 22 294 12 141 91 46 95 28 40 151 13 159 7 43 9 92 26 27 31 23 44 138 66 90 96 35 32 1 88 149 90 45 60 182 36 105 76 15 78 179 6 89 85 100 98 128
864 22 294 25 176 58 100 19 47 65 108 94 151 39 46 36 35 98 117 70 54 45 36 2 122 67 59 63 3 59 112 31 83 87 88 34 105 99 13 80 1 3 26 13 74 91 181
865 22 292 95 97 25 83 98 199 49 156 61 51 66 72 33 149 58 21 34 14 7 84 78 86 85 133 63 75 26 175 48 116 8 195 64 32 77 13 30 77 21 142 79 186 65 12
866 22 284 86 74 84 120 88 90 3 65 27 39 97 142 14 22 68 13 90 175 7 5 59 35 18 188 63 138 82 142 23 46 5 161 20 88 80 159 29 34 75 7 73 172 48 138
867 22 337 45 16 50 186 42 157 91 100 43 160 40 6 97 121 99 171 18 3 83 189 62 99 70 148 74 176 72 45 76 109 41 43 10 79 84 118 69 36 61 28 75 66 47 116
868 22 344 98 16 18 81 5 159 94 103 80 141 76 7 64 172 82 124 65 76 34 143 12 51 63 47 42 121 69 19 95 166 90 22 92 45 53 84 72 60 96 93 23 160 56 54
869 22 294 80 159 16 26 73 109 98 53 77 116 47 194 1 111 92 91 84 135 87 137 18 58 96 117 53 88 64 56 99 117 57 84 12 130 9 134 20 176 32 14 42 5 19 126
870 22 266 39 5 14 108 62 9 77 167 48 68 30 104 66 99 90 175 34 54 56 78 89 97 20 62 18 114 36 39 92 4 16 5 12 192 71 59 59 153 76 3 50 136 9 105
871 22 283 65 122 45 62 63 165 23 80 78 141 67 68 48 10 71 63 15 34 6 137 44 16 41 158 92 195 13 93 83 73 98 47 46 42 8 109 58 183 40 187 75 159 54 74
872 22 301 68 76 89 134 61 94 23 105 62 63 53 58 26 45 92 150 94 138 95 188 98 155 45 132 32 6 5 137 31 124 65 119 58 25 80 81 42 130 3 19 20 132 63 59
873 22 295 81 169 55 12 63 86 69 19 75 199 43 91 18 200 67 34 31 148 59 76 41 140 79 60 65 124 27 136 7 41 94 87 10 149 98 24 86 18 95 112 17 137 2 86
874 22 278 88 21 19 70 68 177 45 8 16 75 67 132 51 46 20 157 38 13 96 199 13 45 75 51 63 169 14 79 57 68 34 165 55 162 61 62 29 88 81 160 78 179 46 115
875 22 286 44 93 66 8 38 40 10 152 60 124 82 16 91 97 63 78 30 27 32 91 39 145 19 126 77 30 15 54 61 61 69 56 53 186 42 25 73 193 36 148 74 151 70 165
876 22 246 15 199 91 98 41 181 94 111 7 171 21 24 53 33 44 108 38 129 22 179 5 194 24 40 93 97 42 30 67 106 96 117 48 45 10 29 39 20 87 161 12 59 36 116
877 22 274 92 80 23 181 60 145 11 17 90 34 56 183 31 198 64 49 55 160 17 103 26 131 46 198 6 61 75 42 77 118 73 199 98 184 95 161 37 194 8 119 24 5 34 124
878 22 228 11 193 41 113 1 18 95 46 15 163 52 28 38 145 4 107 69 154 57 104 17 104 37 110 55 186 67 88 9 77 33 149 42 133 36 130 99 33 60 88 29 115 46 97
879 22 245 21 102 1 21 70 56 57 80 18 11 17 184 50 125 12 34 26 105 44 41 48 28 91 32 88 130 61 54 75 9 74 129 9 94 98 16 29 133 45 68 14 22 32 47
880 22 244 47 136 17 142 28 116 69 18 56 99 7 162 74 116 35 102 76 129 51 92 30 80 94 176 44 107 97 75 5 195 62 21 36 90 59 83 12 158 41 173 31 56 8 184
881 22 313 32 88 34 175 69 165 50 62 41 145 68 89 71 25 84 133 45 171 74 133 75 32 15 87 89 107 59 71 63 18 6 46 57 92 72 26 56 121 87 148 18 7 88 31
882 22 296 24 120 27 194 93 159 69 125 25 107 65 32 88 146 35 93 43 191 84 114 68 192 86 55 91 3 13 79 2 110 96 155 80 116 31 104 22 47 38 134 32 72 74 15
883 22 272 62 87 82 153 73 188 44 75 74 65 94 176 27 15 23 33 38 15 97 111 61 184 48 195 15 72 41 86 34 27 67 39 51 7 26 6 55 142 52 82 20 166 4 4
884 22 272 59 193 18 7 3 79 90 103 25 157 74 197 97 59 30 75 77 168 26 83 1 3 41 108 96 192 89 68 9 45 71 67 37 89 73 92 19 15 94 143 23 167 39 19
885 22 329 77 20 45 53 40 170 88 92 24 80 99 20 23 188 87 131 32 109 49 20 73 111 67 187 56 9 61 22 79 150 71 76 55 10 94 101 21 73 52 140 47 39 78 177
886 22 291 22 38 77 193 87 49 4 53 88 111 14 48 33 64 79 82 34 154 95 150 81 196 70 53 99 9 89 138 27 10 76 55 2 162 57 166 43 168 42 52 20 85 28 73
887 22 260 73 23 75 53 18 44 58 168 5 108 56 142 87 165 17 141 30 196 27 196 38 46 26 80 49 120 51 133 48 176 57 70 50 10 39 193 67 6 97 126 61 91 12 77
888 22 299 59 153 46 189 48 72 36 138 69 13 17 85 71 50 32 46 58 153 95 167 91 140 85 148 88 111 60 178 22 136 37 26 33 77 26 57 64 63 25 176 83 42 53 43
889 22 265 43 51 95 197 19 37 36 55 24 117 53 39 82 89 16 115 17 141 71 80 55 95 8 137 88 19 42 82 62 192 52 45 76 6 80 99 23 127 3 113 44 128 74 160
890 22 260 21 44 92 175 91 199 64 130 17 5 12 130 48 45 38 87 96 134 62 153 65 12 27 191 15 91 51 58 71 24 20 160 10 158 80 39 36 2 56 35 46 145 22 193
891 22 301 78 83 98 143 95 124 85 109 15 35 18 185 59 86 27 30 46 43 39 155 75 129 81 62 31 89 97 128 21 63 52 18 57 146 93 41 6 59 28 123 38 9 67 6
892 22 297 16 157 60 42 85 193 3 167 81 199 95 17 68 167 79 20 36 187 17 28 80 123 87 7 45 33 96 5 6 14 10 21 70 170 14 6 73 146 67 67 62 34 41 5
893 22 244 20 179 22 147 58 44 85 116 40 18 63 45 23 76 6 95 45 127 8 51 75 175 41 41 47 27 77 139 31 96 69 104 42 27 79 94 39 148 9 135 84 140 16 181
894 22 275 67 175 83 58 49 157 95 142 41 168 25 31 50 20 99 54 13 77 52 191 23 90 38 31 24 159 66 116 26 146 34 152 28 191 53 84 85 194 32 77 56 59 62 127
895 22 197 10 67 40 186 19 82 60 60 20 42 36 130 8 151 53 84 11 33 26 63 16 11 56 100 87 168 7 146 82 134 55 48 25 192 18 106 4 78 77 45 65 159 15 18
896 22 258 9 50 28 141 75 91 8 85 98 107 24 18 66 21 99 151 27 198 70 16 32 173 45 61 61 19 73 75 36 81 76 63 50 153 81 187 3 39 62 20 4 82 6 108
897 22 301 67 132 29 134 16 2 30 176 23 190 94 95 28 91 43 100 93 148 80 131 50 119 92 169 74 73 90 132 32 56 63 160 42 178 13 71 53 35 98 82 26 9 71 169
898 22 254 8 15 68 140 45 17 10 136 37 183 60 26 66 91 81 129 2 174 58 115 63 101 9 60 82 188 38 190 50 24 25 189 41 198 55 77 32 14 54 198 56 86 78 58
899 22 345 60 135 24 56 97 24 64 109 58 51 46 147 61 103 96 84 27 136 4 167 85 58 95 169 66 79 88 144 81 163 99 130 87 14 38 144 65 83 42 125 37 190 63 125
900 22 208 15 81 62 125 27 130 48 26 47 178 10 41 66 6 73 180 56 2 70 191 61 34 55 110 9 44 21 123 20 136 3 81 12 181 11 6 8 88 68 200 5 73 85 28
901 22 219 26 2 49 17 15 182 41 21 43 2 16 64 24 135 51 79 68 114 59 81 17 89 63 84 40 168 8 112 4 87 38 157 36 154 71 169 94 143 12 195 58 27 45 129
902 22 267 49 12 42 159 92 65 27 132 10 172 46 69 35 49 8 172 58 143 77 80 11 23 23 74 69 180 91 24 28 91 87 21 50 31 85 176 62 164 38 85 61 158 20 162
903 22 282 65 43 19 7 72 198 70 46 20 95 14 152 95 157 75 174 47 162 48 192 83 24 5 146 13 142 59 70 61 20 87 55 38 93 26 135 71 107 9 137 58 155 93 184
904 22 282 80 139 45 26 87 88 9 162 6 26 86 164 47 98 35 133 52 72 78 78 59 91 17 51 36 74 57 180 37 71 54 14 93 174 70 89 32 195 26 147 41 23 82 174
905 22 298 75 105 51 4 63 193 3 31 96 91 56 152 70 65 40 140 6 148 62 31 69 3 28 161 94 181 29 98 83 32 13 75 86 143 22 28 99 126 50 63 65 141 32 122
906 22 312 89 145 53 157 99 166 72 27 78 179 81 71 59 109 69 41 40 81 67 77 75 89 5 125 14 154 87 30 46 170 52 134 56 43 65 173 66 143 51 144 23 121 2 131
907 22 230 41 94 22 73 60 99 48 48 55 172 13 60 11 43 5 80 46 191 98 153 85 63 25 150 27 45 28 200 10 40 91 132 50 30 12 150 36 35 62 195 45 156 51 177
908 22 265 53 41 74 157 77 88 34 78 93 160 22 72 59 19 81 199 61 112 63 63 12 28 8 125 5 33 33 37 17 106 94 146 27 23 38 138 45 109 97 115 41 47 28 153
909 22 301 9 90 97 34 53 177 93 177 50 97 61 126 81 198 95 187 91 40 32 169 62 121 6 158 29 154 25 69 52 173 60 141 70 93 46 38 21 47 86 82 67 31 19 105
910 22 304 73 10 88 141 23 108 98 181 52 157 8 151 81 11 2 55 44 99 64 145 30 197 69 96 79 39 51 200 87 91 46 41 55 133 92 111 40 94 70 72 56 169 11 164
911 22 286 71 154 27 68 35 76 36 130 54 127 81 157 26 19 99 100 16 39 48 30 40 124 85 11 79 105 41 68 6 147 47 25 74 161 63 179 39 95 66 134 24 21 89 120
912 22 276 29 73 82 159 30 117 52 149 75 98 47 99 20 11 44 199 49 91 85 165 56 170 32 188 94 152 68 199 40 87 27 65 69 137 46 37 88 94 11 137 41 10 19 112
913 22 192 20 162 10 21 4 147 85 159 16 116 99 9 19 66 7 59 5 185 23 25 22 20 61 161 13 124 98 5 33 16 17 104 29 26 24 133 8 43 40 175 41 200 94 159
914 22 261 7 4 15 191 78 39 64 97 51 25 9 126 22 14 58 89 30 114 69 107 37 53 83 97 96 22 23 188 21 16 98 179 71 112 48 102 85 144 5 161 34 118 40 74
915 22 275 99 153 43 57 89 95 39 37 42 12 60 130 33 27 79 163 98 91 84 45 92 21 41 96 45 78 67 162 17 40 12 69 34 168 9 129 59 198 22 170 3 154 35 82
916 22 267 17 184 72 152 81 115 24 121 63 57 40 23 30 156 14 141 76 48 60 136 28 170 33 149 41 4 93 128 85 161 11 8 65 43 22 188 15 36 44 31 75 18 82 184
917 22 217 9 31 12 45 10 181 77 10 20 118 13 165 45 49 7 56 41 150 78 129 64 13 24 95 40 142 54 173 25 106 82 107 69 126 68 49 2 177 21 171 42 85 67 190
918 22 230 13 74 46 54 75 175 34 190 39 57 36 178 50 190 51 74 47 32 32 115 57 99 15 10 28 35 81 121 71 147 10 184 72 107 89 146 33 122 30 171 1 80 12 3
919 22 246 53 110 86 85 76 94 35 91 4 162 25 36 82 148 34 144 31 106 2 71 3 187 92 90 10 121 61 10 52 124 13 105 50 141 44 27 51 147 41 128 74 75 67 117
920 22 297 57 124 71 27 27 57 70 16 66 42 28 127 94 104 91 50 89 41 42 1 84 168 4 182 8 131 15 82 33 150 65 57 72 91 35 180 12 150 97 53 30 24 98 33
921 22 281 66 47 73 106 88 73 41 108 76 122 15 158 48 114 21 150 78 129 20 63 1 31 64 197 36 93 72 33 25 38 32 197 43 171 70 36 97 157 45 55 44 168 69 193
922 22 285 98 97 14 69 11 166 52 74 87 167 38 71 43 75 2 192 69 73 13 4 9 113 46 115 90 83 77 182 32 25 47 200 64 51 60 78 89 78 67 160 73 141 61 64
923 22 270 61 85 28 65 87 88 29 84 3 137 73 37 65 7 68 41 5 119 27 169 22 38 98 10 64 169 40 156 82 155 16 18 32 4 69 160 88 23 48 112 59 64 18 26
924 22 281 4 123 97 182 43 18 20 40 27 39 55 148 78 10 81 132 25 98 65 57 54 85 16 93 8 16 66 79 74 144 83 148 40 116 90 57 87 181 35 125 34 102 44 14
925 22 306 85 20 64 1 76 117 86 44 9 145 59 164 62 137 89 5 71 136 96 187 77 4 25 57 39 150 43 172 3 86 38 140 58 1 92 133 17 129 28 77 73 186 35 75
926 22 297 81 91 45 116 87 83 93 42 60 49 80 9 44 4 63 129 41 54 38 93 46 71 9 74 98 37 47 136 28 33 10 8 75 106 24 113 89 68 55 48 68 186 8 111
927 22 252 41 122 92 33 76 129 25 73 51 133 46 101 21 44 36 149 28 197 56 103 2 31 67 42 50 121 18 59 80 199 22 123 32 49 52 156 54 161 62 41 61 89 37 169
928 22 285 43 91 51 110 84 1 82 125 70 40 76 1 39 197 24 22 97 175 29 69 28 121 87 134 48 174 94 188 11 62 31 53 13 40 36 165 21 12 86 13 88 186 3 36
929 22 242 9 24 33 35 4 101 15 25 39 48 6 86 73 151 74 135 13 156 87 177 47 123 93 119 34 78 31 173 76 108 62 12 45 176 36 184 75 93 69 100 43 94 7 1
930 22 271 21 183 47 95 27 66 80 56 96 153 71 81 13 146 88 105 59 199 49 87 34 132 61 78 53 112 46 146 99 118 62 145 12 40 10 143 58 95 66 38 7 63 25 111
931 22 220 21 176 12 107 61 143 20 39 47 183 11 45 28 37 43 45 50 187 8 90 97 151 37 106 54 143 4 116 19 66 88 46 77 147 7 172 18 197 62 80 95 104 24 97
932 22 294 43 84 86 191 34 74 96 30 27 190 85 194 60 51 81 106 79 179 64 2 72 148 18 33 12 89 2 60 31 185 97 73 70 168 57 184 89 16 22 73 17 200 36 18
933 22 285 48 147 89 47 64 174 73 28 14 126 87 144 63 84 16 32 5 135 31 101 43 15 41 58 52 62 68 14 18 186 61 165 26 159 80 99 83 159 12 108 98 7 70 81
934 22 276 74 2 37 60 84 37 2 198 30 112 91 194 69 104 11 6 16 127 32 174 7 30 56 65 94 16 62 52 85 94 78 138 83 37 22 171 39 71 50 172 43 43 41 146
935 22 234 53 46 14 180 29 39 38 111 47 54 4 162 68 55 98 113 32 188 95 21 9 66 59 179 65 8 3 107 2 95 5 54 92 70 85 21 60 174 31 6 28 134 19 47
936 22 278 40 17 59 124 4 6 96 64 71 54 42 87 13 96 46 14 90 102 19 34 56 54 30 129 84 188 8 69 6 154 60 122 65 35 77 70 92 135 34 178 47 29 75 160
937 22 280 71 176 79 4 98 134 9 80 14 192 67 122 12 172 27 123 46 43 10 122 91 14 55 126 47 133 72 127 7 184 49 135 52 32 99 12 11 12 77 85 66 101 64 41
938 22 254 46 106 50 19 70 140 32 76 17 130 8 89 57 167 24 105 53 137 9 84 35 120 95 98 75 123 92 23 84 120 7 133 91 176 25 74 4 41 63 81 12 129 68 181
939 22 221 92 128 17 78 11 176 74 85 62 17 8 11 1 179 85 69 45 61 43 148 2 146 10 134 9 191 38 176 23 29 4 139 59 103 86 128 47 96 48 175 77 85 44 121
940 22 230 45 138 20 198 35 82 32 143 24 121 70 146 1 125 37 159 79 89 44 106 26 142 54 22 50 153 49 127 92 199 34 129 71 83 15 4 66 57 27 86 39 51 12 49
941 22 304 29 153 45 87 30 86 92 152 88 144 52 66 33 43 16 18 23 186 37 141 66 45 67 103 70 91 93 172 54 42 53 106 86 191 36 23 34 139 62 77 90 27 61 184
942 22 241 43 178 6 180 30 94 21 47 38 39 49 59 29 94 83 35 35 135 40 72 77 127 46 10 17 8 34 199 41 28 28 46 60 109 91 80 55 180 18 104 39 199 85 83
943 22 224 7 124 6 183 3 151 44 19 58 181 77 144 31 117 23 11 15 82 19 5 13 74 85 183 29 175 33 77 47 117 11 53 92 16 87 194 18 82 65 28 62 141 71 145
944 22 262 57 45 55 171 27 73 28 39 98 112 21 26 38 153 54 184 64 188 13 131 26 158 49 7 22 28 68 62 12 119 94 118 41 120 91 168 59 40 31 131 66 68 36 119
945 22 327 3 56 35 190 68 165 67 26 65 73 47 192 93 161 41 56 79 135 74 119 54 116 39 164 55 69 72 89 82 43 91 89 77 33 9 193 99 86 58 172 84 149 16 144
946 22 286 42 71 74 176 96 45 81 111 83 97 66 151 43 37 39 176 31 82 16 107 14 124 12 9 57 135 45 157 50 88 98 173 62 125 68 58 58 79 40 154 48 84 23 115
947 22 290 14 38 73 27 72 190 74 80 77 18 89 26 58 138 50 71 63 118 28 120 48 67 25 195 60 72 30 140 46 144 5 35 69 31 40 21 49 191 26 200 97 176 70 111
948 22 256 45 197 82 144 15 6 38 75 29 167 66 74 63 123 61 131 53 8 22 125 33 193 73 76 4 199 75 153 26 145 70 93 97 113 60 154 2 86 83 168 3 8 25 68
949 22 292 64 30 28 38 6 160 82 79 35 86 29 62 90 154 52 123 50 200 87 61 54 188 98 88 7 53 95 41 63 104 58 142 41 64 1 75 94 88 60 122 49 149 27 106
950 22 249 52 149 7 104 87 168 57 26 17 96 32 69 90 172 98 104 28 107 45 120 70 98 94 63 85 105 36 133 5 162 9 62 96 12 48 15 20 173 15 57 4 28 1 160
951 22 265 7 108 56 127 29 53 20 92 89 25 79 73 81 141 62 89 2 158 72 119 26 155 85 82 41 62 68 66 55 194 95 160 66 138 48 42 16 173 22 56 34 111 10 191
952 22 253 62 111 15 33 88 21 17 170 27 57 83 186 8 50 3 163 96 97 74 61 34 173 54 150 45 27 57 179 89 166 21 51 28 187 35 68 51 37 86 108 19 123 20 126
953 22 292 29 15 74 54 27 8 32 109 23 59 65 53 47 183 26 149 62 112 83 29 71 34 17 57 93 35 31 159 7 56 40 173 30 193 89 171 97 46 41 113 98 140 88 9
954 22 327 87 71 89 157 56 6 65 100 92 96 58 198 3 149 71 84 94 122 72 64 4 120 9 145 85 159 84 31 81 123 91 67 45 180 24 152 37 188 51 128 35 61 78 138
955 22 279 9 48 21 102 45 118 24 116 78 120 36 155 83 69 73 87 22 4 62 174 40 2 76 68 97 144 46 50 16 142 67 39 57 145 11 157 32 65 91 100 94 63 39 116
956 22 272 67 200 41 6 1 168 25 37 4 121 61 152 16 58 31 199 68 22 56 64 32 164 47 148 54 99 42 168 37 109 86 36 92 189 77 23 74 56 75 39 45 94 60 152
957 22 255 9 143 67 107 42 172 5 83 40 193 43 125 81 43 68 169 11 188 45 133 28 33 59 35 31 185 25 28 78 36 38 178 98 44 72 121 1 54 12 193 97 89 73 39
958 22 285 8 93 1 95 89 186 74 174 44 61 4 28 85 131 57 121 62 146 50 11 21 131 41 27 95 86 75 183 10 13 90 103 66 137 43 51 16 46 72 73 59 154 81 131
959 22 295 67 26 32 177 66 105 60 59 31 106 44 105 88 153 69 129 55 86 17 50 36 131 81 104 5 162 94 37 62 176 89 180 80 100 38 162 18 44 85 38 24 140 41 141
960 22 283 59 71 57 192 74 45 48 88 38 185 31 149 98 58 37 129 89 136 66 2 40 98 19 135 83 57 80 199 14 190 21 122 81 146 18 81 33 155 65 116 56 14 25 92
961 22 323 43 14 80 60 67 71 58 186 6 92 94 64 65 173 14 130 86 51 47 131 69 127 16 75 83 130 8 107 74 50 72 153 10 39 75 19 76 180 62 169 95 178 93 160
962 22 275 7 6 45 109 52 76 29 130 43 104 24 125 85 132 31 110 81 55 14 42 93 189 12 68 20 73 36 115 50 80 74 108 71 17 89 46 70 140 94 64 37 125 46 98
963 22 235 57 100 12 51 92 100 62 11 19 87 46 85 36 77 59 44 14 81 2 126 8 123 17 60 16 80 48 192 25 145 1 177 56 51 68 107 64 179 78 150 76 162 86 53
964 22 323 72 81 66 152 44 119 29 51 93 45 62 61 76 109 52 153 54 4 61 54 96 168 18 26 97 19 58 104 82 136 75 85 79 145 14 182 37 110 43 197 86 104 1 138
965 22 262 57 4 18 169 10 65 36 79 91 84 97 196 42 153 53 175 88 27 59 19 23 124 52 59 34 194 8 171 49 8 60 5 63 77 26 124 41 13 2 183 51 178 90 3
966 22 250 30 64 42 108 74 12 82 198 63 41 83 109 48 153 57 7 64 114 69 40 39 45 32 51 46 115 47 48 44 188 2 126 51 196 85 77 7 167 22 7 8 182 6 112
967 22 278 38 12 75 3 32 66 93 128 97 44 26 63 42 173 7 82 22 16 8 128 82 33 1 140 40 182 51 120 60 177 74 144 67 71 91 62 96 53 55 121 11 36 47 94
968 22 286 20 168 62 79 47 195 64 48 35 103 29 183 6 100 43 182 74 186 76 192 8 166 53 4 70 159 24 33 95 122 26 114 89 187 44 135 82 7 68 110 63 50 67 62
969 22 286 92 200 87 29 75 130 37 92 34 192 14 93 67 46 88 171 52 76 58 95 62 91 2 144 63 58 59 181 71 3 80 10 31 107 39 19 50 73 10 163 65 76 8 3
970 22 245 63 131 6 90 40 200 52 130 53 147 39 167 4 197 47 74 99 79 35 182 37 174 86 198 10 49 14 37 8 116 38 21 41 177 72 192 58 25 90 48 43 93 45 42
971 22 328 19 195 72 153 28 8 78 128 93 75 89 93 88 77 53 55 42 75 69 71 99 12 75 102 76 117 46 172 58 16 18 29 98 125 33 25 65 77 64 41 29 19 23 45
972 22 346 89 93 43 152 72 17 53 99 86 151 70 195 66 140 24 86 37 163 84 61 95 60 77 72 23 17 52 41 85 174 38 125 80 77 90 49 81 88 34 31 10 128 97 49
973 22 248 3 34 37 66 69 149 12 128 25 83 51 141 87 143 78 160 80 2 30 167 11 6 45 93 15 24 41 115 79 75 44 143 99 107 23 75 42 173 16 128 67 45 39 199
974 22 232 46 16 10 28 34 21 90 92 17 182 6 92 23 73 70 49 75 65 43 74 72 165 48 113 37 115 40 156 59 78 54 157 15 136 31 87 25 22 3 6 80 46 52 16
975 22 280 80 126 23 151 51 87 63 176 17 2 31 28 32 36 84 29 50 119 59 188 43 133 42 100 64 187 67 2 11 144 82 85 95 132 72 97 47 99 65 200 29 192 16 175
976 22 320 59 117 45 170 4 139 54 45 91 117 31 22 83 185 84 126 66 69 72 149 40 20 95 138 85 195 18 128 77 85 55 188 1 99 57 56 90 162 80 78 82 1 12 18
977 22 299 36 89 83 4 61 184 43 32 78 132 68 124 1 96 85 102 88 37 44 92 41 157 20 34 77 72 97 194 8 85 29 11 12 6 89 96 65 90 26 44 52 163 96 47
978 22 240 6 136 3 149 8 188 77 31 84 70 38 68 50 1 65 61 58 45 2 46 92 18 87 35 82 165 30 185 27 177 31 84 13 185 72 124 60 54 7 82 26 131 44 42
979 22 269 44 153 38 97 98 130 14 37 64 95 1 145 31 79 22 13 62 186 97 98 57 72 10 130 90 153 55 121 48 49 86 160 50 15 25 38 30 119 75 101 68 148 13 181
980 22 272 33 61 78 141 32 187 50 61 76 155 67 96 54 67 11 106 53 22 7 119 46 144 1 116 27 16 74 128 80 106 88 58 19 44 47 131 71 153 98 67 64 129 12 168
981 22 283 3 170 39 148 13 39 16 45 65 31 44 38 11 175 43 98 84 140 69 179 38 51 50 91 48 168 49 64 96 112 83 198 81 21 98 193 59 113 37 75 95 32 12 5
982 22 267 6 6 55 190 97 175 68 35 25 69 36 173 40 84 84 22 81 164 43 130 8 53 42 144 28 137 27 191 93 132 49 147 73 45 21 193 79 98 61 155 22 97 32 162
983 22 282 34 12 77 128 94 184 81 87 79 60 75 5 2 68 89 150 14 113 47 87 5 177 84 118 32 105 66 10 17 97 24 150 60 200 78 153 36 10 92 166 21 166 23 22
984 22 273 33 11 24 199 75 70 37 132 98 20 49 129 76 166 91 44 62 14 93 73 65 22 26 100 31 17 66 3 34 188 25 167 50 100 17 24 21 153 55 118 47 199 20 137
985 22 255 42 133 2 186 6 66 8 183 66 190 51 183 93 84 22 169 71 68 18 46 40 22 53 57 45 59 55 143 79 143 36 63 44 122 68 62 81 2 27 70 52 161 62 188
986 22 207 82 182 89 104 1 59 40 80 53 149 25 112 3 119 42 98 7 104 93 128 24 154 8 125 32 29 29 92 43 16 56 180 14 81 16 46 33 64 22 196 19 92 98 93
987 22 276 60 177 68 114 84 44 45 165 72 89 7 39 13 30 95 193 6 160 73 74 5 157 89 178 70 93 74 119 85 134 96 104 47 31 48 43 19 131 1 58 44 183 4 88
988 22 265 40 163 12 13 20 68 2 97 72 160 18 17 86 37 1 19 32 57 17 162 4 59 57 22 90 109 31 85 91 34 24 31 97 35 95 68 54 48 64 178 60 82 94 45
989 22 280 70 146 63 1 2 31 14 157 89 70 31 30 79 161 66 21 47 141 3 95 27 150 62 181 97 77 10 156 58 55 52 27 6 44 93 62 85 114 44 66 57 132 65 3
990 22 308 72 19 49 199 68 10 31 117 86 192 24 196 98 176 74 101 89 105 6 185 97 20 21 62 63 86 19 169 22 173 93 140 43 108 82 73 76 68 16 199 15 13 88 65
991 22 269 15 44 71 51 40 42 54 4 8 159 75 29 80 147 21 171 20 163 30 101 87 5 4 134 66 177 74 30 43 117 52 93 9 93 63 162 49 23 51 151 73 71 92 185
992 22 269 3 45 71 107 64 124 62 98 41 191 23 22 33 39 26 78 47 70 40 108 70 14 79 44 29 117 86 2 60 22 56 104 44 114 68 67 76 117 59 118 39 33 2 29
993 22 279 10 179 76 79 19 35 49 184 14 144 94 60 85 95 72 107 50 127 64 146 69 191 62 79 8 52 63 9 81 72 88 8 3 158 42 3 93 7 46 92 1 158 29 147
994 22 240 29 35 49 155 36 64 53 56 54 66 87 113 18 149 73 150 12 109 75 121 50 77 14 157 22 57 9 131 85 155 59 171 3 66 7 66 70 14 71 135 83 4 1 8
995 22 299 53 125 71 61 99 92 63 27 57 71 13 79 31 98 33 41 68 36 58 26 27 192 24 14 43 58 17 43 22 167 88 182 96 95 87 118 95 151 25 48 81 17 45 20
996 22 296 53 36 95 166 79 105 83 73 21 56 92 60 89 60 90 85 55 176 2 49 27 150 25 126 30 193 93 97 19 190 68 124 15 89 23 80 91 78 51 67 82 40 3 188
997 22 277 68 56 36 46 5 12 71 86 16 134 75 105 54 98 81 68 39 88 86 161 67 176 91 189 26 9 22 118 63 10 85 118 97 130 9 100 12 165 46 139 23 199 37 104
998 22 332 66 127 91 103 39 109 78 29 49 156 89 70 73 3 79 109 21 28 38 147 88 89 58 152 8 103 42 30 53 30 33 70 56 75 72 195 83 2 75 31 57 116 81 118
999 22 302 83 89 38 110 78 136 97 166 94 200 73 48 42 155 53 23 87 122 79 114 25 96 47 99 55 14 31 135 32 13 75 121 23 52 9 171 69 2 71 94 1 12 48 53
