1000 22 472 96 63 118 187 116 200 115 152 128 29 126 14 14 149 94 52 100 13 47 25 131 122 107 109 46 10 84 178 17 184 67 114 87 101 114 136 63 195 142 178 8 190 71 110
1001 22 414 142 35 58 116 115 29 75 73 76 36 109 154 52 92 22 168 40 8 118 155 95 186 71 60 31 13 37 38 104 108 49 45 92 6 63 59 137 139 81 162 74 191 17 28
1002 22 417 133 139 145 124 48 14 128 193 49 48 52 179 12 40 19 118 97 19 14 41 127 26 113 164 31 76 38 172 117 6 85 111 131 82 124 158 26 122 57 29 3 121 119 173
1003 22 441 138 167 41 103 109 119 129 57 83 44 90 109 113 155 49 118 139 159 150 172 34 107 100 108 65 130 12 87 98 84 74 117 26 179 75 145 7 84 27 102 73 37 135 185
1004 22 436 141 35 54 81 146 3 105 179 61 154 136 75 33 197 62 33 132 37 51 58 65 175 4 73 108 130 25 82 117 161 18 109 145 71 92 92 46 71 85 99 112 133 7 25
1005 22 449 65 88 13 17 47 180 142 50 4 1 80 130 83 98 140 52 8 37 73 99 78 99 144 150 136 94 149 27 14 23 143 1 137 160 100 118 53 99 22 55 130 51 37 79
1006 22 310 143 189 137 81 13 87 8 113 33 110 48 128 117 46 6 32 20 49 84 7 60 33 24 14 32 45 118 161 57 40 40 97 28 20 61 114 29 23 98 40 21 76 66 181
1007 22 368 89 88 81 173 144 92 55 169 138 166 23 49 63 81 40 104 127 19 123 87 34 53 9 32 93 131 7 50 49 39 36 20 13 179 61 167 149 168 14 140 105 76 20 46
1008 22 391 79 148 14 53 84 147 58 142 80 102 23 188 103 71 77 93 8 46 105 86 74 184 75 28 100 166 134 75 87 79 6 84 94 10 67 192 61 122 20 35 109 23 107 135
1009 22 405 117 164 32 122 149 192 145 184 66 74 33 32 7 10 18 137 17 4 30 176 120 173 94 114 14 155 38 20 41 155 83 173 128 183 116 122 119 181 53 164 64 84 139 180
1010 22 365 137 170 8 6 42 102 38 188 67 3 142 7 125 182 63 109 6 140 144 21 11 162 54 7 66 117 109 132 52 199 13 38 68 170 46 61 73 35 48 142 87 189 61 123
1011 22 416 12 72 128 151 65 49 113 28 2 121 45 70 29 76 22 129 89 11 146 60 58 108 83 192 106 24 31 96 73 143 18 134 64 46 134 80 148 107 147 118 77 41 76 17
1012 22 426 52 23 77 161 30 111 53 37 34 85 83 8 29 150 91 193 95 176 122 40 123 131 138 42 132 58 89 60 148 16 27 101 90 105 112 119 65 14 58 100 50 40 7 28
1013 22 444 89 47 72 136 124 196 25 98 76 165 109 22 79 70 21 194 48 172 135 2 83 5 18 198 62 67 47 151 75 26 140 123 127 96 95 1 43 22 117 83 82 90 111 101
1014 22 477 11 6 99 84 140 152 116 145 70 113 108 138 61 159 115 88 50 137 137 76 135 133 78 177 106 97 112 137 86 72 148 30 31 121 41 48 67 162 62 25 52 22 85 66
1015 22 369 12 184 52 98 61 186 33 38 115 88 84 126 77 72 49 118 121 178 107 54 101 99 17 61 13 43 14 186 27 129 47 160 80 97 70 68 129 160 132 166 43 59 94 116
1016 22 411 7 11 137 137 69 90 37 118 42 5 80 106 48 193 142 24 121 138 136 2 36 105 119 64 14 2 32 109 12 75 26 19 104 53 95 173 47 49 52 52 148 94 143 72
1017 22 451 16 33 57 168 118 63 86 82 79 190 65 139 1 89 114 171 126 78 129 182 130 73 104 76 24 8 80 121 103 22 144 19 56 150 115 173 43 162 121 181 61 94 35 37
1018 22 456 121 114 70 53 138 75 80 11 132 159 84 135 133 27 53 138 29 138 113 93 112 121 35 176 93 67 40 54 10 126 92 83 41 11 87 129 85 118 91 167 77 126 111 153
1019 22 394 105 98 31 94 111 125 7 83 109 82 26 77 121 79 86 97 120 70 137 82 8 167 116 26 60 84 54 135 38 14 39 44 11 71 89 73 45 196 106 5 27 133 131 48
1020 22 420 61 69 146 82 40 134 113 198 101 80 123 62 116 76 46 3 91 187 47 103 107 135 26 4 80 83 108 7 65 41 6 177 11 101 50 34 122 99 36 51 121 147 66 148
1021 22 349 45 121 40 33 69 43 39 53 120 44 35 52 4 93 118 44 100 146 3 5 26 104 123 176 126 119 94 76 15 166 115 197 34 57 38 88 31 174 29 84 116 198 79 115
1022 22 443 93 134 66 97 89 103 22 42 125 150 69 145 45 44 110 160 11 58 95 19 47 82 78 8 13 73 75 42 140 117 107 166 65 9 139 58 83 88 77 180 134 22 91 145
1023 22 479 132 98 139 51 95 173 147 24 30 23 138 4 97 179 145 66 56 154 81 122 112 169 9 6 26 194 129 16 89 11 65 29 63 161 3 11 134 84 133 74 90 182 4 86
1024 22 499 147 109 139 29 81 153 99 10 9 167 26 103 141 193 107 173 71 68 76 33 53 161 118 76 80 38 95 140 125 170 28 173 131 128 82 49 134 146 78 4 52 100 127 19
1025 22 388 127 11 121 138 78 49 89 26 28 126 22 67 54 46 81 171 109 52 11 187 69 108 66 124 59 165 2 77 94 113 149 31 40 97 118 176 41 195 52 89 135 34 7 142
1026 22 395 12 28 55 48 148 112 65 72 22 29 25 198 72 37 48 104 79 47 127 46 125 136 118 128 24 102 111 82 11 55 93 38 92 138 74 6 95 187 135 144 10 122 41 116
1027 22 426 50 187 142 47 61 68 82 80 95 158 32 155 89 192 59 134 131 171 77 70 144 185 80 38 73 115 81 134 88 74 149 189 12 42 35 124 18 4 55 125 137 10 16 80
1028 22 445 70 1 112 141 77 82 134 163 63 174 87 129 106 171 116 179 121 56 141 13 90 114 123 58 17 80 34 5 39 49 10 49 96 102 126 129 88 190 61 27 20 116 49 187
1029 22 421 47 119 93 37 83 84 52 108 41 171 37 27 25 27 9 188 74 106 90 151 136 79 126 41 68 47 108 18 84 154 89 28 92 123 11 44 82 4 114 168 80 188 146 104
1030 22 346 48 86 27 55 25 177 90 5 119 168 45 138 66 104 8 199 58 196 76 199 18 89 44 100 92 7 21 147 17 176 146 2 53 103 28 131 144 132 101 61 128 41 31 148
1031 22 383 77 88 43 155 139 12 32 63 134 191 82 6 137 150 81 32 101 135 36 78 18 180 61 120 42 88 110 18 68 107 47 158 1 101 46 13 45 179 127 180 69 108 37 105
1032 22 390 57 69 89 159 54 174 36 173 55 196 142 97 35 4 66 153 112 12 62 63 114 9 127 158 137 53 87 108 63 73 12 121 2 80 97 178 17 21 134 15 14 130 49 67
1033 22 452 146 153 129 7 114 143 71 22 119 180 11 173 118 37 143 31 108 186 33 189 132 12 105 54 95 69 18 127 34 122 70 64 80 36 56 102 57 126 32 17 101 150 37 194
1034 22 479 65 196 80 149 134 13 12 39 117 108 109 184 84 128 69 155 98 183 85 33 90 136 141 18 110 68 120 45 54 64 11 150 93 11 135 55 72 123 73 182 56 15 111 127
1035 22 397 122 10 61 108 44 200 145 35 67 116 144 84 85 40 40 48 101 91 92 161 25 49 83 98 121 16 79 30 43 55 53 53 15 162 46 114 57 32 133 72 27 118 8 67
1036 22 338 7 8 67 197 99 177 72 97 61 21 20 26 3 98 108 197 52 62 66 24 47 131 82 30 113 155 107 131 12 75 139 169 93 186 19 109 16 182 79 35 59 83 34 118
1037 22 468 79 35 130 128 52 155 126 183 86 155 47 40 63 29 101 37 18 170 129 155 41 50 113 156 83 143 143 93 75 26 111 103 13 142 82 64 146 59 148 181 66 97 20 128
1038 22 404 125 172 67 94 43 147 148 183 48 62 41 82 104 33 75 180 110 137 83 174 78 16 88 173 25 187 55 40 74 119 58 47 87 53 40 86 53 122 133 114 12 67 70 196
1039 22 453 141 1 108 177 35 131 56 51 68 130 27 155 84 68 137 109 136 196 55 125 1 94 60 53 118 42 18 131 139 127 40 84 128 174 64 33 76 134 62 52 140 195 119 28
1040 22 396 105 57 26 10 131 176 5 190 78 174 133 145 55 43 84 31 44 175 16 122 98 31 106 124 66 68 27 155 64 198 135 21 54 110 80 186 35 36 125 112 10 109 108 66
1041 22 422 53 91 48 197 65 65 20 165 95 175 140 11 44 118 117 160 115 51 80 168 110 161 103 196 46 79 7 157 40 115 124 42 57 21 90 174 135 59 88 132 84 129 29 46
1042 22 429 10 138 11 13 117 80 24 77 85 120 125 15 76 133 56 92 107 148 149 79 139 174 66 148 63 47 83 191 90 111 138 101 50 113 17 132 89 194 18 108 70 82 135 54
1043 22 260 38 129 112 87 29 191 75 102 56 74 14 152 6 154 93 117 17 193 8 33 24 148 128 191 5 147 74 91 53 163 71 64 1 99 4 176 50 111 51 163 114 7 18 56
1044 22 404 75 161 51 143 103 110 25 28 107 105 68 63 3 193 105 155 56 76 69 156 124 24 33 174 85 84 138 100 42 156 58 116 18 58 10 20 119 184 49 175 140 16 139 43
1045 22 337 8 93 47 115 20 15 21 94 89 153 69 125 38 58 24 29 15 83 96 32 142 105 53 10 41 1 86 80 118 124 22 128 88 85 64 133 75 169 51 151 56 161 127 137
1046 22 355 75 9 34 157 101 89 9 62 81 112 48 112 129 73 6 41 4 200 140 63 63 15 131 116 17 139 76 43 27 200 102 10 106 104 100 67 65 130 28 114 42 56 37 27
1047 22 414 64 179 32 13 109 21 127 24 137 10 89 104 98 166 48 126 65 149 85 73 4 185 141 169 116 68 82 59 75 20 87 40 49 70 2 9 41 31 34 29 40 74 134 139
1048 22 458 89 134 64 156 134 150 30 38 136 70 108 152 91 162 65 11 51 107 61 20 60 121 12 140 55 91 129 178 126 117 69 59 132 124 43 82 82 167 39 70 116 29 141 134
1049 22 395 88 151 103 198 72 15 87 128 107 68 105 134 36 25 43 68 100 37 101 154 68 19 31 108 39 96 136 24 130 127 67 29 59 114 75 3 79 131 20 84 10 9 26 160
1050 22 535 147 76 15 66 145 46 123 135 93 60 60 122 136 66 41 15 126 104 116 1 58 45 133 79 130 51 86 139 111 11 107 39 124 85 96 171 54 56 80 126 143 145 16 7
1051 22 416 122 171 75 174 131 69 109 59 59 46 138 70 40 76 97 154 100 83 15 47 53 68 104 84 95 47 30 12 55 1 85 29 65 49 33 125 148 193 21 138 12 131 77 90
1052 22 476 29 82 41 11 46 187 15 165 91 98 110 39 77 73 143 77 107 72 53 121 120 137 148 20 130 120 57 143 100 85 82 178 66 172 90 111 11 154 125 103 136 141 129 9
1053 22 419 135 107 17 6 10 40 128 198 87 97 27 156 105 70 7 41 53 86 106 177 125 68 139 178 144 141 32 30 133 10 40 167 116 156 145 154 75 183 3 90 6 74 46 46
1054 22 382 27 131 1 103 107 70 91 36 13 33 117 144 17 176 83 135 144 41 9 20 87 12 146 170 63 199 11 170 122 57 15 198 39 17 2 46 86 144 81 49 126 48 142 144
1055 22 374 75 77 79 18 17 89 140 103 1 135 74 65 35 35 85 157 43 49 56 133 68 158 128 103 51 11 3 29 60 47 122 184 23 2 104 39 91 143 129 69 107 114 5 41
1056 22 398 72 49 42 127 81 11 86 111 13 89 123 168 117 82 114 40 67 136 92 170 76 132 14 170 24 45 90 32 58 196 73 179 94 66 105 177 26 93 37 140 131 111 59 97
1057 22 349 92 72 138 160 59 129 132 36 12 145 108 85 91 147 67 98 43 141 28 186 35 114 127 200 26 157 112 135 105 53 8 92 15 69 73 46 4 184 42 61 21 83 60 89
1058 22 445 130 54 81 160 139 90 94 105 124 20 56 101 78 118 37 132 70 97 25 134 65 147 79 20 83 73 133 55 5 192 143 134 45 75 95 35 64 88 141 189 9 147 86 64
1059 22 504 78 69 133 124 44 119 88 142 99 59 26 121 91 30 125 34 74 161 130 198 105 17 111 45 107 149 53 53 90 41 66 17 59 101 40 104 121 179 98 171 137 173 144 80
1060 22 345 3 118 13 126 30 95 124 187 63 36 81 169 35 85 74 126 75 41 42 186 43 33 39 15 11 86 36 199 29 78 48 143 140 80 15 66 101 1 148 171 87 132 146 14
1061 22 461 9 137 55 194 131 187 82 196 99 120 81 147 130 161 77 94 58 119 85 89 109 100 104 109 2 153 140 37 127 153 95 63 57 38 45 45 121 190 145 142 72 91 23 34
1062 22 382 119 116 94 89 53 132 147 102 38 55 55 190 36 44 28 164 46 22 128 54 11 172 50 34 14 194 25 35 86 198 121 55 15 64 93 67 95 90 120 32 24 174 133 67
1063 22 431 101 96 14 173 23 19 135 197 118 168 110 61 43 96 149 140 66 103 6 179 145 23 74 86 42 157 84 118 30 18 86 81 100 5 88 120 89 86 38 107 45 200 140 110
1064 22 469 52 95 139 99 119 14 136 163 70 69 30 52 37 15 132 152 116 136 91 36 24 127 125 132 123 126 67 126 71 177 79 118 117 77 86 30 65 100 51 33 104 71 44 85
1065 22 357 22 61 72 15 148 198 41 174 29 165 111 32 27 131 58 155 50 176 34 138 57 100 87 59 132 16 113 155 47 176 73 69 42 21 18 82 94 146 147 45 6 30 21 89
1066 22 457 139 128 40 164 113 177 120 162 14 178 145 181 90 199 93 39 127 65 59 68 85 76 2 31 121 100 75 179 79 48 19 117 77 58 32 141 135 151 104 200 30 98 130 22
1067 22 454 99 72 60 127 138 118 144 173 95 47 55 117 96 29 145 26 28 113 44 154 71 125 107 27 147 156 7 197 135 128 108 139 123 45 8 68 69 152 65 123 68 60 4 163
1068 22 446 86 131 127 179 37 149 106 82 55 82 31 60 140 129 96 19 75 55 109 47 102 116 64 20 67 28 45 87 40 198 1 77 130 27 57 68 76 62 50 32 146 130 144 187
1069 22 400 8 189 134 196 116 180 47 182 145 66 50 25 12 86 64 61 86 92 91 65 48 160 92 112 109 23 9 190 45 199 107 102 132 2 70 63 98 53 58 65 4 132 77 90
1070 22 376 47 37 77 38 29 191 137 89 34 198 99 157 106 91 122 53 89 180 6 173 31 25 87 28 46 45 33 129 21 74 75 9 100 64 138 143 1 178 76 100 134 56 16 6
1071 22 375 60 57 137 165 31 118 42 167 47 170 13 141 102 93 11 27 18 170 127 183 9 121 135 36 146 185 61 132 142 129 39 51 37 25 17 117 58 35 89 30 149 179 33 92
1072 22 439 142 10 11 13 88 193 21 108 78 106 55 62 118 186 105 98 124 55 34 99 73 102 92 33 87 30 62 135 146 178 54 157 66 144 83 38 103 10 45 10 123 64 47 27
1073 22 420 62 21 133 147 71 157 149 14 139 137 146 2 123 108 51 111 106 140 78 2 122 115 4 33 11 165 57 24 12 185 37 84 17 84 56 174 84 119 14 172 114 116 94 21
1074 22 386 115 146 33 122 138 160 23 109 76 79 44 186 43 100 10 106 135 146 39 53 131 94 78 16 92 187 109 133 1 175 30 85 96 67 45 171 28 70 99 21 108 43 72 17
1075 22 384 149 156 64 89 11 95 33 138 62 99 81 49 28 91 80 17 110 15 63 77 59 35 56 80 135 128 37 77 99 55 77 107 21 66 67 167 100 156 148 89 26 177 31 8
1076 22 420 7 148 20 121 112 198 131 46 103 10 80 80 149 108 78 55 85 136 125 102 4 93 3 62 21 150 98 126 30 156 134 179 40 122 135 26 96 66 5 196 124 134 100 10
1077 22 431 72 177 13 175 119 115 36 141 66 137 139 93 117 44 27 195 120 180 137 193 121 18 11 189 124 156 14 159 105 75 80 133 37 107 102 51 92 142 116 79 32 158 47 177
1078 22 418 86 193 146 166 129 40 31 52 59 91 140 34 98 153 93 154 27 124 87 115 130 40 15 124 133 182 2 115 91 48 41 77 40 139 44 121 28 76 72 139 68 11 115 116
1079 22 354 118 141 42 106 7 21 45 171 46 78 104 97 94 146 146 34 24 88 72 119 8 102 79 192 11 189 113 177 5 31 145 22 52 153 44 47 125 90 26 178 38 19 75 34
1080 22 448 4 49 121 176 67 128 129 113 108 20 73 198 34 200 2 164 96 198 137 97 100 83 145 24 22 170 53 109 40 27 144 144 127 14 21 146 143 51 8 150 70 80 149 155
1081 22 457 131 150 21 178 47 7 27 96 89 73 69 12 93 71 123 134 116 77 126 132 97 21 26 149 78 78 118 110 25 92 45 22 124 153 148 120 94 120 90 5 64 13 77 200
1082 22 454 112 195 76 89 128 175 60 53 123 139 30 93 98 58 17 92 133 163 63 6 65 112 127 108 31 19 15 97 81 141 146 44 87 123 82 164 99 41 67 172 148 16 29 155
1083 22 427 34 70 139 146 84 47 112 45 25 120 76 93 134 124 73 76 21 118 115 93 28 142 42 46 65 173 144 80 2 98 23 139 110 107 135 171 1 59 92 178 127 53 126 53
1084 22 407 23 96 67 68 95 196 9 186 142 25 11 185 56 62 134 70 86 124 129 44 8 151 69 193 124 22 71 177 149 173 51 94 141 18 38 39 28 176 30 2 66 57 101 126
1085 22 446 136 125 106 80 34 9 76 54 1 149 125 73 77 74 48 28 119 40 147 157 128 175 134 109 26 121 124 185 21 77 112 6 3 120 85 88 78 62 92 80 13 168 102 39
1086 22 441 143 149 118 112 89 15 20 66 139 103 27 116 25 2 102 145 28 66 50 182 85 187 12 48 13 143 110 130 144 1 123 195 120 34 133 184 5 200 124 107 126 192 31 128
1087 22 422 95 177 107 60 26 139 144 112 110 107 62 74 1 73 3 47 75 77 91 195 12 175 30 66 126 54 74 4 147 156 83 191 132 39 53 58 129 198 121 40 57 184 13 57
1088 22 378 59 68 103 33 94 95 27 158 69 157 23 195 112 99 100 110 4 32 2 186 70 54 45 151 67 142 58 3 5 116 111 122 119 43 63 22 126 182 130 149 78 91 49 77
1089 22 319 2 52 58 3 89 129 57 135 31 60 102 173 69 156 79 34 16 52 52 160 118 117 146 50 10 46 29 152 94 5 3 95 14 58 136 144 20 127 27 123 49 195 78 77
1090 22 437 28 43 80 32 5 99 148 135 94 197 45 89 75 148 82 81 3 179 96 60 114 191 127 183 117 153 58 167 97 135 95 174 130 74 7 84 123 104 70 16 102 166 55 128
1091 22 366 114 188 10 116 16 7 77 179 98 3 14 66 107 171 33 53 29 178 86 53 85 21 140 191 44 194 56 48 71 21 38 33 88 153 139 166 32 36 118 197 52 74 17 86
1092 22 431 28 23 14 56 111 68 92 133 44 83 75 188 126 183 87 197 103 174 81 43 79 19 8 10 57 128 56 60 3 124 145 31 148 160 38 10 80 179 143 23 67 162 139 199
1093 22 345 101 37 104 26 17 196 54 35 53 65 141 130 22 100 83 145 46 65 143 156 52 4 35 32 59 44 15 23 82 113 75 168 118 100 34 13 21 168 18 11 47 90 63 131
1094 22 455 86 58 45 180 115 48 34 51 131 81 12 75 145 134 58 60 60 126 127 59 11 90 114 183 107 34 94 105 125 8 138 60 67 134 92 182 82 175 134 164 7 95 38 2
1095 22 401 130 148 11 139 125 137 50 85 28 163 68 186 98 13 143 22 22 30 34 188 63 25 21 96 1 105 10 157 149 49 60 131 96 170 121 20 109 170 107 188 85 76 74 32
1096 22 360 40 16 104 11 45 39 148 159 13 119 55 165 23 114 71 173 12 183 5 158 102 76 79 162 145 185 131 60 125 113 51 42 18 61 38 156 11 196 120 129 2 134 103 115
1097 22 342 6 27 129 188 82 186 42 109 66 5 5 51 106 186 112 180 50 113 73 167 25 10 24 135 58 43 115 159 26 117 83 96 4 73 29 191 64 37 56 168 141 58 74 78
1098 22 436 20 5 77 184 128 93 10 139 16 195 98 160 9 7 137 78 32 20 23 37 92 101 5 89 132 174 131 140 149 59 111 156 96 133 105 23 99 199 71 59 60 29 145 37
1099 22 457 10 164 111 96 57 13 74 13 1 155 137 33 146 137 41 8 142 28 103 176 58 199 59 108 71 117 69 49 62 7 110 177 117 107 84 179 30 148 81 86 136 64 132 23
1100 22 444 56 139 66 85 144 42 95 1 42 104 60 164 122 79 62 185 37 23 112 4 29 97 84 60 96 117 82 180 76 56 137 167 71 74 110 114 20 162 107 173 121 20 47 51
1101 22 433 83 81 38 5 92 43 85 90 26 144 36 92 139 119 23 164 24 12 82 94 41 8 104 52 64 79 125 36 75 27 18 55 116 23 49 108 107 90 136 51 127 79 145 54
1102 22 479 104 18 115 136 112 101 128 71 106 30 86 36 21 162 132 139 119 50 113 169 57 171 108 144 121 137 73 111 131 28 17 151 44 4 64 96 81 84 53 162 89 167 42 2
1103 22 451 51 132 120 200 146 90 8 166 100 4 139 36 128 1 118 5 67 118 48 120 133 143 3 118 145 166 89 35 32 189 85 163 60 186 95 75 99 48 13 134 75 14 53 29
1104 22 425 130 123 28 2 105 122 106 123 17 171 111 103 44 91 39 106 1 26 115 152 71 89 18 54 85 95 117 187 125 148 109 103 101 114 24 106 138 92 127 148 47 83 43 189
1105 22 385 74 148 39 149 114 140 119 154 141 89 57 75 85 25 59 173 72 63 75 187 137 131 24 130 9 73 26 41 65 65 64 14 5 65 79 97 35 33 125 191 116 77 20 140
1106 22 375 50 32 14 137 118 46 12 200 54 87 25 197 1 139 62 167 94 176 45 192 111 29 128 85 122 43 46 187 69 15 78 69 143 157 66 39 65 42 89 190 107 80 2 175
1107 22 368 75 29 19 166 89 200 95 76 71 188 121 109 58 135 136 126 132 178 34 47 16 4 13 10 107 102 1 115 83 4 7 33 10 24 23 59 68 98 81 107 120 89 115 56
1108 22 459 26 42 38 3 76 186 71 79 149 132 137 152 132 4 84 86 92 190 120 103 63 92 13 132 90 93 89 159 81 155 115 6 146 154 11 23 39 131 3 37 114 142 147 145
1109 22 448 121 132 38 12 1 91 76 93 53 108 134 96 98 144 128 52 110 186 99 63 146 22 52 28 74 190 91 15 80 87 61 200 21 99 64 123 41 139 117 95 148 200 42 95
1110 22 434 44 170 146 5 5 145 68 52 21 79 43 162 119 110 141 157 120 43 127 70 6 2 10 96 96 168 46 140 113 167 88 67 121 134 136 172 53 58 102 145 122 54 12 29
1111 22 374 26 104 107 95 11 108 57 109 28 113 54 195 60 45 59 77 82 27 49 167 113 73 119 170 74 114 41 146 53 126 144 106 34 191 69 44 97 27 21 159 80 17 118 24
1112 22 395 25 96 58 51 95 24 15 69 93 37 42 58 127 39 26 179 66 72 87 100 112 155 145 108 83 165 18 64 33 37 39 157 135 96 109 81 122 26 99 16 23 38 31 200
1113 22 425 19 196 21 5 97 84 11 93 143 43 7 160 58 141 99 96 147 33 94 8 63 15 33 13 82 94 104 6 133 134 105 51 132 28 130 111 17 173 54 111 31 165 120 122
1114 22 405 115 16 20 49 9 129 63 125 111 125 56 6 79 111 41 64 67 91 147 94 100 129 57 118 53 162 29 33 126 148 106 191 91 25 4 149 119 28 54 74 108 116 66 22
1115 22 473 83 157 120 76 108 198 82 75 50 145 3 83 121 3 140 13 69 167 53 94 123 106 92 191 86 48 64 43 63 82 114 145 138 134 73 195 133 156 33 101 124 167 21 78
1116 22 387 56 135 146 73 139 191 97 147 83 137 32 32 2 74 94 33 90 91 72 175 63 168 57 18 39 141 70 112 109 192 141 165 26 38 15 29 137 161 13 23 44 196 24 17
1117 22 411 39 7 108 31 128 32 45 196 141 15 136 181 134 199 90 76 6 153 46 167 58 182 79 72 54 174 67 129 8 87 98 38 117 32 133 14 22 97 49 4 30 147 57 85
1118 22 427 102 160 14 197 78 72 80 109 43 85 82 10 72 169 100 72 106 166 5 40 129 78 36 79 131 68 25 76 76 61 127 185 75 126 113 96 7 171 90 92 101 57 119 108
1119 22 457 49 125 76 105 116 156 32 4 35 62 73 59 89 48 120 18 33 144 45 95 91 101 67 180 144 20 131 200 145 1 58 145 127 85 93 40 80 196 24 44 68 133 134 65
1120 22 426 104 53 149 147 99 95 139 200 111 68 45 131 50 95 77 151 22 179 138 122 21 29 52 166 53 147 135 187 80 152 140 35 100 88 83 95 26 84 7 195 29 39 47 25
1121 22 354 16 199 28 89 77 167 112 100 95 113 15 49 11 152 85 193 3 176 127 54 65 159 148 142 57 137 123 95 35 197 62 135 126 102 63 92 14 162 38 128 87 139 30 73
1122 22 397 81 32 49 109 87 63 69 137 105 13 43 93 135 39 29 133 1 163 58 2 25 101 117 187 91 145 65 177 133 46 115 77 73 65 64 91 70 104 12 40 132 92 34 54
1123 22 306 82 37 130 35 104 168 75 150 32 53 84 177 3 148 105 54 22 22 17 62 138 117 117 199 9 198 90 33 33 95 16 21 24 152 76 44 28 175 30 158 4 85 7 60
1124 22 396 90 28 31 158 92 103 145 110 19 195 68 18 36 50 102 130 18 22 5 119 98 48 97 174 25 178 32 30 112 140 89 103 20 122 110 161 126 56 46 50 140 165 85 41
1125 22 387 66 14 8 139 71 127 86 18 75 112 44 2 45 173 116 134 62 118 3 135 80 13 110 185 35 105 135 74 119 119 14 186 74 124 55 200 126 173 118 177 67 140 42 100
1126 22 404 53 62 105 39 91 69 48 175 3 4 61 128 72 80 144 9 16 67 133 170 118 194 45 193 66 112 19 132 4 113 83 108 124 87 47 116 6 46 140 10 100 3 138 73
1127 22 457 82 131 132 149 99 14 120 118 59 14 60 124 78 30 7 33 144 189 90 67 28 38 134 183 34 176 92 85 128 81 107 59 13 190 109 111 5 28 130 113 91 89 88 70
1128 22 418 71 146 52 164 85 194 83 114 81 116 46 66 91 39 50 68 72 59 28 34 100 36 97 155 115 76 69 56 17 159 27 187 54 179 138 172 134 103 104 152 120 42 39 121
1129 22 424 12 12 129 139 95 131 77 93 85 141 71 55 148 37 113 25 75 117 103 76 56 126 109 79 108 50 48 171 67 109 51 8 31 134 50 67 26 70 124 174 86 198 32 2
1130 22 346 52 60 60 29 123 68 7 137 27 109 42 27 29 61 87 131 18 144 64 153 94 132 28 163 105 103 73 91 104 44 103 15 5 31 89 74 90 25 101 198 19 29 65 158
1131 22 464 98 59 123 152 52 155 29 66 59 184 88 1 85 194 45 38 60 99 120 49 111 25 125 58 143 3 137 173 69 195 72 127 19 123 130 123 4 48 32 187 135 82 121 30
1132 22 419 128 10 40 129 82 190 103 42 64 179 2 159 133 88 83 1 34 7 130 3 129 61 25 132 58 158 70 145 42 43 126 69 54 67 149 185 6 1 79 22 80 132 61 69
1133 22 366 116 64 55 172 45 9 1 155 85 184 113 43 6 159 84 48 4 51 3 36 58 3 29 134 97 62 46 15 28 59 21 199 103 29 101 60 114 35 74 156 140 32 141 87
1134 22 472 17 194 139 169 48 76 127 151 141 57 136 187 119 31 54 98 142 174 96 146 5 147 55 68 83 78 25 124 61 115 112 128 60 50 146 8 126 174 10 118 81 145 105 101
1135 22 372 77 10 148 120 35 45 116 89 93 22 6 27 50 130 12 196 11 39 58 113 137 167 40 12 76 107 44 172 63 46 100 124 43 170 59 40 97 134 106 103 57 184 60 19
1136 22 329 32 173 59 91 37 47 57 26 61 132 34 4 5 47 104 122 94 73 80 35 109 127 19 67 31 81 23 116 140 143 49 114 39 150 102 145 27 64 128 11 18 82 69 186
1137 22 424 80 64 108 110 149 117 88 19 85 120 107 35 40 2 34 154 7 122 5 110 69 134 74 46 144 193 28 104 61 113 124 122 146 174 90 33 92 124 102 42 33 139 32 136
1138 22 404 74 187 92 197 43 53 115 126 76 61 21 18 90 124 30 4 111 106 75 106 79 67 91 23 94 16 122 132 147 59 5 35 102 52 78 55 16 153 69 49 29 172 59 184
1139 22 430 97 167 65 163 7 189 4 50 28 182 53 86 88 87 139 66 42 57 119 173 36 144 122 55 94 53 126 5 38 74 121 154 127 142 76 98 9 150 106 197 86 195 137 54
1140 22 363 38 195 22 61 33 167 34 87 12 38 14 66 26 90 36 131 129 14 123 72 140 170 94 50 121 2 48 58 46 185 11 84 31 134 146 163 100 129 101 114 69 17 79 144
1141 22 400 108 167 76 86 80 98 60 69 19 155 21 41 6 68 149 104 102 161 37 135 145 34 97 146 112 50 9 32 18 38 25 75 101 112 85 50 73 4 121 128 24 61 133 141
1142 22 364 61 138 95 72 76 31 18 109 29 63 23 128 74 54 145 63 31 171 68 133 133 152 134 55 57 154 84 132 17 169 125 29 106 169 100 182 1 169 40 29 32 64 7 105
1143 22 342 68 53 17 98 74 184 32 58 137 115 12 194 119 198 25 187 116 149 15 71 102 19 35 94 148 18 7 156 72 26 10 40 125 135 6 192 112 171 5 191 3 131 129 18
1144 22 402 80 143 38 148 61 92 69 148 137 166 115 45 23 87 73 32 78 97 17 53 105 158 66 27 15 72 67 17 52 97 36 81 141 26 81 152 149 99 55 16 13 1 138 101
1145 22 428 73 119 81 72 35 183 126 195 100 2 59 71 120 128 122 66 13 105 56 138 85 7 135 57 110 150 87 172 7 102 8 144 36 183 138 187 98 57 5 175 131 170 88 185
1146 22 384 28 25 121 136 131 107 93 192 106 16 4 44 37 91 100 41 148 93 82 15 16 30 73 73 104 103 44 43 71 68 59 59 65 3 41 172 118 195 15 156 35 117 48 134
1147 22 475 111 176 64 143 42 182 124 164 106 79 17 199 72 105 122 189 14 180 138 80 34 78 52 151 66 106 60 134 104 194 95 181 109 37 90 112 137 145 140 103 96 111 108 17
1148 22 431 51 123 98 40 54 81 118 5 33 93 73 40 53 156 93 146 75 56 38 98 146 149 85 92 91 189 89 153 148 107 104 70 56 43 126 86 62 180 120 5 2 60 9 110
1149 22 446 104 6 109 129 11 149 28 8 97 112 52 139 101 190 142 200 99 47 72 54 39 197 92 153 126 111 57 130 20 17 139 74 149 154 82 97 81 42 46 43 93 84 45 34
1150 22 319 125 46 82 21 17 136 62 63 27 14 91 89 22 120 9 138 10 132 111 58 35 144 55 167 135 100 77 183 5 111 110 53 44 82 19 79 95 182 57 108 46 181 43 156
1151 22 537 68 152 139 180 59 123 24 115 91 108 114 2 137 149 108 199 110 60 142 43 129 173 88 160 131 45 133 78 78 125 33 47 128 71 127 188 95 150 103 186 66 187 45 16
1152 22 322 44 143 25 54 135 68 34 9 7 143 39 153 127 67 80 53 149 177 30 170 5 19 16 104 121 51 62 189 9 4 83 151 81 188 37 200 21 195 6 65 134 108 43 50
1153 22 331 88 45 116 76 71 120 44 87 123 167 39 86 5 78 94 110 62 197 140 151 33 89 121 178 46 137 111 104 79 162 43 125 8 200 32 177 45 168 1 11 6 188 17 85
1154 22 390 82 27 98 30 66 198 12 157 70 189 2 6 1 7 86 62 149 10 73 156 11 4 34 158 123 186 68 130 74 85 67 7 14 36 128 12 47 134 131 188 138 39 88 44
1155 22 379 74 150 93 86 24 50 146 179 86 3 53 71 73 182 94 159 50 50 69 114 35 198 125 84 32 157 71 121 47 158 14 71 109 58 8 82 60 153 62 145 114 15 80 198
1156 22 500 109 188 147 108 108 10 45 157 86 28 138 43 98 160 41 7 124 11 116 133 18 99 92 23 61 136 132 174 101 63 121 161 100 20 120 9 79 164 65 67 93 5 9 40
1157 22 477 116 49 47 191 112 64 24 81 62 67 5 72 103 136 48 105 98 120 65 199 89 84 109 120 100 76 136 142 82 46 134 147 146 132 38 9 145 13 40 108 129 96 80 81
1158 22 406 82 129 87 181 98 153 30 139 40 58 88 165 45 129 90 62 145 85 43 184 146 139 46 135 47 74 32 178 7 13 56 43 96 105 27 195 134 166 104 171 83 198 101 30
1159 22 374 139 113 76 74 7 59 69 148 54 5 44 80 36 171 136 151 28 28 48 84 125 124 29 110 41 82 80 123 32 83 55 20 47 180 93 3 63 150 94 119 145 123 57 17
1160 22 428 58 159 144 88 56 128 64 81 74 121 39 155 96 70 137 52 90 183 31 134 138 21 49 39 15 119 84 139 125 150 47 85 136 42 73 99 22 30 24 195 70 129 142 42
1161 22 352 117 193 33 52 125 168 39 196 66 27 112 87 100 13 12 148 98 7 85 139 81 84 13 12 59 159 83 89 50 24 6 44 57 18 76 197 65 41 25 176 79 87 28 92
1162 22 398 148 177 89 106 62 79 138 197 91 99 5 1 31 94 100 57 101 143 114 59 113 139 55 77 82 29 105 10 117 82 1 166 108 89 21 171 70 158 17 162 8 124 19 62
1163 22 385 49 19 57 162 79 69 51 35 97 184 113 101 43 82 84 94 147 144 34 118 14 53 77 33 15 187 6 129 129 124 142 27 44 98 38 122 118 40 117 23 20 67 66 51
1164 22 490 101 61 148 96 44 167 109 199 45 41 115 131 98 93 61 23 36 87 66 84 27 189 103 66 146 71 91 18 138 8 68 90 117 185 13 35 95 163 130 138 77 62 135 171
1165 22 518 25 108 7 161 125 192 137 164 146 53 111 167 145 28 6 52 148 145 119 116 131 131 101 177 94 82 66 172 95 151 110 51 80 136 144 68 139 72 62 55 16 41 67 88
1166 22 406 6 85 4 38 68 154 67 13 137 32 36 33 84 30 102 95 132 83 81 25 50 33 114 22 144 120 87 135 24 139 90 177 129 59 32 95 121 68 78 7 1 164 38 54
1167 22 421 8 20 86 40 144 37 73 109 108 118 129 147 4 162 2 178 50 141 106 180 138 26 22 7 104 180 109 19 118 64 76 139 1 68 32 188 92 43 47 161 123 95 115 184
1168 22 397 46 94 85 189 51 15 38 90 92 161 49 95 41 107 15 60 73 93 98 73 110 131 12 51 123 9 11 195 103 127 130 151 122 165 89 75 131 78 14 122 138 12 19 178
1169 22 470 121 33 139 193 25 186 17 84 117 29 86 89 149 36 143 127 65 193 101 129 33 125 11 160 90 133 100 52 127 74 35 116 118 10 103 34 95 169 64 131 60 2 81 45
1170 22 417 97 9 59 141 9 90 74 135 100 135 25 32 134 178 34 163 101 169 30 68 128 82 103 174 17 56 12 20 136 56 66 195 116 157 105 105 82 140 57 66 140 102 43 24
1171 22 455 14 93 144 93 60 73 76 164 146 128 80 102 39 50 89 146 17 185 62 125 140 18 106 81 74 74 46 66 125 140 139 190 132 32 134 143 4 159 6 101 87 88 102 177
1172 22 439 37 41 123 105 75 36 130 166 5 37 98 131 110 143 96 36 34 36 25 65 19 58 9 122 119 65 124 55 2 176 133 40 18 57 144 92 149 162 109 179 73 154 126 59
1173 22 396 37 161 135 52 129 45 60 52 13 26 25 19 29 152 101 120 19 58 116 15 92 76 99 53 34 79 128 87 104 38 74 164 72 125 42 116 86 193 30 64 20 98 142 121
1174 22 405 1 64 92 108 81 6 58 122 59 175 114 139 2 53 43 39 126 106 62 2 50 130 87 144 11 102 63 59 146 186 9 109 77 168 139 134 127 60 64 35 86 179 124 139
1175 22 433 131 68 129 156 75 143 107 76 22 196 70 32 99 84 92 94 19 102 54 197 94 130 146 56 95 182 91 74 132 56 76 12 12 51 104 120 26 177 17 97 111 116 31 2
1176 22 455 111 1 106 115 98 124 108 127 21 13 22 5 97 63 139 102 89 100 65 191 104 185 68 182 3 165 142 70 95 96 131 145 51 97 44 26 56 173 149 19 96 53 26 192
1177 22 466 67 64 43 7 13 110 47 168 146 65 50 48 81 43 70 125 38 52 121 40 148 67 118 153 89 66 123 184 20 50 127 136 63 171 45 28 80 91 145 125 107 96 125 87
1178 22 381 91 194 113 28 145 136 20 144 52 37 96 192 102 171 75 171 103 58 135 23 2 112 8 27 3 106 1 92 54 175 90 189 46 83 142 182 131 133 35 53 9 157 74 111
1179 22 416 67 108 134 70 71 36 114 181 14 69 38 117 110 185 12 13 9 104 104 105 95 38 18 180 23 72 131 96 149 147 105 82 17 126 119 32 58 82 50 95 100 59 129 162
1180 22 433 74 189 17 129 145 154 75 83 72 154 57 45 142 87 40 92 136 95 23 2 141 185 129 74 135 123 124 95 103 137 20 141 3 198 56 125 29 78 128 124 71 116 15 112
1181 22 373 51 109 36 54 132 28 39 60 4 75 84 29 21 86 15 191 79 69 40 116 26 64 135 157 44 164 82 114 96 178 130 107 65 185 138 193 75 150 48 49 83 26 72 121
1182 22 386 90 112 99 10 1 166 85 67 100 43 60 63 24 25 93 72 104 24 28 119 109 67 63 135 66 60 136 99 35 57 71 26 18 21 70 186 86 37 14 195 51 189 143 60
1183 22 420 75 167 137 43 127 56 5 61 21 164 46 121 50 4 141 25 61 11 143 96 132 128 47 75 32 35 96 77 95 170 43 83 113 121 88 69 33 9 35 81 29 184 134 172
1184 22 373 61 7 132 171 49 130 102 26 13 148 2 195 35 97 23 29 117 17 111 31 37 49 149 21 59 83 101 137 19 185 8 179 43 142 91 71 53 18 33 102 120 29 136 166
1185 22 389 53 64 84 19 127 14 55 175 63 176 83 147 28 71 15 164 131 143 56 24 44 146 94 46 114 128 47 185 59 183 102 111 48 86 32 124 99 188 100 163 65 184 60 143
1186 22 484 5 74 106 137 69 12 110 12 59 53 57 24 132 155 58 192 89 110 105 87 45 136 62 45 123 164 108 38 147 69 130 1 142 37 37 62 148 96 73 109 100 81 32 184
1187 22 331 36 140 75 124 1 181 12 147 66 76 141 39 39 150 128 185 68 159 88 112 145 74 73 195 22 46 3 173 26 34 6 113 25 83 139 125 63 102 23 131 27 166 121 167
1188 22 445 65 148 2 85 106 41 146 100 16 120 46 187 17 148 112 195 82 67 57 58 1 95 85 116 149 157 25 122 116 44 139 113 97 25 70 187 122 21 102 91 117 191 108 14
1189 22 368 2 2 147 120 10 157 21 107 141 136 105 47 33 131 148 174 61 162 20 85 31 106 8 103 58 98 119 100 107 135 1 10 83 120 70 189 40 176 129 27 32 78 109 112
1190 22 412 50 8 136 10 21 157 146 3 13 53 106 172 2 26 121 159 10 23 70 145 42 189 133 34 66 164 60 97 141 171 9 190 130 46 51 51 102 148 103 16 100 110 39 53
1191 22 435 86 161 13 47 83 83 141 125 71 76 10 139 39 121 135 31 93 43 22 173 90 74 125 42 129 9 20 89 148 24 76 108 87 22 43 69 115 119 140 28 29 30 48 16
1192 22 475 10 191 110 183 115 50 56 89 143 76 119 51 47 107 120 82 106 52 126 20 122 119 59 149 99 40 148 114 49 190 124 81 75 136 46 167 11 115 69 57 71 71 78 55
1193 22 442 80 134 112 83 11 81 104 79 141 104 128 130 103 91 130 93 16 60 100 90 47 196 58 109 10 129 67 82 149 194 138 30 29 149 40 181 117 118 21 170 45 152 122 186
1194 22 461 81 116 103 142 18 193 138 163 2 148 74 80 64 105 80 10 95 59 43 170 27 74 136 45 146 157 139 48 76 178 96 179 22 63 123 159 26 59 100 106 122 57 135 131
1195 22 466 1 146 121 45 115 97 70 103 91 166 59 32 65 191 109 94 137 37 15 101 11 124 80 137 134 29 144 55 30 138 39 25 110 34 142 156 105 194 47 20 104 80 136 195
1196 22 398 38 30 33 127 144 85 139 69 14 125 52 95 70 9 81 150 48 120 126 157 5 17 112 159 12 160 31 118 41 66 79 47 96 7 30 195 109 46 122 63 92 141 121 22
1197 22 420 42 120 43 120 76 149 36 139 110 50 149 190 117 41 57 30 19 54 125 127 46 56 22 106 53 193 118 144 85 190 68 79 59 162 98 184 111 133 122 134 25 63 100 165
1198 22 324 69 81 36 74 57 12 21 13 33 177 67 77 44 161 64 134 30 192 92 191 39 178 53 73 102 174 126 36 58 92 7 139 27 82 145 189 3 59 123 129 76 150 24 188
1199 22 435 113 157 119 54 51 111 144 80 114 66 83 89 24 10 127 82 101 133 20 78 16 66 68 118 75 90 148 152 141 22 103 130 109 58 30 169 11 84 19 193 73 44 52 49
1200 22 368 25 55 83 96 84 98 12 101 18 38 40 165 91 181 88 31 35 68 145 147 109 197 10 45 17 2 117 61 56 17 135 10 51 33 43 150 46 145 67 183 134 34 66 171
1201 22 458 105 51 40 145 147 89 55 193 48 149 110 51 117 22 106 133 8 167 83 190 61 135 35 155 101 69 139 36 143 106 109 199 56 148 95 104 88 200 47 85 58 136 81 93
1202 22 375 149 188 10 134 78 70 18 64 75 70 35 65 58 27 70 16 28 115 22 181 3 71 79 139 73 86 74 139 66 167 89 56 124 33 97 143 48 71 63 132 135 22 109 57
1203 22 454 37 88 134 103 109 114 57 182 43 96 104 180 71 42 48 39 132 103 116 156 137 63 148 134 135 110 22 131 126 28 19 63 111 174 21 26 32 154 70 129 100 50 47 40
1204 22 385 82 1 56 37 37 70 34 20 4 196 87 77 128 12 106 149 26 168 24 47 94 155 13 84 109 164 85 58 12 124 139 62 79 127 98 13 70 154 8 108 132 37 120 38
1205 22 448 137 145 55 10 93 150 117 95 63 200 103 26 36 112 138 159 51 101 29 1 41 72 42 100 129 176 65 25 145 169 35 89 71 103 133 133 102 37 10 137 101 149 97 103
1206 22 472 52 184 81 2 123 172 125 66 71 3 141 159 103 5 134 199 76 170 39 196 122 174 30 125 112 141 13 62 42 59 114 43 95 195 94 19 68 68 34 140 72 77 149 26
1207 22 361 33 34 74 110 103 15 57 26 88 88 100 149 79 162 111 70 122 126 62 166 20 107 34 37 124 20 29 147 98 27 23 80 60 148 42 14 12 198 39 149 86 140 50 66
1208 22 376 53 12 35 24 37 198 142 9 54 125 97 29 46 125 25 143 1 99 112 47 66 127 108 65 115 109 56 110 117 108 121 101 34 9 50 25 17 153 101 14 31 197 88 108
1209 22 363 41 41 56 65 4 52 130 81 12 197 97 72 148 53 133 65 5 117 45 13 67 171 80 119 124 195 102 20 84 159 10 124 16 127 78 120 8 158 104 106 38 16 72 42
1210 22 359 82 168 6 50 139 187 69 114 81 172 133 65 32 194 140 197 72 169 18 130 28 150 33 184 55 86 93 44 3 114 35 137 36 172 79 154 85 10 77 169 76 158 64 117
1211 22 465 5 186 138 22 117 115 74 1 100 130 87 143 24 139 108 10 75 41 52 61 14 81 116 200 42 43 118 19 84 87 121 124 130 37 39 155 137 40 134 75 82 57 64 190
1212 22 351 19 40 80 70 146 102 18 145 45 12 113 113 13 98 2 21 120 75 108 65 106 196 5 41 121 38 50 84 79 68 73 161 39 175 56 191 44 50 87 155 64 102 17 11
1213 22 393 53 89 32 79 40 189 146 97 135 200 90 55 39 139 118 158 14 128 138 33 38 33 132 25 87 196 78 56 108 130 44 140 10 36 30 55 84 64 4 173 95 63 59 162
1214 22 402 20 123 89 18 112 73 105 45 106 181 33 53 58 38 63 139 134 54 99 121 133 153 104 197 9 129 16 153 91 177 66 11 49 106 80 62 128 184 8 83 67 41 38 126
1215 22 453 130 50 115 115 53 115 35 35 67 191 83 177 69 1 131 61 127 146 73 27 101 2 138 28 88 146 63 54 2 179 45 34 55 109 18 39 128 10 74 56 80 174 137 141
1216 22 393 50 82 115 128 133 117 15 112 106 112 76 11 149 27 39 168 27 136 101 133 46 20 72 75 32 97 81 61 22 67 3 123 20 50 132 136 14 96 143 128 71 103 126 48
1217 22 391 93 95 76 178 147 109 26 19 32 200 100 80 82 12 1 148 115 23 148 184 122 31 21 87 65 14 149 17 42 98 9 36 123 189 85 133 14 53 16 65 4 195 97 15
1218 22 356 47 46 131 69 45 66 42 28 88 179 3 2 92 51 68 133 48 29 71 173 117 155 57 82 59 125 46 162 21 44 78 118 111 138 38 76 30 65 64 8 70 117 101 20
1219 22 418 35 84 20 115 56 44 31 62 102 164 76 61 133 199 105 12 66 98 72 5 135 98 134 200 13 193 69 129 94 140 65 179 111 129 6 59 95 58 122 166 85 83 50 135
1220 22 391 39 61 102 188 83 7 22 132 92 121 96 185 141 24 28 181 139 58 43 167 49 178 137 158 51 54 44 185 5 29 75 115 32 62 149 188 134 32 30 56 27 116 47 103
1221 22 376 43 29 141 52 73 59 144 71 88 82 80 91 85 26 77 189 54 102 5 187 15 156 75 50 39 106 106 66 21 154 120 15 84 60 66 56 20 59 29 10 90 10 50 26
1222 22 434 35 78 66 40 29 172 127 94 79 1 145 18 56 200 85 78 55 154 92 38 65 109 46 34 117 124 108 133 96 83 20 124 9 54 121 185 97 50 144 19 142 193 3 71
1223 22 407 50 6 112 87 120 70 134 155 38 159 100 45 42 147 79 11 70 30 121 124 101 106 122 2 115 20 86 160 24 106 9 29 45 150 41 131 54 181 39 5 125 132 2 56
1224 22 362 94 21 85 15 96 37 20 118 40 161 84 161 48 43 4 51 12 25 148 161 65 28 67 45 116 173 72 48 24 29 41 97 105 192 54 26 61 43 139 145 36 187 39 38
1225 22 446 53 163 137 63 30 114 131 24 81 4 47 180 79 25 121 175 40 27 69 95 3 131 87 191 25 92 26 14 117 3 33 81 89 147 110 2 130 36 134 133 132 114 113 9
1226 22 341 34 138 100 12 8 144 116 138 82 158 115 124 86 178 106 152 30 190 118 88 46 21 17 31 4 101 14 67 66 174 2 105 23 64 12 118 81 1 89 165 75 174 142 82
1227 22 341 127 73 23 60 40 110 107 160 129 189 116 131 3 132 146 128 34 50 53 199 63 20 79 114 71 169 78 97 92 172 30 170 44 152 32 184 14 188 45 92 10 174 31 44
1228 22 437 120 58 29 121 112 129 84 84 7 147 4 78 76 53 121 147 132 141 143 86 122 78 99 61 22 142 137 84 115 167 27 186 77 57 38 185 90 171 93 86 70 61 31 141
1229 22 338 60 64 33 102 149 106 29 47 66 102 88 3 35 55 121 63 90 49 96 137 5 85 9 148 122 137 69 135 19 161 44 83 43 147 81 98 25 30 28 17 118 115 23 90
1230 22 419 129 63 89 200 58 27 6 93 37 105 116 174 74 100 142 134 143 74 29 91 57 128 65 86 93 145 54 112 109 77 102 187 39 92 36 98 68 144 104 48 108 79 21 7
1231 22 453 121 107 102 96 87 42 54 64 109 189 103 195 70 11 71 23 49 161 66 87 8 183 80 200 139 77 9 167 100 65 106 168 137 92 60 140 57 170 131 17 22 75 134 97
1232 22 433 111 32 9 127 70 66 61 99 67 101 26 75 120 177 42 160 132 59 146 175 88 33 139 120 100 62 94 88 45 42 98 129 17 87 99 84 89 176 60 158 52 153 68 35
1233 22 419 14 65 9 135 52 41 124 71 42 137 16 129 34 9 127 114 108 54 13 77 111 112 131 38 123 188 89 126 105 23 139 170 83 175 23 176 148 96 67 187 96 20 22 174
1234 22 387 83 81 79 195 57 71 108 68 101 95 41 40 84 118 47 58 116 41 132 90 18 182 135 184 50 81 37 71 106 71 3 185 115 12 5 122 29 107 67 71 46 52 90 194
1235 22 377 59 49 11 101 81 101 68 114 87 4 31 36 36 19 108 42 41 161 26 105 72 32 129 2 140 147 25 187 50 164 10 13 91 111 45 43 30 58 130 133 115 121 125 162
1236 22 381 148 85 89 4 6 122 84 57 61 32 83 149 131 197 129 191 11 72 51 105 14 182 45 67 3 12 137 62 36 148 120 38 16 27 59 50 85 169 31 68 69 14 116 198
1237 22 474 54 176 19 56 82 134 137 97 129 103 149 90 141 112 75 140 122 196 27 187 85 188 56 55 73 124 134 138 123 37 65 93 42 48 126 80 44 56 94 145 5 121 115 176
1238 22 390 116 91 15 89 128 102 45 184 72 67 7 155 57 179 143 173 21 34 71 49 16 164 54 200 110 1 24 14 73 40 142 141 83 56 79 12 59 173 95 31 102 137 48 32
1239 22 347 80 120 55 65 42 55 30 8 110 129 17 110 130 135 146 23 25 80 103 91 139 28 36 121 119 139 9 118 72 88 39 176 5 81 34 88 142 115 4 1 35 87 16 60
1240 22 458 111 46 39 16 86 179 93 173 99 13 61 60 30 185 149 118 10 3 148 142 37 37 85 151 40 185 121 77 122 36 134 81 26 199 119 155 43 5 55 156 114 86 113 4
1241 22 345 101 165 103 144 53 190 128 103 81 65 25 9 36 161 44 71 43 72 72 113 76 14 106 30 121 161 46 56 8 11 2 124 66 46 77 57 23 131 89 37 58 198 24 120
1242 22 469 143 195 64 164 68 177 91 133 134 171 103 46 111 97 127 73 48 50 40 43 128 196 116 161 85 4 34 128 37 26 124 150 42 41 132 125 4 180 106 171 92 152 47 114
1243 22 493 102 99 54 144 76 1 61 88 87 115 55 70 44 93 48 67 93 141 109 72 122 183 83 26 112 90 98 3 144 45 119 95 145 74 40 22 24 101 110 11 115 116 132 8
1244 22 362 59 31 76 3 71 84 24 193 118 108 70 180 69 134 143 113 2 189 109 27 28 181 1 78 40 63 144 157 53 165 75 180 19 95 63 145 89 33 4 160 64 153 129 97
1245 22 366 47 93 1 35 52 77 115 32 29 194 73 191 40 29 87 144 46 113 24 16 109 138 112 198 70 116 107 133 118 185 132 67 80 184 3 81 62 17 14 141 13 136 131 152
1246 22 429 66 119 45 13 31 18 140 108 142 187 27 7 62 27 32 143 43 61 128 145 143 89 64 156 129 76 12 179 110 30 125 75 63 43 55 2 52 98 78 105 86 91 83 17
1247 22 417 135 175 129 62 71 121 1 136 28 131 111 70 42 141 130 24 16 54 136 160 110 189 11 157 140 13 65 81 95 34 15 21 114 127 85 29 14 159 142 184 3 82 76 47
1248 22 463 120 163 58 179 51 18 37 30 50 46 88 194 79 152 17 45 130 10 81 58 94 17 29 169 111 93 46 9 114 58 117 94 110 136 131 141 143 80 36 182 75 17 136 143
1249 22 343 13 115 102 143 123 140 36 141 20 165 61 30 59 156 91 173 15 109 116 124 44 198 66 139 79 153 70 6 71 5 48 133 72 100 25 196 88 10 27 148 142 185 5 182
1250 22 274 9 19 92 127 44 85 24 61 73 153 13 95 60 134 1 57 16 122 106 93 17 146 55 4 58 81 3 99 67 157 32 78 77 73 4 20 79 80 82 183 45 178 142 178
1251 22 389 28 149 45 150 106 39 18 154 93 22 111 175 124 159 142 33 92 21 109 14 24 131 72 54 12 5 87 6 82 128 85 162 78 82 34 120 128 37 13 101 47 37 27 7
1252 22 364 130 9 48 200 17 113 75 97 84 29 9 191 67 16 24 144 51 85 72 32 47 55 1 27 93 165 77 91 54 55 147 133 63 196 85 182 108 59 30 93 139 40 35 55
1253 22 477 56 159 101 158 145 122 141 142 28 43 118 122 108 46 62 161 3 60 95 115 55 129 98 162 90 78 6 178 119 41 133 76 99 183 83 145 125 86 85 168 106 175 53 19
1254 22 365 37 55 28 83 21 132 62 169 145 151 148 50 78 18 92 112 94 40 96 78 87 53 53 174 70 179 33 12 34 139 39 16 9 20 127 179 16 129 68 9 22 191 101 118
1255 22 333 18 187 22 22 60 109 41 90 104 38 72 66 123 112 56 139 121 78 67 101 93 198 31 110 6 78 19 77 118 19 46 87 5 68 9 116 78 51 129 198 13 91 103 13
1256 22 348 31 170 13 73 17 93 35 124 70 55 2 189 73 98 126 29 36 96 94 138 1 24 78 80 74 93 122 77 95 134 57 66 148 81 84 91 7 12 121 59 3 45 108 180
1257 22 437 125 24 117 121 67 4 121 42 134 52 15 26 123 43 70 58 51 36 106 132 71 98 50 78 111 71 138 13 17 147 44 92 120 10 112 188 14 184 81 147 38 148 24 112
1258 22 430 90 93 20 41 80 177 24 3 74 173 130 86 145 119 101 62 67 194 55 186 4 68 25 169 103 105 117 190 102 190 104 194 134 175 84 66 51 157 18 176 81 99 111 76
1259 22 457 119 111 139 185 107 145 122 12 12 46 80 14 2 198 6 106 109 99 35 132 85 40 120 106 24 147 74 87 137 58 93 131 131 154 92 176 108 78 32 63 133 20 71 81
1260 22 312 43 157 14 132 143 155 89 4 126 45 27 125 20 65 111 80 7 194 10 160 87 186 96 194 15 77 6 149 48 78 31 143 134 96 24 26 50 164 25 160 110 199 32 24
1261 22 378 12 61 83 55 70 94 41 7 40 135 23 118 142 73 116 20 3 108 5 148 33 183 147 48 63 24 58 74 72 141 98 83 51 80 89 22 123 30 31 14 105 132 107 178
1262 22 423 97 28 80 156 35 130 40 167 76 87 31 101 96 155 123 186 104 157 136 35 98 160 7 27 90 173 94 44 50 173 103 107 114 132 82 9 14 110 118 184 15 173 92 153
1263 22 344 7 89 14 166 17 3 38 160 48 41 62 171 92 191 75 98 6 8 145 39 68 26 2 77 57 72 112 22 144 56 26 3 46 189 118 163 43 105 74 92 47 135 138 77
1264 22 434 38 137 84 145 31 122 113 108 126 141 65 47 5 88 140 112 63 92 57 1 61 169 143 67 95 34 13 129 98 2 8 137 88 41 134 20 148 128 40 190 144 136 44 81
1265 22 433 77 157 93 21 14 45 81 84 87 50 128 172 112 159 121 166 116 60 3 108 43 123 74 190 102 63 131 195 50 25 125 79 33 119 49 96 63 81 80 101 130 9 22 94
1266 22 420 67 195 59 34 104 113 94 98 37 67 139 188 32 169 134 31 45 160 109 78 128 159 123 40 142 104 90 121 63 164 16 31 110 24 17 115 12 75 28 2 113 9 20 148
1267 22 288 42 115 8 52 44 185 13 68 25 154 22 116 26 36 81 192 16 140 17 34 4 103 43 17 80 23 118 192 83 188 91 174 104 198 78 149 90 16 9 93 137 26 24 57
1268 22 405 9 192 98 76 25 2 130 120 70 59 92 188 2 124 77 93 50 132 127 80 76 166 95 86 60 34 62 127 59 120 88 150 67 15 144 46 140 155 137 129 8 62 5 200
1269 22 452 111 138 94 89 117 169 106 63 5 15 96 166 57 85 31 156 3 95 132 123 90 127 62 144 65 40 52 127 46 3 139 183 146 30 149 165 135 13 71 50 11 136 93 67
1270 22 404 72 23 122 26 69 56 48 58 32 11 104 199 57 125 97 111 15 29 7 94 29 23 42 193 80 52 30 24 118 3 98 91 128 66 146 176 75 128 36 28 78 188 136 154
1271 22 438 34 47 118 63 55 64 93 127 144 184 21 73 35 102 48 104 104 45 45 131 10 92 8 184 96 164 98 135 149 1 145 19 32 1 134 175 77 177 101 97 100 48 105 92
1272 22 435 96 188 53 38 147 88 110 192 51 8 26 102 108 46 148 178 77 199 11 153 39 63 76 91 59 27 90 110 32 133 119 85 47 67 73 156 109 175 63 136 126 123 81 74
1273 22 438 100 160 72 63 64 148 103 78 125 196 136 152 135 98 20 105 5 54 53 171 28 8 129 153 23 117 80 45 147 53 44 8 26 158 22 24 113 149 50 58 137 51 142 186
1274 22 475 85 111 42 189 117 94 110 46 53 140 98 175 56 178 19 105 132 115 114 58 124 87 83 86 136 132 93 124 135 37 59 171 49 102 60 15 95 71 61 47 112 10 70 139
1275 22 417 142 74 23 58 137 82 132 24 14 167 61 197 10 86 83 98 96 54 97 165 111 193 73 39 98 184 62 117 106 142 113 31 28 46 56 141 63 168 139 74 3 124 21 198
1276 22 516 27 166 96 93 128 188 131 102 28 178 136 142 147 160 97 140 6 61 120 133 107 127 125 71 94 65 44 146 138 66 95 116 133 90 8 111 77 38 62 55 118 49 148 166
1277 22 446 8 44 57 113 106 27 97 114 103 21 86 199 129 144 125 96 139 141 80 100 141 157 140 152 13 57 53 110 24 160 5 30 12 8 123 26 44 161 111 31 92 6 96 147
1278 22 450 117 76 47 57 84 136 61 146 44 113 7 69 74 63 48 48 108 173 101 170 116 64 132 148 5 37 104 45 35 101 12 60 149 170 143 34 80 140 129 194 97 18 110 46
1279 22 472 117 133 3 189 134 24 56 99 57 5 103 44 109 149 30 11 60 39 59 32 133 94 113 172 122 107 19 18 126 180 144 112 116 33 97 141 140 45 98 95 49 143 5 98
1280 22 467 122 167 59 112 25 190 94 168 55 67 139 161 135 158 138 114 70 31 127 137 65 76 128 57 72 25 3 173 69 107 22 40 123 180 1 99 146 66 76 112 106 88 96 163
1281 22 424 75 111 34 57 39 71 22 114 128 138 126 30 10 194 38 131 135 112 12 135 110 183 130 27 91 184 149 88 48 175 81 32 103 103 104 152 132 191 77 11 2 20 50 182
1282 22 348 104 161 43 90 70 178 21 148 39 63 131 188 2 28 12 51 10 193 91 63 97 196 64 28 88 41 90 189 41 170 18 151 7 72 80 19 92 101 19 194 130 80 146 90
1283 22 407 25 138 102 23 83 117 101 70 109 192 108 121 133 27 138 85 43 96 7 83 27 127 64 121 128 132 16 107 14 61 148 188 149 51 60 83 68 12 3 76 56 10 48 138
1284 22 394 89 187 72 131 35 130 115 111 57 179 133 36 12 48 42 25 61 42 62 59 92 174 93 11 85 45 139 140 107 138 79 147 25 3 129 159 32 193 21 140 23 4 75 185
1285 22 364 1 69 59 63 110 173 73 153 46 166 66 82 54 174 118 91 64 167 106 142 27 40 37 98 81 9 103 106 93 55 24 154 35 126 40 187 23 155 104 104 67 7 127 36
1286 22 406 50 31 116 138 93 45 129 129 92 60 38 146 65 82 2 90 85 69 24 160 61 62 32 117 16 38 135 74 114 21 25 96 122 43 136 164 87 114 43 180 23 30 139 63
1287 22 343 26 178 98 97 53 9 9 115 93 127 32 180 62 7 95 84 43 5 74 78 68 10 110 189 66 41 15 156 104 92 84 153 40 186 111 198 2 55 125 33 34 188 31 71
1288 22 364 123 123 125 196 2 42 55 94 54 145 11 46 111 117 51 52 50 53 92 187 16 141 89 20 67 23 56 4 62 188 26 86 60 52 131 13 94 37 6 99 33 19 143 135
1289 22 363 145 145 136 49 38 74 64 28 62 186 47 135 43 200 48 130 128 34 141 29 16 3 24 103 10 172 135 78 68 128 14 64 74 51 12 111 25 78 90 36 63 86 72 157
1290 22 353 88 22 36 15 57 28 93 72 30 69 76 41 90 113 71 59 142 34 22 15 37 34 77 161 63 166 146 77 2 70 33 89 43 70 55 49 47 49 72 126 67 198 68 109
1291 22 433 110 188 117 101 124 41 67 10 126 143 70 88 8 117 64 111 138 196 51 180 65 5 128 161 4 100 88 122 99 155 30 158 45 149 60 20 141 76 79 166 118 150 3 77
1292 22 450 68 16 88 156 63 138 137 27 145 67 139 100 118 176 21 166 132 3 25 128 53 84 147 43 111 127 8 80 78 60 6 46 127 143 103 189 133 191 67 127 7 105 26 32
1293 22 531 98 91 65 200 17 193 4 152 41 96 112 170 53 141 147 114 149 194 142 143 48 80 125 89 148 53 97 102 80 23 135 180 63 150 129 182 94 185 133 136 105 183 139 54
1294 22 401 148 87 47 140 130 145 71 4 35 169 9 81 22 190 103 59 69 168 10 100 49 5 134 33 40 163 79 197 97 18 50 97 54 48 136 133 144 158 39 128 78 49 61 52
1295 22 425 88 63 60 159 132 69 8 130 73 141 15 164 105 93 112 152 62 161 100 166 61 35 50 104 94 90 134 22 140 144 23 128 108 134 136 140 52 95 21 26 35 135 91 89
1296 22 404 30 53 92 41 115 191 108 125 27 160 131 73 49 116 96 139 59 118 18 168 3 55 54 149 132 181 35 118 71 175 97 125 69 90 140 109 99 166 38 158 46 62 109 61
1297 22 445 57 49 21 176 118 191 78 72 49 133 120 32 65 106 135 80 148 62 48 39 51 59 88 68 147 14 109 105 26 15 55 49 90 122 89 167 43 39 101 164 23 115 119 172
1298 22 390 51 149 19 112 48 160 64 156 147 82 103 143 47 111 72 125 54 72 66 26 62 184 118 53 84 134 25 100 52 46 116 14 100 125 128 107 73 109 60 16 7 172 65 178
1299 22 463 149 118 52 114 43 63 100 113 115 35 146 141 85 199 86 37 53 104 54 180 77 110 103 137 69 20 143 186 23 191 3 174 98 188 55 62 140 107 93 74 57 181 110 109
1300 22 347 86 111 12 15 38 22 119 76 142 38 19 134 73 43 26 78 16 180 127 155 36 88 109 175 146 4 52 184 11 111 21 172 74 137 61 147 6 186 41 145 106 176 70 98
1301 22 517 102 149 115 183 75 20 118 62 78 193 107 31 44 160 116 5 122 136 46 25 138 94 80 175 134 76 31 160 47 128 11 95 95 193 121 164 60 34 141 154 142 174 148 152
1302 22 332 39 54 23 27 83 120 1 170 64 182 144 197 109 174 106 156 4 118 52 198 110 175 63 120 58 55 25 200 28 74 3 119 27 27 97 11 47 147 80 112 78 76 88 1
1303 22 330 66 43 106 133 47 155 43 171 17 114 28 74 40 129 51 164 131 171 42 10 53 156 113 184 69 92 9 126 30 12 93 174 67 26 70 172 120 140 90 85 24 150 14 89
1304 22 382 33 86 81 142 3 183 49 117 68 67 11 177 144 92 38 37 17 156 14 187 27 185 28 117 19 99 79 194 133 181 130 165 72 84 149 170 102 16 86 64 142 131 105 131
1305 22 428 67 172 87 132 110 165 16 139 131 136 88 12 30 86 105 164 66 36 28 139 71 178 8 23 143 95 36 137 125 193 117 144 75 25 120 143 63 102 78 152 113 159 37 170
1306 22 397 72 54 105 1 42 76 78 51 100 123 147 135 9 74 79 77 19 194 132 43 18 3 85 133 56 15 34 169 73 73 40 47 28 46 99 70 71 129 51 121 109 109 144 87
1307 22 478 137 162 31 70 6 98 22 93 82 80 57 18 148 79 140 89 77 167 134 76 138 7 104 60 28 54 30 136 114 125 75 50 105 120 143 104 43 85 136 22 93 103 71 174
1308 22 416 44 109 50 62 45 125 100 1 28 61 80 133 142 168 98 68 42 48 105 196 69 49 49 13 134 136 35 28 140 7 101 85 68 51 47 62 127 148 14 7 10 93 139 103
1309 22 397 60 137 20 153 36 26 148 6 24 199 18 159 86 4 37 28 111 139 62 78 39 10 41 68 57 104 124 68 48 164 10 52 91 112 89 116 94 190 112 148 147 165 136 74
1310 22 395 77 25 36 156 115 147 46 32 56 101 57 123 49 21 43 160 124 135 121 163 1 34 58 192 145 171 141 42 136 177 114 153 52 170 17 199 15 149 54 116 7 128 116 129
1311 22 408 72 27 103 107 97 67 9 83 26 100 77 47 40 118 134 118 85 147 120 188 66 187 88 83 87 143 50 195 21 17 124 42 43 28 100 91 44 8 123 121 59 50 67 1
1312 22 388 19 52 68 55 49 140 43 66 128 180 50 116 75 49 110 145 67 33 88 59 60 38 52 105 47 26 28 56 125 96 106 146 98 125 48 16 144 115 124 15 8 200 15 70
1313 22 388 44 32 4 33 92 66 122 95 22 19 121 99 26 147 45 33 42 142 9 44 91 125 137 105 19 162 69 129 111 86 98 56 119 51 89 62 118 110 7 190 130 77 38 57
1314 22 398 25 34 89 67 27 150 112 117 74 98 22 42 110 92 72 172 29 119 28 197 116 59 139 177 17 130 109 195 120 65 69 3 6 35 130 55 96 198 78 146 19 121 107 63
1315 22 411 45 128 91 113 105 188 136 22 98 127 49 164 56 7 60 25 73 78 30 128 15 61 82 112 58 61 107 29 34 13 41 128 141 33 42 47 22 178 119 169 106 19 134 63
1316 22 432 127 193 140 199 21 19 87 31 110 198 38 121 55 68 106 19 108 133 9 143 126 158 64 5 26 83 10 196 68 75 122 63 114 122 85 84 48 171 14 60 118 153 132 22
1317 22 432 21 137 41 130 101 72 146 108 136 53 85 20 14 32 39 138 103 151 77 35 36 124 5 199 25 104 66 98 74 2 138 5 141 29 122 100 114 74 37 185 87 168 123 75
1318 22 390 23 176 77 199 60 163 124 167 63 9 141 16 26 188 91 28 128 96 3 70 74 174 69 89 47 57 36 25 12 99 122 38 99 34 102 122 50 17 32 42 58 181 123 87
1319 22 462 110 170 139 79 95 13 100 133 61 56 107 146 32 53 9 82 27 49 130 110 104 61 16 37 54 200 94 34 124 182 146 43 121 26 37 185 97 33 77 45 66 131 103 98
1320 22 443 59 151 129 20 103 182 130 70 21 133 119 114 69 142 96 66 86 68 141 174 4 68 46 150 52 174 44 67 57 49 116 15 149 47 35 53 66 123 99 191 16 69 135 63
1321 22 454 34 172 130 24 48 85 93 193 134 94 117 180 13 23 128 180 39 178 78 23 31 158 139 153 109 39 95 74 57 131 136 192 103 17 67 152 51 10 144 87 55 62 16 167
1322 22 411 34 45 149 73 72 76 47 52 35 135 4 44 75 51 117 31 131 5 122 35 21 141 36 74 100 130 60 4 93 177 123 27 23 51 144 200 147 46 84 1 28 108 1 96
1323 22 386 41 184 50 64 18 121 4 4 96 105 135 57 61 27 33 135 105 5 107 55 8 104 95 42 89 148 121 98 17 140 83 16 101 88 59 106 133 64 40 41 124 168 25 10
1324 22 434 123 29 66 179 129 173 84 125 17 24 24 187 124 126 3 13 58 71 60 110 27 17 95 190 56 135 115 126 74 98 90 141 78 70 15 14 147 183 137 170 70 110 145 24
1325 22 414 23 105 146 90 66 156 68 33 52 157 40 136 15 47 148 164 137 90 144 56 7 157 4 89 43 124 60 55 70 186 129 26 81 170 142 138 88 74 89 46 77 171 30 73
1326 22 480 68 45 11 10 88 67 118 144 120 156 89 95 18 95 17 103 23 42 85 192 135 175 31 60 15 127 125 91 97 156 116 16 126 177 140 144 144 35 114 152 123 10 119 169
1327 22 526 128 123 91 172 57 135 106 133 117 18 148 93 92 88 141 199 53 109 48 81 135 89 74 129 124 139 80 198 149 148 67 126 20 109 97 28 93 55 111 162 72 158 104 115
1328 22 432 97 147 113 152 105 62 132 139 1 55 67 26 144 98 23 94 95 189 71 66 148 20 46 92 24 158 103 97 109 11 13 5 75 166 59 136 49 38 54 16 63 149 138 42
1329 22 433 10 26 62 127 125 183 122 119 56 129 23 104 95 181 14 10 137 140 97 76 124 96 65 79 111 128 27 175 17 20 86 142 131 163 119 14 36 87 121 15 61 125 94 190
1330 22 467 122 30 130 49 27 157 24 72 71 2 34 100 128 108 116 199 144 110 131 58 78 194 93 116 17 109 143 22 21 184 101 113 43 127 66 150 142 67 83 93 46 142 109 196
1331 22 364 87 170 27 94 47 170 139 114 88 97 141 82 68 62 16 61 14 178 5 42 99 21 91 192 75 84 18 144 132 107 113 8 52 111 80 140 26 169 17 51 56 130 66 118
1332 22 410 145 45 23 86 28 186 133 4 22 119 73 165 103 179 128 110 33 188 91 174 64 160 112 32 60 68 113 77 87 157 21 9 44 116 71 101 138 176 74 158 48 39 29 68
1333 22 354 72 13 57 64 86 122 73 148 3 184 117 17 60 103 25 181 64 118 96 68 40 148 55 65 13 65 62 124 143 79 97 55 85 61 92 7 83 139 11 67 7 80 78 160
1334 22 419 104 58 25 122 5 42 113 5 147 28 28 61 144 189 34 86 19 181 142 55 141 83 13 75 124 124 143 182 103 171 108 28 17 31 135 109 39 57 23 18 67 16 2 53
1335 22 462 126 184 44 30 76 178 143 51 53 118 43 85 72 113 129 29 93 196 112 129 6 5 69 112 127 186 130 144 33 196 20 167 41 51 142 20 95 192 23 162 137 159 135 151
1336 22 463 137 166 145 34 27 123 39 133 41 152 61 28 133 4 120 66 49 39 82 41 92 125 110 86 69 134 48 107 94 184 107 83 149 52 16 125 74 157 57 17 58 117 144 143
1337 22 467 122 166 108 22 56 191 62 197 117 122 33 135 107 82 141 51 65 98 85 14 101 200 140 26 99 42 68 167 138 110 89 3 10 158 109 122 75 195 139 60 3 22 2 155
1338 22 397 86 101 39 51 101 191 93 179 148 191 72 65 7 9 74 147 113 42 73 100 130 179 125 26 69 36 28 140 137 133 77 140 21 28 42 161 70 70 59 62 25 170 2 1
1339 22 349 67 165 92 75 37 94 104 15 70 179 35 105 6 24 93 88 50 34 61 179 76 171 45 181 138 8 131 190 8 149 1 23 42 94 26 108 15 106 121 13 64 53 116 99
1340 22 421 63 145 74 185 146 19 68 57 8 77 89 147 134 189 100 36 11 193 132 138 50 196 143 91 117 55 7 32 107 23 80 121 69 154 6 64 24 175 22 81 101 112 136 100
1341 22 334 29 121 12 24 2 199 23 150 143 14 16 200 120 99 8 44 78 179 62 133 136 178 6 10 49 89 112 113 18 97 98 17 74 121 21 24 94 72 67 9 39 16 130 37
1342 22 506 73 74 114 3 87 149 38 116 56 199 65 44 10 29 63 106 140 161 125 65 133 197 91 28 18 57 138 6 124 18 92 48 143 57 1 181 105 88 147 161 113 156 148 41
1343 22 394 119 154 82 131 78 49 65 176 39 143 43 145 30 48 70 99 91 167 41 97 17 122 54 57 64 95 32 121 92 22 139 47 55 21 24 53 136 49 80 43 137 111 90 156
1344 22 426 60 82 73 102 129 91 75 184 97 144 49 41 77 69 35 50 110 181 105 180 57 107 67 7 148 48 134 111 141 192 20 173 14 173 103 4 50 38 3 195 136 95 22 54
1345 22 440 31 121 65 162 25 97 68 82 115 126 13 127 66 73 18 107 44 142 20 68 146 176 67 33 130 162 120 76 85 175 7 105 140 18 82 36 137 65 100 62 145 64 139 12
1346 22 439 38 158 119 31 101 90 1 46 17 17 80 46 130 199 122 114 123 130 121 64 47 2 149 35 16 1 98 162 66 36 23 104 45 91 86 195 83 136 142 149 3 173 147 34
1347 22 431 21 20 98 96 49 118 59 95 110 81 36 162 28 49 129 116 82 60 64 70 107 148 5 150 146 109 123 42 93 45 63 42 142 161 61 51 81 12 37 68 125 15 68 53
1348 22 452 80 40 87 141 53 106 147 50 62 49 148 171 21 91 115 167 104 58 109 64 70 109 73 52 122 109 69 148 75 138 2 4 27 188 97 80 145 195 81 107 43 130 79 165
1349 22 375 21 45 82 76 52 190 141 21 100 113 22 121 74 142 120 48 29 171 54 55 59 100 36 155 144 119 11 89 148 41 53 20 85 184 95 186 23 186 8 22 50 29 94 23
1350 22 490 72 113 121 200 34 26 57 194 127 92 98 170 12 161 110 10 1 63 131 86 146 76 123 171 63 181 94 62 61 38 137 83 2 59 134 137 84 40 132 160 81 45 142 91
1351 22 391 106 94 105 139 129 102 64 2 72 178 134 16 41 94 27 176 8 85 62 195 20 1 76 31 36 57 81 150 4 38 144 10 122 111 125 135 68 60 52 61 54 106 37 81
1352 22 407 13 124 42 109 143 195 85 74 80 193 87 62 142 100 136 51 127 159 11 168 36 47 137 145 98 97 5 136 33 120 59 124 78 53 20 164 128 100 107 166 1 7 62 188
1353 22 474 107 191 98 170 10 135 66 98 132 116 97 81 70 82 13 39 142 39 119 96 8 182 124 7 40 91 20 92 133 31 106 73 129 27 134 15 145 32 46 110 128 127 31 59
1354 22 456 91 172 52 79 40 197 139 123 72 145 65 13 16 8 62 51 89 119 25 119 96 9 85 92 131 1 69 9 133 179 149 104 30 80 145 28 118 120 102 114 84 66 32 43
1355 22 454 127 132 33 197 8 103 42 166 138 185 107 118 135 125 78 118 3 78 73 134 9 18 62 126 87 15 142 172 130 25 114 158 58 47 104 65 49 48 133 136 132 139 55 169
1356 22 296 16 34 38 70 12 10 4 20 27 117 48 115 31 89 86 10 15 100 17 172 98 72 136 198 69 170 103 109 40 71 26 124 8 145 137 117 6 96 64 103 60 146 143 48
1357 22 457 5 7 149 73 130 196 95 118 45 15 37 30 17 147 122 187 72 147 46 167 83 115 16 138 110 82 43 171 127 87 118 134 146 116 106 175 113 102 44 8 69 131 137 77
1358 22 468 8 124 101 54 71 17 88 35 132 28 146 115 120 167 142 58 34 75 5 52 32 30 14 86 75 121 104 155 58 90 117 165 134 23 100 160 72 83 137 20 148 6 36 91
1359 22 444 116 121 117 70 22 100 1 86 85 76 108 90 80 67 82 165 34 48 148 106 87 199 65 61 132 52 30 31 59 65 123 24 35 189 46 109 40 96 144 25 121 103 103 170
1360 22 523 99 117 103 149 115 110 35 113 74 45 146 177 124 128 138 140 102 113 125 140 108 185 80 54 30 156 26 32 123 80 101 74 147 5 72 63 114 158 27 40 75 168 128 104
1361 22 390 5 18 6 18 94 147 77 78 26 180 107 33 8 190 37 191 129 135 147 52 149 13 109 76 4 163 2 171 91 155 78 10 112 197 3 109 123 132 84 103 140 19 29 176
1362 22 523 148 21 106 35 68 57 133 132 67 10 135 180 61 57 120 168 134 181 129 80 37 155 116 23 9 7 41 170 87 168 19 58 123 103 127 181 136 108 147 47 144 176 8 50
1363 22 401 47 27 86 127 107 117 111 144 71 78 68 79 36 110 100 73 27 69 130 1 121 58 131 8 17 177 105 110 55 114 3 92 46 82 98 65 44 93 35 24 60 166 109 71
1364 22 466 115 131 147 185 112 147 8 21 79 115 37 8 21 198 64 186 59 66 129 56 97 27 22 93 121 159 116 33 124 174 53 40 57 2 125 20 50 84 91 179 100 177 138 71
1365 22 469 127 1 108 187 116 189 144 165 65 66 59 37 124 124 19 99 149 124 40 57 66 77 26 149 117 106 49 45 43 121 121 43 80 157 111 68 103 177 34 168 35 71 143 60
1366 22 362 41 193 10 166 82 117 42 148 143 170 148 109 25 146 103 70 18 76 114 98 84 76 15 86 102 199 55 188 71 99 49 63 141 59 79 173 22 72 17 191 21 27 68 169
1367 22 437 31 87 136 6 135 142 126 152 27 29 2 184 69 122 82 167 73 25 64 97 101 138 70 117 128 142 45 145 110 26 81 48 133 82 124 110 33 103 138 134 36 58 7 119
1368 22 399 75 143 143 1 108 139 4 195 10 20 125 152 67 19 13 92 2 60 124 134 142 198 45 126 32 60 87 142 18 55 116 160 98 118 20 188 21 116 100 193 140 53 109 9
1369 22 382 15 150 62 125 125 47 16 172 141 191 123 124 102 159 115 20 14 182 31 63 52 52 124 168 51 16 107 3 26 117 68 127 78 192 2 76 9 25 66 151 98 192 103 6
1370 22 400 58 124 71 190 56 185 143 58 87 16 27 137 132 133 92 9 52 159 86 31 2 189 107 110 113 174 62 60 17 164 118 125 39 140 114 197 75 58 63 73 82 199 6 66
1371 22 362 140 65 17 200 52 50 51 140 56 162 54 81 24 116 48 89 133 122 30 24 137 76 100 44 12 116 64 113 29 154 88 98 41 147 6 30 4 168 86 93 148 83 131 132
1372 22 387 6 12 58 142 139 7 37 71 19 5 34 33 78 115 36 67 114 91 107 62 147 186 65 16 70 200 110 118 35 192 1 190 54 108 84 42 120 113 135 24 98 19 3 14
1373 22 350 104 169 77 47 25 38 45 110 60 132 6 121 1 90 62 1 79 67 111 114 59 127 34 173 113 109 122 131 112 86 36 180 64 132 55 52 76 166 5 87 47 10 107 97
1374 22 481 101 71 100 82 87 110 145 197 136 128 19 100 39 193 30 200 128 115 81 91 97 35 144 72 53 1 59 49 112 117 48 13 137 147 74 8 138 120 68 41 106 33 23 107
1375 22 386 112 189 87 104 85 24 48 59 26 198 119 176 59 85 73 123 74 171 16 147 130 56 18 124 25 10 19 82 42 43 38 55 82 176 109 66 149 108 76 126 57 44 102 167
1376 22 473 131 126 40 104 99 57 102 178 64 19 104 38 79 174 119 22 117 58 129 48 84 187 115 32 46 141 60 102 136 11 118 168 138 157 71 136 16 24 66 29 43 71 17 23
1377 22 343 94 137 96 60 95 24 107 28 62 172 11 7 14 120 58 199 132 176 17 170 84 189 55 49 63 170 28 7 40 96 81 36 26 95 76 200 52 5 25 168 20 188 137 27
1378 22 428 88 169 4 56 140 197 44 190 11 116 69 167 7 114 97 142 48 122 137 75 123 190 30 186 114 199 55 53 135 83 42 5 89 198 144 130 94 88 119 154 103 138 22 109
1379 22 385 103 170 53 52 43 39 77 116 128 158 143 156 7 97 42 191 138 197 29 187 92 108 30 129 35 83 66 108 144 70 127 146 24 120 84 152 87 163 9 39 45 103 37 92
1380 22 408 107 116 79 149 125 10 27 153 97 112 120 154 55 42 31 200 115 102 33 66 38 97 26 78 53 93 74 5 1 160 48 158 77 126 6 2 136 134 106 182 145 126 135 99
1381 22 490 17 117 148 33 70 32 50 9 128 175 136 182 119 109 138 69 71 186 147 111 35 200 146 121 56 179 15 31 16 16 49 134 81 104 149 30 114 176 106 150 110 174 60 47
1382 22 416 94 182 132 172 29 143 106 28 40 126 33 71 43 115 86 10 113 69 74 195 24 122 138 50 81 89 59 104 100 5 98 32 39 69 10 83 26 39 122 104 72 92 148 86
1383 22 319 29 59 1 48 32 95 23 6 71 62 7 1 50 117 5 152 4 183 61 22 94 143 99 32 17 54 105 160 103 193 139 161 143 138 145 139 10 50 59 122 58 10 24 114
1384 22 406 74 148 67 108 9 40 101 103 140 85 69 196 89 179 48 183 109 75 56 103 114 17 4 22 90 63 133 113 38 96 88 85 14 146 45 105 98 148 97 82 68 42 73 48
1385 22 449 89 55 66 149 82 121 51 95 140 106 118 179 120 51 93 57 48 81 142 164 28 186 70 175 35 66 109 3 57 81 100 198 137 166 146 168 38 149 14 127 106 82 8 126
1386 22 377 134 100 82 133 130 123 98 109 11 68 86 145 33 44 49 192 126 149 39 162 66 134 30 55 132 143 84 88 76 191 13 59 40 146 44 22 121 191 32 81 8 117 77 143
1387 22 468 10 28 84 187 78 122 149 145 57 30 49 89 122 84 28 100 26 92 60 68 139 53 39 9 146 122 141 5 89 170 147 150 132 137 74 153 87 68 16 18 100 189 102 79
1388 22 373 40 127 22 150 94 110 104 34 119 149 6 159 4 146 78 52 145 76 34 31 101 36 19 18 47 84 38 98 125 41 76 64 69 97 15 65 107 119 98 77 67 5 85 172
1389 22 500 65 24 47 190 109 179 141 46 148 110 43 33 49 42 57 89 68 73 60 66 137 24 74 155 123 100 128 135 97 179 101 120 75 142 130 154 32 176 103 144 70 135 144 161
1390 22 466 144 33 128 16 142 196 4 15 19 111 139 119 84 116 105 180 47 5 52 173 96 181 76 180 6 28 125 75 115 18 136 58 102 165 93 112 109 131 138 198 1 21 3 63
1391 22 443 61 4 86 58 136 113 87 44 143 111 20 7 81 57 64 82 124 88 27 85 15 137 67 5 36 167 125 151 73 129 115 83 134 200 41 20 113 129 65 5 90 84 72 141
1392 22 477 26 153 114 65 129 198 16 165 85 1 133 112 103 6 140 68 38 124 117 180 145 131 9 109 137 100 142 97 71 84 124 123 147 138 2 147 119 169 63 3 45 114 4 91
1393 22 377 92 29 59 121 75 40 79 183 26 128 125 50 60 200 73 158 88 26 6 158 96 70 62 66 67 26 89 68 131 179 9 111 90 82 135 31 19 108 40 44 82 191 5 34
1394 22 404 63 115 123 140 72 80 35 192 43 103 108 168 141 177 22 138 112 161 119 96 28 166 98 69 82 60 116 165 74 32 89 66 6 70 2 97 54 6 132 195 34 181 66 71
1395 22 487 145 28 139 140 120 169 8 67 89 19 50 200 136 66 76 168 104 191 75 173 142 73 135 48 130 116 13 48 109 186 44 88 74 136 57 194 43 75 35 11 134 146 90 59
1396 22 407 65 146 49 89 118 93 11 54 40 190 21 133 55 121 93 90 114 32 115 99 138 61 41 162 95 101 78 199 130 139 13 125 139 104 94 31 116 200 22 158 20 6 62 192
1397 22 454 103 156 81 169 6 20 29 97 34 23 149 71 52 41 64 126 129 17 122 162 134 71 35 141 42 193 104 134 92 8 41 75 77 46 44 5 144 179 130 43 82 141 124 54
1398 22 425 131 4 72 152 115 6 52 146 15 144 48 37 9 88 61 35 36 157 92 179 135 171 21 136 54 114 139 29 19 19 82 93 122 149 95 100 145 9 143 46 7 31 107 96
1399 22 401 92 91 31 98 132 160 82 4 20 7 97 58 85 116 28 19 10 149 17 57 93 66 103 51 60 1 109 42 7 107 83 147 89 32 81 198 66 136 32 135 145 78 144 81
1400 22 367 145 171 49 104 19 65 112 113 132 115 115 93 74 135 23 32 69 69 70 101 51 68 118 137 1 2 131 178 97 111 25 67 62 130 37 26 42 49 10 108 65 104 24 88
1401 22 400 140 96 119 59 16 189 111 69 8 178 105 108 31 187 37 27 149 63 93 10 43 181 88 186 131 199 143 95 2 18 85 92 113 53 50 180 62 48 52 189 4 11 19 190
1402 22 506 148 97 41 110 139 200 54 121 89 39 103 137 83 147 81 82 14 86 44 30 144 143 132 134 97 192 52 88 141 148 28 53 138 30 108 160 118 97 62 57 131 110 78 146
1403 22 476 128 62 141 9 55 184 142 188 82 86 41 169 126 90 149 80 79 180 138 88 99 186 16 8 53 98 130 44 29 93 84 90 147 19 31 86 26 21 44 165 21 175 143 102
1404 22 401 112 132 100 49 82 107 65 142 109 14 93 91 9 172 83 45 11 82 63 43 117 115 45 87 54 159 7 28 4 158 42 87 142 69 108 162 76 22 104 116 130 127 50 74
1405 22 402 39 131 89 182 50 3 142 44 45 154 97 124 9 6 67 196 66 59 64 81 16 25 108 87 80 125 19 107 124 94 95 57 132 178 106 136 119 101 26 165 54 72 63 29
1406 22 522 7 158 95 65 23 127 81 149 84 169 78 60 39 186 33 83 131 41 64 160 148 152 129 198 77 193 54 151 133 166 140 75 125 56 149 103 88 147 138 59 126 97 147 12
1407 22 391 132 81 44 122 45 105 22 48 83 121 74 78 24 62 91 55 103 115 81 109 13 134 146 11 71 56 37 68 3 200 99 183 122 79 149 145 76 134 66 52 11 141 75 24
1408 22 423 132 181 77 48 112 185 61 145 32 171 17 190 59 86 92 110 36 26 6 160 107 55 104 182 40 121 135 102 60 125 145 92 1 42 103 137 102 199 121 125 66 60 85 103
1409 22 397 1 145 39 128 98 184 56 151 68 47 122 102 135 13 23 79 5 73 20 7 112 74 58 32 148 175 141 32 27 193 128 165 70 78 12 56 85 115 82 138 74 179 87 3
1410 22 342 2 143 126 171 1 189 44 58 70 193 134 110 25 61 4 152 127 173 31 189 28 118 5 152 99 192 26 79 15 64 132 16 58 109 88 58 147 134 116 68 79 102 11 182
1411 22 371 54 88 56 186 28 86 55 82 87 155 75 14 84 189 79 67 6 186 27 93 44 175 126 111 94 104 61 122 124 103 10 111 60 196 40 45 102 123 34 157 99 47 142 39
1412 22 402 126 8 94 61 36 38 56 12 116 166 105 119 79 78 23 102 32 133 64 91 80 53 38 81 127 121 37 25 117 178 13 194 8 7 124 45 114 185 60 180 141 178 18 53
1413 22 491 111 149 135 26 42 16 28 79 146 156 149 85 130 117 112 194 11 151 51 69 24 45 32 61 107 13 103 186 72 123 138 84 71 174 9 62 139 138 92 37 143 90 121 24
1414 22 389 107 182 67 69 34 17 139 160 14 170 72 70 33 124 5 156 46 45 90 69 120 148 32 159 36 174 145 178 115 67 52 173 20 41 137 129 143 200 51 14 21 185 77 140
1415 22 479 87 71 79 107 143 79 90 151 16 113 147 93 80 163 146 52 12 16 43 197 54 173 89 105 123 4 125 7 95 103 149 131 74 29 118 107 28 68 72 193 116 67 30 64
1416 22 500 123 191 131 167 138 184 140 178 40 114 84 164 121 130 117 171 110 192 149 200 59 106 127 128 29 119 143 145 74 9 65 14 89 31 3 175 22 83 64 36 116 130 58 145
1417 22 446 148 78 56 91 128 107 101 133 33 78 62 104 22 108 145 95 116 109 110 107 92 165 113 47 50 14 29 59 10 26 138 17 68 116 23 18 107 47 111 10 120 119 5 116
1418 22 383 136 163 76 44 56 140 26 19 38 26 120 103 104 181 12 82 18 180 99 135 52 167 85 160 13 97 70 83 65 24 98 153 75 196 94 16 24 114 103 1 35 55 135 35
1419 22 429 47 134 71 50 102 55 60 64 31 98 68 154 148 70 43 172 18 138 40 193 103 92 93 190 149 48 6 68 135 142 115 118 113 66 117 75 34 20 105 34 38 110 81 159
1420 22 475 55 4 28 194 93 72 149 187 114 138 37 64 43 104 98 35 120 117 99 186 137 165 112 172 87 169 5 74 130 37 134 134 64 80 85 28 125 151 115 61 59 117 11 195
1421 22 403 38 177 143 125 63 160 37 136 46 57 41 121 36 129 54 172 73 167 51 160 104 30 134 4 144 197 117 154 115 77 149 52 105 143 77 169 2 65 47 73 8 125 31 149
1422 22 400 91 131 10 144 110 196 97 105 92 163 11 8 61 59 45 53 87 163 7 3 119 55 125 14 72 33 40 96 13 39 136 196 148 82 43 28 64 36 143 126 83 36 4 80
1423 22 445 40 40 44 146 93 12 53 117 26 124 101 115 71 166 105 108 63 155 39 171 47 169 34 35 111 11 127 195 96 82 124 38 122 20 135 116 81 87 84 8 62 37 125 132
1424 22 311 4 179 142 66 83 180 36 132 50 122 68 10 32 194 7 130 128 30 119 149 101 53 116 32 42 151 39 5 37 113 40 44 30 157 76 11 43 59 11 66 20 149 22 76
1425 22 467 80 149 58 148 149 58 53 16 91 196 116 32 3 96 38 44 89 167 101 67 28 145 75 88 12 53 109 110 126 187 142 74 146 191 24 5 143 89 138 6 27 90 122 177
1426 22 333 54 63 46 106 29 73 100 5 12 163 57 22 74 182 58 115 53 106 132 8 50 120 5 90 76 33 129 35 106 107 140 18 2 45 96 26 3 89 59 111 34 93 20 50
1427 22 434 101 25 5 83 134 107 4 188 98 31 122 78 68 127 84 109 47 138 142 163 46 4 61 7 114 94 149 135 93 101 9 50 135 142 8 41 31 55 73 52 82 192 131 67
1428 22 351 1 27 54 6 70 119 6 116 122 66 137 111 22 73 56 72 82 55 59 125 62 151 68 173 149 117 91 117 17 117 21 22 89 191 129 4 14 147 25 2 7 48 124 62
1429 22 292 21 105 18 29 82 29 79 139 146 104 47 46 70 190 13 36 6 35 59 194 127 89 49 40 35 25 93 44 72 66 5 143 23 173 104 153 2 42 51 5 40 98 26 129
1430 22 408 62 163 137 46 71 132 24 59 31 165 96 105 7 89 77 23 95 119 147 69 91 200 22 142 93 74 48 132 23 73 61 135 85 199 132 157 80 106 66 10 70 13 115 27
1431 22 355 101 91 51 45 111 97 64 1 48 87 143 40 12 192 121 34 15 183 20 99 31 52 6 111 7 23 122 178 35 186 106 87 28 156 81 140 104 196 91 3 84 35 42 145
1432 22 481 76 165 31 42 49 50 91 32 51 148 92 9 120 165 87 156 94 42 130 2 74 70 105 72 12 160 146 1 50 173 67 132 115 16 107 47 134 54 90 42 125 104 80 130
1433 22 339 6 74 23 88 25 198 57 31 19 70 90 174 17 143 75 189 9 106 5 74 86 61 122 71 64 11 63 40 115 44 119 72 67 43 59 143 41 67 76 109 136 115 84 152
1434 22 375 9 8 141 68 63 47 43 151 8 165 21 21 75 85 11 41 29 181 113 197 126 23 140 168 90 65 28 25 131 62 129 92 119 21 59 134 67 3 36 174 17 8 47 94
1435 22 426 145 159 136 173 41 150 19 66 73 60 135 62 26 13 138 159 124 118 100 94 38 160 129 5 62 166 80 81 76 76 70 186 11 94 27 161 64 94 83 74 79 146 51 91
1436 22 395 35 59 116 53 58 161 142 67 42 146 29 9 78 109 84 103 34 55 91 44 48 117 54 162 60 88 137 40 85 87 32 72 146 149 126 5 117 72 3 115 2 161 62 95
1437 22 415 146 145 149 36 40 49 104 96 112 66 85 148 105 72 36 187 93 83 87 18 38 196 86 159 50 100 12 61 143 73 57 141 69 7 126 108 55 32 5 16 47 90 15 153
1438 22 355 11 53 91 55 35 178 124 22 75 9 82 25 93 85 3 165 43 133 47 121 4 104 97 171 88 86 52 148 90 43 20 177 46 144 36 177 68 46 122 4 100 186 94 195
1439 22 456 121 143 17 63 46 170 9 116 119 149 103 72 96 42 64 50 68 85 128 15 131 163 43 100 110 164 104 10 99 4 22 143 120 34 88 39 144 156 109 142 30 190 54 96
1440 22 390 141 71 32 168 37 112 131 179 112 90 93 67 51 44 65 54 15 10 25 200 97 65 143 4 135 16 107 76 19 4 16 91 35 33 77 47 5 10 7 199 78 7 142 94
1441 22 379 113 8 53 39 57 152 54 200 5 30 86 170 111 190 89 178 80 76 10 158 124 77 115 83 83 13 12 191 7 155 3 14 108 194 23 9 147 172 65 78 59 37 114 121
1442 22 357 28 4 98 10 129 59 67 152 85 181 36 119 46 47 110 152 4 64 17 11 107 89 21 105 12 37 33 20 73 198 140 51 53 189 32 48 78 135 134 111 71 5 56 119
1443 22 390 116 7 22 129 123 34 138 12 54 194 23 41 128 195 15 125 36 67 78 75 28 61 74 8 45 159 18 67 63 173 81 9 59 5 143 198 98 191 93 190 21 137 107 147
1444 22 491 122 73 24 48 53 36 23 62 33 32 129 49 96 103 136 174 147 34 39 189 83 157 138 173 149 128 145 35 36 142 108 110 17 8 112 153 80 73 135 63 103 135 59 105
1445 22 430 71 134 139 67 17 78 107 149 84 96 73 84 75 68 68 60 61 77 20 77 36 133 81 68 8 115 130 160 52 138 67 74 121 57 90 189 134 98 39 119 145 162 102 120
1446 22 413 81 71 29 141 50 148 119 135 133 150 102 190 16 84 99 17 21 117 90 44 24 181 134 107 80 73 28 175 36 131 144 118 74 10 53 124 39 156 129 93 145 95 26 45
1447 22 448 61 148 62 1 43 135 133 127 143 163 101 170 137 136 51 182 55 54 105 14 106 128 144 83 22 136 29 116 113 24 128 11 85 178 103 119 13 31 11 25 131 81 18 133
1448 22 474 144 72 36 98 35 43 76 180 88 60 1 126 139 68 138 62 45 150 96 175 53 116 87 85 26 61 116 58 123 85 142 66 107 127 115 193 121 92 22 159 52 124 136 190
1449 22 418 141 23 103 36 73 200 110 27 115 198 63 140 10 128 132 165 149 121 70 113 15 90 107 189 8 112 135 49 55 10 51 42 82 50 3 160 16 200 72 7 109 102 56 142
1450 22 427 116 47 140 138 18 4 4 57 110 142 109 19 6 195 117 12 69 53 137 70 105 48 37 54 120 144 64 123 149 155 40 97 96 77 114 1 32 73 13 76 83 83 31 27
1451 22 362 102 92 133 170 146 119 42 150 17 128 55 188 21 120 112 122 74 1 70 71 29 34 123 10 8 135 85 90 68 117 19 160 50 40 71 183 56 87 111 62 26 133 31 87
1452 22 387 6 6 39 176 128 67 11 51 28 18 85 65 9 154 83 126 124 93 126 64 99 96 96 7 34 108 68 111 43 1 149 198 37 125 134 5 35 84 84 102 70 48 60 174
1453 22 390 31 38 97 25 13 12 23 60 8 129 143 117 49 103 59 149 101 59 106 189 33 139 95 68 74 128 21 194 126 33 19 108 20 67 132 82 79 6 141 88 135 85 56 83
1454 22 388 39 17 133 141 25 88 79 9 27 73 78 152 102 149 47 127 81 15 36 50 134 117 33 112 73 175 101 9 109 106 43 197 22 25 89 148 112 169 57 90 91 184 42 192
1455 22 379 134 138 21 64 55 8 65 90 125 147 53 199 3 159 31 160 1 79 77 167 81 88 85 89 130 127 75 123 58 12 93 124 116 100 88 157 76 87 9 126 107 11 34 90
1456 22 393 71 36 118 4 64 135 36 4 121 177 133 148 51 55 120 108 116 62 33 134 13 171 90 89 109 199 14 167 11 50 6 83 35 24 88 49 10 174 102 82 100 136 131 102
1457 22 396 40 150 9 7 63 144 76 66 32 116 74 180 79 40 42 178 98 175 115 23 112 15 132 185 118 165 86 153 46 187 44 47 48 100 110 91 87 108 73 152 81 104 22 195
1458 22 405 10 19 19 176 91 181 42 124 117 111 39 3 13 186 108 32 138 159 43 130 31 37 124 132 77 116 41 124 127 111 142 52 2 24 95 27 141 55 65 95 69 52 87 176
1459 22 478 36 27 78 108 88 161 147 61 94 65 40 159 107 65 135 68 56 38 71 132 132 149 24 36 116 118 106 67 33 102 82 69 140 56 92 86 118 85 52 9 44 11 123 78
1460 22 421 78 181 118 200 62 49 48 87 137 163 6 92 132 11 125 83 95 143 14 186 100 5 23 169 42 124 80 85 134 154 113 86 131 114 49 182 112 35 26 190 59 157 1 135
1461 22 460 142 45 29 155 80 130 12 4 149 153 77 180 39 13 135 54 75 171 85 89 21 168 2 106 79 47 45 186 147 180 143 8 133 24 38 194 127 188 98 106 119 38 68 3
1462 22 444 142 44 75 78 84 196 95 185 53 29 66 99 73 103 98 4 129 92 112 113 18 101 59 94 138 156 1 6 44 20 110 85 14 85 64 147 130 158 36 1 132 10 103 79
1463 22 427 114 181 71 25 145 38 27 103 133 164 111 186 21 156 5 80 142 68 14 105 17 195 62 2 128 47 52 60 106 104 90 21 136 12 97 32 51 73 85 36 45 21 58 100
1464 22 392 27 188 91 197 51 195 15 98 56 116 125 54 119 186 61 124 128 82 9 191 30 190 142 103 26 179 40 172 1 198 71 127 135 113 123 87 109 37 136 66 54 63 22 200
1465 22 328 82 95 27 165 105 18 44 147 11 96 72 91 138 194 41 87 16 167 23 81 92 109 89 30 147 157 34 59 77 57 58 158 2 37 22 108 6 68 106 166 65 28 56 52
1466 22 378 123 48 90 140 64 112 20 7 11 37 119 67 70 27 45 26 86 3 79 72 126 189 77 95 94 194 60 173 101 13 47 48 103 37 12 14 8 68 36 70 104 154 38 25
1467 22 325 32 133 3 168 37 131 39 114 121 68 59 65 11 170 139 62 36 109 24 122 2 33 40 187 45 93 92 22 26 26 143 112 104 134 78 177 101 186 41 13 5 29 124 88
1468 22 329 64 183 26 139 4 77 72 45 115 26 42 59 67 63 135 145 86 129 58 191 14 185 114 122 9 27 78 188 2 116 3 186 93 192 90 19 127 44 91 30 8 162 19 172
1469 22 429 46 87 37 68 146 115 145 185 67 162 87 152 4 180 143 74 131 59 137 109 45 50 133 100 27 192 11 147 63 7 84 52 26 31 66 72 65 84 134 3 88 89 33 132
1470 22 385 115 180 14 125 67 23 28 63 24 12 112 50 103 23 49 118 81 134 69 6 36 29 78 122 114 180 111 55 64 192 19 94 106 45 30 22 124 103 85 185 4 187 109 52
1471 22 332 6 139 137 24 46 100 12 125 129 183 88 9 93 192 74 186 62 119 80 122 29 55 24 113 40 128 52 150 131 107 89 68 33 184 117 144 10 148 26 150 8 120 43 181
1472 22 355 105 5 102 148 12 83 71 41 38 45 55 129 24 156 28 54 65 118 23 97 54 192 42 113 39 117 62 46 138 107 144 111 129 191 122 112 14 14 1 8 119 81 33 74
1473 22 394 58 88 40 28 111 88 31 104 79 145 92 147 57 39 34 65 66 178 75 45 120 148 8 83 12 60 142 80 90 124 105 49 112 145 26 172 32 108 125 63 103 68 59 11
1474 22 383 6 143 25 121 22 49 17 191 98 176 26 109 37 67 140 126 41 45 77 154 141 154 27 124 112 103 86 114 20 147 124 27 50 99 62 198 66 54 147 143 129 6 80 98
1475 22 404 147 7 140 93 33 193 35 87 69 109 50 171 96 13 42 144 138 118 84 37 16 95 86 183 1 82 26 131 89 7 78 136 113 67 130 146 11 165 79 25 133 49 22 47
1476 22 478 142 166 134 9 149 122 125 196 7 7 98 188 34 178 79 90 108 66 55 176 45 152 87 161 35 65 135 169 116 159 65 157 124 100 118 24 21 142 121 127 100 170 16 136
1477 22 405 98 196 75 57 61 31 32 58 132 18 118 68 35 155 136 100 63 2 8 188 51 125 13 121 36 199 68 55 15 53 102 60 79 10 123 60 142 130 91 59 97 109 45 53
1478 22 437 46 144 65 98 104 104 48 180 67 71 98 152 19 115 106 85 110 145 149 169 108 162 101 21 96 11 115 49 56 161 53 16 119 153 45 135 23 192 38 91 58 195 126 128
1479 22 395 4 72 127 75 90 136 86 137 58 132 96 25 132 154 37 97 8 152 67 60 48 3 32 90 40 125 149 34 2 27 140 123 5 14 114 140 101 50 76 9 33 73 135 17
1480 22 368 28 121 113 86 24 29 45 121 83 179 12 22 5 61 107 106 39 146 30 43 111 93 32 112 44 159 122 178 134 56 11 176 58 198 149 86 121 68 23 33 41 79 143 48
1481 22 385 84 131 145 115 125 56 59 58 69 4 119 190 131 152 25 64 22 32 14 122 70 108 42 89 132 24 82 10 16 129 45 198 124 32 19 132 50 172 89 152 3 135 78 18
1482 22 384 6 62 81 27 131 138 119 171 44 52 80 110 82 174 59 157 84 133 38 152 64 90 123 115 130 75 117 67 52 86 22 165 17 151 145 6 21 66 77 114 19 56 25 1
1483 22 425 130 34 59 13 18 48 15 133 137 39 97 69 13 115 35 17 50 58 131 68 10 28 24 80 95 100 146 113 105 72 115 136 57 173 101 174 73 17 108 61 55 56 129 120
1484 22 357 122 15 86 122 23 68 41 32 47 14 114 91 65 161 6 172 82 172 57 89 97 159 19 175 72 129 32 79 10 101 51 24 138 74 148 55 14 32 54 180 44 44 107 51
1485 22 495 115 190 123 74 130 71 34 44 139 159 67 19 140 97 28 40 97 4 127 170 1 33 84 82 36 163 132 158 134 173 126 158 98 57 128 181 2 166 141 118 37 182 64 173
1486 22 450 113 119 101 33 120 184 18 3 21 130 33 154 139 120 38 11 147 47 110 4 75 93 5 192 133 125 128 165 141 44 87 153 62 40 37 83 23 104 88 195 35 120 149 24
1487 22 405 141 38 36 138 34 146 10 190 145 54 22 71 131 88 11 176 77 66 90 16 52 172 106 161 140 32 84 65 23 73 101 160 9 148 70 137 46 23 110 69 54 100 129 131
1488 22 382 26 94 20 43 98 144 32 153 104 167 94 136 103 59 8 27 11 117 85 160 68 105 148 165 77 107 133 82 108 14 15 33 7 184 127 154 60 58 27 4 118 131 62 75
1489 22 481 107 74 43 44 33 62 30 178 128 138 61 12 146 24 76 80 132 159 7 188 138 116 97 20 144 200 87 126 113 163 85 86 57 78 118 70 79 149 47 106 117 134 82 44
1490 22 508 13 66 105 119 103 192 137 1 113 182 101 99 108 13 63 142 51 21 121 120 140 99 119 136 104 107 45 73 90 128 118 52 143 22 23 197 61 198 125 42 100 25 49 162
1491 22 390 39 42 62 9 112 132 100 110 2 138 16 10 82 90 99 9 7 52 102 179 26 150 143 186 97 118 80 96 94 80 110 83 22 173 93 133 106 93 45 7 60 168 63 149
1492 22 391 116 71 7 20 24 35 47 126 78 83 22 47 114 120 92 93 131 126 14 53 69 99 9 13 93 67 144 104 35 56 54 2 128 60 73 54 120 179 26 104 52 174 117 73
1493 22 316 115 9 53 143 25 6 113 25 16 75 67 84 20 172 127 175 72 56 36 196 111 32 15 191 9 168 43 132 49 45 70 91 71 175 3 195 92 179 13 75 100 34 45 176
1494 22 423 10 168 133 145 63 44 29 180 84 87 49 178 121 135 45 119 131 164 111 101 40 65 147 81 95 109 5 96 94 51 21 53 20 5 135 48 77 64 134 164 12 163 136 96
1495 22 381 107 156 128 72 16 78 11 132 76 193 78 184 48 173 27 150 95 129 70 199 28 4 49 154 69 184 119 132 146 154 5 109 126 176 135 39 59 110 81 136 46 130 8 74
1496 22 327 80 102 5 151 101 32 6 51 37 76 134 6 107 179 11 186 35 172 43 63 49 129 108 190 83 93 85 13 3 109 94 54 63 146 106 46 51 156 32 78 41 139 34 120
1497 22 414 2 70 106 125 64 118 23 92 20 180 31 53 125 116 65 177 76 60 132 190 105 88 35 55 145 168 82 136 57 167 107 60 38 62 84 151 80 6 92 149 138 75 51 162
1498 22 390 42 17 140 117 76 71 6 80 58 92 86 153 59 169 88 165 138 94 74 75 7 159 126 38 15 19 87 102 45 139 108 56 52 135 26 159 115 36 50 52 90 109 73 27
1499 22 406 125 60 122 1 136 130 9 63 18 75 132 106 128 126 44 94 14 103 99 117 138 75 4 110 27 7 49 137 79 27 64 190 66 76 29 176 38 98 51 171 103 130 149 47
