Population size,100
Crossover rate,0.66
Mutation rate,0.34
Random selection portion,0.03
Selection method,AForge.Genetic.RouletteWheelSelection
Diversity check,False
Iteration,FitnessMax,FitnessAvg
0,2469,1666.01
1,2454,1778.42
2,2372,1880.45
3,2419,1918.58
4,2483,1995.09
5,2583,2055.95
6,2583,2038.03
7,2651,2084.39
8,2651,2087.34
9,2555,2126.56
10,2628,2131.6
11,2671,2124.18
12,2509,2092.16
13,2560,2077.51
14,2685,2093.86
15,2660,2111.56
16,2598,2145.39
17,2569,2174.39
18,2584,2153.49
19,2576,2143.49
20,2583,2122.64
21,2774,2187.46
22,2774,2272.48
23,2774,2291.75
24,2762,2326.92
25,2732,2331.11
26,2732,2353.84
27,2732,2400.27
28,2732,2368.87
29,2732,2351.4
30,2693,2382.47
31,2693,2370.36
32,2696,2365.54
33,2700,2290.76
34,2762,2280.25
35,2762,2251.13
36,2762,2248.48
37,2765,2245.22
38,2762,2168.86
39,2762,2166.03
40,2762,2150.92
41,2762,2220.31
42,2762,2193.51
43,2762,2148.4
44,2761,2172.57
45,2692,2166.28
46,2656,2161.44
47,2656,2114.73
48,2653,2157.91
49,2761,2195.11
50,2660,2168.9
51,2660,2154.22
52,2665,2125.23
53,2665,2164.71
54,2706,2180.89
55,2691,2163.82
56,2764,2172
57,2764,2206.41
58,2764,2226.23
59,2764,2171.39
60,2764,2216.13
61,2764,2308.98
62,2781,2382
63,2781,2382.9
64,2781,2361.05
65,2781,2295.22
66,2781,2275.08
67,2781,2350.98
68,2781,2357.56
69,2781,2370.18
70,2788,2323.66
71,2790,2345.18
72,2790,2342.38
73,2714,2363.29
74,2790,2386.22
75,2747,2365.9
76,2751,2335.16
77,2751,2326.04
78,2747,2318.73
79,2726,2330.3
80,2726,2315.73
81,2733,2357.92
82,2733,2376.65
83,2733,2393.67
84,2757,2414.94
85,2748,2375.31
86,2791,2377.59
87,2791,2395.17
88,2791,2418.58
89,2791,2411.19
90,2759,2382.91
91,2759,2360.27
92,2802,2365.25
93,2802,2399.89
94,2698,2373.95
95,2705,2329.1
96,2774,2324.14
97,2774,2335.39
98,2741,2364.11
99,2803,2368.29
100,2810,2391.3
101,2810,2408.93
102,2810,2381.07
103,2810,2439.37
104,2817,2439.34
105,2766,2417.73
106,2796,2470.8
107,2796,2445.58
108,2796,2421.7
109,2796,2398.67
110,2796,2381.67
111,2796,2345.92
112,2806,2357.14
113,2806,2334.97
114,2806,2409.53
115,2776,2401.24
116,2776,2377.72
117,2790,2379.63
118,2776,2309.03
119,2776,2225.57
120,2776,2285.16
121,2776,2326.27
122,2776,2254.71
123,2776,2227.82
124,2776,2243.29
125,2776,2269.73
126,2776,2283.08
127,2776,2288.16
128,2850,2318.99
129,2850,2292.47
130,2836,2338.65
131,2821,2340.05
132,2821,2306.63
133,2821,2309.04
134,2821,2290.12
135,2821,2276.82
136,2821,2323.67
137,2821,2311.83
138,2821,2322.04
139,2818,2326.77
140,2833,2381.06
141,2833,2401.49
142,2833,2441.22
143,2833,2473.87
144,2836,2498.26
145,2837,2468.31
146,2804,2432.05
147,2790,2450.73
148,2797,2458.27
149,2817,2467.69
150,2817,2443.05
151,2809,2441.26
152,2817,2447.6
153,2743,2418.91
154,2743,2408.76
155,2785,2427.05
156,2785,2451.94
157,2768,2422.36
158,2768,2406.08
159,2768,2430.49
160,2850,2454.79
161,2850,2488.61
162,2850,2505.15
163,2850,2506.69
164,2850,2513.43
165,2833,2470.5
166,2834,2481.57
167,2834,2454.11
168,2834,2463.28
169,2834,2469.33
170,2855,2460.86
171,2855,2487.54
172,2855,2462.02
173,2806,2493.21
174,2806,2478.73
175,2833,2466.63
176,2833,2480.76
177,2850,2479.24
178,2790,2427.43
179,2855,2415.73
180,2839,2461.47
181,2793,2437.8
182,2855,2364.51
183,2803,2336.1
184,2731,2342.95
185,2759,2347.8
186,2793,2360.92
187,2817,2365.14
188,2842,2381.05
189,2842,2407.62
190,2842,2411.28
191,2836,2382.78
192,2888,2395.99
193,2888,2402.89
194,2888,2407.62
195,2883,2379.16
196,2883,2435.41
197,2890,2469.03
198,2883,2457.25
199,2838,2417.47
200,2788,2414.61
201,2788,2429.91
202,2769,2392.97
203,2797,2353.86
204,2769,2345.87
205,2788,2357.3
206,2745,2344.31
207,2745,2398.92
208,2754,2393.48
209,2773,2402.38
210,2778,2392.3
211,2804,2419.88
212,2814,2401.6
213,2794,2387.63
214,2816,2404.14
215,2834,2383.16
216,2834,2372.69
217,2834,2419.1
218,2816,2379.29
219,2816,2387.2
220,2816,2338.87
221,2816,2423.91
222,2885,2370.83
223,2885,2402.34
224,2885,2413.86
225,2809,2434.03
226,2878,2469.62
227,2882,2443.34
228,2882,2483.2
229,2878,2444.9
230,2885,2543.76
231,2885,2512.96
232,2885,2503.4
233,2885,2503.27
234,2885,2534.23
235,2885,2512.72
236,2885,2493.53
237,2885,2497.99
238,2885,2422.2
239,2885,2474.47
240,2839,2450.5
241,2839,2437.1
242,2882,2400.78
243,2839,2401.2
244,2839,2355.1
245,2839,2365.88
246,2839,2408.25
247,2895,2418.27
248,2895,2379.7
249,2882,2377.74
250,2895,2366.64
251,2895,2373.45
252,2895,2395.55
253,2895,2368.54
254,2852,2323.7
255,2852,2308.81
256,2852,2344.51
257,2852,2332.51
258,2852,2328.3
259,2895,2298.03
260,2895,2331.42
261,2852,2272.4
262,2852,2324.79
263,2852,2408.61
264,2852,2434.25
265,2895,2449.14
266,2852,2442.3
267,2895,2434.65
268,2895,2431.53
269,2852,2403.88
270,2895,2399.23
271,2895,2417.19
272,2895,2425.08
273,2895,2433.81
274,2895,2435.33
275,2895,2408.71
276,2895,2473.07
277,2895,2478.62
278,2895,2483.54
279,2895,2475.4
280,2895,2496.76
281,2852,2449.88
282,2852,2455.23
283,2783,2455.43
284,2852,2481.62
285,2852,2495.17
286,2824,2483.39
287,2845,2451.57
288,2833,2427.53
289,2839,2474.54
290,2824,2436.77
291,2824,2352.56
292,2824,2407.06
293,2767,2420.65
294,2794,2369.01
295,2794,2380.2
296,2794,2412.33
297,2794,2408.23
298,2794,2430.03
299,2833,2414.99
Population size,100
Crossover rate,0.66
Mutation rate,0.34
Random selection portion,0.03
Selection method,AForge.Genetic.RouletteWheelSelection
Diversity check,True
Iteration,FitnessMax,FitnessAvg
0,2258,1628.18
1,2218,1674.43
2,2394,1783.57
3,2341,1828.89
4,2286,1855.66
5,2293,1875.17
6,2468,1889.46
7,2520,1906.34
8,2476,1932.8
9,2476,1914.32
10,2476,1919.11
11,2476,1956.42
12,2502,1995.12
13,2673,1994.88
14,2673,1997.99
15,2476,2007.81
16,2530,1997.52
17,2542,2039.23
18,2542,2031.61
19,2530,2026.43
20,2509,2082.83
21,2555,2086.67
22,2555,2093.3
23,2555,2109.8
24,2555,2099.94
25,2607,2134.07
26,2598,2158.88
27,2667,2174.83
28,2668,2216.25
29,2668,2218.45
30,2599,2215.12
31,2644,2283.53
32,2622,2291.91
33,2693,2299.03
34,2711,2295.73
35,2715,2307.19
36,2722,2274.05
37,2722,2291.24
38,2694,2261.44
39,2694,2267.65
40,2694,2267.71
41,2718,2318.12
42,2767,2318.75
43,2767,2303.5
44,2767,2347.28
45,2767,2361.04
46,2724,2386.14
47,2766,2357.22
48,2718,2315.59
49,2661,2326.77
50,2707,2321.28
51,2767,2295.46
52,2767,2335.63
53,2879,2314.99
54,2879,2334.28
55,2753,2337.34
56,2704,2326.93
57,2830,2265.69
58,2754,2295.61
59,2754,2292.28
60,2754,2285.06
61,2787,2319.53
62,2819,2360.82
63,2819,2362.92
64,2819,2403.35
65,2819,2365.58
66,2787,2364.29
67,2771,2358.01
68,2754,2369.5
69,2773,2335.47
70,2773,2275.35
71,2773,2270.12
72,2678,2313.57
73,2678,2271.88
74,2694,2317.28
75,2707,2338.27
76,2740,2389.96
77,2857,2424.22
78,2857,2442.72
79,2857,2413.28
80,2857,2387.17
81,2857,2358.62
82,2857,2369.13
83,2797,2348.85
84,2827,2399.33
85,2840,2428.11
86,2840,2448.88
87,2840,2452.77
88,2827,2462.88
89,2827,2453.84
90,2827,2400.95
91,2827,2385.84
92,2771,2365.33
93,2804,2360.64
94,2804,2337.86
95,2739,2366.55
96,2840,2374.52
97,2840,2341.53
98,2840,2369.46
99,2790,2338.48
100,2742,2340.48
101,2742,2361.33
102,2742,2354.76
103,2742,2319.29
104,2742,2344.59
105,2742,2332.19
106,2703,2349.24
107,2720,2393.7
108,2733,2378.42
109,2713,2359.28
110,2755,2373.08
111,2742,2379.12
112,2753,2394.08
113,2742,2419.02
114,2742,2417.43
115,2746,2390.27
116,2746,2398.87
117,2742,2413.65
118,2742,2404.02
119,2742,2360.93
120,2735,2348.76
121,2735,2349.45
122,2735,2347.79
123,2735,2357.28
124,2739,2302.85
125,2735,2258.23
126,2735,2326.17
127,2671,2312.11
128,2678,2325.34
129,2816,2398.12
130,2786,2446.57
131,2786,2432.16
132,2786,2449.59
133,2780,2377.69
134,2780,2418.23
135,2836,2436.54
136,2836,2422.43
137,2836,2385.01
138,2803,2354.67
139,2803,2371.33
140,2754,2382.83
141,2756,2404.5
142,2771,2377.85
143,2802,2393.05
144,2802,2416.56
145,2802,2400.01
146,2802,2420.33
147,2787,2452.84
148,2787,2454.41
149,2787,2450.26
150,2787,2456.39
151,2802,2464.07
152,2802,2440.09
153,2890,2449.67
154,2802,2468.26
155,2809,2490.79
156,2830,2467.18
157,2830,2487.22
158,2809,2447.06
159,2862,2369.54
160,2764,2410.99
161,2773,2394.03
162,2773,2367.43
163,2809,2341.24
164,2809,2338.68
165,2830,2374.18
166,2727,2332.32
167,2730,2326.53
168,2727,2263.78
169,2766,2241.23
170,2727,2305.77
171,2727,2302.07
172,2727,2278.05
173,2774,2236.03
174,2774,2279.26
175,2788,2276.87
176,2788,2258.09
177,2788,2235.96
178,2788,2246.97
179,2788,2253.25
180,2788,2284.8
181,2760,2295.09
182,2788,2304.43
183,2788,2297.76
184,2788,2292.87
185,2794,2330.29
186,2794,2308.78
187,2831,2321.66
188,2831,2368.8
189,2828,2315.02
190,2664,2338.06
191,2722,2335.89
192,2722,2311.84
193,2681,2323.49
194,2681,2303.54
195,2681,2290.28
196,2722,2263.83
197,2660,2251.65
198,2715,2281.18
199,2715,2267.78
200,2713,2283.04
201,2722,2254.34
202,2722,2264.71
203,2722,2282.11
204,2713,2244.68
205,2713,2255.01
206,2713,2248.96
207,2713,2266.15
208,2671,2286.99
209,2696,2263.69
210,2696,2289.41
211,2822,2248.13
212,2822,2324.3
213,2822,2358.43
214,2822,2331.16
215,2822,2363.21
216,2822,2304.87
217,2816,2325.83
218,2816,2335.5
219,2816,2378.8
220,2892,2371.24
221,2805,2386.25
222,2816,2440.42
223,2833,2421.06
224,2833,2454.79
225,2859,2488.45
226,2859,2458.08
227,2859,2472.87
228,2859,2498.69
229,2859,2470.24
230,2846,2460
231,2846,2439.66
232,2846,2482.3
233,2846,2437.98
234,2846,2474.27
235,2846,2488.98
236,2846,2465.74
237,2846,2516.14
238,2846,2453.15
239,2846,2464.99
240,2846,2454.37
241,2889,2451.96
242,2889,2486.18
243,2889,2434.33
244,2855,2453.83
245,2846,2491.28
246,2859,2452.08
247,2859,2456.61
248,2859,2415.35
249,2907,2421.06
250,2859,2407.82
251,2859,2439.64
252,2907,2506.94
253,2907,2493.43
254,2907,2458.68
255,2907,2416.86
256,2907,2416.67
257,2854,2383.14
258,2776,2354.72
259,2776,2357.66
260,2840,2418.33
261,2800,2433.19
262,2875,2434.22
263,2840,2476.37
264,2914,2464.53
265,2914,2432.99
266,2914,2432.65
267,2777,2399.34
268,2895,2432.87
269,2845,2426.6
270,2845,2440.25
271,2777,2466.43
272,2888,2418.73
273,2777,2363.49
274,2777,2341.72
275,2777,2370.61
276,2756,2345.29
277,2756,2410.67
278,2794,2406.26
279,2794,2382.93
280,2794,2383.19
281,2794,2331.69
282,2794,2310.12
283,2794,2343.38
284,2794,2386.01
285,2794,2407.76
286,2794,2362.56
287,2778,2357.97
288,2743,2347.8
289,2778,2375.64
290,2778,2389.76
291,2742,2377.37
292,2742,2381.51
293,2741,2398.44
294,2762,2379.88
295,2755,2374.75
296,2707,2425.2
297,2707,2425.37
298,2819,2435.29
299,2819,2415.57
Population size,100
Crossover rate,0.51
Mutation rate,0.79
Random selection portion,0.03
Selection method,AForge.Genetic.RankSelection
Diversity check,True
Iteration,FitnessMax,FitnessAvg
0,2451,1707.99
1,2375,1825.87
2,2647,1963.94
3,2647,2031.97
4,2647,2136.15
5,2630,2247
6,2676,2298.91
7,2676,2344.06
8,2705,2411.34
9,2705,2448.48
10,2774,2466.34
11,2817,2508.57
12,2822,2551.71
13,2822,2583.35
14,2822,2601.28
15,2822,2593.7
16,2865,2650.95
17,2865,2611.85
18,2865,2615.44
19,2865,2618.34
20,2865,2681.71
21,2865,2671.35
22,2865,2705.61
23,2859,2674.66
24,2859,2621.83
25,2859,2662.01
26,2865,2702.68
27,2865,2720.8
28,2865,2663.61
29,2891,2740.53
30,2891,2751.48
31,2865,2737.3
32,2868,2702.33
33,2868,2708.54
34,2868,2744.08
35,2868,2633.93
36,2884,2722.31
37,2897,2660.32
38,2897,2799.29
39,2897,2702.15
40,2897,2684.32
41,2897,2675.16
42,2904,2702.17
43,2904,2774.57
44,2904,2791.28
45,2904,2766.91
46,2904,2745.15
47,2904,2737.98
48,2904,2762.44
49,2904,2701.91
50,2904,2739.24
51,2904,2764.15
52,2904,2817.69
53,2351,1728.94
54,2351,1886.43
55,2468,1963.83
56,2531,2029.94
57,2593,2106.14
58,2531,2183.22
59,2598,2231.85
60,2744,2277.4
61,2744,2355.53
62,2748,2377.11
63,2748,2490.09
64,2839,2550.52
65,2839,2553.27
66,2839,2620.48
67,2839,2585.4
68,2840,2609.4
69,2840,2677.01
70,2866,2673.63
71,2866,2693.23
72,2861,2638.16
73,2861,2690.6
74,2861,2669.04
75,2885,2635.54
76,2885,2707.93
77,2897,2729.34
78,2897,2737.33
79,2897,2754.91
80,2885,2756.92
81,2897,2694.08
82,2897,2778.97
83,2897,2714.75
84,2887,2750.86
85,2887,2781.75
86,2894,2755.2
87,2894,2787.41
88,2894,2764.47
89,2894,2769.79
90,2894,2775.16
91,2894,2803.52
92,2914,2790.95
93,2894,2820.57
94,2894,1791.09
95,2401,1945.8
96,2456,2064.47
97,2513,2128.1
98,2728,2220.72
99,2728,2237.12
100,2751,2346.65
101,2761,2400.39
102,2786,2361.18
103,2787,2400.49
104,2849,2502.02
105,2849,2474.56
106,2800,2550.67
107,2860,2612.6
108,2800,2591.25
109,2800,2577.37
110,2778,2604.06
111,2806,2620.65
112,2789,2654.57
113,2792,2638.6
114,2815,2614.77
115,2896,2602.76
116,2896,2635.75
117,2896,2634.65
118,2896,2632.42
119,2860,2674.42
120,2897,2665.06
121,2897,2704.79
122,2897,2707.45
123,2884,2714.38
124,2884,2697.77
125,2884,2705.62
126,2904,2741.08
127,2884,2740.34
128,2884,2763.77
129,2884,2731.09
130,2884,2761.48
131,2884,2773.29
132,2897,2750.33
133,2897,2780.38
134,2897,2780.53
135,2897,2697.83
136,2897,2747.22
137,2897,2721.9
138,2897,2794.57
139,2897,2787.63
140,2897,2730.68
141,2897,2694.58
142,2897,2654.61
143,2897,2733.1
144,2897,2795.17
145,2897,2783.8
146,2897,2776.93
147,2897,2717.26
148,2897,2814.93
149,2487,1685.48
150,2429,1833.49
151,2472,1948.21
152,2511,2065.69
153,2508,2149.05
154,2540,2221.23
155,2708,2305.09
156,2748,2324.4
157,2708,2382.17
158,2784,2404.78
159,2784,2417.92
160,2784,2471.07
161,2784,2458.02
162,2751,2493.12
163,2790,2479.41
164,2770,2520.75
165,2799,2533.44
166,2806,2602.29
167,2828,2643.44
168,2818,2621.15
169,2825,2633.72
170,2825,2673.63
171,2825,2614.8
172,2833,2667.86
173,2890,2688.52
174,2890,2686.16
175,2890,2669.97
176,2890,2742.13
177,2890,2717.81
178,2897,2718.53
179,2897,2715.3
180,2904,2717.89
181,2904,2718.3
182,2904,2684.56
183,2904,2753.94
184,2904,2750.95
185,2904,2797.19
186,2904,2717.93
187,2907,2754.22
188,2907,2680.8
189,2907,2708.24
190,2904,2681.72
191,2904,2800.88
192,2904,2767.8
193,2904,2792.15
194,2904,2702.28
195,2904,2757.24
196,2904,2789.74
197,2904,2809.8
198,2904,2814.52
199,2904,2792.54
200,2904,2788.42
201,2904,2823.65
202,2904,1726.95
203,2904,1896.14
204,2904,2070.54
205,2904,2216.97
206,2868,2274.51
207,2904,2406.67
208,2904,2487.11
209,2904,2516
210,2904,2556.97
211,2904,2581.82
212,2904,2652.92
213,2904,2686.4
214,2904,2707.18
215,2904,2746.42
216,2904,2711.5
217,2904,2703.15
218,2904,2745.17
219,2904,2780.41
220,2904,2786.18
221,2904,2784.98
222,2904,2745.89
223,2904,2693.52
224,2904,2743.86
225,2904,2660.04
226,2904,2695.78
227,2904,2706.13
228,2904,2742.48
229,2904,2679.2
230,2904,2824.99
231,2344,1841.04
232,2473,1966.39
233,2539,2103.02
234,2651,2221.46
235,2743,2311.8
236,2743,2349.74
237,2740,2360.58
238,2743,2440.34
239,2743,2437.99
240,2743,2412.58
241,2749,2520.7
242,2749,2530.23
243,2749,2523.63
244,2760,2580.33
245,2748,2552.68
246,2773,2486.49
247,2773,2559.39
248,2801,2580.91
249,2801,2577.88
250,2801,2613.36
251,2850,2566.55
252,2850,2570.61
253,2850,2593.66
254,2850,2618.72
255,2850,2663.84
256,2850,2661.45
257,2893,2628.79
258,2893,2692.68
259,2893,2658.02
260,2893,2702.22
261,2890,2668.22
262,2890,2642.81
263,2890,2671.45
264,2897,2724.62
265,2897,2681.63
266,2924,2690.75
267,2897,2660.39
268,2897,2716.56
269,2897,2735.58
270,2897,2731.09
271,2897,2738.1
272,2907,2758.74
273,2907,2754.96
274,2907,2748.55
275,2907,2759.62
276,2914,2762.48
277,2904,2741.55
278,2897,2760.09
279,2897,2800.07
280,2897,2804.31
281,2914,2790.91
282,2914,2780.86
283,2924,2802.81
284,2924,2791.51
285,2897,2733.71
286,2897,2803.45
287,2897,2810.5
288,2521,1750.74
289,2333,1906.84
290,2323,2017.87
291,2400,2059.04
292,2537,2165.88
293,2537,2256.99
294,2674,2293.03
295,2607,2330.12
296,2711,2388.93
297,2780,2439
298,2787,2474.43
299,2780,2540.3
Population size,100
Crossover rate,0.51
Mutation rate,0.79
Random selection portion,0.03
Selection method,AForge.Genetic.RankSelection
Diversity check,False
Iteration,FitnessMax,FitnessAvg
0,2590,1783.14
1,2403,1877.64
2,2461,2001.29
3,2463,2149.46
4,2598,2203.47
5,2627,2283.73
6,2588,2320.3
7,2609,2366.45
8,2770,2398.69
9,2672,2405.4
10,2808,2470.12
11,2808,2494.47
12,2820,2503.52
13,2820,2556.68
14,2815,2600.48
15,2824,2630.06
16,2824,2626.61
17,2824,2663.91
18,2815,2640.24
19,2852,2693.05
20,2852,2662.62
21,2852,2678.21
22,2924,2705.38
23,2924,2698.71
24,2885,2706.24
25,2885,2705.87
26,2885,2724.04
27,2885,2719.88
28,2885,2616.55
29,2885,2687.93
30,2880,2758.01
31,2882,2738.11
32,2882,2769.23
33,2880,2750.22
34,2880,2700.38
35,2885,2757.02
36,2885,2803.4
37,2885,2792.31
38,2913,2779.34
39,2913,2756.18
40,2914,2817.41
41,2914,2799.38
42,2907,2818.13
43,2893,2809.99
44,2914,2787.82
45,2914,2765.21
46,2914,2818.06
47,2914,2753.61
48,2890,2748.85
49,2890,2741.07
50,2890,2768.06
51,2890,2725.86
52,2880,2727.1
53,2880,2716.5
54,2880,2788.6
55,2880,2749.89
56,2893,2798.39
57,2893,2803.43
58,2880,2815.59
59,2880,2774.65
60,2880,2775.78
61,2880,2744.93
62,2880,2734.78
63,2880,2791.74
64,2880,2759.34
65,2880,2813.09
66,2882,2815.77
67,2885,2797.08
68,2885,2791.9
69,2880,2812.35
70,2880,2800.64
71,2880,2783.74
72,2880,2782.16
73,2880,2796.14
74,2880,2743.1
75,2880,2786.26
76,2880,2762.1
77,2880,2772.56
78,2893,2766.82
79,2893,2740.94
80,2893,2783.84
81,2893,2799.05
82,2893,2768.93
83,2893,2750.33
84,2893,2775.96
85,2893,2717.88
86,2893,2758.26
87,2893,2737.21
88,2893,2764.75
89,2893,2765.49
90,2893,2787.64
91,2893,2780.32
92,2893,2812.18
93,2893,2748.48
94,2893,2701.06
95,2893,2775.52
96,2893,2817.1
97,2893,2791.98
98,2893,2681.86
99,2893,2748.21
100,2893,2752.8
101,2893,2769.24
102,2907,2753.05
103,2924,2805.29
104,2924,2803.1
105,2924,2794.09
106,2924,2812.42
107,2924,2836.39
108,2924,2755.74
109,2914,2781.57
110,2914,2823.86
111,2914,2826.45
112,2914,2799.45
113,2914,2805
114,2914,2837.86
115,2914,2798.02
116,2914,2792.42
117,2914,2824.08
118,2914,2801.6
119,2914,2775.89
120,2914,2798.14
121,2914,2825.14
122,2914,2812.67
123,2914,2797.2
124,2914,2785.14
125,2914,2742.45
126,2914,2828.51
127,2914,2807.04
128,2914,2767.47
129,2914,2819.38
130,2914,2779.51
131,2914,2813.45
132,2914,2808.95
133,2914,2682.7
134,2914,2732.17
135,2914,2786.72
136,2914,2787.85
137,2914,2814.6
138,2914,2801.32
139,2914,2786.1
140,2924,2808.03
141,2924,2781.73
142,2924,2795.96
143,2924,2821.7
144,2924,2835.32
145,2924,2794.07
146,2924,2833.98
147,2924,2804.48
148,2924,2819.65
149,2924,2824.16
150,2924,2801.6
151,2924,2835.46
152,2924,2789.41
153,2924,2811.21
154,2924,2732.59
155,2924,2713.22
156,2924,2744.38
157,2924,2829.35
158,2924,2822.18
159,2924,2817.65
160,2924,2737.08
161,2924,2801.23
162,2924,2817.66
163,2924,2839.95
164,2924,2767.89
165,2924,2832.78
166,2924,2844.21
167,2924,2804.63
168,2924,2810.87
169,2924,2805.09
170,2924,2837.5
171,2924,2778.06
172,2924,2836.43
173,2924,2781.08
174,2924,2798.9
175,2924,2760.68
176,2924,2800.56
177,2924,2742.63
178,2924,2791.62
179,2924,2819.38
180,2924,2825.35
181,2924,2839.68
182,2924,2794.87
183,2924,2762.77
184,2924,2800.8
185,2924,2784.28
186,2924,2813.71
187,2924,2824.14
188,2924,2819.69
189,2924,2799.94
190,2924,2844.49
191,2924,2815.13
192,2924,2850.27
193,2924,2767.28
194,2924,2812.12
195,2924,2793.83
196,2924,2818.46
197,2924,2811.65
198,2924,2820.89
199,2924,2825.62
200,2924,2788.15
201,2924,2787.88
202,2924,2788.36
203,2924,2820.68
204,2924,2832.46
205,2924,2842.54
206,2924,2831.68
207,2924,2827.96
208,2924,2859.65
209,2924,2826.92
210,2924,2862.43
211,2924,2838.95
212,2924,2864.08
213,2924,2781.26
214,2924,2808.61
215,2924,2756.4
216,2924,2817.27
217,2924,2796.09
218,2924,2822.02
219,2924,2747.07
220,2924,2797.03
221,2924,2801.66
222,2924,2823.93
223,2924,2847.85
224,2924,2758.59
225,2924,2823.84
226,2924,2808.35
227,2924,2835.57
228,2924,2851.09
229,2924,2863.5
230,2924,2813.7
231,2924,2753.89
232,2924,2744.45
233,2924,2810.83
234,2924,2820.76
235,2924,2827.51
236,2924,2828.41
237,2924,2822.6
238,2924,2773.19
239,2924,2800.67
240,2924,2814.17
241,2924,2845.52
242,2924,2859.75
243,2924,2841.93
244,2924,2795.66
245,2924,2805.72
246,2924,2832.77
247,2924,2785.66
248,2924,2805.4
249,2924,2825.13
250,2924,2831.22
251,2924,2808.2
252,2924,2827.57
253,2924,2794.87
254,2924,2850.93
255,2924,2793.12
256,2924,2840.08
257,2924,2744.68
258,2924,2833.04
259,2924,2840.99
260,2924,2805.44
261,2924,2748.08
262,2924,2760.4
263,2924,2771.58
264,2924,2813.48
265,2924,2830.25
266,2924,2840.43
267,2924,2837.3
268,2924,2804.42
269,2924,2799.89
270,2924,2853.21
271,2924,2823
272,2924,2782.68
273,2924,2812.29
274,2924,2810
275,2924,2812.96
276,2924,2821.09
277,2924,2818.95
278,2924,2865.15
279,2924,2827.62
280,2924,2871.51
281,2924,2803.05
282,2924,2772.99
283,2924,2835.58
284,2924,2848.45
285,2924,2827.8
286,2924,2837.96
287,2924,2794.16
288,2924,2810.55
289,2924,2846.57
290,2924,2832.57
291,2924,2810.2
292,2924,2820.48
293,2924,2846.8
294,2924,2846.04
295,2924,2825.44
296,2924,2830.15
297,2924,2839.51
298,2924,2796.05
299,2924,2838.79
Population size,100
Crossover rate,0.22
Mutation rate,0.87
Random selection portion,0.03
Selection method,AForge.Genetic.EliteSelection
Diversity check,False
Iteration,FitnessMax,FitnessAvg
0,2448,1847.81
1,2448,2019.52
2,2448,2131.38
3,2500,2227.05
4,2529,2279.31
5,2578,2349.86
6,2620,2408.08
7,2652,2459.18
8,2740,2509.44
9,2793,2534.27
10,2793,2575.53
11,2793,2599.41
12,2806,2618.24
13,2820,2648.3
14,2836,2657.36
15,2836,2645.99
16,2836,2684.1
17,2836,2692.37
18,2836,2698.14
19,2841,2700.46
20,2848,2739.13
21,2848,2739.68
22,2848,2766.34
23,2848,2767.12
24,2848,2781.87
25,2848,2772.91
26,2848,2791.06
27,2848,2790.71
28,2848,2791.72
29,2848,2800.56
30,2848,2810.87
31,2848,2807.29
32,2848,2812.97
33,2848,2805.19
34,2848,2816.27
35,2848,2804.76
36,2848,2803.34
37,2848,2798.51
38,2848,2801.6
39,2848,2816.19
40,2848,2802.08
41,2848,2801.37
42,2848,2815
43,2848,2822.36
44,2848,2813.28
45,2848,2820.76
46,2848,2809.3
47,2848,2802.89
48,2848,2821.22
49,2848,2808.36
50,2848,2807.23
51,2848,2814.07
52,2848,2815.79
53,2848,2812.31
54,2848,2788.18
55,2848,2815.64
56,2848,2817.72
57,2848,2801.15
58,2848,2813.29
59,2848,2807.24
60,2848,2799.01
61,2848,2816.06
62,2848,2809.75
63,2848,2806.81
64,2848,2800.88
65,2848,2807.68
66,2848,2813.51
67,2848,2820.36
68,2848,2811.22
69,2848,2804.79
70,2848,2810.22
71,2848,2808.49
72,2848,2805.37
73,2848,2811.14
74,2848,2810.67
75,2848,2788.35
76,2848,2807.98
77,2848,2813.7
78,2848,2774.03
79,2848,2801.55
80,2848,2819.32
81,2848,2810.99
82,2848,2798.03
83,2848,2822.31
84,2848,2805.4
85,2848,2817.05
86,2848,2799.5
87,2848,2799.49
88,2848,2800.5
89,2848,2806.88
90,2848,2812.28
91,2848,2811.86
92,2848,2810.27
93,2848,2812.01
94,2848,2796.73
95,2848,2813.78
96,2848,2814.06
97,2848,2813.59
98,2848,2806.61
99,2848,2811.67
100,2848,2798.02
101,2848,2808.84
102,2848,2820.98
103,2848,2818.71
104,2848,2807.24
105,2848,2798.22
106,2848,2804.49
107,2848,2801.11
108,2848,2791.39
109,2848,2800.1
110,2848,2817.29
111,2848,2797.91
112,2848,2813.79
113,2848,2807.3
114,2848,2809.05
115,2848,2804.1
116,2848,2809.28
117,2848,2816.87
118,2848,2807.51
119,2848,2800.09
120,2848,2808.39
121,2848,2800.79
122,2848,2806.7
123,2848,2806.24
124,2848,2810.13
125,2848,2801.03
126,2848,2812.26
127,2848,2801.58
128,2848,2790.17
129,2848,2807.62
130,2848,2804.82
131,2848,2804.33
132,2848,2809.99
133,2848,2810.25
134,2848,2805.82
135,2848,2789.92
136,2848,2808.53
137,2848,2808.08
138,2848,2815.76
139,2848,2808.34
140,2848,2808.07
141,2848,2809.1
142,2848,2805.08
143,2848,2820.75
144,2848,2807.9
145,2848,2811.11
146,2848,2804.21
147,2848,2815.98
148,2848,2805.17
149,2848,2803.36
150,2848,2810.07
151,2848,2811.35
152,2848,2809.29
153,2848,2811.03
154,2848,2813.53
155,2848,2810.01
156,2848,2806.37
157,2848,2808.38
158,2848,2803.09
159,2848,2815.68
160,2848,2805.79
161,2848,2813.4
162,2848,2805.09
163,2848,2800.73
164,2848,2809.1
165,2848,2822.18
166,2848,2812.74
167,2848,2807.3
168,2848,2817.6
169,2848,2806.17
170,2848,2807.5
171,2848,2788.14
172,2848,2814.94
173,2848,2816.05
174,2848,2804.82
175,2848,2805.6
176,2848,2811.95
177,2848,2812.61
178,2848,2797.32
179,2848,2805.37
180,2848,2814.82
181,2848,2793.86
182,2848,2806.97
183,2848,2809.22
184,2848,2808.09
185,2848,2813.11
186,2848,2790.36
187,2848,2801.51
188,2848,2801.85
189,2848,2797.04
190,2848,2807.13
191,2848,2800.94
192,2848,2814.42
193,2848,2808.76
194,2848,2811.22
195,2848,2806.76
196,2848,2812.43
197,2848,2816.27
198,2848,2800.59
199,2848,2781.18
200,2848,2808.4
201,2848,2805.12
202,2848,2808.02
203,2848,2811.86
204,2848,2813.17
205,2848,2807.91
206,2848,2817.46
207,2848,2803.88
208,2848,2807.42
209,2848,2818.49
210,2848,2790.56
211,2848,2791.36
212,2848,2812.76
213,2848,2798.78
214,2848,2780.42
215,2848,2814.5
216,2848,2805.13
217,2848,2815.39
218,2848,2812
219,2848,2803.32
220,2848,2804.18
221,2848,2805.36
222,2848,2801.28
223,2848,2806.64
224,2848,2817.29
225,2848,2815.02
226,2848,2805.47
227,2848,2812.17
228,2848,2812
229,2848,2805.16
230,2848,2802.7
231,2848,2815.16
232,2848,2801.26
233,2848,2798.05
234,2848,2814.39
235,2848,2811.42
236,2848,2815.97
237,2848,2813.6
238,2848,2803.55
239,2848,2812.49
240,2848,2796.61
241,2848,2809.87
242,2848,2814.11
243,2848,2819.61
244,2848,2821.9
245,2848,2812.99
246,2848,2811.79
247,2848,2818.74
248,2848,2805.54
249,2848,2790.55
250,2848,2813.84
251,2848,2812.06
252,2848,2808.71
253,2848,2813.75
254,2848,2807.44
255,2848,2809.57
256,2848,2807.55
257,2848,2804.79
258,2848,2814.08
259,2848,2799.1
260,2848,2823.63
261,2848,2807.03
262,2848,2818.97
263,2848,2807.86
264,2848,2809.32
265,2848,2813.65
266,2848,2817.76
267,2848,2810.79
268,2848,2801.55
269,2848,2813.24
270,2848,2788.79
271,2848,2815.16
272,2848,2806.96
273,2848,2806.4
274,2848,2807.98
275,2848,2808.66
276,2848,2795.91
277,2848,2804
278,2848,2809.45
279,2848,2811.91
280,2848,2812.06
281,2848,2814.08
282,2848,2815.78
283,2848,2808.11
284,2848,2812.03
285,2848,2813.47
286,2848,2804.95
287,2848,2795.06
288,2848,2816.48
289,2848,2804.48
290,2848,2812.2
291,2848,2817.4
292,2848,2809.91
293,2848,2809.9
294,2848,2810.18
295,2848,2794.75
296,2848,2810.7
297,2848,2807.47
298,2848,2810.41
299,2848,2814.53
Population size,100
Crossover rate,0.22
Mutation rate,0.87
Random selection portion,0.03
Selection method,AForge.Genetic.EliteSelection
Diversity check,True
Iteration,FitnessMax,FitnessAvg
0,2588,1889.74
1,2588,2031.36
2,2588,2156.63
3,2588,2228.67
4,2626,2345.55
5,2656,2390.96
6,2745,2470.19
7,2787,2509.72
8,2787,2582.63
9,2787,2622.65
10,2787,2646.81
11,2827,2660.15
12,2885,2690.88
13,2885,2706.88
14,2885,2712.68
15,2885,2724.53
16,2885,2723.95
17,2885,2748.94
18,2885,2752.48
19,2885,2762.3
20,2897,2776.46
21,2904,2780.87
22,2914,2779.13
23,2914,2786.27
24,2914,2800.04
25,2914,2817.42
26,2914,2817.59
27,2914,2825.42
28,2914,2833.92
29,2914,1831.93
30,2914,2001.1
31,2914,2130.52
32,2914,2250.47
33,2924,2349.39
34,2924,2439.98
35,2924,2507.15
36,2924,2591.85
37,2924,2659.42
38,2924,2717.79
39,2924,2760.27
40,2924,2797.77
41,2924,2819.01
42,2924,2838.15
43,2924,1884.51
44,2924,2023.05
45,2924,2153.39
46,2924,2299.14
47,2924,2380.11
48,2924,2460.86
49,2924,2529.07
50,2924,2602.08
51,2924,2641.57
52,2924,2670.68
53,2924,2693.46
54,2924,2744.77
55,2924,2767.05
56,2924,2796.64
57,2924,2822.84
58,2924,2805.3
59,2924,2842.67
60,2924,1918.04
61,2924,2083.32
62,2924,2179.35
63,2924,2319.99
64,2924,2391.46
65,2924,2479.14
66,2924,2560.95
67,2924,2628.46
68,2924,2666.87
69,2924,2714.61
70,2924,2762.3
71,2924,2764.94
72,2924,2791.58
73,2924,2804.38
74,2924,2853.42
75,2924,1799.87
76,2924,2008.13
77,2924,2166.79
78,2924,2284.27
79,2924,2378.32
80,2924,2488.29
81,2924,2533.42
82,2924,2624.3
83,2924,2678.99
84,2924,2710.17
85,2924,2749.61
86,2924,2782.97
87,2924,2788.73
88,2924,2824.87
89,2924,2844.99
90,2924,1835.71
91,2924,1991.7
92,2924,2129.41
93,2924,2241.07
94,2924,2318.35
95,2924,2418.15
96,2924,2500.75
97,2924,2585.33
98,2924,2642.32
99,2924,2681.49
100,2924,2700.33
101,2924,2738.52
102,2924,2761.59
103,2924,2780.27
104,2924,2795.4
105,2924,2829.7
106,2924,2849.32
107,2924,1822.55
108,2924,1993.93
109,2924,2153.76
110,2924,2249.41
111,2924,2355.1
112,2924,2426.98
113,2924,2501.22
114,2924,2588.9
115,2924,2629.85
116,2924,2685.31
117,2924,2721.49
118,2924,2755.92
119,2924,2765.66
120,2924,2803.04
121,2924,2810.76
122,2924,2824.24
123,2924,2833.16
124,2924,2824.73
125,2924,2853.26
126,2924,1984.83
127,2924,2126.46
128,2924,2302.01
129,2924,2406.39
130,2924,2479.26
131,2924,2568.9
132,2924,2636.39
133,2924,2660.33
134,2924,2699.54
135,2924,2721.42
136,2924,2736.67
137,2924,2751.98
138,2924,2789.16
139,2924,2799.89
140,2924,2826.02
141,2924,2836.74
142,2924,1824.51
143,2924,2017.35
144,2924,2161.96
145,2924,2279.02
146,2924,2363.91
147,2924,2480.33
148,2924,2582.83
149,2924,2657.03
150,2924,2706.54
151,2924,2713.82
152,2924,2767.49
153,2924,2799.68
154,2924,2811.25
155,2924,2822.21
156,2924,2848.54
157,2924,1863.72
158,2924,2048.23
159,2924,2135.93
160,2924,2236.11
161,2924,2333.13
162,2924,2428.98
163,2924,2517.32
164,2924,2559.56
165,2924,2591.83
166,2924,2659.38
167,2924,2702.58
168,2924,2715.55
169,2924,2728.68
170,2924,2758.98
171,2924,2774.33
172,2924,2808.94
173,2924,2794.74
174,2924,2822.39
175,2924,2807.19
176,2924,2839.46
177,2924,1900.82
178,2924,2077.14
179,2924,2195.37
180,2924,2289.2
181,2924,2375.06
182,2924,2464.99
183,2924,2516.41
184,2924,2583.31
185,2924,2647.83
186,2924,2707.17
187,2924,2716.74
188,2924,2749.05
189,2924,2763.3
190,2924,2781.17
191,2924,2814.02
192,2924,2818.22
193,2924,2838.22
194,2924,1765.49
195,2924,1933.45
196,2924,2065.56
197,2924,2176.89
198,2924,2288.96
199,2924,2400.92
200,2924,2506.31
201,2924,2602.87
202,2924,2658.09
203,2924,2711.17
204,2924,2749.71
205,2924,2779.29
206,2924,2799.02
207,2924,2813.2
208,2924,2832.68
209,2924,2815.14
210,2924,2850.74
211,2924,1915.22
212,2924,2073.83
213,2924,2218.12
214,2924,2311.71
215,2924,2441.27
216,2924,2544.1
217,2924,2620.91
218,2924,2634.64
219,2924,2717.83
220,2924,2723.56
221,2924,2760.46
222,2924,2786.41
223,2924,2798.57
224,2924,2823.76
225,2924,2829.68
226,2924,2833.95
227,2924,2843.41
228,2924,1867.06
229,2924,2075.12
230,2924,2213.57
231,2924,2348.12
232,2924,2444.2
233,2924,2523.69
234,2924,2606.37
235,2924,2663.3
236,2924,2713.52
237,2924,2768.97
238,2924,2786.53
239,2924,2798.48
240,2924,2805.51
241,2924,2829.57
242,2924,2821.15
243,2924,2831.11
244,2924,2852.79
245,2924,1879.88
246,2924,2054.82
247,2924,2196.15
248,2924,2314.04
249,2924,2423.7
250,2924,2500.66
251,2924,2573.71
252,2924,2608.29
253,2924,2670.74
254,2924,2699.44
255,2924,2730.87
256,2924,2759.57
257,2924,2787.71
258,2924,2811.85
259,2924,2822.99
260,2924,2841.2
261,2924,1868.53
262,2924,2028.56
263,2924,2146.04
264,2924,2265.41
265,2924,2358.54
266,2924,2448.49
267,2924,2523.23
268,2924,2586.75
269,2924,2630.5
270,2924,2701.45
271,2924,2747.36
272,2924,2757.14
273,2924,2817.84
274,2924,2824.07
275,2924,2837.06
276,2924,1843.2
277,2924,2047.65
278,2924,2178.23
279,2924,2335
280,2924,2425.4
281,2924,2515.4
282,2924,2577.65
283,2924,2632.44
284,2924,2678.63
285,2924,2687.9
286,2924,2711.04
287,2924,2733.74
288,2924,2769.66
289,2924,2799.55
290,2924,2817.17
291,2924,2829.19
292,2924,2827.55
293,2924,2845.19
294,2924,1821.38
295,2924,2019.62
296,2924,2180.12
297,2924,2268.35
298,2924,2345.14
299,2924,2436.26
Population size,100
Crossover rate,0.22
Mutation rate,0.87
Random selection portion,0.03
Selection method,AForge.Genetic.EliteSelection
Diversity check,True
Iteration,FitnessMax,FitnessAvg
0,2474,1873.37
1,2474,2034.69
2,2631,2153.64
3,2710,2269.42
4,2710,2376.93
5,2716,2451.6
6,2727,2520.81
7,2765,2562.28
8,2765,2595.27
9,2805,2633.33
10,2828,2647.97
11,2871,2683.88
12,2871,2690.04
13,2871,2711.35
14,2877,2709.99
15,2877,2731.13
16,2877,2746.51
17,2877,2751.74
18,2878,2748.56
19,2878,2759.12
20,2890,2789.42
21,2914,2786.3
22,2914,2808.1
23,2914,2803.74
24,2914,2818.03
25,2914,2803.69
26,2914,2824.87
27,2914,2839.04
28,2914,1929.77
29,2914,2084.63
30,2914,2198.32
31,2914,2319.61
32,2914,2412.87
33,2914,2492.86
34,2914,2575.25
35,2914,2624.26
36,2914,2657.47
37,2914,2701.02
38,2914,2752.78
39,2924,2783.35
40,2924,2799.54
41,2924,2817.68
42,2924,2832.77
43,2924,2848.09
44,2924,1865.54
45,2924,2017.77
46,2924,2132.24
47,2924,2241.56
48,2924,2347.18
49,2924,2433.2
Population size,100
Crossover rate,0.22
Mutation rate,0.87
Random selection portion,0.03
Selection method,AForge.Genetic.EliteSelection
Diversity check,True
Iteration,FitnessMax,FitnessAvg
0,2397,1800.58
1,2397,1983.09
2,2440,2110.47
3,2513,2206.59
4,2650,2291.64
5,2650,2353.28
6,2711,2420.47
7,2791,2453.54
8,2791,2505.45
9,2791,2523.57
10,2791,2577.83
11,2791,2618.75
12,2791,2625.54
13,2809,2649.38
14,2809,2682.56
15,2842,2695.86
16,2881,2717.57
17,2881,2744.03
18,2881,2732.58
19,2881,2745.98
20,2881,2754.27
21,2882,2762.27
22,2882,2774.5
23,2904,2767.02
24,2904,2791.02
25,2904,2796.18
26,2907,2814.92
27,2924,2807.19
28,2924,2827.05
29,2924,2843.89
