Population size,100
Crossover rate,0.66
Mutation rate,0.34
Random selection portion,0.03
Selection method,AForge.Genetic.RouletteWheelSelection
Diversity check,False
Iteration,FitnessMax,FitnessAvg
0,1737,1118.52
1,1737,1182.11
2,1740,1187.43
3,1737,1222.22
4,1737,1228.86
5,1737,1275.71
6,1737,1332.57
7,1737,1319.72
8,1737,1317.57
9,1809,1354.44
10,1738,1342.37
11,1729,1360.41
12,1729,1333.02
13,1788,1356.58
14,1729,1358.52
15,1729,1370.86
16,1729,1379.07
17,1892,1361.68
18,1685,1370.23
19,1685,1369.44
20,1750,1394.07
21,1750,1407.92
22,1750,1401.58
23,1760,1424.95
24,1790,1381.2
25,1750,1424.8
26,1750,1424.97
27,1739,1397.73
28,1850,1371.21
29,1850,1414.34
30,1760,1385.21
31,1766,1398.38
32,1766,1404.82
33,1766,1394.2
34,1832,1361.93
35,1892,1375.26
36,1832,1346.31
37,1760,1369.79
38,1760,1402.57
39,1760,1376.93
40,1772,1396.25
41,1689,1409.16
42,1738,1412.37
43,1738,1402.31
44,1738,1417.12
45,1749,1464.94
46,1753,1439.97
47,1822,1437.28
48,1822,1470.96
49,1822,1515.06
50,1809,1489.27
51,1819,1473.23
52,1819,1504.31
53,1793,1535.67
54,1807,1527.35
55,1824,1500.68
56,1824,1511.82
57,1815,1486.07
58,1778,1495.09
59,1763,1493.8
60,1790,1479.84
61,1790,1481.05
62,1790,1474.41
63,1790,1463.09
64,1838,1452.35
65,1781,1455.34
66,1850,1460.84
67,1810,1430.97
68,1717,1427.62
69,1750,1444.05
70,1807,1438.84
71,1807,1489.84
72,1807,1456.98
73,1817,1456.07
74,1759,1427.36
75,1913,1456.06
76,1914,1485.41
77,1914,1469.48
78,1914,1479
79,1914,1472.71
80,1914,1481.3
81,1854,1512.82
82,1905,1514.05
83,1905,1500.03
84,1862,1499.63
85,1862,1540.19
86,1933,1545.39
87,1933,1547.15
88,1870,1543.52
89,1870,1469.44
90,1870,1511.66
91,1870,1517.52
92,1870,1499.93
93,1870,1530.86
94,1870,1507.38
95,1913,1553.97
96,1913,1539.2
97,1913,1537.67
98,1913,1589.11
99,1913,1596.35
100,1913,1603.78
101,1913,1594.96
102,1913,1614
103,1953,1585.29
104,1953,1574.39
105,1953,1561.41
106,1870,1555.56
107,1870,1553.12
108,1870,1577.39
109,1870,1560.55
110,1890,1555.48
111,1851,1550.94
112,1870,1498.88
113,1905,1532.65
114,1913,1564.96
115,1913,1580.56
116,1913,1596.73
117,1905,1594.83
118,1905,1626.91
119,1905,1611.27
120,1905,1573.17
121,1914,1573.21
122,1914,1592.13
123,1934,1619.17
124,1934,1651.54
125,1953,1669.62
126,1934,1653.34
127,1934,1606.01
128,1953,1586.14
129,1953,1604.68
130,1953,1559.59
131,1953,1540.31
132,1953,1543.87
133,1953,1532.99
134,1853,1595.49
135,1853,1578.09
136,1853,1585.59
137,1905,1566.33
138,1893,1549.89
139,1893,1550.04
140,1905,1560.79
141,1905,1558.38
142,1862,1544.83
143,1894,1571.46
144,1894,1562.13
145,1905,1537.66
146,1849,1532.97
147,1848,1558.92
148,1914,1556.77
149,1896,1550.05
150,1896,1565.26
151,1896,1572.09
152,1839,1573.89
153,1905,1569.76
154,1848,1575.8
155,1848,1537.61
156,1848,1550.47
157,1905,1532.33
158,1836,1561.85
159,1874,1547.02
160,1905,1540.25
161,1905,1573.13
162,1944,1612.56
163,1944,1604.96
164,1944,1615.67
165,1944,1626.5
166,1944,1612.73
167,1944,1653.04
168,1944,1663.27
169,1944,1648.27
170,1944,1608.36
171,1877,1618.97
172,1862,1592.21
173,1905,1582.05
174,1881,1608.61
175,1944,1604.87
176,1944,1630.6
177,1944,1649.03
178,1944,1623.69
179,1944,1625.39
180,1944,1617.96
181,1944,1640.51
182,1901,1640.36
183,1894,1610.1
184,1896,1648.31
185,1914,1645.6
186,1914,1646.61
187,1896,1616.15
188,1953,1595.71
189,1953,1578.19
190,1953,1554.88
191,1896,1537.94
192,1953,1564.71
193,1953,1584.91
194,1953,1587.95
195,1953,1605.29
196,1953,1619.03
197,1953,1671.07
198,1953,1668.29
199,1953,1654.75
200,1953,1656.55
201,1953,1643.67
202,1953,1624.45
203,1953,1621.16
204,1914,1604.84
205,1944,1607.4
206,1901,1631.55
207,1901,1663.57
208,1901,1677.75
209,1901,1678.78
210,1901,1679.73
211,1914,1737.9
212,1914,1726.23
213,1944,1708.12
214,1944,1716.15
215,1914,1700.24
216,1914,1688.47
217,1914,1725.09
218,1944,1732.87
219,1944,1734.91
220,1944,1710.39
221,1944,1714.56
222,1944,1676.38
223,1944,1705.92
224,1901,1715.59
225,1901,1668.14
226,1893,1646.26
227,1914,1709.12
228,1914,1704.5
229,1914,1679.65
230,1914,1677.49
231,1901,1704.5
232,1901,1675.34
233,1901,1669.7
234,1901,1663.09
235,1901,1660.48
236,1901,1628.65
237,1901,1632.93
238,1901,1621.24
239,1901,1632.82
240,1901,1620.47
241,1944,1632.7
242,1901,1624.21
243,1901,1634.69
244,1862,1637.51
245,1905,1594.91
246,1905,1610.44
247,1944,1602.18
248,1944,1586.24
249,1944,1542.67
250,1944,1541.27
251,1944,1562.31
252,1944,1571.99
253,1944,1549.09
254,1944,1588.62
255,1944,1598.02
256,1944,1595.89
257,1944,1634.36
258,1944,1652.32
259,1882,1665.88
260,1934,1606.31
261,1934,1596.2
262,1934,1600.17
263,1845,1563.5
264,1884,1572.82
265,1884,1571.59
266,1884,1566.83
267,1854,1564.52
268,1854,1557.78
269,1854,1525.17
270,1854,1503.4
271,1877,1496.5
272,1877,1518.4
273,1877,1534.96
274,1838,1500.24
275,1841,1490.93
276,1852,1493.97
277,1797,1506.72
278,1793,1513.21
279,1817,1508.58
280,1797,1521.08
281,1818,1523.7
282,1841,1502.6
283,1841,1486.12
284,1841,1516.94
285,1802,1496.9
286,1802,1491.78
287,1802,1539.65
288,1822,1518.62
289,1860,1482.51
290,1860,1477.37
291,1860,1482.91
292,1854,1531.92
293,1854,1554.46
294,1849,1562.11
295,1849,1594.61
296,1849,1578.15
297,1849,1527.47
298,1854,1513.42
299,1884,1528.63
Population size,100
Crossover rate,0.66
Mutation rate,0.34
Random selection portion,0.03
Selection method,AForge.Genetic.RouletteWheelSelection
Diversity check,True
Iteration,FitnessMax,FitnessAvg
0,1501,1111.17
1,1669,1184.49
2,1656,1185.83
3,1685,1199.92
4,1691,1204.9
5,1726,1268.94
6,1873,1330.67
7,1873,1382.47
8,1873,1348.97
9,1873,1372.83
10,1873,1391.01
11,1873,1423.57
12,1873,1453.99
13,1933,1432.62
14,1933,1456.47
15,1933,1459.47
16,1933,1497.97
17,1933,1513.1
18,1933,1512.16
19,1933,1518
20,1933,1489.09
21,1874,1454.35
22,1874,1495.87
23,1874,1469.5
24,1933,1474.28
25,1933,1489.17
26,1874,1479.73
27,1874,1479.48
28,1874,1490.15
29,1874,1491.04
30,1811,1490.89
31,1828,1478.61
32,1874,1472.17
33,1832,1423.38
34,1832,1438.12
35,1832,1475.25
36,1874,1507.65
37,1874,1508.52
38,1891,1511.12
39,1890,1511.58
40,1882,1479.41
41,1882,1478.08
42,1882,1521.08
43,1934,1514.19
44,1934,1519.88
45,1882,1543.07
46,1882,1566.78
47,1882,1590.88
48,1882,1584.79
49,1887,1559.59
50,1887,1544.31
51,1887,1551.83
52,1884,1587.9
53,1882,1586.75
54,1882,1556.83
55,1882,1515.75
56,1884,1524.38
57,1884,1546.61
58,1882,1537.95
59,1944,1550.18
60,1882,1578.15
61,1839,1558.31
62,1884,1534.04
63,1882,1561.27
64,1882,1563.51
65,1882,1522.92
66,1882,1519.71
67,1882,1510.13
68,1934,1575.72
69,1934,1589.76
70,1934,1565.96
71,1934,1582.87
72,1839,1579.88
73,1882,1594.57
74,1882,1591.39
75,1882,1584.26
76,1884,1576.05
77,1884,1570.77
78,1901,1559.14
79,1901,1542.36
80,1905,1552.72
81,1905,1586.99
82,1864,1566.48
83,1901,1575.75
84,1944,1598.07
85,1944,1628.49
86,1903,1601.79
87,1903,1585.62
88,1905,1599.52
89,1905,1604.56
90,1934,1627.17
91,1934,1633.08
92,1953,1632.39
93,1934,1604.07
94,1934,1618.13
95,1953,1627.07
96,1953,1619.66
97,1953,1624.09
98,1934,1625.14
99,1901,1623.59
100,1944,1603.78
101,1944,1619.51
102,1944,1619.96
103,1944,1665.06
104,1944,1675
105,1953,1683.39
106,1944,1683.09
107,1944,1699.06
108,1944,1660.86
109,1944,1659.84
110,1944,1657.78
111,1953,1693.47
112,1953,1661.7
113,1944,1659.47
114,1944,1669.57
115,1944,1657.65
116,1953,1663.95
117,1953,1641.98
118,1953,1652.26
119,1953,1672.45
120,1953,1670.08
121,1953,1670.55
122,1953,1646.87
123,1953,1621.07
124,1953,1648.69
125,1953,1618.37
126,1953,1604.18
127,1953,1600.94
128,1953,1572.11
129,1953,1548.37
130,1953,1560.81
131,1953,1570.89
132,1953,1614.91
133,1901,1611.51
134,1901,1619.1
135,1896,1614.75
136,1884,1616.83
137,1884,1604.65
138,1845,1608.21
139,1884,1569.73
140,1884,1578.23
141,1896,1601.65
142,1896,1606.85
143,1896,1590.26
144,1896,1570.24
145,1896,1562.44
146,1891,1558.46
147,1891,1557.72
148,1891,1539.95
149,1953,1562.77
150,1953,1560.08
151,1953,1556.04
152,1953,1545.6
153,1953,1563.92
154,1953,1574.83
155,1953,1584.41
156,1953,1564.72
157,1953,1595.72
158,1953,1578.16
159,1953,1587
160,1953,1559.04
161,1953,1587.26
162,1953,1599.34
163,1840,1591.43
164,1840,1560.7
165,1840,1551.36
166,1841,1546.76
167,1841,1531.45
168,1801,1526.85
169,1801,1555.67
170,1841,1542.45
171,1838,1545.97
172,1838,1556.75
173,1901,1558.7
174,1901,1573.34
175,1901,1553.85
176,1901,1547.03
177,1901,1555.24
178,1901,1552.36
179,1881,1584.71
180,1901,1554.68
181,1901,1585.37
182,1890,1548.78
183,1873,1584.16
184,1878,1569.73
185,1953,1591.58
186,1953,1605.49
187,1953,1595.73
188,1953,1569.69
189,1953,1559
190,1953,1562.64
191,1953,1542.2
192,1896,1560.34
193,1944,1563.07
194,1944,1588.05
195,1944,1600.39
196,1944,1560.78
197,1887,1574.11
198,1896,1552.79
199,1896,1580.39
200,1896,1579.3
201,1896,1620.07
202,1896,1619.77
203,1896,1587.41
204,1953,1598.87
205,1953,1528.73
206,1896,1553.38
207,1896,1569.37
208,1896,1575.38
209,1838,1588.85
210,1862,1580.62
211,1862,1577.44
212,1914,1570.35
213,1862,1558.74
214,1820,1594.67
215,1821,1571.68
216,1838,1574.93
217,1841,1553.28
218,1838,1528.68
219,1821,1524.02
220,1870,1515.96
221,1870,1523.19
222,1914,1557.53
223,1914,1562.7
224,1890,1582.44
225,1890,1592.51
226,1953,1550.24
227,1953,1553.95
228,1890,1552.76
229,1953,1607.1
230,1953,1599.04
231,1953,1596.83
232,1953,1607.76
233,1953,1621.1
234,1893,1572.81
235,1953,1581.63
236,1953,1578.44
237,1901,1578.47
238,1896,1582.03
239,1953,1560.63
240,1953,1594.51
241,1896,1590.61
242,1896,1581.98
243,1953,1606.95
244,1953,1616.01
245,1953,1587.58
246,1953,1602.61
247,1953,1592.75
248,1953,1615.05
249,1953,1625.85
250,1932,1649.04
251,1932,1656.83
252,1932,1639.05
253,1932,1636.72
254,1932,1651.66
255,1932,1630.48
256,1932,1646.44
257,1953,1632.72
258,1932,1593.87
259,1932,1588.21
260,1932,1591.72
261,1932,1603.62
262,1932,1598.81
263,1953,1615.77
264,1932,1600.9
265,1913,1620.06
266,1944,1628.79
267,1944,1623.46
268,1944,1654.88
269,1944,1633.4
270,1933,1569.2
271,1933,1624.82
272,1944,1572.04
273,1944,1622.87
274,1944,1638.54
275,1944,1622.81
276,1944,1635.48
277,1944,1624.08
278,1944,1591.1
279,1944,1555.3
280,1944,1585.29
281,1944,1564.68
282,1905,1548.78
283,1887,1540.64
284,1887,1526.81
285,1944,1522.65
286,1944,1533.19
287,1933,1549.86
288,1933,1535.65
289,1933,1526.98
290,1944,1592.36
291,1944,1636.42
292,1944,1610.53
293,1944,1591.03
294,1944,1611.93
295,1944,1645.37
296,1944,1667.82
297,1944,1650.23
298,1944,1652.95
299,1944,1660.63
Population size,100
Crossover rate,0.51
Mutation rate,0.79
Random selection portion,0.03
Selection method,AForge.Genetic.RankSelection
Diversity check,True
Iteration,FitnessMax,FitnessAvg
0,1674,1225
1,1651,1369.34
2,1710,1443.25
3,1747,1500.23
4,1728,1497.45
5,1739,1539.28
6,1841,1568.76
7,1894,1619.12
8,1841,1622.79
9,1841,1638.8
10,1841,1618.65
11,1880,1679.6
12,1880,1706.28
13,1887,1724.68
14,1880,1696.73
15,1880,1690.13
16,1880,1731.15
17,1905,1759.15
18,1932,1752.6
19,1932,1761.27
20,1933,1781.17
21,1933,1790.86
22,1944,1799.25
23,1944,1818.51
24,1944,1808.01
25,1944,1807.52
26,1944,1808.76
27,1944,1838.74
28,1944,1853.43
29,1944,1840.91
30,1944,1846.83
31,1944,1847.78
32,1953,1843.54
33,1953,1847.23
34,1953,1847.94
35,1953,1823.52
36,1953,1841.55
37,1953,1839.14
38,1953,1868.75
39,1953,1858.74
40,1953,1878.94
41,1953,1871.31
42,1953,1844.43
43,1953,1863.53
44,1953,1872.26
45,1953,1836.79
46,1953,1820.73
47,1953,1839.65
48,1953,1874.12
49,1953,1878.57
50,1953,1872.89
51,1953,1882.51
52,1953,1866.43
53,1953,1855.03
54,1953,1832.85
55,1953,1852.16
56,1953,1895.48
57,1953,1207.31
58,1953,1327.65
59,1953,1440.55
60,1953,1486.65
61,1953,1561.84
62,1896,1561.91
63,1896,1597.35
64,1896,1669.62
65,1953,1700.64
66,1896,1714.96
67,1934,1752.06
68,1953,1782.87
69,1953,1815.72
70,1953,1823.81
71,1953,1824.42
72,1953,1832.82
73,1953,1848.31
74,1953,1851.07
75,1953,1839.89
76,1953,1839.8
77,1953,1847.57
78,1953,1891.53
79,1953,1865.37
80,1953,1848.98
81,1953,1899.56
82,1953,1132.42
83,1953,1233
84,1953,1350.87
85,1953,1410.91
86,1776,1445.74
87,1807,1493.77
88,1934,1545.48
89,1934,1643.91
90,1934,1700.33
91,1934,1744.37
92,1953,1770.52
93,1934,1782.71
94,1953,1824.35
95,1953,1841.05
96,1953,1841.31
97,1953,1847.16
98,1953,1854.32
99,1953,1857.34
100,1953,1844.93
101,1953,1871.57
102,1953,1881.5
103,1953,1889.82
104,1953,1881.35
105,1953,1874.71
106,1953,1867.82
107,1953,1866.52
108,1953,1866.34
109,1953,1874.52
110,1953,1855.19
111,1953,1833.54
112,1953,1881.05
113,1953,1883.51
114,1953,1873.68
115,1953,1875.54
116,1953,1878.22
117,1953,1884.23
118,1953,1881.69
119,1953,1869.74
120,1953,1882.44
121,1953,1900.36
122,1554,1121.08
123,1703,1230.59
124,1703,1316.23
125,1725,1374.1
126,1698,1401.49
127,1715,1476.87
128,1748,1540.13
129,1804,1581.95
130,1804,1630.26
131,1864,1631.32
132,1833,1644.21
133,1821,1644.77
134,1860,1682.8
135,1860,1679.78
136,1864,1701.92
137,1864,1709.96
138,1864,1718.73
139,1864,1725.38
140,1914,1756.1
141,1914,1763.1
142,1953,1749.75
143,1953,1742.22
144,1953,1783.41
145,1953,1784.63
146,1953,1800.77
147,1953,1776.89
148,1953,1796.02
149,1953,1824.66
150,1953,1804.62
151,1953,1841.46
152,1953,1854.94
153,1953,1833.91
154,1953,1861.6
155,1953,1868.81
156,1953,1857.37
157,1953,1862.27
158,1953,1868.15
159,1953,1877.81
160,1953,1893.95
161,1953,1899.5
162,1619,1143.63
163,1685,1265.83
164,1742,1383.09
165,1742,1441.08
166,1805,1497.47
167,1820,1562.16
168,1820,1606.88
169,1820,1633.06
170,1805,1668.6
171,1823,1680.98
172,1877,1722.86
173,1901,1732.69
174,1890,1739.91
175,1901,1749.51
176,1901,1752.27
177,1953,1776.35
178,1953,1758.34
179,1953,1798.76
180,1953,1805.66
181,1953,1831.93
182,1953,1834.84
183,1953,1841.9
184,1953,1837.48
185,1953,1859.17
186,1953,1850.88
187,1953,1843.75
188,1953,1858.24
189,1953,1866.62
190,1953,1888.9
191,1953,1879.3
192,1953,1829.37
193,1953,1883.54
194,1953,1886.29
195,1953,1875.82
196,1953,1885.13
197,1953,1880.09
198,1953,1858.11
199,1953,1887.44
200,1953,1880.88
201,1953,1891.78
202,1953,1903.81
203,1953,1210.88
204,1953,1362.55
205,1901,1438.95
206,1896,1508.17
207,1896,1570.46
208,1896,1626.45
209,1896,1660.63
210,1896,1658.43
211,1953,1690.34
212,1953,1725.25
213,1953,1737.3
214,1953,1774.65
215,1953,1807.77
216,1953,1827.12
217,1953,1824.01
218,1953,1835.89
219,1953,1851.96
220,1953,1850.18
221,1953,1844.66
222,1953,1878.43
223,1953,1866.82
224,1953,1883.29
225,1953,1896.38
226,1953,1113.64
227,1738,1230.68
228,1738,1314.09
229,1699,1373.37
230,1699,1426.73
231,1731,1473.71
232,1818,1533.74
233,1818,1521.05
234,1777,1558.34
235,1798,1575.05
236,1798,1608.47
237,1837,1639.33
238,1837,1625.61
239,1873,1671.03
240,1873,1708.68
241,1953,1707.61
242,1953,1741.25
243,1953,1746.93
244,1953,1750.76
245,1953,1773.23
246,1953,1779.35
247,1953,1775.81
248,1953,1797.86
249,1953,1813.8
250,1953,1812.26
251,1953,1816.69
252,1953,1797.85
253,1953,1823.66
254,1953,1827.02
255,1953,1854.42
256,1953,1864.21
257,1953,1876.03
258,1953,1822.83
259,1953,1879.67
260,1953,1854.26
261,1953,1851.55
262,1953,1866.35
263,1953,1836.73
264,1953,1853.69
265,1953,1891.86
266,1953,1870.94
267,1953,1891.81
268,1953,1837.96
269,1953,1880.12
270,1953,1852.47
271,1953,1882.54
272,1953,1897.15
273,1953,1229.25
274,1891,1376.82
275,1891,1460.22
276,1891,1467.31
277,1891,1532.04
278,1891,1594.71
279,1891,1608.55
280,1891,1657.37
281,1891,1656.29
282,1891,1671.84
283,1891,1708.49
284,1934,1702.85
285,1934,1727.56
286,1953,1745.24
287,1953,1754.7
288,1953,1789.04
289,1953,1801.9
290,1953,1811
291,1953,1826.3
292,1953,1838.86
293,1953,1852.7
294,1953,1859.57
295,1953,1866.32
296,1953,1883.81
297,1953,1870.45
298,1953,1860.79
299,1953,1859.31
Population size,100
Crossover rate,0.51
Mutation rate,0.79
Random selection portion,0.03
Selection method,AForge.Genetic.RankSelection
Diversity check,False
Iteration,FitnessMax,FitnessAvg
0,1732,1195.4
1,1732,1276.75
2,1679,1368.13
3,1741,1393.4
4,1735,1449.65
5,1741,1499.72
6,1841,1537.95
7,1747,1541.98
8,1841,1619.34
9,1832,1637.18
10,1832,1678.75
11,1882,1715.44
12,1891,1709.84
13,1944,1698.37
14,1891,1712.88
15,1944,1722.32
16,1944,1756.1
17,1944,1744.88
18,1944,1791.81
19,1953,1791.1
20,1953,1798.72
21,1953,1823.13
22,1953,1851.47
23,1953,1850.76
24,1953,1855.04
25,1953,1860.93
26,1953,1866.58
27,1953,1860.52
28,1944,1862.45
29,1944,1880.14
30,1944,1850.65
31,1944,1883.05
32,1944,1858.17
33,1944,1869.22
34,1944,1876.09
35,1953,1863.55
36,1953,1885.25
37,1944,1886.56
38,1944,1890.02
39,1953,1891.44
40,1953,1871.84
41,1953,1879.61
42,1953,1887.54
43,1953,1871.14
44,1953,1881.42
45,1953,1892.03
46,1953,1856.31
47,1953,1857.09
48,1953,1872.29
49,1953,1848.33
50,1953,1824.24
51,1953,1880.08
52,1953,1859.53
53,1953,1885.7
54,1953,1854.77
55,1953,1866.08
56,1953,1836.95
57,1953,1858.54
58,1953,1866.78
59,1953,1841.39
60,1953,1875.13
61,1953,1880.66
62,1953,1825.29
63,1953,1855.12
64,1953,1872.1
65,1953,1871.44
66,1953,1879.99
67,1953,1889.43
68,1953,1878.61
69,1953,1882.17
70,1953,1873.01
71,1953,1882.26
72,1953,1885.01
73,1953,1896.94
74,1953,1894.68
75,1953,1885.02
76,1953,1863.7
77,1953,1887.2
78,1953,1901.37
79,1953,1883.43
80,1953,1887.14
81,1953,1897.91
82,1953,1877.07
83,1953,1850.12
84,1953,1846.28
85,1953,1887.25
86,1953,1890.71
87,1953,1891.17
88,1953,1881.33
89,1953,1889.69
90,1953,1892.06
91,1953,1900.38
92,1953,1904.04
93,1953,1874.75
94,1953,1867.43
95,1953,1893.42
96,1953,1902.4
97,1953,1873.31
98,1953,1896.41
99,1953,1903.65
100,1953,1906.65
101,1953,1871.99
102,1953,1905.79
103,1953,1906.74
104,1953,1895.4
105,1953,1898.82
106,1953,1900.05
107,1953,1902.59
108,1953,1868.68
109,1953,1877.47
110,1953,1877.6
111,1953,1869.97
112,1953,1887.89
113,1953,1902.66
114,1953,1886.56
115,1953,1903.45
116,1953,1897.27
117,1953,1876.14
118,1953,1861.48
119,1953,1853.7
120,1953,1887.47
121,1953,1896.18
122,1953,1871.88
123,1953,1876.83
124,1953,1879.23
125,1953,1906.78
126,1953,1889.7
127,1953,1893.35
128,1953,1877.99
129,1953,1873.52
130,1953,1865.8
131,1953,1894
132,1953,1895.36
133,1953,1904.31
134,1953,1905.22
135,1953,1893.84
136,1953,1900.24
137,1953,1889.62
138,1953,1861.36
139,1953,1881.61
140,1953,1887.81
141,1953,1876.3
142,1953,1838.63
143,1953,1894.15
144,1953,1895.85
145,1953,1862.69
146,1953,1887.82
147,1953,1864.51
148,1953,1883.11
149,1953,1890.22
150,1953,1904.22
151,1953,1845.08
152,1953,1890.86
153,1953,1900.89
154,1953,1904.94
155,1953,1894.48
156,1953,1896.21
157,1953,1883.45
158,1953,1881.25
159,1953,1876.58
160,1953,1885.07
161,1953,1895
162,1953,1895.48
163,1953,1903.82
164,1953,1879.34
165,1953,1888.12
166,1953,1890.8
167,1953,1886.52
168,1953,1877.92
169,1953,1891.13
170,1953,1883.96
171,1953,1896.55
172,1953,1897.6
173,1953,1855.02
174,1953,1876.71
175,1953,1902.81
176,1953,1887.41
177,1953,1900.94
178,1953,1885.48
179,1953,1883.01
180,1953,1890.31
181,1953,1891.45
182,1953,1872.51
183,1953,1895.65
184,1953,1895.58
185,1953,1894.19
186,1953,1890.82
187,1953,1884.27
188,1953,1897.57
189,1953,1886.68
190,1953,1896.87
191,1953,1881.79
192,1953,1881.19
193,1953,1886.06
194,1953,1902.42
195,1953,1891.79
196,1953,1904.95
197,1953,1898.66
198,1953,1897.01
199,1953,1873.33
200,1953,1882.37
201,1953,1894.01
202,1953,1874.24
203,1953,1897.59
204,1953,1874.52
205,1953,1908.63
206,1953,1902.66
207,1953,1904.47
208,1953,1905.17
209,1953,1902.1
210,1953,1895.69
211,1953,1879.61
212,1953,1892.21
213,1953,1900.5
214,1953,1893.01
215,1953,1895.93
216,1953,1908.87
217,1953,1882.04
218,1953,1881.54
219,1953,1867.16
220,1953,1896.51
221,1953,1850.28
222,1953,1876.85
223,1953,1895.45
224,1953,1897.14
225,1953,1896.78
226,1953,1900.45
227,1953,1880.43
228,1953,1896.33
229,1953,1885.76
230,1953,1892.79
231,1953,1903.45
232,1953,1900.59
233,1953,1872.28
234,1953,1886.64
235,1953,1876.69
236,1953,1885.46
237,1953,1870.65
238,1953,1874.31
239,1953,1887.31
240,1953,1902.93
241,1953,1887.34
242,1953,1879.06
243,1953,1899.87
244,1953,1899.92
245,1953,1893.78
246,1953,1908.08
247,1953,1897.42
248,1953,1893.42
249,1953,1879.08
250,1953,1879.47
251,1953,1883.79
252,1953,1875.75
253,1953,1884.38
254,1953,1888.93
255,1953,1893.28
256,1953,1851.74
257,1953,1885.65
258,1953,1877.87
259,1953,1870.21
260,1953,1896.82
261,1953,1905.85
262,1953,1880.87
263,1953,1882.32
264,1953,1877.54
265,1953,1879.23
266,1953,1882.16
267,1953,1887.17
268,1953,1909
269,1953,1907.39
270,1953,1904.33
271,1953,1897.39
272,1953,1862.87
273,1953,1878.76
274,1953,1888.13
275,1953,1908.17
276,1953,1884.77
277,1953,1891.59
278,1953,1897.43
279,1953,1879.2
280,1953,1891.28
281,1953,1875.69
282,1953,1896.27
283,1953,1864.84
284,1953,1894.93
285,1953,1889.01
286,1953,1895.92
287,1953,1862.12
288,1953,1876.48
289,1953,1865.47
290,1953,1890.83
291,1953,1866.34
292,1953,1872.76
293,1953,1890.65
294,1953,1890.06
295,1953,1899.83
296,1953,1896.21
297,1953,1904.07
298,1953,1904.72
299,1953,1892.67
Population size,100
Crossover rate,0.22
Mutation rate,0.87
Random selection portion,0.03
Selection method,AForge.Genetic.EliteSelection
Diversity check,False
Iteration,FitnessMax,FitnessAvg
0,1608,1253.58
1,1641,1371.51
2,1684,1443.9
3,1687,1513.09
4,1743,1569.12
5,1761,1592.02
6,1786,1630.33
7,1837,1645.42
8,1837,1665.3
9,1857,1691.18
10,1870,1710.7
11,1870,1733.78
12,1892,1749.35
13,1892,1762.8
14,1933,1775.01
15,1933,1793.31
16,1944,1798.11
17,1944,1811.83
18,1953,1823.23
19,1953,1838.22
20,1953,1839.08
21,1953,1851.43
22,1953,1869.88
23,1953,1878.54
24,1953,1879.07
25,1953,1900.44
26,1953,1904.16
27,1953,1910.89
28,1953,1905.94
29,1953,1917.94
30,1953,1915.5
31,1953,1920.8
32,1953,1916.62
33,1953,1929.16
34,1953,1924.42
35,1953,1919.6
36,1953,1919.85
37,1953,1920.83
38,1953,1926.65
39,1953,1921.02
40,1953,1925.64
41,1953,1929.21
42,1953,1918.92
43,1953,1919.13
44,1953,1925.45
45,1953,1929.71
46,1953,1921.28
47,1953,1929.13
48,1953,1930.32
49,1953,1928.73
50,1953,1922.59
51,1953,1923.65
52,1953,1926.64
53,1953,1931.76
54,1953,1927.8
55,1953,1928.34
56,1953,1928.9
57,1953,1930.82
58,1953,1920.18
59,1953,1924.84
60,1953,1929.01
61,1953,1923.89
62,1953,1924.26
63,1953,1929.79
64,1953,1921.5
65,1953,1930.04
66,1953,1922.61
67,1953,1930.79
68,1953,1921.6
69,1953,1924
70,1953,1928.95
71,1953,1928.55
72,1953,1924.3
73,1953,1925.75
74,1953,1921.28
75,1953,1920.33
76,1953,1920.36
77,1953,1924.87
78,1953,1926.12
79,1953,1922.41
80,1953,1927.25
81,1953,1927.08
82,1953,1917.94
83,1953,1924.31
84,1953,1923.17
85,1953,1929.36
86,1953,1934.23
87,1953,1917.59
88,1953,1921.23
89,1953,1926.39
90,1953,1918.94
91,1953,1917.35
92,1953,1927.51
93,1953,1933.4
94,1953,1916.24
95,1953,1923.43
96,1953,1923.41
97,1953,1911.7
98,1953,1927.39
99,1953,1925.23
100,1953,1925.48
101,1953,1916.33
102,1953,1932.78
103,1953,1921.78
104,1953,1928.97
105,1953,1922.62
106,1953,1923.6
107,1953,1925.32
108,1953,1925.73
109,1953,1925.55
110,1953,1923.63
111,1953,1928.73
112,1953,1926.14
113,1953,1923.33
114,1953,1932.56
115,1953,1927.99
116,1953,1926.19
117,1953,1917.46
118,1953,1921.34
119,1953,1926.47
120,1953,1926.49
121,1953,1931.36
122,1953,1929.16
123,1953,1926.09
124,1953,1923.39
125,1953,1929.77
126,1953,1920.37
127,1953,1931.36
128,1953,1918.81
129,1953,1921.77
130,1953,1928.87
131,1953,1924.04
132,1953,1925.58
133,1953,1925.95
134,1953,1930.48
135,1953,1924.51
136,1953,1921.45
137,1953,1930.67
138,1953,1928.68
139,1953,1918.55
140,1953,1934.1
141,1953,1924.46
142,1953,1919.71
143,1953,1918.86
144,1953,1916.48
145,1953,1927.92
146,1953,1931.37
147,1953,1928.28
148,1953,1931.1
149,1953,1927.71
150,1953,1922.09
151,1953,1922.01
152,1953,1914.66
153,1953,1927.03
154,1953,1921.21
155,1953,1922.78
156,1953,1930.62
157,1953,1925.13
158,1953,1925.55
159,1953,1932.48
160,1953,1934.61
161,1953,1926.65
162,1953,1925.31
163,1953,1930.16
164,1953,1923.25
165,1953,1931.36
166,1953,1924.17
167,1953,1924.43
168,1953,1929.54
169,1953,1921.5
170,1953,1921.03
171,1953,1928.8
172,1953,1929.9
173,1953,1922.62
174,1953,1920.07
175,1953,1928.18
176,1953,1928.81
177,1953,1928.36
178,1953,1919.35
179,1953,1922.22
180,1953,1921.97
181,1953,1925.14
182,1953,1926.04
183,1953,1922.49
184,1953,1924.74
185,1953,1923.58
186,1953,1922.96
187,1953,1920.17
188,1953,1929.03
189,1953,1915.67
190,1953,1929.77
191,1953,1922.98
192,1953,1931.54
193,1953,1929.16
194,1953,1921.81
195,1953,1922.14
196,1953,1922.61
197,1953,1922.85
198,1953,1923.7
199,1953,1925.27
200,1953,1923.3
201,1953,1926.36
202,1953,1924.33
203,1953,1921.16
204,1953,1921.3
205,1953,1931.89
206,1953,1927.39
207,1953,1920.35
208,1953,1921.62
209,1953,1923.3
210,1953,1921.55
211,1953,1926.81
212,1953,1925.99
213,1953,1926.61
214,1953,1928.8
215,1953,1915.36
216,1953,1918.54
217,1953,1917.62
218,1953,1932.59
219,1953,1923.21
220,1953,1925.3
221,1953,1924.3
222,1953,1927.39
223,1953,1916.57
224,1953,1921.76
225,1953,1929.06
226,1953,1923.83
227,1953,1916.77
228,1953,1925.07
229,1953,1920.76
230,1953,1929.11
231,1953,1922.33
232,1953,1923.78
233,1953,1928.59
234,1953,1933.89
235,1953,1929.88
236,1953,1927.64
237,1953,1924.05
238,1953,1926
239,1953,1926.42
240,1953,1925.46
241,1953,1933.76
242,1953,1923.51
243,1953,1922.87
244,1953,1924.59
245,1953,1926.76
246,1953,1924.18
247,1953,1933.29
248,1953,1924.77
249,1953,1926.5
250,1953,1929.18
251,1953,1928.84
252,1953,1918.61
253,1953,1918.8
254,1953,1919.93
255,1953,1919.42
256,1953,1921.23
257,1953,1929.17
258,1953,1916.06
259,1953,1924.75
260,1953,1930.88
261,1953,1927.34
262,1953,1928.2
263,1953,1919.26
264,1953,1922.97
265,1953,1926.8
266,1953,1923.04
267,1953,1918.9
268,1953,1932.32
269,1953,1927.88
270,1953,1917.72
271,1953,1919.77
272,1953,1928.29
273,1953,1924.87
274,1953,1931.21
275,1953,1928.03
276,1953,1929.84
277,1953,1931.8
278,1953,1909.7
279,1953,1928.14
280,1953,1931.08
281,1953,1934.29
282,1953,1922.61
283,1953,1919.78
284,1953,1919.75
285,1953,1909.4
286,1953,1923.06
287,1953,1921.97
288,1953,1923.86
289,1953,1916.94
290,1953,1933.1
291,1953,1928
292,1953,1921.39
293,1953,1928.29
294,1953,1919.59
295,1953,1916.92
296,1953,1927.04
297,1953,1924.36
298,1953,1924.06
299,1953,1919.67
Population size,100
Crossover rate,0.22
Mutation rate,0.87
Random selection portion,0.03
Selection method,AForge.Genetic.EliteSelection
Diversity check,True
Iteration,FitnessMax,FitnessAvg
0,1649,1226.47
1,1649,1346.92
2,1728,1438.38
3,1820,1511.17
4,1820,1578.36
5,1903,1641.21
6,1903,1691.02
7,1903,1709.42
8,1932,1747.3
9,1934,1766.9
10,1934,1796.55
11,1934,1813.16
12,1934,1831.39
13,1934,1853.57
14,1934,1851.24
15,1953,1858.27
16,1953,1872.68
17,1953,1887.32
18,1953,1892.57
19,1953,1899
20,1953,1232.47
21,1953,1351.74
22,1953,1438.89
23,1953,1516.33
24,1953,1580.78
25,1953,1645.18
26,1953,1689.17
27,1953,1744.01
28,1953,1781.39
29,1953,1836.31
30,1953,1858.56
31,1953,1875.25
32,1953,1893.05
33,1953,1897.01
34,1953,1267.18
35,1953,1391.36
36,1953,1501.98
37,1953,1571.52
38,1953,1623.69
39,1953,1666.13
40,1953,1723.85
41,1953,1757.22
42,1953,1789.6
43,1953,1818.17
44,1953,1845.43
45,1953,1847.19
46,1953,1854.48
47,1953,1868.39
48,1953,1889.61
49,1953,1895.98
50,1953,1266.48
51,1953,1400.69
52,1953,1489.39
53,1953,1577.42
54,1953,1639.21
55,1953,1681.32
56,1953,1731.37
57,1953,1769.48
58,1953,1802.74
59,1953,1818.78
60,1953,1842.68
61,1953,1864.56
62,1953,1875.4
63,1953,1886.87
64,1953,1881.63
65,1953,1899.97
66,1953,1261.15
67,1953,1367.18
68,1953,1480.33
69,1953,1567.09
70,1953,1627.58
71,1953,1685.76
72,1953,1732.62
73,1953,1758.72
74,1953,1776.39
75,1953,1808.99
76,1953,1835.85
77,1953,1849.91
78,1953,1860.96
79,1953,1872.08
80,1953,1883.05
81,1953,1891.45
82,1953,1902.27
83,1953,1304.72
84,1953,1422.68
85,1953,1519.77
86,1953,1563.44
87,1953,1613.07
88,1953,1652
89,1953,1688.25
90,1953,1739.69
91,1953,1761.87
92,1953,1792.69
93,1953,1816.43
94,1953,1830.33
95,1953,1853.63
96,1953,1859.33
97,1953,1873.62
98,1953,1880.06
99,1953,1888.59
100,1953,1896.83
101,1953,1269.42
102,1953,1380.1
103,1953,1461.72
104,1953,1554.65
105,1953,1638.81
106,1953,1679.5
107,1953,1732.56
108,1953,1765.45
109,1953,1792.16
110,1953,1811.17
111,1953,1834.07
112,1953,1852
113,1953,1877.76
114,1953,1882.82
115,1953,1890.92
116,1953,1902.78
117,1953,1253.45
118,1953,1388.82
119,1953,1494.2
120,1953,1555.76
121,1953,1629.04
122,1953,1683.06
123,1953,1719.77
124,1953,1763.56
125,1953,1790.04
126,1953,1816.7
127,1953,1846.42
128,1953,1870.25
129,1953,1875.26
130,1953,1886.94
131,1953,1903.94
132,1953,1281.85
133,1953,1402.67
134,1953,1493.9
135,1953,1567.51
136,1953,1618.31
137,1953,1665.46
138,1953,1700.41
139,1953,1742.61
140,1953,1771.37
141,1953,1784.88
142,1953,1799.78
143,1953,1830.67
144,1953,1840.58
145,1953,1855.18
146,1953,1865.18
147,1953,1883.03
148,1953,1889.8
149,1953,1897.09
150,1953,1223.11
151,1953,1344.91
152,1953,1413.3
153,1953,1489.35
154,1953,1552.48
155,1953,1608.36
156,1953,1664.19
157,1953,1713.41
158,1953,1762.44
159,1953,1796.23
160,1953,1828.53
161,1953,1848.19
162,1953,1855.22
163,1953,1860.2
164,1953,1868.84
165,1953,1880.53
166,1953,1890.99
167,1953,1905.32
168,1953,1211.41
169,1953,1344.02
170,1953,1437.05
171,1953,1519.79
172,1953,1571.22
173,1953,1638.05
174,1953,1681.61
175,1953,1736.1
176,1953,1769.57
177,1953,1787.59
178,1953,1817.92
179,1953,1847.64
180,1953,1865.42
181,1953,1871.32
182,1953,1888.89
183,1953,1895.38
184,1953,1256.73
185,1953,1377.61
186,1953,1475.39
187,1953,1551.49
188,1953,1619.57
189,1953,1656.65
190,1953,1714.09
191,1953,1739.62
192,1953,1772.52
193,1953,1817.39
194,1953,1837.29
195,1953,1855.78
196,1953,1861.07
197,1953,1863.83
198,1953,1884.08
199,1953,1896.99
200,1953,1268.64
201,1953,1412.7
202,1953,1514.73
203,1953,1591.51
204,1953,1635.44
205,1953,1690.08
206,1953,1734.64
207,1953,1758.91
208,1953,1788.68
209,1953,1820.37
210,1953,1829.07
211,1953,1840.6
212,1953,1863.57
213,1953,1865.16
214,1953,1877.05
215,1953,1901.39
216,1953,1270.08
217,1953,1384.49
218,1953,1461.18
219,1953,1530.31
220,1953,1584.02
221,1953,1643.05
222,1953,1701.88
223,1953,1759.04
224,1953,1798.65
225,1953,1828.1
226,1953,1861.77
227,1953,1871.02
228,1953,1890.04
229,1953,1890.92
230,1953,1894.39
231,1953,1902.51
232,1953,1255.14
233,1953,1373.28
234,1953,1474.51
235,1953,1564.43
236,1953,1650.52
237,1953,1691.54
238,1953,1734.41
239,1953,1751.72
240,1953,1800.72
241,1953,1829.1
242,1953,1846.63
243,1953,1849.19
244,1953,1875.45
245,1953,1888.43
246,1953,1899.26
247,1953,1281.1
248,1953,1416.81
249,1953,1512.04
250,1953,1591.36
251,1953,1671.12
252,1953,1712.92
253,1953,1760.13
254,1953,1775.39
255,1953,1816.13
256,1953,1836.6
257,1953,1863.93
258,1953,1870.92
259,1953,1884.17
260,1953,1901.49
261,1953,1291.99
262,1953,1431.65
263,1953,1493.14
264,1953,1590.32
265,1953,1635.95
266,1953,1670.39
267,1953,1702.02
268,1953,1735.36
269,1953,1753.32
270,1953,1779.85
271,1953,1813.69
272,1953,1839.85
273,1953,1865.11
274,1953,1879.55
275,1953,1886.21
276,1953,1903.94
277,1953,1256.71
278,1953,1358.17
279,1953,1437.18
280,1953,1527.28
281,1953,1600.41
282,1953,1674.56
283,1953,1727.72
284,1953,1760.43
285,1953,1789.28
286,1953,1824.93
287,1953,1848.47
288,1953,1860.93
289,1953,1875.16
290,1953,1889.67
291,1953,1894.49
292,1953,1259.17
293,1953,1406.05
294,1953,1489.91
295,1953,1558.99
296,1953,1635.3
297,1953,1662.42
298,1953,1703.12
299,1953,1738.31
Population size,100
Crossover rate,0.22
Mutation rate,0.87
Random selection portion,0.03
Selection method,AForge.Genetic.EliteSelection
Diversity check,True
Iteration,FitnessMax,FitnessAvg
0,1564,1163.71
1,1676,1275.85
2,1676,1364.82
3,1715,1444.4
4,1715,1511.59
5,1715,1557.46
6,1788,1616.02
7,1827,1635.04
8,1827,1667.56
9,1838,1692.55
10,1877,1715.99
11,1877,1730.94
12,1913,1751.27
13,1913,1755.94
14,1932,1783.31
15,1932,1794.72
16,1953,1803.14
17,1953,1812.13
18,1953,1824.39
19,1953,1839.08
20,1953,1856.11
21,1953,1861.69
22,1953,1866.56
23,1953,1881.1
24,1953,1879.08
25,1953,1896.63
26,1953,1247.57
27,1953,1354.82
28,1953,1452.35
29,1953,1521.95
30,1953,1576.28
31,1953,1626.21
32,1953,1672.99
33,1953,1719.28
34,1953,1756.73
35,1953,1794.41
36,1953,1823.82
37,1953,1848.81
38,1953,1883.22
39,1953,1892
40,1953,1897.97
41,1953,1254.31
42,1953,1356.18
43,1953,1450.12
44,1953,1531.11
45,1953,1579.42
46,1953,1618.15
47,1953,1639.96
48,1953,1703.83
49,1953,1740.6
Population size,100
Crossover rate,0.22
Mutation rate,0.87
Random selection portion,0.03
Selection method,AForge.Genetic.EliteSelection
Diversity check,True
Iteration,FitnessMax,FitnessAvg
0,1731,1314.27
1,1795,1402.58
2,1795,1501.53
3,1795,1567.98
4,1830,1619.08
5,1887,1661.94
6,1887,1698.73
7,1887,1724.88
8,1887,1745.54
9,1933,1774.38
10,1933,1786.66
11,1933,1805.33
12,1944,1831.71
13,1944,1837.34
14,1944,1845.15
15,1953,1845.98
16,1953,1855.17
17,1953,1868.61
18,1953,1883.74
19,1953,1891
20,1953,1889.96
21,1953,1894.87
22,1953,1286.34
23,1953,1422.42
24,1953,1481.52
25,1953,1562.19
26,1953,1614.95
27,1953,1658.45
28,1953,1699.98
29,1953,1739.52
