Population size,100
Crossover rate,0.66
Mutation rate,0.34
Random selection portion,0.03
Selection method,AForge.Genetic.RouletteWheelSelection
Diversity check,False
Iteration,FitnessMax,FitnessAvg
0,1958,1405.01
1,1984,1437.67
2,1984,1473.62
3,1984,1480.63
4,2008,1523.94
5,2188,1536.65
6,2158,1603.26
7,2316,1642.38
8,2167,1681.51
9,2167,1688.76
10,2255,1699.47
11,2255,1661.13
12,2255,1686.2
13,2255,1718.66
14,2312,1775.39
15,2312,1821.94
16,2215,1752.34
17,2315,1767.07
18,2315,1827.42
19,2250,1791.86
20,2267,1798.17
21,2279,1817.2
22,2279,1795.99
23,2279,1828.89
24,2279,1831.86
25,2312,1868.83
26,2312,1831.68
27,2312,1840.51
28,2417,1936.18
29,2312,1946.61
30,2377,1922.03
31,2388,1900.47
32,2409,1858.39
33,2388,1875.1
34,2340,1866.16
35,2340,1900.41
36,2457,1851.27
37,2307,1864.29
38,2360,1902.73
39,2346,1894.02
40,2312,1961.6
41,2312,1934.36
42,2312,1961.25
43,2379,1981.49
44,2379,1967.62
45,2414,1982.95
46,2414,2015.41
47,2448,2056.79
48,2349,1992.58
49,2340,1982.69
50,2483,1987.76
51,2483,1964.12
52,2483,2004.44
53,2483,1987.19
54,2520,1986.3
55,2520,1995.65
56,2520,1987.79
57,2520,2021.15
58,2472,1978.32
59,2472,1975.14
60,2455,1984.2
61,2396,1999.26
62,2396,2013.17
63,2392,1980.96
64,2414,1987.35
65,2451,1990.83
66,2434,1985.08
67,2358,1927.97
68,2344,1941.89
69,2359,1906.54
70,2359,1965.08
71,2354,2023.34
72,2403,2030.48
73,2403,2028.29
74,2403,2033.96
75,2472,2040.41
76,2403,2032.9
77,2472,2029.38
78,2472,2029.06
79,2403,1978
80,2472,1981.61
81,2472,1947.5
82,2472,1956.78
83,2472,1957.32
84,2472,1976.12
85,2472,2004.7
86,2472,1986.25
87,2472,2012.57
88,2472,2031.58
89,2423,1970.72
90,2423,2054.52
91,2455,1991.93
92,2423,2033.91
93,2423,1981.68
94,2353,1979.59
95,2342,1949.07
96,2404,1962.31
97,2452,1931.88
98,2452,1920.98
99,2404,1910.78
100,2344,1911.97
101,2344,1929.54
102,2341,1914.93
103,2341,1938.65
104,2341,1964.76
105,2309,1942.54
106,2357,1989.06
107,2368,2016.08
108,2404,2013.34
109,2404,2052.08
110,2329,2029.33
111,2355,2080.8
112,2404,2102.33
113,2372,2105.36
114,2339,2065.94
115,2339,2060.25
116,2359,2092.06
117,2359,2054.95
118,2404,2049.33
119,2463,2044.18
120,2463,2041.43
121,2418,2048.02
122,2463,2054.55
123,2418,2058.74
124,2511,2076.8
125,2511,2139.49
126,2511,2106.1
127,2511,2092.3
128,2511,2122.55
129,2463,2121.84
130,2462,2115.42
131,2398,2123.47
132,2404,2152.64
133,2404,2142.89
134,2412,2148.48
135,2398,2145.8
136,2446,2098.54
137,2446,2114.59
138,2446,2111.56
139,2398,2063.43
140,2426,2074.24
141,2426,2104.84
142,2446,2085
143,2426,2065.91
144,2426,2048.9
145,2426,2055.54
146,2426,2043.56
147,2404,2072.28
148,2400,2048.06
149,2398,2022.19
150,2426,2016.87
151,2398,1991.94
152,2398,1991.18
153,2371,1996.11
154,2409,2004.31
155,2409,2018
156,2426,2013.82
157,2426,2047.53
158,2426,2046
159,2463,2017.49
160,2463,2015.05
161,2426,2013.21
162,2474,1964.57
163,2455,2009.77
164,2455,1978.67
165,2455,2051.17
166,2426,2063.16
167,2463,2079.57
168,2463,2072.47
169,2511,2080.77
170,2511,2092.38
171,2511,2105.79
172,2511,2109.81
173,2511,2101.69
174,2474,2079.74
175,2426,2022.98
176,2416,2013.74
177,2416,2013.92
178,2409,1997.51
179,2474,1989.01
180,2474,1979.2
181,2483,1984.54
182,2377,1961.66
183,2376,1987.34
184,2362,1949.14
185,2362,1974.11
186,2446,1993.5
187,2446,1996.02
188,2410,2021.59
189,2448,2005.64
190,2448,1989.9
191,2442,1979.83
192,2442,1958.37
193,2442,1980.2
194,2462,1979.56
195,2462,2008.36
196,2462,2038.09
197,2462,2053.66
198,2462,2097.79
199,2462,2070.28
200,2435,2036.19
201,2472,2050.39
202,2404,2005.97
203,2404,1970.6
204,2404,1969.92
205,2404,1940.7
206,2404,1997.91
207,2404,2018.04
208,2435,2033.54
209,2397,2005.05
210,2397,2012.15
211,2397,2002.6
212,2441,2003.75
213,2397,1977.19
214,2397,1950.53
215,2383,1948.93
216,2472,1903.06
217,2472,1932.18
218,2448,1898.45
219,2448,1932.47
220,2448,1939.35
221,2415,1914.46
222,2397,1924.99
223,2397,1970.54
224,2389,1921.16
225,2363,1825.15
226,2363,1792.3
227,2363,1800.94
228,2363,1822.18
229,2397,1823.37
230,2397,1828.42
231,2363,1836.59
232,2295,1815.68
233,2352,1792.62
234,2352,1907.28
235,2381,1876.31
236,2381,1837.86
237,2381,1867.91
238,2352,1934.17
239,2344,1956.83
240,2352,1968.12
241,2413,2020.96
242,2352,1994.49
243,2338,1975.42
244,2338,1957.12
245,2338,1967.65
246,2338,2021.59
247,2338,1993.37
248,2338,2029.5
249,2387,2017.97
250,2442,1983.56
251,2380,1992.42
252,2380,2021.98
253,2380,1992.98
254,2352,2021.73
255,2372,1979.18
256,2338,1989.23
257,2387,1975.38
258,2387,1953.84
259,2362,1984.39
260,2387,1984.27
261,2387,1963.54
262,2387,1931.59
263,2391,1976.27
264,2391,1986.62
265,2391,1926.34
266,2391,1924.96
267,2391,1957.09
268,2391,1961.99
269,2455,1995.02
270,2455,1995.96
271,2455,2030.41
272,2394,1964.43
273,2447,1994.41
274,2394,2041.86
275,2394,2047.84
276,2394,2038.6
277,2382,2054.72
278,2387,2062.7
279,2382,2080.86
280,2396,2033.93
281,2396,2024.66
282,2396,2050.31
283,2396,2011
284,2396,2058.95
285,2363,2034.13
286,2363,1949.04
287,2363,1919.08
288,2400,1882.71
289,2400,1862.5
290,2400,1851.37
291,2378,1884.74
292,2437,1905.05
293,2437,1956.55
294,2437,1979.15
295,2437,1937.39
296,2437,1931.92
297,2437,1897.62
298,2377,1917.93
299,2377,1930.59
Population size,100
Crossover rate,0.66
Mutation rate,0.34
Random selection portion,0.03
Selection method,AForge.Genetic.RouletteWheelSelection
Diversity check,True
Iteration,FitnessMax,FitnessAvg
0,2190,1407.72
1,2190,1424.58
2,2199,1498.57
3,2199,1592.23
4,2210,1608.94
5,2210,1611.47
6,2199,1723.37
7,2199,1719.62
8,2252,1748.59
9,2252,1801.98
10,2252,1801.21
11,2365,1768.31
12,2365,1838.47
13,2434,1879.54
14,2339,1911.72
15,2434,1906.94
16,2434,1906.44
17,2434,1904.11
18,2434,1935.17
19,2434,1927.66
20,2339,1936.31
21,2354,1917.5
22,2354,1949.54
23,2332,1970.65
24,2417,1972.44
25,2417,1979.89
26,2434,1989.9
27,2417,1946.67
28,2434,1916.42
29,2386,1909.96
30,2386,1951.87
31,2311,1948.72
32,2434,1918.59
33,2332,1864.36
34,2417,1896.28
35,2417,1933.54
36,2417,1984.72
37,2434,1952.44
38,2434,1968.95
39,2358,1955.9
40,2364,1949.44
41,2358,1948.32
42,2358,1975.11
43,2367,1953.01
44,2358,1904.38
45,2397,1970.25
46,2391,1980.82
47,2391,1976.71
48,2391,1964.12
49,2391,1986.34
50,2391,1959.18
51,2391,1997.27
52,2391,1993.77
53,2358,2016.18
54,2358,1989.22
55,2358,1936.55
56,2399,1909.67
57,2441,1934.65
58,2441,1960.98
59,2319,1947.52
60,2319,1944.65
61,2371,1917.64
62,2371,1925.02
63,2374,1924.34
64,2341,1940.53
65,2406,1923.68
66,2406,1954.03
67,2406,1962.6
68,2406,2024.42
69,2406,2035.28
70,2406,2018.62
71,2406,2067.68
72,2406,2088.95
73,2406,2043.01
74,2406,2050.03
75,2406,2061.08
76,2406,2070.75
77,2406,2042.37
78,2380,1974.9
79,2387,1932.78
80,2332,1902.06
81,2366,1901.43
82,2366,1951.87
83,2366,1904.42
84,2267,1923.97
85,2311,1940.77
86,2267,1918.18
87,2324,1913.31
88,2345,1952.26
89,2345,1958.11
90,2345,1982.75
91,2330,1971.32
92,2330,2011.6
93,2367,1993.96
94,2348,1986.88
95,2324,1953.95
96,2324,1954.59
97,2292,1972.46
98,2292,1986.91
99,2294,1977.55
100,2325,1956.95
101,2331,1939.95
102,2376,1971.44
103,2434,1944.83
104,2434,1947.89
105,2434,1993.98
106,2343,2000.71
107,2302,1992.84
108,2311,1981.34
109,2311,1974.68
110,2331,1954.25
111,2311,1956.69
112,2304,1956.81
113,2304,1958.2
114,2369,2007.32
115,2369,1992.29
116,2369,1985.92
117,2320,1992.72
118,2320,1985.15
119,2321,1972.8
120,2321,1990.91
121,2320,1921.79
122,2320,1943.47
123,2353,1948.3
124,2353,1977.58
125,2308,1990.55
126,2308,2010.9
127,2357,2028.1
128,2357,2039.42
129,2357,2013.76
130,2352,1972.05
131,2331,1990.71
132,2359,2021.32
133,2424,2046.8
134,2424,2029.46
135,2424,2052.34
136,2424,2029.45
137,2424,2053.95
138,2375,2019.34
139,2375,2041.92
140,2412,2056.91
141,2412,2022.94
142,2412,1994.69
143,2354,1980.66
144,2354,2012.99
145,2387,2003.48
146,2387,2005.72
147,2349,2017.76
148,2423,2046.27
149,2423,2058.46
150,2423,2082.57
151,2423,2112.06
152,2472,2120.09
153,2423,2129.44
154,2423,2126.78
155,2423,2152.01
156,2426,2099
157,2426,2074.28
158,2471,2085.43
159,2426,2090.2
160,2426,2105.26
161,2426,2086.19
162,2426,2093.24
163,2415,2079.37
164,2403,2129.36
165,2362,2086.35
166,2354,2106.03
167,2400,2027.4
168,2472,2065.61
169,2403,2076.32
170,2403,2063.06
171,2388,2075.18
172,2388,2131.86
173,2409,2140
174,2409,2120.18
175,2423,2060.84
176,2472,2041.42
177,2472,2092.83
178,2472,2078.14
179,2472,2038.44
180,2472,2022.54
181,2472,2044.32
182,2451,2082.49
183,2434,2108.98
184,2434,2130.8
185,2448,2075.81
186,2471,2046.49
187,2472,2027.39
188,2434,2015.19
189,2483,2070.74
190,2483,2022.38
191,2483,2051.35
192,2483,2048.84
193,2483,2012.89
194,2435,2058.92
195,2435,2077.27
196,2435,2055.18
197,2378,2039.61
198,2378,2067.44
199,2378,2079.05
200,2394,2102.86
201,2425,2045.4
202,2425,2044.02
203,2425,2077.46
204,2472,2080.95
205,2472,2044.72
206,2472,2013.69
207,2426,1988.85
208,2423,1978.76
209,2423,2021.31
210,2423,2042.03
211,2423,2039.62
212,2423,2001.99
213,2423,1983.44
214,2407,1975.54
215,2398,1973.23
216,2399,1992.74
217,2399,1981.23
218,2407,1995.81
219,2380,2003.9
220,2331,2000.73
221,2331,2017.39
222,2379,2028.35
223,2483,2065.37
224,2483,2070.62
225,2483,2040.92
226,2520,2059.96
227,2483,2056.25
228,2418,2060.43
229,2418,2024.05
230,2418,2007.22
231,2396,2026.97
232,2461,2043.92
233,2429,2046.08
234,2396,2067.58
235,2511,2105.02
236,2449,2087.31
237,2484,2104.2
238,2449,2098.6
239,2449,2137.17
240,2449,2130.6
241,2449,2114.23
242,2455,2123.36
243,2455,2123.49
244,2449,2104.26
245,2393,2100.02
246,2450,2053.61
247,2450,2086.66
248,2450,2061.6
249,2428,2040.16
250,2396,2062.94
251,2369,2042.45
252,2452,2095.49
253,2452,2080.74
254,2461,2061.01
255,2461,2039.77
256,2461,2028.08
257,2396,1971.37
258,2392,1975.43
259,2424,1956.08
260,2424,2020.8
261,2424,2003.2
262,2451,1984.39
263,2451,1944.78
264,2361,1952.9
265,2361,1922.4
266,2396,1946.16
267,2396,1916.3
268,2396,1977.96
269,2380,1957.43
270,2380,1918.03
271,2361,1959.26
272,2424,1949.86
273,2396,1925.99
274,2376,1974.39
275,2376,1947.15
276,2389,1977.55
277,2461,1966.66
278,2461,1974.57
279,2461,1988.98
280,2392,1952.67
281,2361,1912.51
282,2396,1899.34
283,2396,1885.67
284,2392,1922.25
285,2455,1960.21
286,2374,2017.47
287,2463,2031.33
288,2463,2024.95
289,2463,1965.64
290,2463,2029.63
291,2455,2042.35
292,2400,2035.85
293,2396,2025.71
294,2396,2056.97
295,2400,2061.02
296,2412,2050.34
297,2412,2045.05
298,2412,2050.2
299,2412,2019.16
Population size,100
Crossover rate,0.51
Mutation rate,0.79
Random selection portion,0.03
Selection method,AForge.Genetic.RankSelection
Diversity check,True
Iteration,FitnessMax,FitnessAvg
0,1960,1489.1
1,2026,1598.71
2,2239,1751.48
3,2218,1833.27
4,2218,1922.52
5,2357,1962.12
6,2362,1997.56
7,2472,2052.57
8,2388,2067.89
9,2388,2144.09
10,2425,2185.75
11,2442,2220.59
12,2435,2207.8
13,2435,2252.89
14,2435,2267.55
15,2435,2230.6
16,2435,2237.82
17,2472,2161.74
18,2483,2313.69
19,2483,2295.78
20,2483,2320.74
21,2483,2333.32
22,2472,2334.03
23,2472,2355.41
24,2472,2341.32
25,2483,2305.56
26,2483,2338.33
27,2483,2308.65
28,2511,2343.49
29,2520,2254.32
30,2520,2373.41
31,2520,2399.06
32,2520,2379.44
33,2520,2399.38
34,2520,2376.34
35,2520,2389.62
36,2520,2406.8
37,2520,2445.19
38,2520,1525.14
39,2520,1632.22
40,2520,1713.7
41,2425,1778.26
42,2520,1838.02
43,2520,1922.1
44,2520,1996.43
45,2520,2031.68
46,2520,2069.75
47,2520,2159.5
48,2520,2185.57
49,2520,2258.96
50,2520,2285.84
51,2520,2295.19
52,2520,2319.98
53,2520,2339.81
54,2520,2371.12
55,2520,2384.27
56,2520,2400.99
57,2520,2423.41
58,2520,2425.46
59,2520,2416.73
60,2520,2448.86
61,2520,1392.79
62,2520,1529.16
63,2520,1723.75
64,2520,1793.95
65,2520,1879.84
66,2483,1953.68
67,2520,2038.42
68,2520,2117.74
69,2520,2160.73
70,2520,2269.4
71,2520,2315.57
72,2520,2348.35
73,2520,2363.03
74,2520,2364.86
75,2520,2354.07
76,2520,2389.33
77,2520,2389.98
78,2520,2385.02
79,2520,2397.12
80,2520,2390
81,2520,2421.48
82,2520,2424.73
83,2520,2442.7
84,2520,2428.66
85,2520,2427.09
86,2520,2427.05
87,2520,2399.26
88,2520,2439.29
89,2520,2466.57
90,2520,1512.99
91,2520,1656.7
92,2520,1758.09
93,2520,1815.4
94,2520,1993.12
95,2520,2088.84
96,2520,2198.98
97,2520,2222.11
98,2520,2320.91
99,2520,2363.44
100,2520,2372.76
101,2520,2396.45
102,2520,2416.69
103,2520,2406.59
104,2520,2429.88
105,2520,2443.84
106,2520,2438.6
107,2520,2438.01
108,2520,2433.6
109,2520,2448.84
110,2520,1544.78
111,2520,1649.8
112,2520,1769.34
113,2377,1815.2
114,2377,1909.1
115,2253,1994.01
116,2335,2055.77
117,2455,2067.56
118,2418,2102.91
119,2418,2193.35
120,2455,2256.52
121,2461,2290.82
122,2471,2300.24
123,2520,2327.07
124,2520,2343.82
125,2520,2354.01
126,2520,2381.64
127,2520,2363.63
128,2520,2365.07
129,2520,2381.7
130,2520,2416.11
131,2520,2364.82
132,2520,2398.9
133,2520,2415.35
134,2520,2414.84
135,2520,2423.84
136,2520,2392.55
137,2520,2425.67
138,2520,2436.44
139,2520,2441.97
140,2520,2450.67
141,2520,1463.37
142,2000,1570.21
143,2143,1670.49
144,2143,1753.09
145,2143,1848.35
146,2160,1878.35
147,2252,1940.8
148,2313,1937.95
149,2311,1996.87
150,2349,2011.68
151,2399,2085.16
152,2365,2078.78
153,2424,2122.03
154,2424,2139.75
155,2424,2200.42
156,2424,2189.08
157,2457,2203.45
158,2461,2163.18
159,2457,2209.54
160,2457,2242.56
161,2457,2223.41
162,2426,2256.3
163,2463,2263.95
164,2463,2263.81
165,2463,2233.51
166,2474,2300.32
167,2474,2291.68
168,2474,2324.74
169,2474,2328.54
170,2483,2333.41
171,2483,2344.94
172,2483,2332.53
173,2483,2352.63
174,2520,2366.11
175,2520,2342.18
176,2520,2357.72
177,2520,2370.63
178,2520,2303.74
179,2520,2373
180,2520,2391.18
181,2520,2406.08
182,2520,2402.15
183,2520,2420.53
184,2520,2435.05
185,2520,2428.65
186,2520,2422.13
187,2520,2424.54
188,2520,2460.91
189,2520,1426.52
190,2311,1567.33
191,2311,1657.5
192,2258,1765.81
193,2258,1830.68
194,2254,1912.72
195,2341,2020.17
196,2313,2038.62
197,2341,2085.66
198,2368,2125.87
199,2416,2197.86
200,2416,2184.03
201,2441,2213.3
202,2447,2268.89
203,2447,2291.6
204,2447,2295.72
205,2447,2284.5
206,2447,2226.9
207,2447,2268.43
208,2447,2295.07
209,2452,2284.74
210,2452,2269.97
211,2452,2275.68
212,2462,2319.7
213,2462,2272.96
214,2462,2353.25
215,2511,2342.87
216,2474,2327.39
217,2462,2335.63
218,2511,2365.4
219,2511,2353.08
220,2520,2315.01
221,2511,2355.06
222,2511,2379.79
223,2511,2358.33
224,2520,2379.5
225,2520,2378.88
226,2520,2399.27
227,2520,2401.99
228,2520,2432.22
229,2520,2383.31
230,2520,2390.83
231,2520,2428.82
232,2520,2419.5
233,2520,2419.75
234,2520,2402.63
235,2520,2453.92
236,2047,1467.99
237,1983,1605.09
238,2066,1700.2
239,2085,1775.73
240,2256,1859.28
241,2283,1901.15
242,2380,1941.55
243,2417,2005.89
244,2417,2099.98
245,2417,2135.9
246,2441,2152.22
247,2456,2211.53
248,2456,2246
249,2456,2279.59
250,2456,2283.51
251,2456,2321.58
252,2461,2324.1
253,2456,2329.56
254,2484,2303.93
255,2484,2329.61
256,2520,2351.46
257,2520,2356.58
258,2511,2374.15
259,2511,2333.52
260,2520,2341.4
261,2520,2369.44
262,2520,2383.51
263,2520,2381.83
264,2520,2383.5
265,2520,2353.39
266,2520,2389.63
267,2520,2408.37
268,2520,2396.15
269,2520,2357.79
270,2520,2400.02
271,2520,2390.62
272,2520,2404.93
273,2520,2391.65
274,2520,2387.85
275,2520,2365.44
276,2520,2403.06
277,2520,2327.13
278,2520,2405.4
279,2520,2430.17
280,2520,2376.46
281,2520,2403.59
282,2520,2423.92
283,2520,2419.87
284,2520,2443.58
285,2520,2439.88
286,2520,2441.1
287,2520,2365.75
288,2520,2461.84
289,1971,1439.64
290,2034,1566.15
291,2034,1657.02
292,2181,1735.41
293,2276,1804.28
294,2181,1848.73
295,2160,1905.92
296,2230,1975.92
297,2325,2017.94
298,2325,2032.82
299,2387,2099.12
Population size,100
Crossover rate,0.51
Mutation rate,0.79
Random selection portion,0.03
Selection method,AForge.Genetic.RankSelection
Diversity check,False
Iteration,FitnessMax,FitnessAvg
0,2168,1469.87
1,2168,1613.91
2,2272,1764.55
3,2247,1856.11
4,2336,1911.31
5,2293,1946.32
6,2304,1984.02
7,2340,2069.26
8,2409,2089.37
9,2409,2103.99
10,2425,2159.25
11,2425,2192.55
12,2472,2241.06
13,2472,2277.75
14,2472,2267.2
15,2472,2261.31
16,2472,2276.17
17,2511,2274.97
18,2472,2317.43
19,2511,2299.1
20,2511,2332.81
21,2511,2342.02
22,2511,2374.03
23,2511,2397.17
24,2511,2397.36
25,2520,2409.44
26,2520,2399.88
27,2520,2401.5
28,2520,2405.4
29,2520,2423.06
30,2520,2392.07
31,2520,2430.69
32,2520,2439.5
33,2520,2438.08
34,2520,2446.25
35,2520,2423.18
36,2520,2437.12
37,2520,2457.87
38,2520,2437.91
39,2520,2443.77
40,2520,2407.89
41,2520,2422.25
42,2520,2427.66
43,2520,2459.26
44,2520,2450.21
45,2520,2444.23
46,2520,2463.23
47,2520,2456.18
48,2520,2430.78
49,2520,2441.48
50,2520,2464.18
51,2520,2458.21
52,2520,2445.81
53,2520,2439.54
54,2520,2444.63
55,2520,2433.14
56,2520,2456.13
57,2520,2447.26
58,2520,2442.07
59,2520,2470.94
60,2520,2414.22
61,2520,2464.66
62,2520,2451.5
63,2520,2459.02
64,2520,2456.44
65,2520,2470.8
66,2520,2459.36
67,2520,2466.5
68,2520,2450.04
69,2520,2446.74
70,2520,2414.08
71,2520,2459.54
72,2520,2464.02
73,2520,2459.68
74,2520,2475.08
75,2520,2462.63
76,2520,2447.39
77,2520,2416.93
78,2520,2439.24
79,2520,2428.49
80,2520,2429.81
81,2520,2447.57
82,2520,2451.49
83,2520,2437.35
84,2520,2366.41
85,2520,2444.2
86,2520,2445.71
87,2520,2442.43
88,2520,2446.96
89,2520,2414.05
90,2520,2396.34
91,2520,2422.98
92,2520,2431.4
93,2520,2436.65
94,2520,2431.06
95,2520,2442.15
96,2520,2413.05
97,2520,2404.2
98,2520,2427.82
99,2520,2447.58
100,2520,2448.24
101,2520,2438.21
102,2520,2439.85
103,2520,2446.9
104,2520,2447.39
105,2520,2450.97
106,2520,2449.78
107,2520,2448.45
108,2520,2456.99
109,2520,2430.69
110,2520,2436.47
111,2520,2455.42
112,2520,2422.88
113,2520,2435.08
114,2520,2462.8
115,2520,2437.75
116,2520,2441.48
117,2520,2392.53
118,2520,2447.63
119,2520,2446.94
120,2520,2451.8
121,2520,2448.5
122,2520,2453.74
123,2520,2465.8
124,2520,2459.52
125,2520,2447.97
126,2520,2430.7
127,2520,2456.37
128,2520,2451.51
129,2520,2443.26
130,2520,2398
131,2520,2454.19
132,2520,2435.74
133,2520,2447.13
134,2520,2440.93
135,2520,2442.96
136,2520,2455.78
137,2520,2462.21
138,2520,2422.88
139,2520,2463.62
140,2520,2452.03
141,2520,2428.01
142,2520,2432.43
143,2520,2454.38
144,2520,2448.5
145,2520,2457.07
146,2520,2461.8
147,2520,2417.39
148,2520,2413.64
149,2520,2419.95
150,2520,2444.32
151,2520,2380.02
152,2520,2451.73
153,2520,2441.91
154,2520,2434.39
155,2520,2436.8
156,2520,2438.94
157,2520,2446.91
158,2520,2406.14
159,2520,2418.53
160,2520,2432.65
161,2520,2453.98
162,2520,2443.38
163,2520,2389.35
164,2520,2441.1
165,2520,2446.12
166,2520,2450.08
167,2520,2444.89
168,2520,2449.3
169,2520,2450.52
170,2520,2445.39
171,2520,2452.14
172,2520,2461.15
173,2520,2450.33
174,2520,2469.06
175,2520,2468.01
176,2520,2468.86
177,2520,2436.81
178,2520,2444.36
179,2520,2453.54
180,2520,2457.52
181,2520,2459.6
182,2520,2455.76
183,2520,2455.55
184,2520,2444.96
185,2520,2449.18
186,2520,2437.62
187,2520,2442.21
188,2520,2457.76
189,2520,2462.41
190,2520,2451.9
191,2520,2416.94
192,2520,2456.38
193,2520,2431.33
194,2520,2453.79
195,2520,2459.03
196,2520,2420.17
197,2520,2413.39
198,2520,2379.95
199,2520,2397.14
200,2520,2375.2
201,2520,2438.64
202,2520,2455.61
203,2520,2449.81
204,2520,2462.2
205,2520,2459.96
206,2520,2447.47
207,2520,2454
208,2520,2437.05
209,2520,2442.5
210,2520,2423.14
211,2520,2444.04
212,2520,2449.62
213,2520,2462.73
214,2520,2432.78
215,2520,2411.45
216,2520,2439.82
217,2520,2413.66
218,2520,2425.79
219,2520,2451.25
220,2520,2431.54
221,2520,2436.09
222,2520,2431.35
223,2520,2414.88
224,2520,2387.62
225,2520,2446.44
226,2520,2442.39
227,2520,2426.24
228,2520,2456.78
229,2520,2463.22
230,2520,2446.02
231,2520,2420.64
232,2520,2407.16
233,2520,2442.16
234,2520,2408.12
235,2520,2406.8
236,2520,2448.23
237,2520,2438.64
238,2520,2443.6
239,2520,2427.49
240,2520,2414.61
241,2520,2410.35
242,2520,2448.42
243,2520,2436.22
244,2520,2438.95
245,2520,2386.79
246,2520,2366.74
247,2520,2396.58
248,2520,2463.95
249,2520,2425.88
250,2520,2450.54
251,2520,2428.97
252,2520,2456.79
253,2520,2456.74
254,2520,2429.28
255,2520,2393.97
256,2520,2442.8
257,2520,2461.93
258,2520,2437.46
259,2520,2440.71
260,2520,2442.75
261,2520,2428.27
262,2520,2411.4
263,2520,2439.65
264,2520,2444.78
265,2520,2429.93
266,2520,2448.53
267,2520,2415.42
268,2520,2427.25
269,2520,2428.14
270,2520,2445.4
271,2520,2394.6
272,2520,2425.43
273,2520,2454.24
274,2520,2455.06
275,2520,2447.71
276,2520,2445.17
277,2520,2463.04
278,2520,2440.84
279,2520,2436.78
280,2520,2435.25
281,2520,2443.68
282,2520,2423.71
283,2520,2451.54
284,2520,2425.7
285,2520,2454.62
286,2520,2437.72
287,2520,2445.22
288,2520,2434.1
289,2520,2447.95
290,2520,2459.74
291,2520,2440.13
292,2520,2445.75
293,2520,2467.08
294,2520,2424.61
295,2520,2419.94
296,2520,2456.44
297,2520,2459.73
298,2520,2460.96
299,2520,2447.83
Population size,100
Crossover rate,0.22
Mutation rate,0.87
Random selection portion,0.03
Selection method,AForge.Genetic.EliteSelection
Diversity check,False
Iteration,FitnessMax,FitnessAvg
0,2039,1549.32
1,2197,1700.29
2,2229,1824.13
3,2305,1918.64
4,2305,1989.07
5,2366,2078.45
6,2366,2133.03
7,2366,2171.66
8,2396,2210.69
9,2442,2241.88
10,2442,2276.97
11,2442,2305.17
12,2455,2319.02
13,2511,2342.82
14,2511,2362.28
15,2520,2377.49
16,2520,2378.45
17,2520,2387.93
18,2520,2402.83
19,2520,2417.78
20,2520,2426.89
21,2520,2437.09
22,2520,2444.73
23,2520,2440.16
24,2520,2459.92
25,2520,2468.56
26,2520,2490.53
27,2520,2479.56
28,2520,2487.25
29,2520,2484.17
30,2520,2475.47
31,2520,2481.77
32,2520,2488.75
33,2520,2484.46
34,2520,2482.23
35,2520,2474.85
36,2520,2482.29
37,2520,2478.65
38,2520,2473.67
39,2520,2484.73
40,2520,2488.19
41,2520,2489.46
42,2520,2469.8
43,2520,2485.54
44,2520,2473.78
45,2520,2482.22
46,2520,2474.2
47,2520,2475.6
48,2520,2490.39
49,2520,2485.89
50,2520,2478.9
51,2520,2480.36
52,2520,2486.19
53,2520,2489.02
54,2520,2490.29
55,2520,2481.39
56,2520,2490.08
57,2520,2482.57
58,2520,2481.27
59,2520,2481.77
60,2520,2481.47
61,2520,2477.13
62,2520,2481.17
63,2520,2486.15
64,2520,2490.12
65,2520,2479.84
66,2520,2489.05
67,2520,2487.1
68,2520,2489.66
69,2520,2487.41
70,2520,2480.16
71,2520,2488.79
72,2520,2481.46
73,2520,2476.55
74,2520,2471.96
75,2520,2478.43
76,2520,2481.94
77,2520,2484.03
78,2520,2462.75
79,2520,2478.69
80,2520,2482.6
81,2520,2481.6
82,2520,2476.16
83,2520,2482.37
84,2520,2470.7
85,2520,2482.99
86,2520,2478.8
87,2520,2482.82
88,2520,2479.93
89,2520,2491.58
90,2520,2478.78
91,2520,2480.06
92,2520,2477.66
93,2520,2488
94,2520,2493.91
95,2520,2482.64
96,2520,2486.82
97,2520,2471.49
98,2520,2484.99
99,2520,2488.44
100,2520,2473.5
101,2520,2482.26
102,2520,2485.62
103,2520,2477.19
104,2520,2473.17
105,2520,2481.92
106,2520,2488.33
107,2520,2484.43
108,2520,2482.6
109,2520,2477.9
110,2520,2480.27
111,2520,2470.46
112,2520,2487.36
113,2520,2486.19
114,2520,2474.36
115,2520,2483.8
116,2520,2481.61
117,2520,2481.86
118,2520,2492.29
119,2520,2483.93
120,2520,2489.4
121,2520,2484.8
122,2520,2485.15
123,2520,2474.35
124,2520,2467.77
125,2520,2469.07
126,2520,2484.24
127,2520,2498.71
128,2520,2484.73
129,2520,2481.92
130,2520,2491.43
131,2520,2487.99
132,2520,2489.84
133,2520,2483.93
134,2520,2484.33
135,2520,2469.61
136,2520,2488.01
137,2520,2484.71
138,2520,2480.64
139,2520,2496.79
140,2520,2491.63
141,2520,2489.05
142,2520,2483.79
143,2520,2477.91
144,2520,2479.48
145,2520,2473.53
146,2520,2478.22
147,2520,2484.68
148,2520,2488.45
149,2520,2466.13
150,2520,2486.57
151,2520,2483.72
152,2520,2477.83
153,2520,2489.41
154,2520,2491.94
155,2520,2492.57
156,2520,2480.73
157,2520,2479.24
158,2520,2471.72
159,2520,2474.15
160,2520,2476.06
161,2520,2467.97
162,2520,2463.86
163,2520,2488.38
164,2520,2475.16
165,2520,2473.29
166,2520,2470.57
167,2520,2476.16
168,2520,2488.12
169,2520,2478.3
170,2520,2484.15
171,2520,2480.26
172,2520,2472.4
173,2520,2475.1
174,2520,2491.25
175,2520,2481.21
176,2520,2477.84
177,2520,2469.75
178,2520,2485.95
179,2520,2487.6
180,2520,2468.97
181,2520,2487.97
182,2520,2488.8
183,2520,2483.35
184,2520,2475.03
185,2520,2480.52
186,2520,2496.92
187,2520,2487.05
188,2520,2480.05
189,2520,2480.05
190,2520,2492.21
191,2520,2476.66
192,2520,2487.93
193,2520,2481.35
194,2520,2484.69
195,2520,2488.22
196,2520,2454.13
197,2520,2492.69
198,2520,2483.13
199,2520,2481.4
200,2520,2470.65
201,2520,2473.07
202,2520,2479.21
203,2520,2491.18
204,2520,2476.96
205,2520,2480.56
206,2520,2473.89
207,2520,2473.16
208,2520,2482.99
209,2520,2483.59
210,2520,2485.07
211,2520,2479.83
212,2520,2474.85
213,2520,2484.54
214,2520,2481.43
215,2520,2487.39
216,2520,2482.61
217,2520,2484.8
218,2520,2484.12
219,2520,2478.99
220,2520,2482.07
221,2520,2489.03
222,2520,2492.55
223,2520,2475.37
224,2520,2483.69
225,2520,2483.11
226,2520,2486.84
227,2520,2486.32
228,2520,2486.68
229,2520,2484.22
230,2520,2485.8
231,2520,2483.73
232,2520,2475.24
233,2520,2481.54
234,2520,2487.88
235,2520,2476.31
236,2520,2478.6
237,2520,2479.23
238,2520,2481.46
239,2520,2485.21
240,2520,2484.29
241,2520,2472.92
242,2520,2478.42
243,2520,2475.91
244,2520,2486.42
245,2520,2467.5
246,2520,2485.62
247,2520,2484.88
248,2520,2482.62
249,2520,2487.91
250,2520,2478.55
251,2520,2482.47
252,2520,2489.8
253,2520,2478.06
254,2520,2488.75
255,2520,2480.21
256,2520,2483.38
257,2520,2485.01
258,2520,2489.47
259,2520,2491.39
260,2520,2484.44
261,2520,2485.89
262,2520,2485.27
263,2520,2487.32
264,2520,2474.09
265,2520,2483.5
266,2520,2494.05
267,2520,2491.87
268,2520,2500.91
269,2520,2485.21
270,2520,2486.59
271,2520,2483.64
272,2520,2481.79
273,2520,2479.4
274,2520,2486.94
275,2520,2485.89
276,2520,2482.31
277,2520,2481.87
278,2520,2479.85
279,2520,2477.01
280,2520,2477.91
281,2520,2471.69
282,2520,2487.55
283,2520,2486.74
284,2520,2488.2
285,2520,2491.01
286,2520,2470.23
287,2520,2480.84
288,2520,2456.02
289,2520,2494.69
290,2520,2482.86
291,2520,2485.07
292,2520,2484.91
293,2520,2478.73
294,2520,2484.29
295,2520,2493.99
296,2520,2486.51
297,2520,2475.71
298,2520,2476.99
299,2520,2489.94
Population size,100
Crossover rate,0.22
Mutation rate,0.87
Random selection portion,0.03
Selection method,AForge.Genetic.EliteSelection
Diversity check,True
Iteration,FitnessMax,FitnessAvg
0,2087,1606.97
1,2087,1757.11
2,2171,1876.86
3,2263,1957.02
4,2310,2049.82
5,2351,2110.91
6,2351,2157.03
7,2351,2178.69
8,2422,2230.83
9,2452,2265.76
10,2452,2288.13
11,2452,2309.15
12,2455,2329.61
13,2520,2336.06
14,2520,2366.51
15,2520,2364.44
16,2520,2373.93
17,2520,2386.57
18,2520,2376.04
19,2520,2393.24
20,2520,2428.7
21,2520,2422.01
22,2520,2443.56
23,2520,2445.82
24,2520,1595.67
25,2520,1731.33
26,2520,1900.05
27,2520,2008.65
28,2520,2106.55
29,2520,2217.34
30,2520,2265.49
31,2520,2305.6
32,2520,2333.93
33,2520,2367.86
34,2520,2389.27
35,2520,2410.05
36,2520,2421.59
37,2520,2428.34
38,2520,2443.33
39,2520,2452.2
40,2520,1532.88
41,2520,1707.85
42,2520,1821.96
43,2520,1900.45
44,2520,2009.16
45,2520,2073.07
46,2520,2145.74
47,2520,2217.04
48,2520,2287.55
49,2520,2322.75
50,2520,2340.43
51,2520,2380.1
52,2520,2390.71
53,2520,2429.36
54,2520,2445.17
55,2520,1624.59
56,2520,1820.51
57,2520,1951.87
58,2520,2037.99
59,2520,2120.24
60,2520,2177.33
61,2520,2221.01
62,2520,2277.27
63,2520,2311.53
64,2520,2353.8
65,2520,2389.55
66,2520,2400.7
67,2520,2428.49
68,2520,2433.68
69,2520,2439.25
70,2520,2450.84
71,2520,1565.35
72,2520,1749
73,2520,1848.98
74,2520,1934.44
75,2520,2024.47
76,2520,2096.23
77,2520,2170.48
78,2520,2246.69
79,2520,2304.75
80,2520,2343.7
81,2520,2388.1
82,2520,2411.27
83,2520,2423.41
84,2520,2440.9
85,2520,2461.48
86,2520,1606.28
87,2520,1734.03
88,2520,1870.67
89,2520,1956.96
90,2520,2042.98
91,2520,2137.42
92,2520,2202.3
93,2520,2253.82
94,2520,2293.21
95,2520,2310.43
96,2520,2345.58
97,2520,2384.36
98,2520,2400.31
99,2520,2391.74
100,2520,2430.27
101,2520,2441.47
102,2520,2451.71
103,2520,1583.71
104,2520,1784.74
105,2520,1909.44
106,2520,2017.43
107,2520,2090.1
108,2520,2179.26
109,2520,2215.8
110,2520,2311.35
111,2520,2346.1
112,2520,2358.86
113,2520,2398.09
114,2520,2406
115,2520,2429.29
116,2520,2448.03
117,2520,1666.05
118,2520,1843.71
119,2520,1942.51
120,2520,2048.82
121,2520,2114.83
122,2520,2174.6
123,2520,2213.22
124,2520,2280.74
125,2520,2306.54
126,2520,2358.45
127,2520,2376.57
128,2520,2397.45
129,2520,2414.6
130,2520,2431.11
131,2520,2445.65
132,2520,1634.54
133,2520,1798.07
134,2520,1896.31
135,2520,2006.63
136,2520,2093.72
137,2520,2161.65
138,2520,2232.11
139,2520,2290.68
140,2520,2349.26
141,2520,2386.99
142,2520,2410.27
143,2520,2432.34
144,2520,2439.09
145,2520,2436.8
146,2520,2459.96
147,2520,1625.3
148,2520,1780.24
149,2520,1895.37
150,2520,2016.91
151,2520,2088.62
152,2520,2181.96
153,2520,2251.94
154,2520,2284.99
155,2520,2322.31
156,2520,2355.37
157,2520,2392.74
158,2520,2405.88
159,2520,2425.66
160,2520,2435.57
161,2520,2444.24
162,2520,2469.54
163,2520,1612.49
164,2520,1794.68
165,2520,1912.11
166,2520,2008.84
167,2520,2108.03
168,2520,2181.75
169,2520,2246.43
170,2520,2311.41
171,2520,2348.76
172,2520,2381.97
173,2520,2427.7
174,2520,2431.62
175,2520,2441.4
176,2520,2466.43
177,2520,1534.87
178,2520,1715.65
179,2520,1847.73
180,2520,1964.04
181,2520,2063.63
182,2520,2143.44
183,2520,2248.54
184,2520,2288.54
185,2520,2329.51
186,2520,2376.03
187,2520,2394.72
188,2520,2433.32
189,2520,2445.01
190,2520,1553.03
191,2520,1715.82
192,2520,1850.97
193,2520,1949.6
194,2520,2053.63
195,2520,2153.1
196,2520,2211.23
197,2520,2284.98
198,2520,2321.43
199,2520,2359.33
200,2520,2374.28
201,2520,2403.28
202,2520,2414.59
203,2520,2428.36
204,2520,2441.36
205,2520,2455.46
206,2520,1585.22
207,2520,1781.37
208,2520,1898.48
209,2520,2006.79
210,2520,2116.29
211,2520,2213.82
212,2520,2267.5
213,2520,2314.53
214,2520,2355.76
215,2520,2392.34
216,2520,2413.65
217,2520,2426.98
218,2520,2437.51
219,2520,2447.52
220,2520,1626.38
221,2520,1806.5
222,2520,1933.14
223,2520,2006.42
224,2520,2063.37
225,2520,2154.53
226,2520,2223.04
227,2520,2265.84
228,2520,2307.18
229,2520,2357.17
230,2520,2390.58
231,2520,2423.62
232,2520,2443.7
233,2520,2448.93
234,2520,1555.27
235,2520,1716.85
236,2520,1827.14
237,2520,1942.97
238,2520,2068.93
239,2520,2150.69
240,2520,2239.23
241,2520,2305.8
242,2520,2344.46
243,2520,2372.63
244,2520,2406.4
245,2520,2427.12
246,2520,2435.44
247,2520,2455.08
248,2520,1597.84
249,2520,1749.01
250,2520,1876.23
251,2520,1968.27
252,2520,2076.56
253,2520,2178.95
254,2520,2264.02
255,2520,2318.97
256,2520,2352.1
257,2520,2390.31
258,2520,2419.03
259,2520,2441.15
260,2520,2457.65
261,2520,1595.92
262,2520,1763.86
263,2520,1853.87
264,2520,1978.99
265,2520,2093.57
266,2520,2169.06
267,2520,2231.11
268,2520,2277.59
269,2520,2330.33
270,2520,2350.1
271,2520,2373.87
272,2520,2394.61
273,2520,2407.88
274,2520,2414.03
275,2520,2423.26
276,2520,2455.44
277,2520,1631.98
278,2520,1777.25
279,2520,1896.1
280,2520,2003.27
281,2520,2100.25
282,2520,2144.84
283,2520,2204.46
284,2520,2234.11
285,2520,2291.75
286,2520,2341.05
287,2520,2351.92
288,2520,2392.12
289,2520,2415.1
290,2520,2429.69
291,2520,2448.76
292,2520,1634.08
293,2520,1810.6
294,2520,1911.49
295,2520,1983.79
296,2520,2066.66
297,2520,2122.24
298,2520,2184.45
299,2520,2232.22
Population size,100
Crossover rate,0.22
Mutation rate,0.87
Random selection portion,0.03
Selection method,AForge.Genetic.EliteSelection
Diversity check,True
Iteration,FitnessMax,FitnessAvg
0,2277,1625.33
1,2277,1763.35
2,2277,1886.32
3,2277,1951.77
4,2347,2040.01
5,2396,2090.92
6,2396,2150.13
7,2396,2193.83
8,2426,2224.22
9,2426,2270
10,2435,2294.2
11,2483,2324.41
12,2483,2348.95
13,2511,2359.4
14,2511,2378.91
15,2511,2366.16
16,2511,2378.33
17,2520,2417.26
18,2520,2417.66
19,2520,2438.96
20,2520,2450.37
21,2520,1557.49
22,2520,1758.78
23,2520,1876.11
24,2520,1978.59
25,2520,2063.99
26,2520,2152.1
27,2520,2207.21
28,2520,2270.36
29,2520,2309.53
30,2520,2349.88
31,2520,2388.58
32,2520,2409.89
33,2520,2434.13
34,2520,2438.21
35,2520,2444.17
36,2520,2443.88
37,2520,2468.93
38,2520,1599.24
39,2520,1748.21
40,2520,1879.53
41,2520,1998.82
42,2520,2082.6
43,2520,2140.07
44,2520,2215.82
45,2520,2261.79
46,2520,2297.06
47,2520,2327.01
48,2520,2345.58
49,2520,2370.47
Population size,100
Crossover rate,0.22
Mutation rate,0.87
Random selection portion,0.03
Selection method,AForge.Genetic.EliteSelection
Diversity check,True
Iteration,FitnessMax,FitnessAvg
0,2219,1539.51
1,2314,1704.5
2,2314,1819.57
3,2314,1938.18
4,2323,2029.03
5,2323,2090.92
6,2416,2136.78
7,2416,2178.51
8,2416,2217.53
9,2416,2248.97
10,2461,2267.32
11,2461,2301.28
12,2461,2323.53
13,2461,2344.09
14,2461,2354.24
15,2461,2352.63
16,2461,2379.9
17,2461,2388.6
18,2461,1577.31
19,2461,1713.6
20,2461,1804.18
21,2461,1889.57
22,2461,1958.91
23,2461,2055.13
24,2461,2115.7
25,2461,2202.28
26,2461,2263.13
27,2461,2297.96
28,2520,2326.67
29,2520,2362.22
