Population size,100
Crossover rate,0.66
Mutation rate,0.34
Random selection portion,0.03
Selection method,AForge.Genetic.RouletteWheelSelection
Diversity check,False
Iteration,FitnessMax,FitnessAvg
0,3215,2108.11
1,3256,2288.57
2,3256,2299.81
3,3128,2417.87
4,3143,2454.34
5,3172,2510.37
6,3246,2565.67
7,3121,2562.69
8,3121,2603.53
9,3307,2584.15
10,3307,2615.78
11,3354,2665.81
12,3354,2655.62
13,3354,2651.75
14,3354,2702.82
15,3354,2763.69
16,3354,2757.48
17,3354,2748.1
18,3354,2713.27
19,3381,2781.78
20,3351,2790.98
21,3351,2748.94
22,3370,2822.48
23,3578,2758.46
24,3440,2735.5
25,3380,2763.88
26,3380,2812.35
27,3380,2808.67
28,3344,2780.64
29,3349,2824.37
30,3338,2845.81
31,3366,2811.14
32,3378,2797.28
33,3378,2794.65
34,3417,2795.84
35,3484,2805.84
36,3484,2840.23
37,3378,2797.29
38,3284,2759.72
39,3284,2747.36
40,3258,2716.09
41,3385,2733.71
42,3385,2669.63
43,3279,2703.02
44,3384,2697.24
45,3384,2742.94
46,3342,2709.19
47,3378,2775.26
48,3441,2784.53
49,3545,2841.09
50,3545,2860.81
51,3389,2837.2
52,3389,2825.83
53,3389,2809.96
54,3389,2818.18
55,3389,2837.56
56,3398,2841.89
57,3441,2852.04
58,3441,2841.14
59,3482,2897.67
60,3516,2940.01
61,3516,2947.34
62,3516,2847.77
63,3516,2875.91
64,3516,2935.99
65,3516,2967.64
66,3516,2936.44
67,3516,2962.27
68,3516,2991.63
69,3516,2989.35
70,3516,2983.81
71,3469,2946.71
72,3456,2864.64
73,3482,2812.34
74,3482,2894.9
75,3586,2867.01
76,3523,2874.69
77,3413,2868.3
78,3413,2866.45
79,3412,2828.19
80,3443,2831.95
81,3443,2865.09
82,3462,2945.43
83,3462,2937.03
84,3462,2880.08
85,3462,2964.62
86,3462,2978.77
87,3462,2989.29
88,3462,2993.93
89,3520,2973.15
90,3520,2940.19
91,3520,3000.66
92,3520,2964.93
93,3520,2948.72
94,3520,2960.07
95,3520,3004.96
96,3616,3014.23
97,3616,2965.12
98,3433,2972.56
99,3433,2961.32
100,3433,2979.95
101,3433,3001.06
102,3424,2953.18
103,3416,2987.12
104,3457,2969.5
105,3457,2866.47
106,3373,2854.43
107,3457,2803.64
108,3361,2874.85
109,3361,2900.94
110,3361,2911.18
111,3361,2875.2
112,3223,2816.56
113,3306,2812.1
114,3302,2813.81
115,3520,2844.5
116,3520,2862.1
117,3520,2885.17
118,3520,2902.55
119,3441,2865.24
120,3429,2888.29
121,3429,2880.69
122,3289,2843.37
123,3438,2850.95
124,3438,2807.12
125,3438,2829.48
126,3471,2846.95
127,3471,2862.04
128,3311,2833.58
129,3329,2803.59
130,3300,2796.56
131,3282,2805.19
132,3282,2793.34
133,3444,2787.87
134,3611,2789.46
135,3611,2809.82
136,3611,2794.31
137,3310,2807.65
138,3439,2802.46
139,3439,2807.36
140,3468,2840.2
141,3471,2946.59
142,3521,2931.71
143,3351,2905.84
144,3351,2922.41
145,3383,2893.25
146,3341,2902.49
147,3297,2890.28
148,3448,2936.52
149,3448,2979.65
150,3432,2939.21
151,3432,2874.19
152,3432,2910.32
153,3444,2905.3
154,3484,2917.4
155,3484,2955.48
156,3532,2943.75
157,3553,2998.36
158,3553,3010.14
159,3636,3056.42
160,3636,3039.85
161,3623,3048.85
162,3623,3076.95
163,3623,3068.05
164,3636,3070.78
165,3636,3105.3
166,3544,3056.89
167,3631,3041.19
168,3623,3080.52
169,3623,3080.68
170,3623,3056.36
171,3623,3053.36
172,3623,2984.51
173,3601,2958.93
174,3601,2977.72
175,3642,2939.06
176,3642,2910.56
177,3642,2878.95
178,3642,2860.72
179,3642,2887.83
180,3506,2899.56
181,3506,2987.37
182,3506,2993.83
183,3507,2938.07
184,3507,2911.39
185,3484,2923.73
186,3478,2971.82
187,3506,3064.35
188,3618,3022.17
189,3618,3026.65
190,3506,2996.01
191,3553,2984.21
192,3553,3000.33
193,3506,2987.11
194,3542,3016.48
195,3556,3018.77
196,3506,3017.17
197,3505,2917.49
198,3649,2959.26
199,3505,2971.68
200,3506,2927.52
201,3657,2937.95
202,3505,2964.47
203,3505,3034.97
204,3582,3015.55
205,3582,3001.81
206,3582,2989.12
207,3649,3085.96
208,3582,3031.1
209,3611,3065.49
210,3640,3025.8
211,3640,2989.95
212,3611,3009.52
213,3611,3020.35
214,3611,3075.4
215,3611,3096.46
216,3582,3004.91
217,3582,2906.59
218,3582,2924.33
219,3562,2955.67
220,3611,3126.41
221,3611,3098.8
222,3562,3069.18
223,3553,3102.02
224,3553,3091.11
225,3620,3038.32
226,3570,3013.85
227,3570,3045.31
228,3570,3097.75
229,3570,3059.99
230,3570,3041.7
231,3570,3035.94
232,3570,2992.92
233,3570,3032.67
234,3545,3045.04
235,3474,3070.37
236,3476,3088.14
237,3534,3032.88
238,3534,2966.42
239,3453,3022.12
240,3518,2941.42
241,3518,3003.52
242,3503,3002.24
243,3503,3021.24
244,3435,2990.5
245,3572,2997.68
246,3461,2970.82
247,3411,2955.74
248,3411,2955.64
249,3542,2961.94
250,3481,2986.78
251,3481,2970.66
252,3481,2982.4
253,3481,2979.76
254,3481,2943.62
255,3282,2841
256,3378,2866.73
257,3378,2938.81
258,3378,2927.51
259,3386,2930.11
260,3403,2950.29
261,3386,2889.25
262,3386,2846.48
263,3462,2908.12
264,3462,2914.61
265,3566,2857.07
266,3378,2859.24
267,3338,2846.23
268,3350,2844.67
269,3468,2891.77
270,3468,2912.81
271,3468,2927.25
272,3476,2913.39
273,3546,2874.82
274,3391,2843.21
275,3391,2853.12
276,3422,2852.13
277,3432,2885.52
278,3432,2907.98
279,3432,2911.64
280,3579,2899.78
281,3432,2944.41
282,3432,3013
283,3554,2944.29
284,3554,2981.89
285,3515,3029.08
286,3532,3018.61
287,3418,3033.32
288,3461,2979.89
289,3417,2990.26
290,3415,2917.83
291,3489,2970.42
292,3489,2978.76
293,3605,2964.43
294,3549,2938.94
295,3549,2944.72
296,3515,2950.16
297,3524,2971.42
298,3486,2982.2
299,3628,2955.65
Population size,100
Crossover rate,0.66
Mutation rate,0.34
Random selection portion,0.03
Selection method,AForge.Genetic.RouletteWheelSelection
Diversity check,True
Iteration,FitnessMax,FitnessAvg
0,2934,2102.41
1,2934,2184.83
2,3106,2301.69
3,3149,2374.83
4,3318,2451.32
5,3318,2475.86
6,3318,2521.31
7,3092,2540.99
8,3092,2594.72
9,3173,2603.11
10,3173,2601.21
11,3173,2619.19
12,3386,2579.2
13,3284,2603.83
14,3295,2609.35
15,3317,2658.2
16,3454,2673.44
17,3295,2650.45
18,3295,2710.68
19,3295,2692.86
20,3295,2639.63
21,3295,2692.13
22,3295,2676.29
23,3295,2675.88
24,3325,2739.83
25,3325,2741.98
26,3429,2787.71
27,3429,2727
28,3429,2707.09
29,3429,2723.66
30,3429,2733.62
31,3297,2710.51
32,3297,2757.31
33,3297,2747.88
34,3297,2806.85
35,3297,2782.49
36,3460,2809.74
37,3466,2772.42
38,3466,2736.03
39,3466,2741.43
40,3466,2850.49
41,3469,2826.14
42,3466,2841.13
43,3466,2817.9
44,3466,2830.02
45,3466,2873.54
46,3466,2924.7
47,3417,2882.91
48,3417,2897.65
49,3620,2866.8
50,3620,2891.54
51,3608,2886.68
52,3487,2860.82
53,3614,2882.45
54,3584,2934.21
55,3529,2898.05
56,3529,3002.23
57,3476,2961.96
58,3500,2968.9
59,3581,2952.83
60,3500,2945.64
61,3500,2947.41
62,3571,2931.62
63,3571,2930.62
64,3596,2905.21
65,3596,3003.55
66,3596,2991.65
67,3605,3002.06
68,3625,3081.25
69,3654,3127.64
70,3654,3144.11
71,3596,3122.52
72,3596,3142.64
73,3605,3163.88
74,3634,3130.05
75,3598,3095.26
76,3607,3068.02
77,3634,3132.67
78,3634,3092.28
79,3667,3106.15
80,3667,3091.59
81,3634,3131.78
82,3634,3070.35
83,3634,3085.09
84,3658,3039.99
85,3658,3033.19
86,3596,3051.55
87,3625,3071.01
88,3625,3048.76
89,3634,3038.92
90,3634,3013.35
91,3761,3006.73
92,3634,2980.11
93,3634,2968.02
94,3634,2991.45
95,3625,2955.37
96,3625,2990.55
97,3625,3008.95
98,3625,2988.8
99,3625,2968.08
100,3625,2929.35
101,3625,2961.96
102,3625,2952.29
103,3625,2959.9
104,3625,2943.29
105,3658,2916.46
106,3625,2960.6
107,3625,3014.03
108,3625,3040.87
109,3625,3064.48
110,3625,3063.74
111,3596,3047.2
112,3596,3045.66
113,3596,3029
114,3521,2988.89
115,3578,3019.25
116,3578,2969.73
117,3625,2948.15
118,3643,2957.21
119,3643,2997.06
120,3643,2980.27
121,3643,2979.45
122,3614,3017.53
123,3614,3015.43
124,3614,3031.03
125,3564,2963.72
126,3584,2979.83
127,3611,3004.26
128,3564,3044.99
129,3564,2990.01
130,3552,3015.25
131,3572,2959.6
132,3572,2931.34
133,3543,2927.83
134,3543,2965.76
135,3581,2881.43
136,3581,2798.7
137,3581,2851.65
138,3581,2938.63
139,3581,2913.31
140,3581,2883.88
141,3581,2890.66
142,3503,2950.86
143,3502,2942.47
144,3480,2914.5
145,3405,2828.47
146,3543,2832.58
147,3572,2858.74
148,3543,2796.47
149,3543,2839.12
150,3543,2881
151,3415,2875.86
152,3436,2849.49
153,3406,2889.79
154,3405,2908.21
155,3405,2874.84
156,3405,2880.11
157,3405,2833.3
158,3405,2878.15
159,3456,2949.75
160,3456,2954.98
161,3415,2902.57
162,3415,2874.18
163,3415,2893.86
164,3415,2910.16
165,3415,2897.42
166,3466,2914.64
167,3466,2938.27
168,3496,2936.27
169,3497,2985.74
170,3496,3011.78
171,3397,2990.58
172,3397,2919.93
173,3409,2887.43
174,3466,2933.66
175,3329,2908.9
176,3329,2924.41
177,3317,2896.4
178,3447,2900.49
179,3301,2865.28
180,3290,2882.13
181,3288,2858.41
182,3311,2865.82
183,3466,2825.3
184,3466,2808.83
185,3466,2799.65
186,3466,2867.88
187,3556,2861.07
188,3556,2822.7
189,3466,2800.19
190,3466,2795.89
191,3466,2788.26
192,3446,2843.56
193,3446,2862.37
194,3438,2852.23
195,3515,2909.78
196,3515,2913.91
197,3486,2941.37
198,3486,2974.04
199,3507,2975.14
200,3515,2988.93
201,3515,3015.93
202,3515,3036.65
203,3486,3077.97
204,3615,3084.92
205,3615,3134.6
206,3615,3132.51
207,3615,3133.46
208,3615,3106.72
209,3615,3111.31
210,3615,3052.98
211,3615,3029.56
212,3615,3015.88
213,3615,3048.01
214,3575,2999.79
215,3575,3017.6
216,3575,3009.67
217,3575,3004.34
218,3497,2962.2
219,3506,2980.13
220,3506,2961.23
221,3506,3007.88
222,3513,3004.66
223,3523,3032.51
224,3612,3046.34
225,3612,3042.11
226,3526,3039.75
227,3526,3049.76
228,3535,3037.8
229,3535,3003.78
230,3556,2985.92
231,3556,2940.12
232,3556,2936.01
233,3556,2983.05
234,3556,3051.67
235,3556,3045.84
236,3556,3076.28
237,3555,3067
238,3556,3131.76
239,3531,3135.61
240,3585,3153.46
241,3531,3137.11
242,3531,3163.12
243,3695,3139.57
244,3633,3175.61
245,3586,3160.71
246,3585,3099.69
247,3585,3113.33
248,3585,3122.17
249,3585,3159.54
250,3585,3139.02
251,3585,3159.33
252,3585,3161.84
253,3585,3172.36
254,3687,3179.39
255,3687,3159.44
256,3578,3163.49
257,3685,3172.54
258,3685,3224.53
259,3685,3213.5
260,3639,3149.04
261,3639,3181.99
262,3639,3062.02
263,3639,3083.73
264,3639,3035.37
265,3580,3039.32
266,3580,3059.66
267,3596,3031.15
268,3580,2960.54
269,3668,3012.15
270,3668,2983.3
271,3668,2996.04
272,3662,3021.14
273,3662,3006.72
274,3662,2980.03
275,3662,3046.12
276,3662,3078.63
277,3662,3017.22
278,3662,3007.07
279,3662,3042.58
280,3662,3028.35
281,3662,3072.1
282,3662,3028.44
283,3662,3021.37
284,3658,3039.63
285,3658,3028.19
286,3600,3031.87
287,3600,3049.2
288,3600,3066.7
289,3649,3040.63
290,3649,3125.55
291,3590,3075.91
292,3590,3113.52
293,3686,3063.52
294,3619,3134.08
295,3619,3140.81
296,3619,3184.03
297,3619,3168.2
298,3619,3159.98
299,3619,3123.62
Population size,100
Crossover rate,0.51
Mutation rate,0.79
Random selection portion,0.03
Selection method,AForge.Genetic.RankSelection
Diversity check,True
Iteration,FitnessMax,FitnessAvg
0,3264,2312.03
1,3293,2478.12
2,3293,2654.44
3,3293,2800.58
4,3447,2860.21
5,3447,2901.38
6,3447,2990.06
7,3443,3033.67
8,3570,3094.04
9,3570,3181.58
10,3476,3193.85
11,3635,3275.91
12,3522,3289.42
13,3522,3244.54
14,3522,3258.78
15,3547,3315.24
16,3547,3339.8
17,3547,3361.15
18,3547,3404.73
19,3563,3404.19
20,3585,3412
21,3610,3390.17
22,3610,3371.99
23,3610,3414.58
24,3616,3401.5
25,3616,3396.95
26,3616,3390.39
27,3616,3454.74
28,3637,3482.44
29,3637,3453.65
30,3637,3475.44
31,3637,3453.92
32,3637,3495.07
33,3637,3480.63
34,3637,3475.6
35,3637,3510.9
36,3637,3499.37
37,3637,3523.68
38,3637,3529.32
39,2873,2281.45
40,3055,2401.71
41,3085,2571.44
42,3252,2654.39
43,3074,2766.91
44,3352,2855.26
45,3361,2937.08
46,3361,2998.85
47,3443,3082.98
48,3443,3147.36
49,3537,3197.63
50,3572,3244.92
51,3664,3308.49
52,3664,3335.03
53,3664,3352.2
54,3741,3403.58
55,3741,3432.52
56,3741,3409.59
57,3741,3486.49
58,3741,3451.79
59,3741,3537.95
60,3741,3565.33
61,3741,3570.91
62,3741,3489.85
63,3741,3568.74
64,3741,3588.23
65,3770,3574.11
66,3770,3580.32
67,3770,3593.33
68,3770,3629.41
69,3770,3619.97
70,3770,3662.13
71,2992,2248.56
72,3071,2391.75
73,3096,2535.44
74,3150,2669.27
75,3446,2746.39
76,3446,2801.12
77,3446,2911.44
78,3446,3004.6
79,3462,3075.81
80,3462,3119.92
81,3446,3110.05
82,3446,3190.44
83,3516,3207.99
84,3503,3247.58
85,3591,3280.39
86,3504,3246.47
87,3526,3268.73
88,3586,3293.64
89,3599,3334.9
90,3599,3381.06
91,3599,3369.75
92,3599,3353.14
93,3599,3368.05
94,3589,3345.92
95,3674,3391.32
96,3674,3434.87
97,3674,3468.88
98,3674,3466.97
99,3674,3498.5
100,3674,3458.86
101,3674,3516.93
102,3674,3502.83
103,3703,3489.93
104,3703,3504.11
105,3703,3563.15
106,3703,3581.83
107,3703,3572.08
108,3703,3595.4
109,2896,2237.21
110,2943,2386.84
111,3137,2554.59
112,3206,2653.03
113,3206,2737.97
114,3209,2846.83
115,3216,2902.76
116,3424,2985.44
117,3439,3035.18
118,3494,3007.53
119,3439,3144.52
120,3465,3198.2
121,3514,3223.38
122,3586,3206.47
123,3539,3269.54
124,3539,3215.37
125,3539,3327.55
126,3539,3308.57
127,3539,3342.11
128,3514,3361.23
129,3525,3366.45
130,3563,3372.58
131,3599,3376.59
132,3599,3318.59
133,3563,3204.03
134,3563,3353.1
135,3563,3432.96
136,3563,3407.48
137,3563,3380.95
138,3628,3313.72
139,3563,3402.12
140,3643,3421.97
141,3643,3388.09
142,3563,3449.35
143,3563,3463.41
144,3563,2317.84
145,3563,2513.6
146,3563,2685.6
147,3601,2796.29
148,3601,2902.09
149,3630,3041.08
150,3664,3192.1
151,3664,3278.55
152,3664,3329.67
153,3664,3324.28
154,3664,3345.93
155,3690,3422.99
156,3690,3380.51
157,3690,3382.12
158,3664,3443.7
159,3664,3464.03
160,3680,3457.47
161,3680,3502.73
162,3680,3482.26
163,3680,3456.01
164,3768,3544.05
165,3768,3543.35
166,3768,3456.1
167,3768,3425.32
168,3768,3536.93
169,3768,3454.78
170,3768,3549.16
171,3768,3524.51
172,3768,3524.09
173,3768,3526.28
174,3768,3509.63
175,3768,3578.01
176,3768,3529.25
177,3768,3628.03
178,3768,3631.65
179,3768,3576.31
180,3768,3651.49
181,3768,3667.14
182,3768,2181.89
183,3768,2340.1
184,3539,2440.93
185,3539,2571.22
186,3496,2695.63
187,3556,2897.96
188,3556,2963.28
189,3659,3120.07
190,3659,3188.49
191,3618,3305.27
192,3661,3345.96
193,3719,3370.21
194,3719,3419.52
195,3739,3458.69
196,3739,3468.36
197,3739,3402.13
198,3719,3405.06
199,3770,3492.41
200,3734,3547.41
201,3734,3528.12
202,3739,3571.01
203,3739,3565.61
204,3739,3562.88
205,3739,3493.99
206,3734,3598.91
207,3734,3601.42
208,3734,3623.24
209,2941,2207.67
210,3051,2453.18
211,3233,2629.64
212,3158,2743.23
213,3262,2809.46
214,3262,2850.82
215,3393,2958.78
216,3391,2954.53
217,3432,3045.04
218,3565,3109.15
219,3565,3083.38
220,3565,3181.54
221,3565,3247.79
222,3565,3258.31
223,3574,3304.43
224,3596,3319.08
225,3635,3355.64
226,3617,3416.59
227,3617,3395.22
228,3692,3500.81
229,3731,3455.49
230,3692,3492.51
231,3721,3508.54
232,3721,3522.82
233,3760,3470.16
234,3760,3428.94
235,3721,3439.05
236,3719,3490.1
237,3699,3468.62
238,3760,3533.7
239,3760,3458.63
240,3760,3546.07
241,3760,3536.9
242,3760,3563.59
243,3760,3538.47
244,3760,3509.88
245,3760,3403.02
246,3760,3530.45
247,3760,3594.06
248,3760,3520.9
249,3760,3563.7
250,3760,3621.62
251,3760,3641.12
252,3768,3578.11
253,3760,3665.3
254,2757,2177.18
255,2961,2374.32
256,2961,2525.75
257,3056,2655.65
258,3074,2760.07
259,3232,2831.65
260,3232,2811.61
261,3232,2862.22
262,3232,2876.91
263,3351,2867.02
264,3251,2943.04
265,3336,2973.7
266,3385,3001.23
267,3447,3086.37
268,3512,3168.67
269,3483,3215.9
270,3512,3260.3
271,3512,3277.31
272,3507,3260.19
273,3507,3314.83
274,3585,3308.73
275,3585,3329.54
276,3642,3364.71
277,3608,3404.49
278,3585,3294.23
279,3587,3387.66
280,3613,3414.97
281,3649,3403.95
282,3683,3409.46
283,3683,3448.54
284,3683,3441.68
285,3683,3457.29
286,3683,3489.53
287,3683,3355.83
288,3683,3505.87
289,3701,3536.19
290,3701,3532.24
291,3701,3543.96
292,3761,3535.56
293,3761,3526
294,3761,3573.79
295,3761,3560.45
296,3761,3553.6
297,3761,3531.12
298,3761,3590.56
299,3761,3591.47
Population size,100
Crossover rate,0.51
Mutation rate,0.79
Random selection portion,0.03
Selection method,AForge.Genetic.RankSelection
Diversity check,False
Iteration,FitnessMax,FitnessAvg
0,3020,2360.82
1,3156,2481.23
2,3212,2630.03
3,3253,2703.34
4,3380,2818.44
5,3380,2904.63
6,3458,2997.9
7,3458,3071.48
8,3458,3090.32
9,3476,3148.42
10,3487,3196.62
11,3569,3246.56
12,3569,3262.73
13,3589,3304.14
14,3589,3353.02
15,3589,3314.7
16,3589,3349.67
17,3669,3368.63
18,3669,3409.25
19,3700,3444.91
20,3700,3416.53
21,3700,3487.97
22,3721,3494.94
23,3721,3537.84
24,3700,3550.74
25,3700,3543.44
26,3707,3530.98
27,3707,3515.04
28,3707,3571.03
29,3707,3571.48
30,3700,3574.89
31,3700,3576.15
32,3700,3599.33
33,3707,3573.83
34,3707,3599.47
35,3707,3582.91
36,3707,3546.03
37,3707,3580.33
38,3707,3576.91
39,3707,3604.59
40,3707,3542.04
41,3707,3534.35
42,3707,3401.35
43,3707,3554.95
44,3707,3485.26
45,3707,3481.02
46,3707,3521.67
47,3707,3556.1
48,3707,3538.6
49,3707,3583.18
50,3707,3584.08
51,3707,3580.24
52,3707,3527.11
53,3707,3567.87
54,3707,3594.93
55,3707,3580.71
56,3707,3554.42
57,3707,3562.46
58,3707,3637.79
59,3707,3623.95
60,3707,3637.48
61,3707,3618.85
62,3707,3585.93
63,3707,3591.22
64,3707,3549.06
65,3707,3569.46
66,3707,3546.55
67,3729,3553.92
68,3707,3599.64
69,3707,3614.87
70,3707,3556.7
71,3707,3585.07
72,3707,3586.14
73,3707,3623.92
74,3707,3600.55
75,3707,3629.65
76,3707,3615.2
77,3707,3605.59
78,3707,3613.63
79,3707,3541.63
80,3707,3621.21
81,3707,3553.25
82,3761,3593.69
83,3761,3615.43
84,3761,3600.53
85,3761,3561.27
86,3761,3586.74
87,3761,3598.62
88,3761,3610.75
89,3761,3579.01
90,3761,3610.62
91,3761,3496.23
92,3761,3640.68
93,3761,3634.62
94,3761,3563.6
95,3761,3577.56
96,3761,3574.02
97,3761,3564.2
98,3761,3639.64
99,3761,3594.68
100,3761,3516.14
101,3761,3563.44
102,3761,3582.89
103,3761,3595.98
104,3761,3603.91
105,3761,3648.19
106,3761,3629.1
107,3761,3631.73
108,3761,3611.64
109,3761,3614.66
110,3761,3651.34
111,3761,3649.85
112,3761,3658.54
113,3761,3651.12
114,3761,3662.58
115,3761,3616.84
116,3761,3587.67
117,3761,3641.75
118,3761,3627.05
119,3761,3645.04
120,3761,3616.18
121,3761,3649.54
122,3761,3611.87
123,3761,3635.85
124,3761,3559.28
125,3761,3564.7
126,3761,3624.41
127,3761,3632.44
128,3761,3665.63
129,3761,3675.24
130,3761,3648.12
131,3761,3647.86
132,3761,3658.72
133,3761,3672.72
134,3761,3626.95
135,3761,3636.91
136,3761,3672.44
137,3761,3635.22
138,3761,3614.89
139,3761,3675.49
140,3761,3642.09
141,3761,3537.65
142,3761,3665.24
143,3761,3678.1
144,3761,3668.98
145,3761,3635.96
146,3761,3506.79
147,3761,3654.53
148,3761,3671.75
149,3761,3634.27
150,3761,3621.16
151,3761,3642.68
152,3761,3656.63
153,3761,3653.98
154,3761,3625.6
155,3761,3634.29
156,3761,3682.14
157,3761,3682.13
158,3761,3684.19
159,3761,3667.14
160,3761,3650.55
161,3761,3660.08
162,3761,3634.87
163,3761,3598.98
164,3761,3616.07
165,3761,3665.08
166,3761,3651.3
167,3761,3668.92
168,3761,3632.1
169,3761,3622.95
170,3761,3640.24
171,3761,3637.09
172,3761,3677.32
173,3761,3671.87
174,3761,3615.97
175,3761,3630.58
176,3761,3610.58
177,3761,3668.7
178,3761,3656.87
179,3761,3638.07
180,3761,3665.55
181,3761,3648.99
182,3761,3643.94
183,3761,3671.84
184,3761,3641.26
185,3761,3681.02
186,3761,3679.14
187,3761,3674.68
188,3761,3665.09
189,3761,3671.64
190,3761,3643.23
191,3761,3651.04
192,3761,3650.12
193,3761,3675.64
194,3761,3642.02
195,3761,3625.7
196,3761,3664.58
197,3761,3653.39
198,3761,3606.47
199,3761,3633.69
200,3761,3655.2
201,3761,3670.11
202,3761,3578.81
203,3761,3610.37
204,3761,3604.38
205,3761,3651.09
206,3761,3649
207,3761,3638.7
208,3761,3603.95
209,3761,3685.16
210,3761,3653.05
211,3761,3639.8
212,3761,3666.85
213,3761,3640.32
214,3761,3669.7
215,3761,3659.27
216,3761,3637.62
217,3761,3662.05
218,3761,3625.04
219,3761,3670.79
220,3761,3690.02
221,3761,3638.61
222,3761,3642.9
223,3761,3637.96
224,3761,3665.98
225,3761,3652.41
226,3761,3594.56
227,3761,3661.58
228,3761,3684.25
229,3761,3658.9
230,3761,3603.73
231,3761,3674.12
232,3761,3687.39
233,3761,3653.79
234,3761,3657.2
235,3761,3658.79
236,3761,3635.96
237,3761,3628.45
238,3761,3623.82
239,3761,3656.57
240,3761,3612.89
241,3761,3606.18
242,3761,3680.28
243,3761,3636.31
244,3761,3645.55
245,3761,3635.71
246,3761,3621.55
247,3761,3662.28
248,3761,3624.66
249,3761,3665.64
250,3761,3618.33
251,3761,3653.87
252,3761,3631.36
253,3761,3653.65
254,3761,3650.92
255,3761,3623.49
256,3761,3650.49
257,3761,3621.23
258,3761,3639.74
259,3761,3638.94
260,3761,3623.89
261,3761,3634.48
262,3761,3634.42
263,3761,3675.55
264,3761,3626.44
265,3761,3585.47
266,3761,3560.13
267,3761,3655.32
268,3761,3675.88
269,3761,3657.6
270,3761,3681.36
271,3761,3679.73
272,3761,3657.51
273,3761,3687.03
274,3761,3545.63
275,3761,3634.62
276,3761,3607.06
277,3761,3668.34
278,3761,3654.04
279,3761,3682.84
280,3761,3664.13
281,3761,3644.29
282,3761,3591.12
283,3761,3622.12
284,3761,3617.1
285,3761,3671.99
286,3761,3647.2
287,3761,3665.95
288,3761,3666.93
289,3761,3663.63
290,3761,3676.4
291,3761,3636.13
292,3761,3670.46
293,3761,3661
294,3761,3649.35
295,3761,3652.73
296,3761,3676.9
297,3761,3648.6
298,3761,3649.46
299,3761,3628.34
Population size,100
Crossover rate,0.22
Mutation rate,0.87
Random selection portion,0.03
Selection method,AForge.Genetic.EliteSelection
Diversity check,False
Iteration,FitnessMax,FitnessAvg
0,3252,2380.87
1,3261,2570.27
2,3261,2703.17
3,3337,2833.83
4,3337,2941.68
5,3509,3067.61
6,3605,3137.03
7,3605,3230.12
8,3605,3303.68
9,3644,3350.38
10,3644,3419.86
11,3684,3455
12,3684,3484.66
13,3684,3503
14,3735,3537.21
15,3735,3555.95
16,3735,3560.44
17,3735,3575.61
18,3735,3577.15
19,3735,3579.45
20,3735,3567.81
21,3735,3598.68
22,3735,3617.03
23,3739,3608.49
24,3742,3645.1
25,3742,3652.94
26,3742,3656.77
27,3742,3652.77
28,3742,3671.38
29,3742,3677.04
30,3742,3676.57
31,3768,3685.8
32,3768,3679.85
33,3768,3669.99
34,3768,3686.23
35,3768,3691.56
36,3768,3688.08
37,3768,3693.07
38,3768,3659.7
39,3768,3690.31
40,3768,3686.82
41,3768,3692.76
42,3768,3702.87
43,3768,3686.71
44,3768,3686.72
45,3768,3667.6
46,3768,3690.97
47,3768,3695.05
48,3768,3705.4
49,3768,3708.45
50,3768,3692.91
51,3768,3698.75
52,3768,3685.61
53,3768,3686.93
54,3768,3699.36
55,3768,3710.16
56,3768,3715.38
57,3768,3718.2
58,3768,3720.76
59,3768,3715.06
60,3768,3716.29
61,3768,3682.76
62,3768,3718.83
63,3768,3722.87
64,3768,3725
65,3768,3721.49
66,3768,3706.32
67,3768,3725.64
68,3768,3708.61
69,3768,3709.81
70,3768,3679.28
71,3768,3724.38
72,3768,3728.1
73,3768,3718.36
74,3768,3714.73
75,3768,3721.15
76,3768,3700.69
77,3768,3714.29
78,3768,3727.06
79,3768,3703.26
80,3768,3716.5
81,3768,3707.5
82,3768,3711.17
83,3768,3696.77
84,3768,3715.62
85,3768,3721.21
86,3768,3700.25
87,3768,3700.36
88,3768,3712.73
89,3768,3724.05
90,3768,3717.51
91,3768,3721
92,3768,3704.03
93,3768,3706.14
94,3768,3715.76
95,3768,3693.15
96,3768,3720.05
97,3768,3728.15
98,3768,3730.86
99,3768,3715.89
100,3768,3709.34
101,3768,3722.19
102,3768,3717.73
103,3768,3718.15
104,3768,3723.78
105,3768,3724.71
106,3768,3717.6
107,3768,3718.1
108,3768,3712.6
109,3768,3712.25
110,3768,3713.02
111,3768,3707.43
112,3768,3712.18
113,3768,3724.41
114,3768,3706.96
115,3768,3719.1
116,3768,3723.19
117,3768,3719.59
118,3768,3724.11
119,3768,3710.16
120,3768,3718.77
121,3768,3704.5
122,3768,3714.75
123,3768,3716.29
124,3768,3711.98
125,3768,3711.5
126,3768,3728.59
127,3768,3715.58
128,3768,3699.81
129,3768,3718.01
130,3768,3716.23
131,3768,3726.53
132,3768,3713.3
133,3768,3712.17
134,3768,3714.19
135,3768,3720.14
136,3768,3721.54
137,3768,3708.78
138,3768,3719.78
139,3768,3722.06
140,3768,3713.7
141,3768,3720.3
142,3768,3714.16
143,3768,3714.99
144,3768,3714.96
145,3768,3708.97
146,3768,3715.07
147,3768,3722.57
148,3768,3697.04
149,3768,3707.45
150,3768,3719.85
151,3768,3711.52
152,3768,3695.03
153,3768,3704.15
154,3768,3717.2
155,3768,3717.03
156,3768,3709.77
157,3768,3715.94
158,3768,3710.75
159,3768,3709.76
160,3768,3713.44
161,3768,3719.3
162,3768,3720.36
163,3768,3724.08
164,3768,3721.59
165,3768,3714.12
166,3768,3722.85
167,3768,3719.17
168,3768,3720.18
169,3768,3726.52
170,3768,3709.7
171,3768,3716.68
172,3768,3714.08
173,3768,3722.73
174,3768,3716.2
175,3768,3709.64
176,3768,3716.64
177,3768,3714.19
178,3768,3701.34
179,3768,3720.17
180,3768,3709.89
181,3768,3713.93
182,3768,3717.08
183,3768,3717.77
184,3768,3707.72
185,3768,3725.8
186,3768,3728.02
187,3768,3724.28
188,3768,3709.14
189,3768,3717.2
190,3768,3706.29
191,3768,3726.06
192,3768,3722.93
193,3768,3715.37
194,3768,3729.29
195,3768,3708.12
196,3768,3720.28
197,3768,3712.43
198,3768,3714.61
199,3768,3687.36
200,3768,3719.73
201,3768,3717.16
202,3768,3731.02
203,3768,3713.68
204,3768,3716.19
205,3768,3724.18
206,3768,3703.35
207,3768,3715.04
208,3768,3704.41
209,3768,3710.47
210,3768,3675.9
211,3768,3714.78
212,3768,3719.44
213,3768,3713.35
214,3768,3728.19
215,3768,3720.46
216,3768,3722.74
217,3768,3714.47
218,3768,3715.15
219,3768,3715.36
220,3768,3720.82
221,3768,3711.53
222,3768,3703.15
223,3768,3722.67
224,3768,3722.55
225,3768,3715.72
226,3768,3708.9
227,3768,3714.03
228,3768,3726.32
229,3768,3711.61
230,3768,3714.82
231,3768,3716.64
232,3768,3704.35
233,3768,3690.22
234,3768,3715.37
235,3768,3710.8
236,3768,3711.45
237,3768,3697.66
238,3768,3713.37
239,3768,3717.75
240,3768,3712.06
241,3768,3712.08
242,3768,3717.96
243,3768,3710.55
244,3768,3722.41
245,3768,3711.06
246,3768,3723.56
247,3768,3721.71
248,3768,3725.86
249,3768,3717.83
250,3768,3723.71
251,3768,3702.22
252,3768,3707.67
253,3768,3722.26
254,3768,3722.68
255,3768,3718.37
256,3768,3701.03
257,3768,3688.73
258,3768,3731.34
259,3768,3702.21
260,3768,3719.41
261,3768,3702.66
262,3768,3703.78
263,3768,3711.02
264,3768,3722.42
265,3768,3711.83
266,3768,3711.22
267,3768,3711.2
268,3768,3695.01
269,3768,3711.67
270,3768,3723.82
271,3768,3736.14
272,3768,3715.67
273,3768,3707.26
274,3768,3718.63
275,3768,3708.94
276,3768,3702.04
277,3768,3710.21
278,3768,3719.5
279,3768,3705.92
280,3768,3708.89
281,3768,3719.61
282,3768,3726.32
283,3768,3691.06
284,3768,3710.96
285,3768,3721.11
286,3768,3710.22
287,3768,3716.17
288,3768,3717.53
289,3768,3716.27
290,3768,3725.27
291,3768,3707.01
292,3768,3720.03
293,3768,3731.02
294,3768,3725.63
295,3768,3702.04
296,3768,3714.68
297,3768,3705.33
298,3768,3726.28
299,3768,3714.76
Population size,100
Crossover rate,0.22
Mutation rate,0.87
Random selection portion,0.03
Selection method,AForge.Genetic.EliteSelection
Diversity check,True
Iteration,FitnessMax,FitnessAvg
0,3244,2400.26
1,3244,2578.24
2,3442,2734.83
3,3442,2892.28
4,3569,3024.29
5,3580,3134.68
6,3580,3213.55
7,3580,3283.4
8,3641,3352.7
9,3697,3402.94
10,3697,3442.58
11,3697,3471.29
12,3727,3520.12
13,3727,3550.86
14,3768,3564.87
15,3768,3588.28
16,3768,3600.02
17,3770,3613.54
18,3770,3625.17
19,3770,3636.05
20,3770,3646.45
21,3770,3650.7
22,3770,3671.71
23,3770,2436.19
24,3770,2579.79
25,3770,2755.46
26,3770,2890.35
27,3770,2989.49
28,3770,3089.99
29,3770,3183.35
30,3770,3271.74
31,3770,3347.13
32,3770,3420.61
33,3770,3510.69
34,3770,3527.21
35,3770,3563.2
36,3770,3577.38
37,3770,3584.96
38,3770,3596.66
39,3773,3641.97
40,3773,3665.31
41,3773,2426.6
42,3773,2674.74
43,3773,2841.51
44,3773,2942.6
45,3773,3052.59
46,3773,3166.32
47,3773,3275.46
48,3773,3366.73
49,3773,3433.01
50,3773,3482.07
51,3773,3517.71
52,3773,3558.32
53,3773,3584.02
54,3773,3602.76
55,3773,3638.51
56,3773,3655.44
57,3773,3646.91
58,3773,3668.95
59,3773,2382.4
60,3773,2644.21
61,3773,2824.45
62,3773,2977.71
63,3773,3129.15
64,3773,3258.3
65,3773,3350.82
66,3773,3420.68
67,3773,3492.52
68,3773,3508.61
69,3773,3553.17
70,3773,3587.95
71,3773,3603.37
72,3773,3634.09
73,3773,3654.76
74,3773,3672.21
75,3773,2369.92
76,3773,2521.13
77,3773,2642.98
78,3773,2815.96
79,3773,2958.44
80,3773,3125.83
81,3773,3266.18
82,3773,3355.94
83,3773,3450.47
84,3773,3517.61
85,3773,3574.22
86,3773,3609.55
87,3773,3631.42
88,3773,3655.84
89,3773,3642.1
90,3773,3685.47
91,3773,2395.39
92,3773,2598.89
93,3773,2723.98
94,3773,2826.15
95,3773,2951.55
96,3773,3105.76
97,3773,3294.82
98,3773,3426.37
99,3773,3489
100,3773,3545.08
101,3773,3589.49
102,3773,3587.84
103,3773,3631.46
104,3773,3672.87
105,3773,2419.67
106,3773,2631.41
107,3773,2783.42
108,3773,2890.58
109,3773,3020.04
110,3773,3136.7
111,3773,3225.63
112,3773,3323.58
113,3773,3401.26
114,3773,3482.65
115,3773,3530.89
116,3773,3572.08
117,3773,3595.14
118,3773,3614.34
119,3773,3654.3
120,3773,3634.44
121,3773,3685.73
122,3773,2441.17
123,3773,2650.32
124,3773,2801.44
125,3773,2929.89
126,3773,3096.7
127,3773,3239.96
128,3773,3351.73
129,3773,3484.06
130,3773,3536.57
131,3773,3570.43
132,3773,3610.55
133,3773,3625.99
134,3773,3662.6
135,3773,2415.21
136,3773,2588.82
137,3773,2740.93
138,3773,2853.14
139,3773,2940.76
140,3773,3073.43
141,3773,3171.42
142,3773,3273.5
143,3773,3339.15
144,3773,3412.41
145,3773,3482.51
146,3773,3524.83
147,3773,3574.27
148,3773,3576.69
149,3773,3627.35
150,3773,3638.15
151,3773,3655.35
152,3773,3671.01
153,3773,2405.31
154,3773,2612.15
155,3773,2751.5
156,3773,2841.12
157,3773,2971.37
158,3773,3070.81
159,3773,3167.81
160,3773,3279.28
161,3773,3361.05
162,3773,3411.01
163,3773,3483.85
164,3773,3526.57
165,3773,3545.99
166,3773,3597.19
167,3773,3616.14
168,3773,3628.42
169,3773,3663.65
170,3773,2403.7
171,3773,2590.73
172,3773,2717.6
173,3773,2823.19
174,3773,2933.97
175,3773,3020.51
176,3773,3162.62
177,3773,3286.5
178,3773,3385.83
179,3773,3458.29
180,3773,3517.99
181,3773,3539.74
182,3773,3579.04
183,3773,3612.06
184,3773,3649.78
185,3773,3650.56
186,3773,3665.24
187,3773,2442.26
188,3773,2615.38
189,3773,2762.45
190,3773,2900.39
191,3773,2996.71
192,3773,3054.22
193,3773,3099.82
194,3773,3197.88
195,3773,3244.66
196,3773,3309.47
197,3773,3366.46
198,3773,3394.76
199,3773,3445.64
200,3773,3488.9
201,3773,3527.95
202,3773,3543.74
203,3773,3562.93
204,3773,3586.67
205,3773,3617.35
206,3773,3618.59
207,3773,3634.22
208,3773,3632.37
209,3773,3645.13
210,3773,3655.07
211,3773,3669.5
212,3773,2346.6
213,3773,2584.23
214,3773,2722.36
215,3773,2866.24
216,3773,2987.62
217,3773,3081.6
218,3773,3162.87
219,3773,3265.94
220,3773,3336.15
221,3773,3428.15
222,3773,3473.54
223,3773,3521.19
224,3773,3563.8
225,3773,3600.1
226,3773,3610.88
227,3773,3635.3
228,3773,3645.33
229,3773,3648.14
230,3773,3675.41
231,3773,2481.37
232,3773,2668.28
233,3773,2804.43
234,3773,2917.42
235,3773,3015.59
236,3773,3109.28
237,3773,3221.9
238,3773,3355.97
239,3773,3412.12
240,3773,3501.14
241,3773,3527.82
242,3773,3585.96
243,3773,3602.7
244,3773,3625.95
245,3773,3652.55
246,3773,3652.74
247,3773,3670.8
248,3773,2454.13
249,3773,2634.98
250,3773,2791.69
251,3773,2926.22
252,3773,3056.58
253,3773,3167.99
254,3773,3301.67
255,3773,3408
256,3773,3463.78
257,3773,3527.86
258,3773,3551.66
259,3773,3592.41
260,3773,3630.29
261,3773,3639.43
262,3773,3656.17
263,3773,3671.69
264,3773,2347.22
265,3773,2558.45
266,3773,2745.79
267,3773,2885.81
268,3773,3029.91
269,3773,3159.47
270,3773,3310.28
271,3773,3417.97
272,3773,3483.01
273,3773,3499.33
274,3773,3545.05
275,3773,3553.17
276,3773,3587.33
277,3773,3599.23
278,3773,3626.84
279,3773,3631.11
280,3773,3656.8
281,3773,3680.93
282,3773,2419.97
283,3773,2633.59
284,3773,2791.48
285,3773,2929.6
286,3773,3030.36
287,3773,3146.62
288,3773,3242.54
289,3773,3371.71
290,3773,3457.53
291,3773,3523.59
292,3773,3575.12
293,3773,3624.05
294,3773,3610.42
295,3773,3678.74
296,3773,2428.89
297,3773,2597.26
298,3773,2786.48
299,3773,2926.36
Population size,100
Crossover rate,0.22
Mutation rate,0.87
Random selection portion,0.03
Selection method,AForge.Genetic.EliteSelection
Diversity check,True
Iteration,FitnessMax,FitnessAvg
0,2993,2396.53
1,2993,2576.19
2,3206,2709.32
3,3206,2765.76
4,3206,2868.25
5,3209,2946.96
6,3258,3010.19
7,3441,3071.4
8,3441,3136.45
9,3441,3151.01
10,3545,3190.46
11,3545,3252.41
12,3545,3271.8
13,3545,3312.74
14,3586,3357.43
15,3621,3392.23
16,3631,3430.47
17,3631,3426.56
18,3641,3497.99
19,3644,3502.83
20,3675,3516.68
21,3748,3525.49
22,3748,3549.39
23,3748,3539.51
24,3748,3573.8
25,3748,3573.59
26,3748,3594.09
27,3748,3610.37
28,3748,3613.74
29,3748,3633.22
30,3748,3631.74
31,3748,3609.3
32,3748,3651.05
33,3748,2400.01
34,3748,2550.14
35,3748,2691.14
36,3748,2832.3
37,3748,2923.51
38,3748,3020.88
39,3748,3128.1
40,3748,3188.34
41,3748,3328.9
42,3748,3438.35
43,3748,3509.9
44,3748,3555.21
45,3748,3607.84
46,3748,3640.53
47,3748,2359.44
48,3748,2543.3
49,3748,2683.07
Population size,100
Crossover rate,0.22
Mutation rate,0.87
Random selection portion,0.03
Selection method,AForge.Genetic.EliteSelection
Diversity check,True
Iteration,FitnessMax,FitnessAvg
0,3055,2442.04
1,3303,2622.03
2,3303,2758.57
3,3319,2846.19
4,3347,2994.52
5,3532,3098.17
6,3532,3172.47
7,3532,3243.08
8,3532,3260.55
9,3601,3334.54
10,3601,3362.17
11,3601,3387.16
12,3666,3417.23
13,3686,3437.25
14,3686,3462.07
15,3686,3470.33
16,3730,3497.98
17,3730,3523.08
18,3730,3523.36
19,3730,3530.26
20,3730,3556.77
21,3730,3569.04
22,3730,3594.79
23,3730,3590.69
24,3730,3612.32
25,3730,3618.39
26,3730,2349.65
27,3730,2521.8
28,3730,2661.98
29,3730,2799.74
