Population size,100
Crossover rate,0.66
Mutation rate,0.34
Random selection portion,0.03
Selection method,AForge.Genetic.RouletteWheelSelection
Diversity check,False
Iteration,FitnessMax,FitnessAvg
0,2052,1462.17
1,2052,1526.53
2,2206,1572.51
3,2320,1650.99
4,2292,1769.95
5,2292,1799.82
6,2292,1827.53
7,2292,1807.26
8,2302,1837.53
9,2302,1856.57
10,2336,1884.23
11,2290,1897.96
12,2384,1910.23
13,2289,1904.02
14,2286,1924.69
15,2286,1907.2
16,2241,1915.57
17,2277,1923.18
18,2277,1912.45
19,2277,1896.21
20,2313,1884.59
21,2313,1885.14
22,2280,1841.64
23,2382,1871.96
24,2382,1903.83
25,2382,1864.58
26,2382,1882.35
27,2416,1898.98
28,2382,1918.81
29,2382,1898.34
30,2299,1863.18
31,2382,1860.16
32,2382,1789.38
33,2185,1802.12
34,2216,1831.98
35,2294,1855
36,2294,1888.72
37,2306,1903.66
38,2372,1973.71
39,2372,1966.87
40,2372,1968.18
41,2372,1930.36
42,2372,1975.89
43,2372,2007.4
44,2337,1965.09
45,2360,1987.94
46,2408,2050.45
47,2408,2017.98
48,2408,1988.62
49,2402,1982.16
50,2418,1971.33
51,2370,1949.41
52,2421,1972.28
53,2425,1998.48
54,2424,2031.37
55,2424,2048.74
56,2424,2027.14
57,2424,2020
58,2371,2038.18
59,2412,2015.52
60,2412,2082.89
61,2412,2070.77
62,2412,2090.41
63,2423,2092.2
64,2423,2111.98
65,2423,2099.86
66,2450,2087.24
67,2450,2127.56
68,2450,2156.19
69,2450,2179.6
70,2468,2185.88
71,2468,2148.81
72,2468,2179.17
73,2468,2156.46
74,2468,2165.72
75,2489,2143.27
76,2479,2134.57
77,2489,2155.11
78,2489,2156.96
79,2479,2115.17
80,2479,2116.08
81,2434,2098.86
82,2393,2078.48
83,2393,2069.59
84,2450,2050.64
85,2450,2049.42
86,2450,2048.82
87,2450,2096.87
88,2450,2103.85
89,2450,2060.76
90,2450,2056.38
91,2450,2048.02
92,2450,2079.13
93,2450,2063.89
94,2450,2039.45
95,2402,2031.71
96,2402,2040.47
97,2440,2031.8
98,2386,2034.83
99,2434,1985.75
100,2434,2022.21
101,2450,2034.1
102,2450,2049.2
103,2434,2054.16
104,2437,2097.68
105,2479,2081.31
106,2479,2094.38
107,2479,2111.38
108,2472,2070.01
109,2472,2088.45
110,2482,2120.42
111,2482,2150
112,2482,2169.43
113,2482,2157.96
114,2482,2158.25
115,2482,2125.41
116,2482,2155.67
117,2482,2147.89
118,2440,2116.01
119,2435,2127.12
120,2444,2097.74
121,2445,2079.84
122,2435,2088.56
123,2440,2114.17
124,2367,2047.21
125,2434,2073.51
126,2434,2079.57
127,2434,2069.45
128,2444,2079.8
129,2440,2051.17
130,2446,2000.27
131,2444,1965.92
132,2444,2014.4
133,2456,2017.35
134,2444,1983.14
135,2482,1980.67
136,2482,2003.16
137,2434,2010.48
138,2368,1998.49
139,2440,1985
140,2440,1983.92
141,2440,2033.29
142,2440,2052.44
143,2440,2063.84
144,2440,2037.97
145,2440,2006.14
146,2440,2002.76
147,2450,1984.02
148,2450,2041.34
149,2440,2009.98
150,2440,2008.05
151,2482,2011.88
152,2482,2014.84
153,2444,1998.3
154,2396,2041.49
155,2380,2044.83
156,2374,2001.56
157,2374,2035.28
158,2374,1974.82
159,2444,2009.38
160,2444,2055.81
161,2368,2017.22
162,2444,2060.18
163,2384,2036.26
164,2432,2048.49
165,2432,2074.75
166,2434,2008.56
167,2450,2087.23
168,2488,2074.93
169,2450,2105.68
170,2485,2132.05
171,2485,2039.08
172,2434,1971.37
173,2402,2043.98
174,2402,2081.58
175,2402,2092.15
176,2485,2110.81
177,2485,2074.22
178,2485,2074.87
179,2440,2066.54
180,2463,2068.19
181,2463,2045.97
182,2463,2069.17
183,2444,2054.27
184,2434,2014.17
185,2434,2037.76
186,2434,2035.09
187,2435,2054.47
188,2446,2020.72
189,2446,1965.17
190,2435,1980.01
191,2435,2014.14
192,2446,2051.57
193,2434,2012.25
194,2434,2096.19
195,2434,2051.22
196,2434,2044.36
197,2434,2054.07
198,2462,2059.09
199,2434,2066.23
200,2407,2075.24
201,2434,2024.72
202,2407,2012.31
203,2407,2009.72
204,2460,2040.14
205,2460,2029.22
206,2434,2003.54
207,2319,2030.87
208,2325,2021.91
209,2325,1987.4
210,2325,1992.52
211,2472,1999.02
212,2472,1974.99
213,2472,1946.82
214,2472,1976.36
215,2472,1999.91
216,2472,1949.02
217,2472,1952.2
218,2313,1933.16
219,2370,1939.45
220,2398,1915.65
221,2398,1961.22
222,2472,1957.53
223,2441,1974.86
224,2398,1938.09
225,2398,1949.1
226,2398,1949.46
227,2398,1962.08
228,2398,1955.62
229,2479,1964.07
230,2398,1981.09
231,2398,2016.71
232,2410,2043.82
233,2434,2011.68
234,2483,2016.76
235,2380,2015.98
236,2380,2003.46
237,2380,2033.99
238,2472,2096.58
239,2382,2091.36
240,2434,2075.55
241,2434,2098.64
242,2473,2115.2
243,2483,2055.66
244,2483,2038.25
245,2525,2061.36
246,2525,2142.28
247,2525,2133.27
248,2525,2185.1
249,2525,2154.33
250,2525,2111.84
251,2525,2100.42
252,2525,2108.87
253,2489,2089.77
254,2479,2058.36
255,2515,2036.59
256,2515,2060.85
257,2515,2083.47
258,2479,2084
259,2453,2038.22
260,2515,2062.44
261,2525,2089.58
262,2515,2044.31
263,2451,1994.86
264,2441,1983.21
265,2434,1975.31
266,2434,1943.61
267,2462,1997.82
268,2451,2071.91
269,2446,2103.64
270,2446,2136.4
271,2456,2126.46
272,2476,2128.49
273,2476,2080.75
274,2488,2154.12
275,2488,2158.01
276,2488,2131.67
277,2488,2099.75
278,2488,2126.49
279,2488,2099.61
280,2488,2106.21
281,2488,2132.47
282,2488,2116.58
283,2486,2125.93
284,2486,2116.44
285,2486,2078.3
286,2486,2094.66
287,2486,2059.26
288,2486,2058.05
289,2488,2120.63
290,2488,2047.6
291,2488,2058.81
292,2488,2048.98
293,2488,2095.69
294,2486,2073.2
295,2444,2130.67
296,2476,2133.96
297,2446,2125.72
298,2488,2157.53
299,2488,2141.98
Population size,100
Crossover rate,0.66
Mutation rate,0.34
Random selection portion,0.03
Selection method,AForge.Genetic.RouletteWheelSelection
Diversity check,True
Iteration,FitnessMax,FitnessAvg
0,2087,1339.87
1,2262,1443.07
2,2262,1520.92
3,2241,1529.69
4,2241,1588.6
5,2241,1641.67
6,2241,1659.36
7,2250,1713.64
8,2342,1725.68
9,2210,1692.1
10,2258,1762.69
11,2316,1798.54
12,2262,1828.99
13,2210,1856.78
14,2207,1901
15,2304,1889.5
16,2258,1918.73
17,2258,1955.32
18,2288,1950.86
19,2310,1948.26
20,2406,1948.38
21,2434,1982.72
22,2434,1966.69
23,2440,1956.25
24,2434,1951.24
25,2434,1959.64
26,2434,1964.68
27,2434,2011.93
28,2434,1958.43
29,2392,1959.4
30,2392,1989.56
31,2392,1986.19
32,2364,1972.12
33,2473,1973.83
34,2406,2001.05
35,2406,1985.09
36,2406,2024.05
37,2343,1987.84
38,2343,1993.19
39,2343,2003.85
40,2434,2003.26
41,2391,2011.75
42,2364,2023.99
43,2385,2006.34
44,2364,1992.67
45,2364,1995.08
46,2364,2000.48
47,2343,2025.88
48,2343,1985.42
49,2333,1955.81
50,2333,1988.12
51,2374,1982.58
52,2374,2002.51
53,2374,1979.19
54,2364,1987.78
55,2348,1991.56
56,2444,1981.59
57,2456,2022.33
58,2456,2030.99
59,2456,2009.64
60,2456,2002.86
61,2456,2053.51
62,2434,2078.54
63,2434,2093.4
64,2473,2083.84
65,2434,2093.85
66,2456,2096.36
67,2377,2110.39
68,2382,2112.6
69,2382,2077.33
70,2473,2069.81
71,2382,2066.28
72,2421,2083.91
73,2421,2055.07
74,2421,2031.04
75,2421,2054.01
76,2421,2073.05
77,2411,2043.84
78,2414,2063.6
79,2414,2062.72
80,2414,2035.11
81,2393,2035.23
82,2393,2077.3
83,2393,2046.27
84,2414,2044.54
85,2414,1999.27
86,2381,2027.73
87,2387,1995.28
88,2387,1999.76
89,2388,1939.1
90,2404,1975.25
91,2344,1957.31
92,2344,1980.43
93,2319,2006.42
94,2332,1993.77
95,2404,2024.68
96,2446,2029.44
97,2317,2000.36
98,2307,2011.3
99,2304,1988.72
100,2304,1993.88
101,2444,1937.32
102,2444,1915.59
103,2290,1927.01
104,2290,1943.79
105,2314,1923.99
106,2314,1964.34
107,2314,1943.16
108,2308,1937.83
109,2342,1946.51
110,2392,1978.25
111,2342,1990.56
112,2414,2019.53
113,2414,2006.78
114,2304,2024.97
115,2408,2012.91
116,2304,1985.54
117,2314,1991.54
118,2255,2024.67
119,2376,1997.39
120,2376,2032.84
121,2303,2004.36
122,2343,2019.93
123,2343,2048.02
124,2343,2024.12
125,2343,2059.98
126,2343,2036.76
127,2428,2065.56
128,2428,2059.41
129,2428,2045.92
130,2428,2051.78
131,2418,2071.79
132,2428,2103.76
133,2418,2062.84
134,2487,2034.49
135,2487,2056.66
136,2373,2016.49
137,2446,1991.07
138,2446,2000.78
139,2446,1971.75
140,2331,1914.26
141,2331,1871.78
142,2331,1873.42
143,2331,1913.83
144,2373,1955.35
145,2364,1977.68
146,2364,1962.62
147,2386,2001.16
148,2365,2000.83
149,2356,2050.31
150,2356,2036.37
151,2356,2051.1
152,2384,2000.69
153,2356,2025.68
154,2373,2001.76
155,2373,2018.22
156,2384,2002.82
157,2394,1999.49
158,2394,1989.17
159,2394,2050.63
160,2394,2064.21
161,2404,2054.5
162,2404,2074.61
163,2384,2052.45
164,2384,1990.81
165,2384,1964.94
166,2367,1935.84
167,2367,1977.52
168,2361,1986.92
169,2280,2017.22
170,2323,2023.02
171,2382,1970.37
172,2483,1980.97
173,2483,1966.6
174,2483,1960.58
175,2483,1932.73
176,2284,1901.88
177,2275,1914.07
178,2310,1896.98
179,2355,1885.06
180,2355,1865.18
181,2281,1886.96
182,2371,1900.25
183,2394,1921.74
184,2382,1948.94
185,2419,1940.57
186,2473,1979.8
187,2473,1984.24
188,2473,1982.57
189,2473,2010.06
190,2473,2047.38
191,2455,1991.8
192,2483,2021.93
193,2483,2074.66
194,2483,2042.45
195,2483,2001.48
196,2467,2101.42
197,2467,2122.28
198,2467,2166.85
199,2467,2117.44
200,2467,2185.26
201,2487,2176.67
202,2467,2147.04
203,2467,2180.94
204,2467,2178.27
205,2467,2160.15
206,2467,2114.07
207,2467,2125.88
208,2467,2145.67
209,2467,2137.49
210,2467,2166.04
211,2467,2133.91
212,2467,2160.75
213,2467,2152.7
214,2429,2112.99
215,2429,2081.27
216,2455,2094.9
217,2455,2102.35
218,2429,2086.73
219,2455,2061.43
220,2455,2009.37
221,2455,2041.71
222,2455,2045.31
223,2455,2064.76
224,2455,2092.49
225,2483,2101.54
226,2483,2101.04
227,2483,2105.57
228,2455,2095.98
229,2467,2110.19
230,2467,2072.9
231,2467,2140.22
232,2467,2112.46
233,2467,2111.04
234,2461,2063.14
235,2461,2089.6
236,2461,2062.91
237,2461,2131.8
238,2461,2124.61
239,2451,2084.12
240,2445,2095.52
241,2487,2042.64
242,2455,2118.23
243,2455,2129.65
244,2455,2126.07
245,2450,2097.61
246,2450,2131.88
247,2487,2142.27
248,2487,2118.03
249,2487,2165.79
250,2487,2125.17
251,2487,2134.45
252,2487,2140.57
253,2487,2141.42
254,2487,2135.33
255,2464,2191.98
256,2429,2173.53
257,2525,2182.99
258,2487,2174
259,2487,2166.41
260,2487,2164.09
261,2489,2117.39
262,2489,2107.84
263,2525,2131.6
264,2489,2117.04
265,2489,2170.01
266,2487,2144.36
267,2487,2133.64
268,2487,2118.9
269,2487,2100.31
270,2484,2097.43
271,2483,2102.71
272,2483,2102.29
273,2483,2096.03
274,2483,2093.4
275,2483,2107.46
276,2483,2101.54
277,2525,2038.8
278,2525,2018.44
279,2483,2044.5
280,2483,2107.52
281,2483,2082.48
282,2511,2082.52
283,2511,2109.41
284,2473,2133
285,2483,2141.37
286,2483,2106.27
287,2473,2058.32
288,2473,2091.04
289,2451,2087.68
290,2483,2087.68
291,2451,2038.38
292,2451,2032.73
293,2473,2036.91
294,2484,2064.14
295,2452,2037.82
296,2451,2064.57
297,2451,2079.39
298,2383,2063.67
299,2377,1997.09
Population size,100
Crossover rate,0.51
Mutation rate,0.79
Random selection portion,0.03
Selection method,AForge.Genetic.RankSelection
Diversity check,True
Iteration,FitnessMax,FitnessAvg
0,1908,1260.22
1,1876,1467.69
2,1951,1556.04
3,1961,1621.9
4,2054,1709.46
5,2107,1736.36
6,2152,1790.92
7,2266,1886.3
8,2266,1932.14
9,2373,1962.27
10,2265,2040.12
11,2307,2052.01
12,2383,2155.29
13,2383,2127.56
14,2383,2120.93
15,2425,2189.88
16,2386,2195.01
17,2383,2189.99
18,2425,2234.67
19,2461,2168.97
20,2451,2227.21
21,2461,2256
22,2461,2252.94
23,2479,2246.81
24,2461,2251.35
25,2479,2252.36
26,2479,2283.39
27,2471,2289.99
28,2489,2263.31
29,2489,2238.36
30,2489,2317.32
31,2489,2353.71
32,2489,2374.57
33,2515,2338.27
34,2515,2391.23
35,2525,2372.84
36,2525,2307.83
37,2525,2404.37
38,2525,2331.75
39,2525,2346.21
40,2525,2410.08
41,2525,2375.21
42,2525,2355.31
43,2525,2360.1
44,2525,2352.26
45,2543,2392.66
46,2543,2371.84
47,2543,2372.01
48,2543,2328.18
49,2543,2356.15
50,2543,2292.58
51,2525,2333.74
52,2525,2348.88
53,2543,2351.73
54,2543,2376.59
55,2543,2273.14
56,2543,2384.11
57,2543,2395.65
58,2543,2366.11
59,2543,2393.37
60,2543,2325.84
61,2543,2390.47
62,2543,2374.02
63,2543,2353.7
64,2543,2413.29
65,2543,2382.83
66,2543,2387.63
67,2543,2372.76
68,2543,2428.47
69,2543,2423.11
70,2543,2407.27
71,2543,2399.08
72,2543,2446.17
73,2543,2437.83
74,2543,2373.8
75,2543,2400.57
76,2543,2425.43
77,2543,2436.01
78,2543,2452.51
79,2543,2413.72
80,2543,2435.12
81,2543,2400.17
82,2543,2403
83,2543,2402.42
84,2543,2348.89
85,2543,2420.11
86,2543,2351.98
87,2543,2389.55
88,2543,2400.41
89,2543,2435.47
90,2543,2405.36
91,2543,2381.46
92,2543,2430.43
93,2543,2430.06
94,2543,2423.73
95,2543,2434.22
96,2543,2435.64
97,2543,2445.98
98,2543,2407.27
99,2543,2451.21
100,2543,2426.73
101,2543,2443.4
102,2543,2435.53
103,2543,2421.99
104,2543,2413.24
105,2543,2410.48
106,2543,2409.67
107,2543,2413.29
108,2543,2472.48
109,2543,1388.81
110,2065,1587.99
111,2107,1696.45
112,2179,1780.72
113,2241,1854.64
114,2267,1886.93
115,2267,1920.73
116,2353,1948.23
117,2353,1957.11
118,2341,2027.77
119,2386,2050.78
120,2428,2119.59
121,2428,2144.58
122,2428,2178.83
123,2428,2223.8
124,2454,2193.2
125,2454,2301.21
126,2454,2275.64
127,2454,2308.43
128,2454,2306.17
129,2454,2322.46
130,2454,2327.94
131,2454,2277.58
132,2438,2335.04
133,2438,2216.8
134,2454,2308.4
135,2454,2275.52
136,2454,2295
137,2454,2335.92
138,2461,2361.64
139,2454,2263.36
140,2454,2295.76
141,2446,2265.54
142,2457,2251.32
143,2488,2341.21
144,2488,2351
145,2488,2344.42
146,2488,2315.41
147,2438,2346.64
148,2438,2324.14
149,2488,2271.57
150,2467,2280.55
151,2467,2316.19
152,2467,2319.53
153,2467,2297.76
154,2467,2281.47
155,2467,2334.93
156,2467,2333.69
157,2467,2391.37
158,2467,2368.81
159,2467,2274.07
160,2467,2301.32
161,2467,2366.72
162,2483,2247.09
163,2483,2343.23
164,2467,2282.07
165,2467,2318.01
166,2467,2379.44
167,2473,2355.21
168,2483,2355.64
169,2473,2359.09
170,2473,2377.63
171,2486,2377.71
172,2486,2354.51
173,2486,2328.2
174,2486,2356.82
175,2486,2322.41
176,2486,2313.35
177,2483,2334.56
178,2483,2347.48
179,2483,2379.1
180,2483,2387.26
181,2489,2397.47
182,2483,2370.51
183,2489,2380.63
184,2483,2345.73
185,2483,2340.86
186,2483,2385.92
187,2483,2357.13
188,2483,2338.05
189,2483,2392.83
190,2483,2398.78
191,2492,2406.13
192,2525,2380.91
193,2525,2370.38
194,2525,2387.81
195,2525,2378.51
196,2525,2383.23
197,2525,2377.23
198,2525,2382.92
199,2525,2408.24
200,2525,2346.15
201,2525,2284.36
202,2525,2357.95
203,2525,2384.63
204,2525,2347.53
205,2525,2381.67
206,2525,2351.8
207,2525,2363.38
208,2525,2396.84
209,2543,2427.7
210,2543,2419.72
211,2543,2395.67
212,2543,2388.19
213,2543,2397.32
214,2543,2369.31
215,2543,2336.21
216,2543,2386.5
217,2543,2390.47
218,2543,2385.06
219,2543,2394.77
220,2543,2333.36
221,2543,2399.54
222,2543,2314.72
223,2543,2332.75
224,2543,2385.54
225,2543,2396.67
226,2543,2379.86
227,2543,2412.63
228,2543,2336.52
229,2543,2302.1
230,2543,2430.16
231,2543,2454.35
232,2543,2420.36
233,2543,2422.9
234,2543,2448.39
235,2543,2384.47
236,2543,2421.56
237,2543,2393.97
238,2543,2369.89
239,2543,2416.72
240,2543,2397.02
241,2543,2421.04
242,2543,2409.39
243,2543,2396.61
244,2543,2408.65
245,2525,2387.37
246,2543,2433.11
247,2543,2378.43
248,2525,2393.66
249,2525,2265.93
250,2525,2365.04
251,2525,2378.42
252,2525,2342.27
253,2525,2347.29
254,2525,2358.24
255,2525,2385.43
256,2525,2368.92
257,2525,2388.37
258,2525,2362.36
259,2525,2441.56
260,2525,2425.75
261,2525,2411.12
262,2525,2399.23
263,2525,2401.17
264,2525,2354.77
265,2525,2384.49
266,2525,2435.92
267,2525,2405.4
268,2525,2440.09
269,2525,2398.79
270,2525,2415.8
271,2525,2405.62
272,2525,2395.27
273,2525,2433.22
274,2525,2439.42
275,2525,2384.66
276,2525,2410.16
277,2525,2435.12
278,2525,2415.49
279,2525,2400.9
280,2525,2434.8
281,2525,2392.34
282,2525,2410.93
283,2525,2424.89
284,2525,2404.49
285,2525,2348.76
286,2543,2328.24
287,2543,2451.95
288,2543,2448.85
289,2543,2435.2
290,2543,2363.33
291,2543,2414.31
292,2543,2420.31
293,2543,2369.25
294,2543,2412.78
295,2543,2415
296,2543,2283.27
297,2543,2303.98
298,2543,2357.32
299,2543,2402.07
Population size,100
Crossover rate,0.51
Mutation rate,0.79
Random selection portion,0.03
Selection method,AForge.Genetic.RankSelection
Diversity check,False
Iteration,FitnessMax,FitnessAvg
0,1993,1381.41
1,2120,1527.26
2,2035,1603.32
3,2153,1708.6
4,2228,1758.31
5,2247,1832.11
6,2247,1917.27
7,2390,1966.28
8,2247,2003.54
9,2369,2027.78
10,2369,2102.16
11,2381,2117.4
12,2355,2147.61
13,2355,2148.25
14,2421,2190.01
15,2457,2170.33
16,2457,2202.16
17,2457,2258.88
18,2457,2262.94
19,2457,2236.52
20,2457,2269.2
21,2543,2259.81
22,2543,2273.88
23,2543,2314.48
24,2543,2313.58
25,2473,2313.22
26,2504,2328.62
27,2504,2301.27
28,2504,2358.29
29,2514,2341.19
30,2514,2348.1
31,2514,2307.52
32,2514,2344.5
33,2514,2313.03
34,2543,2372.77
35,2543,2376.32
36,2515,2347.62
37,2543,2332.03
38,2543,2334.98
39,2543,2386.68
40,2543,2300.76
41,2543,2363.46
42,2543,2356.05
43,2543,2353.29
44,2543,2394.45
45,2543,2426.51
46,2543,2396.34
47,2543,2433.7
48,2543,2379.09
49,2543,2394.28
50,2543,2412.72
51,2543,2427.12
52,2543,2375.48
53,2543,2426.61
54,2543,2435.74
55,2543,2414.7
56,2543,2420.07
57,2543,2438.17
58,2543,2441.23
59,2543,2451.39
60,2543,2431.32
61,2543,2384.54
62,2543,2418.75
63,2543,2396.48
64,2543,2414.33
65,2543,2418.98
66,2543,2460.59
67,2543,2438.73
68,2543,2418.13
69,2543,2298.5
70,2543,2266.52
71,2543,2435.55
72,2543,2384.34
73,2543,2455.39
74,2543,2456.65
75,2543,2427.95
76,2543,2438.13
77,2543,2386.65
78,2543,2435.99
79,2543,2447.6
80,2543,2453.21
81,2543,2422.41
82,2543,2429.87
83,2543,2423.37
84,2543,2407.48
85,2543,2415.65
86,2543,2421.78
87,2543,2461.92
88,2543,2419.22
89,2543,2398.66
90,2543,2382.62
91,2543,2394.87
92,2543,2394.13
93,2543,2373.27
94,2543,2420.42
95,2543,2403.88
96,2543,2391.45
97,2543,2452.9
98,2543,2448.49
99,2543,2436.64
100,2543,2414.96
101,2543,2443.53
102,2543,2430.42
103,2543,2442.75
104,2543,2369.98
105,2543,2370.11
106,2543,2422.12
107,2543,2474.85
108,2543,2378.98
109,2543,2382.51
110,2543,2367.67
111,2543,2399.92
112,2543,2425.66
113,2543,2452.31
114,2543,2405.04
115,2543,2383.19
116,2543,2466.05
117,2543,2433.05
118,2543,2351.42
119,2543,2447.07
120,2543,2441.01
121,2543,2387.1
122,2543,2430.13
123,2543,2431.72
124,2543,2363.77
125,2543,2386.87
126,2543,2429.79
127,2543,2430.32
128,2543,2451.66
129,2543,2451.92
130,2543,2424.93
131,2543,2369.84
132,2543,2426.35
133,2543,2415.97
134,2543,2424.86
135,2543,2381.83
136,2543,2420.21
137,2543,2418.02
138,2543,2328.61
139,2543,2393.87
140,2543,2398.65
141,2543,2404.42
142,2543,2441.64
143,2543,2342.02
144,2543,2398.62
145,2543,2391.23
146,2543,2398.26
147,2543,2405.83
148,2543,2435.9
149,2543,2388.36
150,2543,2444.16
151,2543,2413.16
152,2543,2406.38
153,2543,2405.07
154,2543,2428.04
155,2543,2397.45
156,2543,2400.61
157,2543,2433.27
158,2543,2431.61
159,2543,2410.02
160,2543,2403.83
161,2543,2483.43
162,2543,2354.05
163,2543,2397.49
164,2543,2411.26
165,2543,2413.28
166,2543,2377.48
167,2543,2429.53
168,2543,2385.7
169,2543,2395.2
170,2543,2392.25
171,2543,2413.04
172,2543,2448.23
173,2543,2415.51
174,2543,2369.74
175,2543,2396.53
176,2543,2431.46
177,2543,2438.62
178,2543,2434.15
179,2543,2402.68
180,2543,2408.69
181,2543,2483.35
182,2543,2445.03
183,2543,2418.42
184,2543,2387.52
185,2543,2439.87
186,2543,2468.46
187,2543,2417.7
188,2543,2444.23
189,2543,2463.15
190,2543,2441.17
191,2543,2400.24
192,2543,2401.68
193,2543,2411.78
194,2543,2417.05
195,2543,2373.87
196,2543,2358.26
197,2543,2419.94
198,2543,2366.58
199,2543,2424.78
200,2543,2391.77
201,2543,2332.73
202,2543,2410.86
203,2543,2389.32
204,2543,2408.39
205,2543,2448.66
206,2543,2410.28
207,2543,2429.98
208,2543,2367.6
209,2543,2441.39
210,2543,2453.52
211,2543,2466.51
212,2543,2478.33
213,2543,2466.04
214,2543,2404.7
215,2543,2409.64
216,2543,2440.48
217,2543,2382.07
218,2543,2279.06
219,2543,2432.4
220,2543,2461.57
221,2543,2436.16
222,2543,2423.58
223,2543,2423.12
224,2543,2455.93
225,2543,2447.24
226,2543,2393.04
227,2543,2426.58
228,2543,2408.22
229,2543,2398.97
230,2543,2460.38
231,2543,2476.92
232,2543,2387.88
233,2543,2415.38
234,2543,2401.4
235,2543,2445.55
236,2543,2409.97
237,2543,2401.46
238,2543,2444.29
239,2543,2392.76
240,2543,2410.59
241,2543,2387.05
242,2543,2406.59
243,2543,2444.13
244,2543,2439.62
245,2543,2402.74
246,2543,2417.61
247,2543,2378.56
248,2543,2368.45
249,2543,2398.2
250,2543,2418.11
251,2543,2323.77
252,2543,2417.32
253,2543,2415.62
254,2543,2418.34
255,2543,2420.46
256,2543,2424.12
257,2543,2447.2
258,2543,2375.1
259,2543,2455.09
260,2543,2422.88
261,2543,2381.59
262,2543,2432.9
263,2543,2427.87
264,2543,2375.77
265,2543,2426.21
266,2543,2335.63
267,2543,2376.67
268,2543,2418.67
269,2543,2360.15
270,2543,2479.88
271,2543,2489.8
272,2543,2429.26
273,2543,2406.21
274,2543,2392.23
275,2543,2422.16
276,2543,2480.02
277,2543,2356.81
278,2543,2424.42
279,2543,2436.2
280,2543,2421.91
281,2543,2461.49
282,2543,2405.29
283,2543,2465.02
284,2543,2430.96
285,2543,2459.92
286,2543,2409.35
287,2543,2410.53
288,2543,2368.88
289,2543,2433.35
290,2543,2390.93
291,2543,2440.52
292,2543,2445.67
293,2543,2351.97
294,2543,2455.39
295,2543,2463.36
296,2543,2387.66
297,2543,2437.78
298,2543,2405.58
299,2543,2401.73
Population size,100
Crossover rate,0.22
Mutation rate,0.87
Random selection portion,0.03
Selection method,AForge.Genetic.EliteSelection
Diversity check,False
Iteration,FitnessMax,FitnessAvg
0,2003,1485.03
1,2006,1638.53
2,2006,1744.14
3,2006,1814.11
4,2153,1880.67
5,2170,1930.32
6,2325,1999.36
7,2325,2035.85
8,2332,2097.16
9,2332,2125.03
10,2332,2136.49
11,2345,2174.18
12,2456,2182.13
13,2456,2185.7
14,2456,2237.24
15,2456,2229.29
16,2456,2278.67
17,2456,2292.38
18,2456,2279.72
19,2456,2325.37
20,2482,2326.36
21,2482,2365.24
22,2482,2361.29
23,2501,2374
24,2501,2363.63
25,2525,2400.25
26,2525,2403.75
27,2525,2403.7
28,2525,2420.66
29,2525,2409.93
30,2525,2409.19
31,2525,2415.55
32,2525,2426.07
33,2525,2411.33
34,2525,2431.11
35,2525,2439.4
36,2543,2440.81
37,2543,2411.28
38,2543,2434.44
39,2543,2461.71
40,2543,2457.28
41,2543,2479.93
42,2543,2477.06
43,2543,2467.21
44,2543,2474.88
45,2543,2479.23
46,2543,2476.45
47,2543,2474.73
48,2543,2489.83
49,2543,2489.14
50,2543,2480.67
51,2543,2484.59
52,2543,2477.88
53,2543,2483.07
54,2543,2487.79
55,2543,2486.56
56,2543,2500.6
57,2543,2506.57
58,2543,2507.31
59,2543,2504.38
60,2543,2479.12
61,2543,2506.49
62,2543,2499.98
63,2543,2481.47
64,2543,2507.2
65,2543,2491.5
66,2543,2492.2
67,2543,2481.26
68,2543,2482.98
69,2543,2502.02
70,2543,2494.36
71,2543,2503.84
72,2543,2496
73,2543,2512.99
74,2543,2493.94
75,2543,2513.26
76,2543,2487.85
77,2543,2499.68
78,2543,2499.16
79,2543,2505.41
80,2543,2503.94
81,2543,2493.99
82,2543,2487.68
83,2543,2482.18
84,2543,2497.13
85,2543,2507.37
86,2543,2509.18
87,2543,2511.36
88,2543,2508.3
89,2543,2493.97
90,2543,2481.26
91,2543,2491.7
92,2543,2512.63
93,2543,2509.75
94,2543,2494.89
95,2543,2508.96
96,2543,2505.5
97,2543,2496.97
98,2543,2490.63
99,2543,2493.17
100,2543,2490.14
101,2543,2511.36
102,2543,2502.28
103,2543,2503.15
104,2543,2498.74
105,2543,2509.12
106,2543,2506.35
107,2543,2490.58
108,2543,2494.72
109,2543,2506.51
110,2543,2494.01
111,2543,2512.16
112,2543,2485.67
113,2543,2483.71
114,2543,2502.2
115,2543,2480.18
116,2543,2497.38
117,2543,2507.33
118,2543,2511.12
119,2543,2491.49
120,2543,2501.32
121,2543,2503.57
122,2543,2508.23
123,2543,2494.12
124,2543,2498.86
125,2543,2487.16
126,2543,2511.79
127,2543,2509.09
128,2543,2511.38
129,2543,2504.14
130,2543,2504.94
131,2543,2496.39
132,2543,2497.78
133,2543,2508.76
134,2543,2497.63
135,2543,2479.5
136,2543,2508.63
137,2543,2490.96
138,2543,2508.88
139,2543,2509.34
140,2543,2503.07
141,2543,2479.23
142,2543,2508.67
143,2543,2493.66
144,2543,2505.09
145,2543,2503.96
146,2543,2503.34
147,2543,2486.03
148,2543,2504.71
149,2543,2510.62
150,2543,2494.52
151,2543,2510.88
152,2543,2511.36
153,2543,2508.3
154,2543,2490.87
155,2543,2502.32
156,2543,2493.8
157,2543,2498.9
158,2543,2510.95
159,2543,2510.97
160,2543,2491.13
161,2543,2490.68
162,2543,2497.82
163,2543,2503.81
164,2543,2510.55
165,2543,2514.76
166,2543,2506.15
167,2543,2512.36
168,2543,2510.9
169,2543,2493.97
170,2543,2485.28
171,2543,2505.71
172,2543,2504.71
173,2543,2488.76
174,2543,2497.52
175,2543,2503.92
176,2543,2507.87
177,2543,2509.14
178,2543,2507.27
179,2543,2511.18
180,2543,2484.61
181,2543,2511.72
182,2543,2496.35
183,2543,2491.4
184,2543,2507.92
185,2543,2506.12
186,2543,2503.93
187,2543,2505.55
188,2543,2509.42
189,2543,2501.36
190,2543,2493.27
191,2543,2488.77
192,2543,2488.51
193,2543,2480.75
194,2543,2510.53
195,2543,2503.74
196,2543,2510.91
197,2543,2502.02
198,2543,2494.68
199,2543,2488.1
200,2543,2497.78
201,2543,2507.35
202,2543,2503.12
203,2543,2492.71
204,2543,2501.92
205,2543,2490.57
206,2543,2488.28
207,2543,2503.8
208,2543,2489.91
209,2543,2497.6
210,2543,2485.47
211,2543,2511.07
212,2543,2497.51
213,2543,2511.03
214,2543,2475.04
215,2543,2492.61
216,2543,2514.4
217,2543,2496.94
218,2543,2481.54
219,2543,2499.48
220,2543,2501.26
221,2543,2491.05
222,2543,2492.28
223,2543,2493.07
224,2543,2482.68
225,2543,2507.43
226,2543,2481.33
227,2543,2476.76
228,2543,2488.34
229,2543,2512.28
230,2543,2478.06
231,2543,2493.98
232,2543,2496.32
233,2543,2497.21
234,2543,2509.01
235,2543,2492.2
236,2543,2509.59
237,2543,2517.25
238,2543,2502.35
239,2543,2509.65
240,2543,2491.86
241,2543,2510.63
242,2543,2490.45
243,2543,2478.35
244,2543,2506.64
245,2543,2493.9
246,2543,2501.7
247,2543,2473.62
248,2543,2498.37
249,2543,2507.3
250,2543,2508.49
251,2543,2489.12
252,2543,2491.3
253,2543,2486.58
254,2543,2480.46
255,2543,2497.09
256,2543,2505.26
257,2543,2497.88
258,2543,2480.94
259,2543,2507.92
260,2543,2511.5
261,2543,2509.9
262,2543,2488.9
263,2543,2474.1
264,2543,2510
265,2543,2492.97
266,2543,2507.9
267,2543,2501.65
268,2543,2477.41
269,2543,2513.39
270,2543,2504.45
271,2543,2491.2
272,2543,2502.65
273,2543,2506.27
274,2543,2514.96
275,2543,2503.95
276,2543,2502.27
277,2543,2508.49
278,2543,2508.44
279,2543,2501.03
280,2543,2475.09
281,2543,2489.79
282,2543,2500.35
283,2543,2489.01
284,2543,2515.12
285,2543,2482.08
286,2543,2507.98
287,2543,2500.78
288,2543,2490.28
289,2543,2499.87
290,2543,2507.2
291,2543,2507.05
292,2543,2495.72
293,2543,2504.25
294,2543,2499.55
295,2543,2501.15
296,2543,2504.01
297,2543,2505.38
298,2543,2503.64
299,2543,2496.29
Population size,100
Crossover rate,0.22
Mutation rate,0.87
Random selection portion,0.03
Selection method,AForge.Genetic.EliteSelection
Diversity check,True
Iteration,FitnessMax,FitnessAvg
0,2052,1478.19
1,2064,1626.47
2,2240,1747.54
3,2240,1836.02
4,2240,1886.36
5,2280,1953.29
6,2280,2022.89
7,2280,2046.69
8,2280,2078.07
9,2303,2121.21
10,2303,2134.9
11,2309,2132.26
12,2377,2189.26
13,2377,2212.61
14,2415,2235.74
15,2415,2245.61
16,2415,2253.17
17,2415,2236.75
18,2415,2260.41
19,2463,2278.42
20,2463,2311.52
21,2463,2322.41
22,2477,2349.14
23,2485,2355.13
24,2485,2366.36
25,2504,2378.82
26,2504,2387.64
27,2504,2394.23
28,2504,2404.28
29,2543,2379.5
30,2543,2414.45
31,2543,2429.42
32,2543,2446.03
33,2543,2432.27
34,2543,2452.29
35,2543,2421.51
36,2543,2430.37
37,2543,2458.9
38,2543,2457.56
39,2543,2449.48
40,2543,2467.3
41,2543,1520.42
42,2543,1670.11
43,2543,1764.2
44,2543,1866.69
45,2543,1944.83
46,2543,2042.17
47,2543,2154.57
48,2543,2204.51
49,2543,2268.51
50,2543,2311.33
51,2543,2351.53
52,2543,2363.3
53,2543,2407.42
54,2543,2396.54
55,2543,2417.67
56,2543,2447.32
57,2543,2478.65
58,2543,1480.31
59,2543,1642.49
60,2543,1762.24
61,2543,1858.19
62,2543,1908.3
63,2543,1987.87
64,2543,2073.62
65,2543,2156.77
66,2543,2214.67
67,2543,2311.21
68,2543,2346.08
69,2543,2379.43
70,2543,2398.58
71,2543,2428.52
72,2543,2456.33
73,2543,2452.31
74,2543,2495.5
75,2543,1515.44
76,2543,1681.52
77,2543,1836.04
78,2543,1940.46
79,2543,2045.78
80,2543,2159.91
81,2543,2226.49
82,2543,2272.04
83,2543,2323.55
84,2543,2348.72
85,2543,2346.1
86,2543,2387.13
87,2543,2401.44
88,2543,2432.6
89,2543,2436.24
90,2543,2456.21
91,2543,2476.3
92,2543,1529.82
93,2543,1661.95
94,2543,1786.17
95,2543,1900.62
96,2543,2052.49
97,2543,2128.22
98,2543,2206.64
99,2543,2291.59
100,2543,2318.91
101,2543,2342.05
102,2543,2379.58
103,2543,2432.44
104,2543,2470.14
105,2543,1590.94
106,2543,1751.91
107,2543,1890.69
108,2543,1989.89
109,2543,2047.43
110,2543,2118.73
111,2543,2163.07
112,2543,2223.75
113,2543,2275.37
114,2543,2297.41
115,2543,2336.99
116,2543,2351.84
117,2543,2366.98
118,2543,2387.2
119,2543,2390.6
120,2543,2413.8
121,2543,2437.73
122,2543,2445.65
123,2543,2445.9
124,2543,2456.45
125,2543,2482.57
126,2543,1498.14
127,2543,1651.59
128,2543,1755.06
129,2543,1843.69
130,2543,1938
131,2543,2000.77
132,2543,2083.61
133,2543,2125.32
134,2543,2191.79
135,2543,2209.38
136,2543,2256.18
137,2543,2312.93
138,2543,2320.37
139,2543,2364.8
140,2543,2354.31
141,2543,2406.71
142,2543,2389.65
143,2543,2411.28
144,2543,2427.34
145,2543,2423.53
146,2543,2424.34
147,2543,2453.29
148,2543,2460.9
149,2543,2482.32
150,2543,1539.6
151,2543,1688.06
152,2543,1802.15
153,2543,1926.69
154,2543,2035.99
155,2543,2106.52
156,2543,2149.88
157,2543,2186.84
158,2543,2211.96
159,2543,2265.01
160,2543,2295.16
161,2543,2319.1
162,2543,2349.15
163,2543,2373.29
164,2543,2391.62
165,2543,2421.37
166,2543,2436.34
167,2543,2443.52
168,2543,2452.35
169,2543,2477.43
170,2543,1495.71
171,2543,1668.19
172,2543,1790.07
173,2543,1860.05
174,2543,1960.69
175,2543,2062.28
176,2543,2174.1
177,2543,2245.08
178,2543,2323.07
179,2543,2369.72
180,2543,2397.47
181,2543,2384.24
182,2543,2412.27
183,2543,2447.38
184,2543,2459.75
185,2543,2475.57
186,2543,1496.06
187,2543,1691.67
188,2543,1799.48
189,2543,1878.1
190,2543,1946.03
191,2543,2031.44
192,2543,2102.51
193,2543,2182.14
194,2543,2199.96
195,2543,2253.02
196,2543,2291.28
197,2543,2327.79
198,2543,2364.76
199,2543,2386.86
200,2543,2378.06
201,2543,2407.62
202,2543,2421.85
203,2543,2451.93
204,2543,2425.13
205,2543,2469.22
206,2543,1558.93
207,2543,1700.67
208,2543,1800.45
209,2543,1950.82
210,2543,2042.63
211,2543,2112.61
212,2543,2160.79
213,2543,2214.18
214,2543,2271.67
215,2543,2299.59
216,2543,2314.12
217,2543,2344.88
218,2543,2372.9
219,2543,2390.6
220,2543,2407.59
221,2543,2400.21
222,2543,2433.84
223,2543,2433.2
224,2543,2461.66
225,2543,2472.48
226,2543,1457.93
227,2543,1654.32
228,2543,1775.49
229,2543,1869.75
230,2543,1946.68
231,2543,2043.08
232,2543,2120.31
233,2543,2138.22
234,2543,2177.85
235,2543,2272.07
236,2543,2307.99
237,2543,2339.29
238,2543,2383.07
239,2543,2420.32
240,2543,2426.43
241,2543,2451.73
242,2543,2446.45
243,2543,2479.55
244,2543,1619.05
245,2543,1736.87
246,2543,1851.22
247,2543,1941.88
248,2543,2018.6
249,2543,2083.68
250,2543,2131.98
251,2543,2156.16
252,2543,2219.71
253,2543,2225.2
254,2543,2275.42
255,2543,2313.69
256,2543,2321.99
257,2543,2358.66
258,2543,2372.37
259,2543,2394.6
260,2543,2417.86
261,2543,2450.18
262,2543,2460.71
263,2543,2468.42
264,2543,1526.7
265,2543,1674.94
266,2543,1779.28
267,2543,1906.7
268,2543,2000.59
269,2543,2107.12
270,2543,2212.29
271,2543,2271.33
272,2543,2317.27
273,2543,2341.6
274,2543,2371.64
275,2543,2382.29
276,2543,2412.81
277,2543,2418.53
278,2543,2443.73
279,2543,2438.81
280,2543,2446.82
281,2543,2471.78
282,2543,1539.75
283,2543,1672.19
284,2543,1784.01
285,2543,1913.34
286,2543,1975.94
287,2543,2038.69
288,2543,2097.79
289,2543,2181.6
290,2543,2252.24
291,2543,2287.13
292,2543,2332.12
293,2543,2363.69
294,2543,2360.35
295,2543,2393.52
296,2543,2406.4
297,2543,2428.91
298,2543,2449.55
299,2543,2423.49
Population size,100
Crossover rate,0.22
Mutation rate,0.87
Random selection portion,0.03
Selection method,AForge.Genetic.EliteSelection
Diversity check,True
Iteration,FitnessMax,FitnessAvg
0,2081,1539.66
1,2318,1718.56
2,2318,1829.81
3,2318,1935.47
4,2323,1974.07
5,2377,2058.04
6,2377,2110.1
7,2377,2152.93
8,2377,2203.5
9,2413,2226.79
10,2451,2258.97
11,2473,2277.15
12,2473,2290.51
13,2473,2314.11
14,2473,2334.27
15,2473,2332.04
16,2473,2344.19
17,2473,2366.98
18,2473,2353.41
19,2473,2349.43
20,2473,2371.02
21,2473,2383.73
22,2473,2376.06
23,2489,2388.17
24,2489,2382.51
25,2489,2393.35
26,2489,2406.17
27,2489,2403.87
28,2489,2417.48
29,2489,1553.32
30,2489,1704.22
31,2489,1818.74
32,2489,1940.71
33,2489,2011.24
34,2489,2104.95
35,2489,2181.54
36,2489,2229.75
37,2489,2287.22
38,2489,2315.35
39,2543,2353.46
40,2543,2388.83
41,2543,2403.57
42,2543,2416.66
43,2543,2420.64
44,2543,2439.01
45,2543,2438.53
46,2543,2418.37
47,2543,2458.49
48,2543,2454.21
49,2543,2433.84
Population size,100
Crossover rate,0.22
Mutation rate,0.87
Random selection portion,0.03
Selection method,AForge.Genetic.EliteSelection
Diversity check,True
Iteration,FitnessMax,FitnessAvg
0,1958,1521.57
1,1989,1665.05
2,2046,1770.22
3,2163,1842.33
4,2163,1912.57
5,2338,1970.02
6,2338,1985.09
7,2338,2030.3
8,2377,2092.17
9,2380,2128.9
10,2390,2154.24
11,2398,2213.06
12,2398,2249.13
13,2434,2289.34
14,2453,2295.13
15,2453,2317.28
16,2473,2352.9
17,2473,2338.51
18,2473,2369.18
19,2483,2373.05
20,2504,2384.46
21,2504,2400.87
22,2514,2403.73
23,2514,2419.62
24,2514,2399.88
25,2514,2432.39
26,2514,2437.43
27,2514,2428.56
28,2514,2445.33
29,2514,1550.52
