Population size,100
Crossover rate,0.66
Mutation rate,0.34
Random selection portion,0.03
Selection method,AForge.Genetic.RouletteWheelSelection
Diversity check,False
Iteration,FitnessMax,FitnessAvg
0,2495,1470.39
1,2495,1552.18
2,2449,1549.9
3,2362,1620.73
4,2362,1669.24
5,2338,1709.22
6,2365,1770.96
7,2445,1832.75
8,2498,1866.16
9,2604,1949.03
10,2604,1962.98
11,2604,2018.52
12,2604,2031.96
13,2604,2086.53
14,2631,2071.38
15,2653,2112.47
16,2549,2078.92
17,2549,2031.53
18,2577,2051.65
19,2499,2104.74
20,2599,2140.46
21,2599,2131.72
22,2599,2177.85
23,2599,2212.88
24,2604,2212.35
25,2476,2167
26,2564,2133.83
27,2564,2139.54
28,2564,2130.02
29,2491,2115.01
30,2496,2073.3
31,2450,2055.88
32,2533,2063.3
33,2480,2078.83
34,2480,2058.54
35,2538,2044.28
36,2392,2066.29
37,2463,2067.4
38,2564,2070.66
39,2564,2052.7
40,2564,2008.28
41,2537,2093.31
42,2608,2107.22
43,2610,2114.54
44,2610,2136.76
45,2662,2128.89
46,2650,2137.98
47,2650,2187.53
48,2650,2223.16
49,2650,2223.6
50,2650,2235.3
51,2650,2236.27
52,2650,2165.13
53,2567,2160.93
54,2567,2207
55,2665,2196.46
56,2663,2219.71
57,2663,2265.93
58,2663,2231.09
59,2663,2226.94
60,2663,2258.53
61,2663,2220.16
62,2663,2189.37
63,2663,2244.34
64,2663,2224.57
65,2663,2227.89
66,2634,2244.14
67,2608,2201.5
68,2608,2204.67
69,2610,2197.21
70,2631,2206.92
71,2610,2167.06
72,2630,2141.99
73,2610,2167.14
74,2610,2194.17
75,2610,2167.99
76,2610,2191.94
77,2606,2183.88
78,2606,2196.42
79,2606,2142.03
80,2606,2181.08
81,2606,2140.29
82,2572,2148.83
83,2572,2139.4
84,2615,2138.25
85,2615,2140.78
86,2572,2075.83
87,2578,2084.59
88,2603,2118.08
89,2603,2110.84
90,2579,2134.98
91,2607,2149.33
92,2631,2189.89
93,2579,2168.29
94,2653,2193.52
95,2630,2185.82
96,2630,2142.82
97,2605,2171.47
98,2605,2134.03
99,2601,2144.62
100,2601,2214.36
101,2601,2220.61
102,2579,2246.7
103,2590,2204.47
104,2630,2224.14
105,2630,2236.53
106,2630,2205.21
107,2547,2223.09
108,2563,2185.69
109,2549,2140.41
110,2605,2158.47
111,2603,2147.02
112,2583,2126.09
113,2630,2132.78
114,2583,2169.46
115,2498,2085.68
116,2581,2110.99
117,2498,2105.17
118,2498,2095.08
119,2498,2165.44
120,2589,2186.37
121,2608,2148.97
122,2608,2120.34
123,2608,2182.26
124,2520,2205.46
125,2581,2253.68
126,2581,2265.47
127,2584,2272.09
128,2648,2243.09
129,2651,2210.78
130,2651,2205.85
131,2697,2226.56
132,2587,2229.81
133,2594,2254.75
134,2648,2243.46
135,2648,2246.74
136,2648,2208.36
137,2583,2240.75
138,2624,2207.44
139,2624,2195.32
140,2624,2170.62
141,2624,2190.97
142,2530,2160.46
143,2530,2166.55
144,2592,2132.97
145,2592,2130.17
146,2592,2197.92
147,2592,2185.41
148,2592,2236.16
149,2618,2200.24
150,2618,2183.06
151,2618,2204.74
152,2618,2200.87
153,2618,2227.77
154,2618,2184.85
155,2572,2196.41
156,2653,2254.83
157,2653,2251.69
158,2653,2250.92
159,2653,2222.07
160,2653,2284.68
161,2603,2252.6
162,2611,2215.47
163,2640,2236.18
164,2634,2251.31
165,2640,2274.48
166,2640,2270.98
167,2604,2276.53
168,2599,2278.84
169,2660,2259.35
170,2660,2285.84
171,2590,2231.97
172,2561,2205.03
173,2525,2231.36
174,2613,2197.76
175,2640,2209.03
176,2640,2094.86
177,2567,2135.49
178,2567,2192.5
179,2613,2197.44
180,2567,2178.41
181,2546,2165.47
182,2546,2236.42
183,2546,2259.22
184,2530,2239.39
185,2591,2270.96
186,2591,2299.65
187,2591,2263.16
188,2591,2308.02
189,2596,2311.47
190,2596,2354.24
191,2572,2357.4
192,2572,2344.02
193,2572,2309.86
194,2572,2230.52
195,2576,2248.41
196,2576,2266.46
197,2576,2298.77
198,2576,2290.75
199,2572,2284.34
200,2577,2295.53
201,2566,2231.48
202,2612,2266.2
203,2612,2284.24
204,2594,2248.54
205,2570,2254.42
206,2570,2230.51
207,2581,2230.74
208,2612,2257.35
209,2575,2258.41
210,2597,2235.49
211,2597,2256.39
212,2637,2227.02
213,2637,2245.04
214,2637,2269.98
215,2662,2308.97
216,2662,2266.9
217,2662,2233.82
218,2602,2217.02
219,2630,2245.83
220,2590,2222.62
221,2660,2217.09
222,2590,2203.95
223,2590,2265.55
224,2606,2232.11
225,2588,2232.07
226,2559,2198.77
227,2613,2207.97
228,2523,2217.98
229,2601,2197.11
230,2521,2206.47
231,2521,2210.25
232,2521,2243.93
233,2521,2194.82
234,2532,2200.03
235,2532,2216.28
236,2608,2184.76
237,2608,2160.63
238,2608,2128.55
239,2608,2095.41
240,2493,2086.02
241,2453,2081.79
242,2422,2079.76
243,2460,2050.2
244,2460,2051.97
245,2460,2041.29
246,2455,2083.51
247,2455,2082.85
248,2448,2075.91
249,2448,2023.32
250,2551,2016.48
251,2551,2057.57
252,2551,2054.36
253,2493,2132.03
254,2590,2110.7
255,2590,2104.66
256,2590,2079.61
257,2590,2092.51
258,2585,2084.57
259,2503,2072.36
260,2626,2071.24
261,2543,1995.41
262,2456,1984.74
263,2511,1997.26
264,2563,1980.69
265,2563,2005.68
266,2563,2021.24
267,2563,2011.09
268,2560,2029.29
269,2608,2021.35
270,2608,2039.5
271,2611,2078.67
272,2608,2057.32
273,2666,2046.78
274,2621,2117.3
275,2608,2143.02
276,2630,2164.68
277,2630,2186.51
278,2630,2172.51
279,2608,2134.2
280,2608,2174.4
281,2638,2162.99
282,2666,2211.51
283,2666,2292.69
284,2666,2284.82
285,2666,2249.49
286,2666,2241.41
287,2666,2211.43
288,2666,2275.3
289,2666,2274.12
290,2666,2252.57
291,2666,2258.11
292,2675,2246.86
293,2675,2274.21
294,2675,2207.68
295,2675,2260.8
296,2675,2303.59
297,2675,2255.58
298,2639,2239.42
299,2660,2260.81
Population size,100
Crossover rate,0.66
Mutation rate,0.34
Random selection portion,0.03
Selection method,AForge.Genetic.RouletteWheelSelection
Diversity check,True
Iteration,FitnessMax,FitnessAvg
0,2309,1412.08
1,2309,1555.19
2,2309,1595.8
3,2309,1640.1
4,2320,1715.8
5,2320,1787.03
6,2309,1754.44
7,2461,1828.96
8,2461,1852.59
9,2461,1856.71
10,2461,1877.3
11,2461,1907.12
12,2508,1918.72
13,2461,1920
14,2461,1931.16
15,2461,1956.59
16,2551,1965.63
17,2629,1966.55
18,2461,1955.61
19,2461,1985.89
20,2461,1901.29
21,2461,1890.53
22,2456,1880.38
23,2383,1895.65
24,2474,1928.96
25,2474,1990.15
26,2474,1995.04
27,2474,1970.27
28,2495,2000.33
29,2557,1991.52
30,2479,1981.63
31,2537,2050.07
32,2533,1986.08
33,2533,1980.92
34,2508,2000.43
35,2533,2033.53
36,2533,2059.25
37,2533,2001.55
38,2653,2008.41
39,2653,2003.3
40,2653,2042.99
41,2533,2049.41
42,2533,2071.79
43,2533,2062.12
44,2533,2035.56
45,2591,2053.6
46,2533,2078.32
47,2533,2097.02
48,2500,2148.41
49,2500,2101.93
50,2500,2179.77
51,2500,2131.8
52,2573,2111.85
53,2619,2126.65
54,2600,2133.9
55,2600,2138.8
56,2519,2119.46
57,2476,2132.95
58,2490,2104.17
59,2678,2083.79
60,2678,2088.14
61,2533,2027.5
62,2629,2036.1
63,2497,2027.32
64,2497,2048.28
65,2502,2030.21
66,2589,2004.02
67,2589,1930.08
68,2423,2020.95
69,2506,2067.21
70,2506,2053.39
71,2506,2029.59
72,2506,2091.56
73,2630,2107.03
74,2533,2112.26
75,2611,2096.55
76,2611,2155.09
77,2611,2154.7
78,2611,2189.02
79,2636,2212.87
80,2719,2173.74
81,2719,2160.75
82,2719,2139.77
83,2719,2206.38
84,2719,2176.62
85,2719,2186.48
86,2719,2231.78
87,2719,2212.38
88,2663,2213.38
89,2663,2215.27
90,2609,2163.1
91,2661,2120
92,2609,2155.57
93,2606,2151.52
94,2606,2111.04
95,2719,2103.5
96,2719,2067.39
97,2719,2034.72
98,2719,2068.77
99,2551,2124.11
100,2508,2130.81
101,2597,2131.75
102,2597,2145.54
103,2541,2085.48
104,2541,2051.99
105,2512,2066.16
106,2563,2120.27
107,2597,2122.99
108,2597,2114.15
109,2597,2152.36
110,2563,2169.75
111,2563,2161.74
112,2563,2145.14
113,2593,2124.45
114,2593,2133.08
115,2593,2144.58
116,2593,2102.55
117,2644,2140.66
118,2568,2102.2
119,2644,2113.99
120,2568,2077.58
121,2530,2103.52
122,2530,2152.88
123,2644,2196.43
124,2644,2216.59
125,2644,2200.49
126,2629,2217.48
127,2629,2186.27
128,2629,2196.13
129,2629,2156.32
130,2662,2167.32
131,2634,2121.21
132,2575,2101.22
133,2581,2120.49
134,2621,2106.77
135,2621,2129.17
136,2633,2167.69
137,2633,2140.02
138,2698,2156.95
139,2698,2182.69
140,2671,2181.64
141,2633,2194.35
142,2650,2197.04
143,2650,2171.75
144,2650,2193.61
145,2650,2180.12
146,2638,2234.84
147,2650,2241.87
148,2638,2222.84
149,2650,2283.68
150,2638,2256.36
151,2655,2243.54
152,2667,2327.36
153,2666,2341.8
154,2671,2333.43
155,2671,2369.26
156,2692,2320.18
157,2692,2297.63
158,2666,2282.96
159,2649,2317.1
160,2649,2291.85
161,2649,2270.24
162,2676,2303.46
163,2649,2257.11
164,2649,2260
165,2649,2290.94
166,2649,2273.1
167,2676,2295.47
168,2676,2288.68
169,2676,2289.9
170,2676,2195.75
171,2649,2225.09
172,2617,2245
173,2634,2251.08
174,2593,2240.94
175,2617,2239.6
176,2676,2326.88
177,2638,2280.79
178,2638,2280.35
179,2676,2322.69
180,2593,2308.47
181,2622,2287.78
182,2609,2293.92
183,2638,2351.29
184,2679,2309.01
185,2679,2295.77
186,2638,2289.24
187,2615,2262.03
188,2671,2270.68
189,2609,2238.28
190,2588,2203.85
191,2598,2159.81
192,2590,2191.46
193,2590,2187.43
194,2590,2166.17
195,2590,2219.01
196,2590,2130.11
197,2590,2148.09
198,2642,2113.47
199,2671,2082.33
200,2635,2100.6
201,2676,2128.17
202,2676,2140.82
203,2676,2171.94
204,2577,2117.15
205,2588,2167.94
206,2588,2183.18
207,2620,2213.91
208,2579,2223.39
209,2575,2200.57
210,2523,2188.47
211,2574,2169.21
212,2574,2118.34
213,2650,2152.84
214,2652,2134.04
215,2652,2166
216,2679,2231.8
217,2658,2183.14
218,2658,2145.96
219,2733,2177.15
220,2733,2117.41
221,2733,2121.69
222,2733,2210.47
223,2679,2200.12
224,2733,2176.12
225,2733,2247.96
226,2704,2232.87
227,2704,2308.42
228,2706,2282.64
229,2706,2288.71
230,2729,2239.87
231,2729,2197.45
232,2729,2148.25
233,2729,2121.53
234,2729,2178.67
235,2729,2160.2
236,2677,2126.37
237,2729,2143.99
238,2729,2166.65
239,2677,2210.42
240,2677,2190.02
241,2682,2207
242,2682,2213.94
243,2682,2193.99
244,2682,2234.9
245,2729,2228.52
246,2729,2240.62
247,2729,2298.27
248,2680,2235.93
249,2675,2234.74
250,2675,2267.53
251,2675,2225.63
252,2675,2228.12
253,2704,2260.09
254,2624,2233.5
255,2612,2253.29
256,2666,2241.91
257,2733,2255.59
258,2578,2218.31
259,2624,2244.4
260,2632,2199.05
261,2655,2219.52
262,2655,2188.05
263,2655,2204.36
264,2655,2196.03
265,2655,2220.57
266,2655,2212.95
267,2628,2229.96
268,2657,2235.09
269,2657,2213.3
270,2678,2254.47
271,2673,2263.47
272,2678,2270.67
273,2711,2238.74
274,2711,2274.95
275,2711,2246.09
276,2711,2251.75
277,2711,2279.57
278,2711,2278.25
279,2711,2311.33
280,2628,2293.07
281,2725,2346.04
282,2628,2276.85
283,2683,2281.52
284,2683,2261.43
285,2711,2267.4
286,2711,2293.66
287,2733,2324.17
288,2733,2284.93
289,2733,2323.32
290,2733,2289.73
291,2733,2256.45
292,2733,2283.9
293,2733,2309.25
294,2733,2280.23
295,2733,2348.59
296,2733,2340.86
297,2733,2299.9
298,2733,2248.35
299,2733,2296.6
Population size,100
Crossover rate,0.51
Mutation rate,0.79
Random selection portion,0.03
Selection method,AForge.Genetic.RankSelection
Diversity check,True
Iteration,FitnessMax,FitnessAvg
0,2251,1467.99
1,2261,1698.9
2,2261,1785.4
3,2251,1866.26
4,2261,1946.66
5,2435,1979.57
6,2435,2067.49
7,2355,2057.44
8,2508,2110.45
9,2593,2168.69
10,2593,2210.63
11,2533,2258.45
12,2533,2260.1
13,2560,2248.87
14,2624,2302.33
15,2684,2292.27
16,2684,2368.13
17,2685,2403.66
18,2685,2433.44
19,2688,2424.77
20,2688,2487.92
21,2662,2490.95
22,2707,2498.18
23,2707,2510.43
24,2707,2532.02
25,2707,2520.14
26,2707,2533.86
27,2707,2557.42
28,2712,2546.93
29,2712,2491.37
30,2707,2592.31
31,2707,2547.28
32,2707,2519.14
33,2707,2473.76
34,2707,2511
35,2707,2570.92
36,2707,2534.16
37,2707,2591.73
38,2707,2621.9
39,2707,2558.9
40,2707,2572.48
41,2707,2623.46
42,2707,2614.6
43,2707,2613.58
44,2707,2549.96
45,2707,2600.86
46,2707,2618.59
47,2707,2580.63
48,2707,2582.06
49,2707,2585.73
50,2707,2598.02
51,2707,2616.91
52,2707,2621.08
53,2707,2617.99
54,2707,2612.82
55,2707,2627.68
56,2144,1322.23
57,2144,1539.35
58,2217,1733.41
59,2217,1851.15
60,2271,1915.06
61,2271,1980.54
62,2271,2062.43
63,2386,2069.11
64,2498,2093.05
65,2498,2041.2
66,2498,2134.06
67,2498,2206.94
68,2561,2202.16
69,2628,2152.93
70,2628,2231.91
71,2660,2329.93
72,2660,2312.39
73,2660,2402.12
74,2665,2377.7
75,2665,2434.23
76,2665,2444.46
77,2665,2437.43
78,2665,2391.9
79,2665,2379.45
80,2665,2483.22
81,2660,2462.69
82,2679,2414.1
83,2679,2466.04
84,2679,2474.96
85,2685,2482.13
86,2690,2511.37
87,2694,2539.05
88,2721,2551.33
89,2721,2520.98
90,2721,2526.34
91,2721,2565.07
92,2721,2516.43
93,2721,2561.19
94,2721,2584.94
95,2721,2557.31
96,2721,2514.06
97,2721,2587.28
98,2721,2580.92
99,2721,2526.22
100,2721,2519.36
101,2721,2599.76
102,2721,2599.16
103,2721,2603.46
104,2721,2557.45
105,2721,2598.7
106,2721,2570.26
107,2721,2561.71
108,2721,2622.95
109,2721,2617.09
110,2721,2626.44
111,2721,2585.97
112,2721,2596.39
113,2721,2645
114,2721,1380.55
115,2721,1552.58
116,2721,1632.19
117,2721,1765.79
118,2721,1852.72
119,2694,2002.96
120,2721,2053.69
121,2694,2129
122,2694,2226.47
123,2716,2248.85
124,2721,2336.19
125,2721,2367.92
126,2721,2408.61
127,2721,2408.3
128,2721,2434.56
129,2721,2448.2
130,2721,2485.98
131,2721,2531.09
132,2721,2526.34
133,2721,2559.03
134,2721,2568.87
135,2721,2592.71
136,2721,2584.79
137,2721,2607.25
138,2721,2641.09
139,2188,1381.3
140,2246,1620
141,2183,1759.74
142,2191,1843.96
143,2246,1927.88
144,2361,1966.97
145,2439,2054.95
146,2439,2140.24
147,2643,2171.52
148,2643,2230.29
149,2638,2229.54
150,2638,2293.45
151,2638,2281.72
152,2618,2252.76
153,2616,2148.93
154,2616,2256.15
155,2616,2284.17
156,2616,2327.46
157,2616,2323.01
158,2697,2375.92
159,2697,2404.72
160,2702,2428.03
161,2702,2410.33
162,2702,2464.55
163,2702,2480.96
164,2702,2503.72
165,2702,2440
166,2702,2539.2
167,2702,2497.36
168,2702,2480.27
169,2702,2561.46
170,2702,2535.38
171,2702,2534.79
172,2702,2541
173,2702,2514.02
174,2706,2475.55
175,2706,2487.6
176,2706,2529.72
177,2706,2563.82
178,2706,2580.16
179,2706,2545.78
180,2706,2513.98
181,2706,2564.24
182,2706,2527.13
183,2706,2466.18
184,2706,2536.32
185,2706,2547.74
186,2707,2590.25
187,2707,2598.76
188,2707,2620.65
189,2707,2594.41
190,2706,2509.94
191,2706,2537.92
192,2706,2548.06
193,2706,2598.54
194,2706,2602.22
195,2706,2551.13
196,2706,2543.39
197,2706,2579.03
198,2706,2594.3
199,2706,2539.04
200,2706,2512.25
201,2711,2534.84
202,2711,2511.3
203,2711,2499.16
204,2711,2515.82
205,2711,2592.15
206,2711,2547.91
207,2711,2556.61
208,2711,2615.78
209,2711,2612.98
210,2711,2601.49
211,2711,2607.87
212,2711,2617.16
213,2711,2639.5
214,2711,1417.89
215,2495,1702.58
216,2497,1800.59
217,2495,1927.14
218,2522,2095.87
219,2524,2182.43
220,2711,2260.14
221,2711,2366.9
222,2711,2382.4
223,2711,2385.73
224,2711,2435.65
225,2711,2480.5
226,2711,2493.37
227,2711,2548.21
228,2729,2537.73
229,2711,2570.35
230,2711,2513.83
231,2711,2494.3
232,2711,2600.64
233,2711,2599.33
234,2711,2558.51
235,2711,2593.67
236,2711,2595.59
237,2711,2599.71
238,2711,2609.7
239,2711,2627.96
240,2711,2571.38
241,2711,2562.94
242,2733,2575.41
243,2733,2556.11
244,2733,2526.43
245,2733,2497.27
246,2733,2566.62
247,2733,2588.09
248,2733,2541.4
249,2733,2549.55
250,2733,2541.75
251,2733,2612.37
252,2733,2547.29
253,2733,2613.75
254,2733,2585.94
255,2733,2607.31
256,2733,2631.75
257,2733,2625.44
258,2733,2601.79
259,2733,2564.63
260,2733,2523.07
261,2733,2641.31
262,2733,2661.23
263,2013,1433.37
264,2013,1527.41
265,2160,1644.56
266,2205,1789.95
267,2257,1855.79
268,2257,1891.09
269,2347,1981.22
270,2347,2014.43
271,2389,2086.39
272,2463,2122.98
273,2463,2194.96
274,2563,2241.93
275,2563,2266.96
276,2563,2298.14
277,2563,2332.67
278,2563,2396.65
279,2691,2423.21
280,2691,2427.3
281,2569,2418.51
282,2712,2288.74
283,2712,2409.45
284,2569,2375.72
285,2569,2398.12
286,2590,2422.52
287,2590,2404.63
288,2653,2425.27
289,2707,2429.02
290,2569,2401.22
291,2569,2402.88
292,2590,2456.97
293,2569,2445.84
294,2658,2432.57
295,2658,2472.03
296,2658,2435.1
297,2658,2473.8
298,2685,2486.13
299,2688,2444.42
Population size,100
Crossover rate,0.51
Mutation rate,0.79
Random selection portion,0.03
Selection method,AForge.Genetic.RankSelection
Diversity check,False
Iteration,FitnessMax,FitnessAvg
0,2003,1488.81
1,2180,1667.95
2,2291,1787.26
3,2291,1863.39
4,2457,1961.8
5,2457,2053.84
6,2486,2114.9
7,2502,2140.1
8,2608,2219.92
9,2524,2265.68
10,2620,2259.69
11,2620,2310.45
12,2693,2199.13
13,2693,2269.36
14,2674,2290.03
15,2674,2297.08
16,2674,2402.2
17,2674,2440.95
18,2674,2457.93
19,2706,2451.4
20,2706,2518.94
21,2693,2509.77
22,2693,2547.15
23,2721,2510.69
24,2721,2562.37
25,2693,2562.85
26,2693,2570.99
27,2725,2521.14
28,2730,2517.76
29,2730,2510.58
30,2730,2549.19
31,2730,2531.04
32,2730,2567.41
33,2730,2567.98
34,2730,2551.32
35,2730,2528.62
36,2730,2517.71
37,2730,2552.78
38,2730,2565.94
39,2730,2534.84
40,2730,2562.81
41,2730,2596.91
42,2730,2595.86
43,2730,2538.28
44,2730,2573.53
45,2730,2614.8
46,2730,2661.98
47,2730,2604.61
48,2730,2564.89
49,2730,2653.11
50,2730,2636.93
51,2730,2643.07
52,2730,2586.27
53,2730,2655.49
54,2730,2626.2
55,2730,2644.42
56,2730,2607.89
57,2730,2609.36
58,2730,2649.32
59,2730,2618.96
60,2730,2562.92
61,2730,2600.91
62,2730,2599.17
63,2730,2584.52
64,2730,2529.36
65,2730,2596.85
66,2730,2544.35
67,2730,2546.93
68,2730,2546
69,2730,2582.21
70,2730,2562.41
71,2730,2530.8
72,2730,2559.58
73,2730,2590.49
74,2730,2648.89
75,2730,2548.36
76,2730,2585.12
77,2730,2612.48
78,2730,2606.82
79,2730,2618.18
80,2730,2598.68
81,2730,2619.81
82,2730,2596.01
83,2730,2638.05
84,2730,2622.37
85,2730,2670.09
86,2730,2629.16
87,2730,2649.59
88,2730,2606.42
89,2730,2557.01
90,2730,2446.87
91,2730,2597.22
92,2730,2577.15
93,2730,2619.1
94,2730,2604.66
95,2730,2596.76
96,2730,2575.2
97,2730,2543.39
98,2730,2613.54
99,2730,2590.7
100,2730,2606.5
101,2730,2613.2
102,2730,2586.56
103,2730,2615.11
104,2730,2622.1
105,2730,2595.91
106,2730,2631.37
107,2730,2631.38
108,2730,2647.99
109,2730,2656.47
110,2730,2588.71
111,2730,2594.96
112,2730,2603.61
113,2730,2585.65
114,2730,2582.66
115,2730,2622
116,2730,2615.5
117,2730,2568.88
118,2730,2564.76
119,2730,2598.37
120,2730,2634.04
121,2730,2591.78
122,2730,2634.66
123,2730,2629.11
124,2730,2664.24
125,2730,2635.27
126,2730,2648.37
127,2730,2639.09
128,2730,2616.84
129,2730,2627.55
130,2730,2580.27
131,2730,2540.6
132,2730,2592.48
133,2730,2602.71
134,2730,2631.83
135,2730,2648.92
136,2730,2592.06
137,2730,2563.1
138,2730,2554.98
139,2730,2577.53
140,2730,2615.83
141,2730,2619.36
142,2730,2583.85
143,2730,2646.69
144,2730,2651.55
145,2730,2643.4
146,2730,2614.23
147,2730,2631.34
148,2730,2627.91
149,2730,2620.44
150,2730,2642.01
151,2730,2634.58
152,2730,2601.55
153,2730,2561.21
154,2730,2599.07
155,2730,2530.33
156,2730,2525.75
157,2730,2639.06
158,2730,2529.58
159,2730,2523.97
160,2730,2600.15
161,2730,2629.85
162,2730,2604.5
163,2730,2675.94
164,2730,2607.58
165,2730,2571.63
166,2730,2615.45
167,2730,2627.21
168,2730,2532.48
169,2730,2620.98
170,2730,2641.99
171,2730,2636.09
172,2730,2621.63
173,2730,2594.2
174,2730,2621.84
175,2730,2611.1
176,2730,2602.21
177,2730,2604.34
178,2730,2608.69
179,2730,2573.41
180,2730,2549.37
181,2730,2481.82
182,2730,2578.08
183,2730,2625.31
184,2730,2618.65
185,2730,2595.66
186,2730,2625.66
187,2730,2562.44
188,2730,2640.32
189,2730,2632.96
190,2730,2569.48
191,2730,2643.15
192,2730,2615.37
193,2730,2592.1
194,2730,2634.57
195,2730,2617.29
196,2730,2611.72
197,2730,2627.93
198,2730,2569.33
199,2730,2607.25
200,2730,2648.33
201,2730,2570.31
202,2730,2631.93
203,2730,2615.79
204,2730,2620.56
205,2730,2608.72
206,2730,2617.95
207,2730,2623.51
208,2730,2610.3
209,2730,2499.62
210,2730,2551
211,2730,2607.6
212,2730,2564.27
213,2730,2595.2
214,2730,2646.66
215,2730,2612.67
216,2730,2664.46
217,2730,2600.74
218,2730,2509.46
219,2730,2635.56
220,2730,2608.16
221,2730,2607.34
222,2730,2620.15
223,2730,2565.6
224,2730,2643.5
225,2730,2638.23
226,2730,2649.11
227,2730,2595.85
228,2730,2589.83
229,2730,2612.8
230,2730,2592.38
231,2730,2498.13
232,2730,2510.36
233,2730,2535.91
234,2730,2602.01
235,2730,2619.84
236,2730,2623.62
237,2730,2647.82
238,2730,2601.76
239,2730,2613.84
240,2730,2646.38
241,2730,2565.98
242,2730,2634.71
243,2730,2616.09
244,2730,2607.96
245,2730,2518.42
246,2730,2520.62
247,2730,2540.94
248,2730,2555.63
249,2730,2639.53
250,2730,2653.47
251,2730,2587.57
252,2730,2582.62
253,2730,2626.07
254,2730,2603.29
255,2730,2524.98
256,2730,2514.63
257,2730,2599.95
258,2730,2601.54
259,2730,2598.83
260,2730,2581.67
261,2730,2545.17
262,2730,2525.95
263,2730,2604.94
264,2730,2638.45
265,2730,2653.63
266,2730,2604.85
267,2730,2512.78
268,2730,2521.27
269,2730,2630.25
270,2730,2654.63
271,2730,2627.54
272,2730,2575.48
273,2730,2553.26
274,2730,2463.89
275,2730,2503.89
276,2730,2587.71
277,2730,2555.89
278,2730,2602.64
279,2730,2619.21
280,2730,2591.94
281,2730,2621.11
282,2730,2619.86
283,2730,2605.55
284,2730,2582.77
285,2730,2591.51
286,2730,2599.34
287,2730,2568.77
288,2730,2566.72
289,2730,2591.46
290,2730,2566.29
291,2730,2592.35
292,2730,2583.66
293,2730,2504.9
294,2730,2583.45
295,2730,2578.76
296,2730,2574.83
297,2730,2628.08
298,2730,2611.54
299,2730,2557.89
Population size,100
Crossover rate,0.22
Mutation rate,0.87
Random selection portion,0.03
Selection method,AForge.Genetic.EliteSelection
Diversity check,False
Iteration,FitnessMax,FitnessAvg
0,2082,1562.12
1,2183,1730.81
2,2231,1834.91
3,2255,1948.55
4,2318,2041.89
5,2416,2094.74
6,2416,2159.02
7,2485,2207.66
8,2532,2291.23
9,2546,2345.19
10,2636,2364.12
11,2636,2387.6
12,2681,2440.97
13,2689,2470.84
14,2689,2481.2
15,2689,2512.26
16,2689,2541.9
17,2728,2564.41
18,2728,2568.11
19,2728,2609.23
20,2728,2622.26
21,2728,2612.13
22,2728,2644.37
23,2728,2633.76
24,2733,2661.93
25,2733,2634.21
26,2733,2665.02
27,2733,2652.79
28,2733,2666.06
29,2733,2658.24
30,2733,2642.25
31,2733,2676.4
32,2733,2664.24
33,2733,2667.33
34,2733,2686.38
35,2733,2656.95
36,2733,2674.21
37,2733,2674.77
38,2733,2674.12
39,2733,2686.32
40,2733,2676.74
41,2733,2663.56
42,2733,2697.38
43,2733,2674.97
44,2733,2661.53
45,2733,2667.45
46,2733,2662.98
47,2733,2672.39
48,2733,2678.7
49,2733,2686.42
50,2733,2691.88
51,2733,2686.64
52,2733,2690.96
53,2733,2678.68
54,2733,2680.05
55,2733,2673.1
56,2733,2681.4
57,2733,2706.83
58,2733,2681.38
59,2733,2682.72
60,2733,2694.16
61,2733,2666.41
62,2733,2666.12
63,2733,2704.12
64,2733,2666.66
65,2733,2692.17
66,2733,2693.69
67,2733,2686.56
68,2733,2662.11
69,2733,2683.82
70,2733,2677.79
71,2733,2675.07
72,2733,2700.8
73,2733,2659.29
74,2733,2676.78
75,2733,2691.9
76,2733,2664.49
77,2733,2688.93
78,2733,2677.31
79,2733,2679.12
80,2733,2684.4
81,2733,2660.27
82,2733,2662.19
83,2733,2692.98
84,2733,2680.3
85,2733,2675.4
86,2733,2682.77
87,2733,2687.45
88,2733,2673.77
89,2733,2687.07
90,2733,2695.72
91,2733,2693.97
92,2733,2666.21
93,2733,2700.82
94,2733,2692.22
95,2733,2695.45
96,2733,2682.38
97,2733,2699.9
98,2733,2678.94
99,2733,2658.73
100,2733,2676.01
101,2733,2685.16
102,2733,2697.99
103,2733,2698.4
104,2733,2693.19
105,2733,2695.11
106,2733,2665.94
107,2733,2677.43
108,2733,2694.64
109,2733,2669.07
110,2733,2664.39
111,2733,2670.02
112,2733,2689.16
113,2733,2678.99
114,2733,2694.04
115,2733,2682.3
116,2733,2677.67
117,2733,2677.49
118,2733,2688.46
119,2733,2664.39
120,2733,2655.09
121,2733,2678.54
122,2733,2686.74
123,2733,2680.39
124,2733,2678.88
125,2733,2695.29
126,2733,2669.9
127,2733,2701.48
128,2733,2677.74
129,2733,2677.64
130,2733,2699.6
131,2733,2681.28
132,2733,2667.09
133,2733,2685.52
134,2733,2694.99
135,2733,2705.53
136,2733,2674.88
137,2733,2672.45
138,2733,2675.26
139,2733,2681.52
140,2733,2674.34
141,2733,2682.41
142,2733,2704.93
143,2733,2699.08
144,2733,2694.62
145,2733,2695.49
146,2733,2662.65
147,2733,2698.16
148,2733,2682.86
149,2733,2695.1
150,2733,2675.41
151,2733,2681.88
152,2733,2669.38
153,2733,2702.74
154,2733,2689.19
155,2733,2692.41
156,2733,2662.97
157,2733,2677.15
158,2733,2678.52
159,2733,2681.65
160,2733,2676.89
161,2733,2680.78
162,2733,2683.74
163,2733,2687.42
164,2733,2690.5
165,2733,2690.04
166,2733,2690.35
167,2733,2707.48
168,2733,2695.99
169,2733,2661.4
170,2733,2676.5
171,2733,2664.07
172,2733,2679.56
173,2733,2660.22
174,2733,2685.29
175,2733,2682.55
176,2733,2658.19
177,2733,2676.93
178,2733,2688.68
179,2733,2694.12
180,2733,2667.22
181,2733,2674.41
182,2733,2695.63
183,2733,2681.66
184,2733,2680.57
185,2733,2691.05
186,2733,2676.04
187,2733,2680.82
188,2733,2696.89
189,2733,2666.7
190,2733,2666.93
191,2733,2664.07
192,2733,2687.66
193,2733,2680.39
194,2733,2687.27
195,2733,2692.87
196,2733,2691.36
197,2733,2688.81
198,2733,2679.98
199,2733,2682.77
200,2733,2682.72
201,2733,2666.49
202,2733,2678.16
203,2733,2667.73
204,2733,2671.91
205,2733,2693.74
206,2733,2651.01
207,2733,2679.98
208,2733,2696.59
209,2733,2693.42
210,2733,2669.25
211,2733,2673.3
212,2733,2698.71
213,2733,2685.45
214,2733,2673.55
215,2733,2671.11
216,2733,2707.69
217,2733,2690.82
218,2733,2698.71
219,2733,2682.25
220,2733,2664.25
221,2733,2699.32
222,2733,2681
223,2733,2688.4
224,2733,2674.29
225,2733,2696.3
226,2733,2684.18
227,2733,2692.73
228,2733,2682
229,2733,2689.07
230,2733,2677.16
231,2733,2694.07
232,2733,2683.5
233,2733,2695.35
234,2733,2678.71
235,2733,2666.11
236,2733,2678.61
237,2733,2689.61
238,2733,2693.06
239,2733,2691.84
240,2733,2663.9
241,2733,2660.62
242,2733,2684.27
243,2733,2688.94
244,2733,2683.98
245,2733,2707.12
246,2733,2651.01
247,2733,2672.36
248,2733,2682.79
249,2733,2695.15
250,2733,2696.87
251,2733,2692.27
252,2733,2665.32
253,2733,2673.87
254,2733,2666.18
255,2733,2666.41
256,2733,2680.75
257,2733,2676.38
258,2733,2680.24
259,2733,2691.92
260,2733,2667.22
261,2733,2697.24
262,2733,2670.3
263,2733,2704.37
264,2733,2662.92
265,2733,2665.84
266,2733,2682.79
267,2733,2679.24
268,2733,2672.47
269,2733,2678.71
270,2733,2687.43
271,2733,2651.01
272,2733,2686.21
273,2733,2707
274,2733,2702.92
275,2733,2675.54
276,2733,2683.03
277,2733,2706.18
278,2733,2691.56
279,2733,2686.9
280,2733,2676.99
281,2733,2691.37
282,2733,2680.35
283,2733,2690.92
284,2733,2688.97
285,2733,2699.4
286,2733,2680.13
287,2733,2692.18
288,2733,2682.1
289,2733,2689.49
290,2733,2692.87
291,2733,2693.05
292,2733,2694.67
293,2733,2670.19
294,2733,2692.61
295,2733,2695.52
296,2733,2660.16
297,2733,2683.71
298,2733,2681.48
299,2733,2666.44
Population size,100
Crossover rate,0.22
Mutation rate,0.87
Random selection portion,0.03
Selection method,AForge.Genetic.EliteSelection
Diversity check,True
Iteration,FitnessMax,FitnessAvg
0,2246,1556.15
1,2246,1742.95
2,2332,1904.11
3,2456,1983.53
4,2514,2099.68
5,2514,2143.19
6,2514,2192.35
7,2542,2254.76
8,2542,2321.87
9,2542,2368.37
10,2555,2385.83
11,2555,2413.15
12,2644,2441.45
13,2644,2476.13
14,2644,2463.05
15,2644,2480.43
16,2644,2474.08
17,2653,2504.07
18,2653,2510.49
19,2653,2532.81
20,2653,2545.49
21,2653,2536.09
22,2653,2554.58
23,2653,2554.17
24,2691,2573
25,2691,2596.91
26,2714,2609.71
27,2714,2579.85
28,2714,2606.64
29,2714,2609.25
30,2714,2597.93
31,2714,2623.48
32,2714,2623.26
33,2714,2641.37
34,2714,1631.3
35,2714,1793.52
36,2714,1866.3
37,2714,1984.31
38,2714,2075.34
39,2714,2125.48
40,2714,2205.24
41,2714,2257.17
42,2714,2320.7
43,2714,2403.01
44,2714,2438.19
45,2714,2488.22
46,2719,2530.93
47,2719,2572.23
48,2719,2591.87
49,2719,2588.36
50,2719,2618.99
51,2719,2626.24
52,2719,2635.43
53,2719,2628.84
54,2719,2666.08
55,2719,1657.2
56,2719,1841.86
57,2719,1964.01
58,2719,2035.57
59,2719,2126.48
60,2719,2196.76
61,2719,2276.22
62,2719,2323.04
63,2719,2383.24
64,2719,2448.32
65,2719,2493.57
66,2719,2526.67
67,2721,2598.79
68,2721,2606.91
69,2721,2614.27
70,2721,2600.9
71,2721,2628.24
72,2721,2655.04
73,2721,1662.98
74,2721,1819.16
75,2721,1874.79
76,2721,1986.57
77,2721,2059.86
78,2721,2158.83
79,2721,2214.92
80,2721,2293.95
81,2721,2395.19
82,2721,2439.86
83,2721,2480.97
84,2721,2528.16
85,2733,2581.43
86,2733,2614.7
87,2733,2629.99
88,2733,2604.16
89,2733,2645.68
90,2733,2654.89
91,2733,1640.5
92,2733,1798.07
93,2733,1901.72
94,2733,2016.09
95,2733,2125.47
96,2733,2242.53
97,2733,2313.25
98,2733,2365.64
99,2733,2428.97
100,2733,2470.12
101,2733,2508.69
102,2733,2504.48
103,2733,2584.91
104,2733,2606.83
105,2733,2635.88
106,2733,2647.14
107,2733,2659.09
108,2733,1664.32
109,2733,1852.68
110,2733,1953.93
111,2733,2091.76
112,2733,2198.04
113,2733,2284.92
114,2733,2362.23
115,2733,2450.64
116,2733,2512.11
117,2733,2592.16
118,2733,2602.5
119,2733,2630.52
120,2733,2653.47
121,2733,1594.02
122,2733,1756
123,2733,1872.05
124,2733,1969.23
125,2733,2038.43
126,2733,2126.76
127,2733,2192.19
128,2733,2284.89
129,2733,2380.73
130,2733,2393.71
131,2733,2451.95
132,2733,2508.21
133,2733,2558.24
134,2733,2606.14
135,2733,2629.04
136,2733,2617.95
137,2733,2652.06
138,2733,1656.29
139,2733,1844.74
140,2733,1983.24
141,2733,2071.12
142,2733,2166.91
143,2733,2244.14
144,2733,2336.02
145,2733,2449.7
146,2733,2488.72
147,2733,2523.79
148,2733,2579.22
149,2733,2608
150,2733,2640
151,2733,2645.22
152,2733,2664.7
153,2733,1596.03
154,2733,1792.24
155,2733,1962.91
156,2733,2081.83
157,2733,2185.44
158,2733,2282.02
159,2733,2391.87
160,2733,2456.21
161,2733,2506.72
162,2733,2567.7
163,2733,2589.4
164,2733,2595.95
165,2733,2642.38
166,2733,2646.55
167,2733,2636.97
168,2733,2665.04
169,2733,1563.65
170,2733,1803.73
171,2733,1942.66
172,2733,2093.29
173,2733,2229.44
174,2733,2344.03
175,2733,2421.76
176,2733,2501.8
177,2733,2566.12
178,2733,2575.15
179,2733,2616.51
180,2733,2630.35
181,2733,2614.74
182,2733,2642.75
183,2733,2650.9
184,2733,2651.54
185,2733,1596.58
186,2733,1801.86
187,2733,1915.17
188,2733,2038.56
189,2733,2146.38
190,2733,2207.92
191,2733,2302.67
192,2733,2418.2
193,2733,2440.93
194,2733,2477.22
195,2733,2539.71
196,2733,2560.96
197,2733,2589.48
198,2733,2608.91
199,2733,2646.4
200,2733,2648.3
201,2733,2643.69
202,2733,2644.93
203,2733,2662.14
204,2733,1571.18
205,2733,1733.37
206,2733,1886.09
207,2733,2051.61
208,2733,2157.71
209,2733,2286.26
210,2733,2341.39
211,2733,2430.57
212,2733,2488.68
213,2733,2528.85
214,2733,2552.08
215,2733,2580.51
216,2733,2603.53
217,2733,2613.56
218,2733,2634.58
219,2733,2652.2
220,2733,1642.84
221,2733,1823.33
222,2733,1914.13
223,2733,2002.48
224,2733,2085.16
225,2733,2208.59
226,2733,2305.14
227,2733,2381.84
228,2733,2461.58
229,2733,2506.45
230,2733,2559.34
231,2733,2567.63
232,2733,2629.68
233,2733,2642.92
234,2733,2652.15
235,2733,1563.93
236,2733,1763.9
237,2733,1877.92
238,2733,2043.62
239,2733,2157.5
240,2733,2252.76
241,2733,2329.86
242,2733,2423.05
243,2733,2500.76
244,2733,2537.35
245,2733,2598.33
246,2733,2609.02
247,2733,2619.17
248,2733,2624.55
249,2733,2641.5
250,2733,2662.17
251,2733,1590.89
252,2733,1765.37
253,2733,1851.87
254,2733,1941.09
255,2733,2050.04
256,2733,2126.02
257,2733,2260.84
258,2733,2352.58
259,2733,2410.03
260,2733,2459.68
261,2733,2521.93
262,2733,2585.71
263,2733,2606.63
264,2733,2619.35
265,2733,2649.35
266,2733,2646.34
267,2733,2666.05
268,2733,1631.95
269,2733,1752.73
270,2733,1911.65
271,2733,2047.67
272,2733,2150.85
273,2733,2234.78
274,2733,2321.71
275,2733,2398.83
276,2733,2441.85
277,2733,2501.29
278,2733,2526.13
279,2733,2581.58
280,2733,2593.61
281,2733,2632.32
282,2733,2646.55
283,2733,2650.36
284,2733,2673.51
285,2733,1571.66
286,2733,1716.72
287,2733,1862.37
288,2733,1981.61
289,2733,2120.55
290,2733,2240.36
291,2733,2317.52
292,2733,2388.14
293,2733,2450.99
294,2733,2479.38
295,2733,2552.56
296,2733,2576.11
297,2733,2619.13
298,2733,2634.59
299,2733,2632.8
Population size,100
Crossover rate,0.22
Mutation rate,0.87
Random selection portion,0.03
Selection method,AForge.Genetic.EliteSelection
Diversity check,True
Iteration,FitnessMax,FitnessAvg
0,2301,1586.56
1,2330,1736.72
2,2330,1866.8
3,2486,2001.96
4,2486,2115.94
5,2613,2201.91
6,2684,2273.99
7,2684,2327.71
8,2684,2375.4
9,2684,2442.28
10,2684,2444.73
11,2707,2476.39
12,2707,2510.08
13,2707,2545.14
14,2719,2589.78
15,2719,2600.99
16,2729,2591.27
17,2729,2618.38
18,2729,2614.37
19,2729,2655.67
20,2729,1682.96
21,2729,1802.74
22,2729,1941.51
23,2729,2076.51
24,2729,2173.01
25,2729,2265.59
26,2729,2340.22
27,2729,2371.25
28,2729,2444.43
29,2729,2465.63
30,2729,2499.01
31,2729,2550.2
32,2729,2586.53
33,2733,2585.08
34,2733,2617.14
35,2733,2633.4
36,2733,2625.44
37,2733,2639.75
38,2733,2655.56
39,2733,1622.33
40,2733,1777.33
41,2733,1873.97
42,2733,1995.53
43,2733,2112.04
44,2733,2221.78
45,2733,2322.94
46,2733,2376.33
47,2733,2448.46
48,2733,2494.65
49,2733,2545.11
Population size,100
Crossover rate,0.22
Mutation rate,0.87
Random selection portion,0.03
Selection method,AForge.Genetic.EliteSelection
Diversity check,True
Iteration,FitnessMax,FitnessAvg
0,2360,1621.09
1,2360,1746.06
2,2360,1841.79
3,2377,1944.61
4,2377,2016.19
5,2504,2098.66
6,2504,2180.02
7,2504,2239.83
8,2548,2303.02
9,2661,2324.37
10,2672,2394.39
11,2672,2432.15
12,2711,2467.01
13,2711,2506.4
14,2711,2543.95
15,2711,2531.98
16,2711,2553.5
17,2711,2574.9
18,2711,2601.92
19,2711,2613.05
20,2728,2626.3
21,2728,2623.69
22,2728,2646.6
23,2728,1611.78
24,2728,1786.12
25,2728,1876.03
26,2728,1977.41
27,2728,2030.35
28,2728,2096.76
29,2728,2212.34
