Population size,30
Crossover rate,0.1
Mutation rate,0.1
Random selection portion,0
Selection method,AForge.Genetic.RouletteWheelSelection
Iteration,FitnessMax,FitnessAvg
0,2842,2080.03333333333
1,2842,2150.36666666667
2,2842,2249.76666666667
3,2842,2258.56666666667
4,2842,2255.83333333333
5,2578,2170.23333333333
6,2578,2196.03333333333
7,2578,2284.06666666667
8,2594,2281.83333333333
9,2578,2346.33333333333
10,2579,2353.1
11,2578,2326.1
12,2536,2280.43333333333
13,2536,2259.86666666667
14,2536,2255
15,2536,2275.46666666667
16,2536,2340.13333333333
17,2536,2355.8
18,2536,2383.6
19,2549,2364.16666666667
20,2549,2342.1
21,2536,2329.13333333333
22,2536,2297.76666666667
23,2545,2289.83333333333
24,2545,2284.93333333333
25,2458,2267.16666666667
26,2458,2308.1
27,2458,2345.23333333333
28,2620,2408.8
29,2816,2422.36666666667
30,2816,2478.63333333333
31,2666,2460.16666666667
32,2810,2547.26666666667
33,2995,2608.16666666667
34,2845,2612.13333333333
35,2810,2585.5
36,2810,2571.73333333333
37,2810,2596.4
38,2810,2587.13333333333
39,2805,2541
40,2901,2555.8
41,2901,2559.4
42,2901,2587.63333333333
43,2901,2570
44,2901,2543.76666666667
45,2901,2566.63333333333
46,2799,2597.63333333333
47,2799,2606.53333333333
48,2799,2611.03333333333
49,2908,2659.06666666667
50,2908,2718.36666666667
51,2908,2706.96666666667
52,2908,2723.36666666667
53,2942,2744.13333333333
54,2986,2725.33333333333
55,2999,2809.36666666667
56,2999,2829.53333333333
57,2999,2832.3
58,2999,2785.63333333333
59,2999,2782.86666666667
60,2999,2801.53333333333
61,3024,2776.43333333333
62,3258,2763.96666666667
63,3258,2805.33333333333
64,3024,2776.53333333333
65,3024,2781.16666666667
66,3024,2802.76666666667
67,3024,2798.23333333333
68,3024,2785.56666666667
69,2916,2768.5
70,2914,2787.33333333333
71,2914,2708.93333333333
72,2914,2665.26666666667
73,2914,2697.3
74,2914,2712.7
75,2914,2762.2
76,2914,2752.73333333333
77,2914,2737.06666666667
78,2914,2724.86666666667
79,2914,2728.46666666667
80,2914,2713
81,2914,2730.4
82,2914,2745.56666666667
83,2914,2691.3
84,2914,2684.3
85,2921,2730.6
86,2921,2744.06666666667
87,2921,2730.76666666667
88,2980,2735.1
89,2921,2727.63333333333
90,2921,2760.03333333333
91,2921,2786
92,2986,2795.76666666667
93,2986,2780.63333333333
94,2986,2774.63333333333
95,2921,2807.93333333333
96,3055,2829.7
97,2921,2822.93333333333
98,2921,2864.33333333333
99,2921,2808.4
Population size,30
Crossover rate,0.2
Mutation rate,0.1
Random selection portion,0
Selection method,AForge.Genetic.RouletteWheelSelection
Iteration,FitnessMax,FitnessAvg
0,2680,2199.26666666667
1,2680,2305.2
2,2680,2292.23333333333
3,2680,2321.13333333333
4,2680,2434.7
5,2680,2513.7
6,2680,2556.36666666667
7,2706,2558.96666666667
8,2880,2589.9
9,3091,2629.1
10,3091,2630.06666666667
11,3211,2618.46666666667
12,3091,2605.8
13,2865,2632
14,2865,2635.06666666667
15,2865,2639.76666666667
16,2865,2639.56666666667
17,2865,2636.16666666667
18,2865,2684.63333333333
19,2865,2702.4
20,2865,2690.3
21,2985,2714.26666666667
22,3075,2744.46666666667
23,3075,2775.53333333333
24,3075,2754.16666666667
25,3075,2754.43333333333
26,3075,2712.96666666667
27,2880,2725.2
28,2969,2686.9
29,2969,2650.16666666667
30,2969,2651.9
31,2969,2716.5
32,2969,2739.73333333333
33,2969,2736.43333333333
34,2969,2754.06666666667
35,2969,2815.8
36,2969,2853.8
37,2969,2843.76666666667
38,2969,2852.76666666667
39,3074,2899.33333333333
40,3074,2886.76666666667
41,3034,2852.73333333333
42,3203,2820.16666666667
43,3049,2833.3
44,3049,2807.7
45,3049,2741.4
46,3049,2731.63333333333
47,3049,2754.96666666667
48,3049,2757.73333333333
49,3056,2763.6
50,2969,2710.63333333333
51,2969,2686.2
52,2969,2617.13333333333
53,2969,2654.83333333333
54,2969,2682.03333333333
55,2969,2732.73333333333
56,2977,2794.76666666667
57,3089,2814.66666666667
58,3089,2833.76666666667
59,3089,2888.4
60,3089,2892.46666666667
61,3089,2909.96666666667
62,3089,2947.33333333333
63,3089,2955.56666666667
64,3089,2944.03333333333
65,3089,2947.4
66,3089,2925.7
67,3011,2929.13333333333
68,3011,2937.76666666667
69,3089,2932.7
70,3203,2954.4
71,3203,2971.33333333333
72,3203,2916
73,3203,2950.26666666667
74,3203,2949.23333333333
75,3203,2898.33333333333
76,3203,2881.73333333333
77,3203,2881
78,3203,2893.26666666667
79,3089,2877.36666666667
80,3089,2862.43333333333
81,3089,2832.6
82,3089,2834.66666666667
83,3089,2890.73333333333
84,3194,2929.23333333333
85,3194,2953.6
86,3194,2941.46666666667
87,3194,2982
88,3194,2966.6
89,3194,2972.06666666667
90,3194,3033.73333333333
91,3194,3097.36666666667
92,3194,3087.1
93,3194,3028.13333333333
94,3194,3046.26666666667
95,3194,3059.4
96,3194,3042.46666666667
97,3194,2999.23333333333
98,3194,2999.13333333333
99,3194,3005.96666666667
Population size,30
Crossover rate,0.3
Mutation rate,0.1
Random selection portion,0
Selection method,AForge.Genetic.RouletteWheelSelection
Iteration,FitnessMax,FitnessAvg
0,2643,1928.63333333333
1,2797,2099.63333333333
2,2606,2172.76666666667
3,2693,2308.26666666667
4,2693,2313.26666666667
5,2606,2390.53333333333
6,2606,2387.83333333333
7,2693,2434.73333333333
8,2606,2429.63333333333
9,2606,2432.2
10,2606,2431.1
11,2606,2422.96666666667
12,2788,2441
13,2788,2450.06666666667
14,2788,2414.9
15,2788,2479.5
16,2788,2502.53333333333
17,2788,2519.13333333333
18,2788,2545.6
19,2788,2505.4
20,2788,2552.93333333333
21,2788,2622.9
22,2788,2652.76666666667
23,2788,2654.9
24,2858,2658.86666666667
25,2858,2669.96666666667
26,2729,2624.33333333333
27,2858,2618.46666666667
28,2729,2601.33333333333
29,2905,2597.16666666667
30,2905,2580.53333333333
31,2905,2562.5
32,2905,2585.56666666667
33,2783,2571.96666666667
34,2857,2592.03333333333
35,2863,2606.9
36,2733,2593.8
37,2935,2597.3
38,2935,2655.7
39,2953,2706.06666666667
40,2953,2713.83333333333
41,2953,2714.06666666667
42,2953,2753.5
43,2953,2749.03333333333
44,3207,2722.1
45,3207,2723.13333333333
46,3207,2713.46666666667
47,3038,2670.96666666667
48,3038,2718.7
49,3038,2719.9
50,2907,2716.43333333333
51,3101,2761.8
52,3101,2745.73333333333
53,3101,2776.26666666667
54,3101,2765.4
55,3083,2737.43333333333
56,3083,2748.66666666667
57,3083,2731.26666666667
58,3083,2721.26666666667
59,3083,2738.63333333333
60,3116,2774.46666666667
61,3116,2739.5
62,3116,2747.3
63,3116,2777.76666666667
64,3042,2752.03333333333
65,3116,2749.46666666667
66,3116,2839.06666666667
67,3116,2842.5
68,3116,2789.53333333333
69,3116,2805.23333333333
70,3116,2804.13333333333
71,3116,2848
72,3116,2806.86666666667
73,3042,2797.83333333333
74,3042,2782.6
75,3042,2841.96666666667
76,3125,2889.13333333333
77,3042,2859.23333333333
78,3042,2837.36666666667
79,3144,2842.96666666667
80,3144,2877.56666666667
81,3144,2832.7
82,3144,2867.53333333333
83,3144,2889.23333333333
84,3144,2843.1
85,3144,2831.6
86,3069,2860.7
87,3069,2860.16666666667
88,3125,2831.23333333333
89,3125,2845.8
90,3199,2887.83333333333
91,3199,2897.5
92,3199,2858.03333333333
93,3199,2868.06666666667
94,3199,2888.3
95,3199,2916.06666666667
96,3199,2941.13333333333
97,3199,2944.63333333333
98,3199,2900.4
99,3199,2883.6
Population size,30
Crossover rate,0.4
Mutation rate,0.1
Random selection portion,0
Selection method,AForge.Genetic.RouletteWheelSelection
Iteration,FitnessMax,FitnessAvg
0,3089,2316.6
1,3089,2322.96666666667
2,3089,2405.26666666667
3,3089,2496.53333333333
4,3089,2458.13333333333
5,3089,2466.2
6,3089,2526.2
7,3089,2619.36666666667
8,3089,2606.86666666667
9,3089,2599.96666666667
10,2946,2552.06666666667
11,2946,2602.7
12,2946,2627.06666666667
13,2946,2714.16666666667
14,2946,2704.06666666667
15,2946,2714.66666666667
16,2946,2686.16666666667
17,2954,2766.16666666667
18,2954,2808.4
19,2954,2748.33333333333
20,3030,2777.1
21,2954,2758.46666666667
22,2954,2742.6
23,2946,2746.4
24,2945,2733.36666666667
25,3006,2724.8
26,2954,2710.56666666667
27,2954,2701.33333333333
28,2954,2703.83333333333
29,2891,2702.6
30,2891,2704.06666666667
31,2867,2726.16666666667
32,2945,2752.13333333333
33,2945,2734.36666666667
34,2945,2738.66666666667
35,2945,2810.8
36,2945,2805.16666666667
37,2945,2840.5
38,2945,2842.73333333333
39,3019,2817.7
40,3019,2870.4
41,3019,2829.36666666667
42,3019,2849.8
43,3019,2877.8
44,3019,2899.2
45,3019,2907.13333333333
46,3006,2889.06666666667
47,3065,2896.33333333333
48,3065,2915.16666666667
49,3065,2901.33333333333
50,3065,2896.06666666667
51,3065,2892
52,3019,2873.36666666667
53,3097,2854.46666666667
54,3019,2847.46666666667
55,3019,2858.3
56,3080,2855.16666666667
57,3080,2867.66666666667
58,3080,2897.06666666667
59,3080,2885.1
60,3080,2856.43333333333
61,3080,2848.63333333333
62,3019,2805.63333333333
63,2937,2753.43333333333
64,2937,2736.43333333333
65,2937,2740.9
66,2937,2733.73333333333
67,2937,2747.76666666667
68,2937,2767.16666666667
69,2945,2761.5
70,2972,2711.66666666667
71,2972,2701.6
72,2972,2676.76666666667
73,2972,2674.93333333333
74,2972,2676.36666666667
75,2972,2635.26666666667
76,2972,2618.8
77,2972,2594.73333333333
78,2972,2686.4
79,3039,2677.96666666667
80,3039,2696.46666666667
81,3039,2785.26666666667
82,3039,2845.23333333333
83,3039,2868.46666666667
84,3217,2877.5
85,3217,2887.63333333333
86,3233,2900.5
87,3233,2934.3
88,3233,2946.93333333333
89,3233,2974.86666666667
90,3233,2937.56666666667
91,3233,2969.1
92,3233,2967.56666666667
93,3233,2948.63333333333
94,3159,2915.03333333333
95,3037,2925.83333333333
96,3037,2929.76666666667
97,3159,2932.63333333333
98,3037,2935.66666666667
99,3037,2912.7
Population size,30
Crossover rate,0.5
Mutation rate,0.1
Random selection portion,0
Selection method,AForge.Genetic.RouletteWheelSelection
Iteration,FitnessMax,FitnessAvg
0,2789,2102.66666666667
1,2585,2065.13333333333
2,2551,2026.4
3,2504,1938.8
4,2504,1931.43333333333
5,2483,1986.73333333333
6,2468,2042.3
7,2468,2085.63333333333
8,2434,2109.5
9,2434,2131.33333333333
10,2434,2136.6
11,2471,2132.5
12,2504,2106.66666666667
13,2504,2170.43333333333
14,2713,2186.4
15,2713,2191.43333333333
16,2713,2275.8
17,2713,2307.6
18,2787,2307.53333333333
19,2697,2266
20,2689,2333.93333333333
21,2689,2375.73333333333
22,2689,2420
23,2773,2354.7
24,2935,2313.13333333333
25,2935,2376.2
26,2773,2380
27,2773,2372.16666666667
28,2773,2343.2
29,2935,2388.2
30,2935,2404.6
31,2935,2455.5
32,2935,2508.7
33,2935,2495.6
34,2935,2572.63333333333
35,2935,2669.93333333333
36,2935,2664.33333333333
37,2935,2665.06666666667
38,2935,2710.06666666667
39,2903,2735.53333333333
40,2935,2780.8
41,2977,2812.33333333333
42,2977,2788.16666666667
43,2977,2789.4
44,3133,2812.2
45,3048,2815.83333333333
46,2977,2832.06666666667
47,2977,2852.4
48,2880,2830.33333333333
49,3028,2825.53333333333
50,3028,2854.63333333333
51,3028,2853.9
52,3028,2866.5
53,3028,2879.66666666667
54,3093,2872.96666666667
55,3093,2879.86666666667
56,3093,2871.43333333333
57,3028,2839.2
58,3028,2849.96666666667
59,3028,2839.96666666667
60,3028,2816.16666666667
61,3028,2787.43333333333
62,3028,2834.53333333333
63,2954,2796.13333333333
64,2954,2800.26666666667
65,2954,2791.3
66,2954,2788.06666666667
67,2880,2769.73333333333
68,2880,2747.73333333333
69,2880,2782.43333333333
70,2880,2778.66666666667
71,2880,2727.23333333333
72,2880,2726.66666666667
73,2880,2765.13333333333
74,2880,2724
75,2872,2711.96666666667
76,2872,2729.63333333333
77,2872,2689.06666666667
78,2880,2683.9
79,2872,2694.33333333333
80,2880,2680
81,2880,2671.36666666667
82,2880,2672.7
83,2880,2689.3
84,2880,2685.8
85,2880,2659.56666666667
86,2880,2671
87,2872,2673.46666666667
88,2872,2673.36666666667
89,2872,2621.56666666667
90,2872,2676.23333333333
91,2967,2676.66666666667
92,2907,2648.23333333333
93,2907,2607.5
94,2920,2670.8
95,2920,2678.2
96,2920,2651.7
97,2920,2603.76666666667
98,2920,2540.46666666667
99,2920,2500.2
Population size,30
Crossover rate,0.6
Mutation rate,0.1
Random selection portion,0
Selection method,AForge.Genetic.RouletteWheelSelection
Iteration,FitnessMax,FitnessAvg
0,2838,2226
1,2838,2261.2
2,2895,2462.73333333333
3,2895,2437.53333333333
4,2870,2462.6
5,3000,2586.56666666667
6,3066,2598.23333333333
7,3066,2605.9
8,3066,2585.83333333333
9,3066,2708.03333333333
10,3066,2757.7
11,3066,2775.8
12,3035,2811.36666666667
13,3035,2798.53333333333
14,3035,2793.73333333333
15,3142,2849.83333333333
16,3229,2905.23333333333
17,3229,2896.16666666667
18,3229,2912.26666666667
19,3229,2930.63333333333
20,3229,2921.56666666667
21,3184,2920.1
22,3218,2845.33333333333
23,3133,2898.36666666667
24,3191,2904
25,3191,2939.4
26,3191,2894.56666666667
27,3191,2898.4
28,3191,2861.3
29,3191,2811.23333333333
30,3191,2797.6
31,3191,2821.83333333333
32,3191,2839.6
33,3191,2867
34,3191,2911.96666666667
35,3191,2979
36,3191,2989.83333333333
37,3191,2988.33333333333
38,3191,2950.06666666667
39,3191,2958.7
40,3191,2974.5
41,3191,2958.43333333333
42,3076,2911.56666666667
43,3076,2885.43333333333
44,3310,2944.33333333333
45,3310,2947.7
46,3310,2957.16666666667
47,3310,2946.3
48,3310,2987.46666666667
49,3310,2990.6
50,3310,3004.53333333333
51,3310,3027.13333333333
52,3310,3114.53333333333
53,3310,3187.36666666667
54,3310,3182.43333333333
55,3310,3134.86666666667
56,3310,3099.4
57,3310,3075.26666666667
58,3310,3055.8
59,3310,3024.43333333333
60,3310,3019.66666666667
61,3310,3053.43333333333
62,3197,3031.73333333333
63,3310,3053.16666666667
64,3310,3030.8
65,3219,3052.7
66,3310,3040.66666666667
67,3310,3051
68,3303,3070.73333333333
69,3358,3089.93333333333
70,3358,3063.1
71,3303,3051.2
72,3310,3046.33333333333
73,3310,3065.56666666667
74,3310,3056.6
75,3310,3062.9
76,3310,3076.7
77,3345,3057.9
78,3303,3038.2
79,3303,3036.9
80,3303,3115.7
81,3303,3135.43333333333
82,3375,3130.66666666667
83,3340,3134.76666666667
84,3340,3163.4
85,3340,3167.23333333333
86,3340,3174.53333333333
87,3330,3190.6
88,3330,3214.7
89,3330,3227.43333333333
90,3330,3194.63333333333
91,3330,3207.26666666667
92,3330,3187.33333333333
93,3330,3203.63333333333
94,3330,3212.46666666667
95,3310,3208.3
96,3303,3227.73333333333
97,3303,3256.13333333333
98,3303,3253.56666666667
99,3303,3265.06666666667
Population size,30
Crossover rate,0.7
Mutation rate,0.1
Random selection portion,0
Selection method,AForge.Genetic.RouletteWheelSelection
Iteration,FitnessMax,FitnessAvg
0,2720,2158.7
1,2632,2202.96666666667
2,2571,2232.76666666667
3,2686,2311.93333333333
4,2730,2396.8
5,2802,2338.93333333333
6,3037,2348.06666666667
7,3037,2367.53333333333
8,3037,2388.73333333333
9,3171,2569.5
10,3171,2596.76666666667
11,3171,2688.76666666667
12,3171,2642.63333333333
13,3037,2763.03333333333
14,3037,2787.86666666667
15,3037,2819.46666666667
16,3037,2792.23333333333
17,3110,2831.3
18,3165,2808
19,3165,2847.06666666667
20,3165,2898.03333333333
21,3165,2963.96666666667
22,3064,2924.86666666667
23,3152,2919.53333333333
24,3152,2947.46666666667
25,3152,2901.46666666667
26,3064,2877.16666666667
27,3064,2842.73333333333
28,2914,2814.06666666667
29,2914,2833.76666666667
30,2914,2829.43333333333
31,2914,2804.43333333333
32,2914,2806.4
33,3015,2809.26666666667
34,3015,2797.36666666667
35,3015,2806.83333333333
36,3015,2848.36666666667
37,3015,2854.66666666667
38,3015,2835.23333333333
39,3015,2837.73333333333
40,3070,2833.8
41,3070,2813.66666666667
42,3070,2821.83333333333
43,3064,2800.9
44,2914,2778.36666666667
45,2914,2783
46,2914,2759.6
47,2914,2810.03333333333
48,2914,2813.4
49,2914,2796.56666666667
50,2914,2804.4
51,3001,2796.96666666667
52,2952,2819.1
53,2914,2797.46666666667
54,2914,2817.33333333333
55,2975,2796.3
56,2999,2806.96666666667
57,2975,2780.1
58,2975,2759.23333333333
59,2975,2754.3
60,2923,2765.76666666667
61,2923,2743.66666666667
62,2923,2745.46666666667
63,2923,2752.23333333333
64,2914,2721.26666666667
65,2914,2722.06666666667
66,2975,2758.86666666667
67,2975,2778.93333333333
68,2975,2747.6
69,2975,2806.56666666667
70,2975,2822.53333333333
71,2975,2808.26666666667
72,2914,2777.23333333333
73,3070,2791.06666666667
74,3070,2817.63333333333
75,2914,2810.36666666667
76,3001,2783.26666666667
77,3001,2783.7
78,3001,2766.63333333333
79,3001,2767.06666666667
80,3001,2794.9
81,3001,2772.33333333333
82,3001,2750.03333333333
83,3001,2762.13333333333
84,3001,2763.03333333333
85,3001,2789.73333333333
86,3001,2770.33333333333
87,3001,2788.93333333333
88,3001,2763.26666666667
89,3001,2775.6
90,3001,2771.36666666667
91,3001,2744.03333333333
92,3001,2797.43333333333
93,3001,2777.23333333333
94,3001,2807.3
95,3001,2815.63333333333
96,3001,2848.86666666667
97,2923,2851.8
98,3001,2866.3
99,3001,2888.06666666667
Population size,30
Crossover rate,0.8
Mutation rate,0.1
Random selection portion,0
Selection method,AForge.Genetic.RouletteWheelSelection
Iteration,FitnessMax,FitnessAvg
0,2927,2257.16666666667
1,2839,2211.23333333333
2,2915,2275.53333333333
3,2959,2366.03333333333
4,3005,2427.16666666667
5,3032,2440.76666666667
6,3032,2480.23333333333
7,3032,2550.63333333333
8,3032,2453.6
9,2884,2449.26666666667
10,2884,2453.06666666667
11,3062,2537.5
12,3123,2474.7
13,2786,2468.4
14,2794,2536.96666666667
15,2794,2525.03333333333
16,2783,2530.56666666667
17,2783,2565.33333333333
18,2798,2552.8
19,2783,2575.66666666667
20,3012,2626.8
21,3106,2660.8
22,3106,2698.93333333333
23,3012,2695.66666666667
24,3012,2621.23333333333
25,2926,2640.76666666667
26,2926,2640.86666666667
27,2926,2644.86666666667
28,2926,2698.83333333333
29,2926,2713.06666666667
30,2926,2734.1
31,2926,2754.53333333333
32,2926,2774.96666666667
33,2926,2779.9
34,2926,2800.4
35,2926,2818.16666666667
36,2926,2844.03333333333
37,2926,2847.5
38,2926,2848.43333333333
39,3082,2870.93333333333
40,3082,2884.83333333333
41,2926,2891.93333333333
42,2926,2890.23333333333
43,2926,2905.73333333333
44,2926,2897.33333333333
45,2926,2895.1
46,3033,2905.56666666667
47,2926,2883.4
48,3086,2910.4
49,3086,2895.56666666667
50,3086,2917.06666666667
51,3033,2889.73333333333
52,3033,2890.9
53,3033,2880.46666666667
54,3033,2877.13333333333
55,3042,2899.8
56,3042,2887.4
57,3103,2859.53333333333
58,3103,2872.86666666667
59,3094,2880.73333333333
60,3094,2886
61,3094,2896.26666666667
62,3094,2887.53333333333
63,3205,2920.2
64,3205,2885.56666666667
65,3205,2873.7
66,3205,2920.86666666667
67,3270,2928.33333333333
68,3270,2896.93333333333
69,3270,2944.3
70,3270,2893.76666666667
71,3266,2822.43333333333
72,3266,2756.53333333333
73,3266,2789.83333333333
74,3266,2885
75,3266,2845.06666666667
76,3266,2796
77,3266,2809
78,3266,2851.83333333333
79,3266,2880.23333333333
80,3266,2910.56666666667
81,3266,2920.23333333333
82,3266,2920.5
83,3266,2877.4
84,3266,2930.93333333333
85,3266,2942.43333333333
86,3266,2973.33333333333
87,3266,2962.9
88,3266,2888.86666666667
89,3266,2916.3
90,3205,2873.33333333333
91,3205,2869.66666666667
92,3205,2876.96666666667
93,3205,2902.73333333333
94,3266,2916.76666666667
95,3266,2942.26666666667
96,3205,2953.63333333333
97,3181,2957.46666666667
98,3181,2985.93333333333
99,3205,2979.53333333333
Population size,30
Crossover rate,0.9
Mutation rate,0.1
Random selection portion,0
Selection method,AForge.Genetic.RouletteWheelSelection
Iteration,FitnessMax,FitnessAvg
0,2875,2124.93333333333
1,2794,2205.26666666667
2,2794,2195.03333333333
3,2794,2257.7
4,2794,2278.16666666667
5,2794,2351.93333333333
6,2811,2377.76666666667
7,2811,2336.86666666667
8,2811,2379.26666666667
9,2811,2374.63333333333
10,2811,2383.53333333333
11,2811,2347.2
12,2604,2304
13,2735,2331.2
14,2891,2370.33333333333
15,2891,2332.43333333333
16,2736,2397.53333333333
17,2970,2415.96666666667
18,2970,2433.1
19,2878,2447.3
20,3049,2423.23333333333
21,2704,2401.73333333333
22,2901,2428.03333333333
23,3047,2529.66666666667
24,3047,2625.36666666667
25,3047,2765.6
26,3047,2857.13333333333
27,3125,2888.1
28,3199,2898.2
29,3199,2891.86666666667
30,3199,2852.46666666667
31,3199,2864.03333333333
32,3008,2814.43333333333
33,2991,2822.76666666667
34,3013,2786.4
35,2991,2771.46666666667
36,2991,2771.53333333333
37,2991,2751.93333333333
38,2991,2760.4
39,2993,2774.86666666667
40,2993,2810.13333333333
41,2993,2877.16666666667
42,3034,2889.93333333333
43,3034,2863.53333333333
44,3034,2898
45,3136,2871.76666666667
46,2993,2874.7
47,3067,2859.13333333333
48,3067,2847.86666666667
49,3067,2855.4
50,3067,2851.1
51,3067,2872.43333333333
52,3108,2903.23333333333
53,3067,2916.83333333333
54,3108,2882.2
55,3190,2919
56,3190,2902.36666666667
57,3190,2883.33333333333
58,3190,2886.36666666667
59,3034,2884.63333333333
60,3034,2863.56666666667
61,3034,2846.13333333333
62,3034,2816.36666666667
63,3028,2821.66666666667
64,3034,2820.76666666667
65,3034,2821.36666666667
66,3034,2832.8
67,3034,2817.4
68,3111,2818.6
69,3111,2819.3
70,3121,2849.5
71,3121,2853.7
72,3121,2826.96666666667
73,3121,2835.1
74,3121,2842.63333333333
75,3121,2844.06666666667
76,3121,2845.2
77,3121,2868.9
78,3037,2841.83333333333
79,3037,2861.8
80,3039,2815.83333333333
81,3039,2804
82,3187,2777.53333333333
83,3187,2837.56666666667
84,3187,2862.5
85,3187,2876.23333333333
86,3187,2915.5
87,3187,2891.6
88,3187,2950.73333333333
89,3187,2967.16666666667
90,3117,2956.4
91,3117,2945.76666666667
92,3117,2983.96666666667
93,3154,3012.16666666667
94,3117,3019.5
95,3117,3022.46666666667
96,3117,3014.06666666667
97,3117,3021.23333333333
98,3117,3046.16666666667
99,3117,3047.96666666667
