Population size,100
Crossover rate,0.66
Mutation rate,0.34
Random selection portion,0.03
Selection method,AForge.Genetic.RouletteWheelSelection
Diversity check,False
Iteration,FitnessMax,FitnessAvg
0,2706,2008.02
1,2752,2068.59
2,2936,2131.32
3,3075,2168.67
4,3075,2172.9
5,3075,2156.98
6,3040,2151.75
7,3040,2247.58
8,3040,2274.72
9,3040,2260.8
10,3063,2336.19
11,3208,2299.25
12,3125,2339.3
13,3125,2395.16
14,3125,2416.42
15,2925,2371.87
16,2996,2380.07
17,2996,2416.26
18,2996,2372.68
19,3089,2361.53
20,3089,2357.22
21,2975,2337.75
22,2975,2366.06
23,2975,2382.68
24,2975,2386.03
25,2864,2374.77
26,2827,2346.54
27,2936,2352.92
28,2936,2334.27
29,2890,2387.22
30,2948,2403.07
31,2931,2416.93
32,3052,2408.4
33,3052,2414.25
34,2901,2420.48
35,2913,2391.68
36,2913,2392
37,3018,2370.16
38,3070,2388.32
39,3070,2379.08
40,3070,2332.88
41,3070,2337.98
42,3146,2372.95
43,3146,2338.91
44,3163,2333.2
45,3152,2283.49
46,3152,2328.09
47,3152,2423.61
48,3152,2456.4
49,3198,2381.69
50,3198,2391.77
51,3198,2361.42
52,3198,2334.06
53,3198,2365.61
54,3198,2366.56
55,3198,2372.7
56,3198,2366.32
57,3138,2409.18
58,3146,2342.33
59,3146,2330.78
60,3146,2409.8
61,3146,2400.84
62,3146,2428.34
63,3038,2442.23
64,2992,2420.13
65,2947,2404.51
66,2992,2439.64
67,3140,2487.7
68,3050,2454.66
69,3007,2455.97
70,3022,2420.52
71,3043,2464.79
72,3043,2408.73
73,3022,2373.82
74,3022,2375.66
75,3022,2405.03
76,2981,2416.97
77,2974,2470.42
78,3033,2510.55
79,2999,2522.67
80,3013,2538.79
81,3072,2590.13
82,3093,2624.4
83,3093,2640.55
84,3093,2681.13
85,3146,2681.97
86,3093,2625.92
87,3076,2617.11
88,3101,2547.6
89,3125,2580.93
90,3130,2561.24
91,3163,2579.89
92,3125,2628.79
93,3112,2594.79
94,3112,2575.84
95,3112,2663.46
96,3130,2733.21
97,3130,2752.77
98,3130,2789.43
99,3167,2772
100,3215,2764.86
101,3215,2767.85
102,3182,2757.14
103,3215,2760.96
104,3215,2681.09
105,3215,2696.29
106,3112,2680.09
107,3112,2658.36
108,3116,2661.73
109,3115,2715.4
110,3115,2680.14
111,3155,2640.54
112,3047,2623.55
113,3195,2639.08
114,3195,2611.03
115,3104,2633.36
116,3019,2650.39
117,3054,2617.79
118,3158,2647.4
119,3158,2661.49
120,3171,2675.08
121,3158,2701.01
122,3054,2655.95
123,3094,2697.71
124,3135,2706.49
125,3135,2700.43
126,3123,2754.9
127,3140,2740.55
128,3146,2751.91
129,3182,2774.35
130,3172,2779.42
131,3172,2760.59
132,3161,2723.23
133,3221,2702.75
134,3146,2707.57
135,3146,2696.31
136,3146,2729.11
137,3222,2729
138,3222,2715.98
139,3222,2715.09
140,3174,2707.36
141,3191,2726.86
142,3214,2679.64
143,3121,2651.8
144,3214,2633.97
145,3157,2597.86
146,3157,2545.9
147,3035,2526.03
148,3119,2516.26
149,3045,2479.24
150,3045,2462.21
151,3128,2415.21
152,3128,2448.97
153,3035,2465.15
154,3005,2457.25
155,2994,2480.71
156,2994,2482.4
157,2994,2512.84
158,3168,2488.91
159,3187,2569.41
160,3187,2572.6
161,3187,2594.74
162,3261,2607.22
163,3261,2651.26
164,3261,2652.86
165,3185,2599.44
166,3168,2567.58
167,3168,2570.93
168,3168,2572.72
169,3168,2601.89
170,3087,2633.57
171,3087,2630.36
172,3087,2631.15
173,3087,2604.11
174,3087,2634.8
175,3112,2636.3
176,3084,2605.57
177,3015,2559.25
178,3087,2620.43
179,3087,2603.97
180,3179,2554.07
181,3037,2573.58
182,3062,2595.2
183,3062,2618.3
184,3050,2631.85
185,3050,2660.3
186,3170,2636
187,3170,2650.44
188,3170,2627.73
189,3263,2714.28
190,3263,2708
191,3263,2735.35
192,3263,2764.5
193,3263,2770.31
194,3263,2768.94
195,3314,2787.08
196,3314,2808.81
197,3314,2842.93
198,3296,2768.19
199,3261,2759.5
200,3261,2779.25
201,3261,2791.26
202,3223,2765.95
203,3304,2728.08
204,3216,2712.44
205,3263,2679.9
206,3170,2654.73
207,3170,2644.9
208,3192,2645.64
209,3192,2640.3
210,3192,2634.9
211,3217,2609.04
212,3217,2595.68
213,3217,2593.68
214,3106,2622.98
215,3106,2636
216,3106,2609.12
217,3106,2587.41
218,3106,2582.52
219,3192,2608.11
220,3192,2602.65
221,2997,2549.56
222,3114,2620.28
223,3115,2595.21
224,3200,2596.89
225,3096,2560.8
226,3086,2580.09
227,3055,2641
228,3129,2643.55
229,3262,2670.59
230,3262,2691.41
231,3299,2701.62
232,3299,2625.23
233,3115,2593.38
234,3115,2685.07
235,3171,2670.95
236,3111,2699.48
237,3190,2637.21
238,3242,2698.05
239,3203,2707.21
240,3244,2678.7
241,3244,2696.42
242,3244,2685.9
243,3244,2733.09
244,3244,2718.14
245,3314,2714.62
246,3244,2679.29
247,3244,2673.2
248,3244,2670.22
249,3284,2716.73
250,3244,2704.81
251,3244,2687.85
252,3244,2638.33
253,3244,2710.09
254,3244,2758.17
255,3244,2784.94
256,3287,2769.69
257,3287,2747.73
258,3244,2713.16
259,3244,2682.48
260,3244,2684.17
261,3296,2685.89
262,3296,2724.11
263,3296,2740.65
264,3244,2765.34
265,3244,2721.42
266,3244,2684.54
267,3241,2670.89
268,3244,2684.14
269,3241,2649.32
270,3241,2645.82
271,3241,2640.64
272,3312,2596.78
273,3241,2601.78
274,3271,2595.06
275,3330,2598.42
276,3330,2642.73
277,3120,2620.57
278,3120,2644.13
279,3120,2607.91
280,3109,2627.2
281,3109,2649.1
282,3166,2687.31
283,3111,2652.78
284,3109,2609.1
285,3109,2588.48
286,3109,2658.01
287,3242,2685.53
288,3350,2662.07
289,3242,2653.94
290,3310,2687.63
291,3242,2641.08
292,3242,2704.78
293,3242,2652.43
294,3416,2652.43
295,3416,2718.58
296,3323,2715.5
297,3247,2727.59
298,3357,2737.42
299,3357,2774.02
Population size,100
Crossover rate,0.66
Mutation rate,0.34
Random selection portion,0.03
Selection method,AForge.Genetic.RouletteWheelSelection
Diversity check,True
Iteration,FitnessMax,FitnessAvg
0,2764,2018.64
1,2764,2054.02
2,2764,2097.06
3,2847,2069.24
4,2667,2087.55
5,2802,2099.55
6,2786,2171.75
7,2945,2218.96
8,3114,2204.84
9,3114,2192.5
10,3114,2240.86
11,3114,2288.52
12,3114,2295.14
13,3114,2360.24
14,3114,2361.9
15,3021,2348.26
16,2997,2363.63
17,2997,2379.27
18,3135,2374.48
19,3135,2448.42
20,3135,2434.51
21,3135,2454.19
22,3135,2471
23,2960,2428.87
24,3057,2403.36
25,2944,2390.6
26,3015,2440.19
27,3079,2483.01
28,3079,2541.22
29,3079,2546.1
30,3047,2564.05
31,3024,2466.88
32,2905,2469.62
33,2982,2469.21
34,2982,2476.66
35,2982,2503.43
36,3083,2568.38
37,3041,2555.3
38,3254,2505.07
39,3254,2496.94
40,3058,2493.2
41,3058,2498.29
42,2999,2452.01
43,3161,2431.59
44,3161,2388.64
45,3161,2345.74
46,3161,2397.89
47,3161,2504.94
48,3161,2560.12
49,3066,2581.3
50,3066,2558.79
51,3066,2549.96
52,3066,2551.99
53,3096,2550.74
54,3096,2581.1
55,2956,2536.62
56,3119,2501.39
57,3038,2558.79
58,3068,2572.24
59,2965,2610.47
60,3057,2624.53
61,3070,2580.67
62,3070,2618.22
63,3133,2640.19
64,3198,2677.03
65,3133,2646.52
66,3081,2608.3
67,3056,2629.47
68,3056,2682.56
69,3075,2682.79
70,2998,2624.79
71,2998,2591.77
72,3089,2609.46
73,3216,2571.18
74,3053,2550.18
75,3070,2547.48
76,3216,2529.73
77,3056,2502.96
78,3056,2484.74
79,3056,2499.76
80,3056,2498.91
81,3075,2487.26
82,3066,2502.67
83,3066,2505.62
84,3150,2582.8
85,3040,2593.89
86,2994,2576.24
87,3011,2581.36
88,2994,2617.57
89,3016,2593.45
90,2868,2591.15
91,2995,2574.39
92,2995,2605.95
93,2976,2571.42
94,2954,2549.89
95,2956,2524.25
96,3094,2473.66
97,3217,2495.57
98,3094,2487.18
99,3018,2497.32
100,3018,2425.1
101,3018,2438.71
102,3012,2416.22
103,3012,2435.88
104,3135,2434.18
105,3196,2474.85
106,3029,2521.09
107,3118,2532.64
108,3135,2580.5
109,3135,2607.79
110,3173,2660.78
111,3173,2618.8
112,3134,2632.66
113,3151,2681.97
114,3186,2701.48
115,3236,2706.37
116,3236,2690.85
117,3236,2752.49
118,3143,2719.33
119,3290,2737.66
120,3285,2697.8
121,3285,2718.03
122,3302,2696.09
123,3215,2653.07
124,3215,2654.32
125,3167,2658.77
126,3226,2658.42
127,3233,2634.38
128,3233,2643.86
129,3174,2669.95
130,3176,2626.87
131,3176,2651.17
132,3182,2641.55
133,3154,2693.66
134,3154,2679.18
135,3154,2735.56
136,3186,2743.22
137,3175,2686.82
138,3175,2677.08
139,3093,2659.1
140,3054,2600.97
141,3054,2605.45
142,3054,2708.53
143,3054,2698.32
144,3091,2681.69
145,3165,2741.99
146,3230,2734.32
147,3230,2716.47
148,3230,2701.88
149,3230,2663.18
150,3230,2692.26
151,3230,2739.09
152,3230,2738.03
153,3205,2703.89
154,3367,2753.69
155,3367,2712.99
156,3367,2716.78
157,3367,2702.02
158,3367,2751.24
159,3291,2795.92
160,3337,2745.61
161,3337,2733.36
162,3253,2681.49
163,3253,2713.37
164,3161,2697.43
165,3161,2731.66
166,3161,2687.7
167,3161,2691.7
168,3150,2703.83
169,3098,2710.09
170,3075,2657.63
171,3103,2672.68
172,3127,2671.25
173,3161,2651.7
174,3161,2598.08
175,3161,2661.57
176,3161,2672.83
177,3161,2673.1
178,3138,2653
179,3180,2677.8
180,3138,2708.69
181,3184,2680.39
182,3184,2698.95
183,3184,2669.22
184,3184,2668.14
185,3184,2669.14
186,3184,2652.22
187,3184,2667.44
188,3242,2663.98
189,3242,2586.41
190,3242,2618.25
191,3169,2597.65
192,3169,2610.79
193,3191,2601.92
194,3063,2600.08
195,3184,2611.74
196,3184,2571.19
197,3068,2555.62
198,3246,2498.29
199,3053,2518.88
200,3087,2581.04
201,3203,2658.93
202,3203,2642.37
203,3203,2635.8
204,3203,2689.24
205,3203,2690.87
206,3110,2652.41
207,3110,2676.35
208,3120,2647.51
209,3146,2711.22
210,3292,2706.28
211,3292,2714.67
212,3338,2665.02
213,3362,2708.71
214,3357,2753.37
215,3239,2767.96
216,3239,2749.46
217,3239,2740.62
218,3338,2721.12
219,3292,2672.78
220,3292,2644.07
221,3135,2654.22
222,3135,2659.06
223,3129,2655.41
224,3328,2703.12
225,3328,2682.53
226,3328,2711.32
227,3328,2668.47
228,3368,2723.61
229,3328,2739.54
230,3328,2713.05
231,3328,2661.62
232,3328,2671.79
233,3328,2641.69
234,3328,2722.07
235,3328,2708.31
236,3328,2723.85
237,3281,2758.25
238,3281,2741.6
239,3281,2761.72
240,3281,2741.73
241,3281,2728.31
242,3293,2749.51
243,3276,2739.66
244,3276,2748.75
245,3293,2816.47
246,3235,2764.61
247,3235,2741.37
248,3293,2745.24
249,3293,2700.28
250,3293,2710.46
251,3293,2761.7
252,3235,2688.61
253,3204,2713.37
254,3204,2673.49
255,3204,2657.82
256,3183,2679
257,3183,2646.75
258,3199,2640.49
259,3199,2627.37
260,3199,2605.45
261,3199,2577.89
262,3199,2527.46
263,3199,2570.02
264,3254,2618.44
265,3258,2631.52
266,3275,2676.6
267,3254,2689.08
268,3254,2754.97
269,3227,2744.12
270,3256,2793.01
271,3254,2758.22
272,3254,2812.78
273,3275,2808.62
274,3283,2748.79
275,3254,2716.2
276,3254,2728.59
277,3376,2791.3
278,3263,2732
279,3250,2749.45
280,3250,2787.69
281,3250,2728.32
282,3250,2734.47
283,3175,2747.5
284,3175,2727.01
285,3175,2716.44
286,3153,2703.57
287,3223,2741.68
288,3248,2811.14
289,3210,2766.29
290,3174,2759.54
291,3174,2768.09
292,3342,2778.15
293,3342,2785.13
294,3342,2771.63
295,3342,2780.54
296,3342,2804.44
297,3342,2780.81
298,3342,2793.71
299,3342,2714.43
Population size,100
Crossover rate,0.51
Mutation rate,0.79
Random selection portion,0.03
Selection method,AForge.Genetic.RankSelection
Diversity check,True
Iteration,FitnessMax,FitnessAvg
0,2733,2056.66
1,2806,2190.75
2,2779,2321.21
3,2867,2423.19
4,2877,2484.11
5,3083,2596.94
6,3148,2650.71
7,3089,2675.67
8,3141,2724.3
9,3141,2794.79
10,3251,2863.42
11,3251,2890.59
12,3301,2931.99
13,3301,2918.16
14,3301,2941.19
15,3255,3017.61
16,3246,3022.15
17,3298,3049.29
18,3292,3048.86
19,3292,3076.18
20,3323,3105.22
21,3358,3080.2
22,3358,3088.11
23,3373,3097.3
24,3373,3167.26
25,3385,3176.19
26,3437,3142.55
27,3437,3178.25
28,3437,3221.84
29,3437,3204.16
30,3437,3214.28
31,3437,3265.9
32,3437,3280.15
33,3437,3232.69
34,3437,3310.5
35,3437,3277.53
36,3437,3321.43
37,3437,3337.37
38,2704,2058.26
39,2718,2198.12
40,2878,2323.71
41,2878,2446.14
42,2984,2514.55
43,2970,2545.3
44,3024,2632.19
45,3024,2681.71
46,3043,2757.27
47,3032,2788.22
48,3192,2830.76
49,3082,2874.47
50,3090,2881.68
51,3152,2899.55
52,3234,2946.85
53,3234,2901.58
54,3234,2983.03
55,3234,2970.44
56,3277,3012
57,3308,2981.16
58,3308,3077.47
59,3363,3081.52
60,3363,3138.59
61,3398,2992.74
62,3398,3151.37
63,3398,3180.41
64,3398,3190.92
65,3398,3199.74
66,3398,3154.18
67,3398,3247.49
68,3398,3244.34
69,3398,3219.17
70,3398,3258.52
71,3398,3243.54
72,3398,3233.87
73,3398,3133.6
74,3398,3206.43
75,3398,3220.08
76,3398,3203.41
77,3398,3114.16
78,3398,3234.35
79,3398,3226
80,3398,3250.38
81,3398,3220.52
82,3401,3263.45
83,3398,3275.48
84,3398,3212.83
85,3398,3306.16
86,2595,2011.76
87,2773,2174.12
88,2773,2358.17
89,2845,2435.37
90,2897,2491.97
91,2897,2552.56
92,3054,2631.23
93,3075,2717.42
94,3169,2746.34
95,3169,2774.61
96,3169,2808.46
97,3282,2926.39
98,3223,2923.94
99,3242,3001.77
100,3255,3025.69
101,3307,3050.11
102,3297,3108.9
103,3385,3107.69
104,3385,3094.88
105,3385,3124.85
106,3385,3152.22
107,3385,3131.88
108,3385,3191.83
109,3437,3202.18
110,3385,3186.87
111,3385,3175.62
112,3385,3175.65
113,3384,3209.06
114,3425,3207.13
115,3425,3225.27
116,3388,3242.31
117,3425,3258.18
118,3425,3258.94
119,3425,3236.68
120,3425,3225.15
121,3425,3226.54
122,3425,3283.06
123,3425,3304.75
124,3425,3241.22
125,3425,3307.31
126,3425,3317.5
127,3425,3299.6
128,3425,3290.32
129,3425,3265.95
130,3425,3252.91
131,3425,3286.13
132,3425,3328.11
133,3425,2076.42
134,3425,2251.57
135,3425,2324.02
136,3425,2466.81
137,3425,2578.45
138,3425,2686.25
139,3425,2839.18
140,3425,2940.34
141,3425,3013.26
142,3425,3087.36
143,3425,3105.41
144,3425,3144.27
145,3425,3181.09
146,3425,3219.5
147,3425,3195.22
148,3425,3234.58
149,3425,3262.7
150,3425,3284.72
151,3425,3321.12
152,3425,3299.36
153,3425,3300.81
154,3425,3301.11
155,3425,3323.62
156,2835,2075.12
157,2651,2226.39
158,2835,2331.89
159,2985,2436.12
160,3021,2530.24
161,3070,2537.56
162,3297,2678.56
163,3297,2761.36
164,3240,2792.75
165,3275,2860.19
166,3240,2889.18
167,3240,2949.5
168,3351,2983.14
169,3296,3005.57
170,3296,3058.71
171,3354,3096.08
172,3354,3104.11
173,3447,3143.43
174,3447,3112.72
175,3447,3147.29
176,3447,3188.88
177,3447,3211.53
178,3447,3160.9
179,3447,3167.41
180,3447,3233.73
181,3447,3230.64
182,3447,3211.93
183,3447,3171.47
184,3447,3267.33
185,3447,3278.45
186,3447,3222.22
187,3447,3300.54
188,3447,3308.68
189,3447,3360.54
190,2828,2093.25
191,2944,2295.87
192,2944,2394.7
193,2995,2488.64
194,2995,2607.13
195,2974,2671.13
196,3043,2705.64
197,3119,2742.51
198,3119,2777.49
199,3189,2787.9
200,3189,2842.6
201,3161,2881.13
202,3219,2935.35
203,3219,2951.25
204,3257,2962.06
205,3311,2953.75
206,3311,3046.73
207,3335,3051.81
208,3311,3022.75
209,3346,3092.99
210,3346,3112.34
211,3346,3084.12
212,3346,3101.55
213,3346,3117.74
214,3346,3135.39
215,3336,3177.14
216,3336,3203.04
217,3336,3201.38
218,3374,3088.66
219,3374,3203.44
220,3426,3220.79
221,3420,3196.72
222,3420,3196.88
223,3374,3221.05
224,3374,3108.06
225,3374,3144.72
226,3375,3173.32
227,3426,3211.28
228,3426,3232.61
229,3426,3224.94
230,3426,3210.19
231,3426,3266.43
232,3426,3220.32
233,3435,3183.68
234,3435,3225.25
235,3435,3241.23
236,3435,3240.49
237,3437,3262.95
238,3437,3200.81
239,3437,3256.24
240,3435,3295.36
241,3435,3303.5
242,3435,3268.85
243,3435,3267.75
244,3435,3280.93
245,3435,3191.72
246,3426,3282.86
247,3426,3313.38
248,3426,3291.6
249,3426,3328.24
250,3426,2152.37
251,2759,2299.92
252,2827,2380.62
253,2816,2447.12
254,2874,2482.63
255,2909,2570.55
256,3291,2654.08
257,3064,2678.36
258,3064,2704.8
259,3180,2773.23
260,3180,2756.4
261,3180,2825.08
262,3207,2869.57
263,3266,2926.55
264,3291,2961.32
265,3291,2992.71
266,3291,3010.53
267,3291,2999.63
268,3291,3082.11
269,3342,3099.74
270,3390,3121.09
271,3390,3142.77
272,3390,3164.88
273,3390,3165.5
274,3425,3178.35
275,3425,3164.49
276,3425,3230.69
277,3425,3234.86
278,3425,3237.63
279,3425,3253.28
280,3425,3271.81
281,3425,3243.98
282,3435,3268
283,3435,3301.62
284,3435,3268.23
285,3435,3291.84
286,3435,3285.1
287,3435,3264.93
288,3435,3317.81
289,3425,3332.35
290,2679,2102.41
291,2747,2289.38
292,2797,2406.63
293,2910,2434.54
294,2945,2446.46
295,2945,2590.28
296,3001,2640.61
297,3001,2742.53
298,3110,2748.36
299,3157,2686.09
Population size,100
Crossover rate,0.51
Mutation rate,0.79
Random selection portion,0.03
Selection method,AForge.Genetic.RankSelection
Diversity check,False
Iteration,FitnessMax,FitnessAvg
0,2706,2145.27
1,2789,2259.1
2,2647,2265.68
3,2810,2324.72
4,2754,2344.84
5,2756,2426.77
6,2922,2498.62
7,2922,2550.4
8,3081,2587.46
9,3111,2650.82
10,3111,2692.7
11,3195,2745.18
12,3195,2828.32
13,3195,2863.85
14,3195,2887.26
15,3195,2920.64
16,3329,2983.8
17,3213,3014.53
18,3305,3050.55
19,3381,3049.69
20,3381,3105.95
21,3381,3113.95
22,3416,3066.94
23,3416,3107.13
24,3416,3166.65
25,3416,3168.78
26,3416,3098.34
27,3416,3209.9
28,3416,3234.62
29,3416,3217.19
30,3416,3250.35
31,3416,3244.86
32,3416,3230.55
33,3416,3240.06
34,3416,3159.02
35,3416,3266.83
36,3416,3244.19
37,3416,3282.09
38,3416,3315.53
39,3416,3233.36
40,3416,3225.45
41,3416,3304.15
42,3425,3333.04
43,3425,3289.23
44,3416,3317.71
45,3435,3311.92
46,3435,3316.1
47,3435,3353.97
48,3435,3318.33
49,3435,3324.37
50,3435,3340.3
51,3435,3335.82
52,3435,3303.63
53,3435,3278.85
54,3435,3337.2
55,3435,3334.03
56,3435,3342.75
57,3435,3342.7
58,3435,3313.81
59,3435,3330.14
60,3435,3328.02
61,3435,3343.83
62,3435,3316.73
63,3435,3337.35
64,3435,3307.3
65,3435,3341.11
66,3435,3327.39
67,3435,3346.96
68,3435,3330.04
69,3435,3336.93
70,3435,3341.48
71,3435,3274.81
72,3435,3343.83
73,3435,3334.31
74,3435,3338.22
75,3435,3353.17
76,3435,3336.34
77,3435,3323.51
78,3435,3357.1
79,3435,3353.14
80,3435,3312.83
81,3435,3305.18
82,3435,3323.91
83,3435,3369.04
84,3435,3356.92
85,3435,3330.93
86,3435,3359.73
87,3435,3352.19
88,3435,3342.43
89,3435,3297.18
90,3435,3311.27
91,3435,3332.92
92,3435,3313.46
93,3435,3287.85
94,3435,3314.91
95,3435,3291.79
96,3435,3344.65
97,3435,3362.13
98,3435,3347.2
99,3435,3323.85
100,3435,3339.81
101,3435,3349.09
102,3435,3353.49
103,3435,3372.73
104,3435,3325.36
105,3435,3294.82
106,3435,3344.89
107,3435,3300.41
108,3435,3326.36
109,3435,3355.79
110,3435,3344.27
111,3435,3338
112,3435,3336.23
113,3435,3352.38
114,3435,3356.13
115,3435,3353.78
116,3435,3352.4
117,3435,3347.74
118,3435,3335.22
119,3435,3350.9
120,3435,3353.78
121,3435,3271.66
122,3435,3354.41
123,3435,3342.59
124,3435,3348.37
125,3435,3340.03
126,3435,3320.98
127,3435,3315.92
128,3435,3306.6
129,3435,3345.31
130,3435,3317.75
131,3435,3321.78
132,3435,3332.31
133,3435,3319.67
134,3435,3312.4
135,3435,3321.81
136,3435,3331.78
137,3435,3357.54
138,3435,3340.46
139,3435,3371.47
140,3435,3326.74
141,3435,3343.68
142,3435,3361.66
143,3435,3341.32
144,3435,3359.45
145,3435,3319.18
146,3435,3309
147,3435,3341.71
148,3435,3356.38
149,3435,3325.44
150,3435,3331.55
151,3435,3318.21
152,3435,3294.93
153,3435,3257.31
154,3435,3279.89
155,3435,3326.24
156,3435,3338.63
157,3435,3306.68
158,3435,3343.22
159,3435,3310.92
160,3435,3243.69
161,3435,3356.68
162,3435,3349.53
163,3435,3309.83
164,3435,3295.98
165,3435,3294.5
166,3435,3307.31
167,3435,3348.99
168,3435,3345.41
169,3435,3341.2
170,3435,3343.03
171,3435,3266.11
172,3435,3313.39
173,3435,3333.15
174,3435,3321.66
175,3435,3325.86
176,3435,3281.57
177,3435,3350.43
178,3435,3306.02
179,3435,3338.01
180,3435,3338.21
181,3435,3344.52
182,3435,3368.93
183,3435,3304.15
184,3435,3350.15
185,3435,3312.65
186,3435,3325.12
187,3435,3345.58
188,3435,3319.97
189,3435,3327.68
190,3435,3345.4
191,3435,3293.15
192,3435,3305.68
193,3435,3354.43
194,3435,3282.76
195,3435,3311.39
196,3435,3338.92
197,3435,3347.12
198,3435,3337.28
199,3435,3325.13
200,3435,3324.21
201,3435,3360.17
202,3435,3337
203,3435,3349.03
204,3435,3292.8
205,3435,3340.72
206,3435,3336.37
207,3435,3337.97
208,3435,3345.54
209,3435,3352.32
210,3435,3356.82
211,3435,3360.56
212,3435,3273.58
213,3435,3311.39
214,3435,3313.67
215,3435,3339.24
216,3435,3332.06
217,3435,3313.98
218,3435,3324.82
219,3435,3325.23
220,3435,3269.56
221,3435,3325.95
222,3435,3347.62
223,3435,3355.53
224,3435,3359.49
225,3435,3297.2
226,3435,3309.64
227,3435,3348.41
228,3435,3341.47
229,3435,3319.59
230,3435,3356.05
231,3435,3337.27
232,3435,3331.12
233,3435,3361.14
234,3435,3345.41
235,3435,3331.79
236,3435,3343.26
237,3435,3328.89
238,3435,3274.14
239,3435,3326.44
240,3435,3341.68
241,3435,3345.32
242,3435,3308.63
243,3435,3336.69
244,3435,3295.72
245,3435,3343.22
246,3435,3308.82
247,3435,3300.59
248,3435,3358.21
249,3435,3340.1
250,3435,3347.15
251,3435,3343.19
252,3435,3323.99
253,3435,3318.98
254,3435,3323.49
255,3435,3309.01
256,3435,3319.77
257,3435,3336.72
258,3435,3303.75
259,3435,3311.28
260,3435,3349.58
261,3435,3337.26
262,3435,3350.22
263,3435,3320.25
264,3435,3333.27
265,3435,3353.36
266,3435,3333.83
267,3435,3311.97
268,3435,3351.85
269,3435,3300.58
270,3435,3378.52
271,3435,3361.06
272,3435,3373.57
273,3435,3316.97
274,3435,3350.11
275,3435,3353.23
276,3435,3312.94
277,3435,3351.6
278,3435,3302.3
279,3435,3330.26
280,3435,3348.63
281,3435,3358.84
282,3435,3349.48
283,3435,3302.14
284,3435,3339.71
285,3435,3321.85
286,3435,3338.93
287,3435,3333.9
288,3435,3347.11
289,3435,3304.12
290,3435,3357.58
291,3435,3327.89
292,3435,3325.91
293,3435,3346.93
294,3435,3339.65
295,3435,3355.8
296,3435,3357.92
297,3435,3348.34
298,3435,3368.38
299,3435,3366.12
Population size,100
Crossover rate,0.22
Mutation rate,0.87
Random selection portion,0.03
Selection method,AForge.Genetic.EliteSelection
Diversity check,False
Iteration,FitnessMax,FitnessAvg
0,2837,2164.96
1,2906,2379.34
2,2906,2516.68
3,3060,2614.43
4,3153,2703.45
5,3153,2778.09
6,3153,2860.7
7,3153,2907.92
8,3193,2963.02
9,3193,3016.03
10,3291,3029.31
11,3291,3074.8
12,3291,3095.61
13,3319,3095.55
14,3319,3130.84
15,3333,3149.55
16,3344,3154.4
17,3356,3182.52
18,3414,3194.79
19,3414,3222.88
20,3414,3227.6
21,3414,3252.97
22,3414,3266.04
23,3414,3277.42
24,3423,3264.89
25,3423,3305.49
26,3426,3305
27,3426,3327.79
28,3426,3335.97
29,3426,3336.95
30,3426,3343.7
31,3437,3353.35
32,3437,3315.11
33,3437,3375.83
34,3437,3346.49
35,3437,3384.77
36,3437,3376.7
37,3437,3369.21
38,3437,3357.7
39,3437,3365.9
40,3437,3374.99
41,3437,3388.31
42,3437,3388.36
43,3437,3388.96
44,3437,3374.05
45,3437,3377.78
46,3437,3366.88
47,3437,3356.91
48,3437,3377.96
49,3437,3386.47
50,3437,3372.36
51,3437,3387.66
52,3437,3383.87
53,3437,3386.91
54,3437,3371.33
55,3437,3382.73
56,3437,3385.1
57,3437,3384.19
58,3437,3391.62
59,3437,3401.31
60,3437,3400.1
61,3437,3391.04
62,3437,3388.1
63,3437,3387.76
64,3437,3388.55
65,3437,3381.7
66,3437,3381.7
67,3437,3393.55
68,3437,3396.47
69,3437,3399.36
70,3437,3392.77
71,3437,3385.19
72,3437,3399.97
73,3437,3386.46
74,3437,3385.25
75,3437,3370.67
76,3437,3389.47
77,3437,3388.54
78,3437,3393.48
79,3437,3386.12
80,3437,3379.94
81,3437,3383.61
82,3437,3382.85
83,3437,3387.59
84,3437,3387.31
85,3437,3400.02
86,3437,3381.2
87,3437,3384.38
88,3437,3388.68
89,3437,3391.81
90,3437,3391.49
91,3437,3397.04
92,3437,3386.37
93,3437,3386.37
94,3437,3391.66
95,3437,3384.83
96,3437,3384.8
97,3437,3372.44
98,3437,3387.32
99,3437,3392.36
100,3437,3390
101,3437,3380.88
102,3437,3381.83
103,3437,3377.92
104,3437,3400.25
105,3437,3375.39
106,3437,3375.64
107,3437,3390.04
108,3437,3369.17
109,3437,3399.39
110,3437,3389.1
111,3437,3391.56
112,3437,3398.24
113,3437,3398
114,3437,3387.43
115,3437,3390.16
116,3437,3373.94
117,3437,3378.75
118,3437,3390.59
119,3437,3391.44
120,3437,3379.59
121,3437,3382.37
122,3437,3380.24
123,3437,3394.44
124,3437,3388.61
125,3437,3393.97
126,3437,3387.31
127,3437,3388.39
128,3437,3391.96
129,3437,3387.32
130,3437,3391.17
131,3437,3394.21
132,3437,3387.35
133,3437,3399.82
134,3437,3393.96
135,3437,3368.38
136,3437,3393.62
137,3437,3398.5
138,3437,3382.51
139,3437,3388.38
140,3437,3394.62
141,3437,3388.67
142,3437,3389.19
143,3437,3384.31
144,3437,3382.15
145,3437,3387.73
146,3437,3400.95
147,3437,3373.22
148,3437,3395.74
149,3437,3382.32
150,3437,3406.93
151,3437,3399.94
152,3437,3390.2
153,3437,3391.64
154,3437,3388.33
155,3437,3394.41
156,3437,3390.08
157,3437,3396.4
158,3437,3397.54
159,3437,3395.77
160,3437,3369.32
161,3437,3372.94
162,3437,3387.87
163,3437,3389.19
164,3437,3389.74
165,3437,3396.67
166,3437,3388.38
167,3437,3388.76
168,3437,3390.4
169,3437,3398.87
170,3437,3391.29
171,3437,3390.59
172,3437,3395.13
173,3437,3392.84
174,3437,3371.97
175,3437,3381.38
176,3437,3393.15
177,3437,3382.7
178,3437,3403.8
179,3437,3396.8
180,3437,3382.1
181,3437,3397.29
182,3437,3380.44
183,3437,3396.85
184,3437,3400.58
185,3437,3382.54
186,3437,3386.13
187,3437,3368.32
188,3437,3394.71
189,3437,3392.19
190,3437,3381.19
191,3437,3393.8
192,3437,3389.51
193,3437,3396.94
194,3437,3391.13
195,3437,3384.56
196,3437,3394.11
197,3437,3391.74
198,3437,3380.92
199,3437,3384.6
200,3437,3378.66
201,3437,3398.8
202,3437,3388.9
203,3437,3392.11
204,3437,3379.76
205,3437,3399.3
206,3437,3389.6
207,3437,3380.04
208,3437,3394.45
209,3437,3384.33
210,3437,3395.12
211,3437,3391.38
212,3437,3386.22
213,3437,3381.55
214,3437,3387.73
215,3437,3382.63
216,3437,3389.6
217,3437,3394.51
218,3437,3382.86
219,3437,3386.6
220,3437,3396.78
221,3437,3393.31
222,3437,3375.9
223,3437,3387.9
224,3437,3373.26
225,3437,3392.3
226,3437,3389.96
227,3437,3390.52
228,3437,3387.38
229,3437,3387.81
230,3437,3387.35
231,3437,3387.56
232,3437,3386.2
233,3437,3396.32
234,3437,3387.93
235,3437,3391.92
236,3437,3392.14
237,3437,3385.5
238,3437,3383.91
239,3437,3396.42
240,3437,3397.91
241,3437,3390.57
242,3437,3399.08
243,3437,3394.97
244,3437,3397.75
245,3437,3389.89
246,3437,3396.03
247,3437,3393.76
248,3437,3402.05
249,3437,3390.82
250,3437,3372.65
251,3437,3370.95
252,3437,3384.74
253,3437,3392.69
254,3437,3389.58
255,3437,3383.17
256,3437,3394.64
257,3437,3384.12
258,3437,3388.87
259,3437,3383.23
260,3437,3396.78
261,3437,3393.07
262,3437,3405.2
263,3437,3374.99
264,3437,3385.8
265,3437,3386.81
266,3437,3368.75
267,3437,3398.4
268,3437,3387.81
269,3437,3392.06
270,3437,3387.48
271,3437,3392.41
272,3437,3382.87
273,3437,3389.37
274,3437,3396.87
275,3437,3376.43
276,3437,3403.12
277,3437,3382.51
278,3437,3386.22
279,3437,3385.3
280,3437,3397.06
281,3437,3389.85
282,3437,3394.2
283,3437,3390.8
284,3437,3391.45
285,3437,3401.04
286,3437,3398.73
287,3437,3394.07
288,3437,3375.08
289,3437,3388.34
290,3437,3386.43
291,3437,3397.58
292,3437,3392.59
293,3437,3367.87
294,3437,3361.15
295,3437,3392.86
296,3437,3391.16
297,3437,3392.52
298,3437,3393.69
299,3437,3398.75
Population size,100
Crossover rate,0.22
Mutation rate,0.87
Random selection portion,0.03
Selection method,AForge.Genetic.EliteSelection
Diversity check,True
Iteration,FitnessMax,FitnessAvg
0,2539,2179.33
1,2615,2338.85
2,2837,2425.93
3,2939,2517.21
4,3018,2572.79
5,3018,2651.48
6,3123,2731.05
7,3123,2803.68
8,3123,2853.42
9,3123,2897.87
10,3246,2952.95
11,3268,2975.11
12,3268,3025.66
13,3313,3062.95
14,3313,3097.14
15,3313,3117.66
16,3420,3150.09
17,3420,3154.58
18,3420,3168
19,3447,3212.26
20,3447,3219.11
21,3447,3246.85
22,3447,3279.42
23,3447,3280.81
24,3447,3300.5
25,3447,3297.23
26,3447,3340.37
27,3447,3358.46
28,3447,2214.48
29,3447,2386.3
30,3447,2549.41
31,3447,2670.5
32,3447,2745.45
33,3447,2795.2
34,3447,2881.58
35,3447,2986.68
36,3447,3108
37,3447,3172.61
38,3447,3224.44
39,3447,3262.28
40,3447,3305.5
41,3447,3327.74
42,3447,3351.33
43,3447,2215.34
44,3447,2399.58
45,3447,2554.33
46,3447,2680.99
47,3447,2816.36
48,3447,2947.2
49,3447,3062.11
50,3447,3123.06
51,3447,3182.35
52,3447,3199.78
53,3447,3231.13
54,3447,3268.95
55,3447,3279.02
56,3447,3311.1
57,3447,3330.96
58,3447,3344.55
59,3447,2251.3
60,3447,2417.38
61,3447,2518.1
62,3447,2661.32
63,3447,2749.21
64,3447,2844.48
65,3447,2988.59
66,3447,3099.48
67,3447,3155.41
68,3447,3215.18
69,3447,3239.35
70,3447,3280.86
71,3447,3324.49
72,3447,3342.06
73,3447,3329.59
74,3447,3365.85
75,3447,2180.88
76,3447,2355.61
77,3447,2510.7
78,3447,2599.41
79,3447,2734.5
80,3447,2799.03
81,3447,2919.65
82,3447,3003.89
83,3447,3092.62
84,3447,3129.31
85,3447,3205.44
86,3447,3227.56
87,3447,3266.02
88,3447,3293.2
89,3447,3335.24
90,3447,3367.23
91,3447,2221.52
92,3447,2387.41
93,3447,2522.73
94,3447,2642.68
95,3447,2751.58
96,3447,2844.7
97,3447,2911.22
98,3447,3027.71
99,3447,3103.84
100,3447,3144.26
101,3447,3192.21
102,3447,3219.5
103,3447,3255.01
104,3447,3273.95
105,3447,3313.82
106,3447,3340.17
107,3447,3337.61
108,3447,3321.97
109,3447,3354.4
110,3447,2179.29
111,3447,2316.58
112,3447,2456.52
113,3447,2590.29
114,3447,2692.32
115,3447,2779.31
116,3447,2886.54
117,3447,2973.05
118,3447,3051.98
119,3447,3121.08
120,3447,3185.03
121,3447,3207.38
122,3447,3249.15
123,3447,3264.09
124,3447,3286.78
125,3447,3317.36
126,3447,3324.07
127,3447,3331.38
128,3447,3358.67
129,3447,2221.75
130,3447,2402.41
131,3447,2584.6
132,3447,2704.88
133,3447,2844.16
134,3447,2946.62
135,3447,3049.67
136,3447,3112.9
137,3447,3182.49
138,3447,3239.55
139,3447,3270.27
140,3447,3284.94
141,3447,3330
142,3447,3346.47
143,3447,2299.17
144,3447,2452.28
145,3447,2581.35
146,3447,2662.9
147,3447,2774.87
148,3447,2868.2
149,3447,3017.79
150,3447,3119.98
151,3447,3183.74
152,3447,3228.95
153,3447,3295.78
154,3447,3322.52
155,3447,3335.41
156,3447,3354.34
157,3447,2147.44
158,3447,2338.11
159,3447,2480.57
160,3447,2630.57
161,3447,2758.11
162,3447,2826.48
163,3447,2926.01
164,3447,2982.72
165,3447,3047.17
166,3447,3085.35
167,3447,3135.1
168,3447,3198.94
169,3447,3254.66
170,3447,3272.84
171,3447,3312.73
172,3447,3316.53
173,3447,3344.46
174,3447,2148.66
175,3447,2335.03
176,3447,2486.03
177,3447,2639.29
178,3447,2789.48
179,3447,2948.48
180,3447,3100.32
181,3447,3186.91
182,3447,3226.27
183,3447,3293.74
184,3447,3301.74
185,3447,3332.96
186,3447,3344.46
187,3447,2252.84
188,3447,2408.69
189,3447,2568.5
190,3447,2697.1
191,3447,2826.33
192,3447,2918.76
193,3447,3016
194,3447,3063.22
195,3447,3122.91
196,3447,3177.22
197,3447,3193.9
198,3447,3255.97
199,3447,3285.12
200,3447,3306.78
201,3447,3329.76
202,3447,3344.45
203,3447,2212.73
204,3447,2386.71
205,3447,2537.89
206,3447,2695.44
207,3447,2786.83
208,3447,2893.25
209,3447,3010.75
210,3447,3096.47
211,3447,3190.18
212,3447,3229.5
213,3447,3246.7
214,3447,3284.92
215,3447,3302.88
216,3447,3344.53
217,3447,2194.55
218,3447,2377.26
219,3447,2525.07
220,3447,2629.9
221,3447,2773.97
222,3447,2883.26
223,3447,3010.72
224,3447,3086.7
225,3447,3173.24
226,3447,3222.51
227,3447,3237.91
228,3447,3284.82
229,3447,3333.73
230,3447,3342.08
231,3447,3355.2
232,3447,2207.08
233,3447,2359.73
234,3447,2501.21
235,3447,2662.2
236,3447,2734.73
237,3447,2879.82
238,3447,2953.08
239,3447,3041.47
240,3447,3137.36
241,3447,3195.03
242,3447,3242.15
243,3447,3258.5
244,3447,3303.1
245,3447,3328.68
246,3447,3342.65
247,3447,3342.75
248,3447,3367.75
249,3447,2221.3
250,3447,2406.28
251,3447,2581.51
252,3447,2695.42
253,3447,2789.86
254,3447,2912.4
255,3447,3013.08
256,3447,3060.97
257,3447,3130.33
258,3447,3180.84
259,3447,3230.76
260,3447,3269.2
261,3447,3300.14
262,3447,3321.78
263,3447,3347.3
264,3447,2139.32
265,3447,2338.69
266,3447,2495.13
267,3447,2628.62
268,3447,2761.22
269,3447,2913
270,3447,3079.63
271,3447,3190.57
272,3447,3243.53
273,3447,3280.04
274,3447,3292.63
275,3447,3318.88
276,3447,3333.13
277,3447,3357.2
278,3447,2185.81
279,3447,2403.1
280,3447,2536.07
281,3447,2635.68
282,3447,2780.46
283,3447,2863.59
284,3447,2950.94
285,3447,3024.64
286,3447,3090.1
287,3447,3133.33
288,3447,3201.72
289,3447,3234.84
290,3447,3260.7
291,3447,3304.45
292,3447,3300.03
293,3447,3340.66
294,3447,3358.13
295,3447,2170.2
296,3447,2338
297,3447,2503.86
298,3447,2616.5
299,3447,2750.61
Population size,100
Crossover rate,0.22
Mutation rate,0.87
Random selection portion,0.03
Selection method,AForge.Genetic.EliteSelection
Diversity check,True
Iteration,FitnessMax,FitnessAvg
0,2653,2170.75
1,2680,2338.48
2,2880,2464.85
3,2880,2548.29
4,2951,2611.62
5,2980,2688.47
6,3056,2743.74
7,3056,2789.84
8,3078,2837.84
9,3146,2883.03
10,3146,2930.54
11,3160,2953.94
12,3160,2979.07
13,3203,3016.51
14,3203,3036.74
15,3236,3068.24
16,3279,3081.73
17,3279,3100.11
18,3279,3115.73
19,3302,3132.05
20,3311,3163.33
21,3412,3177.39
22,3412,3198.88
23,3423,3220.1
24,3423,3246.51
25,3425,3235.86
26,3425,3279.78
27,3425,3289.67
28,3425,3312.44
29,3425,3312.07
30,3425,3335.35
31,3425,2294.95
32,3425,2456.92
33,3425,2569.09
34,3425,2680.4
35,3425,2780.31
36,3425,2867.38
37,3425,2970.42
38,3425,3065.06
39,3425,3151.73
40,3425,3204.87
41,3425,3236.1
42,3425,3264.07
43,3435,3293.66
44,3435,3327.47
45,3435,3327.79
46,3435,3337.62
47,3435,2177.74
48,3435,2327.47
49,3435,2443.62
Population size,100
Crossover rate,0.22
Mutation rate,0.87
Random selection portion,0.03
Selection method,AForge.Genetic.EliteSelection
Diversity check,True
Iteration,FitnessMax,FitnessAvg
0,2900,2205.67
1,2900,2383.65
2,2930,2543.02
3,3222,2659.35
4,3222,2746.22
5,3222,2771.8
6,3222,2883.51
7,3222,2927.5
8,3222,2950.23
9,3222,3017.82
10,3227,3042.17
11,3265,3071.59
12,3330,3099.39
13,3330,3121.11
14,3378,3128.27
15,3378,3161.21
16,3378,3178.26
17,3378,3188.23
18,3378,3219.04
19,3423,3221.46
20,3423,3246.08
21,3423,3251.7
22,3423,3280.98
23,3423,3275.44
24,3423,3314.59
25,3435,3314.36
26,3435,3330.23
27,3435,3344.55
28,3435,2246.21
29,3435,2426.33
