Population size,30
Crossover rate,0.1
Mutation rate,0.1
Random selection portion,0
Selection method,AForge.Genetic.RouletteWheelSelection
Iteration,FitnessMax,FitnessAvg
0,2975,2342.5
1,2917,2385.8
2,2917,2370.66666666667
3,2917,2444.76666666667
4,2944,2518.06666666667
5,3091,2531.13333333333
6,3091,2512.7
7,3091,2588.16666666667
8,3091,2609.9
9,3091,2680.03333333333
10,3091,2790.03333333333
11,3091,2878.06666666667
12,3091,2958.86666666667
13,3091,2977.23333333333
14,3130,2956.2
15,3130,2976.1
16,3444,3029.33333333333
17,3444,2983.96666666667
18,3444,2974.86666666667
19,3325,2977.83333333333
20,3130,2953.73333333333
21,3164,3011.13333333333
22,3164,3038.86666666667
23,3267,3044.06666666667
24,3267,3040.93333333333
25,3267,3010.46666666667
26,3130,2985.53333333333
27,3130,3016.93333333333
28,3174,3008.33333333333
29,3418,3023.56666666667
30,3418,3013.96666666667
31,3130,3049.63333333333
32,3176,3057.46666666667
33,3130,3059.13333333333
34,3130,3066.03333333333
35,3130,3061.56666666667
36,3130,3056.73333333333
37,3130,3033.56666666667
38,3130,3038
39,3163,3033.06666666667
40,3163,3055.13333333333
41,3210,3055.73333333333
42,3210,3041.9
43,3210,3029.36666666667
44,3210,3049.6
45,3210,3031
46,3210,3046.53333333333
47,3210,3067.56666666667
48,3210,3039.53333333333
49,3170,3018.03333333333
50,3135,3020.23333333333
51,3130,3022.56666666667
52,3130,3004.63333333333
53,3130,2986.56666666667
54,3130,2961.93333333333
55,3099,2949.2
56,3099,2934.96666666667
57,3099,2963.13333333333
58,3099,2993.33333333333
59,3173,2984.83333333333
60,3173,2989.46666666667
61,3252,3019.43333333333
62,3252,3020.13333333333
63,3252,3021.96666666667
64,3252,3015.7
65,3252,3029.73333333333
66,3252,3064.3
67,3186,3026.56666666667
68,3247,3033.76666666667
69,3247,3000.36666666667
70,3247,2986.53333333333
71,3247,2985.63333333333
72,3247,3028
73,3375,3019.6
74,3247,3019.8
75,3247,3009.26666666667
76,3247,3034.13333333333
77,3247,3040.46666666667
78,3222,3029.26666666667
79,3222,3023.73333333333
80,3274,3028.63333333333
81,3274,3031.56666666667
82,3274,3022.66666666667
83,3274,3015.7
84,3274,3002.06666666667
85,3274,3023.93333333333
86,3274,3047.8
87,3274,3042.03333333333
88,3415,3059.96666666667
89,3415,3094.26666666667
90,3415,3073.7
91,3415,3127.66666666667
92,3415,3162.63333333333
93,3415,3188.46666666667
94,3427,3185.16666666667
95,3427,3202.03333333333
96,3427,3232.73333333333
97,3427,3253.56666666667
98,3573,3278.9
99,3573,3248.93333333333
Population size,30
Crossover rate,0.2
Mutation rate,0.1
Random selection portion,0
Selection method,AForge.Genetic.RouletteWheelSelection
Iteration,FitnessMax,FitnessAvg
0,3122,2497.26666666667
1,3122,2672.63333333333
2,3122,2681.43333333333
3,3122,2731.73333333333
4,3122,2910.23333333333
5,3229,2963.96666666667
6,3229,2961.7
7,3229,3015.1
8,3229,3006.83333333333
9,3229,2966.6
10,3229,2927.06666666667
11,3473,2941.03333333333
12,3473,3025.5
13,3490,3044.2
14,3490,3021.93333333333
15,3451,3060.86666666667
16,3451,3008.13333333333
17,3451,3003.83333333333
18,3336,2934.56666666667
19,3336,2922.86666666667
20,3336,2934.7
21,3265,2927.36666666667
22,3265,2949.73333333333
23,3265,2937.56666666667
24,3265,2942.46666666667
25,3229,2926.9
26,3286,3028.36666666667
27,3286,3034.83333333333
28,3382,3059.1
29,3382,3099.26666666667
30,3275,3101.36666666667
31,3229,3092.63333333333
32,3229,3094.4
33,3229,3076.83333333333
34,3246,3085.9
35,3322,3104.73333333333
36,3229,3097.36666666667
37,3375,3153.8
38,3375,3166.46666666667
39,3375,3193.06666666667
40,3375,3184.56666666667
41,3399,3086.4
42,3399,3136.06666666667
43,3399,3164.3
44,3229,3175.1
45,3229,3157.86666666667
46,3229,3145.16666666667
47,3463,3113.53333333333
48,3463,3127.63333333333
49,3463,3169.1
50,3463,3159.86666666667
51,3463,3177.26666666667
52,3463,3187.93333333333
53,3463,3174.53333333333
54,3463,3158.8
55,3463,3147.66666666667
56,3463,3147.43333333333
57,3289,3123.66666666667
58,3289,3107.73333333333
59,3466,3126.73333333333
60,3379,3142.56666666667
61,3379,3169.06666666667
62,3264,3163.13333333333
63,3286,3161.16666666667
64,3286,3169.53333333333
65,3286,3149.1
66,3286,3184.96666666667
67,3382,3205.83333333333
68,3382,3193.9
69,3382,3190.13333333333
70,3382,3213.1
71,3264,3215.06666666667
72,3321,3229.23333333333
73,3321,3210.63333333333
74,3321,3179.23333333333
75,3321,3188.3
76,3321,3200.1
77,3321,3212.06666666667
78,3321,3187.93333333333
79,3462,3203.23333333333
80,3462,3183.06666666667
81,3462,3186.23333333333
82,3462,3193.1
83,3706,3260.26666666667
84,3706,3318.66666666667
85,3706,3290.3
86,3706,3330.56666666667
87,3706,3318.16666666667
88,3706,3326.7
89,3706,3365.06666666667
90,3706,3319.1
91,3706,3361.9
92,3706,3245.86666666667
93,3706,3208.1
94,3706,3176.16666666667
95,3715,3168.33333333333
96,3617,3169.03333333333
97,3528,3180.7
98,3528,3174.26666666667
99,3528,3178.43333333333
Population size,30
Crossover rate,0.3
Mutation rate,0.1
Random selection portion,0
Selection method,AForge.Genetic.RouletteWheelSelection
Iteration,FitnessMax,FitnessAvg
0,3075,2320.96666666667
1,3075,2318.13333333333
2,3172,2512.46666666667
3,3172,2600.83333333333
4,3326,2639.8
5,3326,2627.76666666667
6,3326,2660.7
7,3326,2737.93333333333
8,3388,2797.93333333333
9,3388,2813.6
10,3326,2754.7
11,3326,2817.13333333333
12,3326,2929.3
13,3368,2946.66666666667
14,3368,3050.4
15,3440,3163.96666666667
16,3498,3188.7
17,3498,3224.93333333333
18,3436,3159.83333333333
19,3488,3141.5
20,3488,3158.06666666667
21,3376,3172.5
22,3376,3254.93333333333
23,3421,3298.23333333333
24,3705,3324.8
25,3611,3279.66666666667
26,3533,3223.33333333333
27,3533,3170.53333333333
28,3533,3211.33333333333
29,3533,3248.66666666667
30,3678,3246.5
31,3678,3271.26666666667
32,3678,3309.8
33,3678,3277
34,3678,3343.86666666667
35,3678,3366.26666666667
36,3678,3350.1
37,3678,3356.03333333333
38,3474,3352.9
39,3611,3360.9
40,3611,3365.7
41,3611,3352.56666666667
42,3618,3349.5
43,3618,3376.43333333333
44,3618,3353.73333333333
45,3618,3329.9
46,3618,3398.26666666667
47,3670,3373.23333333333
48,3618,3344.33333333333
49,3618,3342.93333333333
50,3690,3398.93333333333
51,3690,3459.73333333333
52,3690,3454.83333333333
53,3690,3419.66666666667
54,3690,3388.13333333333
55,3707,3365.73333333333
56,3690,3324.16666666667
57,3714,3350.93333333333
58,3714,3316.33333333333
59,3731,3340.93333333333
60,3731,3405.4
61,3650,3374.6
62,3650,3366.93333333333
63,3650,3368.16666666667
64,3650,3332.83333333333
65,3709,3315.96666666667
66,3834,3337.86666666667
67,3834,3346.73333333333
68,3834,3290.9
69,3834,3319.03333333333
70,3834,3344.5
71,3650,3306.1
72,3650,3319.26666666667
73,3650,3296.56666666667
74,3650,3291.96666666667
75,3650,3231.93333333333
76,3615,3189.23333333333
77,3524,3185.06666666667
78,3355,3137.36666666667
79,3288,3141.8
80,3333,3154.06666666667
81,3288,3127.16666666667
82,3469,3150.36666666667
83,3469,3125.03333333333
84,3469,3077.43333333333
85,3469,3105.8
86,3469,3080.83333333333
87,3120,3058.6
88,3239,3040.86666666667
89,3239,3068.66666666667
90,3274,3069.23333333333
91,3274,3072
92,3296,3071.7
93,3274,3012.33333333333
94,3274,2984.3
95,3291,2997.16666666667
96,3291,3030.03333333333
97,3291,3014.93333333333
98,3291,3033.33333333333
99,3288,3001.5
Population size,30
Crossover rate,0.4
Mutation rate,0.1
Random selection portion,0
Selection method,AForge.Genetic.RouletteWheelSelection
Iteration,FitnessMax,FitnessAvg
0,3014,2159.13333333333
1,3014,2419
2,3014,2577.26666666667
3,3014,2679.36666666667
4,3048,2744.1
5,3014,2849.16666666667
6,3014,2822.66666666667
7,3069,2809.7
8,3068,2837.03333333333
9,3014,2788.56666666667
10,3014,2772.73333333333
11,2921,2755.53333333333
12,2921,2733.53333333333
13,3103,2719.53333333333
14,2930,2693.86666666667
15,2921,2708.06666666667
16,2861,2702
17,2861,2723.33333333333
18,3035,2717.13333333333
19,3113,2759.83333333333
20,3113,2765.6
21,3056,2725.23333333333
22,3056,2748.56666666667
23,3056,2727.93333333333
24,2946,2693.4
25,2946,2733.76666666667
26,2995,2667.63333333333
27,2946,2708.23333333333
28,3030,2710.9
29,3079,2732.8
30,3031,2789.63333333333
31,3074,2756.7
32,2990,2755.53333333333
33,3009,2754.66666666667
34,3234,2807.1
35,3234,2844.9
36,3234,2880.23333333333
37,3234,2867.73333333333
38,3264,2938.56666666667
39,3264,2904.36666666667
40,3264,2905.53333333333
41,3264,2931.03333333333
42,3264,2925.36666666667
43,3264,2958.26666666667
44,3264,2998.03333333333
45,3264,3001.63333333333
46,3316,3007.53333333333
47,3477,3077.03333333333
48,3477,3052.53333333333
49,3477,3082.93333333333
50,3486,3109.06666666667
51,3477,3101.13333333333
52,3364,3140.2
53,3493,3209.5
54,3493,3164.86666666667
55,3493,3168.2
56,3496,3212.23333333333
57,3496,3201.1
58,3496,3197.6
59,3496,3198.76666666667
60,3389,3201.36666666667
61,3442,3172.63333333333
62,3514,3217.06666666667
63,3502,3236.33333333333
64,3502,3250.96666666667
65,3502,3263.26666666667
66,3591,3291.36666666667
67,3591,3301.83333333333
68,3591,3301.26666666667
69,3591,3371.43333333333
70,3591,3325.63333333333
71,3591,3324.03333333333
72,3591,3335.33333333333
73,3591,3364.46666666667
74,3555,3372.23333333333
75,3637,3382.26666666667
76,3637,3394.46666666667
77,3661,3397.5
78,3661,3425.36666666667
79,3714,3401.46666666667
80,3714,3417.13333333333
81,3714,3444.73333333333
82,3714,3467.53333333333
83,3714,3498.73333333333
84,3759,3538.6
85,3714,3510.63333333333
86,3714,3462.43333333333
87,3705,3448.43333333333
88,3705,3417.5
89,3657,3353.56666666667
90,3657,3369.93333333333
91,3661,3387.43333333333
92,3661,3420.5
93,3665,3393.2
94,3665,3400.8
95,3665,3418.93333333333
96,3665,3444.8
97,3646,3382.2
98,3646,3383.83333333333
99,3683,3401.26666666667
Population size,30
Crossover rate,0.5
Mutation rate,0.1
Random selection portion,0
Selection method,AForge.Genetic.RouletteWheelSelection
Iteration,FitnessMax,FitnessAvg
0,3303,2365.33333333333
1,3381,2551.6
2,3381,2690.4
3,3360,2730.1
4,3303,2766.66666666667
5,3303,2656.93333333333
6,3303,2570.13333333333
7,3303,2613.73333333333
8,3418,2777.5
9,3418,2767.23333333333
10,3418,2743.6
11,3286,2676.8
12,3286,2661.23333333333
13,3286,2732.83333333333
14,3043,2747.53333333333
15,3043,2794.06666666667
16,3065,2755.16666666667
17,3065,2758.66666666667
18,3153,2745.5
19,3153,2742.83333333333
20,3302,2837.86666666667
21,3302,2936
22,3302,2988.33333333333
23,3302,2992
24,3302,3094.76666666667
25,3302,3075.3
26,3302,3120.16666666667
27,3302,3189.13333333333
28,3302,3228.6
29,3386,3211.63333333333
30,3364,3149.16666666667
31,3364,3160.33333333333
32,3364,3208.43333333333
33,3302,3182.5
34,3302,3190.73333333333
35,3302,3198.63333333333
36,3302,3159.46666666667
37,3302,3159.8
38,3302,3119.26666666667
39,3302,3156
40,3302,3182.06666666667
41,3302,3168.66666666667
42,3381,3151.53333333333
43,3381,3143.73333333333
44,3381,3171.76666666667
45,3381,3189.5
46,3381,3219.5
47,3381,3225.03333333333
48,3381,3219.53333333333
49,3381,3271.53333333333
50,3381,3260.43333333333
51,3381,3232.96666666667
52,3381,3251.83333333333
53,3381,3245.26666666667
54,3381,3281.1
55,3527,3271.86666666667
56,3527,3290.4
57,3527,3327.5
58,3527,3330.8
59,3527,3311.33333333333
60,3527,3302.6
61,3532,3307.6
62,3527,3265.83333333333
63,3448,3274.83333333333
64,3448,3279.9
65,3448,3282.6
66,3448,3229.1
67,3448,3230.93333333333
68,3509,3232
69,3448,3217
70,3448,3209.76666666667
71,3448,3192.33333333333
72,3448,3210.26666666667
73,3448,3206.6
74,3448,3240.2
75,3448,3228.3
76,3448,3255.13333333333
77,3448,3246.33333333333
78,3448,3283.66666666667
79,3448,3284.56666666667
80,3448,3265.63333333333
81,3589,3211.36666666667
82,3448,3155.1
83,3448,3203.7
84,3448,3261.96666666667
85,3448,3262.33333333333
86,3448,3269.4
87,3448,3284.13333333333
88,3448,3237.86666666667
89,3448,3174.46666666667
90,3535,3199.3
91,3491,3241.66666666667
92,3491,3244.46666666667
93,3491,3225.36666666667
94,3491,3211.83333333333
95,3491,3218.03333333333
96,3345,3254.3
97,3345,3253
98,3391,3239.46666666667
99,3345,3224.66666666667
Population size,30
Crossover rate,0.6
Mutation rate,0.1
Random selection portion,0
Selection method,AForge.Genetic.RouletteWheelSelection
Iteration,FitnessMax,FitnessAvg
0,2969,2411.3
1,2969,2341.23333333333
2,2969,2356.23333333333
3,3051,2400.03333333333
4,3051,2404.26666666667
5,3165,2510.36666666667
6,3177,2527.66666666667
7,3051,2510.86666666667
8,3051,2434.03333333333
9,2941,2362.16666666667
10,3143,2433.76666666667
11,3143,2466.16666666667
12,3143,2507.63333333333
13,3143,2590.6
14,3143,2679.46666666667
15,3249,2676.36666666667
16,3249,2713.33333333333
17,3248,2723.4
18,3248,2731.13333333333
19,3200,2765.73333333333
20,3200,2828.46666666667
21,3253,2836.63333333333
22,3148,2834.73333333333
23,3148,2816.83333333333
24,3148,2806.5
25,3295,2842.2
26,3071,2795.03333333333
27,3071,2792.6
28,3071,2802.6
29,3235,2808.63333333333
30,3242,2911.13333333333
31,3242,2886.9
32,3334,2900.03333333333
33,3334,2968.96666666667
34,3334,2998.63333333333
35,3311,2992.4
36,3311,3042.1
37,3311,3017.26666666667
38,3311,3014.2
39,3311,2965.46666666667
40,3285,2913.16666666667
41,3285,2916.26666666667
42,3285,2915.9
43,3285,2950.4
44,3285,2920.8
45,3307,2941.66666666667
46,3347,2938.16666666667
47,3236,2891.53333333333
48,3236,2925.16666666667
49,3293,2990.1
50,3285,2972.7
51,3385,2919.93333333333
52,3385,2973.86666666667
53,3385,2972.83333333333
54,3385,3027.3
55,3385,3072.63333333333
56,3342,3185.76666666667
57,3342,3217.76666666667
58,3342,3199.46666666667
59,3390,3205.96666666667
60,3390,3228.06666666667
61,3434,3253.1
62,3434,3246.06666666667
63,3434,3274.9
64,3434,3273.86666666667
65,3434,3242.53333333333
66,3434,3243.6
67,3434,3233.8
68,3434,3261.56666666667
69,3434,3269.1
70,3531,3320.06666666667
71,3434,3318
72,3434,3292.03333333333
73,3442,3297.83333333333
74,3442,3294.16666666667
75,3498,3311.9
76,3434,3291.83333333333
77,3434,3305.6
78,3434,3313.8
79,3434,3316.93333333333
80,3439,3310.96666666667
81,3439,3309.76666666667
82,3531,3287.7
83,3434,3301.86666666667
84,3650,3356.4
85,3650,3364.26666666667
86,3650,3341.36666666667
87,3650,3310.6
88,3497,3290.43333333333
89,3554,3307.23333333333
90,3486,3258.33333333333
91,3434,3232.73333333333
92,3434,3240.96666666667
93,3434,3233.23333333333
94,3359,3219.4
95,3359,3261.16666666667
96,3359,3227.36666666667
97,3350,3222.63333333333
98,3495,3241.43333333333
99,3495,3218
Population size,30
Crossover rate,0.7
Mutation rate,0.1
Random selection portion,0
Selection method,AForge.Genetic.RouletteWheelSelection
Iteration,FitnessMax,FitnessAvg
0,3172,2434.6
1,2951,2349.46666666667
2,3005,2558.26666666667
3,3005,2513.4
4,3005,2631.26666666667
5,3180,2637.1
6,3223,2681.76666666667
7,3223,2706.16666666667
8,3223,2811.06666666667
9,3223,2727.1
10,3455,2897.16666666667
11,3503,2846.7
12,3503,2986.73333333333
13,3503,3057.5
14,3599,3104.63333333333
15,3599,3196.53333333333
16,3599,3267.23333333333
17,3503,3172.96666666667
18,3694,3259.9
19,3694,3256.73333333333
20,3694,3372.76666666667
21,3694,3362.83333333333
22,3738,3420.36666666667
23,3694,3361.66666666667
24,3738,3348.73333333333
25,3738,3353.06666666667
26,3738,3354.5
27,3836,3451.16666666667
28,3836,3470.5
29,3836,3497.36666666667
30,3836,3481.86666666667
31,3836,3508.16666666667
32,3836,3528.4
33,3836,3539.2
34,3836,3544.8
35,3831,3554
36,3831,3565.2
37,3831,3518.06666666667
38,3831,3567.4
39,3831,3570.7
40,3822,3597.53333333333
41,3822,3574
42,3822,3574.76666666667
43,3822,3587.5
44,3765,3603.73333333333
45,3822,3624.26666666667
46,3822,3619
47,3822,3640.73333333333
48,3822,3622.2
49,3822,3629.63333333333
50,3822,3626.7
51,3778,3554.66666666667
52,3778,3587.66666666667
53,3778,3593.96666666667
54,3778,3637.3
55,3778,3640
56,3876,3655.46666666667
57,3686,3631.36666666667
58,3730,3624.53333333333
59,3730,3626.13333333333
60,3730,3617.8
61,3730,3616.23333333333
62,3730,3619.13333333333
63,3775,3587.33333333333
64,3775,3570.86666666667
65,3775,3573.93333333333
66,3730,3549.46666666667
67,3766,3556.16666666667
68,3775,3586.1
69,3850,3581.26666666667
70,3850,3593.03333333333
71,3730,3608.93333333333
72,3738,3636.36666666667
73,3828,3688.9
74,3792,3701.5
75,3792,3698.56666666667
76,3792,3691.93333333333
77,3876,3697.1
78,3876,3699.63333333333
79,3876,3715.86666666667
80,3876,3727.93333333333
81,3876,3727.93333333333
82,3876,3742.73333333333
83,3876,3776.8
84,3876,3778.13333333333
85,3876,3782.26666666667
86,3876,3789.66666666667
87,3876,3786.7
88,3876,3795.36666666667
89,3876,3794.76666666667
90,3876,3787.53333333333
91,3876,3779.63333333333
92,3876,3781.53333333333
93,3876,3796.13333333333
94,3876,3799.8
95,3876,3803.63333333333
96,3926,3794.3
97,3926,3783.16666666667
98,3876,3765.56666666667
99,3876,3781.23333333333
Population size,30
Crossover rate,0.8
Mutation rate,0.1
Random selection portion,0
Selection method,AForge.Genetic.RouletteWheelSelection
Iteration,FitnessMax,FitnessAvg
0,2914,2375.6
1,2914,2432.23333333333
2,2973,2466.83333333333
3,3118,2528.73333333333
4,3118,2558.23333333333
5,3118,2696.06666666667
6,3303,2653.73333333333
7,2972,2649.6
8,2915,2652.3
9,3082,2643.7
10,3082,2670.43333333333
11,3008,2658.2
12,3028,2630.7
13,3028,2612.26666666667
14,3028,2608.7
15,2832,2604.36666666667
16,2947,2620.03333333333
17,2983,2656.86666666667
18,3019,2677.36666666667
19,3059,2727.06666666667
20,3059,2682.43333333333
21,3059,2687
22,3001,2686.2
23,3001,2698.9
24,3058,2695.86666666667
25,3058,2730.36666666667
26,3181,2769.16666666667
27,3181,2760
28,3027,2716.83333333333
29,3004,2752.8
30,3004,2744.66666666667
31,3004,2679.76666666667
32,3004,2689.16666666667
33,3158,2755.8
34,3158,2775.1
35,3158,2850.3
36,3158,2928.36666666667
37,3158,2952.6
38,3159,2944.4
39,3159,2949.8
40,3159,2892.1
41,3159,2918.46666666667
42,3159,2997.33333333333
43,3304,3050
44,3272,3033.7
45,3272,3068.9
46,3272,3122.2
47,3272,3095.66666666667
48,3305,3099.5
49,3305,3017.93333333333
50,3402,3036.8
51,3402,3099.5
52,3402,3090.46666666667
53,3402,3099.2
54,3402,3088.6
55,3402,3067.8
56,3304,3052.96666666667
57,3304,3055.36666666667
58,3248,3062.63333333333
59,3248,3062.83333333333
60,3304,3095.1
61,3402,3070.03333333333
62,3402,3112
63,3402,3117
64,3402,3197.7
65,3402,3240.1
66,3402,3278.66666666667
67,3402,3287.5
68,3402,3289.13333333333
69,3402,3286.03333333333
70,3402,3282.36666666667
71,3402,3303.26666666667
72,3402,3282.13333333333
73,3486,3266.3
74,3486,3256.86666666667
75,3486,3252.36666666667
76,3434,3245.16666666667
77,3434,3221.93333333333
78,3434,3205.3
79,3313,3191.1
80,3313,3167.96666666667
81,3313,3160.06666666667
82,3345,3172.73333333333
83,3345,3165.8
84,3345,3182.13333333333
85,3305,3183.63333333333
86,3305,3167.63333333333
87,3276,3141.3
88,3276,3135.13333333333
89,3276,3142.2
90,3276,3137.6
91,3276,3153.43333333333
92,3276,3158.93333333333
93,3276,3146.83333333333
94,3212,3108.26666666667
95,3212,3105.5
96,3212,3108.2
97,3212,3097.6
98,3389,3093.96666666667
99,3542,3126.86666666667
Population size,30
Crossover rate,0.9
Mutation rate,0.1
Random selection portion,0
Selection method,AForge.Genetic.RouletteWheelSelection
Iteration,FitnessMax,FitnessAvg
0,3029,2480.43333333333
1,3021,2620.26666666667
2,3021,2687.73333333333
3,3021,2724.7
4,3144,2714.8
5,3215,2811.7
6,3215,2828.7
7,3395,2905.8
8,3330,2883.16666666667
9,3330,2935.56666666667
10,3417,3003.3
11,3356,2994.73333333333
12,3510,3047.2
13,3510,3130.1
14,3426,3098.6
15,3525,3202.1
16,3426,3213.83333333333
17,3510,3205.83333333333
18,3481,3213.06666666667
19,3481,3214.5
20,3537,3190.76666666667
21,3537,3158.83333333333
22,3434,3169.9
23,3328,3123.93333333333
24,3468,3086.36666666667
25,3468,3126.3
26,3468,3113.66666666667
27,3521,3152.76666666667
28,3619,3185.26666666667
29,3619,3256.73333333333
30,3619,3179.53333333333
31,3697,3208.33333333333
32,3635,3343.56666666667
33,3697,3358.4
34,3619,3325.93333333333
35,3619,3285.76666666667
36,3521,3232.96666666667
37,3619,3220.33333333333
38,3619,3209.33333333333
39,3619,3319.06666666667
40,3753,3352.8
41,3753,3320.3
42,3753,3305.5
43,3753,3408.03333333333
44,3753,3399.3
45,3831,3393.83333333333
46,3831,3390.46666666667
47,3831,3415.9
48,3565,3358.23333333333
49,3718,3362.6
50,3718,3398.4
51,3521,3358.26666666667
52,3753,3397.66666666667
53,3753,3493.03333333333
54,3753,3520.9
55,3753,3527.96666666667
56,3753,3523.83333333333
57,3735,3522.16666666667
58,3674,3502.43333333333
59,3674,3508.2
60,3864,3562
61,3710,3539.36666666667
62,3726,3541.13333333333
63,3726,3562.83333333333
64,3726,3572.2
65,3735,3559.86666666667
66,3735,3495.06666666667
67,3726,3464.13333333333
68,3793,3453.63333333333
69,3793,3473.16666666667
70,3709,3454.93333333333
71,3709,3480.4
72,3763,3539.83333333333
73,3763,3508.2
74,3652,3492.13333333333
75,3695,3482.63333333333
76,3695,3496.83333333333
77,3753,3504.96666666667
78,3753,3519.26666666667
79,3808,3554.23333333333
80,3750,3582.13333333333
81,3787,3583.06666666667
82,3787,3577.1
83,3787,3611.8
84,3787,3587.43333333333
85,3830,3566
86,3690,3571.1
87,3690,3580.33333333333
88,3690,3602.43333333333
89,3755,3587.76666666667
90,3844,3610.5
91,3844,3643.73333333333
92,3844,3627.5
93,3844,3650.63333333333
94,3787,3619.3
95,3804,3634.46666666667
96,3804,3616.86666666667
97,3787,3615.3
98,3765,3630.53333333333
99,3765,3617.16666666667
