Population size,100
Crossover rate,0.66
Mutation rate,0.34
Random selection portion,0.03
Selection method,AForge.Genetic.RouletteWheelSelection
Diversity check,False
Iteration,FitnessMax,FitnessAvg
0,3011,1976.39
1,3011,2012.43
2,3011,2093.37
3,3011,2121.56
4,3139,2194.55
5,3034,2279.97
6,3011,2265.43
7,3011,2275.34
8,3011,2344.98
9,3011,2337.83
10,3011,2359.88
11,3011,2348.7
12,3011,2402.93
13,3029,2491.07
14,3082,2517.95
15,3110,2550.82
16,3110,2528.09
17,3110,2527.16
18,3110,2547.41
19,3082,2535.19
20,3082,2551.84
21,3082,2625.62
22,3082,2672.2
23,3120,2686.56
24,3110,2732.97
25,3082,2733.9
26,3082,2707.46
27,3110,2688.61
28,3082,2666.22
29,3082,2642.88
30,3082,2601.68
31,3109,2578.97
32,3109,2626.32
33,3109,2614.26
34,3109,2557.08
35,3109,2563.6
36,3109,2564.73
37,3082,2600.56
38,3082,2578.22
39,3082,2583.12
40,3130,2596.31
41,3130,2632.97
42,3130,2658.49
43,3130,2655.98
44,3147,2635.46
45,3152,2658.59
46,3152,2618.21
47,3198,2588.88
48,3251,2571.21
49,3251,2644.11
50,3251,2625.69
51,3251,2637.19
52,3082,2651.98
53,3082,2570.72
54,3082,2535.87
55,3082,2608.49
56,3082,2597.52
57,3082,2556.05
58,3082,2560.75
59,3082,2553.1
60,2998,2518.7
61,3000,2539.12
62,2975,2568.83
63,2975,2573.24
64,2999,2564.07
65,3058,2610.67
66,3058,2603.29
67,3125,2577.2
68,3039,2571.96
69,2961,2526.65
70,2929,2563.6
71,2975,2548.93
72,3037,2541.02
73,3065,2613.08
74,3059,2541.01
75,3059,2586.35
76,3059,2559.74
77,3059,2535.87
78,3059,2546.93
79,3059,2552.85
80,3070,2610.19
81,3052,2531.38
82,3040,2514.19
83,3082,2518.69
84,3040,2556.94
85,3149,2535.56
86,3149,2505.07
87,3149,2507.4
88,3040,2565.39
89,3059,2545.4
90,3059,2510.09
91,3092,2477.8
92,3092,2551.55
93,3106,2546.25
94,3106,2529.92
95,3106,2505.83
96,3076,2489.72
97,3076,2464.89
98,3076,2477.45
99,3105,2414.97
100,3105,2427.75
101,2996,2408.29
102,2996,2446.78
103,2996,2445.73
104,2996,2426.45
105,2942,2437.16
106,3025,2419.84
107,3025,2446.67
108,3025,2423.1
109,3005,2373.93
110,3005,2437.03
111,3067,2472.62
112,3067,2475.48
113,2956,2464.98
114,2956,2464.58
115,2956,2491.68
116,3218,2535.01
117,2984,2507.25
118,3095,2514.2
119,3095,2555.32
120,3095,2509.83
121,3095,2531.85
122,3095,2445.56
123,3095,2453.46
124,3095,2463.05
125,3095,2445.47
126,3095,2528.5
127,3117,2596.63
128,3117,2609.33
129,3140,2645.22
130,3140,2629.79
131,3140,2594.11
132,3140,2562.65
133,3023,2587.13
134,3008,2593.15
135,3082,2600.2
136,3127,2571.38
137,3082,2556.18
138,3082,2575.22
139,3117,2631.39
140,3117,2600.22
141,3117,2626.4
142,3082,2633.27
143,3040,2612.34
144,3040,2569.24
145,2955,2534.58
146,3000,2565.96
147,3046,2561.5
148,3046,2538.99
149,3037,2544.67
150,2992,2539.38
151,3166,2560.49
152,3166,2553.03
153,3004,2561.97
154,3165,2566.29
155,3153,2600.5
156,3153,2563.1
157,3137,2513.03
158,3202,2479.86
159,3202,2517.75
160,3202,2512.4
161,3202,2548.09
162,3202,2537.53
163,3202,2578.95
164,3202,2551.6
165,3127,2565.49
166,3127,2617.34
167,3162,2637.57
168,3162,2688.75
169,3172,2701.25
170,3337,2761.38
171,3337,2799.47
172,3337,2768.47
173,3337,2710.45
174,3205,2693.21
175,3250,2678.17
176,3250,2684.38
177,3250,2632.54
178,3250,2653.26
179,3124,2591.84
180,3124,2603.5
181,3124,2600.54
182,3124,2585.66
183,3143,2618.8
184,3149,2632.76
185,3143,2669.84
186,3143,2631.04
187,3143,2604.7
188,3143,2646.17
189,3166,2625.38
190,3166,2598.54
191,3143,2602.47
192,3143,2656.01
193,3198,2677.81
194,3211,2652.39
195,3198,2624.19
196,3143,2649.81
197,3166,2589.81
198,3198,2593.87
199,3198,2651.03
200,3143,2645.2
201,3229,2556.98
202,3229,2565.01
203,3229,2606.16
204,3208,2546.9
205,3208,2563.23
206,3208,2603.56
207,3208,2624.46
208,3208,2654.16
209,3208,2675.72
210,3208,2645.62
211,3215,2641.55
212,3208,2669.87
213,3208,2675.51
214,3208,2576.25
215,3208,2543.94
216,3208,2606.32
217,3208,2622.68
218,3208,2634.29
219,3211,2634.59
220,3211,2702.68
221,3211,2688.14
222,3211,2606.14
223,3211,2656.21
224,3211,2651.41
225,3211,2593.13
226,3173,2626.45
227,3173,2633.22
228,3117,2585.9
229,3117,2585.87
230,3154,2538.99
231,3043,2502.34
232,3209,2528.58
233,3209,2530.46
234,3241,2512.33
235,3241,2525.67
236,3241,2510.9
237,3241,2531.13
238,3241,2551.44
239,3241,2590.19
240,3247,2544.66
241,3241,2584.84
242,3247,2571.6
243,3247,2554.08
244,3247,2590.6
245,3202,2622.93
246,3251,2674.42
247,3251,2710.95
248,3192,2613.18
249,3192,2717.93
250,3192,2703.72
251,3192,2693.3
252,3192,2655.14
253,3192,2632.23
254,3192,2632.65
255,3119,2645.08
256,3179,2676.96
257,3192,2709.68
258,3119,2720.84
259,3162,2705.21
260,3162,2696.78
261,3162,2666.44
262,3162,2683.69
263,3118,2692.74
264,3250,2637.25
265,3250,2687.58
266,3250,2678.62
267,3120,2685.69
268,3047,2608.11
269,3162,2556.09
270,3162,2563.67
271,3069,2600
272,3069,2600.83
273,3069,2581.36
274,3069,2566.78
275,3069,2600.84
276,3074,2636.06
277,3074,2647.94
278,3069,2662
279,3069,2611.45
280,3069,2584.38
281,3082,2575.66
282,3082,2577.89
283,3069,2539.35
284,3065,2591.86
285,3127,2629.69
286,3088,2567.11
287,3061,2480.55
288,3061,2570.76
289,3106,2599.95
290,3061,2572.24
291,3075,2647.32
292,3193,2654.34
293,3184,2634
294,3186,2639.19
295,3184,2658.18
296,3184,2616.55
297,3184,2577.07
298,3088,2524.08
299,3088,2510.18
Population size,100
Crossover rate,0.66
Mutation rate,0.34
Random selection portion,0.03
Selection method,AForge.Genetic.RouletteWheelSelection
Diversity check,True
Iteration,FitnessMax,FitnessAvg
0,2873,2009.06
1,2873,2066.51
2,2722,2098.82
3,2722,2100.48
4,2825,2129.18
5,2749,2199.75
6,3076,2214.2
7,3076,2201.81
8,2929,2234.62
9,2849,2222.66
10,2828,2161.91
11,2947,2253.97
12,2891,2233.48
13,2948,2300.53
14,2996,2306.11
15,2986,2331.33
16,3148,2343.4
17,3148,2376.31
18,3148,2444.16
19,3148,2347.15
20,2974,2406.75
21,2988,2396.95
22,3136,2438.25
23,3158,2479.89
24,3083,2465.86
25,3149,2521.07
26,3149,2544.38
27,3149,2506.31
28,3149,2541.1
29,3149,2493.01
30,3149,2524.36
31,3149,2544.4
32,3149,2578.13
33,3149,2604.65
34,3282,2562.74
35,3109,2545.45
36,3109,2556.12
37,3109,2538.69
38,3072,2536.57
39,3072,2517.86
40,3072,2476.65
41,3027,2480.06
42,3027,2533.66
43,3053,2514.92
44,3195,2520.33
45,3024,2505.04
46,3024,2491.48
47,3024,2551.62
48,3006,2551.72
49,3008,2543.52
50,3070,2553.61
51,3232,2561.61
52,3232,2581.34
53,3278,2647.02
54,3278,2669.1
55,3278,2707.23
56,3278,2665.28
57,3278,2728.17
58,3278,2726.27
59,3278,2692.38
60,3278,2757.55
61,3278,2744.57
62,3232,2746.99
63,3168,2676.3
64,3232,2662.28
65,3232,2628.61
66,3232,2677.24
67,3232,2631.47
68,3071,2598.21
69,3181,2621.15
70,3073,2635.47
71,3169,2671.54
72,3102,2608.7
73,3102,2656.61
74,3140,2656.29
75,3140,2690.59
76,3140,2728.04
77,3215,2756.4
78,3237,2759.11
79,3337,2803.65
80,3337,2841.61
81,3337,2853.03
82,3264,2865.23
83,3198,2855.06
84,3230,2876.14
85,3230,2874.34
86,3237,2888.93
87,3237,2835.94
88,3296,2866.21
89,3296,2886.66
90,3296,2839.67
91,3337,2873.45
92,3273,2814.62
93,3189,2791.27
94,3188,2759.81
95,3188,2784.89
96,3243,2721.37
97,3337,2716.15
98,3337,2722.7
99,3337,2658.74
100,3337,2674.75
101,3266,2674.15
102,3266,2669.72
103,3175,2694.83
104,3176,2701.32
105,3183,2726.87
106,3183,2718.33
107,3183,2713.33
108,3296,2702.93
109,3296,2704.48
110,3250,2714.59
111,3250,2630.98
112,3250,2670.86
113,3250,2761.11
114,3250,2717.36
115,3250,2743.83
116,3250,2739.47
117,3250,2724.61
118,3250,2675.73
119,3250,2669.04
120,3278,2730.95
121,3278,2704.52
122,3246,2648.96
123,3246,2632.16
124,3246,2637.95
125,3246,2581.6
126,3246,2639.79
127,3205,2609.89
128,3205,2585.63
129,3205,2568.33
130,3264,2557.22
131,3264,2520.65
132,3337,2524.05
133,3337,2571.39
134,3337,2543.1
135,3296,2541.66
136,3296,2576.15
137,3264,2570.4
138,3264,2579.25
139,3243,2555.71
140,3157,2544.22
141,3157,2566.65
142,3157,2561.22
143,3157,2562.73
144,3095,2595.39
145,3205,2613.47
146,3205,2627.21
147,3205,2634.63
148,3127,2598.81
149,3127,2526.43
150,3138,2542.03
151,3138,2605.91
152,3138,2601.98
153,3138,2638.39
154,3138,2569.3
155,3138,2592.53
156,3111,2566.55
157,3170,2526.8
158,3170,2530.99
159,2953,2562.11
160,3072,2528.73
161,3072,2508.97
162,3146,2558.63
163,3008,2536.92
164,3008,2595.8
165,3092,2593.79
166,3092,2557.15
167,3092,2529.39
168,3072,2568.28
169,3131,2603.51
170,3044,2539.44
171,3069,2552.64
172,3069,2547.94
173,3176,2483.83
174,3044,2527.5
175,3075,2549.51
176,3044,2551.55
177,3044,2607.04
178,3044,2624.26
179,3055,2586.83
180,3044,2579.77
181,3176,2594.23
182,2971,2563.23
183,2997,2584.45
184,2953,2530.37
185,2984,2555.21
186,3078,2551.7
187,3078,2570.79
188,3078,2550.59
189,3078,2590.29
190,3078,2551.29
191,3136,2558.53
192,3136,2553.38
193,3078,2529.38
194,3223,2608.54
195,3240,2648.58
196,3223,2643.15
197,3114,2615.06
198,2969,2588.07
199,2969,2605.82
200,3090,2659.44
201,3097,2678.1
202,3083,2629.14
203,3094,2624.67
204,3094,2603.03
205,3094,2641.24
206,3094,2639.04
207,3066,2670.74
208,3049,2689.83
209,3058,2643.76
210,3083,2584.98
211,3083,2626.57
212,3083,2554.17
213,3083,2485.94
214,2985,2526.65
215,3079,2557.12
216,3079,2576.13
217,3081,2617.87
218,3081,2599.09
219,3081,2520.86
220,3081,2535.91
221,2996,2561.71
222,3024,2517.33
223,3192,2585.69
224,3192,2600.65
225,3192,2608.55
226,3192,2566.79
227,3177,2582.03
228,3177,2534.04
229,3145,2586.89
230,3159,2628.02
231,3159,2621.44
232,3249,2616.95
233,3249,2635.07
234,3159,2589.8
235,3145,2552.41
236,3240,2617.72
237,3145,2578.77
238,3091,2598.86
239,3091,2588.81
240,3141,2611.3
241,3141,2667.93
242,3166,2640.58
243,3166,2566.35
244,3182,2548.76
245,3182,2537.1
246,3140,2609.52
247,3205,2627.59
248,3182,2638.84
249,3129,2654.06
250,3140,2596.5
251,3171,2613.36
252,3236,2658.63
253,3236,2735.39
254,3211,2742.39
255,3211,2723.51
256,3211,2687.48
257,3211,2678.92
258,3153,2710.53
259,3177,2677.06
260,3171,2670.12
261,3080,2723.32
262,3211,2721.12
263,3211,2762.77
264,3246,2772.37
265,3246,2750.77
266,3246,2737.55
267,3246,2743.67
268,3246,2739.08
269,3246,2732.2
270,3247,2755.62
271,3247,2752.2
272,3278,2784.4
273,3285,2839.31
274,3285,2837.02
275,3285,2852.67
276,3259,2898.04
277,3278,2921.52
278,3278,2917.27
279,3278,2902.51
280,3278,2831.57
281,3278,2801.57
282,3278,2858.07
283,3278,2871.22
284,3278,2901.88
285,3278,2888.35
286,3278,2920.67
287,3259,2897.16
288,3259,2878.9
289,3259,2848.91
290,3259,2795.23
291,3259,2777.27
292,3259,2745.59
293,3259,2786.21
294,3259,2824.7
295,3199,2824.11
296,3193,2794.97
297,3193,2806.17
298,3186,2783.64
299,3186,2758.58
Population size,100
Crossover rate,0.51
Mutation rate,0.79
Random selection portion,0.03
Selection method,AForge.Genetic.RankSelection
Diversity check,True
Iteration,FitnessMax,FitnessAvg
0,2485,1991.74
1,2624,2155.94
2,2693,2246.09
3,2872,2351
4,2858,2436.82
5,2931,2523.96
6,3020,2575.46
7,3035,2667.42
8,3035,2738.38
9,3067,2756.54
10,3020,2745.97
11,3055,2778.66
12,3053,2802.28
13,3062,2840.63
14,3161,2767.26
15,3161,2873.73
16,3205,2877.51
17,3193,2847.78
18,3341,2932.37
19,3202,2832.6
20,3270,2939.16
21,3270,3009.1
22,3270,2995.82
23,3270,2990.69
24,3293,2984.14
25,3293,3035.15
26,3341,3059.62
27,3341,3105.65
28,3341,3105.58
29,3341,3145.9
30,3341,3084.42
31,3341,3141.35
32,3341,3140.88
33,3341,3180.33
34,3341,3195.91
35,3341,3105.72
36,3341,3181.79
37,3341,3091.78
38,3341,3035.29
39,3341,3132.51
40,3341,3146.95
41,3341,3207.23
42,3341,3177.57
43,3341,3202.62
44,3341,3146.89
45,3341,3178.33
46,3341,3158.41
47,3341,3165.65
48,3341,3179.15
49,3341,3207.98
50,3341,3207.9
51,3341,3166.18
52,3341,3207.57
53,3341,3225.55
54,3341,3258.45
55,3341,1998.52
56,3341,2166.97
57,3341,2297.55
58,3341,2393.33
59,3029,2483.24
60,3005,2525.71
61,3005,2629
62,3132,2636.37
63,3050,2685.63
64,3104,2759.08
65,3212,2803.35
66,3212,2824.81
67,3212,2826.42
68,3168,2890.72
69,3168,2892.97
70,3150,2870.32
71,3162,2881.55
72,3162,2954.98
73,3219,2948.95
74,3219,2994.53
75,3219,2973.47
76,3219,2999.17
77,3219,3010.46
78,3278,2953.53
79,3278,2985.17
80,3278,2927.67
81,3219,2988.7
82,3219,2975.68
83,3289,3002.01
84,3289,2862.26
85,3289,2883.1
86,3266,3030.18
87,3266,3052.24
88,3325,3056.94
89,3341,3083.92
90,3341,3078.63
91,3341,3119.9
92,3341,3109.35
93,3341,3148.55
94,3341,3121.79
95,3341,3144.29
96,3341,3122.66
97,3341,3161.98
98,3341,3072.42
99,3341,3125.73
100,3341,3111.55
101,3341,3149.23
102,3341,3128.89
103,3341,3203.18
104,3341,3198.38
105,3341,3169.81
106,3341,3165.42
107,3341,3194.07
108,3341,3160.81
109,3341,3198.67
110,3341,3087.78
111,3341,3112.1
112,3341,3124.51
113,3341,3152.31
114,3341,3134.95
115,3341,3186.44
116,3341,3209.54
117,3341,3211.59
118,3341,3235.85
119,3341,3176.02
120,3341,3197.47
121,3341,3221.37
122,3341,3206.29
123,3341,3217.6
124,3341,3053.88
125,3341,3228.06
126,3341,3178.22
127,3341,3196.95
128,3341,3233.73
129,3341,3208.09
130,3341,3209.29
131,3341,3250.62
132,3341,2054.37
133,2991,2254.26
134,2991,2359.39
135,3085,2455.74
136,3085,2480.06
137,3064,2538.81
138,3123,2608.7
139,3123,2713.2
140,3123,2760.83
141,3129,2767.44
142,3129,2838.56
143,3181,2862.56
144,3206,2854.8
145,3206,2855.49
146,3206,2851.1
147,3206,2973.48
148,3206,2940.31
149,3206,3003.66
150,3238,3005.26
151,3238,2988.08
152,3238,2987.65
153,3238,3014.65
154,3238,3002.69
155,3238,2995.36
156,3206,2927.79
157,3188,2978.26
158,3188,2905.26
159,3284,2985.35
160,3284,2962.68
161,3284,2980.75
162,3284,2934.68
163,3284,2972.41
164,3284,2956.56
165,3284,2976.34
166,3284,2997.58
167,3284,3048.69
168,3284,3023.92
169,3284,3008.15
170,3284,3079.17
171,3284,3005.1
172,3284,3112.13
173,3284,3027.79
174,3284,3103.63
175,3284,3079.2
176,3284,3070.71
177,3284,3127.89
178,3305,3106.02
179,3284,3145.08
180,3284,3103.61
181,3284,3153.04
182,3284,3141.17
183,3284,3097.52
184,3284,3095.84
185,3305,3153.6
186,3305,3101.84
187,3284,3174.87
188,3284,3182.26
189,3284,3097.54
190,3284,3168.44
191,3284,3183.5
192,3284,3165.6
193,3284,3144.59
194,3284,3152.71
195,3284,3085.66
196,3284,3037.77
197,3284,3120.41
198,3284,3120.87
199,3284,3127.8
200,3284,3164.83
201,3284,3095.27
202,3284,3096.32
203,3284,3090.63
204,3284,3100.83
205,3284,3134.48
206,3284,3155.25
207,3284,3136.22
208,3284,3177.26
209,3284,3164.92
210,3284,3152.22
211,3305,3194.43
212,3305,3162.15
213,3284,3156.47
214,3284,3197.07
215,3284,2032.19
216,3065,2150.43
217,3065,2247.56
218,3067,2289.65
219,3067,2415.32
220,2994,2544.43
221,3096,2623.04
222,3153,2695.97
223,3136,2738.65
224,3205,2813.6
225,3205,2822.51
226,3181,2849.98
227,3207,2892.05
228,3207,2924.75
229,3207,2913.06
230,3220,2944.55
231,3220,2968.68
232,3220,2970.57
233,3257,2952.29
234,3257,2902.45
235,3257,3034.51
236,3233,2991.54
237,3286,3010.83
238,3286,3043.32
239,3266,3031.58
240,3286,2993.87
241,3266,2923.9
242,3266,3044.06
243,3266,2970.96
244,3341,3027.73
245,3301,2948.87
246,3308,3090.38
247,3308,3018.1
248,3341,3062.94
249,3308,3106.32
250,3308,3116.19
251,3318,3127.78
252,3318,3122.55
253,3337,3105.02
254,3336,3123.98
255,3336,3097.8
256,3336,3147.48
257,3308,3132.34
258,3318,3111.48
259,3318,3185.68
260,3318,3179.75
261,3318,3154.9
262,3318,3143.68
263,3318,3167.48
264,3318,3107.74
265,3318,3156.76
266,3305,3162.02
267,3337,3155.28
268,3337,3176.46
269,3337,3189.41
270,3337,3166.02
271,3337,3174.8
272,3337,3178.16
273,3336,3149.03
274,3336,3165.8
275,3336,3185.04
276,3336,3145.07
277,3336,3222.16
278,3336,3221.94
279,3337,3189.94
280,3337,3217.28
281,3337,3213.17
282,3336,3173.87
283,3336,3248.16
284,2945,2105.64
285,2945,2263.35
286,2945,2350.8
287,2831,2443.03
288,2891,2492.43
289,2992,2578.11
290,3053,2650.47
291,3053,2734.79
292,3100,2801.59
293,3107,2856.61
294,3195,2858.83
295,3136,2936.08
296,3154,2899.22
297,3188,2970.5
298,3188,2979.18
299,3188,2972.94
Population size,100
Crossover rate,0.51
Mutation rate,0.79
Random selection portion,0.03
Selection method,AForge.Genetic.RankSelection
Diversity check,False
Iteration,FitnessMax,FitnessAvg
0,2983,2108.96
1,2943,2287.28
2,2943,2397.91
3,2943,2503.94
4,2943,2562.9
5,3002,2648.8
6,3011,2700.83
7,3011,2702.49
8,3040,2706.31
9,3091,2836.2
10,3091,2884.72
11,3187,2831.68
12,3150,2901.66
13,3187,2941.49
14,3187,2905.09
15,3214,2919.54
16,3214,2946.52
17,3214,2926.46
18,3214,2883.98
19,3214,2937.56
20,3246,2960.26
21,3214,2937.02
22,3214,3025.22
23,3214,2975.88
24,3310,2957
25,3310,2935.64
26,3214,2942.14
27,3310,3038.73
28,3310,2989.35
29,3219,3061.57
30,3251,3051.1
31,3251,3041.11
32,3251,3065.65
33,3251,3042.41
34,3251,3101.18
35,3251,3118.81
36,3251,3115.71
37,3251,3068.49
38,3251,3043.75
39,3251,3117.94
40,3310,3085.6
41,3251,3013.44
42,3310,3091.18
43,3310,3105.18
44,3310,3084.41
45,3310,3074.82
46,3310,3092.47
47,3310,3053.25
48,3310,3097.54
49,3310,3098.28
50,3310,3122.02
51,3310,3120.9
52,3310,3163.95
53,3310,3098.48
54,3310,3079.23
55,3310,3104.86
56,3310,3160.45
57,3310,3159.63
58,3310,3161.98
59,3310,3184.63
60,3310,3174.4
61,3310,3180.84
62,3310,3171.77
63,3310,3164.81
64,3310,3186.63
65,3310,3158.66
66,3310,3182.39
67,3310,3177.14
68,3310,3167.32
69,3310,3152.95
70,3310,3203.36
71,3310,3182.27
72,3310,3175.83
73,3310,3187.47
74,3310,3193.75
75,3311,3161.64
76,3311,3211.87
77,3311,3114.05
78,3310,3163.82
79,3310,3194.79
80,3310,3146.3
81,3310,3200.09
82,3310,3196.99
83,3310,3204.3
84,3310,3181.25
85,3310,3162.88
86,3310,3077.64
87,3310,3177.24
88,3310,3186.87
89,3310,3205.88
90,3310,3183.6
91,3310,3190.09
92,3310,3222.25
93,3310,3166.02
94,3310,3204.42
95,3310,3213.66
96,3310,3203.46
97,3310,3216.38
98,3310,3174.45
99,3310,3198.51
100,3310,3199.03
101,3310,3198.62
102,3310,3157.4
103,3310,3198.93
104,3310,3222.34
105,3310,3221.73
106,3310,3133.16
107,3310,3169.7
108,3310,3185.52
109,3310,3229.4
110,3310,3171.42
111,3310,3153.35
112,3310,3220.37
113,3310,3176.93
114,3310,3186.3
115,3310,3190.34
116,3310,3158.91
117,3310,3203.03
118,3310,3201.78
119,3310,3173.32
120,3310,3111.96
121,3310,3070.06
122,3310,3168.3
123,3310,3185.66
124,3310,3215.3
125,3310,3222.95
126,3311,3153.99
127,3311,3225.18
128,3311,3227.98
129,3311,3203.6
130,3311,3210.8
131,3311,3179.65
132,3311,3204.87
133,3311,3151.65
134,3311,3207.78
135,3311,3143.12
136,3311,3117.7
137,3311,3094.25
138,3311,3180.86
139,3311,3156.03
140,3311,3193.33
141,3311,3192.87
142,3311,3166.4
143,3311,3178.31
144,3311,3188.63
145,3311,3196.23
146,3311,3198.2
147,3311,3151.85
148,3311,3193.19
149,3311,3199.65
150,3311,3192.99
151,3311,3158.35
152,3311,3184.47
153,3311,3094.84
154,3311,3162.62
155,3311,3203.98
156,3311,3209.29
157,3311,3097.16
158,3311,3221.37
159,3311,3168.75
160,3311,3235.55
161,3311,3214.26
162,3311,3145.48
163,3311,3137.95
164,3311,3185.49
165,3311,3205.01
166,3311,3140.04
167,3311,3097.14
168,3311,3133.92
169,3311,3180.93
170,3311,3106.86
171,3311,3177.36
172,3311,3236.81
173,3311,3169.95
174,3311,3198.14
175,3311,3111.38
176,3311,3179.52
177,3311,3151.95
178,3311,3142.15
179,3311,3197.29
180,3311,3170
181,3311,3188.29
182,3311,3123.03
183,3311,3166.6
184,3311,3213.86
185,3311,3194.59
186,3311,3185.83
187,3311,3138.56
188,3311,3235.63
189,3311,3223.88
190,3311,3226.64
191,3311,3182.5
192,3311,3215.72
193,3311,3193.88
194,3311,3206.5
195,3311,3217.48
196,3311,3160.84
197,3311,3214.06
198,3311,3195.53
199,3311,3202.29
200,3311,3194.26
201,3311,3145.31
202,3311,3233.51
203,3311,3231.77
204,3311,3098.87
205,3311,3199.89
206,3311,3229.03
207,3311,3188.3
208,3311,3223.22
209,3311,3123.08
210,3311,3142.59
211,3311,3158.64
212,3311,3199.47
213,3311,3169.66
214,3311,3153.42
215,3311,3200.1
216,3311,3119.01
217,3311,3090.34
218,3311,3186.26
219,3311,3179.24
220,3311,3201.85
221,3311,3226.84
222,3311,3203.63
223,3311,3174.5
224,3311,3137.19
225,3311,3175.47
226,3311,3233.99
227,3311,3231.32
228,3311,3211.71
229,3311,3214.65
230,3311,3232.23
231,3311,3170.84
232,3311,3167.01
233,3311,3147.24
234,3311,3150.2
235,3311,3205.66
236,3311,3199.12
237,3311,3200.85
238,3311,3203.43
239,3311,3228.27
240,3311,3177.82
241,3311,3216.75
242,3311,3222.65
243,3311,3197.03
244,3311,3205.47
245,3311,3138.02
246,3311,3193.61
247,3311,3191.97
248,3311,3187.63
249,3311,3131
250,3311,3185.23
251,3311,3217.85
252,3311,3212.69
253,3311,3205.55
254,3311,3223.48
255,3311,3192.49
256,3311,3154.51
257,3311,3189.77
258,3311,3174.91
259,3311,3223.53
260,3311,3213.16
261,3311,3193.69
262,3311,3185.16
263,3311,3172.1
264,3311,3211.15
265,3311,3177.48
266,3311,3194.71
267,3311,3178.64
268,3311,3161.07
269,3311,3177.94
270,3311,3210.61
271,3311,3208.25
272,3311,3194.61
273,3311,3243.26
274,3311,3208.09
275,3311,3214.03
276,3311,3191.01
277,3311,3154.42
278,3311,3161.85
279,3311,3163.78
280,3311,3107.19
281,3311,3080.58
282,3311,3139.56
283,3311,3141.7
284,3311,3195.54
285,3311,3225.51
286,3311,3191.67
287,3311,3221.75
288,3311,3181.49
289,3311,3213.3
290,3311,3189.54
291,3311,3218.38
292,3311,3163.63
293,3311,3189.67
294,3311,3217.31
295,3311,3203.43
296,3311,3211.63
297,3311,3203.59
298,3311,3195.18
299,3311,3167.81
Population size,100
Crossover rate,0.22
Mutation rate,0.87
Random selection portion,0.03
Selection method,AForge.Genetic.EliteSelection
Diversity check,False
Iteration,FitnessMax,FitnessAvg
0,2824,2198.14
1,2824,2368.2
2,2856,2516.72
3,2967,2579.88
4,2974,2667.56
5,3136,2705.21
6,3136,2782.87
7,3136,2819.84
8,3153,2863.53
9,3227,2901.08
10,3227,2963.1
11,3227,2986.13
12,3259,3012.42
13,3259,3036.64
14,3308,3060.24
15,3308,3087.29
16,3308,3088.84
17,3308,3114.23
18,3308,3131.76
19,3308,3154.56
20,3308,3136.56
21,3308,3160.92
22,3308,3144.68
23,3308,3193.97
24,3308,3201.75
25,3337,3213.53
26,3337,3200.47
27,3337,3225.61
28,3337,3234.31
29,3337,3229.26
30,3337,3212.54
31,3337,3211.96
32,3337,3211
33,3337,3253.42
34,3337,3256.45
35,3337,3250.91
36,3337,3237.22
37,3337,3275.17
38,3337,3285.74
39,3337,3280.97
40,3337,3286.02
41,3337,3282.46
42,3337,3293.84
43,3337,3292.09
44,3337,3284.14
45,3337,3294.85
46,3337,3291.55
47,3337,3288.16
48,3337,3294.67
49,3337,3297.35
50,3337,3278.58
51,3337,3290.99
52,3337,3284.76
53,3337,3289.21
54,3337,3299
55,3337,3301.53
56,3337,3307.14
57,3337,3292.7
58,3337,3253.94
59,3337,3285.33
60,3337,3280.05
61,3337,3266.35
62,3337,3269.56
63,3337,3300.28
64,3337,3299.84
65,3337,3299.75
66,3337,3297.62
67,3337,3283.87
68,3337,3297.63
69,3337,3292.52
70,3337,3290.5
71,3337,3289.29
72,3337,3285.65
73,3337,3283.81
74,3337,3268.09
75,3337,3296.06
76,3337,3288.55
77,3337,3285.36
78,3337,3272.2
79,3337,3308.43
80,3337,3261.69
81,3337,3274.15
82,3337,3292.66
83,3337,3292.81
84,3337,3304.4
85,3337,3297.91
86,3337,3300.65
87,3337,3277.65
88,3337,3287.48
89,3337,3275.32
90,3337,3297.98
91,3337,3290.4
92,3337,3290.38
93,3337,3287.38
94,3337,3298.82
95,3337,3291.25
96,3337,3252.2
97,3337,3275.41
98,3337,3306.4
99,3337,3303.11
100,3337,3292.14
101,3337,3310.47
102,3337,3299.25
103,3337,3291.16
104,3337,3272.95
105,3337,3294.45
106,3337,3296.01
107,3337,3291.48
108,3337,3298.74
109,3337,3287.43
110,3337,3276.98
111,3337,3299.08
112,3337,3286.85
113,3337,3286.36
114,3337,3272.94
115,3337,3296.74
116,3337,3288.83
117,3337,3301.86
118,3337,3286.39
119,3337,3294.33
120,3337,3293.02
121,3337,3284.17
122,3337,3288.13
123,3337,3287.4
124,3337,3294.62
125,3337,3289.72
126,3337,3299.48
127,3337,3293.44
128,3337,3287.16
129,3337,3291.48
130,3337,3294.5
131,3337,3298.44
132,3337,3294.13
133,3337,3292.44
134,3337,3290.36
135,3337,3294.84
136,3337,3295.07
137,3337,3278.94
138,3337,3282.15
139,3337,3284.35
140,3337,3278.43
141,3337,3289.98
142,3337,3289.04
143,3337,3286.49
144,3337,3279.8
145,3337,3301.12
146,3337,3303.06
147,3337,3276.66
148,3337,3289.12
149,3337,3286.99
150,3337,3272.15
151,3337,3253.61
152,3337,3298.95
153,3337,3297.57
154,3337,3285.79
155,3337,3279.38
156,3337,3297.61
157,3337,3291.66
158,3337,3289.65
159,3337,3299.56
160,3337,3279.54
161,3337,3280.28
162,3337,3292.78
163,3337,3302.47
164,3337,3279.18
165,3337,3268.87
166,3337,3296.16
167,3337,3284.91
168,3337,3289.07
169,3337,3272.85
170,3337,3282.06
171,3337,3295.32
172,3337,3295.99
173,3337,3296.84
174,3337,3298.56
175,3337,3297.98
176,3337,3301.86
177,3337,3298.25
178,3337,3282.3
179,3337,3295.31
180,3337,3295.88
181,3337,3281.08
182,3337,3284.92
183,3337,3288.24
184,3337,3288.36
185,3337,3300.84
186,3337,3283.79
187,3337,3297.01
188,3337,3272.15
189,3337,3299.17
190,3337,3289.5
191,3337,3295.62
192,3337,3302.77
193,3337,3302.58
194,3337,3273.51
195,3337,3296.02
196,3337,3300.51
197,3337,3302.35
198,3337,3294.85
199,3337,3294.21
200,3337,3296.38
201,3337,3282.96
202,3337,3297.58
203,3337,3281.13
204,3337,3284.38
205,3337,3275.01
206,3337,3292.09
207,3337,3266.66
208,3337,3291.02
209,3337,3275.26
210,3337,3299.24
211,3337,3287.8
212,3337,3296.61
213,3337,3297.64
214,3337,3286
215,3337,3293.79
216,3337,3297.16
217,3337,3285.69
218,3337,3265.45
219,3337,3288.78
220,3337,3298.4
221,3337,3292.64
222,3337,3289.89
223,3337,3293.51
224,3337,3298.63
225,3337,3299.69
226,3337,3290.72
227,3337,3279.96
228,3337,3300.54
229,3337,3283.73
230,3337,3271.04
231,3337,3294.96
232,3337,3295.77
233,3337,3308.21
234,3337,3295.28
235,3337,3293.44
236,3337,3289.35
237,3337,3297.1
238,3337,3287.9
239,3337,3295.14
240,3337,3280.49
241,3337,3282.35
242,3337,3297
243,3337,3280.83
244,3337,3295.49
245,3337,3290.35
246,3337,3304.05
247,3337,3293.76
248,3337,3288.95
249,3337,3287.63
250,3337,3301.43
251,3337,3273.48
252,3337,3280.56
253,3337,3286.33
254,3337,3298.94
255,3337,3297.44
256,3337,3289.41
257,3337,3273.08
258,3337,3282.3
259,3337,3293.75
260,3337,3295.56
261,3337,3284.24
262,3337,3286.83
263,3337,3301.51
264,3337,3297.92
265,3337,3270.49
266,3337,3298.92
267,3337,3296.28
268,3337,3290.18
269,3337,3285.17
270,3337,3281.27
271,3337,3303.02
272,3337,3276.75
273,3337,3292.47
274,3337,3290.83
275,3337,3292.12
276,3337,3292.46
277,3337,3295.73
278,3337,3289.55
279,3337,3293.39
280,3337,3288.33
281,3337,3282.69
282,3337,3278.95
283,3337,3292.28
284,3337,3286.49
285,3337,3287.67
286,3337,3297.6
287,3337,3289.92
288,3337,3267.65
289,3337,3291.85
290,3337,3287.37
291,3337,3299.38
292,3337,3296.86
293,3337,3297.45
294,3337,3283.61
295,3337,3300.91
296,3337,3290.31
297,3337,3290.01
298,3337,3299.87
299,3337,3291.28
Population size,100
Crossover rate,0.22
Mutation rate,0.87
Random selection portion,0.03
Selection method,AForge.Genetic.EliteSelection
Diversity check,True
Iteration,FitnessMax,FitnessAvg
0,2850,2187.41
1,2850,2352.39
2,3040,2422.56
3,3040,2565.11
4,3088,2663.91
5,3220,2736.51
6,3220,2791.19
7,3220,2854.27
8,3220,2887.12
9,3220,2932.9
10,3233,2972.94
11,3241,2995.24
12,3241,3013.9
13,3241,3043.79
14,3263,3066.56
15,3272,3078.96
16,3286,3092.1
17,3286,3129.78
18,3286,3140.61
19,3301,3134.86
20,3301,3161.26
21,3301,3169.47
22,3308,3190.32
23,3318,3177.01
24,3318,3210.01
25,3318,3197.69
26,3318,3200.82
27,3318,3197.6
28,3337,3209.24
29,3337,3221.57
30,3337,3214.06
31,3337,3221.94
32,3337,3238.57
33,3337,2157.78
34,3337,2315.49
35,3337,2489.1
36,3337,2603.49
37,3337,2736.47
38,3337,2826.48
39,3337,2909.95
40,3337,2966.17
41,3337,3039.49
42,3337,3059.54
43,3337,3063.58
44,3337,3102.23
45,3337,3113.22
46,3337,3165.39
47,3337,3187
48,3337,3204.04
49,3337,3208.11
50,3337,3224.55
51,3337,3230.58
52,3337,3257.76
53,3337,2196.37
54,3337,2347.97
55,3337,2480.78
56,3337,2569.4
57,3337,2653.91
58,3337,2744.06
59,3337,2795.55
60,3337,2878.77
61,3337,2946.19
62,3337,2963.73
63,3337,3016.58
64,3337,3077.48
65,3337,3102.62
66,3337,3119.92
67,3337,3157.53
68,3337,3175.41
69,3341,3188.99
70,3341,3202.03
71,3341,3227.3
72,3341,3239.54
73,3341,3240.96
74,3341,2174.97
75,3341,2354.18
76,3341,2483.13
77,3341,2598.22
78,3341,2692.18
79,3341,2766.19
80,3341,2832.76
81,3341,2887.25
82,3341,2934.12
83,3341,2982.54
84,3341,3023.62
85,3341,3049.71
86,3341,3083.05
87,3341,3110.4
88,3341,3125.41
89,3341,3152.09
90,3341,3178.56
91,3341,3174.04
92,3341,3199.86
93,3341,3199.91
94,3341,3200.99
95,3341,3226.72
96,3341,3232.08
97,3341,3232.29
98,3341,3243.36
99,3341,2161.74
100,3341,2375.43
101,3341,2523.74
102,3341,2679.76
103,3341,2776.43
104,3341,2837.82
105,3341,2955.64
106,3341,3043.71
107,3341,3077.65
108,3341,3108.48
109,3341,3175.57
110,3341,3186.38
111,3341,3222.97
112,3341,3237.12
113,3341,3254.13
114,3341,2208.26
115,3341,2380.62
116,3341,2510.3
117,3341,2602.89
118,3341,2702.34
119,3341,2780.62
120,3341,2844.42
121,3341,2913.59
122,3341,2932.88
123,3341,3010.53
124,3341,3077.78
125,3341,3110.9
126,3341,3147.67
127,3341,3163.93
128,3341,3189.93
129,3341,3203.46
130,3341,3237.65
131,3341,3243.58
132,3341,2204.74
133,3341,2362.95
134,3341,2498.76
135,3341,2609
136,3341,2706.13
137,3341,2764.76
138,3341,2867.38
139,3341,2938.5
140,3341,2984.5
141,3341,3043.92
142,3341,3078.96
143,3341,3095.31
144,3341,3126.98
145,3341,3166.62
146,3341,3162.36
147,3341,3189.53
148,3341,3196.49
149,3341,3218.93
150,3341,3234.47
151,3341,3213.74
152,3341,3240.42
153,3341,3253.1
154,3341,2225.15
155,3341,2357.23
156,3341,2482.22
157,3341,2556.89
158,3341,2651.89
159,3341,2736.31
160,3341,2792.97
161,3341,2865.05
162,3341,2934.71
163,3341,2985.29
164,3341,2999.42
165,3341,3059.58
166,3341,3089.39
167,3341,3131.71
168,3341,3153.87
169,3341,3154.28
170,3341,3189.22
171,3341,3208.67
172,3341,3218.05
173,3341,3210.85
174,3341,3224.18
175,3341,3224.44
176,3341,3235.59
177,3341,3234.39
178,3341,3237.76
179,3341,3261.14
180,3341,2147.69
181,3341,2335.34
182,3341,2489.14
183,3341,2592.36
184,3341,2708.42
185,3341,2791.83
186,3341,2861.31
187,3341,2908.54
188,3341,2958
189,3341,3000.18
190,3341,3051.07
191,3341,3089.51
192,3341,3123.7
193,3341,3136.92
194,3341,3170.53
195,3341,3202.98
196,3341,3209.92
197,3341,3225.67
198,3341,3232.81
199,3341,3262.52
200,3341,2228.94
201,3341,2345.05
202,3341,2485.96
203,3341,2605.65
204,3341,2721.2
205,3341,2800.71
206,3341,2907.96
207,3341,2999.68
208,3341,3047.2
209,3341,3072.81
210,3341,3132.14
211,3341,3165.38
212,3341,3183.02
213,3341,3179.6
214,3341,3202.28
215,3341,3237.19
216,3341,3236.45
217,3341,3253.82
218,3341,2211.54
219,3341,2402.25
220,3341,2544.29
221,3341,2652.12
222,3341,2737.06
223,3341,2826.78
224,3341,2864.05
225,3341,2955.46
226,3341,3001.06
227,3341,3050.86
228,3341,3093.45
229,3341,3137.46
230,3341,3164.5
231,3341,3189.37
232,3341,3217.87
233,3341,3220.07
234,3341,3237.65
235,3341,3225.08
236,3341,3252.95
237,3341,2198.12
238,3341,2364.92
239,3341,2502.4
240,3341,2640.38
241,3341,2739.59
242,3341,2826.18
243,3341,2900.9
244,3341,2981.34
245,3341,3055.34
246,3341,3097.28
247,3341,3155.21
248,3341,3176.56
249,3341,3199.42
250,3341,3206.42
251,3341,3221.85
252,3341,3229.63
253,3341,3250.57
254,3341,2168.77
255,3341,2320.47
256,3341,2468.8
257,3341,2605.38
258,3341,2700.94
259,3341,2815.46
260,3341,2870.92
261,3341,2934.09
262,3341,3021.08
263,3341,3065.83
264,3341,3117.3
265,3341,3143.58
266,3341,3145.8
267,3341,3176.63
268,3341,3188.16
269,3341,3202.27
270,3341,3208.14
271,3341,3217.16
272,3341,3235.85
273,3341,3236.68
274,3341,3237.73
275,3341,3249.11
276,3341,2226.16
277,3341,2378.76
278,3341,2506.7
279,3341,2595.35
280,3341,2685.12
281,3341,2764.89
282,3341,2842.32
283,3341,2886.88
284,3341,2942.01
285,3341,3015.02
286,3341,3035.25
287,3341,3072.56
288,3341,3105.92
289,3341,3138.58
290,3341,3175.74
291,3341,3182.95
292,3341,3200.6
293,3341,3225.67
294,3341,3232.34
295,3341,3249.77
296,3341,2135.8
297,3341,2331.24
298,3341,2489.39
299,3341,2603.93
Population size,100
Crossover rate,0.22
Mutation rate,0.87
Random selection portion,0.03
Selection method,AForge.Genetic.EliteSelection
Diversity check,True
Iteration,FitnessMax,FitnessAvg
0,2987,2188.62
1,2987,2386.4
2,2987,2533.11
3,3039,2662.6
4,3053,2725.73
5,3204,2837.68
6,3204,2887.6
7,3204,2941.53
8,3286,2963.33
9,3286,3002.14
10,3286,3035.62
11,3293,3051.36
12,3293,3086.76
13,3293,3098.47
14,3293,3114.71
15,3293,3134.8
16,3293,3136.5
17,3293,3107.09
18,3305,3164
19,3318,3180.3
20,3318,3190.24
21,3325,3179.67
22,3325,3207.97
23,3337,3200.09
24,3337,3236.81
25,3337,3235.89
26,3337,3244.99
27,3337,2230.83
28,3337,2428.33
29,3337,2580.47
30,3337,2679.53
31,3337,2764.18
32,3337,2841.14
33,3337,2915.25
34,3337,2968.9
35,3337,3020.79
36,3337,3058
37,3337,3068.23
38,3337,3111.2
39,3337,3159.97
40,3337,3155.49
41,3337,3187.65
42,3337,3190.47
43,3337,3222.06
44,3337,3211.72
45,3337,3237.36
46,3337,2136.08
47,3337,2349.74
48,3337,2530.4
49,3337,2695.08
Population size,100
Crossover rate,0.22
Mutation rate,0.87
Random selection portion,0.03
Selection method,AForge.Genetic.EliteSelection
Diversity check,True
Iteration,FitnessMax,FitnessAvg
0,2902,2243.52
1,2902,2441.28
2,2983,2553.65
3,3030,2645.93
4,3055,2724.12
5,3094,2774.37
6,3151,2809.6
7,3151,2842.88
8,3151,2909.81
9,3181,2948.98
10,3181,2976.16
11,3205,3018.86
12,3205,3026.36
13,3272,3057.02
14,3304,3077.42
15,3305,3104.29
16,3311,3112.99
17,3311,3122.89
18,3311,3150.67
19,3311,3153.96
20,3311,3171.69
21,3311,3169.96
22,3311,3196.28
23,3337,3206.04
24,3337,3206.03
25,3337,3227.05
26,3337,3202.82
27,3337,3217.25
28,3337,3244.25
29,3337,2209.82
