Population size,100
Crossover rate,0.66
Mutation rate,0.34
Random selection portion,0.03
Selection method,AForge.Genetic.RouletteWheelSelection
Diversity check,False
Iteration,FitnessMax,FitnessAvg
0,459,304.6
1,459,323.87
2,459,342.79
3,459,388.13
4,459,382.83
5,459,388.61
6,459,410.93
7,459,417.55
8,459,415.91
9,459,414.77
10,459,418.09
11,459,427.73
12,459,428.14
13,459,424
14,459,425.96
15,459,412.55
16,459,405.77
17,459,418.04
18,459,421.17
19,459,432.11
20,459,420.52
21,459,434.23
22,459,440.87
23,459,433.87
24,459,424.46
25,459,427.33
26,459,434.92
27,459,433.19
28,459,438.37
29,459,428.4
30,459,427.07
31,459,423.23
32,459,416.69
33,459,434.72
34,459,428.74
35,459,415.31
36,459,415.54
37,459,428.14
38,459,422.7
39,459,400.68
40,459,400.68
41,459,390.33
42,459,412.48
43,459,406.65
44,459,412.65
45,459,404.38
46,459,429.28
47,459,426.41
48,459,421.18
49,459,424.56
50,459,429.44
51,459,446.05
52,459,442.37
53,459,427.1
54,459,437.06
55,459,415.38
56,459,425.54
57,459,431.82
58,459,413.04
59,459,416.36
60,459,424.7
61,459,435.14
62,459,423.32
63,459,428.43
64,459,420.94
65,459,440.78
66,459,445
67,459,448.68
68,459,423.77
69,459,431.04
70,459,427.82
71,459,435.86
72,459,430.33
73,459,411.38
74,459,402.43
75,459,418.29
76,459,421.15
77,459,421.6
78,459,418.08
79,459,411.96
80,459,424.63
81,459,426.91
82,459,425.02
83,459,431.27
84,459,406.37
85,459,410.59
86,459,396.62
87,459,406.46
88,459,417.63
89,459,420.04
90,459,421.6
91,459,425.44
92,459,429.54
93,459,422.87
94,459,426.7
95,459,416.58
96,459,418.31
97,459,421.37
98,459,429.41
99,459,424.49
100,459,418.89
101,459,421.37
102,459,424.82
103,459,439.28
104,459,426.19
105,459,425.02
106,459,423.62
107,459,425.44
108,459,427.1
109,459,409.55
110,459,408.05
111,459,438.49
112,459,435.82
113,459,427.46
114,459,421.96
115,459,436.18
116,459,418.51
117,459,423.36
118,459,414.14
119,459,427.82
120,459,431.5
121,459,430.26
122,459,421.31
123,459,422.28
124,459,418.34
125,459,409.65
126,459,409.74
127,459,420.22
128,459,427.52
129,459,431.14
130,459,414.71
131,459,421.02
132,459,430
133,459,418.96
134,459,415.31
135,459,421.37
136,459,423.32
137,459,428.14
138,459,433.41
139,459,431.95
140,459,438.46
141,459,437.58
142,459,433.87
143,459,428.63
144,459,433.71
145,459,431.69
146,459,419.19
147,459,424.95
148,459,435.43
149,459,435.43
150,459,424.46
151,459,425.05
152,459,431.36
153,459,406
154,459,431.95
155,459,431.59
156,459,430.09
157,459,426.32
158,459,419.81
159,459,419.1
160,459,422.91
161,459,411.55
162,459,402.95
163,459,414.8
164,459,427.18
165,459,417.86
166,459,407.4
167,459,416
168,459,415.97
169,459,425.44
170,459,429.61
171,459,426.42
172,459,436.54
173,459,424.92
174,459,424.96
175,459,426.65
176,459,426.65
177,459,409.2
178,459,401.51
179,459,407.6
180,459,422.9
181,459,421.6
182,459,422.65
183,459,430.94
184,459,430.16
185,459,438.37
186,459,418.06
187,459,426.69
188,459,425.22
189,459,433.45
190,459,430.26
191,459,424.14
192,459,437.39
193,459,425.63
194,459,438.82
195,459,429.64
196,459,423.55
197,459,413.6
198,459,404.84
199,459,406.1
200,459,424.62
201,459,416.78
202,459,418.76
203,459,424.88
204,459,432.83
205,459,428.83
206,459,415.09
207,459,426.65
208,459,424.47
209,459,421.18
210,459,423.16
211,459,415.78
212,459,422.65
213,459,427.01
214,459,433.32
215,459,428.15
216,459,424.04
217,459,415.11
218,459,420.68
219,459,432.05
220,459,420.85
221,459,414.08
222,459,414.4
223,459,428.08
224,459,417.17
225,459,427.23
226,459,413.27
227,459,415.06
228,459,418.73
229,459,433.19
230,459,431.75
231,459,434.16
232,459,415.11
233,459,417.49
234,459,408.54
235,459,427.42
236,459,422.28
237,459,429.54
238,459,431.01
239,459,424.73
240,459,424.63
241,459,426.06
242,459,415.18
243,459,414.3
244,459,405.54
245,459,407.76
246,459,414.67
247,459,420.94
248,459,433.67
249,459,427.59
250,459,416.49
251,459,429.18
252,459,424.72
253,459,423.72
254,459,419.88
255,459,418.84
256,459,417.24
257,459,417.92
258,459,409.2
259,459,412.48
260,459,429.66
261,459,421.4
262,459,425.5
263,459,424.46
264,459,426.18
265,459,431.49
266,459,421.37
267,459,424.36
268,459,432.28
269,459,412.18
270,459,431.59
271,459,422.9
272,459,421.44
273,459,424.98
274,459,428.59
275,459,419.67
276,459,426.19
277,459,429.28
278,459,413.91
279,459,408.44
280,459,411.89
281,459,407.37
282,459,416.29
283,459,423.58
284,459,415.06
285,459,429.28
286,459,431.27
287,459,432.28
288,459,434.59
289,459,415.32
290,459,426
291,459,432.64
292,459,439.05
293,459,436.05
294,459,431.69
295,459,441.03
296,459,425.99
297,459,432.5
298,459,418.28
299,459,435.37
Population size,100
Crossover rate,0.66
Mutation rate,0.34
Random selection portion,0.03
Selection method,AForge.Genetic.RouletteWheelSelection
Diversity check,True
Iteration,FitnessMax,FitnessAvg
0,459,296.66
1,459,305.27
2,459,341.86
3,459,365.1
4,459,379.73
5,459,380.71
6,459,395.97
7,459,386.35
8,459,396.94
9,459,408.12
10,459,410.04
11,459,412.59
12,459,411.8
13,459,410.59
14,459,421.37
15,459,425.8
16,459,423.13
17,459,436.05
18,459,426.42
19,459,427.37
20,459,436.68
21,459,425.32
22,459,426.49
23,459,424.46
24,459,418.74
25,459,419.78
26,459,431.37
27,459,432.08
28,459,428.2
29,459,431.82
30,459,418.31
31,459,423.03
32,459,432.31
33,459,420.59
34,459,421.96
35,459,424.03
36,459,425.96
37,459,414.37
38,459,415.28
39,459,426.9
40,459,425.76
41,459,416.26
42,459,417.98
43,459,419.97
44,459,408.58
45,459,436.31
46,459,432.18
47,459,434.13
48,459,433.44
49,459,426.96
50,459,404.7
51,459,420.62
52,459,430.84
53,459,429.31
54,459,417.46
55,459,410.79
56,459,404.19
57,459,424.2
58,459,411.9
59,459,428.54
60,459,424.14
61,459,412.23
62,459,420.4
63,459,422.18
64,459,423
65,459,426.8
66,459,427.03
67,459,431.95
68,459,435.14
69,459,424.63
70,459,422.19
71,459,441.94
72,459,410.5
73,459,418.02
74,459,420.33
75,459,425.18
76,459,436.74
77,459,422.28
78,459,418.64
79,459,429.77
80,459,401.2
81,459,431.08
82,459,427.43
83,459,437.55
84,459,433.45
85,459,419.55
86,459,425.28
87,459,433.19
88,459,434.39
89,459,428.82
90,459,436.18
91,459,434.88
92,459,434.03
93,459,417.92
94,459,405.64
95,459,424.03
96,459,424.13
97,459,409.75
98,459,418.67
99,459,429.54
100,459,418.15
101,459,425.15
102,459,427.56
103,459,438.27
104,459,433.42
105,459,429.41
106,459,415.06
107,459,421.14
108,459,421.37
109,459,424.5
110,459,419.41
111,459,418.15
112,459,416.46
113,459,422.77
114,459,424.23
115,459,430.58
116,459,430.32
117,459,426.02
118,459,434.82
119,459,415.94
120,459,420.15
121,459,406.92
122,459,411.74
123,459,429.71
124,459,412.23
125,459,416.1
126,459,415.32
127,459,422.68
128,459,426.65
129,459,426.9
130,459,416.09
131,459,411.21
132,459,413.1
133,459,420.89
134,459,426.42
135,459,426.87
136,459,433.77
137,459,427.91
138,459,425.28
139,459,428.4
140,459,428.37
141,459,421.05
142,459,414.15
143,459,422.97
144,459,415.06
145,459,429.06
146,459,412.68
147,459,419.94
148,459,433.19
149,459,421.51
150,459,423.23
151,459,413.56
152,459,413.59
153,459,415.31
154,459,414.37
155,459,419.68
156,459,417.04
157,459,418.31
158,459,432.99
159,459,437.55
160,459,423.42
161,459,431.13
162,459,430.62
163,459,428.6
164,459,431.69
165,459,435.82
166,459,423
167,459,418.41
168,459,437.58
169,459,420.1
170,459,436.05
171,459,438.26
172,459,430.78
173,459,436.31
174,459,442.82
175,459,438.46
176,459,438.72
177,459,438.46
178,459,447.64
179,459,307.1
180,459,329.2
181,459,342.76
182,459,362.21
183,459,354.84
184,459,374.61
185,459,394.2
186,459,371.98
187,459,403.49
188,459,395.68
189,459,416.66
190,459,431.18
191,459,430.13
192,459,415.87
193,459,426.32
194,459,429.64
195,459,423.62
196,459,426.28
197,459,422.21
198,459,436.41
199,459,426.19
200,459,435.6
201,459,430.55
202,459,431.01
203,459,431.69
204,459,426.68
205,459,441.13
206,459,433.87
207,459,432.96
208,459,424.53
209,459,414.86
210,459,415.25
211,459,416.94
212,459,420.56
213,459,431.04
214,459,441.69
215,459,440.67
216,459,436.05
217,459,434.68
218,459,431.82
219,459,434.29
220,459,436.44
221,459,431
222,459,442.85
223,459,433.22
224,459,420.73
225,459,429.9
226,459,440.09
227,459,429.87
228,459,425.64
229,459,404.22
230,459,412.22
231,459,403.01
232,459,411.02
233,459,417.24
234,459,415.55
235,459,423.43
236,459,425.61
237,459,435.86
238,459,421.02
239,459,425.44
240,459,419.51
241,459,425.34
242,459,428.99
243,459,421.08
244,459,432.77
245,459,419.65
246,459,420.13
247,459,432.44
248,459,425.74
249,459,429.28
250,459,410.95
251,459,431.72
252,459,422.57
253,459,422.8
254,459,431.26
255,459,426.68
256,459,429.02
257,459,437.94
258,459,438.14
259,459,429.91
260,459,411.09
261,459,413.05
262,459,415.26
263,459,417.21
264,459,437.16
265,459,426.84
266,459,428.89
267,459,422.19
268,459,431.3
269,459,433.71
270,459,427.59
271,459,421.11
272,459,417.92
273,459,419.22
274,459,411.54
275,459,422.7
276,459,405.31
277,459,415.47
278,459,402.92
279,459,412.55
280,459,416.14
281,459,424.76
282,459,431.14
283,459,426.1
284,459,414.77
285,459,414.54
286,459,423.68
287,459,422.68
288,459,421.51
289,459,412.09
290,459,414.73
291,459,400.11
292,459,418.4
293,459,433.32
294,459,434.26
295,459,431.59
296,459,438.52
297,459,438.72
298,459,441.23
299,459,422.64
Population size,100
Crossover rate,0.51
Mutation rate,0.79
Random selection portion,0.03
Selection method,AForge.Genetic.RankSelection
Diversity check,True
Iteration,FitnessMax,FitnessAvg
0,459,128.29
1,459,210.34
2,459,248.63
3,459,300.49
4,459,324.56
5,459,323.1
6,459,319.58
7,459,307.42
8,459,342.61
9,459,357.6
10,459,383.49
11,459,380.81
12,459,391.53
13,459,390.88
14,459,384.85
15,459,389.89
16,459,378.66
17,459,362.29
18,459,361.47
19,459,374.87
20,459,378.24
21,459,344.02
22,459,353.43
23,459,382.01
24,459,366.95
25,459,381.73
26,459,388.33
27,459,380.65
28,459,353.64
29,459,349.08
30,459,347.52
31,459,365.93
32,459,382.82
33,459,365.53
34,459,361.5
35,459,381.69
36,459,373.16
37,459,357.3
38,459,375.18
39,459,386.7
40,459,407.44
41,459,385.59
42,459,388.82
43,459,383.32
44,459,361.06
45,459,365.74
46,459,368.61
47,459,367.69
48,459,371.83
49,459,360.34
50,459,352.1
51,459,338.57
52,459,359.56
53,459,390.94
54,459,374.6
55,459,384.72
56,459,394.97
57,459,379.84
58,459,375.28
59,459,399.11
60,459,384.82
61,459,386.44
62,459,387.38
63,459,370.16
64,459,369.44
65,459,383.58
66,459,361.03
67,459,381.11
68,459,402.34
69,459,403.47
70,459,388.89
71,459,397.39
72,459,386.74
73,459,389.15
74,459,402.69
75,459,391.37
76,459,389.17
77,459,378.91
78,459,384.91
79,459,391
80,459,409.27
81,459,401.71
82,459,391.65
83,459,386.41
84,459,372.84
85,459,363.6
86,459,381.23
87,459,379.54
88,459,356.59
89,459,371.7
90,459,388.79
91,459,387.02
92,459,383.54
93,459,370.42
94,459,386.3
95,459,374.89
96,459,379.94
97,459,350.65
98,459,372.56
99,459,398.47
100,459,377.74
101,459,388.17
102,459,363.73
103,459,381.31
104,459,374.16
105,459,381.89
106,459,364.9
107,459,368.38
108,459,389.64
109,459,372.25
110,459,379.97
111,459,385.96
112,459,408.38
113,459,400.7
114,459,398.92
115,459,390.85
116,459,391.08
117,459,397.42
118,459,401.3
119,459,411.91
120,459,393.57
121,459,367.79
122,459,379.77
123,459,390.68
124,459,395.93
125,459,386.75
126,459,384.69
127,459,373.32
128,459,401.32
129,459,401.97
130,459,378.46
131,459,364.79
132,459,368.05
133,459,380.65
134,459,376.65
135,459,375.51
136,459,368.15
137,459,381.01
138,459,372.97
139,459,413.55
140,459,375.24
141,459,364.2
142,459,375.01
143,459,387.54
144,459,388.46
145,459,365.26
146,459,388.5
147,459,366.26
148,459,388.24
149,459,375.41
150,459,385.15
151,459,385.25
152,459,372.71
153,459,375.18
154,459,360.5
155,459,393.29
156,459,411.06
157,459,382.25
158,459,357.93
159,459,386.45
160,459,382.47
161,459,414.6
162,459,399.3
163,459,377.72
164,459,398.29
165,459,373.82
166,459,380.92
167,459,404.28
168,459,371.96
169,459,390.41
170,459,390.93
171,459,385.05
172,459,396.99
173,459,411.64
174,459,409.69
175,459,398
176,459,366.69
177,459,367.26
178,459,371.31
179,459,359.33
180,459,333.42
181,459,359.2
182,459,374.66
183,459,371.57
184,459,371.15
185,459,361.74
186,459,393.84
187,459,377.2
188,459,401.78
189,459,410.14
190,459,382.14
191,459,402.91
192,459,406.73
193,459,395.83
194,459,368.93
195,459,378.5
196,459,370.23
197,459,363.45
198,459,387.93
199,459,373.81
200,459,387.55
201,459,388.27
202,459,376.68
203,459,370.47
204,459,385.89
205,459,373.03
206,459,408.68
207,459,385.99
208,459,371.96
209,459,367.92
210,459,379.09
211,459,380.58
212,459,373.07
213,459,350.12
214,459,350.96
215,459,350.8
216,459,374.4
217,459,388.54
218,459,389.31
219,459,386.84
220,459,350.35
221,459,373.89
222,459,389.76
223,459,388.85
224,459,393.9
225,459,379.03
226,459,379.75
227,459,394.61
228,459,395.62
229,459,406.04
230,459,403.59
231,459,379.84
232,459,363.63
233,459,367.01
234,459,377.07
235,459,347.09
236,459,346.69
237,459,356.71
238,459,354.13
239,459,360.57
240,459,379.98
241,459,354.82
242,459,350
243,459,365.78
244,459,365.78
245,459,383.87
246,459,362.1
247,459,350.54
248,459,361.76
249,459,380.25
250,459,394.19
251,459,397.38
252,459,372.21
253,459,386.41
254,459,388.24
255,459,388.82
256,459,371.5
257,459,368.83
258,459,366.95
259,459,351.48
260,459,337.51
261,459,369.06
262,459,369.42
263,459,357.84
264,459,375.71
265,459,359.2
266,459,369.68
267,459,383.26
268,459,368.61
269,459,365.9
270,459,364.44
271,459,362.04
272,459,337.5
273,459,356.21
274,459,357.48
275,459,382.15
276,459,391.23
277,459,386.41
278,459,393.16
279,459,384.38
280,459,377.07
281,459,378.18
282,459,342.38
283,459,360.41
284,459,357.28
285,459,353.21
286,459,334.1
287,459,356.8
288,459,372.98
289,459,364.97
290,459,351.19
291,459,376.98
292,459,376.38
293,459,399.4
294,459,365.49
295,459,383.69
296,459,390.39
297,459,380.2
298,459,384.72
299,459,381.89
Population size,100
Crossover rate,0.51
Mutation rate,0.79
Random selection portion,0.03
Selection method,AForge.Genetic.RankSelection
Diversity check,False
Iteration,FitnessMax,FitnessAvg
0,459,167.7
1,459,241.49
2,459,275.44
3,459,284.02
4,459,316.56
5,459,319.08
6,459,343.21
7,459,359.45
8,459,371.33
9,459,370.88
10,459,372.89
11,459,387.01
12,459,374.67
13,459,359.04
14,459,390.16
15,459,368.38
16,459,403.14
17,459,394.36
18,459,364.95
19,459,355.77
20,459,401.31
21,459,390.8
22,459,385.3
23,459,373.29
24,459,378.37
25,459,376.49
26,459,348.63
27,459,385.64
28,459,393.59
29,459,387.62
30,459,384.13
31,459,394.79
32,459,402.07
33,459,375.08
34,459,390.41
35,459,390.77
36,459,356.4
37,459,351.37
38,459,344.13
39,459,364.3
40,459,356.24
41,459,377.72
42,459,360.12
43,459,354.65
44,459,329.69
45,459,335.67
46,459,361.09
47,459,326.75
48,459,359.36
49,459,363.77
50,459,375.29
51,459,380.27
52,459,377.46
53,459,399.89
54,459,388.21
55,459,385.83
56,459,372.61
57,459,386.18
58,459,376.87
59,459,375.92
60,459,364.73
61,459,368.48
62,459,377.03
63,459,402.13
64,459,389.9
65,459,364.83
66,459,373.92
67,459,391.27
68,459,391.33
69,459,370.6
70,459,388.04
71,459,400.98
72,459,406.96
73,459,404.84
74,459,416.84
75,459,411.09
76,459,412.55
77,459,403.08
78,459,390.91
79,459,358.85
80,459,372.41
81,459,397.9
82,459,365.36
83,459,371.4
84,459,368.44
85,459,355.71
86,459,381.4
87,459,387.2
88,459,373.23
89,459,369.08
90,459,350.26
91,459,375.96
92,459,371.04
93,459,358.54
94,459,353.47
95,459,355.22
96,459,391.85
97,459,367.47
98,459,377.59
99,459,377.58
100,459,378.6
101,459,389.76
102,459,377.81
103,459,367.59
104,459,372.77
105,459,373.91
106,459,343.6
107,459,378.67
108,459,370.14
109,459,382.02
110,459,400.63
111,459,394
112,459,354.36
113,459,358.19
114,459,361.09
115,459,386.19
116,459,399.4
117,459,395.59
118,459,382.93
119,459,392.79
120,459,402.56
121,459,391.03
122,459,384.49
123,459,360.72
124,459,343.25
125,459,357.25
126,459,348.78
127,459,376.84
128,459,362.35
129,459,389.22
130,459,395.47
131,459,385.86
132,459,387.59
133,459,388.65
134,459,386.84
135,459,388.65
136,459,391
137,459,373.72
138,459,373.69
139,459,343.06
140,459,357.41
141,459,358.36
142,459,362.65
143,459,383.03
144,459,384.35
145,459,384.16
146,459,384.46
147,459,375.61
148,459,380.46
149,459,385.21
150,459,359.72
151,459,336.28
152,459,353.28
153,459,379.16
154,459,376.71
155,459,386.74
156,459,378.4
157,459,394.38
158,459,354.54
159,459,358.38
160,459,371.98
161,459,367.72
162,459,386.45
163,459,376.07
164,459,394.36
165,459,384.69
166,459,383.25
167,459,374.59
168,459,407.61
169,459,373.19
170,459,364.11
171,459,385.73
172,459,391.29
173,459,365.54
174,459,349.5
175,459,373.07
176,459,366.14
177,459,356.04
178,459,362.74
179,459,381.99
180,459,382.93
181,459,381.21
182,459,400.42
183,459,391.73
184,459,391.19
185,459,383.16
186,459,400.18
187,459,395.39
188,459,365.35
189,459,365.96
190,459,369.13
191,459,385.53
192,459,379.42
193,459,390.55
194,459,371.21
195,459,377.3
196,459,367
197,459,357.19
198,459,354.55
199,459,356.55
200,459,359.09
201,459,379.28
202,459,375.56
203,459,371.14
204,459,383.45
205,459,361.09
206,459,372.48
207,459,361.47
208,459,382.87
209,459,409.88
210,459,386.21
211,459,375.32
212,459,361.56
213,459,353.59
214,459,364.75
215,459,358.81
216,459,366.47
217,459,365.62
218,459,361.96
219,459,345.58
220,459,365.28
221,459,385.95
222,459,357.12
223,459,409.39
224,459,388.59
225,459,406.17
226,459,413.3
227,459,372.64
228,459,400.92
229,459,401.35
230,459,393.93
231,459,395.95
232,459,392.14
233,459,379.91
234,459,379.91
235,459,390.36
236,459,384.49
237,459,397.61
238,459,405.13
239,459,372.97
240,459,378.73
241,459,379.68
242,459,404.77
243,459,407.6
244,459,398.14
245,459,386.18
246,459,386.74
247,459,364.71
248,459,373.72
249,459,376.22
250,459,393.11
251,459,380.52
252,459,390.86
253,459,371.6
254,459,357.09
255,459,338.46
256,459,343.61
257,459,356.86
258,459,371.8
259,459,380.49
260,459,380.2
261,459,393.71
262,459,347.32
263,459,372.93
264,459,379.12
265,459,335.95
266,459,358.78
267,459,383.37
268,459,374.82
269,459,381.04
270,459,383.03
271,459,372.09
272,459,386.36
273,459,384.79
274,459,377.82
275,459,380.3
276,459,396.18
277,459,400.19
278,459,406.53
279,459,386.18
280,459,388.43
281,459,365.03
282,459,356.68
283,459,344.83
284,459,350.73
285,459,367.31
286,459,386.38
287,459,381.95
288,459,404.48
289,459,384.59
290,459,392.65
291,459,387.35
292,459,365.74
293,459,378.59
294,459,385.98
295,459,390.35
296,459,391.36
297,459,378.75
298,459,381.72
299,459,377.15
Population size,100
Crossover rate,0.22
Mutation rate,0.87
Random selection portion,0.03
Selection method,AForge.Genetic.EliteSelection
Diversity check,False
Iteration,FitnessMax,FitnessAvg
0,459,230.82
1,459,316.82
2,459,356.67
3,459,382.37
4,459,400.52
5,459,421.29
6,459,430.67
7,459,449.17
8,459,449.82
9,459,447.41
10,459,445.23
11,459,454.09
12,459,450.08
13,459,449.14
14,459,447.67
15,459,449.59
16,459,450.08
17,459,451.32
18,459,445.23
19,459,454.64
20,459,449.82
21,459,447.64
22,459,449.17
23,459,445.23
24,459,447.93
25,459,446.73
26,459,446.73
27,459,447.64
28,459,452.23
29,459,447.93
30,459,447.67
31,459,452.23
32,459,450.11
33,459,446.73
34,459,451.32
35,459,445.49
36,459,448.91
37,459,449.17
38,459,449.85
39,459,445.23
40,459,447.67
41,459,455.68
42,459,451.35
43,459,445.23
44,459,449.82
45,459,453.76
46,459,445.23
47,459,449.14
48,459,447.41
49,459,451.32
50,459,445.23
51,459,445.23
52,459,449.14
53,459,451.09
54,459,447.67
55,459,447.67
56,459,453.5
57,459,445.23
58,459,451.58
59,459,447.41
60,459,450.08
61,459,446.73
62,459,451.55
63,459,450.31
64,459,447.67
65,459,451.35
66,459,447.41
67,459,445.23
68,459,445.49
69,459,452
70,459,453.5
71,459,445.23
72,459,449.14
73,459,447.41
74,459,449.14
75,459,449.59
76,459,445.23
77,459,449.82
78,459,450.11
79,459,450.11
80,459,447.64
81,459,445.49
82,459,450.08
83,459,450.05
84,459,445.49
85,459,452.23
86,459,445.23
87,459,449.85
88,459,445.23
89,459,450.11
90,459,447.67
91,459,447.67
92,459,446.73
93,459,454.41
94,459,451.32
95,459,447.67
96,459,445.23
97,459,454.41
98,459,445.23
99,459,448.19
100,459,449.17
101,459,447.41
102,459,449.82
103,459,445.49
104,459,454.41
105,459,445.23
106,459,447.93
107,459,452
108,459,445.49
109,459,449.82
110,459,445.49
111,459,447.67
112,459,448.91
113,459,445.23
114,459,452.23
115,459,445.23
116,459,448.91
117,459,449.59
118,459,449.17
119,459,448.91
120,459,451.32
121,459,451.32
122,459,445.49
123,459,445.23
124,459,447.64
125,459,448.91
126,459,445.23
127,459,447.41
128,459,445.23
129,459,449.82
130,459,450.08
131,459,445.23
132,459,447.41
133,459,446.73
134,459,448.91
135,459,448.91
136,459,452.26
137,459,450.08
138,459,445.49
139,459,447.93
140,459,448.91
141,459,446.99
142,459,445.23
143,459,449.85
144,459,445.23
145,459,452.26
146,459,445.23
147,459,448.91
148,459,449.85
149,459,450.41
150,459,447.64
151,459,450.08
152,459,445.23
153,459,446.99
154,459,447.64
155,459,445.75
156,459,449.82
157,459,450.05
158,459,447.67
159,459,447.25
160,459,445.49
161,459,449.14
162,459,448.91
163,459,451.09
164,459,449.17
165,459,447.67
166,459,445.23
167,459,449.17
168,459,449.82
169,459,447.41
170,459,448.91
171,459,450.05
172,459,445.23
173,459,445.49
174,459,450.08
175,459,451.58
176,459,450.08
177,459,446.73
178,459,447.64
179,459,452.26
180,459,447.64
181,459,445.23
182,459,446.73
183,459,449.85
184,459,446.73
185,459,445.49
186,459,450.05
187,459,453.5
188,459,451.32
189,459,448.91
190,459,447.41
191,459,445.23
192,459,449.82
193,459,447.9
194,459,450.41
195,459,447.67
196,459,445.49
197,459,449.82
198,459,450.11
199,459,445.23
200,459,448.91
201,459,451.32
202,459,448.91
203,459,447.41
204,459,452.23
205,459,449.85
206,459,447.64
207,459,445.23
208,459,449.17
209,459,445.23
210,459,445.23
211,459,445.23
212,459,449.82
213,459,447.67
214,459,446.73
215,459,448.23
216,459,448.91
217,459,447.41
218,459,446.73
219,459,445.23
220,459,450.67
221,459,446.99
222,459,447.67
223,459,453.5
224,459,449.82
225,459,450.41
226,459,453.76
227,459,445.23
228,459,447.64
229,459,445.49
230,459,447.41
231,459,449.82
232,459,445.23
233,459,450.41
234,459,454.41
235,459,449.82
236,459,452.82
237,459,448.91
238,459,453.5
239,459,448.91
240,459,447.41
241,459,445.23
242,459,449.17
243,459,447.67
244,459,446.73
245,459,445.23
246,459,446.73
247,459,449.17
248,459,447.41
249,459,450.41
250,459,451.09
251,459,445.23
252,459,445.23
253,459,453.5
254,459,448.91
255,459,446.73
256,459,450.41
257,459,449.85
258,459,447.41
259,459,447.93
260,459,449.82
261,459,447.41
262,459,452
263,459,445.23
264,459,454.41
265,459,454.41
266,459,448.91
267,459,447.64
268,459,450.41
269,459,451.61
270,459,449.82
271,459,445.49
272,459,446.99
273,459,449.82
274,459,447.64
275,459,446.73
276,459,445.23
277,459,450.08
278,459,445.23
279,459,449.85
280,459,447.67
281,459,453.76
282,459,445.23
283,459,445.23
284,459,451.35
285,459,445.23
286,459,445.23
287,459,448.91
288,459,449.82
289,459,447.93
290,459,447.64
291,459,448.91
292,459,447.64
293,459,448.91
294,459,448.91
295,459,447.67
296,459,451.09
297,459,447.67
298,459,447.93
299,459,453.5
Population size,100
Crossover rate,0.22
Mutation rate,0.87
Random selection portion,0.03
Selection method,AForge.Genetic.EliteSelection
Diversity check,True
Iteration,FitnessMax,FitnessAvg
0,459,237.05
1,459,299.19
2,459,329.24
3,459,347.16
4,459,370.29
5,459,393.66
6,459,420.7
7,459,427.94
8,459,446.44
9,459,214.03
10,459,306.09
11,459,336.57
12,459,357.14
13,459,379.64
14,459,409.42
15,459,419.43
16,459,430.71
17,459,435.22
18,459,447.67
19,459,229.94
20,459,317.24
21,459,352.53
22,459,370.33
23,459,396.95
24,459,414.29
25,459,430.97
26,459,442.21
27,459,445.49
28,459,239.38
29,459,304.44
30,459,344.14
31,459,364.77
32,459,404.13
33,459,420.6
34,459,431.58
35,459,445.23
36,459,216.17
37,459,313.35
38,459,353.53
39,459,384.19
40,459,411.56
41,459,430.71
42,459,440.36
43,459,453.5
44,459,225.03
45,459,323.52
46,459,360.31
47,459,384.12
48,459,406.06
49,459,416.11
50,459,432.82
51,459,443.09
52,459,455.68
53,459,242.36
54,459,312.48
55,459,354.55
56,459,381.13
57,459,415.24
58,459,422.16
59,459,436.75
60,459,447.41
61,459,244.54
62,459,323.18
63,459,350.88
64,459,387.47
65,459,400.74
66,459,415.17
67,459,426.74
68,459,436.43
69,459,443.41
70,459,454.41
71,459,206.87
72,459,296.76
73,459,331.38
74,459,358.06
75,459,376.25
76,459,397.51
77,459,410.69
78,459,415.46
79,459,426.12
80,459,438.86
81,459,447.67
82,459,271.81
83,459,320.67
84,459,360.53
85,459,381.08
86,459,414.35
87,459,435.85
88,459,448.91
89,459,226.95
90,459,311.76
91,459,347.81
92,459,377.2
93,459,398.17
94,459,408.64
95,459,420.15
96,459,432.76
97,459,452
98,459,243.86
99,459,315.97
100,459,349.07
101,459,367.28
102,459,393.75
103,459,409.45
104,459,422.16
105,459,427.03
106,459,452
107,459,263.46
108,459,329.82
109,459,351.32
110,459,370.82
111,459,387.25
112,459,409.74
113,459,434.65
114,459,448.91
115,459,234.21
116,459,319.59
117,459,347.5
118,459,356.53
119,459,373.71
120,459,395.31
121,459,412.41
122,459,425.51
123,459,430.67
124,459,452.59
125,459,241.05
126,459,324.48
127,459,351.6
128,459,386.31
129,459,391.63
130,459,411.82
131,459,426.75
132,459,437.66
133,459,453.76
134,459,208.53
135,459,298.57
136,459,342.03
137,459,361.19
138,459,382.16
139,459,399.41
140,459,409.1
141,459,413.06
142,459,427.03
143,459,450.08
144,459,249.32
145,459,317.51
146,459,348.33
147,459,374.97
148,459,400.89
149,459,418.23
150,459,428.53
151,459,447.45
152,459,218.06
153,459,306.7
154,459,350.71
155,459,370.49
156,459,394.54
157,459,411.74
158,459,434.67
159,459,447.41
160,459,238.93
161,459,301.07
162,459,338.93
163,459,349.5
164,459,366.12
165,459,383.07
166,459,403.37
167,459,412.47
168,459,420.34
169,459,441.63
170,459,447.64
171,459,211.67
172,459,299.61
173,459,336.28
174,459,350.78
175,459,353.27
176,459,395.81
177,459,399.12
178,459,407.64
179,459,411.6
180,459,423.66
181,459,438.8
182,459,445.23
183,459,222.09
184,459,291.05
185,459,315.71
186,459,346.01
187,459,352.56
188,459,370.46
189,459,398.1
190,459,406.72
191,459,415.47
192,459,427.29
193,459,444.36
194,459,447.64
195,459,236.51
196,459,335.15
197,459,365.97
198,459,393.37
199,459,412.18
200,459,418.84
201,459,433.11
202,459,445.23
203,459,230.4
204,459,305.37
205,459,354.14
206,459,376.14
207,459,403.04
208,459,412.47
209,459,429.21
210,459,447.68
211,459,225.14
212,459,289.61
213,459,331.28
214,459,352.63
215,459,374.54
216,459,388.99
217,459,401.81
218,459,413.78
219,459,422.16
220,459,434.31
221,459,445.23
222,459,225.68
223,459,299.97
224,459,338.24
225,459,353.43
226,459,378.65
227,459,412.15
228,459,426.2
229,459,429.12
230,459,446.54
231,459,204.02
232,459,300.74
233,459,335.75
234,459,349.72
235,459,370.42
236,459,394.15
237,459,411.64
238,459,414.69
239,459,424.66
240,459,441.01
241,459,445.23
242,459,212.59
243,459,303.82
244,459,345.63
245,459,380.25
246,459,410.39
247,459,429.76
248,459,452
249,459,238.16
250,459,320.37
251,459,355.82
252,459,367.96
253,459,390.74
254,459,423.35
255,459,435.22
256,459,445.85
257,459,228.77
258,459,308.68
259,459,342.26
260,459,359.66
261,459,368.91
262,459,382.41
263,459,398.96
264,459,411.24
265,459,426.2
266,459,434.9
267,459,448.91
268,459,220.34
269,459,300.6
270,459,348.92
271,459,369.03
272,459,400.77
273,459,423.79
274,459,430.12
275,459,445.23
276,459,202.06
277,459,305.3
278,459,361.87
279,459,391.27
280,459,426.92
281,459,447.64
282,459,232.12
283,459,322.48
284,459,368.17
285,459,379.98
286,459,403.41
287,459,414.04
288,459,421.28
289,459,436.17
290,459,445.27
291,459,286.71
292,459,351.26
293,459,362.06
294,459,382.04
295,459,413.38
296,459,431.29
297,459,444.62
298,459,447.41
299,459,227.2
Population size,100
Crossover rate,0.22
Mutation rate,0.87
Random selection portion,0.03
Selection method,AForge.Genetic.EliteSelection
Diversity check,True
Iteration,FitnessMax,FitnessAvg
0,459,205.9
1,459,304.44
2,459,332.72
3,459,353.93
4,459,368.7
5,459,381.97
6,459,414.88
7,459,427.07
8,459,445.23
9,459,204
10,459,282.18
11,459,337.11
12,459,358.1
13,459,377.2
14,459,387.08
15,459,418.3
16,459,423.75
17,459,437.3
18,459,446.73
19,459,217.12
20,459,300.97
21,459,324.53
22,459,338.42
23,459,351.37
24,459,380.79
25,459,395.8
26,459,398.53
27,459,410.4
28,459,420.41
29,459,428.3
30,459,437.4
31,459,449.4
32,459,193.58
33,459,290.15
34,459,318.36
35,459,359.62
36,459,389.39
37,459,414.29
38,459,430.12
39,459,438.86
40,459,445.23
41,459,247.64
42,459,317.18
43,459,345.29
44,459,362.9
45,459,398.62
46,459,405.12
47,459,418.27
48,459,427.36
49,459,442.8
Population size,100
Crossover rate,0.22
Mutation rate,0.87
Random selection portion,0.03
Selection method,AForge.Genetic.EliteSelection
Diversity check,True
Iteration,FitnessMax,FitnessAvg
0,459,216.08
1,459,306.29
2,459,352.46
3,459,373.36
4,459,390.32
5,459,411.83
6,459,420.66
7,459,441.3
8,459,449.14
9,459,211.56
10,459,299.85
11,459,342.22
12,459,368.68
13,459,383.52
14,459,402.53
15,459,407.6
16,459,416.73
17,459,427.3
18,459,437.99
19,459,445.49
20,459,218.51
21,459,304.34
22,459,348.52
23,459,371.07
24,459,391.02
25,459,417.69
26,459,422.56
27,459,437.63
28,459,445.23
29,459,218.83
