Population size,100
Crossover rate,0.66
Mutation rate,0.34
Random selection portion,0.03
Selection method,AForge.Genetic.RouletteWheelSelection
Diversity check,False
Iteration,FitnessMax,FitnessAvg
0,3439,2415.91
1,3656,2456.18
2,3656,2515.73
3,3656,2567.16
4,3439,2690.36
5,3439,2696.02
6,3355,2780.06
7,3443,2757.2
8,3443,2772.63
9,3443,2762.81
10,3355,2760.99
11,3357,2810.36
12,3388,2804.52
13,3483,2799.5
14,3483,2858.52
15,3483,2859.69
16,3483,2875.03
17,3565,2875.77
18,3596,2927.29
19,3565,2946.56
20,3612,2949.97
21,3565,2925.66
22,3595,2987.87
23,3595,2929.35
24,3621,2997.1
25,3476,3020.78
26,3669,3027.62
27,3669,3011.16
28,3669,2997.53
29,3669,2997.21
30,3554,3004.83
31,3554,3050.44
32,3554,3042.8
33,3601,2995.55
34,3554,3001.02
35,3494,3010.25
36,3680,3023.42
37,3680,2979.93
38,3479,2900.43
39,3479,2903.11
40,3455,2931.78
41,3546,2897.44
42,3682,2913.34
43,3556,2807.76
44,3488,2843.6
45,3373,2783.73
46,3373,2766.12
47,3454,2784.87
48,3609,2717.86
49,3609,2748.92
50,3572,2750.03
51,3625,2819.46
52,3625,2868.09
53,3508,2830.83
54,3508,2792.37
55,3516,2788.97
56,3544,2808.11
57,3516,2867.97
58,3516,2877.84
59,3605,2884.85
60,3605,2964.6
61,3615,2985.52
62,3722,3035.07
63,3634,3036.08
64,3748,3117.49
65,3760,3122.08
66,3760,3065.68
67,3760,3038.99
68,3760,3071.04
69,3760,3036.31
70,3836,3090.95
71,3760,3063.31
72,3760,3044.37
73,3790,3103.23
74,3741,3093.42
75,3806,3101.24
76,3741,3130.61
77,3741,3155.99
78,3724,3078.52
79,3775,3127.56
80,3814,3130.18
81,3775,3112.73
82,3874,3211.82
83,3874,3193.87
84,3874,3199.35
85,3874,3207.9
86,3874,3246.13
87,3852,3274.23
88,3811,3201.02
89,3811,3135.76
90,3810,3214.98
91,3872,3276.44
92,3923,3289.56
93,3836,3290.88
94,3871,3273.7
95,3810,3284.48
96,3810,3359.51
97,3800,3319.87
98,3810,3313.75
99,3810,3296.87
100,3810,3279.92
101,3887,3302.93
102,3887,3316.31
103,3810,3289.33
104,3788,3231.33
105,3934,3211.31
106,3953,3280.37
107,3953,3248.23
108,3771,3261.86
109,3748,3222.7
110,3833,3202.48
111,3833,3213.45
112,3934,3328.88
113,3818,3358.53
114,3799,3329.27
115,3847,3389.51
116,3856,3358.6
117,3915,3373.86
118,3856,3251.02
119,3846,3299.53
120,3846,3293.63
121,3871,3349.11
122,3871,3362.15
123,3881,3329.31
124,3828,3288.95
125,3888,3281.6
126,3888,3288.83
127,3888,3259.74
128,3865,3194.46
129,3803,3183.73
130,3898,3212.19
131,3898,3232.62
132,3898,3194.16
133,3898,3277.83
134,3898,3330.85
135,3898,3379.19
136,3898,3386.92
137,3898,3377.46
138,3898,3395.6
139,3848,3422.7
140,3914,3404.11
141,3914,3378.12
142,3914,3399.35
143,3931,3402.72
144,3947,3429.44
145,4000,3462.41
146,3858,3400.08
147,3960,3392.22
148,4006,3360.73
149,3960,3402.47
150,3989,3359.07
151,3872,3346.48
152,3898,3378.78
153,3842,3393.2
154,3901,3388.3
155,3901,3334.84
156,3944,3466.56
157,3915,3480.48
158,3915,3475.38
159,3919,3433.33
160,3919,3432.28
161,3911,3503.79
162,3911,3478.82
163,3911,3418.76
164,3911,3417.97
165,3978,3500.59
166,3978,3429.56
167,3978,3412.03
168,3978,3416.88
169,3978,3382.59
170,3978,3350.7
171,3941,3354.31
172,4001,3290.04
173,4001,3359.2
174,4001,3397.05
175,4001,3362.87
176,4001,3323.97
177,3903,3407.7
178,3903,3406.07
179,3903,3421.55
180,3972,3425.12
181,4036,3441.7
182,4036,3361.72
183,4035,3460.95
184,3903,3310.53
185,4001,3349.62
186,3903,3374.92
187,3903,3390.54
188,3914,3348.44
189,3903,3392.52
190,3929,3325.34
191,3916,3317.73
192,3942,3322.29
193,3917,3291.44
194,3917,3322.71
195,3917,3317.83
196,3917,3383.96
197,3927,3386.86
198,3992,3374.24
199,3993,3361.08
200,3901,3350.18
201,3901,3356.33
202,3901,3340.11
203,3901,3363.82
204,4075,3366.79
205,3814,3315.43
206,3928,3334.95
207,3859,3265.9
208,4025,3281.78
209,4025,3351.35
210,4025,3368.76
211,4025,3354.08
212,4025,3375.72
213,4025,3400.35
214,3957,3475.24
215,4018,3475.69
216,4018,3475.79
217,4025,3494.71
218,4018,3423.09
219,3995,3385.59
220,4005,3373.06
221,3979,3398.92
222,3979,3374.66
223,3994,3431.95
224,4025,3452.37
225,4006,3422.84
226,4006,3457.01
227,4094,3437.1
228,3989,3509.09
229,3989,3501.76
230,4020,3465.52
231,4020,3520.02
232,4020,3521.71
233,4027,3483.56
234,4071,3524.12
235,4032,3533.67
236,4008,3554.94
237,4066,3562.48
238,4056,3608.77
239,4018,3548.68
240,4093,3503.34
241,4093,3547.33
242,4075,3548.85
243,4052,3535.99
244,4108,3577.55
245,4108,3576.05
246,4108,3595.93
247,4076,3522.95
248,4038,3565.15
249,4043,3544.29
250,4065,3580.66
251,4065,3608.35
252,4108,3536.75
253,4065,3605.32
254,4065,3527.34
255,4137,3432.91
256,4194,3409.75
257,4053,3408.86
258,4053,3432.33
259,4053,3405.59
260,4053,3361.55
261,4053,3385.62
262,4053,3479.95
263,4053,3564.69
264,4053,3554.77
265,4053,3621.27
266,4053,3566.8
267,4053,3567.84
268,4026,3517.99
269,4042,3491.82
270,4026,3524.45
271,4053,3444.82
272,4053,3406.33
273,4053,3363.07
274,4053,3331.94
275,4053,3369.7
276,4053,3441.64
277,4053,3425.52
278,4053,3351.98
279,4053,3347.57
280,3904,3333.01
281,3922,3302.12
282,3918,3301.45
283,3972,3265.02
284,3975,3301.11
285,4000,3391.14
286,3975,3357.43
287,3971,3344.45
288,3971,3285.43
289,3971,3314.79
290,3844,3251.43
291,3844,3247.25
292,3852,3175.29
293,3910,3243.75
294,3910,3196.91
295,3910,3205.09
296,3910,3171.66
297,3910,3274.13
298,3925,3238.12
299,3787,3222.71
Population size,100
Crossover rate,0.66
Mutation rate,0.34
Random selection portion,0.03
Selection method,AForge.Genetic.RouletteWheelSelection
Diversity check,True
Iteration,FitnessMax,FitnessAvg
0,3209,2353.03
1,3195,2460.08
2,3484,2527.75
3,3484,2528.52
4,3484,2508
5,3424,2605.81
6,3681,2646.44
7,3681,2667.61
8,3717,2675.48
9,3178,2696
10,3392,2736.67
11,3274,2676.29
12,3310,2775.92
13,3354,2810.23
14,3354,2799.83
15,3500,2760.66
16,3345,2783.18
17,3430,2847.66
18,3402,2846.87
19,3345,2882.11
20,3345,2878.84
21,3345,2845.81
22,3360,2835.18
23,3452,2848.67
24,3550,2767.95
25,3550,2814.84
26,3519,2830.25
27,3528,2807.11
28,3528,2818.7
29,3528,2835.54
30,3538,2847.1
31,3538,2836.38
32,3538,2822.54
33,3566,2858.86
34,3566,2804.7
35,3566,2846.44
36,3566,2792.05
37,3588,2832.52
38,3593,2813.91
39,3313,2821.13
40,3509,2830.55
41,3499,2838.86
42,3499,2837.9
43,3499,2843.53
44,3499,2880.99
45,3752,2942.84
46,3752,2994.07
47,3843,3004.04
48,3843,3000.68
49,3830,3072.32
50,3899,3155.86
51,3843,3146.69
52,3843,3140.7
53,3843,3117.23
54,3835,3098.09
55,3911,3090.52
56,3835,3132.44
57,3835,3198.9
58,3835,3195.25
59,3835,3219.8
60,3835,3196.25
61,3835,3243.8
62,3835,3277.76
63,3835,3302.99
64,3835,3304
65,3842,3233.83
66,3818,3247.19
67,3687,3264.76
68,3751,3313.16
69,3667,3268.54
70,3744,3227.88
71,3837,3195
72,3837,3165.54
73,3735,3172.94
74,3735,3153.54
75,3682,3146.75
76,3720,3133.09
77,3761,3182.55
78,3695,3191.36
79,3700,3129.8
80,3746,3119.74
81,3569,3079.91
82,3822,3094.94
83,3753,3068.65
84,3594,3036.6
85,3594,3014.76
86,3594,2983.81
87,3594,3063.43
88,3778,3048.04
89,3778,2921.13
90,3617,3015.28
91,3553,2993.18
92,3553,2937.49
93,3553,2959.01
94,3635,2919.78
95,3635,2914.28
96,3711,3043
97,3734,3127.7
98,3734,3076.89
99,3734,3070.85
100,3734,3057.42
101,3734,3054.82
102,3744,3081.47
103,3744,3007.73
104,3734,3088.58
105,3734,3092.86
106,3734,3121.48
107,3718,3190.51
108,3754,3093.2
109,3788,3179.26
110,3788,3154.81
111,3941,3177.9
112,3941,3215.05
113,3941,3209.57
114,3910,3303.4
115,3910,3282.72
116,3910,3271.29
117,3952,3229.22
118,3829,3295.01
119,3829,3309.91
120,4001,3305.84
121,3928,3300.96
122,3792,3298.71
123,3957,3339.89
124,3973,3347.66
125,3965,3307.33
126,3965,3276.34
127,3979,3277.35
128,3979,3316.76
129,3851,3243.02
130,3958,3239.13
131,3853,3229.61
132,3826,3222.1
133,3826,3296.03
134,3833,3251.88
135,3833,3275.4
136,3859,3277.11
137,3783,3312.11
138,3825,3310.59
139,3860,3241.67
140,3860,3219.88
141,3831,3213.06
142,3831,3201.75
143,3838,3240.2
144,3937,3304.7
145,3937,3255.02
146,3937,3294.13
147,3914,3320.81
148,3824,3234.78
149,3824,3272.5
150,3949,3255.59
151,3949,3305.75
152,3830,3345.41
153,3940,3316.36
154,3940,3334.05
155,3933,3342.72
156,3933,3321.93
157,3933,3331.96
158,3992,3350.62
159,3917,3359.26
160,3917,3355.41
161,4065,3318.19
162,3917,3366.48
163,3917,3323.45
164,3969,3341.49
165,3917,3322.16
166,3993,3293.61
167,3917,3252.96
168,3917,3262.26
169,3974,3380.05
170,3974,3344.67
171,3943,3378.13
172,3943,3475.2
173,3993,3494.79
174,3993,3413.9
175,3993,3378.02
176,4062,3395.73
177,4062,3465.31
178,4062,3439.65
179,3918,3396.53
180,3961,3404.41
181,3958,3343.25
182,3958,3441.04
183,3958,3430.29
184,3817,3411.42
185,3920,3407.6
186,3920,3412.43
187,3920,3368.82
188,3920,3375.85
189,3859,3415.09
190,3859,3373.59
191,3859,3355.37
192,3812,3363.88
193,3812,3367.37
194,3957,3333.38
195,3852,3270.35
196,3843,3186.21
197,3747,3304.69
198,3805,3273.23
199,3782,3237.09
200,3782,3259.24
201,3901,3289.65
202,3901,3276.24
203,3793,3239.27
204,3793,3246.73
205,3793,3243.38
206,3793,3285.66
207,3707,3219.45
208,3707,3181.29
209,3755,3255.53
210,3769,3278.78
211,3769,3306.33
212,3648,3260.47
213,3749,3231.03
214,3761,3203.17
215,3877,3277.02
216,3832,3360.7
217,4022,3367.38
218,4022,3308.74
219,3905,3394.24
220,3905,3397.79
221,3905,3301.18
222,3873,3339.3
223,3802,3331.27
224,3835,3294.55
225,3789,3315.33
226,3936,3341.54
227,3801,3278.94
228,3772,3306.99
229,3772,3296.2
230,3779,3238.85
231,3851,3325.77
232,3902,3320.33
233,3902,3292.49
234,3902,3329.85
235,3902,3326.18
236,3902,3375.46
237,3902,3386.9
238,3945,3415.93
239,3935,3390.09
240,3935,3317.87
241,3945,3334.49
242,3935,3303.86
243,3869,3327.82
244,3848,3338.98
245,3897,3318.19
246,3956,3257.93
247,3878,3294.82
248,3833,3336.9
249,3955,3284.67
250,3955,3295.83
251,3864,3345.84
252,3889,3279.2
253,3889,3294.64
254,3955,3265.25
255,3969,3286.95
256,3969,3297.12
257,3996,3319.31
258,4053,3307.61
259,4053,3408.43
260,4053,3437.77
261,3969,3357.57
262,3840,3323.54
263,3840,3282.87
264,3782,3255.75
265,3762,3298.63
266,3718,3294.72
267,3718,3241.31
268,3875,3282.39
269,3752,3311.74
270,3815,3272.26
271,3830,3236.29
272,3913,3253.06
273,3913,3228.03
274,4029,3340.16
275,3953,3345.47
276,3913,3314.1
277,3913,3289.47
278,3830,3214.94
279,3830,3166.45
280,3747,3204.39
281,3841,3187.15
282,3793,3222.56
283,3793,3206.48
284,3793,3201.27
285,3793,3177.25
286,3783,3192.81
287,3783,3253.25
288,3790,3279.3
289,3881,3214.95
290,3984,3185.58
291,3918,3106.18
292,3995,3108.37
293,4020,3127.71
294,3929,3179.4
295,3929,3254.07
296,3899,3205.51
297,3899,3228.65
298,3796,3285.73
299,3927,3347.55
Population size,100
Crossover rate,0.51
Mutation rate,0.79
Random selection portion,0.03
Selection method,AForge.Genetic.RankSelection
Diversity check,True
Iteration,FitnessMax,FitnessAvg
0,3168,2576.86
1,3168,2732.4
2,3438,2884.78
3,3563,2976.96
4,3717,3097.94
5,3717,3140.92
6,4038,3331.39
7,4038,3426.54
8,4038,3550.37
9,4038,3599.44
10,4028,3632.82
11,4120,3774.83
12,4120,3828.71
13,4120,3861.41
14,4120,3837.13
15,4120,3842.96
16,4130,3886.2
17,4130,3845.21
18,4130,3897.55
19,4130,3952.04
20,4161,3941.49
21,4161,3874.46
22,4176,3875.21
23,4176,3918.98
24,4161,3819.55
25,4161,3989.86
26,4183,3990.38
27,4161,3893.57
28,4176,3797.73
29,4176,3958.38
30,4176,3960.05
31,4161,3990.3
32,4161,3931.96
33,4171,3955.75
34,4171,3956.7
35,4161,4002.71
36,4164,4028.22
37,4164,3991.95
38,4164,4012.23
39,4176,3944.84
40,4176,4046.47
41,4174,3961.5
42,4174,3942.27
43,4174,4017.37
44,4164,3920.99
45,4174,3993.72
46,4174,3889.55
47,4174,3930.35
48,4174,4046.89
49,4174,4004.12
50,4174,3968.52
51,4174,3955.27
52,4174,4039.09
53,4174,4089.59
54,4174,2564.99
55,3945,2720.14
56,3945,2848.93
57,4004,3076.13
58,4004,3252.26
59,4067,3395.97
60,4067,3551.9
61,4067,3657.02
62,4067,3756.69
63,4029,3717.19
64,4082,3763.24
65,4059,3858.72
66,4082,3821.67
67,4098,3812.73
68,4098,3892.38
69,4105,3855.29
70,4120,3907.54
71,4105,3874.35
72,4120,3919.88
73,4121,3941.6
74,4120,3810.18
75,4120,3890.53
76,4120,3944.4
77,4120,3951.14
78,4120,3861.09
79,4120,3942.29
80,4129,3964.03
81,4120,3996.66
82,4120,2588.54
83,4120,2876.63
84,4120,3080.96
85,4120,3197.86
86,4120,3297.99
87,4120,3455.07
88,4120,3656.6
89,4094,3746.02
90,4090,3816.53
91,4136,3893.94
92,4136,3843.71
93,4136,3855.07
94,4136,3880.4
95,4191,3965.48
96,4191,3901.53
97,4191,3989.02
98,4191,3955.41
99,4191,3941.65
100,4201,3872.76
101,4201,3908.38
102,4201,3923.61
103,4201,3961.26
104,4201,4020.85
105,4201,4019.8
106,4201,4017.07
107,4201,3938.35
108,4201,3966.66
109,4201,4052.53
110,4201,4004.16
111,4201,4030.21
112,4201,3996.53
113,4201,3993.34
114,4201,3972.72
115,4204,4040.12
116,4201,4083
117,4201,2516.27
118,4191,2730.46
119,4191,2904.99
120,4191,3016.35
121,4191,3190.11
122,4201,3300.54
123,4201,3378.1
124,4201,3502.06
125,4135,3576.67
126,4136,3693.92
127,4204,3758.13
128,4204,3844.54
129,4204,3882.23
130,4204,3928.12
131,4204,3878.91
132,4204,3934.14
133,4204,3953.52
134,4204,3982.98
135,4204,4051.19
136,4204,3967.2
137,4204,4027.44
138,4220,3976.11
139,4220,3923.15
140,4214,4056.09
141,4220,3965.05
142,4214,3969.62
143,4214,3954.03
144,4214,3954.37
145,4214,4021.2
146,4214,4054.73
147,4214,4019.41
148,4214,4076.65
149,4214,4012.1
150,4214,3979.76
151,4214,4075.89
152,4214,4076.69
153,4214,4124.14
154,4214,2516.15
155,4214,2735.95
156,4214,2853.55
157,4059,2988.95
158,3607,3016.76
159,3607,3109.2
160,3633,3196.67
161,3868,3292.04
162,3973,3310.44
163,3973,3444.64
164,3973,3553.19
165,4030,3602.49
166,4030,3712.37
167,4047,3769.32
168,4073,3813.32
169,4085,3836.26
170,4102,3864.06
171,4112,3893.03
172,4138,3820.54
173,4138,3856.71
174,4161,3894.18
175,4192,3919.2
176,4148,3975.03
177,4148,3928.34
178,4148,3973.61
179,4148,3917.47
180,4148,3925.58
181,4148,3939.02
182,4148,3901.93
183,4148,3946.02
184,4128,3929.77
185,4158,3979.52
186,4158,3984.53
187,4158,3895.36
188,4158,3908.89
189,4128,3941.29
190,4128,3881.56
191,4108,3934.52
192,4108,3967.04
193,4108,3958.35
194,4132,3922.85
195,4132,3947.68
196,4151,3903.32
197,4161,3995.57
198,4161,3965.48
199,4151,3932.63
200,4151,3962.79
201,4161,3907.12
202,4151,3752.95
203,4151,3887.3
204,4151,4007.69
205,4151,4003.41
206,4151,3945.05
207,4151,3984.81
208,4151,3912.26
209,4151,3833.1
210,4151,3941.33
211,4151,3941.18
212,4151,3981.97
213,4156,3960.78
214,4158,3970.93
215,4158,3989.3
216,4158,4007.64
217,4158,3903.68
218,4158,4024.03
219,4158,3975.32
220,4158,3948.87
221,4158,4051.71
222,3294,2578.25
223,3294,2744.33
224,3404,2818.26
225,3404,2937.87
226,3471,2952.13
227,3535,3028.29
228,3449,3077.44
229,3700,3151.58
230,3800,3247.03
231,3800,3295.86
232,3800,3298.27
233,3856,3367.8
234,3856,3380.69
235,3856,3442.52
236,3879,3404.36
237,3879,3456.44
238,3920,3470.87
239,3920,3581.89
240,3920,3589.49
241,3920,3623.79
242,3920,3637.37
243,3920,3671.47
244,3976,3594.81
245,3976,3735.43
246,3976,3757.59
247,3976,3730.4
248,3976,3742.94
249,3976,3702.13
250,3976,3702.59
251,3960,3736.7
252,3982,3796.96
253,4083,3774.29
254,4083,3808.86
255,4027,3714.13
256,4087,3675.39
257,4087,3797.53
258,4149,3763.97
259,4146,3817.21
260,4149,3877.58
261,4149,3889.14
262,4149,3886.99
263,4149,3924.38
264,4159,3879.15
265,4149,3948.05
266,4149,3914.12
267,4149,3900.15
268,4149,3883.86
269,4159,3989.9
270,4159,3993.85
271,4209,3938.25
272,4209,4004.8
273,4209,3902.49
274,4209,3930.65
275,4160,3985.71
276,4160,3995.2
277,4159,3977.38
278,4159,3926.98
279,4209,4058.18
280,4209,3995.1
281,4209,4059
282,4209,3908.57
283,4209,4021.89
284,4209,3974.28
285,4209,4008.26
286,4209,4060.28
287,4209,4057.84
288,4209,4060.33
289,4209,3954.66
290,4209,3881.15
291,4209,3831.31
292,4209,3929.61
293,4209,3980.53
294,4209,3974.97
295,4209,4033.92
296,4209,4066.08
297,4209,4066.45
298,4209,3964.01
299,4209,3961.87
Population size,100
Crossover rate,0.51
Mutation rate,0.79
Random selection portion,0.03
Selection method,AForge.Genetic.RankSelection
Diversity check,False
Iteration,FitnessMax,FitnessAvg
0,3571,2605.13
1,3512,2741.07
2,3535,2882.98
3,3486,2970.6
4,3486,3040.69
5,3595,3137.01
6,3792,3225.97
7,3792,3273.94
8,3792,3371.99
9,3850,3395.76
10,3850,3494.71
11,3850,3481.53
12,3850,3518.87
13,3906,3565.36
14,3934,3620.44
15,3932,3571.26
16,3956,3718.93
17,4015,3745.23
18,4015,3776.4
19,4015,3742.14
20,4016,3771.96
21,4013,3753.15
22,4039,3713.32
23,4049,3787.8
24,4064,3771.24
25,4096,3784.24
26,4096,3763.87
27,4096,3874.87
28,4106,3865.73
29,4106,3888.84
30,4106,3837.76
31,4106,3769.18
32,4106,3880.9
33,4106,3916.85
34,4106,3911.96
35,4114,3850.46
36,4158,3929.16
37,4158,3965.11
38,4158,3927.95
39,4158,3969.21
40,4158,3976.58
41,4158,3994.13
42,4158,3916.65
43,4158,3916.65
44,4158,3886.44
45,4168,3827.25
46,4168,3903.71
47,4168,3872.57
48,4168,3939.18
49,4168,3965.77
50,4168,4015.58
51,4168,3897.83
52,4168,3904.33
53,4168,3935.42
54,4168,4054.68
55,4168,3971.48
56,4168,3974
57,4168,3991.73
58,4168,4000.68
59,4168,4059.84
60,4168,4057.86
61,4173,3927.67
62,4168,4001.83
63,4168,4042.02
64,4168,4013.64
65,4168,3997.11
66,4168,4035.73
67,4168,4022.66
68,4168,3999.59
69,4168,4015.65
70,4168,4054.8
71,4168,4027.36
72,4168,4030.57
73,4168,4059.54
74,4168,4054.26
75,4168,4053.45
76,4168,4062.06
77,4168,4052.54
78,4168,4096.17
79,4168,4068.76
80,4168,4095.86
81,4168,3997.67
82,4168,4021.13
83,4168,4079.21
84,4168,4069.61
85,4168,3948.49
86,4168,3950.13
87,4168,3987.61
88,4168,4001.36
89,4168,4045.33
90,4168,4054.62
91,4168,4029.84
92,4168,4055.48
93,4168,4025.58
94,4168,4005.72
95,4168,3981.74
96,4168,3999.41
97,4168,4023.53
98,4168,3985.43
99,4168,4015.35
100,4168,4054.02
101,4168,4084.44
102,4168,4059.4
103,4168,4034.31
104,4168,4002.42
105,4168,4028.48
106,4168,4049.49
107,4168,4030.65
108,4168,4039.55
109,4168,4062.98
110,4168,3959.71
111,4168,3959.66
112,4168,4080.66
113,4168,4046.3
114,4168,4092.88
115,4168,4006.4
116,4168,4038.67
117,4168,3929.41
118,4168,4033.39
119,4168,4096.46
120,4168,4058.44
121,4168,4008.23
122,4168,3987.76
123,4168,4049.49
124,4168,4004.27
125,4168,4073.63
126,4168,3980.07
127,4168,4068.2
128,4168,4033.43
129,4168,3920.62
130,4168,4020.48
131,4168,4023.95
132,4168,4059.49
133,4168,4061.52
134,4168,4058.58
135,4168,4049.6
136,4168,4069.7
137,4168,4021.75
138,4168,4061.61
139,4168,4086.93
140,4168,3970.57
141,4168,4038.15
142,4168,4093.82
143,4168,3995.31
144,4168,3910.07
145,4168,4051.12
146,4168,4006.41
147,4168,4008.02
148,4168,3976.33
149,4168,4040.12
150,4168,3952.06
151,4168,4043.71
152,4168,4035.42
153,4168,4009.06
154,4168,3984.35
155,4168,3997.7
156,4168,3905.51
157,4168,3979.67
158,4168,4037.99
159,4168,4089.07
160,4168,4017.34
161,4168,3929.65
162,4230,3927.93
163,4230,3988.13
164,4168,4064.96
165,4168,4072.77
166,4168,4048.73
167,4168,4041.86
168,4168,4012.86
169,4168,4085.86
170,4168,3998.99
171,4168,4008.89
172,4168,3992.08
173,4168,4069.28
174,4168,4004.5
175,4168,3978.84
176,4168,4003.59
177,4168,4038.04
178,4168,4014.95
179,4168,4013.12
180,4168,4038.26
181,4168,4079.98
182,4168,4031.71
183,4168,4100.14
184,4168,3950.66
185,4168,4042.26
186,4168,4022.29
187,4168,4044.94
188,4168,3968.04
189,4168,3994.7
190,4168,4056.02
191,4168,4001.98
192,4168,4045.64
193,4168,4085.57
194,4168,3983.14
195,4168,3930.8
196,4168,4068.14
197,4168,4028.68
198,4168,3970.5
199,4168,3996.23
200,4168,4029.6
201,4168,4063.86
202,4168,4095.09
203,4168,4005.69
204,4168,4031.05
205,4168,4052.09
206,4168,3995.08
207,4168,4047.24
208,4168,4057.56
209,4168,3990.94
210,4168,3971.6
211,4168,4053.3
212,4168,4055.48
213,4168,4002.97
214,4168,4015.97
215,4168,4050.94
216,4168,4074.51
217,4168,4072.2
218,4168,4026.44
219,4168,4079.12
220,4168,4087.58
221,4168,3992.74
222,4168,4002.82
223,4168,4061.15
224,4168,4026.9
225,4168,4042.04
226,4168,4040.21
227,4168,4049.26
228,4168,4033.21
229,4168,3926.37
230,4168,4001.55
231,4168,4035.58
232,4168,4081.91
233,4168,4083.83
234,4211,4067.01
235,4168,4062.66
236,4168,4057.12
237,4168,4082.29
238,4168,4017.14
239,4168,3891.43
240,4168,4040.41
241,4168,4004.88
242,4173,3988.68
243,4173,4003.63
244,4173,4091.95
245,4173,4081.45
246,4173,4018.5
247,4173,4016.37
248,4168,4076.29
249,4168,4084.3
250,4168,4064.89
251,4168,4066.8
252,4168,4073.61
253,4168,4049.78
254,4168,4027.71
255,4168,4037.75
256,4168,4074.93
257,4168,4035.01
258,4168,3912.69
259,4168,3986.94
260,4168,4025.7
261,4168,3981.72
262,4168,3994.88
263,4168,4028.14
264,4168,3964.26
265,4168,4049.53
266,4168,4020.89
267,4168,3970.91
268,4168,4042.13
269,4211,4007.09
270,4168,3992.18
271,4168,4056.93
272,4168,4036.98
273,4168,3944.74
274,4168,4044.81
275,4168,4054.96
276,4168,4093.89
277,4168,4081.36
278,4168,4057.29
279,4168,3973
280,4168,4029.93
281,4168,4064.26
282,4168,4055.02
283,4168,3979.44
284,4168,4019.9
285,4168,4021.7
286,4168,3965.88
287,4168,4021.62
288,4168,3976.23
289,4168,3948.22
290,4168,3981.66
291,4168,3989.19
292,4168,4045.48
293,4168,4011.07
294,4168,4031.54
295,4168,3991.65
296,4168,4001.44
297,4168,4062.75
298,4168,4052.31
299,4168,4037.53
Population size,100
Crossover rate,0.22
Mutation rate,0.87
Random selection portion,0.03
Selection method,AForge.Genetic.EliteSelection
Diversity check,False
Iteration,FitnessMax,FitnessAvg
0,3204,2671.86
1,3388,2835.71
2,3474,2956.38
3,3513,3099.97
4,3589,3187.64
5,3744,3291.36
6,3744,3366.83
7,3839,3441.8
8,3908,3540.21
9,4007,3620.33
10,4047,3686.26
11,4098,3756.82
12,4098,3806.78
13,4129,3843.19
14,4129,3892.58
15,4129,3922.6
16,4129,3946.31
17,4139,3934.58
18,4139,3979.1
19,4139,4001.19
20,4139,4011.13
21,4139,4014.34
22,4139,4034.76
23,4139,4033.71
24,4139,4042.73
25,4148,4039.08
26,4148,4059.5
27,4148,4063.62
28,4148,4071.39
29,4156,4069.82
30,4156,4084.41
31,4156,4097.22
32,4156,4079.72
33,4156,4078.74
34,4156,4082
35,4156,4084.49
36,4156,4090.93
37,4156,4066.14
38,4156,4071.48
39,4166,4096.3
40,4166,4100.44
41,4166,4073.58
42,4166,4102.25
43,4166,4099.96
44,4166,4114.57
45,4166,4095.96
46,4166,4128.45
47,4166,4086.35
48,4166,4100.2
49,4166,4095.94
50,4166,4105.58
51,4166,4102.34
52,4166,4116.19
53,4166,4125.03
54,4166,4106.82
55,4166,4110.47
56,4166,4106.99
57,4166,4099.84
58,4166,4116.82
59,4166,4119.19
60,4166,4089.57
61,4166,4114.12
62,4166,4108.67
63,4166,4119.74
64,4166,4118.34
65,4166,4088.55
66,4166,4100.89
67,4166,4106.56
68,4166,4117.71
69,4166,4107.35
70,4166,4110.09
71,4166,4117.04
72,4166,4118.5
73,4166,4096.73
74,4166,4117.02
75,4166,4090.32
76,4166,4121.35
77,4166,4117.04
78,4166,4110.65
79,4166,4109.77
80,4166,4126.19
81,4166,4128.33
82,4166,4112.76
83,4166,4119.7
84,4166,4122.69
85,4166,4119.88
86,4166,4108.83
87,4166,4100.91
88,4166,4119.48
89,4166,4110.29
90,4166,4115.5
91,4166,4105.26
92,4166,4110.56
93,4166,4108.89
94,4166,4104.57
95,4166,4109.05
96,4166,4116.85
97,4166,4108.59
98,4166,4121.56
99,4166,4113.29
100,4166,4108.84
101,4166,4104.64
102,4166,4123.81
103,4166,4119.52
104,4166,4100.86
105,4166,4116.81
106,4166,4113.58
107,4166,4117.89
108,4166,4116.34
109,4166,4112.05
110,4166,4099.81
111,4166,4111.52
112,4166,4116.81
113,4166,4123.26
114,4166,4078.07
115,4166,4091.39
116,4166,4107.16
117,4166,4117.66
118,4166,4108.35
119,4166,4111.53
120,4166,4113.08
121,4166,4103.18
122,4166,4099.41
123,4166,4103.87
124,4166,4099.12
125,4166,4110.74
126,4166,4103.93
127,4166,4119.55
128,4166,4125.35
129,4166,4109.89
130,4166,4111.66
131,4166,4123.94
132,4166,4105.93
133,4166,4112.53
134,4166,4117.2
135,4166,4116.05
136,4166,4116.99
137,4166,4116.06
138,4166,4114.66
139,4166,4112.98
140,4166,4103.16
141,4166,4112.3
142,4166,4117.82
143,4166,4122.88
144,4166,4109.54
145,4166,4121.49
146,4166,4118.83
147,4166,4118.06
148,4166,4116.84
149,4166,4087.02
150,4166,4081.62
151,4166,4094.05
152,4166,4111.73
153,4166,4106.9
154,4166,4123.94
155,4166,4121.5
156,4166,4104.4
157,4166,4104.15
158,4166,4119.3
159,4166,4090.05
160,4166,4114.57
161,4166,4111.26
162,4166,4098.69
163,4166,4111.24
164,4166,4089.68
165,4166,4069.19
166,4166,4117.49
167,4166,4085.7
168,4166,4121.25
169,4166,4117.84
170,4166,4110.09
171,4166,4113.34
172,4166,4100.52
173,4166,4104.09
174,4166,4110.75
175,4166,4118.5
176,4166,4113.65
177,4166,4110.4
178,4166,4105.13
179,4166,4116.22
180,4166,4117.83
181,4166,4106.89
182,4166,4110.99
183,4166,4119.64
184,4166,4108.95
185,4166,4103.52
186,4166,4127.08
187,4166,4115.04
188,4166,4085.24
189,4166,4121.28
190,4166,4117.59
191,4166,4104.11
192,4166,4099.99
193,4166,4085.01
194,4166,4095.37
195,4166,4104.48
196,4166,4111.78
197,4166,4106.85
198,4166,4109.77
199,4166,4125.68
200,4166,4108.86
201,4166,4120.03
202,4166,4114.8
203,4166,4087.57
204,4166,4109.97
205,4166,4107.49
206,4166,4114.85
207,4166,4096.17
208,4166,4095.01
209,4166,4110.19
210,4166,4114.06
211,4166,4111.39
212,4166,4108.17
213,4166,4107.45
214,4166,4112.26
215,4166,4118.45
216,4166,4104.28
217,4166,4116.86
218,4166,4103.88
219,4166,4117.16
220,4166,4104.63
221,4166,4127.89
222,4166,4108.32
223,4166,4105.02
224,4166,4115.56
225,4166,4113.94
226,4166,4109.13
227,4166,4083.81
228,4166,4120.52
229,4166,4110.38
230,4166,4115.47
231,4166,4117.9
232,4166,4112.75
233,4166,4103.18
234,4166,4122.03
235,4166,4106.29
236,4166,4111
237,4166,4098.09
238,4166,4107.44
239,4166,4112.68
240,4166,4056.72
241,4166,4123.21
242,4166,4106.78
243,4166,4115.33
244,4166,4086.41
245,4166,4120.76
246,4166,4111.65
247,4166,4107.71
248,4166,4108.31
249,4166,4088.55
250,4166,4105.37
251,4166,4108.98
252,4166,4102.66
253,4166,4077.11
254,4166,4104.28
255,4166,4108.34
256,4166,4103.77
257,4166,4112.19
258,4166,4110.45
259,4166,4109.54
260,4166,4117.42
261,4166,4120.08
262,4166,4099.4
263,4166,4109.6
264,4166,4106.12
265,4166,4114.48
266,4166,4111.67
267,4166,4109.48
268,4166,4116.83
269,4166,4087.38
270,4166,4109.48
271,4166,4101.12
272,4166,4099.66
273,4166,4116.48
274,4166,4087.59
275,4166,4119.24
276,4166,4108.26
277,4166,4117.27
278,4166,4116.02
279,4166,4119.61
280,4166,4111.53
281,4166,4109.59
282,4166,4092.05
283,4166,4107.87
284,4166,4113.21
285,4166,4119.21
286,4166,4108.77
287,4166,4120.3
288,4166,4081.81
289,4166,4101.95
290,4166,4103.42
291,4166,4109.64
292,4166,4112.97
293,4166,4108.48
294,4166,4114.64
295,4166,4107.58
296,4166,4089.19
297,4166,4108.85
298,4166,4096.66
299,4166,4090.57
Population size,100
Crossover rate,0.22
Mutation rate,0.87
Random selection portion,0.03
Selection method,AForge.Genetic.EliteSelection
Diversity check,True
Iteration,FitnessMax,FitnessAvg
0,3427,2642.41
1,3427,2840.53
2,3441,2999.1
3,3631,3116.18
4,3631,3201.74
5,3731,3310.86
6,3792,3380.18
7,3792,3431.95
8,3792,3496.72
9,3792,3523.51
10,3824,3557.88
11,3824,3612.52
12,3886,3648.21
13,3920,3680.53
14,3993,3718.64
15,3993,3740.51
16,3993,3755.49
17,3993,3807.19
18,4042,3840.97
19,4042,3854.49
20,4093,3845.17
21,4093,3898.71
22,4098,3906.26
23,4098,3944.54
24,4100,3959.88
25,4100,3973.02
26,4100,3969.89
27,4100,3989.89
28,4100,2685.16
29,4100,2899.07
30,4100,3084.65
31,4100,3223.55
32,4100,3384.03
33,4100,3524.05
34,4100,3672.02
35,4152,3803.4
36,4152,3873.11
37,4152,3929.61
38,4152,3956.78
39,4152,3987.76
40,4152,4003.3
41,4152,4012.84
42,4162,4009.07
43,4162,4031.74
44,4162,4047.71
45,4162,2682.76
46,4162,2932.84
47,4162,3098.35
48,4178,3185.24
49,4178,3278.36
50,4178,3418.57
51,4178,3537.25
52,4178,3707.44
53,4178,3905.45
54,4212,3950.67
55,4212,3981.92
56,4212,4028.41
57,4212,4032.47
58,4212,4035.35
59,4212,4094.85
60,4212,2667.81
61,4212,2881.16
62,4212,3006.48
63,4212,3119.28
64,4212,3243.89
65,4212,3376.24
66,4212,3510.99
67,4212,3736.85
68,4212,3878.56
69,4212,3971.2
70,4220,4011.4
71,4220,4022.69
72,4220,4059.73
73,4220,4071.74
74,4230,4097.79
75,4230,4109.84
76,4230,2663.58
77,4230,2876.87
78,4230,3023.81
79,4230,3203.41
80,4230,3375.06
81,4230,3584.26
82,4230,3736.9
83,4230,3899.86
84,4230,3995.2
85,4230,4050.76
86,4230,4089.55
87,4230,4126.44
88,4230,2768.6
89,4230,2998.77
90,4230,3132.92
91,4230,3228.41
92,4230,3364.98
93,4230,3493.37
94,4230,3630.65
95,4230,3738.71
96,4230,3888.17
97,4230,3930.35
98,4230,3992.26
99,4230,4015.04
100,4230,4026.71
101,4230,4055.4
102,4230,4086.59
103,4230,4104.36
104,4230,2724.31
105,4230,2924.61
106,4230,3033.11
107,4230,3145.73
108,4230,3271.22
109,4230,3391.29
110,4230,3497.21
111,4230,3694.8
112,4230,3862.62
113,4230,3960.43
114,4230,3992.13
115,4230,4019.02
116,4230,4078.96
117,4230,4098.23
118,4230,4115.89
119,4230,2683.07
120,4230,2929.65
121,4230,3094.27
122,4230,3218.7
123,4230,3309.29
124,4230,3425.63
125,4230,3516.74
126,4230,3602.96
127,4230,3697.14
128,4230,3847.53
129,4230,3902.31
130,4230,4012.11
131,4230,4052
132,4230,4100.26
133,4230,4086.9
134,4230,4141.92
135,4230,2701.56
136,4230,2909.23
137,4230,3050.94
138,4230,3231.64
139,4230,3362.12
140,4230,3514.22
141,4230,3643.03
142,4230,3769.91
143,4230,3893.46
144,4230,3943.44
145,4230,3963.72
146,4230,4024.7
147,4230,4044.46
148,4230,4043.6
149,4230,4094.68
150,4230,4117.79
151,4230,2671.62
152,4230,2837.39
153,4230,3003.88
154,4230,3155.56
155,4230,3298.67
156,4230,3466.61
157,4230,3649.76
158,4230,3762.66
159,4230,3885.11
160,4230,3937.76
161,4230,3948.59
162,4230,3992.34
163,4230,4054.2
164,4230,4056.44
165,4230,4086.19
166,4230,4091.79
167,4230,4110.21
168,4230,2747.94
169,4230,2918.98
170,4230,3062.84
171,4230,3204.63
172,4230,3412.91
173,4230,3611.71
174,4230,3839.05
175,4230,3937.04
176,4230,3976.42
177,4230,4031.09
178,4230,4059.21
179,4230,4049.51
180,4230,4073.16
181,4230,4081.89
182,4230,4089.78
183,4230,4084.55
184,4230,4093.33
185,4230,4113.1
186,4230,2728.64
187,4230,2893.52
188,4230,3047
189,4230,3155.7
190,4230,3240.04
191,4230,3393.58
192,4230,3562.91
193,4230,3775.79
194,4230,3931.39
195,4230,3999.89
196,4230,4026.61
197,4230,4052.75
198,4230,4077.85
199,4230,4110.89
200,4230,2763.15
201,4230,2981.24
202,4230,3154.75
203,4230,3259.72
204,4230,3405.67
205,4230,3528.54
206,4230,3609.37
207,4230,3686.43
208,4230,3735.55
209,4230,3822.47
210,4230,3910.3
211,4230,3954.97
212,4230,3995.28
213,4230,4044.68
214,4230,4086.05
215,4230,4097.37
216,4230,4098.05
217,4230,4148.89
218,4230,2697.44
219,4230,2865.05
220,4230,3031.1
221,4230,3142.22
222,4230,3266.6
223,4230,3387.06
224,4230,3521.27
225,4230,3658.37
226,4230,3817.29
227,4230,3915.25
228,4230,3974.36
229,4230,4017.59
230,4230,4056.74
231,4230,4088.28
232,4230,4093.07
233,4230,4135.02
234,4230,2631.77
235,4230,2848.76
236,4230,2995.71
237,4230,3160.29
238,4230,3302.97
239,4230,3460.11
240,4230,3664.19
241,4230,3827.75
242,4230,3936.1
243,4230,3976.95
244,4230,4043.07
245,4230,4076.34
246,4230,4110.9
247,4230,2668.43
248,4230,2870.61
249,4230,3056.1
250,4230,3203.46
251,4230,3335.83
252,4230,3454.2
253,4230,3662.4
254,4230,3788.35
255,4230,3903.09
256,4230,3978.33
257,4230,4014.66
258,4230,4055.28
259,4230,4128.54
260,4230,2652.97
261,4230,2902.37
262,4230,3103.23
263,4230,3261.06
264,4230,3428.24
265,4230,3596.96
266,4230,3734.77
267,4230,3886.61
268,4230,3947.63
269,4230,4017.25
270,4230,4046.23
271,4230,4042.45
272,4230,4076.46
273,4230,4094.76
274,4230,4100.19
275,4230,4102.04
276,4230,4106.94
277,4230,2716.33
278,4230,2910.33
279,4230,3046.82
280,4230,3223.13
281,4230,3387.88
282,4230,3421.14
283,4230,3611.51
284,4230,3763.49
285,4230,3916.87
286,4230,4003.24
287,4230,4053.51
288,4230,4069.95
289,4230,4102.93
290,4230,4128.51
291,4230,2662.61
292,4230,2799.06
293,4230,2936.77
294,4230,3065.71
295,4230,3228.81
296,4230,3381.17
297,4230,3568.67
298,4230,3777.1
299,4230,3928.49
Population size,100
Crossover rate,0.22
Mutation rate,0.87
Random selection portion,0.03
Selection method,AForge.Genetic.EliteSelection
Diversity check,True
Iteration,FitnessMax,FitnessAvg
0,3364,2648.72
1,3364,2866.22
2,3471,3007.64
3,3534,3138.57
4,3596,3257.69
5,3672,3343.1
6,3672,3398.24
7,3715,3459.04
8,3844,3532.03
9,3873,3580.15
10,3873,3615.98
11,3873,3644.68
12,3970,3719.83
13,3997,3759.49
14,3997,3766.4
15,4011,3811.55
16,4070,3823.73
17,4080,3838.49
18,4080,3875.71
19,4121,3903.88
20,4175,3919.09
21,4175,3941.37
22,4175,3948.11
23,4175,3992.84
24,4175,3989.08
25,4175,3986.63
26,4185,3994.16
27,4185,4004.95
28,4185,4045.33
29,4197,4027.8
30,4197,4062.58
31,4197,4070.06
32,4197,4100.77
33,4197,2788.57
34,4197,3061.6
35,4197,3258.37
36,4197,3363.52
37,4197,3453.22
38,4197,3556.3
39,4197,3640.49
40,4197,3739.4
41,4197,3833.72
42,4197,3899.28
43,4197,3947.28
44,4197,4004.49
45,4197,4041.27
46,4211,4051.45
47,4211,4071.36
48,4211,4079.64
49,4211,4063.08
Population size,100
Crossover rate,0.22
Mutation rate,0.87
Random selection portion,0.03
Selection method,AForge.Genetic.EliteSelection
Diversity check,True
Iteration,FitnessMax,FitnessAvg
0,3351,2663.16
1,3500,2857.86
2,3500,2979.64
3,3523,3115.89
4,3738,3213.81
5,3798,3314.92
6,3798,3409.61
7,3798,3481.98
8,3805,3547.76
9,3829,3583.26
10,4070,3618.94
11,4070,3688.1
12,4070,3725.44
13,4070,3767.96
14,4070,3806.22
15,4070,3832.81
16,4070,3847.07
17,4070,3864.67
18,4070,3890.86
19,4070,3889.59
20,4070,3888.07
21,4092,3915.91
22,4092,3930.52
23,4092,3938.57
24,4092,3934.46
25,4123,3957.03
26,4130,3971.91
27,4130,3984.88
28,4130,3994.64
29,4130,3994.59
