Population size,100
Crossover rate,0.66
Mutation rate,0.34
Random selection portion,0.03
Selection method,AForge.Genetic.RouletteWheelSelection
Diversity check,False
Iteration,FitnessMax,FitnessAvg
0,1373,965.23
1,1421,987.86
2,1574,1073.25
3,1574,1148.43
4,1574,1194.3
5,1627,1175.3
6,1627,1204.48
7,1669,1207.87
8,1669,1228.08
9,1669,1230.44
10,1669,1257.53
11,1669,1243.7
12,1627,1266.6
13,1627,1290.18
14,1651,1315.22
15,1669,1320.95
16,1669,1301.38
17,1669,1322.72
18,1669,1332.7
19,1688,1325.64
20,1698,1355.84
21,1698,1350.79
22,1698,1376.21
23,1698,1356.94
24,1698,1371.64
25,1740,1380.1
26,1742,1376.23
27,1742,1397.13
28,1742,1394.47
29,1733,1399.52
30,1733,1386.16
31,1733,1392.21
32,1733,1417.37
33,1733,1439.51
34,1713,1441.94
35,1733,1440.67
36,1806,1426.26
37,1806,1456.04
38,1733,1455.34
39,1704,1459.3
40,1704,1432.5
41,1700,1408.14
42,1742,1393.69
43,1742,1441.1
44,1742,1470.05
45,1742,1472.12
46,1742,1469.62
47,1742,1433.05
48,1771,1489.74
49,1777,1491.49
50,1806,1448.2
51,1806,1464.27
52,1806,1473.66
53,1806,1458.24
54,1806,1473.06
55,1771,1471.35
56,1707,1458.17
57,1742,1484.86
58,1707,1488.24
59,1771,1475.79
60,1771,1514.68
61,1749,1503.83
62,1749,1529.31
63,1749,1520.31
64,1749,1510.55
65,1749,1518.08
66,1777,1486.54
67,1784,1462.03
68,1806,1491.64
69,1806,1514.51
70,1806,1536.54
71,1806,1499.47
72,1806,1490.45
73,1821,1511.96
74,1821,1508.59
75,1821,1467.15
76,1806,1490.52
77,1806,1514.93
78,1806,1500.69
79,1806,1495.15
80,1806,1467
81,1806,1496.73
82,1806,1452.83
83,1806,1471.45
84,1777,1493.62
85,1777,1487.04
86,1806,1472.35
87,1806,1485.47
88,1777,1445.87
89,1806,1423.36
90,1806,1424.33
91,1806,1455.59
92,1821,1479.83
93,1821,1515.28
94,1806,1469.27
95,1806,1493.43
96,1806,1491.4
97,1806,1468.9
98,1806,1469.82
99,1806,1465.48
100,1806,1484.73
101,1806,1515.29
102,1806,1490.83
103,1806,1490.03
104,1806,1464.27
105,1806,1460.34
106,1806,1481.17
107,1806,1527.86
108,1806,1483.16
109,1806,1528.98
110,1806,1501.92
111,1806,1507.32
112,1806,1526.31
113,1806,1529.42
114,1806,1545.35
115,1806,1540.18
116,1806,1558.24
117,1806,1566.12
118,1806,1575.37
119,1806,1570.82
120,1806,1524.38
121,1806,1529.89
122,1806,1567.94
123,1806,1552.43
124,1806,1581.82
125,1806,1514.67
126,1821,1551.81
127,1821,1553.85
128,1806,1539.5
129,1806,1533.3
130,1806,1497.19
131,1806,1510.72
132,1806,1517.66
133,1806,1514.2
134,1806,1480.85
135,1806,1484.79
136,1806,1489.41
137,1806,1460.27
138,1806,1485.33
139,1806,1460.48
140,1806,1471.24
141,1806,1485.2
142,1806,1453.46
143,1806,1458.36
144,1806,1413.69
145,1806,1411.66
146,1777,1422.66
147,1806,1454.16
148,1806,1471.97
149,1740,1461.71
150,1784,1454.58
151,1729,1435.33
152,1740,1409.67
153,1784,1445.37
154,1784,1447.69
155,1806,1410.89
156,1784,1401.89
157,1740,1417.82
158,1740,1431.07
159,1821,1402.55
160,1821,1401.39
161,1806,1448.63
162,1821,1438.72
163,1821,1427.91
164,1821,1489.87
165,1777,1487.86
166,1806,1500.72
167,1806,1529.51
168,1742,1486.17
169,1742,1474.33
170,1742,1471.04
171,1821,1456.87
172,1821,1490.41
173,1821,1509.52
174,1821,1508.83
175,1821,1491.74
176,1821,1481.01
177,1777,1464.02
178,1821,1479.92
179,1821,1461.98
180,1821,1481.27
181,1821,1469.62
182,1821,1487.03
183,1821,1496.61
184,1821,1480.78
185,1821,1486.71
186,1821,1461.91
187,1821,1485.22
188,1821,1501.28
189,1821,1518.99
190,1821,1565.98
191,1821,1566.26
192,1821,1562.64
193,1821,1591.19
194,1821,1566.7
195,1821,1549.97
196,1821,1535.45
197,1786,1509.75
198,1806,1522.47
199,1806,1515.96
200,1806,1478.99
201,1713,1475.45
202,1748,1470.67
203,1748,1478.44
204,1755,1471.83
205,1748,1473.84
206,1786,1479.55
207,1777,1479.63
208,1777,1471.54
209,1755,1485.29
210,1755,1478.61
211,1755,1514.59
212,1755,1474.71
213,1821,1443.55
214,1821,1461.57
215,1748,1476.33
216,1821,1471.89
217,1748,1492.1
218,1777,1488.33
219,1777,1459.15
220,1748,1443.42
221,1748,1477.83
222,1777,1458.17
223,1777,1498.52
224,1777,1501.21
225,1777,1493.37
226,1777,1488.08
227,1748,1469.99
228,1806,1510.95
229,1806,1499.33
230,1748,1539.4
231,1748,1544.94
232,1821,1538.13
233,1821,1538.69
234,1821,1505.93
235,1821,1530.99
236,1821,1513.83
237,1821,1513.83
238,1821,1513.48
239,1821,1492.22
240,1821,1477.26
241,1821,1479.44
242,1821,1511.45
243,1821,1526.15
244,1821,1517.28
245,1757,1508.93
246,1784,1485.26
247,1784,1445.49
248,1757,1405.41
249,1757,1408.28
250,1748,1443.95
251,1777,1427.71
252,1748,1389.45
253,1713,1403.67
254,1757,1437.58
255,1748,1425.37
256,1777,1417.91
257,1748,1404.87
258,1690,1425.55
259,1748,1402.34
260,1701,1382.24
261,1701,1384.03
262,1711,1392.71
263,1806,1389.28
264,1806,1408.72
265,1784,1399.65
266,1784,1429.74
267,1777,1423.18
268,1777,1395.96
269,1777,1408.44
270,1764,1413.09
271,1764,1440.93
272,1764,1423.49
273,1777,1440.11
274,1764,1430.52
275,1740,1432.82
276,1740,1389.59
277,1821,1393.98
278,1777,1429.27
279,1777,1457.44
280,1777,1460.24
281,1777,1447.25
282,1777,1478.52
283,1777,1440.07
284,1711,1455.78
285,1706,1468.49
286,1706,1495.76
287,1706,1493.6
288,1748,1496.74
289,1748,1495.9
290,1748,1487.86
291,1748,1508.73
292,1748,1450.67
293,1748,1481.37
294,1748,1520
295,1777,1539.73
296,1777,1514.9
297,1777,1543.42
298,1777,1524.74
299,1777,1548.14
Population size,100
Crossover rate,0.66
Mutation rate,0.34
Random selection portion,0.03
Selection method,AForge.Genetic.RouletteWheelSelection
Diversity check,True
Iteration,FitnessMax,FitnessAvg
0,1597,953.8
1,1478,969.9
2,1478,1001.91
3,1507,1069.53
4,1507,1091.01
5,1507,1147.39
6,1573,1171.06
7,1573,1167.36
8,1573,1204.23
9,1610,1207.06
10,1521,1234.36
11,1521,1188.95
12,1489,1209.44
13,1516,1219.58
14,1588,1255.79
15,1613,1250.55
16,1613,1290.55
17,1613,1280.38
18,1677,1282.82
19,1677,1270.84
20,1677,1204.03
21,1677,1231.8
22,1657,1265.3
23,1648,1298.09
24,1591,1275.86
25,1692,1293.32
26,1674,1314.53
27,1709,1326.95
28,1709,1321.38
29,1709,1284.4
30,1619,1224.76
31,1604,1280.95
32,1573,1278.25
33,1575,1269.12
34,1616,1274.03
35,1616,1315.81
36,1626,1295.96
37,1657,1305.06
38,1664,1300.23
39,1657,1314.47
40,1657,1347.99
41,1786,1317.38
42,1633,1341.72
43,1633,1341.78
44,1657,1338.57
45,1686,1368.71
46,1631,1368.26
47,1637,1343.88
48,1771,1364.9
49,1771,1380.01
50,1821,1388.6
51,1821,1397.6
52,1821,1445.8
53,1821,1429.43
54,1821,1466.09
55,1821,1484.9
56,1821,1472.61
57,1821,1477.81
58,1821,1408.5
59,1821,1441.1
60,1821,1436.76
61,1821,1495.59
62,1821,1505.79
63,1821,1463.89
64,1821,1454.03
65,1821,1486.24
66,1821,1490.72
67,1821,1473.32
68,1821,1523.62
69,1821,1520.95
70,1821,1543.69
71,1821,1523.54
72,1821,1563.23
73,1821,1519.49
74,1821,1511.9
75,1821,1523.85
76,1821,1511.79
77,1821,1482.87
78,1821,1501.72
79,1821,1503.02
80,1786,1521.31
81,1786,1523.53
82,1786,1504.11
83,1786,1508.46
84,1786,1513.91
85,1821,1506.75
86,1821,1515.92
87,1821,1497.2
88,1821,1535.46
89,1821,1544.18
90,1821,1540.74
91,1786,1545.17
92,1786,1539.02
93,1821,1570.91
94,1821,1567.71
95,1821,1520.57
96,1821,1562.53
97,1821,1592.1
98,1821,1557
99,1821,1565.11
100,1821,1540.45
101,1742,1531.59
102,1731,1516.68
103,1821,1536.81
104,1821,1459.85
105,1821,1482.97
106,1821,1473.07
107,1731,1520.31
108,1786,1507.65
109,1707,1508.73
110,1731,1517.75
111,1749,1458.04
112,1784,1460.18
113,1784,1489.31
114,1726,1480.38
115,1784,1489.75
116,1784,1479.57
117,1784,1476.06
118,1784,1455.51
119,1726,1455.18
120,1726,1479.1
121,1726,1453.09
122,1786,1481.32
123,1786,1463.58
124,1786,1467.7
125,1777,1488.44
126,1777,1521.46
127,1777,1546.72
128,1806,1513.4
129,1806,1529.54
130,1806,1527.53
131,1806,1538.33
132,1821,1516.22
133,1821,1498.5
134,1821,1490.35
135,1821,1492.73
136,1731,1521.22
137,1742,1504.4
138,1742,1485.93
139,1742,1483.61
140,1731,1473.02
141,1731,1504.89
142,1731,1517.3
143,1731,1542.15
144,1821,1535.15
145,1821,1553.33
146,1821,1529.66
147,1821,1526.25
148,1821,1513.29
149,1821,1552.62
150,1821,1552.68
151,1786,1541.53
152,1786,1523.08
153,1786,1521.66
154,1786,1490.95
155,1777,1475.57
156,1777,1499.83
157,1731,1506.45
158,1731,1502.1
159,1726,1465.32
160,1672,1460.06
161,1678,1444.94
162,1713,1467.49
163,1707,1471.75
164,1707,1452.9
165,1707,1480.21
166,1691,1469.04
167,1691,1450.33
168,1771,1453.97
169,1786,1439.91
170,1821,1456.79
171,1786,1474.49
172,1786,1472.6
173,1771,1426.72
174,1771,1446.89
175,1771,1420.9
176,1806,1440.37
177,1806,1419.29
178,1806,1444.68
179,1771,1410.94
180,1707,1421.77
181,1707,1434.43
182,1726,1416.39
183,1726,1392.75
184,1726,1410.84
185,1707,1440.49
186,1731,1432.64
187,1729,1438.73
188,1806,1453.76
189,1806,1460.77
190,1694,1469.81
191,1694,1481.16
192,1694,1469.75
193,1694,1484.97
194,1729,1452.11
195,1694,1458.19
196,1694,1452.52
197,1731,1422.55
198,1694,1401.57
199,1740,1399.26
200,1764,1368.15
201,1663,1438.73
202,1707,1419.5
203,1707,1426.4
204,1764,1436.92
205,1764,1385.81
206,1665,1413.59
207,1759,1422.43
208,1759,1402.42
209,1740,1394.95
210,1740,1410.7
211,1740,1427.77
212,1740,1452.11
213,1740,1454.31
214,1740,1459.49
215,1806,1444.64
216,1806,1411.38
217,1806,1423.33
218,1806,1412.47
219,1733,1396.98
220,1733,1410.51
221,1764,1418.97
222,1764,1408.79
223,1764,1386.27
224,1764,1376.07
225,1764,1387.35
226,1764,1432.2
227,1764,1456.49
228,1764,1493.53
229,1764,1456.09
230,1764,1441
231,1764,1456.53
232,1740,1396.96
233,1759,1401.65
234,1759,1426.05
235,1759,1408.53
236,1759,1381.88
237,1759,1365.91
238,1759,1360.24
239,1759,1359.93
240,1687,1402.03
241,1658,1399.38
242,1771,1409.49
243,1771,1426.8
244,1771,1431.41
245,1771,1377.87
246,1771,1391.85
247,1771,1415.05
248,1771,1394.66
249,1771,1414.04
250,1771,1434.83
251,1806,1425.89
252,1806,1453.14
253,1806,1428.57
254,1806,1422.44
255,1806,1432.02
256,1742,1450.98
257,1806,1450.15
258,1742,1422.36
259,1707,1432.01
260,1806,1414.7
261,1806,1411.6
262,1806,1411.09
263,1806,1396.04
264,1806,1399.89
265,1806,1415.65
266,1821,1466.36
267,1821,1459.14
268,1821,1462.18
269,1821,1469.22
270,1821,1438.91
271,1771,1416.86
272,1740,1424.07
273,1733,1415.08
274,1806,1387.46
275,1806,1369.39
276,1806,1365.9
277,1806,1363.45
278,1806,1360.6
279,1806,1378.99
280,1806,1428.56
281,1806,1430.24
282,1806,1419.53
283,1806,1443.59
284,1806,1486.09
285,1806,1503.31
286,1806,1525.23
287,1806,1549.79
288,1806,1555.93
289,1806,1540.08
290,1806,1518.84
291,1806,1539.15
292,1806,1508.76
293,1777,1501.38
294,1806,1544.74
295,1806,1523.28
296,1806,1546.01
297,1806,1534.36
298,1821,1559.37
299,1821,1500.95
Population size,100
Crossover rate,0.51
Mutation rate,0.79
Random selection portion,0.03
Selection method,AForge.Genetic.RankSelection
Diversity check,True
Iteration,FitnessMax,FitnessAvg
0,1624,1016.13
1,1568,1106.02
2,1592,1175.82
3,1662,1243.15
4,1662,1292.45
5,1662,1331.71
6,1693,1329.31
7,1706,1391.76
8,1706,1453.83
9,1728,1489.9
10,1728,1509.28
11,1735,1554.68
12,1755,1548.7
13,1777,1561.67
14,1744,1593.28
15,1764,1583.21
16,1777,1584.75
17,1777,1611.1
18,1777,1669.19
19,1821,1640.83
20,1821,1603.69
21,1821,1657.5
22,1821,1701.54
23,1821,1670.92
24,1821,1661.11
25,1821,1685.25
26,1821,1695.3
27,1821,1697.2
28,1821,1721.54
29,1821,1720.27
30,1821,1697.15
31,1821,1717.78
32,1821,1681.92
33,1821,1713.09
34,1821,1705.28
35,1821,1690.96
36,1821,1706.88
37,1821,1700.46
38,1821,1751.59
39,1821,1720.71
40,1821,1698.95
41,1821,1693.46
42,1821,1715.58
43,1821,1748.34
44,1821,1740.73
45,1821,1695.87
46,1821,1712.58
47,1821,1705.4
48,1821,1695.39
49,1821,1704.39
50,1821,1718.55
51,1821,1684.68
52,1821,1676.54
53,1821,1709.95
54,1821,1724.99
55,1821,1728.99
56,1821,1718
57,1821,1743.35
58,1821,1726.87
59,1821,1665.09
60,1821,1763.56
61,1821,1740.61
62,1821,1717.56
63,1821,1745.49
64,1821,1736.03
65,1821,1751.56
66,1821,1734.16
67,1821,1750.18
68,1821,1725.74
69,1821,1725.47
70,1821,1749.6
71,1821,1738.05
72,1821,1738.82
73,1821,1722.73
74,1821,1759.58
75,1821,1751.61
76,1821,1694.64
77,1821,1738.81
78,1821,1713.11
79,1821,1708.25
80,1821,1722.52
81,1821,1704.24
82,1821,1711.2
83,1821,1721.92
84,1821,1739.01
85,1821,1748.67
86,1821,1766.93
87,1821,953.24
88,1538,1030.93
89,1538,1106.7
90,1503,1200.78
91,1599,1255.47
92,1599,1273.1
93,1611,1315.05
94,1672,1362.44
95,1672,1379.63
96,1672,1441.68
97,1672,1447.52
98,1700,1477.25
99,1729,1497.71
100,1806,1534.32
101,1806,1560.91
102,1806,1576.69
103,1733,1591.55
104,1806,1611.14
105,1806,1604.62
106,1806,1599.73
107,1806,1621.87
108,1806,1593.81
109,1806,1615.3
110,1806,1596.84
111,1806,1617.67
112,1821,1684.34
113,1806,1663.65
114,1806,1651.88
115,1806,1612.98
116,1806,1653.09
117,1806,1675.8
118,1806,1706.32
119,1806,1641.3
120,1806,1683.01
121,1806,1680.13
122,1821,1716.77
123,1821,1723.19
124,1821,1695.21
125,1821,1703.28
126,1821,1661.11
127,1821,1705.17
128,1821,1688.47
129,1821,1700.61
130,1821,1670.28
131,1821,1678.38
132,1821,1675.77
133,1821,1686.31
134,1821,1637.45
135,1821,1683.39
136,1821,1732.85
137,1821,1678.77
138,1821,1756.51
139,1821,1719.63
140,1821,1706.05
141,1821,1729.02
142,1821,1740.76
143,1821,1733.89
144,1821,1739.61
145,1821,1739.09
146,1821,1699.05
147,1821,1729.39
148,1821,1739.37
149,1821,1664.03
150,1821,1727.57
151,1821,1735.97
152,1821,1725.48
153,1821,1738.64
154,1821,1748.31
155,1821,1734.22
156,1821,1721.61
157,1821,1738.08
158,1821,1735.82
159,1821,1761.78
160,1821,1746.4
161,1821,1687.71
162,1821,1732.42
163,1821,1711.46
164,1821,1713.77
165,1821,1721.17
166,1821,1742.42
167,1821,1748.56
168,1821,1696.59
169,1821,1722.87
170,1821,1670.68
171,1821,1710.55
172,1821,1728.46
173,1821,1744.37
174,1821,1741.52
175,1821,1750.83
176,1821,1737.67
177,1821,1751.12
178,1821,1706.86
179,1821,1699.17
180,1821,1689.97
181,1821,1680.06
182,1821,1700.6
183,1821,1713.91
184,1821,1755.69
185,1821,1757.76
186,1821,1744.8
187,1821,1719.99
188,1821,1695.81
189,1821,1742.46
190,1821,1723.92
191,1821,1739.42
192,1821,1672.76
193,1821,1721.5
194,1821,1692.65
195,1821,1708.24
196,1821,1690.1
197,1821,1707.63
198,1821,1719.18
199,1821,1679.68
200,1821,1717.06
201,1821,1643.97
202,1821,1670.86
203,1821,1749.63
204,1821,1716.14
205,1821,1705.73
206,1821,1709.2
207,1821,1753.36
208,1821,1731.49
209,1821,1732.95
210,1821,1734.92
211,1821,1740.11
212,1821,1721.18
213,1821,1756.56
214,1821,1696.49
215,1821,1690.54
216,1821,1695.33
217,1821,1736.71
218,1821,1725.96
219,1821,1726.02
220,1821,1717.42
221,1821,1726.7
222,1821,1736.17
223,1821,1716.62
224,1821,1719.99
225,1821,1686.15
226,1821,1715.72
227,1821,1719.94
228,1821,1720.24
229,1821,1700.91
230,1821,1709.69
231,1821,1714.56
232,1821,1719.29
233,1821,1726.72
234,1821,1735.43
235,1821,1728.31
236,1821,1628.73
237,1821,1708.19
238,1821,1693.53
239,1821,1742.17
240,1821,1716.34
241,1821,1710.66
242,1821,1735.68
243,1821,1733.64
244,1821,1733.04
245,1821,1749.33
246,1821,1731.93
247,1821,1726.94
248,1821,1702.41
249,1821,1730.9
250,1821,1773.73
251,1405,915.69
252,1361,1053.82
253,1489,1132.77
254,1659,1210.59
255,1591,1241.22
256,1591,1314.42
257,1591,1328.94
258,1654,1384.01
259,1654,1379.5
260,1616,1436.16
261,1639,1461.3
262,1806,1488.09
263,1806,1494.54
264,1806,1539.78
265,1806,1565.46
266,1806,1581.19
267,1806,1606.32
268,1806,1598.81
269,1806,1605.61
270,1806,1623.95
271,1806,1652.63
272,1806,1655.65
273,1821,1693.78
274,1821,1664.89
275,1821,1670.31
276,1821,1658.84
277,1821,1702.87
278,1821,1716
279,1821,1653.54
280,1821,1691.16
281,1821,1707.76
282,1821,1705.47
283,1821,1694.37
284,1821,1685.27
285,1821,1694.05
286,1821,1636.65
287,1821,1719.88
288,1821,1716.78
289,1821,1719.56
290,1821,1713.57
291,1821,1628.26
292,1821,1720.9
293,1821,1697.27
294,1821,1678.46
295,1821,1708.85
296,1821,1729.69
297,1821,1676.63
298,1821,1695.71
299,1821,1725.31
Population size,100
Crossover rate,0.51
Mutation rate,0.79
Random selection portion,0.03
Selection method,AForge.Genetic.RankSelection
Diversity check,False
Iteration,FitnessMax,FitnessAvg
0,1360,889.63
1,1423,993.4
2,1477,1045.01
3,1477,1140.29
4,1489,1191.54
5,1489,1197.83
6,1526,1245.62
7,1545,1295.15
8,1601,1333.53
9,1742,1346.29
10,1676,1375.94
11,1700,1417.35
12,1702,1452
13,1713,1481.69
14,1713,1500.57
15,1744,1509.65
16,1744,1566.99
17,1735,1530.2
18,1777,1594.65
19,1757,1588.96
20,1757,1607.49
21,1764,1629.22
22,1777,1599.4
23,1777,1612.63
24,1821,1617.35
25,1777,1571.67
26,1777,1610.07
27,1777,1626.07
28,1806,1646.11
29,1777,1592.09
30,1806,1646.39
31,1806,1671.81
32,1821,1658.7
33,1806,1641.83
34,1821,1668.4
35,1806,1625.98
36,1821,1676.45
37,1821,1695.5
38,1821,1731.94
39,1821,1699.43
40,1821,1674.24
41,1821,1670.81
42,1821,1666.96
43,1821,1702.87
44,1821,1705.26
45,1821,1693.8
46,1821,1732.39
47,1821,1735.77
48,1821,1737.22
49,1821,1749.73
50,1821,1729.09
51,1821,1744.55
52,1821,1740
53,1821,1764.54
54,1821,1720.98
55,1821,1715.83
56,1821,1712.12
57,1821,1675.82
58,1821,1714.59
59,1821,1720.15
60,1821,1734.74
61,1821,1699.94
62,1821,1707.48
63,1821,1716.6
64,1821,1651.9
65,1821,1698.75
66,1821,1731.12
67,1821,1687.32
68,1821,1722.83
69,1821,1682.93
70,1821,1742.48
71,1821,1734.75
72,1821,1720.84
73,1821,1727.1
74,1821,1684.87
75,1821,1701.21
76,1821,1708.68
77,1821,1745.39
78,1821,1691.88
79,1821,1689.99
80,1821,1715.31
81,1821,1715.95
82,1821,1727.28
83,1821,1724.47
84,1821,1727.42
85,1821,1757.01
86,1821,1738.1
87,1821,1756.46
88,1821,1740.08
89,1821,1760.34
90,1821,1702.29
91,1821,1713.39
92,1821,1722.49
93,1821,1750.15
94,1821,1716.47
95,1821,1737.17
96,1821,1717.09
97,1821,1745.14
98,1821,1712.42
99,1821,1661.91
100,1821,1656.86
101,1821,1720.16
102,1821,1739.47
103,1821,1738
104,1821,1682.63
105,1821,1746.5
106,1821,1752.03
107,1821,1711.36
108,1821,1711.99
109,1821,1687.48
110,1821,1730.38
111,1821,1693.69
112,1821,1709.67
113,1821,1759.32
114,1821,1718.36
115,1821,1687.81
116,1821,1752.92
117,1821,1728.95
118,1821,1722.86
119,1821,1739.69
120,1821,1704.62
121,1821,1732.94
122,1821,1712.04
123,1821,1744.61
124,1821,1752.35
125,1821,1732.37
126,1821,1737.4
127,1821,1753.89
128,1821,1741.89
129,1821,1706.14
130,1821,1764.39
131,1821,1741.26
132,1821,1711.48
133,1821,1719.08
134,1821,1714.2
135,1821,1694.79
136,1821,1710.91
137,1821,1704.04
138,1821,1731.88
139,1821,1675.03
140,1821,1713.02
141,1821,1654.97
142,1821,1637.01
143,1821,1671.68
144,1821,1646.04
145,1821,1714.19
146,1821,1705.78
147,1821,1758.16
148,1821,1740.05
149,1821,1725.48
150,1821,1699.79
151,1821,1741.54
152,1821,1723.4
153,1821,1758.65
154,1821,1779.27
155,1821,1760.24
156,1821,1721.36
157,1821,1689.55
158,1821,1711.39
159,1821,1725.39
160,1821,1701.98
161,1821,1762.26
162,1821,1739.32
163,1821,1683.61
164,1821,1747.78
165,1821,1717.54
166,1821,1709.02
167,1821,1678.31
168,1821,1742.02
169,1821,1741.94
170,1821,1711.07
171,1821,1749.48
172,1821,1759.66
173,1821,1689.82
174,1821,1723.59
175,1821,1741.16
176,1821,1739.67
177,1821,1707.08
178,1821,1734.33
179,1821,1729.2
180,1821,1708.09
181,1821,1705.67
182,1821,1737.97
183,1821,1738
184,1821,1726.05
185,1821,1737.55
186,1821,1702.68
187,1821,1739.69
188,1821,1755.57
189,1821,1687.68
190,1821,1691.74
191,1821,1719.12
192,1821,1757.98
193,1821,1730.92
194,1821,1736.81
195,1821,1746.78
196,1821,1734.46
197,1821,1736.36
198,1821,1729.18
199,1821,1714.46
200,1821,1761.47
201,1821,1742.95
202,1821,1750.88
203,1821,1740.1
204,1821,1714.03
205,1821,1695.7
206,1821,1751.34
207,1821,1747.58
208,1821,1723.49
209,1821,1676.53
210,1821,1742.55
211,1821,1716
212,1821,1740
213,1821,1641.95
214,1821,1698.7
215,1821,1709.2
216,1821,1725.65
217,1821,1713.76
218,1821,1717.82
219,1821,1746.67
220,1821,1712.49
221,1821,1703.41
222,1821,1685.86
223,1821,1733.54
224,1821,1719.33
225,1821,1733.89
226,1821,1698.43
227,1821,1714.26
228,1821,1710.84
229,1821,1722.19
230,1821,1746.52
231,1821,1746.82
232,1821,1707.63
233,1821,1693.31
234,1821,1710.35
235,1821,1693.24
236,1821,1742.32
237,1821,1730.52
238,1821,1736.14
239,1821,1761.07
240,1821,1722.12
241,1821,1705.83
242,1821,1717.85
243,1821,1699.09
244,1821,1718.66
245,1821,1686.08
246,1821,1608.32
247,1821,1637.74
248,1821,1697.79
249,1821,1699.81
250,1821,1696.06
251,1821,1724.87
252,1821,1663.12
253,1821,1733.83
254,1821,1733.98
255,1821,1690.97
256,1821,1673.72
257,1821,1750.54
258,1821,1722.45
259,1821,1749.67
260,1821,1741.16
261,1821,1715.66
262,1821,1719.84
263,1821,1720.55
264,1821,1719.72
265,1821,1690.79
266,1821,1702.46
267,1821,1706.64
268,1821,1673.67
269,1821,1731.59
270,1821,1725.46
271,1821,1724.54
272,1821,1743.42
273,1821,1759.91
274,1821,1713.33
275,1821,1738.5
276,1821,1726.69
277,1821,1763.11
278,1821,1726.15
279,1821,1701.45
280,1821,1706.5
281,1821,1676.52
282,1821,1761.32
283,1821,1757.04
284,1821,1755.32
285,1821,1756.18
286,1821,1720.17
287,1821,1643.7
288,1821,1673.55
289,1821,1713.82
290,1821,1717.72
291,1821,1733.19
292,1821,1689.25
293,1821,1711.74
294,1821,1714.82
295,1821,1732.88
296,1821,1710.38
297,1821,1726.55
298,1821,1736.25
299,1821,1754.37
Population size,100
Crossover rate,0.22
Mutation rate,0.87
Random selection portion,0.03
Selection method,AForge.Genetic.EliteSelection
Diversity check,False
Iteration,FitnessMax,FitnessAvg
0,1449,1056.37
1,1590,1196.91
2,1590,1279.87
3,1590,1349.95
4,1628,1393.27
5,1638,1435.38
6,1735,1492.08
7,1735,1504.58
8,1735,1545.18
9,1735,1583.28
10,1735,1595.44
11,1742,1614.5
12,1786,1637.89
13,1806,1650.8
14,1821,1664.91
15,1821,1678.82
16,1821,1696.1
17,1821,1702.93
18,1821,1716.15
19,1821,1736.07
20,1821,1720.21
21,1821,1724.37
22,1821,1735.56
23,1821,1751.67
24,1821,1755.23
25,1821,1757.68
26,1821,1763.64
27,1821,1750.3
28,1821,1761.42
29,1821,1767.03
30,1821,1778.27
31,1821,1781.36
32,1821,1780
33,1821,1776.85
34,1821,1788.53
35,1821,1777.05
36,1821,1770.65
37,1821,1778.72
38,1821,1778.11
39,1821,1785.89
40,1821,1797.49
41,1821,1783.91
42,1821,1790.94
43,1821,1799.09
44,1821,1804.12
45,1821,1788.05
46,1821,1792.53
47,1821,1791.8
48,1821,1781.03
49,1821,1775.99
50,1821,1795
51,1821,1783.04
52,1821,1778.49
53,1821,1775.37
54,1821,1773.36
55,1821,1786.64
56,1821,1779.5
57,1821,1772.86
58,1821,1798.43
59,1821,1785.39
60,1821,1786.3
61,1821,1790.36
62,1821,1784.82
63,1821,1783.15
64,1821,1776.41
65,1821,1794.86
66,1821,1795.6
67,1821,1777.35
68,1821,1784.82
69,1821,1786.99
70,1821,1801.16
71,1821,1787.66
72,1821,1787.46
73,1821,1795
74,1821,1783.55
75,1821,1775.15
76,1821,1781.31
77,1821,1788.26
78,1821,1789.11
79,1821,1797.09
80,1821,1784.99
81,1821,1776.54
82,1821,1774.95
83,1821,1798.59
84,1821,1793.86
85,1821,1790.4
86,1821,1796.76
87,1821,1779.03
88,1821,1786.21
89,1821,1766.37
90,1821,1779.1
91,1821,1782.81
92,1821,1776.87
93,1821,1792.17
94,1821,1791.76
95,1821,1783.85
96,1821,1784.16
97,1821,1788.69
98,1821,1791.07
99,1821,1784.17
100,1821,1783.03
101,1821,1795.46
102,1821,1779.32
103,1821,1781.54
104,1821,1777.9
105,1821,1774.75
106,1821,1784
107,1821,1788.08
108,1821,1779.65
109,1821,1786.57
110,1821,1775.09
111,1821,1782.22
112,1821,1792.89
113,1821,1789.19
114,1821,1793.56
115,1821,1790.64
116,1821,1789.55
117,1821,1780.29
118,1821,1787.12
119,1821,1783.54
120,1821,1774.09
121,1821,1789.15
122,1821,1784.92
123,1821,1788.84
124,1821,1788
125,1821,1789.44
126,1821,1787.35
127,1821,1777.74
128,1821,1776
129,1821,1796.86
130,1821,1789.71
131,1821,1787.48
132,1821,1778.49
133,1821,1788.67
134,1821,1786.59
135,1821,1781.93
136,1821,1790.92
137,1821,1797.68
138,1821,1781.05
139,1821,1785.14
140,1821,1793.29
141,1821,1786.22
142,1821,1771.05
143,1821,1785.16
144,1821,1786.05
145,1821,1783.72
146,1821,1772.89
147,1821,1787.85
148,1821,1793.94
149,1821,1794.14
150,1821,1790.93
151,1821,1786.52
152,1821,1785.68
153,1821,1790.37
154,1821,1776.43
155,1821,1797.19
156,1821,1793.18
157,1821,1782.63
158,1821,1783.21
159,1821,1781.45
160,1821,1783.33
161,1821,1772.12
162,1821,1796.18
163,1821,1788.32
164,1821,1775.66
165,1821,1793.4
166,1821,1796.1
167,1821,1777.07
168,1821,1796.38
169,1821,1782.15
170,1821,1796.85
171,1821,1798.43
172,1821,1789.05
173,1821,1778.17
174,1821,1796.53
175,1821,1784.53
176,1821,1794.81
177,1821,1786.87
178,1821,1787.8
179,1821,1783.52
180,1821,1801.88
181,1821,1790.39
182,1821,1786.7
183,1821,1784.17
184,1821,1799.36
185,1821,1795.29
186,1821,1786.52
187,1821,1799.61
188,1821,1793.46
189,1821,1789.1
190,1821,1784.64
191,1821,1785.71
192,1821,1794.05
193,1821,1771.41
194,1821,1793.99
195,1821,1785.24
196,1821,1783.06
197,1821,1786.31
198,1821,1794.85
199,1821,1795.26
200,1821,1789.52
201,1821,1793.12
202,1821,1783.41
203,1821,1794.33
204,1821,1795.63
205,1821,1785.34
206,1821,1791.88
207,1821,1785.49
208,1821,1797.65
209,1821,1778.65
210,1821,1787.22
211,1821,1796.72
212,1821,1791.97
213,1821,1766.37
214,1821,1792.31
215,1821,1776.34
216,1821,1776.2
217,1821,1793.59
218,1821,1778.2
219,1821,1798.92
220,1821,1789.67
221,1821,1788.18
222,1821,1772.66
223,1821,1778.28
224,1821,1789.26
225,1821,1781.95
226,1821,1779.23
227,1821,1793.89
228,1821,1774.43
229,1821,1777.74
230,1821,1784.21
231,1821,1789.04
232,1821,1795.69
233,1821,1785.27
234,1821,1784.74
235,1821,1792.83
236,1821,1784.03
237,1821,1790.46
238,1821,1788.79
239,1821,1788.03
240,1821,1787.37
241,1821,1796.93
242,1821,1780.69
243,1821,1787.74
244,1821,1773.5
245,1821,1790.13
246,1821,1786.09
247,1821,1781.01
248,1821,1785.52
249,1821,1794.32
250,1821,1793.15
251,1821,1783.98
252,1821,1783.17
253,1821,1785.44
254,1821,1797.45
255,1821,1790.91
256,1821,1795.03
257,1821,1795.96
258,1821,1777.76
259,1821,1786.43
260,1821,1791.83
261,1821,1779.41
262,1821,1799.21
263,1821,1788.38
264,1821,1796.9
265,1821,1787.79
266,1821,1786.67
267,1821,1791.04
268,1821,1780.73
269,1821,1786.54
270,1821,1784.25
271,1821,1792.89
272,1821,1790.43
273,1821,1790.12
274,1821,1788.68
275,1821,1781.61
276,1821,1782.38
277,1821,1780.75
278,1821,1786.9
279,1821,1794.54
280,1821,1790.17
281,1821,1782.89
282,1821,1791.5
283,1821,1796.4
284,1821,1786.02
285,1821,1791.82
286,1821,1782.36
287,1821,1790.07
288,1821,1784.06
289,1821,1793.62
290,1821,1779.41
291,1821,1780.31
292,1821,1784.41
293,1821,1799.01
294,1821,1789.48
295,1821,1792.01
296,1821,1783.89
297,1821,1775.43
298,1821,1785.45
299,1821,1780.19
Population size,100
Crossover rate,0.22
Mutation rate,0.87
Random selection portion,0.03
Selection method,AForge.Genetic.EliteSelection
Diversity check,True
Iteration,FitnessMax,FitnessAvg
0,1534,1019.52
1,1539,1157.45
2,1569,1264.88
3,1569,1348.41
4,1661,1383.78
5,1661,1433.74
6,1700,1475.43
7,1700,1522.54
8,1705,1538.61
9,1749,1585.01
10,1749,1600.7
11,1786,1628.36
12,1786,1633.67
13,1806,1672.67
14,1821,1686.86
15,1821,1689.76
16,1821,1687.57
17,1821,1700.22
18,1821,1713.71
19,1821,1747.98
20,1821,1719.39
21,1821,1752.13
22,1821,1763.58
23,1821,1755.65
24,1821,1771.1
25,1821,1055.79
26,1821,1169.34
27,1821,1221.55
28,1821,1300.62
29,1821,1377.75
30,1821,1421.43
31,1821,1476.96
32,1821,1550.74
33,1821,1576.91
34,1821,1632.23
35,1821,1651.64
36,1821,1686.05
37,1821,1709.04
38,1821,1741.35
39,1821,1745.95
40,1821,1757.19
41,1821,1765.8
42,1821,1763.42
43,1821,1783.46
44,1821,1027.33
45,1821,1141.8
46,1821,1221.87
47,1821,1313.1
48,1821,1387.55
49,1821,1451.92
50,1821,1513.83
51,1821,1545.99
52,1821,1591.43
53,1821,1614.98
54,1821,1656.74
55,1821,1680.9
56,1821,1681.41
57,1821,1715.56
58,1821,1732.08
59,1821,1730.44
60,1821,1756.89
61,1821,1766.91
62,1821,1085.32
63,1821,1224.16
64,1821,1320.98
65,1821,1380.83
66,1821,1444.94
67,1821,1480.17
68,1821,1514.14
69,1821,1585.02
70,1821,1621.44
71,1821,1649.55
72,1821,1659.41
73,1821,1694.67
74,1821,1708.23
75,1821,1727.3
76,1821,1747.01
77,1821,1764.07
78,1821,1767.69
79,1821,1033.51
80,1821,1148.69
81,1821,1247.56
82,1821,1328.02
83,1821,1388.61
84,1821,1425.77
85,1821,1480.73
86,1821,1533.38
87,1821,1553.63
88,1821,1571.67
89,1821,1612.13
90,1821,1647.77
91,1821,1677.77
92,1821,1701.83
93,1821,1738.85
94,1821,1751.12
95,1821,1750.72
96,1821,1770.32
97,1821,1036.87
98,1821,1153.1
99,1821,1254.38
100,1821,1320.19
101,1821,1391.04
102,1821,1452.38
103,1821,1512.63
104,1821,1577.19
105,1821,1620.45
106,1821,1668.75
107,1821,1703.42
108,1821,1702.69
109,1821,1720.05
110,1821,1744.98
111,1821,1757.06
112,1821,1768.12
113,1821,1020.15
114,1821,1163.08
115,1821,1244.74
116,1821,1336.36
117,1821,1403.18
118,1821,1474.24
119,1821,1528.62
120,1821,1567.16
121,1821,1615.12
122,1821,1648.56
123,1821,1690.2
124,1821,1689
125,1821,1714.72
126,1821,1725.87
127,1821,1741.85
128,1821,1751.75
129,1821,1756.47
130,1821,1747.22
131,1821,1759.68
132,1821,1767.71
133,1821,1024.94
134,1821,1146.09
135,1821,1241.24
136,1821,1312.81
137,1821,1369.21
138,1821,1428.42
139,1821,1488.24
140,1821,1535.55
141,1821,1586.24
142,1821,1637.89
143,1821,1645.79
144,1821,1668.1
145,1821,1693.78
146,1821,1705.5
147,1821,1725.21
148,1821,1741.56
149,1821,1760.6
150,1821,1760.35
151,1821,1762.03
152,1821,1768.31
153,1821,958.71
154,1821,1118.32
155,1821,1216.58
156,1821,1304.29
157,1821,1368.38
158,1821,1440.99
159,1821,1470.19
160,1821,1533.98
161,1821,1568.43
162,1821,1597.26
163,1821,1641.34
164,1821,1671.53
165,1821,1698.39
166,1821,1726.82
167,1821,1730.08
168,1821,1760.21
169,1821,1766.56
170,1821,1090.29
171,1821,1217.96
172,1821,1298.37
173,1821,1384.06
174,1821,1462.04
175,1821,1518.15
176,1821,1564.67
177,1821,1611.43
178,1821,1657.54
179,1821,1662.79
180,1821,1692.84
181,1821,1715.84
182,1821,1714.71
183,1821,1732.79
184,1821,1755.07
185,1821,1769
186,1821,1061.45
187,1821,1163.99
188,1821,1261.87
189,1821,1334.06
190,1821,1367.54
191,1821,1426.21
192,1821,1446.55
193,1821,1527.86
194,1821,1557.61
195,1821,1582.57
196,1821,1613.08
197,1821,1639.37
198,1821,1647.87
199,1821,1662.17
200,1821,1681.42
201,1821,1700.83
202,1821,1719.34
203,1821,1716.55
204,1821,1741.94
205,1821,1750.43
206,1821,1748.2
207,1821,1762.33
208,1821,1752.42
209,1821,1774.89
210,1821,1045.55
211,1821,1178.65
212,1821,1269.29
213,1821,1367.41
214,1821,1458.16
215,1821,1492.31
216,1821,1559.32
217,1821,1605.85
218,1821,1649.11
219,1821,1675.52
220,1821,1695.28
221,1821,1728.38
222,1821,1724.26
223,1821,1756.72
224,1821,1758.89
225,1821,1778.58
226,1821,1028.77
227,1821,1153.25
228,1821,1254.36
229,1821,1301.2
230,1821,1368.04
231,1821,1404.57
232,1821,1473.6
233,1821,1499.46
234,1821,1545.11
235,1821,1560.18
236,1821,1612.14
237,1821,1650.03
238,1821,1686.28
239,1821,1703.24
240,1821,1724.06
241,1821,1735.59
242,1821,1744.25
243,1821,1760.89
244,1821,1774.93
245,1821,988.28
246,1821,1108.91
247,1821,1226.73
248,1821,1325.29
249,1821,1381.9
250,1821,1447.3
251,1821,1509.8
252,1821,1560.63
253,1821,1637.03
254,1821,1654.67
255,1821,1670.36
256,1821,1685.13
257,1821,1708.13
258,1821,1732.36
259,1821,1727.36
260,1821,1758.81
261,1821,1776.97
262,1821,996.16
263,1821,1176.63
264,1821,1268.93
265,1821,1337.22
266,1821,1421.95
267,1821,1458.68
268,1821,1547.02
269,1821,1583.65
270,1821,1619.65
271,1821,1651.58
272,1821,1679.78
273,1821,1710.01
274,1821,1734.76
275,1821,1756.8
276,1821,1753.16
277,1821,1764.43
278,1821,1779.82
279,1821,1055.24
280,1821,1181.9
281,1821,1245.4
282,1821,1340.51
283,1821,1404.88
284,1821,1470.68
285,1821,1524.71
286,1821,1582.74
287,1821,1640.34
288,1821,1668.92
289,1821,1689.79
290,1821,1711
291,1821,1733.4
292,1821,1743.13
293,1821,1742.18
294,1821,1749.99
295,1821,1761.39
296,1821,1773.51
297,1821,1087.97
298,1821,1197.49
299,1821,1292.22
Population size,100
Crossover rate,0.22
Mutation rate,0.87
Random selection portion,0.03
Selection method,AForge.Genetic.EliteSelection
Diversity check,True
Iteration,FitnessMax,FitnessAvg
0,1455,1055.77
1,1502,1187.96
2,1530,1268.58
3,1563,1335.15
4,1613,1387.81
5,1613,1438.51
6,1650,1471.43
7,1650,1491.51
8,1677,1520.12
9,1704,1537.37
10,1713,1542.78
11,1777,1587.52
12,1777,1610.36
13,1777,1616.39
14,1777,1636.49
15,1777,1642.21
16,1777,1669.62
17,1806,1666.42
18,1821,1689.42
19,1821,1703.92
20,1821,1717.83
21,1821,1725.84
22,1821,1743.43
23,1821,1741.66
24,1821,1744.08
25,1821,1770.27
26,1821,1102.81
27,1821,1207.76
28,1821,1308.45
29,1821,1365.2
30,1821,1401.17
31,1821,1460.01
32,1821,1502.81
33,1821,1543.31
34,1821,1593.12
35,1821,1618.11
36,1821,1655.54
37,1821,1674.31
38,1821,1687.56
39,1821,1705.18
40,1821,1726.28
41,1821,1725.49
42,1821,1747.86
43,1821,1747.27
44,1821,1761.94
45,1821,1779.46
46,1821,1034.89
47,1821,1160.5
48,1821,1284.5
49,1821,1337.29
Population size,100
Crossover rate,0.22
Mutation rate,0.87
Random selection portion,0.03
Selection method,AForge.Genetic.EliteSelection
Diversity check,True
Iteration,FitnessMax,FitnessAvg
0,1525,1041.14
1,1535,1181.99
2,1583,1306.35
3,1618,1391.33
4,1653,1435.05
5,1662,1477.77
6,1730,1504.54
7,1730,1535.78
8,1784,1578.85
9,1786,1599.03
10,1786,1634.73
11,1806,1649.4
12,1806,1660.33
13,1821,1677.97
14,1821,1704.29
15,1821,1695.17
16,1821,1727.06
17,1821,1739.11
18,1821,1748.89
19,1821,1769.38
20,1821,992.13
21,1821,1143.53
22,1821,1262.18
23,1821,1351.63
24,1821,1445.06
25,1821,1516.46
26,1821,1580.98
27,1821,1621.97
28,1821,1642.1
29,1821,1689.44
