Population size,100
Crossover rate,0.66
Mutation rate,0.34
Random selection portion,0.03
Selection method,AForge.Genetic.RouletteWheelSelection
Diversity check,False
Iteration,FitnessMax,FitnessAvg
0,877,575.32
1,925,613.95
2,925,652.35
3,925,682.48
4,925,700.46
5,925,702.75
6,925,683.82
7,925,694.28
8,925,701.53
9,925,719.28
10,925,725.03
11,925,715.96
12,925,719.33
13,925,745.83
14,925,746.49
15,925,748.06
16,925,746.19
17,925,750.76
18,925,753.74
19,919,759.12
20,925,747.21
21,925,759.17
22,925,762.77
23,925,780.97
24,919,765.09
25,919,762.62
26,925,759.45
27,925,765.16
28,925,785.55
29,925,792.83
30,925,779.15
31,925,772.01
32,925,778.09
33,925,782.01
34,925,785.17
35,925,768.74
36,925,758.89
37,925,761.85
38,925,762.47
39,925,752.96
40,925,765.97
41,925,759.42
42,925,751.49
43,925,759.55
44,925,761.37
45,925,765.95
46,925,748.37
47,925,751.31
48,925,760.05
49,925,742.51
50,925,759.51
51,925,778.06
52,925,770.81
53,925,798.18
54,925,811.73
55,925,802.02
56,925,802.38
57,925,795.36
58,925,780.2
59,925,781.86
60,925,789.72
61,925,791.12
62,925,780.55
63,925,783.44
64,925,797.05
65,925,777.6
66,925,778.16
67,925,783.59
68,925,748
69,925,749.38
70,925,769.2
71,925,757.95
72,925,749.04
73,925,734.54
74,925,739.78
75,925,746.69
76,925,766.13
77,925,742.8
78,925,753.75
79,925,767.49
80,925,783.36
81,925,773.17
82,925,776.82
83,919,763.04
84,919,766.55
85,919,768.79
86,919,780.62
87,919,779.74
88,919,789.96
89,919,786.6
90,919,773.29
91,919,784.72
92,925,774.85
93,925,768.7
94,919,782.52
95,919,779.85
96,919,782.62
97,919,813.23
98,919,770.36
99,919,779.9
100,919,791.55
101,919,795.58
102,919,803.56
103,919,795.26
104,919,782
105,919,778.41
106,919,775.84
107,919,795.38
108,919,785.45
109,919,793.35
110,925,778.26
111,925,772.79
112,919,782.06
113,919,779.49
114,919,798.99
115,919,792.55
116,919,788.29
117,919,787.92
118,919,766.53
119,919,758.71
120,919,764.66
121,919,762.52
122,919,760
123,919,770.91
124,919,784.67
125,919,778.59
126,919,775.19
127,919,761.09
128,919,756.66
129,919,751.92
130,919,735.67
131,919,742.74
132,919,739.14
133,919,737.93
134,919,718.15
135,919,736.32
136,919,756.47
137,919,744.82
138,919,738.82
139,919,756.52
140,919,748.87
141,919,766.19
142,919,769.5
143,919,790.22
144,919,780.42
145,919,763.57
146,919,788.23
147,919,774.39
148,919,805.56
149,919,789.2
150,919,799.11
151,919,784.8
152,919,795.42
153,919,801.13
154,919,761.78
155,919,749.52
156,919,765.65
157,919,779.42
158,919,749.41
159,919,777.18
160,919,775.61
161,919,777.93
162,919,798.77
163,919,798.58
164,919,807.32
165,919,801.01
166,919,804.47
167,919,806.97
168,919,801.62
169,919,783.1
170,919,773.66
171,919,776.12
172,919,771.75
173,919,770.26
174,919,742.29
175,919,762.14
176,919,762.14
177,919,772.22
178,925,768.65
179,925,774.57
180,925,776.79
181,919,782.59
182,925,779.96
183,925,792.48
184,919,757.87
185,919,785.1
186,919,763.16
187,919,770.12
188,919,762.11
189,919,756.94
190,919,780.29
191,919,751.16
192,919,747.03
193,919,775.16
194,919,753.75
195,919,753.01
196,919,759.14
197,919,780.02
198,919,779.89
199,919,760.86
200,919,758.47
201,919,747.18
202,919,767.94
203,919,759.02
204,894,738.82
205,886,763.45
206,925,749.98
207,886,737.16
208,886,746.09
209,886,741.19
210,894,757.33
211,919,742.99
212,919,753.72
213,919,734.74
214,919,740.53
215,925,765.16
216,925,753.3
217,919,746.85
218,919,764.48
219,919,736.03
220,919,781.87
221,919,759.48
222,919,756.98
223,919,739.14
224,925,741.11
225,925,738.3
226,919,747.49
227,919,747.9
228,919,751.81
229,919,751.07
230,919,750.88
231,919,760.87
232,919,789.68
233,919,805.79
234,919,799.02
235,919,796.69
236,919,768.44
237,919,757.53
238,925,781.85
239,925,780
240,919,766.64
241,919,788.37
242,919,782.01
243,919,779.84
244,919,779.3
245,919,776.92
246,919,747.54
247,919,745.02
248,919,742.48
249,919,763.98
250,919,750.95
251,919,765.34
252,919,773.3
253,919,771.29
254,919,769.17
255,919,758.31
256,919,759.46
257,919,754.57
258,919,766.25
259,919,768.72
260,919,775.89
261,919,780.41
262,919,772.15
263,919,778.89
264,919,777.44
265,919,760.91
266,919,763.23
267,919,772.79
268,919,774.85
269,919,779.77
270,919,798.34
271,919,768.1
272,919,765.01
273,919,785.34
274,919,788.87
275,919,783.94
276,919,785.44
277,919,787.99
278,919,784.77
279,919,809.46
280,919,804.72
281,919,808.32
282,919,818.21
283,919,820.15
284,925,804.92
285,925,792.71
286,925,787.7
287,919,792.27
288,919,792.08
289,919,791.3
290,919,782.52
291,919,776.2
292,919,776.03
293,919,774.05
294,919,764.93
295,894,780.42
296,919,780.19
297,919,795.63
298,919,792.2
299,919,783.58
Population size,100
Crossover rate,0.66
Mutation rate,0.34
Random selection portion,0.03
Selection method,AForge.Genetic.RouletteWheelSelection
Diversity check,True
Iteration,FitnessMax,FitnessAvg
0,894,524.62
1,919,589.51
2,919,585.69
3,919,603.53
4,919,631.44
5,925,681.72
6,925,700.4
7,925,710.26
8,925,726.53
9,925,713.44
10,925,708.35
11,925,709.48
12,925,734.66
13,925,743.03
14,925,740.48
15,925,726.28
16,925,746.48
17,925,738.85
18,925,731.83
19,925,750.81
20,925,760.57
21,925,772.95
22,925,781.43
23,925,798.43
24,925,783.37
25,925,805.49
26,925,810.2
27,925,802.04
28,925,789.7
29,925,801.34
30,925,780.46
31,925,811.04
32,925,801.36
33,925,788.94
34,925,791.17
35,925,805.69
36,919,792.47
37,919,809.11
38,919,825.64
39,919,818.83
40,919,793.73
41,919,785.71
42,919,794.34
43,919,797.26
44,919,790.44
45,919,783.18
46,919,792.77
47,919,756.46
48,925,767.3
49,925,768.49
50,925,794.36
51,925,811.05
52,925,805.15
53,925,793.92
54,919,786.59
55,919,777.18
56,919,762.56
57,919,758.88
58,919,749.43
59,919,770.28
60,919,758.44
61,919,779.92
62,919,776.02
63,919,770.06
64,919,788.08
65,919,790.46
66,919,782.03
67,919,795.6
68,919,781.04
69,919,792.02
70,919,767.58
71,919,766.7
72,919,768.01
73,919,765.84
74,919,747.14
75,919,745.17
76,919,746.25
77,919,752.83
78,919,769.01
79,919,775.39
80,919,769.8
81,919,773.24
82,894,795.63
83,919,809.01
84,894,805.85
85,894,793.9
86,919,811.43
87,919,780.84
88,919,780.41
89,925,805.58
90,894,797.15
91,894,799.13
92,894,784.98
93,894,802.45
94,894,795.34
95,894,782.74
96,894,771.37
97,894,767.05
98,894,769.88
99,894,791.73
100,894,783.35
101,894,778.26
102,894,782.35
103,894,771.75
104,894,778.06
105,894,782.76
106,894,796.67
107,894,798.46
108,894,821.69
109,894,812.09
110,894,804.2
111,894,805.55
112,894,806.1
113,894,794.17
114,919,812.67
115,919,782.05
116,919,788.01
117,925,769.6
118,919,768.7
119,919,800.7
120,919,778.4
121,919,827.79
122,919,821.56
123,919,829.48
124,919,822.79
125,919,817.58
126,919,803.64
127,919,797.36
128,919,810.66
129,919,804.49
130,919,806.54
131,919,800.73
132,919,778.91
133,925,783.59
134,925,782.41
135,919,805.2
136,894,776.37
137,894,766.07
138,894,768.97
139,919,766.54
140,919,791.9
141,919,792.93
142,919,777.33
143,919,771.09
144,919,771.34
145,919,791.52
146,919,779.1
147,919,790.52
148,919,776.19
149,919,754.34
150,919,768.6
151,919,767.84
152,919,781.52
153,919,759.94
154,919,776.56
155,919,774.04
156,919,760.25
157,919,782.94
158,919,767.05
159,919,796.52
160,919,780.06
161,919,787.5
162,919,769.47
163,919,767.29
164,919,740.24
165,919,755.59
166,919,783.24
167,919,768.09
168,919,761.88
169,919,761.11
170,919,753.59
171,919,757.8
172,894,770.04
173,919,762.38
174,919,779.93
175,894,752.2
176,894,757.35
177,894,763.97
178,894,772.45
179,919,783.22
180,919,764.34
181,894,764.69
182,894,761.4
183,919,759.83
184,919,750.53
185,925,770.09
186,919,762.8
187,919,759.66
188,919,761.71
189,919,759.28
190,919,768.51
191,919,764.94
192,919,771.67
193,919,766.54
194,919,776.78
195,919,768.75
196,919,798.24
197,919,780.66
198,919,752.34
199,919,757.43
200,919,757.65
201,919,771.48
202,894,782.31
203,919,776.29
204,919,773.84
205,894,792.77
206,894,794.01
207,919,788.25
208,919,785.73
209,919,776.12
210,919,776.74
211,919,775.05
212,919,772.61
213,919,779.77
214,919,770.9
215,919,767.08
216,919,733.02
217,919,739.94
218,919,753.53
219,919,752.33
220,919,761.87
221,919,782.12
222,919,800.37
223,925,806.39
224,925,811.98
225,925,793.78
226,925,800.32
227,925,804.24
228,925,795.23
229,925,795.17
230,925,787.15
231,925,788.51
232,925,779.27
233,919,791.11
234,919,791.78
235,919,802.39
236,919,800.7
237,919,794.91
238,919,809.27
239,919,795.65
240,919,790.97
241,919,818.47
242,919,791.44
243,919,782.33
244,919,770.77
245,919,772.62
246,919,772.1
247,919,770.51
248,919,775.35
249,919,792.06
250,919,807.4
251,919,790.58
252,919,813.14
253,919,822.09
254,925,801.55
255,925,796.87
256,919,804.9
257,919,809.57
258,919,794.06
259,919,802.7
260,919,783.58
261,919,785.85
262,919,787.91
263,919,795.98
264,919,811.26
265,919,802.86
266,919,806.13
267,919,818.71
268,919,806.04
269,925,811.02
270,925,798.92
271,925,783.31
272,925,787.25
273,919,781.55
274,919,768.27
275,919,745.13
276,925,768.54
277,925,762.23
278,925,768.27
279,925,780.9
280,919,810.08
281,919,767.76
282,919,741.1
283,919,746.76
284,919,780.39
285,919,777.18
286,919,803.76
287,919,783.13
288,919,787.69
289,919,790.1
290,919,789.14
291,919,781.67
292,919,779.05
293,919,779.02
294,919,793.53
295,919,795.47
296,919,793.22
297,919,786.89
298,919,782.35
299,919,793.21
Population size,100
Crossover rate,0.51
Mutation rate,0.79
Random selection portion,0.03
Selection method,AForge.Genetic.RankSelection
Diversity check,True
Iteration,FitnessMax,FitnessAvg
0,883,272.49
1,883,409.79
2,833,488.39
3,833,555.35
4,925,567.34
5,925,681.62
6,925,686.71
7,925,721.63
8,925,738.25
9,925,758.04
10,925,731.62
11,925,769.5
12,925,768.51
13,925,785.57
14,925,763.73
15,925,807.15
16,925,773.45
17,925,777.82
18,925,803.13
19,925,790.46
20,925,820.27
21,925,827.05
22,925,769.08
23,925,759.4
24,925,807.48
25,925,793.71
26,925,834.06
27,925,844.79
28,925,831.86
29,925,839.77
30,925,840.65
31,925,845.99
32,925,857.16
33,925,831.02
34,925,826.62
35,925,822.27
36,925,831.56
37,925,840.72
38,925,829.19
39,925,846.9
40,925,831.88
41,925,824.99
42,925,826.69
43,925,804.17
44,925,802.33
45,925,826.55
46,925,833.94
47,925,875.32
48,925,859.35
49,925,853.05
50,925,845.52
51,925,829.28
52,925,804.93
53,925,823.84
54,925,838.61
55,925,816.19
56,925,814.78
57,925,821.36
58,925,814.28
59,925,805.3
60,925,788.14
61,925,832.38
62,925,867.83
63,925,849.19
64,925,858.3
65,925,855.78
66,925,823.38
67,925,801.02
68,925,786.2
69,925,823.67
70,925,827.83
71,925,815.05
72,925,856.62
73,925,851.62
74,925,822.19
75,925,809.46
76,925,821.51
77,925,864.3
78,925,807.58
79,925,867.61
80,925,855.49
81,925,862.73
82,925,856.34
83,925,852.7
84,925,874.67
85,925,860.18
86,925,820.55
87,925,791.37
88,925,789.75
89,925,777.22
90,925,775.25
91,925,846.58
92,925,827.83
93,925,836.74
94,925,869.29
95,925,855.25
96,925,852.98
97,925,839.19
98,925,834.35
99,925,815.73
100,925,797.48
101,925,826.41
102,925,839.25
103,925,821.28
104,925,812.93
105,925,815.78
106,925,816.47
107,925,850.49
108,925,817.68
109,925,865.12
110,925,853.56
111,925,834.76
112,925,851.06
113,925,837.53
114,925,844.21
115,925,803.91
116,925,850.15
117,925,821.27
118,925,851.6
119,925,839.76
120,925,839.98
121,925,851.84
122,925,880.46
123,925,876.42
124,925,860.28
125,925,864.6
126,925,846.62
127,925,818.96
128,925,825.48
129,925,830.75
130,925,825.34
131,925,829.57
132,925,863.1
133,925,840.08
134,925,823.87
135,925,806.8
136,925,830.72
137,925,801.55
138,925,797
139,925,802.26
140,925,802.63
141,925,835.03
142,925,843.89
143,925,857.75
144,925,861.83
145,925,859.07
146,925,883.06
147,925,825.21
148,925,823.43
149,925,791.03
150,925,861.96
151,925,816.93
152,925,823.83
153,925,858.9
154,925,854.55
155,925,869.42
156,925,838.96
157,925,851.82
158,925,856.39
159,925,855.72
160,925,839.08
161,925,872.35
162,925,841.02
163,925,843.96
164,925,850.49
165,925,832.48
166,925,810.86
167,925,803.63
168,925,810.08
169,925,790.11
170,925,803.61
171,925,812.37
172,925,809.56
173,925,784.01
174,925,837.71
175,925,858.34
176,925,865.59
177,925,844.24
178,925,817.31
179,925,844.57
180,925,849.23
181,925,825.24
182,925,822.41
183,925,823.71
184,925,831.52
185,925,846.75
186,925,831.77
187,925,835.6
188,925,821.03
189,925,797.48
190,925,815.2
191,925,848.62
192,925,831.74
193,925,835.17
194,925,864.36
195,925,869.1
196,925,843.21
197,925,845.11
198,925,817.19
199,925,776.51
200,925,763.89
201,925,851.17
202,925,833.32
203,925,846.87
204,925,841.19
205,925,820.04
206,925,831.72
207,925,820.84
208,925,838.41
209,925,841.05
210,925,840.52
211,925,866.27
212,925,838.66
213,925,851.19
214,925,835.08
215,925,836.42
216,925,866.25
217,925,845.84
218,925,844.05
219,925,818.26
220,925,836.26
221,925,848.26
222,925,836.49
223,925,829.88
224,925,863.77
225,925,867.58
226,925,864.95
227,925,839.52
228,925,838.3
229,925,834.42
230,925,832.43
231,925,827.18
232,925,823.32
233,925,818.82
234,925,852.12
235,925,816.49
236,925,836.27
237,925,852.37
238,925,830.84
239,925,830.59
240,925,850.02
241,925,820.63
242,925,825.71
243,925,842.48
244,925,837.21
245,925,848.18
246,925,852.69
247,925,863.01
248,925,848.38
249,925,859.25
250,925,836.12
251,925,834.84
252,925,839.52
253,925,843.44
254,925,844.98
255,925,793.32
256,925,833.36
257,925,837.96
258,925,817.13
259,925,805.7
260,925,745.6
261,925,790.11
262,925,749.81
263,925,793.82
264,925,803.26
265,925,807.84
266,925,843.08
267,925,859.99
268,925,827.47
269,925,817.71
270,925,806.4
271,925,833.5
272,925,831.58
273,925,843.52
274,925,802.76
275,925,834.61
276,925,830.08
277,925,840.02
278,925,865.8
279,925,843.19
280,925,821.3
281,925,871.29
282,925,859.39
283,925,857.76
284,925,858.92
285,925,827.43
286,925,846.33
287,925,841.79
288,925,845.61
289,925,838.7
290,925,839.32
291,925,841.77
292,925,828.23
293,925,856.32
294,925,856.69
295,925,844.2
296,925,837.51
297,925,862.24
298,925,840.59
299,925,837.51
Population size,100
Crossover rate,0.51
Mutation rate,0.79
Random selection portion,0.03
Selection method,AForge.Genetic.RankSelection
Diversity check,False
Iteration,FitnessMax,FitnessAvg
0,772,262.97
1,757,394.03
2,883,520.63
3,925,584.54
4,925,631.73
5,925,694.85
6,925,728.78
7,925,760.04
8,925,795.44
9,925,807.86
10,925,812.89
11,925,828.38
12,925,840.06
13,925,821.05
14,925,797.88
15,925,827.96
16,925,806.49
17,925,809.2
18,925,804.29
19,925,797.45
20,925,801.34
21,925,825.67
22,925,818.99
23,925,819.41
24,925,846.89
25,925,836.52
26,925,799.74
27,925,819.78
28,925,803.72
29,925,819.17
30,925,807.34
31,925,834.86
32,925,766.68
33,925,780.66
34,925,825.92
35,925,832.8
36,925,838.33
37,925,809.67
38,925,869.99
39,925,851.39
40,925,809.03
41,925,796.74
42,925,802.65
43,925,814
44,925,815.31
45,925,830.11
46,925,853.17
47,925,845.82
48,925,828.8
49,925,848.89
50,925,833.44
51,925,851.98
52,925,838.02
53,925,836.98
54,925,855.05
55,925,843.65
56,925,762.65
57,925,795.49
58,925,839.08
59,925,850.16
60,925,838.1
61,925,844.9
62,925,838.32
63,925,834.95
64,925,839.92
65,925,850.1
66,925,861.73
67,925,814.04
68,925,827.6
69,925,843.74
70,925,818.81
71,925,801.77
72,925,795.1
73,925,866.97
74,925,844.58
75,925,829.61
76,925,825.18
77,925,836.93
78,925,817.98
79,925,846.55
80,925,845.92
81,925,837.66
82,925,864.93
83,925,875.05
84,925,854.06
85,925,821.63
86,925,839.85
87,925,857.03
88,925,857.35
89,925,866.27
90,925,841.5
91,925,830.51
92,925,815.89
93,925,812.97
94,925,838.03
95,925,844.03
96,925,845.63
97,925,831.47
98,925,844.77
99,925,823.79
100,925,840.72
101,925,844.64
102,925,839.27
103,925,855.42
104,925,853.5
105,925,838.16
106,925,841.81
107,925,860.73
108,925,831.2
109,925,844.89
110,925,833.9
111,925,821.31
112,925,856.12
113,925,862.83
114,925,850.01
115,925,839.54
116,925,841.8
117,925,812.06
118,925,838.25
119,925,823.59
120,925,825.4
121,925,839.92
122,925,816.31
123,925,821.36
124,925,828.29
125,925,855.21
126,925,835.82
127,925,822.37
128,925,855.59
129,925,838.15
130,925,827.54
131,925,863.75
132,925,845.6
133,925,837.93
134,925,829.28
135,925,845.81
136,925,804.71
137,925,843.39
138,925,824.57
139,925,830.49
140,925,868.11
141,925,858.4
142,925,840.47
143,925,810.35
144,925,890.89
145,925,857.19
146,925,852.56
147,925,852.97
148,925,824.49
149,925,852.53
150,925,879.68
151,925,819.94
152,925,819.84
153,925,792.03
154,925,801.03
155,925,803.29
156,925,817.68
157,925,808.34
158,925,838.81
159,925,813.16
160,925,797.93
161,925,841.33
162,925,822.42
163,925,828.83
164,925,832.33
165,925,855.49
166,925,843.34
167,925,844.97
168,925,835.35
169,925,829.59
170,925,851.61
171,925,850.53
172,925,849.66
173,925,846.25
174,925,855.46
175,925,848.67
176,925,860.39
177,925,873.81
178,925,860.17
179,925,870.14
180,925,867.94
181,925,871.13
182,925,859.33
183,925,860.63
184,925,818.36
185,925,843.55
186,925,851.57
187,925,840.59
188,925,854.63
189,925,856.58
190,925,845.47
191,925,857.33
192,925,864.89
193,925,836.49
194,925,810.27
195,925,825.31
196,925,821.06
197,925,825.76
198,925,843.54
199,925,843.53
200,925,845.23
201,925,836.26
202,925,845.82
203,925,869.74
204,925,841.98
205,925,840.99
206,925,865.82
207,925,880.31
208,925,852.05
209,925,853.89
210,925,862.41
211,925,850.85
212,925,844.88
213,925,847.57
214,925,830.42
215,925,885.27
216,925,876.36
217,925,817.51
218,925,803.44
219,925,804.02
220,925,819.5
221,925,818.49
222,925,844.28
223,925,812.81
224,925,819.57
225,925,817.03
226,925,822.14
227,925,812.27
228,925,818.41
229,925,833.3
230,925,799.38
231,925,841.36
232,925,828.93
233,925,813.77
234,925,834.89
235,925,835.7
236,925,833.03
237,925,791.07
238,925,808.47
239,925,779.77
240,925,817.01
241,925,871.18
242,925,847.12
243,925,808.83
244,925,761.76
245,925,812.95
246,925,776.51
247,925,820.41
248,925,817.98
249,925,839.38
250,925,852.08
251,925,837.08
252,925,812.24
253,925,808.64
254,925,818.1
255,925,807.36
256,925,802.14
257,925,832.54
258,925,808.26
259,925,833.25
260,925,822.23
261,925,816.62
262,925,862.38
263,925,818.62
264,925,836.85
265,925,873.96
266,925,853.64
267,925,844.51
268,925,823.61
269,925,866.68
270,925,835.51
271,925,837.96
272,925,866.33
273,925,868.59
274,925,857.59
275,925,845.2
276,925,852.23
277,925,818.81
278,925,818.62
279,925,822.45
280,925,820.84
281,925,832.84
282,925,845.2
283,925,805.95
284,925,840.39
285,925,864.09
286,925,861.32
287,925,873.3
288,925,848.48
289,925,844.46
290,925,856.08
291,925,825.34
292,925,834.45
293,925,822.43
294,925,827.18
295,925,873.7
296,925,821.6
297,925,826.08
298,925,815.79
299,925,835.06
Population size,100
Crossover rate,0.22
Mutation rate,0.87
Random selection portion,0.03
Selection method,AForge.Genetic.EliteSelection
Diversity check,False
Iteration,FitnessMax,FitnessAvg
0,875,348.62
1,883,557.41
2,925,632.38
3,925,703.62
4,925,768.63
5,925,801.62
6,925,821.12
7,925,837.23
8,925,840.19
9,925,854.1
10,925,869.31
11,925,865.04
12,925,864.92
13,925,883.52
14,925,875.34
15,925,892.8
16,925,889.16
17,925,893.51
18,925,904.2
19,925,901.6
20,925,903.74
21,925,905.08
22,925,904.05
23,925,897.25
24,925,908.42
25,925,904.49
26,925,902.85
27,925,905.67
28,925,902.09
29,925,904.63
30,925,912.14
31,925,910.76
32,925,912.95
33,925,910.34
34,925,903.23
35,925,912.52
36,925,901.59
37,925,902.9
38,925,901.27
39,925,905.84
40,925,897.25
41,925,908.63
42,925,905.58
43,925,897.25
44,925,908.53
45,925,901.75
46,925,902.55
47,925,897.25
48,925,899.37
49,925,902.61
50,925,904.96
51,925,911.71
52,925,897.25
53,925,903.35
54,925,905.58
55,925,903.79
56,925,906.55
57,925,906.37
58,925,912.75
59,925,904.17
60,925,897.25
61,925,902.49
62,925,903.29
63,925,907.96
64,925,904.41
65,925,906.12
66,925,903.23
67,925,900.86
68,925,905.89
69,925,904.83
70,925,901.44
71,925,902.31
72,925,910.49
73,925,901.61
74,925,908.17
75,925,903.09
76,925,897.25
77,925,904.7
78,925,901.94
79,925,904.06
80,925,902.44
81,925,902.05
82,925,898.95
83,925,905.95
84,925,899.21
85,925,900.32
86,925,902.23
87,925,910.38
88,925,906.99
89,925,900.88
90,925,900.38
91,925,901.22
92,925,903.53
93,925,905.07
94,925,907.75
95,925,897.25
96,925,901
97,925,904.81
98,925,897.25
99,925,897.25
100,925,908.58
101,925,897.25
102,925,907.45
103,925,913.69
104,925,903.65
105,925,909.15
106,925,912.46
107,925,913.12
108,925,907.34
109,925,897.25
110,925,903.68
111,925,901.35
112,925,897.25
113,925,903.67
114,925,909.62
115,925,903.93
116,925,897.25
117,925,902.3
118,925,897.25
119,925,897.25
120,925,897.25
121,925,908.79
122,925,897.25
123,925,900.24
124,925,907.42
125,925,897.25
126,925,900.85
127,925,908.76
128,925,909.09
129,925,899.93
130,925,905.13
131,925,901.05
132,925,904
133,925,901.36
134,925,909.3
135,925,897.25
136,925,902.68
137,925,900.24
138,925,906.25
139,925,901
140,925,905.32
141,925,897.25
142,925,903.63
143,925,897.25
144,925,910.28
145,925,909.03
146,925,908.83
147,925,900.95
148,925,899.93
149,925,908.98
150,925,900.94
151,925,897.25
152,925,901.94
153,925,908.46
154,925,908.8
155,925,897.25
156,925,907
157,925,901
158,925,899.65
159,925,902.87
160,925,906.27
161,925,902.62
162,925,913.63
163,925,897.25
164,925,898.34
165,925,906.13
166,925,904.87
167,925,897.25
168,925,899.18
169,925,904.48
170,925,900.81
171,925,902.82
172,925,901.95
173,925,903.62
174,925,909.26
175,925,900.36
176,925,903.09
177,925,907.4
178,925,900.26
179,925,902.98
180,925,901.39
181,925,897.25
182,925,899.29
183,925,905.5
184,925,909.26
185,925,897.25
186,925,914.27
187,925,902.01
188,925,897.25
189,925,903.48
190,925,897.25
191,925,904.19
192,925,897.25
193,925,897.25
194,925,905.03
195,925,902.92
196,925,908.52
197,925,913.41
198,925,897.25
199,925,908.08
200,925,903.77
201,925,901.23
202,925,901.35
203,925,909.13
204,925,897.25
205,925,908.07
206,925,907.65
207,925,903.27
208,925,901.95
209,925,907.12
210,925,897.25
211,925,897.25
212,925,900.28
213,925,905.7
214,925,905.71
215,925,909.78
216,925,902.36
217,925,902.96
218,925,897.25
219,925,897.25
220,925,897.25
221,925,901.78
222,925,902.93
223,925,901.3
224,925,909.57
225,925,903.43
226,925,897.25
227,925,908.82
228,925,901.94
229,925,906.92
230,925,901.81
231,925,902.84
232,925,902.05
233,925,900.94
234,925,908.87
235,925,903.14
236,925,903.35
237,925,903.16
238,925,897.25
239,925,902.53
240,925,903.6
241,925,901.21
242,925,897.25
243,925,903.29
244,925,901.47
245,925,904.45
246,925,905.25
247,925,897.25
248,925,902.34
249,925,902.69
250,925,897.25
251,925,913.88
252,925,905.06
253,925,897.25
254,925,902.78
255,925,901.94
256,925,897.25
257,925,901.77
258,925,902.84
259,925,903.46
260,925,897.25
261,925,902.89
262,925,908.87
263,925,900.8
264,925,915.02
265,925,897.25
266,925,907.2
267,925,912.42
268,925,902.15
269,925,900.38
270,925,908.37
271,925,907.85
272,925,905.52
273,925,901.97
274,925,908.17
275,925,900.97
276,925,903.73
277,925,901.16
278,925,907.49
279,925,905.96
280,925,908.45
281,925,897.25
282,925,897.25
283,925,901.72
284,925,903.02
285,925,904.74
286,925,899.21
287,925,910.38
288,925,897.25
289,925,903.43
290,925,908.96
291,925,903.49
292,925,902.28
293,925,899.71
294,925,906.19
295,925,897.25
296,925,906.31
297,925,902.36
298,925,909.44
299,925,897.25
Population size,100
Crossover rate,0.22
Mutation rate,0.87
Random selection portion,0.03
Selection method,AForge.Genetic.EliteSelection
Diversity check,True
Iteration,FitnessMax,FitnessAvg
0,875,507.31
1,883,611.26
2,883,668.41
3,886,715.77
4,919,767
5,919,792.27
6,925,817.13
7,925,839.33
8,925,849.55
9,925,862.11
10,925,858.98
11,925,869.45
12,925,881.93
13,925,879.84
14,925,885.09
15,925,890.02
16,925,892.48
17,925,895.96
18,925,896.73
19,925,904.15
20,925,507.86
21,925,640.32
22,925,720.58
23,925,752.01
24,925,797.41
25,925,831.18
26,925,856.22
27,925,862.98
28,925,876.6
29,925,874.56
30,925,896.47
31,925,881.79
32,925,886.72
33,925,897.98
34,925,500.38
35,925,644.73
36,925,708.87
37,925,760.57
38,925,790.34
39,925,823.14
40,925,847.42
41,925,855.65
42,925,860.5
43,925,873.23
44,925,871.19
45,925,876.09
46,925,884.17
47,925,887.23
48,925,895.05
49,925,897.95
50,925,499.03
51,925,657.77
52,925,735.08
53,925,791.5
54,925,815.4
55,925,834.71
56,925,850.55
57,925,864.85
58,925,869.7
59,925,873.2
60,925,883.37
61,925,883.69
62,925,892.32
63,925,899.55
64,925,447.44
65,925,578.28
66,925,666.7
67,925,727.12
68,925,779.16
69,925,807.33
70,925,832.99
71,925,850.7
72,925,858.43
73,925,869.65
74,925,871.27
75,925,870.73
76,925,875.92
77,925,892.98
78,925,896.03
79,925,898.44
80,925,508.36
81,925,613.37
82,925,694.97
83,925,751.87
84,925,781.14
85,925,808.37
86,925,841.09
87,925,846.29
88,925,863.22
89,925,868.11
90,925,870.14
91,925,876.72
92,925,876.03
93,925,882.03
94,925,878.96
95,925,877.52
96,925,892.46
97,925,885.12
98,925,889.74
99,925,893.38
100,925,891.78
101,925,900.45
102,925,459.87
103,925,579.07
104,925,648.04
105,925,711.09
106,925,755.39
107,925,803.61
108,925,833.2
109,925,851.02
110,925,858.39
111,925,866.27
112,925,874.44
113,925,877.4
114,925,875.56
115,925,887.15
116,925,890.87
117,925,908.28
118,925,549.85
119,925,642.4
120,925,708.47
121,925,769.78
122,925,795.9
123,925,822.76
124,925,836.66
125,925,847.28
126,925,852.82
127,925,860.02
128,925,873.26
129,925,877.49
130,925,884.9
131,925,882.69
132,925,878.14
133,925,895.05
134,925,891.42
135,925,902.76
136,925,482.8
137,925,590.46
138,925,657.82
139,925,721.61
140,925,756.07
141,925,788.76
142,925,818.29
143,925,836.83
144,925,850.42
145,925,863.37
146,925,880.06
147,925,877.92
148,925,898.13
149,925,424.77
150,925,591.3
151,925,667.23
152,925,719.18
153,925,749.98
154,925,786.39
155,925,806.85
156,925,836.45
157,925,842.45
158,925,857.09
159,925,863.96
160,925,860.99
161,925,876.02
162,925,871.92
163,925,887.14
164,925,875.78
165,925,884.15
166,925,886.65
167,925,888.24
168,925,884.92
169,925,890.36
170,925,903.02
171,925,374.03
172,925,553.98
173,925,649.37
174,925,706.5
175,925,770.45
176,925,811.62
177,925,822.49
178,925,845.63
179,925,861.67
180,925,867.76
181,925,867.45
182,925,873.9
183,925,883.71
184,925,874.95
185,925,886.52
186,925,892.55
187,925,885.45
188,925,886.08
189,925,890.24
190,925,890.92
191,925,905.05
192,925,443.62
193,925,603
194,925,671.19
195,925,728.87
196,925,783.46
197,925,826.64
198,925,836.45
199,925,861.18
200,925,867.36
201,925,886.23
202,925,890.1
203,925,885.71
204,925,898.61
205,925,550.13
206,925,640.56
207,925,711.3
208,925,749.83
209,925,783.75
210,925,822.17
211,925,841.88
212,925,866.77
213,925,854.89
214,925,868.22
215,925,874.02
216,925,874.29
217,925,878.77
218,925,889.28
219,925,893.33
220,925,888.9
221,925,905.48
222,925,498.44
223,925,636.74
224,925,714.7
225,925,765.59
226,925,796.83
227,925,825.76
228,925,835.13
229,925,853.05
230,925,857.66
231,925,869.02
232,925,867.64
233,925,885.84
234,925,882.04
235,925,883.63
236,925,885.49
237,925,898.54
238,925,423.65
239,925,628.69
240,925,711.55
241,925,764.32
242,925,796.55
243,925,821.45
244,925,833.32
245,925,847.69
246,925,856.34
247,925,855.77
248,925,864.84
249,925,873.15
250,925,872.24
251,925,877.15
252,925,878.1
253,925,891.19
254,925,896.02
255,925,895.7
256,925,894.54
257,925,894.91
258,925,895.61
259,925,905.98
260,925,503.66
261,925,623.02
262,925,686.31
263,925,746.86
264,925,777.69
265,925,809.41
266,925,836.82
267,925,851.75
268,925,855.43
269,925,855
270,925,864.94
271,925,868.07
272,925,874.77
273,925,884.45
274,925,877.33
275,925,880.47
276,925,889.99
277,925,883.76
278,925,892.07
279,925,888.9
280,925,891.69
281,925,892.83
282,925,898.15
283,925,458.19
284,925,605.63
285,925,672.75
286,925,729.09
287,925,783.46
288,925,816.11
289,925,827.18
290,925,850.81
291,925,873.16
292,925,868.45
293,925,864.76
294,925,873.92
295,925,881.99
296,925,880.46
297,925,897.54
298,925,387.09
299,925,616.41
Population size,100
Crossover rate,0.22
Mutation rate,0.87
Random selection portion,0.03
Selection method,AForge.Genetic.EliteSelection
Diversity check,True
Iteration,FitnessMax,FitnessAvg
0,824,502.44
1,875,609.73
2,894,679.98
3,894,732.01
4,919,770.46
5,919,807.11
6,919,814.68
7,919,840.52
8,919,846.68
9,919,854.91
10,919,867.44
11,919,871.7
12,919,868.74
13,919,872.12
14,919,879.37
15,919,885.21
16,919,882.44
17,919,886.64
18,919,895.33
19,919,374.13
20,919,555.45
21,925,660.58
22,925,713.44
23,925,772.85
24,925,811.78
25,925,834.1
26,925,844.24
27,925,854.44
28,925,867.96
29,925,866.64
30,925,872.9
31,925,880.55
32,925,881.63
33,925,884.4
34,925,900.25
35,925,369.62
36,925,564.44
37,925,634.98
38,925,689.86
39,925,740.76
40,925,798.46
41,925,829.22
42,925,847.71
43,925,854.44
44,925,868.23
45,925,879.31
46,925,885.43
47,925,886.84
48,925,894.35
49,925,897.36
Population size,100
Crossover rate,0.22
Mutation rate,0.87
Random selection portion,0.03
Selection method,AForge.Genetic.EliteSelection
Diversity check,True
Iteration,FitnessMax,FitnessAvg
0,919,427.25
1,919,606.73
2,919,683.37
3,919,758.41
4,925,803.46
5,925,823.34
6,925,841.18
7,925,852.34
8,925,853.35
9,925,862.69
10,925,875.04
11,925,875.65
12,925,883.3
13,925,890.59
14,925,893.27
15,925,903.77
16,925,489.31
17,925,588.38
18,925,660.77
19,925,724.09
20,925,780.42
21,925,816.41
22,925,836.62
23,925,840.74
24,925,838.97
25,925,850.92
26,925,853.71
27,925,863.55
28,925,864.84
29,925,866.79
