Population size,100
Crossover rate,0.66
Mutation rate,0.34
Random selection portion,0.03
Selection method,AForge.Genetic.RouletteWheelSelection
Diversity check,False
Iteration,FitnessMax,FitnessAvg
0,1843,1256.49
1,1752,1320.85
2,1808,1325.29
3,1808,1389.79
4,1808,1414.92
5,1905,1411.66
6,2054,1449.56
7,2054,1509.2
8,2054,1533.61
9,2054,1597.73
10,2148,1627.89
11,2148,1603.24
12,2148,1623.79
13,2148,1611.16
14,2148,1628.6
15,2080,1586.82
16,2066,1645.79
17,2056,1678.67
18,2090,1705.46
19,2024,1633.58
20,2141,1677.03
21,2264,1677.5
22,2264,1652.14
23,2008,1652.44
24,2140,1730.84
25,2140,1746.12
26,2140,1717.35
27,2319,1729.33
28,2187,1731.41
29,2187,1743.2
30,2187,1714.9
31,2187,1726.39
32,2049,1710.92
33,2049,1740.36
34,2049,1739.48
35,2101,1754.24
36,2101,1717.25
37,2101,1724.2
38,2101,1762.72
39,2097,1808.63
40,2230,1784.67
41,2291,1814.04
42,2291,1836.78
43,2291,1872.31
44,2259,1872.92
45,2259,1887.54
46,2259,1881.29
47,2259,1878.7
48,2259,1860.47
49,2230,1895.98
50,2230,1860.22
51,2330,1911.13
52,2330,1904.62
53,2330,1888.12
54,2330,1881.02
55,2326,1873.72
56,2326,1911.54
57,2326,1877.75
58,2259,1865.49
59,2326,1864.83
60,2326,1853.49
61,2326,1928.5
62,2326,1965.16
63,2326,1966.77
64,2326,1960.84
65,2326,1969.32
66,2326,1942.42
67,2326,1960.04
68,2326,1938.55
69,2326,1920.07
70,2326,1971.86
71,2326,1972.12
72,2326,1966.84
73,2326,1992.17
74,2326,2022.86
75,2326,2012.35
76,2326,1966.7
77,2326,1964.36
78,2326,1913.39
79,2326,1941.93
80,2326,1957.89
81,2326,1958.81
82,2326,1934.51
83,2326,1964.21
84,2326,2045.61
85,2326,1993.02
86,2326,1971.12
87,2326,2012.33
88,2326,1991.08
89,2335,1963.34
90,2341,1923.34
91,2280,1907.33
92,2287,1882.9
93,2287,1915.69
94,2286,1879.17
95,2286,1852.22
96,2286,1849.24
97,2298,1854.53
98,2298,1825.76
99,2298,1915.06
100,2365,1901.08
101,2365,1906.93
102,2326,1937.22
103,2387,1946.5
104,2326,1940.77
105,2365,1957.21
106,2326,1901.38
107,2326,1938.47
108,2326,1968.29
109,2326,1923.09
110,2365,1961.16
111,2365,1934.46
112,2265,1901.65
113,2326,1915.81
114,2326,1929.76
115,2326,1991.87
116,2326,1938.67
117,2335,1923.21
118,2335,1906.64
119,2326,1978.35
120,2326,1960.11
121,2326,1915.27
122,2326,1879.68
123,2365,1926.81
124,2365,1932.52
125,2326,1900.03
126,2326,1917.54
127,2287,1933.22
128,2400,1922.58
129,2400,1924.42
130,2400,1911.29
131,2281,1929.91
132,2281,1917.98
133,2281,1921.37
134,2281,1879.89
135,2326,1878.29
136,2326,1929.12
137,2326,1879.43
138,2192,1875.37
139,2192,1825.04
140,2258,1848.14
141,2265,1864.43
142,2326,1857.03
143,2365,1886.98
144,2226,1881.08
145,2289,1885.79
146,2326,1877.11
147,2326,1873.08
148,2326,1855.75
149,2326,1902.76
150,2281,1952.49
151,2263,1932.95
152,2263,1920.75
153,2302,1927.19
154,2302,1936.78
155,2342,1903.43
156,2289,1928.09
157,2289,1919.35
158,2281,1932.95
159,2336,1913.12
160,2269,1919.48
161,2269,1926.28
162,2326,1940.32
163,2241,1883.16
164,2263,1881.11
165,2263,1885.56
166,2326,1867.05
167,2263,1833.91
168,2263,1884.81
169,2320,1895.53
170,2320,1918.27
171,2374,1921.84
172,2374,1939.47
173,2374,1916.34
174,2308,1929.57
175,2308,1985.29
176,2308,1924.92
177,2374,1945.8
178,2374,1920.99
179,2374,1916.05
180,2360,1897.95
181,2285,1871.2
182,2293,1892.59
183,2260,1916.04
184,2360,1912.48
185,2360,1900.67
186,2360,1897.55
187,2360,1932.64
188,2360,1966.37
189,2387,1975.01
190,2360,1968.26
191,2321,1969.02
192,2321,1964.59
193,2341,1961.8
194,2286,1952.7
195,2285,1966
196,2427,1938.52
197,2285,1933.51
198,2263,1946.08
199,2260,1897.96
200,2260,1911.95
201,2325,1907.79
202,2325,1898.42
203,2258,1924.56
204,2325,1870.8
205,2230,1896.48
206,2304,1910.17
207,2319,1913
208,2304,1895.39
209,2360,1899.97
210,2360,1884.6
211,2360,1980.95
212,2360,2001.25
213,2387,2046.36
214,2387,2023.16
215,2387,2036.06
216,2387,1989.77
217,2387,2017.06
218,2387,2009.12
219,2387,1960.43
220,2387,1979.2
221,2387,1970.56
222,2387,1955.98
223,2387,2038.3
224,2321,2035.69
225,2325,2019.38
226,2321,1982.53
227,2349,2063.26
228,2349,2058.4
229,2355,2017.47
230,2355,2029.73
231,2360,2032.41
232,2355,2015.62
233,2355,1996.35
234,2341,1941.51
235,2341,1905.5
236,2341,1912.02
237,2321,1950.92
238,2321,1992.22
239,2321,2012.09
240,2387,2058.72
241,2387,2015.19
242,2387,2003.54
243,2387,1992.51
244,2387,1961.71
245,2360,1990.46
246,2360,1953.9
247,2360,1932.5
248,2360,1932.52
249,2360,1945.07
250,2360,1883.49
251,2360,1926.95
252,2360,1911.31
253,2360,1943.95
254,2314,1932.13
255,2275,1913.53
256,2275,1847.14
257,2269,1828.63
258,2280,1871.2
259,2360,1871.59
260,2360,1836.87
261,2321,1851.86
262,2321,1885.74
263,2387,1872.82
264,2387,1908.51
265,2313,1871.58
266,2252,1847.75
267,2143,1809.24
268,2321,1857.27
269,2321,1879.74
270,2321,1898.68
271,2321,1902.78
272,2208,1866.6
273,2232,1836.06
274,2315,1866.94
275,2315,1857.03
276,2315,1874.78
277,2315,1832.35
278,2321,1833.49
279,2321,1839.8
280,2321,1853.51
281,2321,1890.72
282,2321,1856.29
283,2321,1850.82
284,2321,1823.34
285,2321,1884.41
286,2321,1885.38
287,2321,1892.59
288,2321,1910.08
289,2321,1935.51
290,2321,1894.33
291,2321,1847.2
292,2321,1848.18
293,2321,1876.36
294,2355,1927.25
295,2254,1892.48
296,2321,1855.84
297,2321,1886.71
298,2321,1874.66
299,2189,1852.21
Population size,100
Crossover rate,0.66
Mutation rate,0.34
Random selection portion,0.03
Selection method,AForge.Genetic.RouletteWheelSelection
Diversity check,True
Iteration,FitnessMax,FitnessAvg
0,1800,1317.3
1,1868,1380.46
2,1800,1369.83
3,1957,1409.03
4,1957,1441.82
5,1957,1434.65
6,1996,1462.08
7,1996,1498.38
8,1996,1520.09
9,1996,1517.05
10,2102,1566.97
11,2102,1586.49
12,2102,1626.84
13,2102,1636.55
14,2081,1635.51
15,2081,1673.28
16,2052,1649.44
17,2052,1655.12
18,2078,1670.17
19,2078,1644.24
20,2086,1642.71
21,2173,1598.52
22,2173,1602.59
23,2110,1602.84
24,2115,1658.61
25,2192,1668.4
26,2325,1717.05
27,2325,1704.68
28,2325,1713.11
29,2325,1783.95
30,2325,1726.96
31,2325,1688.24
32,2325,1701.42
33,2325,1701.58
34,2344,1699.33
35,2411,1691.78
36,2411,1777.66
37,2411,1785.3
38,2372,1835.7
39,2411,1850.34
40,2411,1857.05
41,2411,1830.93
42,2358,1846.81
43,2397,1843.46
44,2397,1816.05
45,2310,1855.21
46,2258,1831.68
47,2297,1886.28
48,2397,1929.52
49,2319,1871.4
50,2319,1900.95
51,2319,1876.22
52,2285,1921.73
53,2326,1914.32
54,2252,1912.19
55,2427,1926.63
56,2321,1875.87
57,2285,1908.17
58,2299,1957.56
59,2299,1911.31
60,2361,1893.79
61,2427,1821.28
62,2283,1822.67
63,2372,1907.74
64,2427,1921.64
65,2427,1878.76
66,2427,1871.98
67,2427,1885.29
68,2427,1876.85
69,2427,1878.56
70,2427,1892.74
71,2427,1975.29
72,2411,1970.29
73,2427,1970.93
74,2427,1931.05
75,2427,1939.77
76,2361,1901.39
77,2300,1913.77
78,2285,1926.22
79,2285,1917.91
80,2365,1904.5
81,2300,1870.27
82,2327,1893.61
83,2327,1910.65
84,2359,1913.08
85,2361,1908.72
86,2300,1837.08
87,2300,1839.63
88,2327,1928.73
89,2327,1910.49
90,2327,1922.02
91,2327,1897.28
92,2381,1919.36
93,2427,1981.52
94,2321,1984.34
95,2427,1990.5
96,2427,2039.27
97,2427,2005.94
98,2427,1940.31
99,2427,1927.41
100,2295,1937.34
101,2295,1958.33
102,2381,1951.93
103,2381,1981.86
104,2427,1960.64
105,2427,1938.65
106,2427,1971.27
107,2427,2015.19
108,2427,2015.56
109,2427,1996.54
110,2427,2053.59
111,2427,2031.52
112,2427,2016.24
113,2427,2042.07
114,2427,2048.56
115,2427,2072.66
116,2366,2059.35
117,2366,2033.99
118,2359,2078.34
119,2326,2060.4
120,2352,2072.17
121,2352,2052.5
122,2352,2072.36
123,2359,2061.43
124,2352,2054.02
125,2427,2013.18
126,2427,2020.76
127,2427,2029.67
128,2427,1982.08
129,2427,2008.66
130,2427,2007.15
131,2427,2045.36
132,2427,2016
133,2427,2042.93
134,2427,2093.48
135,2427,2054.19
136,2427,2096.93
137,2427,2091.65
138,2427,2138.39
139,2427,2100.71
140,2427,2148.26
141,2427,2133.85
142,2427,2148.93
143,2427,2110.22
144,2427,2090.72
145,2427,2082.81
146,2354,2083.66
147,2427,2052.22
148,2427,2025.66
149,2427,2056.91
150,2427,2024.78
151,2359,2056.55
152,2366,2002.2
153,2366,2014.69
154,2366,2057.21
155,2366,2028.96
156,2400,2023.9
157,2326,2030.03
158,2326,2021.86
159,2326,2055.69
160,2299,2043.92
161,2333,2014.22
162,2304,2051.42
163,2304,2010.2
164,2320,2027.68
165,2359,2036.53
166,2359,2073.65
167,2359,2050.23
168,2359,2041.41
169,2359,2056.89
170,2366,2091.16
171,2366,2023.86
172,2366,2007.46
173,2366,2007.42
174,2327,1951.9
175,2335,1933.26
176,2339,1984.69
177,2335,2003.57
178,2411,1987.27
179,2411,1998.91
180,2411,2021.05
181,2336,2057.06
182,2311,2040.4
183,2320,2055.43
184,2347,2038.54
185,2366,1996.27
186,2350,2007.48
187,2350,2016.05
188,2411,2029.04
189,2411,2028.34
190,2411,2053.29
191,2411,2037.52
192,2411,2009.25
193,2350,1973.94
194,2350,1980.87
195,2350,1987.95
196,2345,2003.08
197,2359,2020.36
198,2304,2015.04
199,2411,1988.43
200,2411,2009.15
201,2411,2032.4
202,2411,2028.35
203,2359,1966.13
204,2359,1999.5
205,2359,1948.67
206,2359,1963.26
207,2359,1963.73
208,2359,1972.19
209,2405,1980.61
210,2405,1968.43
211,2308,1981.95
212,2308,1988.3
213,2308,1972.6
214,2308,1968.04
215,2308,1945.52
216,2308,1938.73
217,2259,1938.56
218,2259,1954.35
219,2405,1967.43
220,2289,1959.73
221,2304,1948.91
222,2304,1891.81
223,2304,1916.22
224,2310,1863.51
225,2310,1860.37
226,2304,1915.79
227,2304,1937.4
228,2304,1946.87
229,2304,1889.49
230,2304,1833.29
231,2287,1863.19
232,2354,1882.84
233,2354,1875.49
234,2354,1915.73
235,2400,1938.26
236,2400,1920.52
237,2400,1964.11
238,2400,2041.12
239,2354,2022.44
240,2354,2040.11
241,2381,2050.12
242,2355,2047.58
243,2355,2066.36
244,2359,2074.66
245,2400,2130.38
246,2400,2096.02
247,2354,2110.13
248,2354,2085.35
249,2374,2058.62
250,2374,2032.05
251,2374,2059.43
252,2374,2036.99
253,2374,2024.38
254,2359,1967.4
255,2359,1955.53
256,2354,1959.11
257,2354,1923.86
258,2354,1901.01
259,2354,1884.97
260,2411,1888.69
261,2354,1898.18
262,2354,1895.51
263,2217,1882.18
264,2258,1879.25
265,2310,1903.61
266,2310,1950.67
267,2314,1889.14
268,2314,1886.39
269,2236,1835.41
270,2202,1813.67
271,2224,1818.71
272,2224,1777.44
273,2224,1829.82
274,2224,1831.92
275,2224,1847.43
276,2224,1864.43
277,2224,1835.38
278,2271,1847.95
279,2271,1809.87
280,2195,1787.66
281,2195,1860.21
282,2271,1861.38
283,2271,1877.13
284,2271,1822.94
285,2271,1843.75
286,2360,1846.38
287,2360,1831.28
288,2360,1833.42
289,2360,1881.53
290,2360,1867.92
291,2360,1927.33
292,2360,1929.2
293,2360,1969.07
294,2360,1945.96
295,2360,1926.61
296,2360,1952.74
297,2360,1932.59
298,2360,1909.05
299,2360,1946.88
Population size,100
Crossover rate,0.51
Mutation rate,0.79
Random selection portion,0.03
Selection method,AForge.Genetic.RankSelection
Diversity check,True
Iteration,FitnessMax,FitnessAvg
0,1926,1254.19
1,1993,1402.85
2,1993,1520.75
3,2087,1618.22
4,2126,1749.87
5,2116,1742.59
6,2223,1837.31
7,2223,1857.54
8,2355,1961.3
9,2355,1998.99
10,2421,1982.66
11,2355,1994.55
12,2355,2048.09
13,2366,1988.42
14,2366,2014.85
15,2355,1986.04
16,2372,2040.65
17,2372,2124.48
18,2372,2127.25
19,2372,2081.01
20,2411,2170.72
21,2421,2153.14
22,2427,2102.64
23,2427,2105.79
24,2427,2114.16
25,2427,2205.96
26,2427,2177.67
27,2427,2226.37
28,2427,2233.71
29,2427,2138.48
30,2427,2190.51
31,2427,2199.02
32,2427,2184.5
33,2427,2194.46
34,2427,2257.59
35,2427,2283.86
36,2427,2201.36
37,2427,2274.92
38,2427,2302.43
39,2427,2271.97
40,2427,2275.83
41,2427,2296.33
42,2427,2254.13
43,2427,2262
44,2427,2253.65
45,2427,2240.59
46,2427,2294.86
47,2427,2288.66
48,2427,2308.98
49,2427,2305.07
50,2427,2310.1
51,2427,2346.22
52,2427,2337.49
53,2427,2340.63
54,2427,2319.32
55,2427,2336.82
56,2427,2335.07
57,2427,2270.81
58,2427,2312.82
59,2427,2302.59
60,2427,2341.56
61,2427,2331.09
62,2427,2322.34
63,2427,2328.51
64,2427,2360
65,2427,1254.53
66,2427,1383.61
67,2427,1592.5
68,2427,1691.68
69,2427,1762.86
70,2427,1792.91
71,2427,1832.08
72,2427,1809.7
73,2427,1905.06
74,2315,1961.57
75,2327,1944.44
76,2361,2031.23
77,2361,2043.62
78,2427,2102.81
79,2427,2104.77
80,2427,2148.43
81,2427,2202.14
82,2427,2201.35
83,2427,2228.9
84,2427,2267.46
85,2427,2273.35
86,2427,2284.87
87,2427,2269.25
88,2427,2280.58
89,2427,2241.73
90,2427,2268.63
91,2427,2261.94
92,2427,2268.75
93,2427,2275.03
94,2427,2282.3
95,2427,2290.13
96,2427,2348.09
97,2427,2309.49
98,2427,2337.56
99,2427,2339.86
100,2427,2292.57
101,2427,2256.2
102,2427,2282.25
103,2427,2223.25
104,2427,2208.14
105,2427,2312.74
106,2427,2270.41
107,2427,2262.54
108,2427,2240.38
109,2427,2222.82
110,2427,2305.85
111,2427,2259.17
112,2427,2311.38
113,2427,2366.7
114,2427,1317.45
115,2427,1461.69
116,2327,1515.7
117,2366,1564.35
118,2366,1674.87
119,2327,1773.56
120,2266,1851.91
121,2266,1903.62
122,2381,1943.8
123,2366,1997.61
124,2366,2031.98
125,2366,2034.22
126,2366,2020.05
127,2366,2096.57
128,2405,2146.66
129,2405,2182.41
130,2405,2149.2
131,2405,2216.6
132,2427,2191.8
133,2427,2176.37
134,2427,2184.16
135,2427,2262.87
136,2427,2179.14
137,2427,2243.25
138,2427,2278.62
139,2427,2266.12
140,2427,2243.33
141,2427,2276.27
142,2427,2289.39
143,2427,2222.8
144,2427,2233.54
145,2427,2206.23
146,2427,2254.11
147,2427,2335.43
148,2427,2339.57
149,2427,2333.24
150,2427,2321.74
151,2427,2321.38
152,2427,2228.45
153,2427,2284.94
154,2427,2309.99
155,2427,2337.05
156,2427,2285.3
157,2427,2314.21
158,2427,2282.34
159,2427,2242.46
160,2427,2249.23
161,2427,2280.63
162,2427,2291.71
163,2427,2244.17
164,2427,2296.2
165,2427,2233.52
166,2427,2244.74
167,2427,2256.6
168,2427,2322.93
169,2427,2325.66
170,2427,2198.57
171,2427,2232.08
172,2427,2281.93
173,2427,2289.11
174,2427,2310
175,2427,2298.21
176,2427,2304.36
177,2427,2282.15
178,2427,2260.67
179,2427,2291.2
180,2427,2279.73
181,2427,2267.85
182,2427,2259.11
183,2427,2289.46
184,2427,2303.38
185,2427,2345.56
186,2427,2284.82
187,2427,2326.16
188,2427,2282.77
189,2427,2316.41
190,2427,2270.5
191,2427,2310.65
192,2427,2218.44
193,2427,2303.81
194,2427,2270.4
195,2427,2306.03
196,2427,2290.92
197,2427,2265.29
198,2427,2333.07
199,2427,2328.07
200,2427,2343.44
201,2427,2285.2
202,2427,2330.25
203,2427,2301.98
204,2427,2280.8
205,2427,2274.09
206,2427,2268.55
207,2427,2252.03
208,2427,2188.3
209,2427,2320.15
210,2427,2349.75
211,2427,2278.38
212,2427,2346.6
213,2427,2253.9
214,2427,2238.32
215,2427,2254.97
216,2427,2317.38
217,2427,2307.74
218,2427,2320.59
219,2427,2273.57
220,2427,2249.25
221,2427,2228.04
222,2427,2282.61
223,2427,2278.81
224,2427,2274.32
225,2427,2350.22
226,2427,2314.84
227,2427,2294.99
228,2427,2372.33
229,2427,1262.06
230,2427,1419.13
231,2427,1551.63
232,2427,1664.88
233,2360,1715.48
234,2360,1742.7
235,2360,1857.64
236,2360,1922.58
237,2360,1986.24
238,2427,1934.11
239,2427,2051.19
240,2427,2088.34
241,2427,2174.09
242,2427,2189.41
243,2427,2234.23
244,2427,2237.41
245,2427,2232.92
246,2427,2291.05
247,2427,2292.09
248,2427,2248.69
249,2427,2291.24
250,2427,2316.97
251,2427,2252.17
252,2427,2288.1
253,2427,2278.52
254,2427,2259.85
255,2427,2303.77
256,2427,2334.17
257,2427,2330.38
258,2427,2280.66
259,2427,2281.37
260,2427,2288.65
261,2427,2335.42
262,2427,2333.85
263,2427,2312.43
264,2427,2324.58
265,2427,2336.6
266,2427,2282.33
267,2427,2255.8
268,2427,2293.72
269,2427,2311.87
270,2427,2300.01
271,2427,2322.86
272,2427,2277.75
273,2427,2352.26
274,2427,2328.71
275,2427,2344.32
276,2427,2301.18
277,2427,2300.74
278,2427,2323.3
279,2427,2315.84
280,2427,2340
281,2427,2273.81
282,2427,2209.37
283,2427,2207.28
284,2427,2301.9
285,2427,2277.02
286,2427,2334.99
287,2427,2330.85
288,2427,2338.17
289,2427,2348.19
290,2427,2300.28
291,2427,2271.19
292,2427,2249.12
293,2427,2352.1
294,2427,2336.26
295,2427,2308.93
296,2427,2356.9
297,1970,1194.14
298,1970,1433.25
299,1970,1579.95
Population size,100
Crossover rate,0.51
Mutation rate,0.79
Random selection portion,0.03
Selection method,AForge.Genetic.RankSelection
Diversity check,False
Iteration,FitnessMax,FitnessAvg
0,1989,1279.12
1,1989,1421.13
2,1993,1520.34
3,2057,1633.92
4,2057,1657.42
5,2134,1687.81
6,2146,1725.67
7,2312,1738.99
8,2312,1845.41
9,2312,1904.35
10,2312,1978.93
11,2313,2032.74
12,2335,2036.25
13,2335,2076.94
14,2335,2071.81
15,2411,2145.08
16,2411,2121.48
17,2411,2203.68
18,2411,2220.82
19,2411,2211.7
20,2411,2193.07
21,2411,2210.29
22,2411,2201.13
23,2411,2171.62
24,2411,2264.15
25,2411,2292.3
26,2411,2191.72
27,2411,2212.75
28,2411,2231.13
29,2411,2250.55
30,2411,2261.47
31,2411,2249.78
32,2411,2279.28
33,2411,2276.62
34,2411,2227.72
35,2411,2236.51
36,2411,2204.78
37,2411,2230.14
38,2411,2280.52
39,2411,2299.14
40,2411,2284.03
41,2411,2308.34
42,2411,2262.4
43,2411,2284.19
44,2411,2264.9
45,2411,2289.41
46,2411,2332.64
47,2411,2250.11
48,2411,2297.72
49,2411,2217.82
50,2411,2244.12
51,2411,2328.82
52,2411,2237.79
53,2411,2297.79
54,2411,2272.76
55,2411,2259.2
56,2411,2332.81
57,2411,2301.54
58,2411,2278.88
59,2411,2277.49
60,2411,2299.83
61,2411,2307.17
62,2411,2315.58
63,2411,2346.19
64,2411,2342.31
65,2411,2348.41
66,2411,2314.08
67,2411,2293.67
68,2427,2336.36
69,2427,2345.3
70,2411,2341.77
71,2411,2324.16
72,2411,2312.99
73,2411,2312.42
74,2411,2255.96
75,2411,2248.95
76,2411,2195.05
77,2411,2235.5
78,2411,2244.46
79,2427,2262.18
80,2427,2326.79
81,2427,2251.64
82,2427,2247.1
83,2427,2247.99
84,2411,2309.14
85,2427,2317.3
86,2427,2287.69
87,2427,2261.17
88,2427,2314.12
89,2427,2301.9
90,2427,2323.84
91,2427,2264.22
92,2427,2295.64
93,2411,2233.7
94,2411,2241.16
95,2411,2318.44
96,2411,2290.63
97,2411,2317.59
98,2411,2323.44
99,2411,2260.57
100,2411,2258.41
101,2411,2290.54
102,2411,2330.58
103,2411,2352.61
104,2411,2326.18
105,2411,2289.32
106,2411,2335.17
107,2411,2304.43
108,2411,2270.81
109,2427,2333.16
110,2411,2344.69
111,2411,2228.94
112,2411,2301.89
113,2411,2321.06
114,2411,2343.9
115,2411,2231.53
116,2411,2274.8
117,2411,2272.3
118,2411,2261.09
119,2421,2198.68
120,2421,2233.04
121,2421,2301.29
122,2421,2295.37
123,2427,2299.31
124,2427,2277.36
125,2427,2194.23
126,2427,2250.32
127,2427,2260.94
128,2427,2300.3
129,2427,2317.18
130,2427,2261.78
131,2427,2198.61
132,2427,2207.25
133,2427,2245.77
134,2427,2274.55
135,2427,2252.07
136,2427,2248.34
137,2427,2296.04
138,2427,2210.05
139,2427,2241.54
140,2427,2224.39
141,2427,2303.21
142,2427,2306.42
143,2427,2296.48
144,2427,2295
145,2427,2297.45
146,2427,2306.16
147,2427,2280.3
148,2427,2304.3
149,2421,2316.9
150,2421,2310.33
151,2421,2314.8
152,2421,2303.37
153,2421,2250.86
154,2421,2252.55
155,2421,2248.95
156,2421,2200.76
157,2421,2251.41
158,2421,2277.3
159,2421,2300.19
160,2421,2259.88
161,2421,2265.4
162,2421,2279.41
163,2421,2343.21
164,2421,2294.29
165,2421,2302.32
166,2421,2320.67
167,2421,2342.46
168,2421,2345.57
169,2421,2319.73
170,2421,2354.38
171,2421,2360.51
172,2421,2296.05
173,2421,2299.83
174,2421,2256.13
175,2421,2335.72
176,2421,2346.53
177,2421,2338.77
178,2421,2325.6
179,2421,2344.95
180,2421,2246.59
181,2421,2344.51
182,2421,2332.57
183,2421,2318.53
184,2421,2308.13
185,2421,2326.11
186,2421,2218.76
187,2421,2219.54
188,2421,2298.83
189,2421,2291.3
190,2421,2316.97
191,2421,2324.08
192,2421,2343.66
193,2421,2319.03
194,2421,2263.9
195,2421,2222.8
196,2421,2288.51
197,2421,2330.85
198,2421,2323.21
199,2421,2292.72
200,2421,2298.06
201,2421,2285.29
202,2421,2241.31
203,2421,2314.85
204,2421,2270.99
205,2421,2271.15
206,2421,2275.51
207,2421,2294.96
208,2421,2322.23
209,2421,2332.76
210,2421,2356.51
211,2421,2274.9
212,2421,2302.63
213,2421,2342.57
214,2421,2303.52
215,2421,2280.49
216,2421,2284.64
217,2421,2278.94
218,2421,2356.82
219,2421,2329.51
220,2421,2326.53
221,2421,2281.12
222,2421,2314.4
223,2421,2332.56
224,2421,2290.2
225,2421,2343.76
226,2421,2343.93
227,2421,2302.32
228,2421,2345.63
229,2421,2327.65
230,2421,2345.04
231,2421,2319.86
232,2421,2156.92
233,2421,2234.21
234,2421,2323.15
235,2421,2335.89
236,2421,2266.39
237,2421,2318.39
238,2421,2274.7
239,2421,2351.05
240,2421,2340.79
241,2421,2346.02
242,2421,2327.27
243,2421,2248.98
244,2421,2332.71
245,2421,2317.62
246,2421,2342.46
247,2421,2268.39
248,2421,2298.87
249,2421,2286.62
250,2421,2287.58
251,2421,2249.37
252,2421,2304.38
253,2421,2321.59
254,2421,2295.03
255,2421,2302.95
256,2421,2356.5
257,2421,2350.64
258,2421,2323.54
259,2421,2268.16
260,2421,2198.49
261,2421,2282.09
262,2421,2298.41
263,2421,2333.9
264,2421,2289.39
265,2421,2297.03
266,2421,2281.55
267,2421,2347.6
268,2421,2340.35
269,2421,2321.62
270,2421,2318.4
271,2421,2306.07
272,2421,2333.51
273,2421,2321.28
274,2421,2279.94
275,2421,2307.16
276,2421,2284.33
277,2421,2288.6
278,2421,2254.1
279,2421,2309.37
280,2421,2271.69
281,2421,2328.39
282,2421,2338.48
283,2421,2325.72
284,2421,2348.33
285,2421,2333.55
286,2421,2340.79
287,2421,2352.04
288,2421,2335.11
289,2421,2343.27
290,2421,2312.77
291,2421,2270.4
292,2421,2294.02
293,2421,2325.48
294,2421,2269.83
295,2421,2322.27
296,2421,2353.37
297,2421,2311.2
298,2421,2246.56
299,2421,2309.75
Population size,100
Crossover rate,0.22
Mutation rate,0.87
Random selection portion,0.03
Selection method,AForge.Genetic.EliteSelection
Diversity check,False
Iteration,FitnessMax,FitnessAvg
0,1933,1353.14
1,1933,1486.59
2,2242,1603.61
3,2242,1680.76
4,2242,1746.98
5,2242,1802.53
6,2242,1863.09
7,2281,1916.76
8,2281,1950
9,2303,1975.53
10,2342,2001.49
11,2342,2079.91
12,2342,2120.98
13,2342,2169.59
14,2342,2167.34
15,2342,2197.47
16,2387,2229.02
17,2387,2248.09
18,2387,2249.36
19,2387,2263.96
20,2387,2263.14
21,2387,2271.24
22,2387,2255.5
23,2387,2277.77
24,2387,2291.82
25,2387,2293.35
26,2387,2290.91
27,2387,2316.36
28,2387,2299.47
29,2387,2322.03
30,2387,2314.98
31,2387,2299.75
32,2387,2306.31
33,2387,2292.39
34,2387,2327.41
35,2387,2304.27
36,2387,2312.34
37,2387,2291.27
38,2387,2334.34
39,2387,2318.86
40,2387,2315.43
41,2387,2340.25
42,2387,2327.7
43,2387,2312.93
44,2387,2344.75
45,2387,2333.44
46,2387,2337.82
47,2387,2337.23
48,2387,2321.81
49,2387,2354.53
50,2387,2335.87
51,2387,2319.1
52,2387,2344.53
53,2387,2342.36
54,2387,2350.44
55,2387,2322.04
56,2387,2354.21
57,2387,2334.97
58,2387,2340.68
59,2387,2355.15
60,2387,2315.39
61,2387,2343.37
62,2387,2351.87
63,2387,2328.15
64,2387,2357.3
65,2387,2352.12
66,2387,2348.71
67,2387,2352.28
68,2387,2355.99
69,2387,2359.75
70,2387,2331.66
71,2387,2343.36
72,2387,2332.42
73,2387,2332.25
74,2387,2330.45
75,2387,2358.92
76,2387,2343.78
77,2387,2342.36
78,2387,2356.97
79,2387,2352.39
80,2387,2350.73
81,2387,2327.77
82,2387,2315.39
83,2387,2342.77
84,2387,2341.76
85,2387,2324.51
86,2387,2324.48
87,2387,2352.5
88,2387,2351.82
89,2387,2354.15
90,2387,2344.05
91,2387,2343.69
92,2387,2355.36
93,2387,2355.64
94,2387,2337.6
95,2387,2340.23
96,2387,2356.58
97,2387,2358.71
98,2387,2339.71
99,2387,2341.65
100,2387,2346.59
101,2387,2340.85
102,2387,2352.31
103,2387,2348.72
104,2387,2343.51
105,2387,2349.83
106,2387,2350.19
107,2387,2338.07
108,2387,2360.51
109,2387,2336.89
110,2387,2344.77
111,2387,2337.92
112,2387,2349.36
113,2387,2340.14
114,2387,2356.11
115,2387,2351.84
116,2387,2338.6
117,2387,2315.39
118,2387,2348.67
119,2387,2315.39
120,2387,2327.12
121,2387,2346.89
122,2387,2347.44
123,2387,2358.82
124,2387,2327.7
125,2387,2339.52
126,2387,2323.91
127,2387,2343.98
128,2387,2348.58
129,2387,2328.11
130,2387,2325.97
131,2387,2341.38
132,2387,2353.47
133,2387,2347.92
134,2387,2340.27
135,2387,2344.13
136,2387,2355.21
137,2387,2354.95
138,2387,2321.97
139,2387,2315.39
140,2387,2346.32
141,2387,2348.51
142,2387,2353.44
143,2387,2337.81
144,2387,2341.58
145,2387,2339.06
146,2387,2336.29
147,2387,2352.38
148,2387,2348.01
149,2387,2341.51
150,2387,2336.31
151,2387,2340.47
152,2387,2346.66
153,2387,2328.66
154,2387,2346.44
155,2387,2341.7
156,2387,2345.62
157,2387,2340.28
158,2387,2342.72
159,2387,2341.39
160,2387,2353.73
161,2387,2352.37
162,2387,2355.74
163,2387,2336.56
164,2387,2354.45
165,2387,2338.46
166,2387,2332.5
167,2387,2342.18
168,2387,2336.83
169,2387,2338.25
170,2387,2342.49
171,2387,2315.39
172,2387,2352.62
173,2387,2329.32
174,2387,2352.16
175,2387,2326.83
176,2387,2339.88
177,2387,2339.29
178,2387,2354.39
179,2387,2333.76
180,2387,2343.22
181,2387,2341.71
182,2387,2338.17
183,2387,2338.83
184,2387,2356.66
185,2387,2335.01
186,2387,2325.31
187,2387,2349.45
188,2387,2346.93
189,2387,2355.45
190,2387,2351.23
191,2387,2340.74
192,2387,2330
193,2387,2327.87
194,2387,2360.53
195,2387,2352.26
196,2387,2353.82
197,2387,2332.85
198,2387,2360.37
199,2387,2340.32
200,2387,2340.4
201,2387,2347.09
202,2387,2338.21
203,2387,2338.94
204,2387,2354.22
205,2387,2343.31
206,2387,2352.92
207,2387,2362.34
208,2387,2351.21
209,2387,2343.62
210,2387,2336.94
211,2387,2328.5
212,2387,2337.73
213,2387,2349.66
214,2387,2340.5
215,2387,2333
216,2387,2343.34
217,2387,2339.05
218,2387,2354.81
219,2387,2327.43
220,2387,2315.39
221,2387,2341.21
222,2387,2333.76
223,2387,2351.02
224,2387,2336.84
225,2387,2361.48
226,2387,2327.3
227,2387,2324.49
228,2387,2343.47
229,2387,2348.97
230,2387,2351.42
231,2387,2331.19
232,2387,2352.09
233,2387,2347.79
234,2387,2342.65
235,2387,2347.37
236,2387,2360.3
237,2387,2357.14
238,2387,2354.36
239,2387,2315.39
240,2387,2354.72
241,2387,2352.75
242,2387,2330.58
243,2387,2326.6
244,2387,2335.91
245,2387,2339.03
246,2387,2353.35
247,2387,2346.06
248,2387,2344.83
249,2387,2342.25
250,2387,2358.92
251,2387,2349.56
252,2387,2327.18
253,2387,2345.97
254,2387,2348.88
255,2387,2346.16
256,2387,2347.29
257,2387,2340.4
258,2387,2337.56
259,2387,2362.73
260,2387,2343.9
261,2387,2344.85
262,2387,2360.11
263,2387,2350.66
264,2387,2345.25
265,2387,2315.39
266,2387,2321.08
267,2387,2351.94
268,2387,2338.57
269,2387,2328.96
270,2387,2351.13
271,2387,2338.83
272,2387,2337.76
273,2387,2340.36
274,2387,2356.22
275,2387,2343.96
276,2387,2337.13
277,2387,2325.32
278,2387,2342.11
279,2387,2339.74
280,2387,2348.96
281,2387,2352.79
282,2387,2335.69
283,2387,2340.05
284,2387,2330.64
285,2387,2341.01
286,2387,2352.96
287,2387,2327.49
288,2387,2343.66
289,2387,2349.34
290,2387,2337.31
291,2387,2343.57
292,2387,2339.72
293,2387,2339.14
294,2387,2358.17
295,2387,2340.8
296,2387,2350.34
297,2387,2345.64
298,2387,2342.98
299,2387,2339.78
Population size,100
Crossover rate,0.22
Mutation rate,0.87
Random selection portion,0.03
Selection method,AForge.Genetic.EliteSelection
Diversity check,True
Iteration,FitnessMax,FitnessAvg
0,1941,1359.69
1,1941,1490.89
2,2048,1616.13
3,2048,1699.03
4,2073,1749.66
5,2177,1840.36
6,2220,1891
7,2220,1996.16
8,2221,2034.7
9,2249,2075.61
10,2336,2078.64
11,2336,2110.35
12,2336,2140.39
13,2336,2162.03
14,2336,2182.13
15,2360,2195.1
16,2427,2229.17
17,2427,2233.49
18,2427,2244.12
19,2427,2250.79
20,2427,2265.11
21,2427,2279.08
22,2427,2290.66
23,2427,2305.46
24,2427,2303.83
25,2427,2330.3
26,2427,2325.18
27,2427,2334.09
28,2427,2328.14
29,2427,2335.22
30,2427,2364.3
31,2427,1462.04
32,2427,1617.72
33,2427,1740.8
34,2427,1848.2
35,2427,1888.98
36,2427,2014.61
37,2427,2087.74
38,2427,2182.62
39,2427,2215.19
40,2427,2249.19
41,2427,2301.22
42,2427,2329.13
43,2427,2356.32
44,2427,1454.71
45,2427,1578.89
46,2427,1680.24
47,2427,1775.15
48,2427,1864.03
49,2427,1954.37
50,2427,2037.11
51,2427,2099.99
52,2427,2170.09
53,2427,2260.73
54,2427,2271.82
55,2427,2309.03
56,2427,2338.84
57,2427,2358.51
58,2427,1400.97
59,2427,1569.41
60,2427,1682.12
61,2427,1774.5
62,2427,1855.24
63,2427,1955.97
64,2427,2029.5
65,2427,2100.91
66,2427,2120.14
67,2427,2178.92
68,2427,2208.98
69,2427,2233.4
70,2427,2257.88
71,2427,2251.18
72,2427,2278.19
73,2427,2291.42
74,2427,2294.35
75,2427,2340.85
76,2427,2350.35
77,2427,2353.17
78,2427,2366.84
79,2427,1438.42
80,2427,1575.21
81,2427,1720.16
82,2427,1779.59
83,2427,1870.38
84,2427,1981.5
85,2427,2075.32
86,2427,2147.25
87,2427,2229.61
88,2427,2267.48
89,2427,2287.31
90,2427,2320.07
91,2427,2339.88
92,2427,2365.96
93,2427,1476.99
94,2427,1609.25
95,2427,1694.39
96,2427,1794.3
97,2427,1915.31
98,2427,1978.03
99,2427,2042.44
100,2427,2100.23
101,2427,2144.87
102,2427,2210.77
103,2427,2244.14
104,2427,2259.82
105,2427,2293.11
106,2427,2302.75
107,2427,2319.56
108,2427,2347.7
109,2427,2342.18
110,2427,2363.18
111,2427,1421.6
112,2427,1604.05
113,2427,1770.61
114,2427,1877.17
115,2427,1931.23
116,2427,1980.07
117,2427,2052.33
118,2427,2153.85
119,2427,2206.66
120,2427,2232.84
121,2427,2263.14
122,2427,2280.46
123,2427,2305.84
124,2427,2337.02
125,2427,2337.75
126,2427,2348.23
127,2427,2328.44
128,2427,2372.04
129,2427,1342.09
130,2427,1501.69
131,2427,1565.44
132,2427,1675.4
133,2427,1741.89
134,2427,1804.7
135,2427,1857.62
136,2427,1913.62
137,2427,1966.46
138,2427,2069.34
139,2427,2144.39
140,2427,2188.59
141,2427,2232.92
142,2427,2268.47
143,2427,2319.37
144,2427,2326.69
145,2427,2330.43
146,2427,2370.52
147,2427,1459.36
148,2427,1602.59
149,2427,1699.6
150,2427,1798.44
151,2427,1877.02
152,2427,1947.06
153,2427,2021.47
154,2427,2105.56
155,2427,2156.65
156,2427,2192.98
157,2427,2235.06
158,2427,2258.21
159,2427,2304.95
160,2427,2315.91
161,2427,2327.11
162,2427,2327.29
163,2427,2358.17
164,2427,1426.47
165,2427,1571.4
166,2427,1647.28
167,2427,1746.39
168,2427,1771.63
169,2427,1857.47
170,2427,1918.93
171,2427,1994.39
172,2427,2038.06
173,2427,2105.7
174,2427,2161.11
175,2427,2192.16
176,2427,2230.23
177,2427,2265.63
178,2427,2290.01
179,2427,2295.55
180,2427,2314.15
181,2427,2312.75
182,2427,2350.74
183,2427,2341.82
184,2427,2366.9
185,2427,1459.86
186,2427,1616.41
187,2427,1685.94
188,2427,1819.93
189,2427,1906.05
190,2427,1993.43
191,2427,2074.19
192,2427,2121.19
193,2427,2172.86
194,2427,2203.54
195,2427,2243.03
196,2427,2263.84
197,2427,2256.01
198,2427,2282.44
199,2427,2305.26
200,2427,2322.45
201,2427,2313.79
202,2427,2330.06
203,2427,2314.17
204,2427,2339.96
205,2427,2344.89
206,2427,2356.64
207,2427,1407.2
208,2427,1572.25
209,2427,1671.55
210,2427,1777.93
211,2427,1878.99
212,2427,1970.31
213,2427,2041.15
214,2427,2097.61
215,2427,2118.47
216,2427,2150.3
217,2427,2210.72
218,2427,2241.05
219,2427,2281.75
220,2427,2326.89
221,2427,2323.74
222,2427,2338.66
223,2427,2329.06
224,2427,2348.97
225,2427,2349.3
226,2427,2368.21
227,2427,1405.4
228,2427,1563.01
229,2427,1664.83
230,2427,1719.73
231,2427,1816.53
232,2427,1912.39
233,2427,1951.03
234,2427,2046.97
235,2427,2096.38
236,2427,2162.41
237,2427,2178.59
238,2427,2196.87
239,2427,2245.99
240,2427,2264.97
241,2427,2281.65
242,2427,2324.55
243,2427,2328.99
244,2427,2320.95
245,2427,2363.37
246,2427,1395.48
247,2427,1531.51
248,2427,1666.51
249,2427,1749.03
250,2427,1800.17
251,2427,1843.43
252,2427,1917.76
253,2427,1977.36
254,2427,2034.83
255,2427,2115.29
256,2427,2176.72
257,2427,2209.84
258,2427,2230.69
259,2427,2273.7
260,2427,2306.57
261,2427,2328.33
262,2427,2321.87
263,2427,2355.68
264,2427,1455.46
265,2427,1590.1
266,2427,1716.78
267,2427,1859.17
268,2427,1923.39
269,2427,2017.31
270,2427,2095.17
271,2427,2151.43
272,2427,2211.53
273,2427,2249.12
274,2427,2262.61
275,2427,2305.99
276,2427,2299.45
277,2427,2317.96
278,2427,2323.96
279,2427,2356.65
280,2427,1433.89
281,2427,1577.92
282,2427,1639.39
283,2427,1747.39
284,2427,1810.2
285,2427,1889.89
286,2427,1959.57
287,2427,2066.43
288,2427,2136.73
289,2427,2188.49
290,2427,2205.55
291,2427,2237.8
292,2427,2248.49
293,2427,2288.72
294,2427,2302.75
295,2427,2308.86
296,2427,2327.25
297,2427,2350.16
298,2427,2350.24
299,2427,2363.9
Population size,100
Crossover rate,0.22
Mutation rate,0.87
Random selection portion,0.03
Selection method,AForge.Genetic.EliteSelection
Diversity check,True
Iteration,FitnessMax,FitnessAvg
0,1979,1420.78
1,1979,1523.31
2,1979,1606.18
3,1979,1691.07
4,1979,1768.63
5,2187,1800.95
6,2187,1880
7,2288,1899.2
8,2288,1954.71
9,2288,1996.54
10,2288,2017.71
11,2288,2079.23
12,2288,2105.11
13,2348,2147.83
14,2348,2149.28
15,2348,2180.72
16,2348,2179.05
17,2348,2210.53
18,2348,2208.92
19,2411,2200.5
20,2411,2218.66
21,2411,2236.64
22,2411,2243.68
23,2411,2278.04
24,2411,2261.35
25,2427,2271.51
26,2427,2263.07
27,2427,2278.54
28,2427,2313.38
29,2427,2325.17
30,2427,2315.16
31,2427,2346.08
32,2427,2321.24
33,2427,2338.44
34,2427,2360.09
35,2427,1429.32
36,2427,1565.12
37,2427,1635.61
38,2427,1765.34
39,2427,1801.64
40,2427,1888.48
41,2427,1950.9
42,2427,2017.04
43,2427,2095.33
44,2427,2136.07
45,2427,2189.07
46,2427,2233.85
47,2427,2251.62
48,2427,2287.74
49,2427,2306.49
Population size,100
Crossover rate,0.22
Mutation rate,0.87
Random selection portion,0.03
Selection method,AForge.Genetic.EliteSelection
Diversity check,True
Iteration,FitnessMax,FitnessAvg
0,1902,1407.93
1,1902,1534.48
2,1997,1639.1
3,2037,1737.83
4,2083,1776.35
5,2083,1827.92
6,2139,1880.82
7,2139,1904.73
8,2139,1937.7
9,2175,1975.74
10,2199,2010.42
11,2239,2036.94
12,2245,2072.75
13,2311,2107.28
14,2311,2114.05
15,2326,2146.16
16,2326,2144.77
17,2326,2171.49
18,2366,2208.12
19,2366,2203.05
20,2372,2216.76
21,2411,2227.23
22,2411,2253.15
23,2411,2264.02
24,2427,2285.52
25,2427,2288.99
26,2427,2305.03
27,2427,2304.21
28,2427,2323.86
29,2427,2342.15
