Population size,100
Crossover rate,0.66
Mutation rate,0.34
Random selection portion,0.03
Selection method,AForge.Genetic.RouletteWheelSelection
Diversity check,False
Iteration,FitnessMax,FitnessAvg
0,1379,903.46
1,1379,976.78
2,1463,1019.91
3,1475,1078.83
4,1475,1089.57
5,1464,1124.01
6,1475,1172.41
7,1572,1230.71
8,1572,1253.44
9,1534,1225.51
10,1571,1238.87
11,1672,1265.5
12,1672,1295.83
13,1672,1315.91
14,1672,1317.53
15,1683,1315.1
16,1683,1330.35
17,1682,1336.1
18,1683,1363.2
19,1683,1369.51
20,1683,1359.95
21,1683,1353.79
22,1670,1385.2
23,1670,1362.95
24,1670,1371.48
25,1670,1370.48
26,1700,1384.22
27,1700,1374.89
28,1769,1398.99
29,1700,1417.8
30,1700,1423.06
31,1678,1408.77
32,1700,1424.37
33,1769,1436.17
34,1769,1411.8
35,1769,1414.14
36,1769,1434.11
37,1769,1435.97
38,1769,1441.29
39,1769,1442.8
40,1769,1417.88
41,1769,1421.29
42,1769,1483.19
43,1769,1501.28
44,1769,1506.24
45,1769,1514.79
46,1769,1499.04
47,1769,1491.15
48,1769,1482.49
49,1769,1486.7
50,1769,1440.85
51,1769,1465.02
52,1769,1443.9
53,1769,1468.2
54,1769,1480.27
55,1682,1457.63
56,1683,1479.41
57,1759,1454.86
58,1769,1416.34
59,1769,1431.63
60,1769,1434.4
61,1769,1418.16
62,1769,1459.81
63,1759,1436.8
64,1769,1437.55
65,1769,1453.14
66,1769,1479.57
67,1751,1493.03
68,1751,1499.48
69,1769,1474.09
70,1769,1466.18
71,1769,1475.15
72,1769,1468.3
73,1769,1479.65
74,1769,1464.63
75,1769,1487.45
76,1769,1491.16
77,1769,1485.9
78,1769,1505.18
79,1759,1480.66
80,1769,1486.17
81,1769,1460.36
82,1769,1452.74
83,1769,1440.99
84,1769,1433.74
85,1769,1424.79
86,1769,1386.4
87,1769,1415.3
88,1769,1391.37
89,1769,1386.4
90,1769,1419.65
91,1769,1440.09
92,1769,1439.18
93,1769,1411.84
94,1769,1449.95
95,1769,1445.75
96,1769,1450.04
97,1769,1419.35
98,1769,1420.33
99,1769,1411.45
100,1769,1468.31
101,1769,1444.37
102,1769,1409.22
103,1769,1430.07
104,1769,1439.07
105,1769,1430.8
106,1769,1446.54
107,1769,1478.17
108,1769,1488.73
109,1769,1457.45
110,1769,1472.38
111,1769,1470.65
112,1769,1447.21
113,1769,1449.57
114,1769,1460.86
115,1769,1451.58
116,1769,1441.8
117,1769,1469.04
118,1769,1474.12
119,1769,1477.22
120,1769,1474.43
121,1769,1458.56
122,1769,1473.23
123,1769,1527.46
124,1769,1562.54
125,1769,1527.74
126,1769,1555.4
127,1769,1541.67
128,1769,1531.91
129,1769,1520.34
130,1769,1544.56
131,1769,1555.88
132,1769,1532.26
133,1759,1524.21
134,1769,1510.37
135,1769,1494.12
136,1769,1466.56
137,1769,1480.77
138,1769,1445.1
139,1769,1490.11
140,1769,1485.43
141,1769,1499.19
142,1769,1472.4
143,1759,1472.07
144,1769,1457.95
145,1769,1454.9
146,1769,1429.43
147,1683,1433.78
148,1769,1452.57
149,1769,1438.62
150,1769,1452.3
151,1769,1439.72
152,1769,1462.93
153,1769,1428.9
154,1769,1425.14
155,1769,1407.35
156,1769,1436.02
157,1769,1400.49
158,1769,1403.21
159,1769,1426.83
160,1769,1424.11
161,1769,1439.55
162,1769,1478.96
163,1769,1530.73
164,1769,1490.59
165,1769,1462.53
166,1769,1464.17
167,1769,1466.34
168,1769,1491.43
169,1769,1494.24
170,1769,1521.47
171,1769,1516.46
172,1769,1527.46
173,1769,1540.52
174,1769,1528.75
175,1769,1525.44
176,1769,1519.9
177,1769,1520.38
178,1769,1519.74
179,1769,1484.88
180,1769,1449.39
181,1769,1477.5
182,1769,1478.54
183,1769,1475.17
184,1769,1499.74
185,1769,1497.91
186,1769,1518.38
187,1769,1484.02
188,1769,1492.25
189,1769,1491.21
190,1769,1464.47
191,1769,1500.28
192,1769,1513.43
193,1769,1492.22
194,1751,1458.34
195,1751,1469.77
196,1769,1437.39
197,1759,1455.18
198,1769,1424.11
199,1759,1470.21
200,1759,1446.47
201,1759,1431.69
202,1769,1452.27
203,1769,1440.82
204,1769,1461.32
205,1769,1411.42
206,1769,1416.92
207,1769,1423.46
208,1769,1441.22
209,1769,1427.02
210,1769,1429.06
211,1769,1444.17
212,1769,1427.97
213,1769,1462.84
214,1769,1456.09
215,1751,1445.47
216,1751,1457.77
217,1751,1497.02
218,1769,1508.92
219,1751,1505.29
220,1741,1461.6
221,1769,1450.05
222,1769,1458.01
223,1751,1476.28
224,1769,1484.1
225,1769,1474.08
226,1769,1454.37
227,1769,1485.67
228,1769,1473.19
229,1751,1467.08
230,1769,1448.79
231,1769,1464.66
232,1769,1479.38
233,1769,1484.07
234,1769,1472.98
235,1769,1440.56
236,1759,1440.76
237,1751,1418.87
238,1682,1393.65
239,1751,1393.02
240,1751,1374.96
241,1682,1379.61
242,1683,1377.96
243,1700,1397.46
244,1769,1412.61
245,1769,1406.47
246,1769,1367.07
247,1769,1390.68
248,1769,1425.56
249,1769,1408.71
250,1769,1411.93
251,1769,1399.97
252,1769,1387.15
253,1769,1373.48
254,1769,1385.02
255,1759,1426.13
256,1759,1457.58
257,1769,1441.4
258,1769,1466.03
259,1769,1489.21
260,1769,1484.59
261,1769,1465.97
262,1769,1493.83
263,1769,1498.13
264,1769,1528.8
265,1769,1526.24
266,1769,1551.76
267,1769,1594.4
268,1769,1585.93
269,1769,1563.04
270,1769,1581.52
271,1769,1562.96
272,1769,1564.46
273,1769,1544.67
274,1769,1539.91
275,1769,1550.41
276,1769,1546.73
277,1769,1536.96
278,1769,1499.97
279,1769,1470.71
280,1769,1508.81
281,1769,1528.75
282,1769,1546.6
283,1769,1525.64
284,1769,1502.42
285,1769,1462.15
286,1769,1467.83
287,1769,1481.9
288,1759,1479.22
289,1759,1475.33
290,1769,1498.46
291,1769,1505.86
292,1769,1501.26
293,1759,1506.54
294,1769,1504.78
295,1769,1511.16
296,1769,1494.22
297,1769,1505.65
298,1769,1484.62
299,1769,1493.37
Population size,100
Crossover rate,0.66
Mutation rate,0.34
Random selection portion,0.03
Selection method,AForge.Genetic.RouletteWheelSelection
Diversity check,True
Iteration,FitnessMax,FitnessAvg
0,1655,985.92
1,1741,1012.96
2,1741,1058.09
3,1655,1090.08
4,1641,1134.64
5,1641,1165.05
6,1641,1215.44
7,1673,1260.77
8,1759,1290.41
9,1673,1283.7
10,1640,1317.02
11,1673,1300.12
12,1669,1321.7
13,1673,1340.99
14,1673,1354.46
15,1683,1374.99
16,1683,1385.46
17,1673,1381.74
18,1741,1345.74
19,1673,1349.62
20,1673,1349
21,1669,1342.9
22,1659,1313.76
23,1678,1352.44
24,1769,1350.37
25,1769,1359.88
26,1769,1356.72
27,1769,1350.73
28,1769,1337.7
29,1751,1338.92
30,1751,1326.73
31,1669,1311.33
32,1669,1307.17
33,1669,1320.15
34,1669,1365.07
35,1769,1355.97
36,1769,1391.9
37,1769,1403.71
38,1700,1434.8
39,1759,1409.48
40,1759,1378.81
41,1759,1380.36
42,1659,1376.86
43,1659,1403.81
44,1659,1390.28
45,1683,1400.12
46,1759,1413.35
47,1759,1452.22
48,1759,1457.55
49,1683,1476.04
50,1769,1459.91
51,1700,1441.3
52,1769,1467.14
53,1769,1484.73
54,1700,1467.78
55,1759,1488.36
56,1759,1467.32
57,1769,1502.49
58,1769,1504.68
59,1769,1461.51
60,1769,1488.3
61,1769,1501.85
62,1769,1445.5
63,1769,1447.03
64,1769,1490.17
65,1769,1490.73
66,1769,1543.62
67,1769,1527.81
68,1769,1513.67
69,1769,1505.04
70,1769,1502.42
71,1769,1484.4
72,1769,1475.75
73,1769,1480.08
74,1759,1485.74
75,1759,1457.43
76,1759,1409.21
77,1759,1440.27
78,1759,1457.43
79,1769,1432.71
80,1769,1421.05
81,1759,1415.66
82,1759,1410.66
83,1759,1422.79
84,1759,1439.22
85,1769,1456.21
86,1769,1448.36
87,1769,1484.52
88,1769,1444.97
89,1769,1446.83
90,1759,1502.92
91,1759,1528.45
92,1759,1511.76
93,1759,1507.79
94,1759,1525.53
95,1759,1513.4
96,1759,1520.75
97,1769,1515.95
98,1769,1520.2
99,1769,1481.72
100,1759,1458.43
101,1759,1438.86
102,1759,1467.78
103,1759,1493.93
104,1759,1490
105,1759,1466.72
106,1759,1491.04
107,1759,1484.47
108,1759,1446.99
109,1759,1426.26
110,1759,1460.78
111,1759,1467.49
112,1759,1421.11
113,1759,1436.42
114,1759,1449.38
115,1759,1473.3
116,1759,1441.79
117,1759,1418.76
118,1769,1441.23
119,1769,1465.79
120,1769,1449.42
121,1769,1466.19
122,1769,1472.46
123,1769,1490.11
124,1769,1452.79
125,1759,1439.49
126,1769,1469.32
127,1769,1474.06
128,1759,1484.82
129,1759,1436.51
130,1759,1441.82
131,1769,1485.11
132,1769,1466.35
133,1769,1479.21
134,1769,1474.66
135,1769,1485.16
136,1769,1536.32
137,1769,1523.87
138,1769,1521.17
139,1769,1513.59
140,1769,1512.8
141,1769,1504.96
142,1769,1527.59
143,1769,1534.58
144,1769,1562.33
145,1769,1552.89
146,1769,1535.94
147,1769,1547.68
148,1769,1532.99
149,1769,1549.31
150,1769,1530.73
151,1769,1557.42
152,1769,1535.37
153,1769,1536.35
154,1769,1538.32
155,1769,1500.78
156,1769,1507.5
157,1769,1506.06
158,1769,1512
159,1769,1517.5
160,1769,1483.75
161,1759,1464.04
162,1759,1484.77
163,1759,1453.22
164,1759,1486.27
165,1759,1503.06
166,1769,1513.53
167,1769,1457.03
168,1769,1452.1
169,1759,1439.72
170,1759,1469.07
171,1759,1484.68
172,1759,1514.83
173,1759,1520.52
174,1759,1492.88
175,1769,1492.73
176,1769,1494.54
177,1769,1489.72
178,1769,1465.46
179,1769,1469.62
180,1769,1467.6
181,1769,1473.89
182,1769,1460.54
183,1759,1461.87
184,1759,1474.03
185,1759,1443.83
186,1769,1465.05
187,1759,1455.39
188,1751,1479.1
189,1769,1469.62
190,1769,1501.42
191,1769,1519.12
192,1769,1541.99
193,1769,1550.69
194,1769,1555.6
195,1769,1540
196,1769,1520.05
197,1759,1515.98
198,1759,1530.41
199,1759,1507.61
200,1759,1511.47
201,1759,1498.7
202,1759,1481
203,1769,1478.29
204,1759,1454.7
205,1759,1476.03
206,1759,1508.72
207,1759,1531.83
208,1769,1535.97
209,1769,1527.26
210,1759,1557.79
211,1759,1568.99
212,1759,1539.76
213,1769,1548.33
214,1759,1541.84
215,1769,1551.82
216,1759,1536.29
217,1759,1530.41
218,1769,1555.65
219,1751,1545.61
220,1751,1529.84
221,1751,1517.04
222,1751,1491.46
223,1751,1497
224,1751,1501.21
225,1751,1478.32
226,1672,1460.96
227,1751,1434.4
228,1769,1454.78
229,1769,1425.53
230,1769,1479.09
231,1769,1481.54
232,1769,1450.16
233,1769,1462.1
234,1769,1471.05
235,1751,1462.56
236,1769,1444.24
237,1769,1456.69
238,1769,1477.96
239,1769,1444.74
240,1769,1436.57
241,1769,1455.79
242,1769,1446.61
243,1700,1434.99
244,1769,1448.08
245,1769,1464.38
246,1769,1467.98
247,1769,1448.02
248,1769,1439.77
249,1769,1443.02
250,1769,1453.88
251,1769,1473.22
252,1769,1490.73
253,1769,1446.98
254,1769,1484.87
255,1769,1521.86
256,1769,1530.75
257,1769,1502.99
258,1769,1513.64
259,1769,1521.46
260,1769,1498.33
261,1769,1507.81
262,1769,1511.34
263,1769,1529.05
264,1769,1512.43
265,1769,1495.39
266,1769,1459.96
267,1759,1445.77
268,1769,1432.68
269,1769,1415.99
270,1700,1418.35
271,1700,1418.42
272,1759,1393.76
273,1759,1405.78
274,1769,1420.75
275,1769,1422.32
276,1769,1415.52
277,1769,1452.09
278,1769,1439.57
279,1769,1453.63
280,1769,1439.54
281,1769,1419.46
282,1769,1436.34
283,1769,1446.5
284,1769,1467.54
285,1769,1451.04
286,1769,1456.21
287,1769,1451.5
288,1759,1464.48
289,1759,1451.99
290,1769,1450.47
291,1759,1464.05
292,1759,1469.6
293,1759,1475.12
294,1769,1463.42
295,1769,1488.88
296,1769,1476.55
297,1769,1440.42
298,1769,1466.42
299,1769,1477.24
Population size,100
Crossover rate,0.51
Mutation rate,0.79
Random selection portion,0.03
Selection method,AForge.Genetic.RankSelection
Diversity check,True
Iteration,FitnessMax,FitnessAvg
0,1482,968.6
1,1495,1123.1
2,1503,1200.78
3,1582,1264.35
4,1700,1319.31
5,1700,1379.42
6,1700,1417.54
7,1769,1437.77
8,1769,1473.93
9,1769,1520.4
10,1769,1554.86
11,1769,1586.06
12,1769,1600.53
13,1769,1611.2
14,1759,1621.01
15,1759,1641.01
16,1769,1655.82
17,1769,1674.64
18,1769,1696.4
19,1769,1690.48
20,1769,1682.55
21,1769,1682.05
22,1769,1690.81
23,1769,1692.06
24,1769,1700.87
25,1769,1707.35
26,1769,1719.61
27,1769,1045.89
28,1769,1196.98
29,1769,1295.47
30,1769,1395.77
31,1700,1445.08
32,1769,1519.76
33,1769,1544.83
34,1769,1570.32
35,1769,1624.65
36,1769,1640.26
37,1769,1645.32
38,1769,1640.71
39,1769,1682.09
40,1769,1684.38
41,1769,1677.05
42,1769,1691.87
43,1769,1708.86
44,1769,1708.55
45,1769,1704.17
46,1769,1711.87
47,1769,1712.18
48,1769,1716.81
49,1769,1075.97
50,1769,1233.11
51,1769,1349.32
52,1769,1440.46
53,1769,1534.77
54,1769,1570.91
55,1769,1613.93
56,1769,1628.5
57,1769,1640.5
58,1769,1651.12
59,1769,1671.64
60,1769,1661.02
61,1769,1686.8
62,1769,1693.88
63,1769,1703.69
64,1769,1721.13
65,1769,1076
66,1683,1204.81
67,1650,1293.61
68,1660,1369.93
69,1682,1417.66
70,1682,1492.55
71,1741,1543.05
72,1751,1555.22
73,1741,1587.46
74,1759,1591.63
75,1769,1615.8
76,1769,1630.02
77,1769,1646.03
78,1769,1667.38
79,1769,1673.96
80,1769,1672.05
81,1769,1690.24
82,1769,1705.21
83,1769,1707.84
84,1769,1700.78
85,1769,1688.8
86,1769,1711.94
87,1769,1725.86
88,1609,999.72
89,1609,1096.06
90,1609,1191.2
91,1650,1259.86
92,1650,1350.41
93,1700,1419.18
94,1690,1466.46
95,1700,1505.8
96,1769,1533.75
97,1769,1562.31
98,1769,1579.57
99,1769,1587.04
100,1769,1618.36
101,1769,1649.72
102,1769,1668.37
103,1769,1682.6
104,1769,1692.03
105,1769,1709.33
106,1769,1706.59
107,1769,1710.38
108,1769,1725.28
109,1769,1031.93
110,1683,1113.77
111,1683,1198.72
112,1683,1284.26
113,1583,1348.03
114,1673,1390.34
115,1690,1471.59
116,1759,1535.74
117,1759,1555.61
118,1769,1574.6
119,1769,1601.17
120,1759,1619.13
121,1769,1629.28
122,1769,1665.26
123,1769,1653.17
124,1769,1668.22
125,1769,1690.44
126,1769,1691.13
127,1769,1679.48
128,1769,1689.09
129,1769,1703.08
130,1769,1706.09
131,1769,1717.67
132,1389,1040.55
133,1496,1156.98
134,1496,1214.42
135,1614,1273.95
136,1700,1351.29
137,1700,1391.07
138,1658,1431.88
139,1683,1468.29
140,1683,1487.57
141,1683,1501.65
142,1769,1547.3
143,1769,1562.81
144,1769,1583.69
145,1769,1616.87
146,1769,1626.29
147,1769,1622.76
148,1769,1667.17
149,1769,1663.74
150,1769,1666.06
151,1769,1673.42
152,1769,1682.8
153,1769,1687.31
154,1769,1699.32
155,1769,1706.36
156,1769,1708.91
157,1769,1682.05
158,1769,1704.46
159,1769,1715.39
160,1769,1716.65
161,1769,1035
162,1769,1129.18
163,1769,1200.57
164,1769,1298.89
165,1769,1364.14
166,1769,1428.39
167,1769,1479.37
168,1769,1520.16
169,1769,1560.55
170,1769,1598.02
171,1769,1628.76
172,1769,1660.23
173,1769,1673.54
174,1769,1696.98
175,1769,1702.09
176,1769,1714.65
177,1769,1708.36
178,1769,1724.15
179,1769,1029.56
180,1564,1122.96
181,1564,1204.28
182,1564,1278.5
183,1554,1325.91
184,1641,1381.61
185,1641,1427.42
186,1700,1482.54
187,1700,1485.58
188,1741,1501.48
189,1741,1532.04
190,1759,1578.44
191,1759,1601.96
192,1759,1608.67
193,1769,1636.63
194,1769,1644.17
195,1769,1664.1
196,1769,1668.39
197,1769,1671.66
198,1769,1672.68
199,1769,1695.74
200,1769,1702.72
201,1769,1694.65
202,1769,1704.99
203,1769,1720.89
204,1741,1039.12
205,1741,1137.51
206,1741,1235.43
207,1751,1321.44
208,1741,1400.88
209,1741,1433.42
210,1741,1507.58
211,1759,1547.15
212,1759,1574.21
213,1759,1606.29
214,1769,1630.81
215,1769,1640.78
216,1769,1648.74
217,1769,1680.63
218,1769,1674.2
219,1769,1701.07
220,1769,1713.16
221,1769,1707.93
222,1769,1706.47
223,1769,1707.97
224,1769,1717.6
225,1769,1041.75
226,1769,1137.54
227,1651,1248.41
228,1651,1337.14
229,1751,1413.82
230,1751,1464.32
231,1769,1510.87
232,1759,1515.89
233,1759,1542.72
234,1769,1571.33
235,1769,1578.94
236,1769,1595.29
237,1769,1620.81
238,1769,1626.38
239,1769,1633.14
240,1769,1655.57
241,1769,1672.5
242,1769,1676.91
243,1769,1677.53
244,1769,1696.72
245,1769,1715.69
246,1769,1702.87
247,1769,1715.13
248,1769,1713.8
249,1769,1714.53
250,1769,1713.04
251,1769,1722.35
252,1442,963.07
253,1509,1075.26
254,1481,1178.84
255,1494,1248.13
256,1585,1327.3
257,1585,1366.29
258,1660,1403.1
259,1660,1440.94
260,1751,1475.59
261,1751,1491.54
262,1751,1528.22
263,1759,1577.17
264,1759,1595.26
265,1751,1616.91
266,1759,1636.08
267,1769,1648.82
268,1769,1662.94
269,1769,1683.29
270,1769,1703.29
271,1769,1704.02
272,1769,1695.92
273,1769,1703.68
274,1769,1713.29
275,1769,1723.48
276,1769,1132.39
277,1769,1274.44
278,1769,1366.12
279,1769,1437.57
280,1700,1497.33
281,1700,1509.9
282,1759,1533.66
283,1769,1554.08
284,1769,1597.15
285,1769,1624.61
286,1769,1639.14
287,1769,1665.24
288,1769,1667.66
289,1769,1658.92
290,1769,1668.57
291,1769,1689.88
292,1769,1696.07
293,1769,1711.72
294,1769,1705.55
295,1769,1710.02
296,1769,1711.35
297,1769,1709.84
298,1769,1724.94
299,1769,1052.01
Population size,100
Crossover rate,0.51
Mutation rate,0.79
Random selection portion,0.03
Selection method,AForge.Genetic.RankSelection
Diversity check,False
Iteration,FitnessMax,FitnessAvg
0,1651,1076.31
1,1651,1192.26
2,1569,1253.9
3,1658,1323.63
4,1683,1394.67
5,1759,1455.63
6,1759,1483.05
7,1759,1530.43
8,1759,1581.51
9,1769,1627.56
10,1769,1640.99
11,1769,1638.09
12,1769,1668.73
13,1769,1680.16
14,1769,1686.28
15,1769,1683.84
16,1769,1698.38
17,1769,1710.14
18,1769,1706.59
19,1769,1708.69
20,1769,1702.33
21,1769,1706.96
22,1769,1712.98
23,1769,1719.03
24,1769,1710.51
25,1769,1720.35
26,1769,1717.99
27,1769,1705.82
28,1769,1710.65
29,1769,1724.42
30,1769,1722.15
31,1769,1720.08
32,1769,1721.37
33,1769,1708.89
34,1769,1703.57
35,1769,1722.21
36,1769,1714.55
37,1769,1728.13
38,1769,1722.42
39,1769,1718.55
40,1769,1713.66
41,1769,1713.02
42,1769,1702.7
43,1769,1715.04
44,1769,1720.72
45,1769,1708.7
46,1769,1713.01
47,1769,1731.83
48,1769,1717.78
49,1769,1720.32
50,1769,1718.85
51,1769,1709.9
52,1769,1715.91
53,1769,1708.81
54,1769,1712.39
55,1769,1720.75
56,1769,1720.19
57,1769,1718.86
58,1769,1713.35
59,1769,1716.98
60,1769,1721.82
61,1769,1725.22
62,1769,1718.15
63,1769,1724.98
64,1769,1717.88
65,1769,1721.28
66,1769,1726.37
67,1769,1729.89
68,1769,1715.11
69,1769,1708.71
70,1769,1722.73
71,1769,1716.38
72,1769,1718.91
73,1769,1698.9
74,1769,1697.81
75,1769,1709.42
76,1769,1704.69
77,1769,1709.71
78,1769,1708.62
79,1769,1711.64
80,1769,1713.06
81,1769,1705
82,1769,1716.63
83,1769,1716.63
84,1769,1716.9
85,1769,1731.74
86,1769,1708.94
87,1769,1712.61
88,1769,1717.71
89,1769,1710.59
90,1769,1719.9
91,1769,1729.24
92,1769,1724.25
93,1769,1729.05
94,1769,1726.59
95,1769,1720.07
96,1769,1716.96
97,1769,1719.14
98,1769,1711.39
99,1769,1710.51
100,1769,1715.25
101,1769,1728.01
102,1769,1723.75
103,1769,1722.65
104,1769,1718.11
105,1769,1716.01
106,1769,1719.26
107,1769,1721.62
108,1769,1714.62
109,1769,1717.66
110,1769,1717.49
111,1769,1701.24
112,1769,1703.17
113,1769,1714.2
114,1769,1720.08
115,1769,1713.46
116,1769,1718.55
117,1769,1716.3
118,1769,1737.51
119,1769,1714.52
120,1769,1713.79
121,1769,1707.77
122,1769,1714.46
123,1769,1724.35
124,1769,1716.51
125,1769,1720.52
126,1769,1713.89
127,1769,1709.72
128,1769,1715.57
129,1769,1718.55
130,1769,1726.53
131,1769,1725.2
132,1769,1724.19
133,1769,1718.22
134,1769,1730.55
135,1769,1718.77
136,1769,1707.7
137,1769,1719.31
138,1769,1707.47
139,1769,1726.8
140,1769,1720.26
141,1769,1719.42
142,1769,1717.45
143,1769,1715.18
144,1769,1715.29
145,1769,1712.34
146,1769,1704.32
147,1769,1710.42
148,1769,1723.52
149,1769,1732.46
150,1769,1716.2
151,1769,1714.96
152,1769,1703.71
153,1769,1693.92
154,1769,1704.75
155,1769,1714.77
156,1769,1718.49
157,1769,1723.66
158,1769,1724.59
159,1769,1705.59
160,1769,1710.95
161,1769,1706.77
162,1769,1717.26
163,1769,1708.65
164,1769,1713.49
165,1769,1717.98
166,1769,1710.59
167,1769,1701.79
168,1769,1700.18
169,1769,1715.51
170,1769,1714.15
171,1769,1710.7
172,1769,1714.79
173,1769,1709.09
174,1769,1697.99
175,1769,1708.69
176,1769,1720.6
177,1769,1709.23
178,1769,1716.93
179,1769,1709.45
180,1769,1723.37
181,1769,1717.94
182,1769,1729.72
183,1769,1733.04
184,1769,1722.11
185,1769,1718.32
186,1769,1712.65
187,1769,1711.61
188,1769,1727.97
189,1769,1729.12
190,1769,1739.81
191,1769,1721.52
192,1769,1722.29
193,1769,1717.85
194,1769,1724.41
195,1769,1713.58
196,1769,1716.7
197,1769,1723.51
198,1769,1703.73
199,1769,1722.52
200,1769,1725.05
201,1769,1706.6
202,1769,1714.71
203,1769,1724.4
204,1769,1731.46
205,1769,1716.18
206,1769,1725.65
207,1769,1721.03
208,1769,1720.38
209,1769,1717.68
210,1769,1720.81
211,1769,1733.55
212,1769,1721.65
213,1769,1706.45
214,1769,1693.73
215,1769,1709.87
216,1769,1712.27
217,1769,1709.62
218,1769,1713.38
219,1769,1720.5
220,1769,1723.59
221,1769,1712.33
222,1769,1719.18
223,1769,1716.73
224,1769,1723.07
225,1769,1714.06
226,1769,1716
227,1769,1725.34
228,1769,1720.4
229,1769,1724.61
230,1769,1719.58
231,1769,1714.17
232,1769,1717.93
233,1769,1716.5
234,1769,1714.61
235,1769,1721.15
236,1769,1716.5
237,1769,1725.21
238,1769,1729.09
239,1769,1735.96
240,1769,1729.24
241,1769,1731.15
242,1769,1722.22
243,1769,1710.37
244,1769,1717.85
245,1769,1701.37
246,1769,1716.4
247,1769,1710.72
248,1769,1712.67
249,1769,1716.01
250,1769,1713.28
251,1769,1713.88
252,1769,1710.11
253,1769,1720.16
254,1769,1722.91
255,1769,1729.35
256,1769,1728.16
257,1769,1715.9
258,1769,1721.71
259,1769,1724.88
260,1769,1719.88
261,1769,1729.93
262,1769,1721.06
263,1769,1721.4
264,1769,1727.9
265,1769,1729.01
266,1769,1714.32
267,1769,1712.84
268,1769,1715.73
269,1769,1730.51
270,1769,1728.14
271,1769,1719.75
272,1769,1714.83
273,1769,1722.47
274,1769,1716.48
275,1769,1716.76
276,1769,1710.91
277,1769,1698.13
278,1769,1711.67
279,1769,1717.09
280,1769,1702.68
281,1769,1722.84
282,1769,1699.48
283,1769,1713.35
284,1769,1707.41
285,1769,1716.84
286,1769,1709.49
287,1769,1716.36
288,1769,1707.67
289,1769,1708.21
290,1769,1720.88
291,1769,1721.85
292,1769,1696.19
293,1769,1710.64
294,1769,1703.1
295,1769,1696.82
296,1769,1712.71
297,1769,1710.58
298,1769,1714
299,1769,1727.59
Population size,100
Crossover rate,0.22
Mutation rate,0.87
Random selection portion,0.03
Selection method,AForge.Genetic.EliteSelection
Diversity check,False
Iteration,FitnessMax,FitnessAvg
0,1668,1121.04
1,1668,1239.56
2,1700,1364.61
3,1700,1438.06
4,1700,1487.58
5,1769,1545.86
6,1769,1587.9
7,1769,1608.72
8,1769,1649.98
9,1769,1676.16
10,1769,1693.93
11,1769,1711.84
12,1769,1719.23
13,1769,1733.19
14,1769,1737.04
15,1769,1747.01
16,1769,1739.37
17,1769,1745.43
18,1769,1740.5
19,1769,1736
20,1769,1744.51
21,1769,1738.82
22,1769,1735.81
23,1769,1744.06
24,1769,1739.64
25,1769,1737.19
26,1769,1743.87
27,1769,1744.33
28,1769,1739.73
29,1769,1745.61
30,1769,1743.13
31,1769,1733.7
32,1769,1746.64
33,1769,1743.06
34,1769,1748.03
35,1769,1746.79
36,1769,1745.95
37,1769,1743.53
38,1769,1739.66
39,1769,1748.33
40,1769,1737.88
41,1769,1737.38
42,1769,1740.78
43,1769,1737.35
44,1769,1745.12
45,1769,1743.85
46,1769,1745.78
47,1769,1744.05
48,1769,1735.35
49,1769,1744.38
50,1769,1754.21
51,1769,1744.53
52,1769,1742.55
53,1769,1738.78
54,1769,1739.24
55,1769,1734.04
56,1769,1745.08
57,1769,1733.33
58,1769,1747.07
59,1769,1740.69
60,1769,1745.79
61,1769,1742.14
62,1769,1749.55
63,1769,1747.17
64,1769,1748.64
65,1769,1746.11
66,1769,1740.94
67,1769,1746.25
68,1769,1736.61
69,1769,1740.55
70,1769,1739.18
71,1769,1739.38
72,1769,1739.1
73,1769,1746.83
74,1769,1741.46
75,1769,1747.8
76,1769,1752.03
77,1769,1739.29
78,1769,1746.94
79,1769,1739.5
80,1769,1737.17
81,1769,1743.52
82,1769,1744.82
83,1769,1745.29
84,1769,1747.31
85,1769,1747.41
86,1769,1746.57
87,1769,1736.46
88,1769,1740.06
89,1769,1735.11
90,1769,1747.22
91,1769,1745.49
92,1769,1747.18
93,1769,1742.45
94,1769,1747.25
95,1769,1742.78
96,1769,1748.55
97,1769,1739.65
98,1769,1743.04
99,1769,1740.61
100,1769,1744.43
101,1769,1744.43
102,1769,1746.64
103,1769,1739.66
104,1769,1744.93
105,1769,1744.92
106,1769,1741.4
107,1769,1740.47
108,1769,1744.18
109,1769,1739.19
110,1769,1734.64
111,1769,1742.28
112,1769,1745.18
113,1769,1743.15
114,1769,1746.2
115,1769,1740.23
116,1769,1739.57
117,1769,1740.74
118,1769,1744.05
119,1769,1748.68
120,1769,1740.71
121,1769,1736.82
122,1769,1743.57
123,1769,1745.69
124,1769,1745.94
125,1769,1745.39
126,1769,1742.09
127,1769,1746.91
128,1769,1740.29
129,1769,1743.08
130,1769,1741.53
131,1769,1744.6
132,1769,1743.44
133,1769,1745.69
134,1769,1742.61
135,1769,1737.73
136,1769,1737.54
137,1769,1739.22
138,1769,1742
139,1769,1741.92
140,1769,1745.29
141,1769,1750.81
142,1769,1735.37
143,1769,1749.45
144,1769,1742.74
145,1769,1743.74
146,1769,1745.53
147,1769,1745.4
148,1769,1747.54
149,1769,1751.51
150,1769,1747.01
151,1769,1741.09
152,1769,1742.18
153,1769,1742.24
154,1769,1745.81
155,1769,1746.32
156,1769,1746.01
157,1769,1744.84
158,1769,1745.77
159,1769,1736.2
160,1769,1741.39
161,1769,1738.99
162,1769,1744.99
163,1769,1741.54
164,1769,1737.71
165,1769,1742.66
166,1769,1738.49
167,1769,1733.45
168,1769,1744.13
169,1769,1741.79
170,1769,1734.92
171,1769,1739.3
172,1769,1739.63
173,1769,1740.3
174,1769,1742.1
175,1769,1749.98
176,1769,1742.9
177,1769,1748.41
178,1769,1736.38
179,1769,1733.54
180,1769,1740.08
181,1769,1748.17
182,1769,1744.49
183,1769,1737.8
184,1769,1744.82
185,1769,1744.03
186,1769,1742.78
187,1769,1729.41
188,1769,1739.66
189,1769,1745.44
190,1769,1740.54
191,1769,1743.89
192,1769,1740.02
193,1769,1741.94
194,1769,1744.03
195,1769,1745.03
196,1769,1743.58
197,1769,1738.89
198,1769,1749.29
199,1769,1741.54
200,1769,1743.15
201,1769,1740.99
202,1769,1735.75
203,1769,1743.84
204,1769,1745.4
205,1769,1735.99
206,1769,1748.43
207,1769,1746.41
208,1769,1749.7
209,1769,1747.26
210,1769,1745.95
211,1769,1743.51
212,1769,1745.29
213,1769,1743.28
214,1769,1739.64
215,1769,1740.72
216,1769,1739.8
217,1769,1745.82
218,1769,1744.48
219,1769,1738.38
220,1769,1744.72
221,1769,1744.13
222,1769,1744.73
223,1769,1747.07
224,1769,1740.91
225,1769,1740.44
226,1769,1750.13
227,1769,1743.04
228,1769,1746.1
229,1769,1741.2
230,1769,1733.31
231,1769,1738.12
232,1769,1742.54
233,1769,1743.2
234,1769,1747.11
235,1769,1747.69
236,1769,1734.47
237,1769,1746.45
238,1769,1736.86
239,1769,1739.64
240,1769,1739.86
241,1769,1743.74
242,1769,1744.6
243,1769,1738.08
244,1769,1748.26
245,1769,1740.18
246,1769,1750.06
247,1769,1745.85
248,1769,1738.04
249,1769,1745.04
250,1769,1742.72
251,1769,1738.83
252,1769,1748.32
253,1769,1743.1
254,1769,1751.67
255,1769,1737.47
256,1769,1743.96
257,1769,1735.95
258,1769,1745.42
259,1769,1740.59
260,1769,1745.48
261,1769,1734.02
262,1769,1746.42
263,1769,1742.06
264,1769,1741.2
265,1769,1747.68
266,1769,1748
267,1769,1744.73
268,1769,1740
269,1769,1740.93
270,1769,1738.36
271,1769,1745.03
272,1769,1735.25
273,1769,1747.81
274,1769,1748.22
275,1769,1739.82
276,1769,1747.44
277,1769,1744.26
278,1769,1745.42
279,1769,1741.35
280,1769,1741.19
281,1769,1744.05
282,1769,1744.93
283,1769,1744.27
284,1769,1749.47
285,1769,1736.12
286,1769,1738.65
287,1769,1737.04
288,1769,1737.94
289,1769,1743.05
290,1769,1744.89
291,1769,1748.19
292,1769,1748.64
293,1769,1744.15
294,1769,1737.33
295,1769,1742.74
296,1769,1744.73
297,1769,1738.86
298,1769,1738.7
299,1769,1745.02
Population size,100
Crossover rate,0.22
Mutation rate,0.87
Random selection portion,0.03
Selection method,AForge.Genetic.EliteSelection
Diversity check,True
Iteration,FitnessMax,FitnessAvg
0,1668,1101.15
1,1668,1258.25
2,1668,1353.23
3,1668,1425.63
4,1672,1482.46
5,1741,1535.9
6,1741,1572.79
7,1751,1590.81
8,1769,1612.64
9,1769,1641.23
10,1769,1663.91
11,1769,1691.34
12,1769,1707.33
13,1769,1719.16
14,1769,1100.35
15,1769,1226.84
16,1769,1324.29
17,1769,1409.1
18,1769,1491.25
19,1769,1558.79
20,1769,1612.61
21,1769,1654.87
22,1769,1669.16
23,1769,1698.05
24,1769,1712.88
25,1769,1727.03
26,1769,1106.2
27,1769,1240.9
28,1769,1346.17
29,1769,1432.28
30,1769,1504.72
31,1769,1577.06
32,1769,1616.29
33,1769,1654.12
34,1769,1691.17
35,1769,1700.99
36,1769,1721.06
37,1769,1122.68
38,1769,1254.03
39,1769,1373.84
40,1769,1445.34
41,1769,1504.76
42,1769,1568.42
43,1769,1617.13
44,1769,1649.39
45,1769,1671.7
46,1769,1697.87
47,1769,1722.93
48,1769,1055.9
49,1769,1189.78
50,1769,1298.78
51,1769,1400.8
52,1769,1478.26
53,1769,1538.8
54,1769,1591.49
55,1769,1631.47
56,1769,1664.17
57,1769,1686.33
58,1769,1700.2
59,1769,1718.41
60,1769,1098.02
61,1769,1229.62
62,1769,1304.64
63,1769,1392.46
64,1769,1448.34
65,1769,1506.24
66,1769,1551.17
67,1769,1595.16
68,1769,1634.95
69,1769,1664.52
70,1769,1690.93
71,1769,1706.01
72,1769,1730.7
73,1769,1115.51
74,1769,1246.18
75,1769,1347.2
76,1769,1437.84
77,1769,1528.61
78,1769,1606.57
79,1769,1647.95
80,1769,1677.5
81,1769,1691.61
82,1769,1707.08
83,1769,1724.27
84,1769,1106.2
85,1769,1221.31
86,1769,1324.17
87,1769,1408.13
88,1769,1481.14
89,1769,1565.23
90,1769,1611.48
91,1769,1643.1
92,1769,1677.75
93,1769,1688.45
94,1769,1705.06
95,1769,1732.42
96,1769,1103.85
97,1769,1211.24
98,1769,1306.51
99,1769,1400.8
100,1769,1481.59
101,1769,1549.09
102,1769,1603.82
103,1769,1644.15
104,1769,1673.18
105,1769,1699.81
106,1769,1712.97
107,1769,1733.41
108,1769,1077.63
109,1769,1208.82
110,1769,1302.24
111,1769,1387.59
112,1769,1453.42
113,1769,1515.33
114,1769,1568.72
115,1769,1604.97
116,1769,1647.76
117,1769,1684.64
118,1769,1704.31
119,1769,1721.59
120,1769,1105.21
121,1769,1220.32
122,1769,1325.37
123,1769,1413.98
124,1769,1467.89
125,1769,1521.19
126,1769,1589.11
127,1769,1628.99
128,1769,1666.53
129,1769,1680.22
130,1769,1707.03
131,1769,1725.38
132,1769,1123.13
133,1769,1256.79
134,1769,1343.5
135,1769,1419.31
136,1769,1498.25
137,1769,1558.61
138,1769,1611.74
139,1769,1649.01
140,1769,1678.9
141,1769,1687.77
142,1769,1703.81
143,1769,1725.47
144,1769,1142.03
145,1769,1286.61
146,1769,1374.98
147,1769,1463.06
148,1769,1532.8
149,1769,1579.31
150,1769,1614.29
151,1769,1643.01
152,1769,1669.77
153,1769,1689.66
154,1769,1711.93
155,1769,1722.24
156,1769,1175.59
157,1769,1302.94
158,1769,1400.93
159,1769,1467.46
160,1769,1548.12
161,1769,1595.96
162,1769,1631.75
163,1769,1653.71
164,1769,1680.48
165,1769,1698.28
166,1769,1723.06
167,1769,1112.78
168,1769,1249.61
169,1769,1350.81
170,1769,1426.48
171,1769,1501.6
172,1769,1537.44
173,1769,1582.39
174,1769,1610.39
175,1769,1650.62
176,1769,1680.15
177,1769,1691.99
178,1769,1725.11
179,1769,1091.66
180,1769,1225.92
181,1769,1329.34
182,1769,1392.73
183,1769,1453.03
184,1769,1506.35
185,1769,1560.58
186,1769,1608.77
187,1769,1639.84
188,1769,1678.99
189,1769,1707.2
190,1769,1711.39
191,1769,1725.22
192,1769,1092.2
193,1769,1237.13
194,1769,1318.57
195,1769,1410.41
196,1769,1466.7
197,1769,1533.06
198,1769,1598.64
199,1769,1628.78
200,1769,1662.69
201,1769,1669.99
202,1769,1681.05
203,1769,1705.14
204,1769,1723.79
205,1769,1128.59
206,1769,1256.08
207,1769,1354.1
208,1769,1437.7
209,1769,1508.67
210,1769,1569.54
211,1769,1618.48
212,1769,1649.42
213,1769,1681.37
214,1769,1692.18
215,1769,1710.62
216,1769,1730.31
217,1769,1095.44
218,1769,1223.93
219,1769,1319.3
220,1769,1406.2
221,1769,1481.24
222,1769,1535.45
223,1769,1573.6
224,1769,1616.87
225,1769,1647.04
226,1769,1680.72
227,1769,1696.55
228,1769,1715.36
229,1769,1726.98
230,1769,1143.38
231,1769,1265.52
232,1769,1353.17
233,1769,1430.2
234,1769,1507.69
235,1769,1558.93
236,1769,1603.31
237,1769,1643.06
238,1769,1682.91
239,1769,1693.29
240,1769,1712.99
241,1769,1728.73
242,1769,1124.54
243,1769,1230.57
244,1769,1332.94
245,1769,1417.85
246,1769,1489.52
247,1769,1535.51
248,1769,1566.06
249,1769,1599.93
250,1769,1628.67
251,1769,1657.54
252,1769,1681.77
253,1769,1693.54
254,1769,1711.12
255,1769,1728.26
256,1769,1127.15
257,1769,1257.26
258,1769,1331.66
259,1769,1413.12
260,1769,1479.81
261,1769,1543.5
262,1769,1607.17
263,1769,1641.85
264,1769,1679.04
265,1769,1691.62
266,1769,1731.23
267,1769,1064.29
268,1769,1213.18
269,1769,1315.59
270,1769,1398.81
271,1769,1483.57
272,1769,1548
273,1769,1603.91
274,1769,1649.27
275,1769,1659.48
276,1769,1671.23
277,1769,1695.8
278,1769,1709.3
279,1769,1720.56
280,1769,1112.51
281,1769,1242.57
282,1769,1343.05
283,1769,1442.49
284,1769,1502.21
285,1769,1574.67
286,1769,1603.41
287,1769,1637.2
288,1769,1672.65
289,1769,1683.5
290,1769,1698.29
291,1769,1718.41
292,1769,1114.39
293,1769,1233.87
294,1769,1353.76
295,1769,1422.07
296,1769,1519.46
297,1769,1558.64
298,1769,1599.25
299,1769,1630.56
Population size,100
Crossover rate,0.22
Mutation rate,0.87
Random selection portion,0.03
Selection method,AForge.Genetic.EliteSelection
Diversity check,True
Iteration,FitnessMax,FitnessAvg
0,1496,1112.24
1,1496,1219.41
2,1565,1313.41
3,1641,1377.87
4,1651,1439.83
5,1751,1491.35
6,1759,1538.92
7,1769,1572.11
8,1769,1619.57
9,1769,1643.65
10,1769,1672.88
11,1769,1694.42
12,1769,1705.17
13,1769,1727.28
14,1769,1090.99
15,1769,1241.38
16,1769,1339.96
17,1769,1422.44
18,1769,1507.68
19,1769,1552.3
20,1769,1584.85
21,1769,1643.72
22,1769,1670.97
23,1769,1689.59
24,1769,1701.18
25,1769,1722.22
26,1769,1102.04
27,1769,1266.7
28,1769,1378.8
29,1769,1447.38
30,1769,1513.21
31,1769,1564.93
32,1769,1607.13
33,1769,1633.14
34,1769,1662.04
35,1769,1678.62
36,1769,1701.74
37,1769,1730.36
38,1769,1104.16
39,1769,1242.69
40,1769,1338.76
41,1769,1427.61
42,1769,1521.28
43,1769,1576.57
44,1769,1617.67
45,1769,1639.47
46,1769,1662.1
47,1769,1699.79
48,1769,1712.81
49,1769,1727.01
Population size,100
Crossover rate,0.22
Mutation rate,0.87
Random selection portion,0.03
Selection method,AForge.Genetic.EliteSelection
Diversity check,True
Iteration,FitnessMax,FitnessAvg
0,1447,1091.47
1,1582,1197.08
2,1582,1269.95
3,1586,1342.87
4,1599,1397
5,1683,1460.77
6,1741,1520.49
7,1759,1569.68
8,1769,1615.54
9,1769,1641.92
10,1769,1661.27
11,1769,1681.23
12,1769,1701.62
13,1769,1718.5
14,1769,1089.43
15,1769,1199.59
16,1769,1285.15
17,1769,1360.12
18,1769,1467.19
19,1769,1547.88
20,1769,1620.97
21,1769,1663.81
22,1769,1690.37
23,1769,1694.55
24,1769,1721.81
25,1769,1112.01
26,1769,1238.78
27,1769,1341.85
28,1769,1437.18
29,1769,1503.41
