Population size,100
Crossover rate,0.66
Mutation rate,0.34
Random selection portion,0.03
Selection method,AForge.Genetic.RouletteWheelSelection
Diversity check,False
Iteration,FitnessMax,FitnessAvg
0,1600,1022.66
1,1600,1138.59
2,1640,1204.07
3,1754,1268.51
4,1746,1295.57
5,1784,1318.36
6,1756,1346.2
7,1772,1327.38
8,1750,1358.32
9,1860,1389.94
10,1860,1450.51
11,1813,1448.92
12,1791,1468.88
13,1791,1508.8
14,1791,1468.38
15,1838,1467.5
16,1893,1488.97
17,1791,1462.89
18,1791,1512
19,1838,1493.47
20,1838,1525.67
21,1838,1519.2
22,1838,1529.68
23,1812,1501.5
24,1812,1487.26
25,1812,1461.17
26,1811,1481.87
27,1837,1466.36
28,1811,1484.07
29,1811,1507.2
30,1811,1505.53
31,1834,1493.65
32,1837,1521.76
33,1811,1544.96
34,1834,1521.49
35,1811,1531.55
36,1834,1542.61
37,1834,1543.65
38,1758,1532.22
39,1834,1504.93
40,1834,1475.34
41,1834,1489.03
42,1834,1502.53
43,1834,1460.15
44,1838,1463.39
45,1838,1466.89
46,1860,1462.28
47,1860,1459.12
48,1860,1436.88
49,1756,1437.36
50,1762,1405.54
51,1756,1369.41
52,1762,1413.33
53,1762,1436.81
54,1762,1462.84
55,1766,1492.32
56,1766,1503.64
57,1761,1505.79
58,1782,1489.83
59,1812,1491.53
60,1812,1434.93
61,1782,1440.55
62,1813,1470.39
63,1813,1504.28
64,1813,1472.06
65,1837,1537.49
66,1915,1518.17
67,1915,1516.09
68,1893,1486.08
69,1893,1510.35
70,1893,1530.9
71,1893,1564.64
72,1893,1558.72
73,1893,1547.88
74,1893,1505.4
75,1820,1492.83
76,1893,1550.01
77,1893,1551.37
78,1893,1563.58
79,1893,1587.5
80,1837,1598.99
81,1837,1587.98
82,1837,1597.14
83,1837,1621.68
84,1837,1614.63
85,1837,1588.22
86,1837,1601.77
87,1837,1602.48
88,1837,1598.82
89,1915,1621.26
90,1837,1606.79
91,1889,1599.2
92,1889,1626.42
93,1915,1607.92
94,1915,1606.47
95,1915,1603.08
96,1915,1575.78
97,1915,1574.79
98,1915,1558.98
99,1915,1566.61
100,1915,1576.36
101,1915,1570.51
102,1915,1518.55
103,1915,1586.8
104,1915,1599.38
105,1915,1628.67
106,1915,1571.47
107,1915,1605
108,1893,1532.2
109,1893,1554.52
110,1867,1552.85
111,1867,1505.26
112,1893,1475.21
113,1893,1497.16
114,1915,1469.2
115,1867,1504.11
116,1778,1487.93
117,1834,1530.61
118,1812,1547.93
119,1915,1505.98
120,1915,1520.54
121,1915,1546.9
122,1915,1554.6
123,1915,1546.65
124,1889,1528.75
125,1889,1549.31
126,1915,1551.37
127,1915,1573.44
128,1915,1610.45
129,1915,1593.52
130,1915,1597.56
131,1893,1582.46
132,1893,1605.51
133,1893,1581.24
134,1915,1596.08
135,1893,1577.13
136,1893,1600.09
137,1893,1643.5
138,1893,1644.62
139,1893,1648.79
140,1893,1634.07
141,1915,1619.05
142,1889,1637.3
143,1889,1620.11
144,1915,1609.63
145,1915,1622.39
146,1915,1611.77
147,1867,1583.3
148,1867,1570.46
149,1915,1560.96
150,1915,1576.89
151,1860,1543.08
152,1889,1529.95
153,1889,1536.02
154,1915,1548.51
155,1915,1586.88
156,1915,1581.31
157,1915,1580.86
158,1889,1585.11
159,1915,1581.97
160,1915,1589.61
161,1804,1579.17
162,1834,1615.48
163,1915,1626.25
164,1915,1622.28
165,1915,1615.57
166,1915,1642.46
167,1915,1623.95
168,1867,1609.96
169,1915,1604.97
170,1893,1571.1
171,1893,1533.31
172,1893,1495.55
173,1893,1543.01
174,1893,1546.55
175,1893,1532.85
176,1893,1503.04
177,1838,1489.16
178,1837,1455.2
179,1837,1444.91
180,1837,1454.06
181,1837,1487.39
182,1837,1504.85
183,1893,1506.07
184,1893,1497.52
185,1893,1505.84
186,1893,1497.35
187,1893,1520.32
188,1893,1503.77
189,1893,1526.22
190,1889,1513.32
191,1889,1499.34
192,1915,1535.37
193,1915,1513.28
194,1915,1565.18
195,1915,1570.43
196,1915,1573.57
197,1915,1591.04
198,1915,1585.77
199,1889,1559.92
200,1889,1581.39
201,1889,1562.75
202,1889,1575.3
203,1889,1580.54
204,1889,1601.39
205,1889,1596.55
206,1889,1608.48
207,1915,1587.74
208,1889,1575.13
209,1915,1552.12
210,1915,1578.34
211,1915,1520.03
212,1915,1521.63
213,1915,1544.91
214,1915,1545.68
215,1915,1527.91
216,1838,1516.09
217,1889,1482.32
218,1915,1487.52
219,1867,1455.61
220,1889,1423.53
221,1867,1424.4
222,1867,1457.05
223,1867,1446.02
224,1867,1490.57
225,1889,1542.08
226,1915,1553.17
227,1915,1533.25
228,1915,1541.49
229,1915,1550.38
230,1915,1505.5
231,1915,1492.23
232,1889,1471.4
233,1889,1469.07
234,1889,1456.69
235,1889,1442.98
236,1839,1487.99
237,1915,1499.64
238,1915,1511.92
239,1839,1489.37
240,1889,1554.96
241,1889,1591.09
242,1889,1592.3
243,1915,1579.66
244,1915,1631.72
245,1889,1648.04
246,1889,1612.14
247,1839,1588.64
248,1915,1614.62
249,1915,1627.57
250,1915,1651.8
251,1889,1656.07
252,1915,1633.39
253,1915,1630.35
254,1889,1603.07
255,1889,1578.99
256,1915,1595.4
257,1915,1603.3
258,1915,1608.02
259,1915,1591.42
260,1915,1556.49
261,1826,1542.82
262,1893,1521.96
263,1893,1512.26
264,1893,1518.55
265,1889,1480.83
266,1839,1500.11
267,1839,1483.85
268,1820,1463.2
269,1915,1483.56
270,1915,1541.22
271,1915,1555.31
272,1915,1545.82
273,1915,1530.2
274,1915,1533.73
275,1893,1544.86
276,1893,1564.13
277,1839,1557.98
278,1839,1550.94
279,1893,1512.98
280,1893,1544.79
281,1915,1557.74
282,1915,1574.11
283,1889,1540.17
284,1893,1514.53
285,1893,1497.93
286,1893,1489.83
287,1893,1468.35
288,1893,1507.38
289,1893,1499.28
290,1893,1491.62
291,1893,1483.11
292,1893,1488.65
293,1893,1506.37
294,1893,1553.47
295,1893,1586.8
296,1893,1577.82
297,1893,1577.16
298,1893,1610.3
299,1893,1595.19
Population size,100
Crossover rate,0.66
Mutation rate,0.34
Random selection portion,0.03
Selection method,AForge.Genetic.RouletteWheelSelection
Diversity check,True
Iteration,FitnessMax,FitnessAvg
0,1526,1034.4
1,1638,1082.81
2,1638,1154.44
3,1638,1194.03
4,1693,1247.18
5,1693,1287.71
6,1693,1350.81
7,1817,1351.69
8,1784,1362.36
9,1784,1396.03
10,1784,1427.43
11,1784,1444.46
12,1860,1439.52
13,1791,1422.73
14,1784,1430.02
15,1837,1432.42
16,1784,1464.3
17,1784,1491.48
18,1839,1465.12
19,1839,1464.14
20,1788,1483.17
21,1788,1531.98
22,1915,1558.16
23,1838,1532.89
24,1811,1530.17
25,1860,1538.62
26,1811,1570.86
27,1893,1553.9
28,1915,1545.36
29,1915,1541.92
30,1915,1513.13
31,1915,1513.15
32,1915,1528.08
33,1915,1538.78
34,1915,1527.83
35,1915,1570.41
36,1915,1596.32
37,1915,1604.82
38,1915,1551.76
39,1915,1549.65
40,1915,1560.88
41,1889,1514.45
42,1915,1474.33
43,1915,1475.42
44,1915,1533.46
45,1893,1551.56
46,1893,1525.61
47,1893,1552.98
48,1915,1519.25
49,1915,1511.53
50,1915,1477.76
51,1915,1466.76
52,1915,1487.37
53,1915,1477.69
54,1860,1508.28
55,1915,1453.61
56,1915,1443.01
57,1915,1455.34
58,1893,1436.33
59,1915,1494.87
60,1915,1506.32
61,1893,1537.69
62,1893,1539.66
63,1915,1568.73
64,1915,1587.68
65,1915,1559.36
66,1915,1541.14
67,1915,1519.07
68,1915,1582.02
69,1915,1622.61
70,1915,1630.15
71,1915,1612.51
72,1915,1589.82
73,1915,1613.33
74,1915,1599.07
75,1915,1588.13
76,1915,1616.03
77,1915,1589.64
78,1915,1623.91
79,1915,1678.7
80,1915,1631.97
81,1915,1609.84
82,1915,1579.27
83,1915,1613.38
84,1915,1628.97
85,1915,1613.62
86,1915,1620.3
87,1915,1653.16
88,1915,1659.85
89,1915,1687.69
90,1915,1674.67
91,1915,1691.45
92,1915,1698.28
93,1915,1680.13
94,1915,1731.89
95,1915,1736.7
96,1915,1722.78
97,1915,1719.19
98,1915,1688.94
99,1915,1706.77
100,1915,1676.23
101,1915,1680.52
102,1915,1689.32
103,1915,1721.09
104,1915,1703.43
105,1915,1678.97
106,1915,1698.69
107,1915,1701
108,1915,1702.54
109,1915,1661.74
110,1915,1657.27
111,1915,1627.41
112,1915,1611.5
113,1915,1617.97
114,1915,1612.3
115,1915,1623.25
116,1915,1629.29
117,1915,1664.6
118,1915,1716.11
119,1915,1685.99
120,1915,1674.3
121,1915,1731.52
122,1915,1712.77
123,1915,1703.02
124,1915,1664.95
125,1915,1641.32
126,1915,1594.12
127,1915,1601.44
128,1915,1612.93
129,1915,1573.86
130,1915,1608.44
131,1915,1631.76
132,1915,1569.18
133,1915,1553.1
134,1915,1545.41
135,1915,1568.98
136,1915,1604.41
137,1915,1595.98
138,1915,1590.76
139,1915,1590.87
140,1915,1580.48
141,1915,1613.76
142,1915,1580.79
143,1915,1607.97
144,1915,1656.87
145,1915,1679.33
146,1915,1674.35
147,1915,1659.8
148,1915,1642.63
149,1915,1619.59
150,1915,1620.66
151,1915,1612.13
152,1915,1622.04
153,1915,1631.88
154,1915,1652.62
155,1915,1633.71
156,1915,1620.11
157,1915,1609.33
158,1915,1639.95
159,1915,1639.46
160,1915,1616
161,1915,1602.28
162,1915,1631.87
163,1915,1599.67
164,1915,1598.61
165,1915,1619.14
166,1915,1569.8
167,1915,1601.34
168,1915,1636.24
169,1915,1663.06
170,1915,1648.18
171,1915,1636.04
172,1915,1624.19
173,1915,1622.43
174,1915,1625.79
175,1915,1629.01
176,1915,1618.96
177,1915,1619.83
178,1889,1609.63
179,1889,1605.09
180,1915,1611.28
181,1915,1613.19
182,1915,1632.1
183,1915,1590.9
184,1915,1633.86
185,1915,1653.17
186,1915,1675.39
187,1915,1635.23
188,1915,1608.19
189,1915,1594.88
190,1915,1574.24
191,1915,1597.2
192,1915,1626.53
193,1915,1644.52
194,1915,1686.73
195,1915,1680.73
196,1915,1689.88
197,1915,1619.93
198,1915,1607.66
199,1915,1630.05
200,1915,1637.4
201,1915,1585.48
202,1915,1596.71
203,1915,1644.36
204,1915,1633.03
205,1915,1649.74
206,1915,1597.66
207,1915,1535.37
208,1915,1536.75
209,1915,1577.37
210,1915,1525.64
211,1915,1566.31
212,1915,1621.55
213,1915,1627.89
214,1915,1681.62
215,1915,1687.44
216,1915,1659.91
217,1915,1676.81
218,1915,1676.36
219,1915,1674.25
220,1915,1666.5
221,1915,1655.06
222,1915,1640.28
223,1915,1673.39
224,1915,1674.87
225,1915,1695.58
226,1915,1686.59
227,1915,1666.4
228,1915,1679.55
229,1915,1662.96
230,1915,1638.78
231,1915,1645.13
232,1915,1642.12
233,1915,1678.34
234,1915,1669.29
235,1915,1653.98
236,1915,1629.38
237,1915,1661.37
238,1915,1667.72
239,1893,1610.95
240,1893,1592.84
241,1893,1609.62
242,1893,1624.51
243,1915,1608.84
244,1915,1623.75
245,1915,1632.95
246,1915,1631.4
247,1889,1609.31
248,1889,1624.18
249,1889,1651.23
250,1889,1610.96
251,1889,1593.91
252,1889,1606.31
253,1889,1592.39
254,1837,1569.46
255,1915,1552.81
256,1915,1539.82
257,1915,1526.57
258,1915,1496.61
259,1915,1484.83
260,1915,1466.55
261,1915,1507.42
262,1915,1514.58
263,1915,1528.08
264,1915,1561.82
265,1915,1611.98
266,1915,1604.52
267,1915,1598.23
268,1915,1581.41
269,1915,1585.66
270,1915,1594.12
271,1915,1573.39
272,1915,1572.22
273,1915,1545.08
274,1889,1551.46
275,1860,1542.98
276,1860,1543.62
277,1860,1533.78
278,1860,1520.3
279,1860,1522.85
280,1815,1545.03
281,1815,1522.1
282,1815,1536.87
283,1800,1545.72
284,1826,1524.54
285,1837,1532.71
286,1860,1544.9
287,1837,1560.84
288,1837,1566.3
289,1837,1569.24
290,1915,1560.32
291,1860,1546.23
292,1860,1586.19
293,1915,1562.36
294,1915,1602.01
295,1915,1615.9
296,1915,1617.48
297,1915,1621.6
298,1915,1597.56
299,1860,1617.07
Population size,100
Crossover rate,0.51
Mutation rate,0.79
Random selection portion,0.03
Selection method,AForge.Genetic.RankSelection
Diversity check,True
Iteration,FitnessMax,FitnessAvg
0,1574,1040.66
1,1715,1131.57
2,1659,1189.76
3,1754,1272.61
4,1754,1332.28
5,1696,1428.64
6,1728,1477.41
7,1728,1522.91
8,1813,1577.86
9,1839,1618.77
10,1867,1671.96
11,1889,1724.9
12,1893,1741.82
13,1893,1775.69
14,1915,1787.84
15,1915,1806.21
16,1915,1818.09
17,1915,1812.22
18,1915,1822.18
19,1915,1825.53
20,1915,1827.8
21,1915,1847.73
22,1915,1843.52
23,1915,1841.71
24,1915,1844.68
25,1915,1854.78
26,1915,1873.05
27,1915,1153.42
28,1794,1244.72
29,1800,1367.96
30,1800,1439.72
31,1826,1508.5
32,1826,1569.83
33,1915,1629.7
34,1915,1670.51
35,1915,1696.79
36,1915,1736.21
37,1915,1753.28
38,1915,1783.36
39,1915,1794.37
40,1915,1814.26
41,1915,1823.17
42,1915,1834.77
43,1915,1819.45
44,1915,1793.37
45,1915,1821.85
46,1915,1828.58
47,1915,1831.56
48,1915,1863.33
49,1915,1171.73
50,1915,1288.39
51,1915,1390.88
52,1915,1475.57
53,1915,1533.08
54,1915,1590.41
55,1820,1610.32
56,1820,1663.53
57,1915,1677.91
58,1915,1697.39
59,1915,1714.14
60,1915,1740.74
61,1915,1768.65
62,1915,1772.27
63,1915,1781.73
64,1915,1789.77
65,1915,1790.28
66,1915,1816.7
67,1915,1834.17
68,1915,1843.51
69,1915,1853.78
70,1915,1862.62
71,1915,1122.54
72,1915,1247.94
73,1915,1388.36
74,1915,1456.31
75,1915,1518.6
76,1915,1622.08
77,1915,1690.84
78,1915,1711.86
79,1915,1745.38
80,1915,1774.69
81,1915,1780.69
82,1915,1783.61
83,1915,1795.8
84,1915,1819.78
85,1915,1816.39
86,1915,1854.67
87,1915,1848.22
88,1915,1856.77
89,1915,1851.07
90,1915,1850.49
91,1915,1853.01
92,1915,1850.62
93,1915,1853.15
94,1915,1855.91
95,1915,1836.02
96,1915,1850.85
97,1915,1847.08
98,1915,1855.41
99,1915,1860.78
100,1915,1065.77
101,1915,1219.62
102,1915,1344.66
103,1915,1461.48
104,1915,1548.65
105,1915,1683.33
106,1915,1731.13
107,1915,1760.86
108,1915,1796.24
109,1915,1790.35
110,1915,1815.12
111,1915,1830.38
112,1915,1841.72
113,1915,1848.11
114,1915,1846.55
115,1915,1858.55
116,1915,1112.17
117,1915,1251.36
118,1915,1354.66
119,1754,1413.23
120,1800,1481.45
121,1839,1537.74
122,1839,1588.65
123,1837,1625.56
124,1915,1649.58
125,1915,1687.25
126,1915,1733.3
127,1915,1759.17
128,1915,1779.11
129,1915,1805.91
130,1915,1814.82
131,1915,1826.61
132,1915,1846.33
133,1915,1830.84
134,1915,1842.04
135,1915,1840.74
136,1915,1849.69
137,1915,1843.32
138,1915,1848.49
139,1915,1833.72
140,1915,1857.47
141,1915,1839.54
142,1915,1859.51
143,1723,1136.93
144,1723,1222.22
145,1723,1316.47
146,1839,1398.1
147,1839,1471.03
148,1839,1516.78
149,1839,1610.12
150,1839,1646.46
151,1889,1658.59
152,1915,1694.93
153,1915,1712.86
154,1915,1736.32
155,1915,1761.64
156,1915,1761.38
157,1915,1769.15
158,1915,1773.99
159,1915,1772.34
160,1915,1789.61
161,1915,1818.04
162,1915,1800.38
163,1915,1811.62
164,1915,1819.73
165,1915,1830.98
166,1915,1836.47
167,1915,1852.67
168,1915,1851.07
169,1915,1829.11
170,1915,1841.6
171,1915,1841.62
172,1915,1842.37
173,1915,1841.58
174,1915,1856.62
175,1915,1835.82
176,1915,1863.83
177,1699,1037.07
178,1699,1144.23
179,1699,1299.04
180,1699,1406.58
181,1739,1461.56
182,1860,1502.29
183,1860,1540.66
184,1860,1552.81
185,1860,1576.87
186,1860,1615.91
187,1915,1681.19
188,1915,1724.54
189,1915,1759.8
190,1915,1772.88
191,1915,1782.72
192,1915,1786.37
193,1915,1819.53
194,1915,1827.18
195,1915,1841.02
196,1915,1848.66
197,1915,1835.5
198,1915,1839.96
199,1915,1841.4
200,1915,1825.15
201,1915,1858.25
202,1915,1155.98
203,1772,1265.71
204,1762,1381.87
205,1766,1464.72
206,1788,1517.5
207,1893,1588.95
208,1893,1653.41
209,1915,1680.46
210,1915,1742.42
211,1915,1765.64
212,1915,1790.23
213,1915,1807.35
214,1915,1825.22
215,1915,1852.13
216,1915,1840.57
217,1915,1846.36
218,1915,1867.35
219,1588,1131.51
220,1589,1249.01
221,1746,1354.44
222,1746,1432.33
223,1746,1517.68
224,1834,1569
225,1893,1630.13
226,1893,1662.64
227,1893,1710.35
228,1893,1727.17
229,1889,1744.82
230,1915,1752.83
231,1915,1755.98
232,1915,1779.13
233,1915,1790.34
234,1915,1819.72
235,1915,1833.54
236,1915,1833.61
237,1915,1832.42
238,1915,1841.18
239,1915,1849.13
240,1915,1841.82
241,1915,1862.49
242,1915,1109.49
243,1596,1231.05
244,1622,1313.5
245,1748,1409.55
246,1765,1470.09
247,1772,1549.53
248,1772,1579.47
249,1826,1615.25
250,1860,1666.65
251,1915,1674.75
252,1915,1704.8
253,1915,1742.83
254,1915,1755.48
255,1915,1750.08
256,1915,1765.46
257,1915,1770.74
258,1915,1780.73
259,1915,1805.6
260,1915,1824.07
261,1915,1839.81
262,1915,1845.12
263,1915,1844.47
264,1915,1856.14
265,1915,1868.03
266,1557,1041.82
267,1557,1175.06
268,1572,1262.43
269,1778,1374.64
270,1826,1451.6
271,1860,1534.7
272,1915,1597.73
273,1915,1657.17
274,1915,1700.82
275,1915,1727.34
276,1915,1765.24
277,1915,1781.1
278,1915,1791.76
279,1915,1789.22
280,1915,1824.5
281,1915,1827.32
282,1915,1829.44
283,1915,1838.78
284,1915,1820.98
285,1915,1840.93
286,1915,1851.82
287,1915,1861.93
288,1915,1153.88
289,1645,1304.8
290,1839,1363.77
291,1813,1441.53
292,1778,1504.22
293,1813,1552.58
294,1839,1585.17
295,1839,1637.63
296,1889,1668.28
297,1889,1693.49
298,1889,1733.51
299,1889,1750.2
Population size,100
Crossover rate,0.51
Mutation rate,0.79
Random selection portion,0.03
Selection method,AForge.Genetic.RankSelection
Diversity check,False
Iteration,FitnessMax,FitnessAvg
0,1391,1067.48
1,1578,1170.22
2,1633,1271.62
3,1588,1337.75
4,1758,1405.07
5,1838,1477.18
6,1838,1538.9
7,1838,1568.28
8,1867,1640.65
9,1889,1683.25
10,1893,1722.85
11,1893,1745.98
12,1893,1775.03
13,1915,1783.48
14,1915,1798.87
15,1915,1805.19
16,1915,1815.57
17,1915,1820.92
18,1915,1820.64
19,1915,1838.77
20,1915,1841.61
21,1915,1848.11
22,1915,1860.87
23,1915,1860.11
24,1915,1853.18
25,1915,1854.14
26,1915,1868.44
27,1915,1851.3
28,1915,1856.55
29,1915,1856.55
30,1915,1857.71
31,1915,1844.62
32,1915,1851.83
33,1915,1850.87
34,1915,1840.2
35,1915,1857.45
36,1915,1867.31
37,1915,1871.93
38,1915,1854.75
39,1915,1865
40,1915,1846.59
41,1915,1860.18
42,1915,1863.66
43,1915,1867.3
44,1915,1865.76
45,1915,1865.07
46,1915,1873.09
47,1915,1868.03
48,1915,1870.98
49,1915,1855.17
50,1915,1871.38
51,1915,1837.27
52,1915,1851.63
53,1915,1821.26
54,1915,1849.13
55,1915,1856.1
56,1915,1849.14
57,1915,1836.8
58,1915,1850.76
59,1915,1843.38
60,1915,1849.76
61,1915,1857.59
62,1915,1858.51
63,1915,1860.79
64,1915,1852.54
65,1915,1863.07
66,1915,1865.95
67,1915,1853.92
68,1915,1856.43
69,1915,1847.18
70,1915,1841.06
71,1915,1842.6
72,1915,1841.72
73,1915,1858.15
74,1915,1838.25
75,1915,1855.7
76,1915,1848.88
77,1915,1858.22
78,1915,1851.38
79,1915,1848.92
80,1915,1841.58
81,1915,1852.41
82,1915,1851.81
83,1915,1844.24
84,1915,1841.4
85,1915,1848
86,1915,1838.76
87,1915,1857.49
88,1915,1853.23
89,1915,1856.36
90,1915,1857.68
91,1915,1866.6
92,1915,1861.36
93,1915,1870.36
94,1915,1866.14
95,1915,1879.23
96,1915,1870.65
97,1915,1864.61
98,1915,1862.93
99,1915,1857.16
100,1915,1854.88
101,1915,1854.74
102,1915,1866.64
103,1915,1850.04
104,1915,1842.13
105,1915,1855.23
106,1915,1854.15
107,1915,1852.59
108,1915,1869.97
109,1915,1864.12
110,1915,1850.63
111,1915,1872.7
112,1915,1859.16
113,1915,1852.22
114,1915,1839.91
115,1915,1830.79
116,1915,1857.59
117,1915,1864.39
118,1915,1861.08
119,1915,1857.46
120,1915,1847.07
121,1915,1855.36
122,1915,1831.74
123,1915,1860.29
124,1915,1835.48
125,1915,1857.36
126,1915,1842.74
127,1915,1853.79
128,1915,1861.68
129,1915,1859.62
130,1915,1864.68
131,1915,1872.21
132,1915,1849.55
133,1915,1869.93
134,1915,1863.24
135,1915,1870.77
136,1915,1860.84
137,1915,1864.32
138,1915,1850.39
139,1915,1858.83
140,1915,1853.54
141,1915,1858.74
142,1915,1842.77
143,1915,1863.31
144,1915,1868.25
145,1915,1864.8
146,1915,1866.92
147,1915,1853.89
148,1915,1858.99
149,1915,1877.71
150,1915,1854.68
151,1915,1858.73
152,1915,1862.2
153,1915,1860.12
154,1915,1869.86
155,1915,1860.36
156,1915,1876.01
157,1915,1865.39
158,1915,1857.89
159,1915,1867.1
160,1915,1862.42
161,1915,1860.17
162,1915,1850.84
163,1915,1852.51
164,1915,1847.77
165,1915,1832.28
166,1915,1839.12
167,1915,1857.16
168,1915,1854.6
169,1915,1855.01
170,1915,1858.76
171,1915,1849.62
172,1915,1862.38
173,1915,1855.52
174,1915,1849.27
175,1915,1859.76
176,1915,1850.98
177,1915,1855.97
178,1915,1863.5
179,1915,1867.37
180,1915,1850.66
181,1915,1870.23
182,1915,1853.01
183,1915,1882.95
184,1915,1853.12
185,1915,1847.42
186,1915,1841.78
187,1915,1847.85
188,1915,1864.58
189,1915,1865.48
190,1915,1851.3
191,1915,1862.98
192,1915,1872.06
193,1915,1869.29
194,1915,1863.55
195,1915,1860.81
196,1915,1857.29
197,1915,1863.17
198,1915,1860.95
199,1915,1857.89
200,1915,1863
201,1915,1863.17
202,1915,1866.17
203,1915,1857.1
204,1915,1845.75
205,1915,1853.54
206,1915,1858.18
207,1915,1858.28
208,1915,1864.07
209,1915,1862.92
210,1915,1858.56
211,1915,1863.99
212,1915,1858.62
213,1915,1858.31
214,1915,1846.31
215,1915,1869.39
216,1915,1863.45
217,1915,1858.54
218,1915,1858.92
219,1915,1859.29
220,1915,1870.99
221,1915,1866.5
222,1915,1860.76
223,1915,1866.83
224,1915,1864.87
225,1915,1866.87
226,1915,1870.05
227,1915,1856.81
228,1915,1857.63
229,1915,1851.96
230,1915,1862.41
231,1915,1859.46
232,1915,1852.97
233,1915,1861.99
234,1915,1855.11
235,1915,1861.1
236,1915,1853.86
237,1915,1863.85
238,1915,1852.68
239,1915,1859.04
240,1915,1840.48
241,1915,1835.36
242,1915,1856.73
243,1915,1859.46
244,1915,1846.15
245,1915,1856.74
246,1915,1870.73
247,1915,1860.72
248,1915,1854.31
249,1915,1858.96
250,1915,1857.28
251,1915,1861.08
252,1915,1854.66
253,1915,1860.74
254,1915,1865.01
255,1915,1862.25
256,1915,1862.34
257,1915,1873.68
258,1915,1870.84
259,1915,1850.3
260,1915,1858.08
261,1915,1844.01
262,1915,1859.73
263,1915,1871.31
264,1915,1853.38
265,1915,1859.73
266,1915,1861.17
267,1915,1866.26
268,1915,1856.28
269,1915,1849.42
270,1915,1864.99
271,1915,1863.97
272,1915,1855.53
273,1915,1867.2
274,1915,1866.81
275,1915,1854.67
276,1915,1856.78
277,1915,1857.55
278,1915,1856.34
279,1915,1858.08
280,1915,1868.71
281,1915,1861.61
282,1915,1855.98
283,1915,1862.09
284,1915,1867.82
285,1915,1857.99
286,1915,1850.64
287,1915,1857.85
288,1915,1851.68
289,1915,1845.32
290,1915,1861.1
291,1915,1859.61
292,1915,1846.55
293,1915,1843.25
294,1915,1848.17
295,1915,1860.67
296,1915,1842.04
297,1915,1844.83
298,1915,1859.78
299,1915,1850.09
Population size,100
Crossover rate,0.22
Mutation rate,0.87
Random selection portion,0.03
Selection method,AForge.Genetic.EliteSelection
Diversity check,False
Iteration,FitnessMax,FitnessAvg
0,1791,1240.88
1,1791,1365.34
2,1813,1476.18
3,1813,1559.09
4,1915,1632.29
5,1915,1686.69
6,1915,1728.48
7,1915,1774.87
8,1915,1801.23
9,1915,1840.72
10,1915,1851.59
11,1915,1869.27
12,1915,1875.15
13,1915,1873.1
14,1915,1877.71
15,1915,1885.72
16,1915,1898.34
17,1915,1891.44
18,1915,1891.79
19,1915,1883.46
20,1915,1890.69
21,1915,1883.73
22,1915,1891.4
23,1915,1881.89
24,1915,1878.9
25,1915,1884.65
26,1915,1889.45
27,1915,1885.59
28,1915,1879.36
29,1915,1891.4
30,1915,1886.6
31,1915,1877.73
32,1915,1885.19
33,1915,1892.1
34,1915,1887.9
35,1915,1882.74
36,1915,1894.06
37,1915,1883.9
38,1915,1881.42
39,1915,1886.01
40,1915,1896.04
41,1915,1885.65
42,1915,1890.03
43,1915,1892.9
44,1915,1885.82
45,1915,1884.68
46,1915,1887.98
47,1915,1883.69
48,1915,1883.04
49,1915,1878.54
50,1915,1886.64
51,1915,1880.77
52,1915,1880.42
53,1915,1884.18
54,1915,1875.47
55,1915,1883.91
56,1915,1884.09
57,1915,1882.2
58,1915,1889.36
59,1915,1892
60,1915,1888.16
61,1915,1889.76
62,1915,1889.32
63,1915,1890.33
64,1915,1883.93
65,1915,1889.45
66,1915,1891.44
67,1915,1884.84
68,1915,1887.13
69,1915,1893.8
70,1915,1891.88
71,1915,1886.07
72,1915,1879.78
73,1915,1891.76
74,1915,1886.77
75,1915,1881.76
76,1915,1883.81
77,1915,1879.97
78,1915,1888.58
79,1915,1880.45
80,1915,1885.22
81,1915,1880.26
82,1915,1887.42
83,1915,1890.42
84,1915,1884.1
85,1915,1886.2
86,1915,1886.34
87,1915,1885.97
88,1915,1881.55
89,1915,1887.25
90,1915,1887.39
91,1915,1876.22
92,1915,1887.59
93,1915,1885.02
94,1915,1895.71
95,1915,1896.21
96,1915,1891.31
97,1915,1884.44
98,1915,1891.52
99,1915,1884.64
100,1915,1878.81
101,1915,1885.7
102,1915,1882.42
103,1915,1885.38
104,1915,1880.82
105,1915,1879.87
106,1915,1886.33
107,1915,1883.84
108,1915,1891.79
109,1915,1881.22
110,1915,1883.58
111,1915,1894.06
112,1915,1888.52
113,1915,1892.4
114,1915,1877.49
115,1915,1885.16
116,1915,1886.71
117,1915,1884.63
118,1915,1887.39
119,1915,1885.06
120,1915,1887.55
121,1915,1891.94
122,1915,1889.32
123,1915,1883.57
124,1915,1883.95
125,1915,1885.46
126,1915,1889.69
127,1915,1885.96
128,1915,1887.52
129,1915,1890.8
130,1915,1889.03
131,1915,1889.87
132,1915,1885.78
133,1915,1885.33
134,1915,1882.79
135,1915,1885.36
136,1915,1889.19
137,1915,1881.44
138,1915,1879.88
139,1915,1876.12
140,1915,1889.44
141,1915,1896.26
142,1915,1888.82
143,1915,1884.74
144,1915,1890.06
145,1915,1885.87
146,1915,1884.96
147,1915,1885.49
148,1915,1891.17
149,1915,1888.98
150,1915,1889.73
151,1915,1887.2
152,1915,1894.23
153,1915,1880.33
154,1915,1882.46
155,1915,1879.78
156,1915,1882.34
157,1915,1877.18
158,1915,1880.08
159,1915,1876.86
160,1915,1890.82
161,1915,1886.26
162,1915,1887.96
163,1915,1897.84
164,1915,1887.44
165,1915,1877.79
166,1915,1875.7
167,1915,1891.21
168,1915,1891.53
169,1915,1890.62
170,1915,1886.28
171,1915,1895.31
172,1915,1887.08
173,1915,1889.12
174,1915,1881.37
175,1915,1877.7
176,1915,1886.32
177,1915,1887.22
178,1915,1893.75
179,1915,1886.59
180,1915,1879.68
181,1915,1877.67
182,1915,1890.74
183,1915,1894.25
184,1915,1885.71
185,1915,1885.82
186,1915,1883.46
187,1915,1896.8
188,1915,1887.93
189,1915,1879.31
190,1915,1878.07
191,1915,1884.31
192,1915,1897.38
193,1915,1885.19
194,1915,1881.53
195,1915,1886.86
196,1915,1885.22
197,1915,1890.83
198,1915,1885.25
199,1915,1884.72
200,1915,1887.61
201,1915,1890.72
202,1915,1887.17
203,1915,1889.31
204,1915,1883.62
205,1915,1888.01
206,1915,1889.71
207,1915,1885.39
208,1915,1883.5
209,1915,1884.27
210,1915,1885.23
211,1915,1884.25
212,1915,1883.06
213,1915,1885.08
214,1915,1889.67
215,1915,1886.13
216,1915,1887.2
217,1915,1885.33
218,1915,1890.11
219,1915,1882.18
220,1915,1886.59
221,1915,1892.36
222,1915,1890.11
223,1915,1898.32
224,1915,1884.72
225,1915,1884.67
226,1915,1885.18
227,1915,1880.93
228,1915,1887.94
229,1915,1879.68
230,1915,1889.61
231,1915,1887.33
232,1915,1879.9
233,1915,1888.01
234,1915,1889.98
235,1915,1894.77
236,1915,1880.12
237,1915,1890
238,1915,1884.66
239,1915,1889.01
240,1915,1888.02
241,1915,1892.18
242,1915,1887.74
243,1915,1894.28
244,1915,1879.51
245,1915,1884.93
246,1915,1878.08
247,1915,1890.79
248,1915,1900.4
249,1915,1888.84
250,1915,1887.56
251,1915,1885.24
252,1915,1882.55
253,1915,1885.59
254,1915,1889.1
255,1915,1889.24
256,1915,1891.49
257,1915,1882.52
258,1915,1880.69
259,1915,1882.86
260,1915,1885.29
261,1915,1888.42
262,1915,1892.79
263,1915,1883.87
264,1915,1876.42
265,1915,1887.15
266,1915,1892.41
267,1915,1887.96
268,1915,1889.44
269,1915,1896.43
270,1915,1884.73
271,1915,1891.72
272,1915,1887.26
273,1915,1887.62
274,1915,1884.67
275,1915,1884.83
276,1915,1883.53
277,1915,1885.62
278,1915,1887.35
279,1915,1891.01
280,1915,1884.92
281,1915,1886.61
282,1915,1888.29
283,1915,1893.08
284,1915,1873.13
285,1915,1885.12
286,1915,1899.08
287,1915,1891.94
288,1915,1890.55
289,1915,1889.74
290,1915,1882.23
291,1915,1890.95
292,1915,1890.72
293,1915,1889.46
294,1915,1891
295,1915,1884.86
296,1915,1886.2
297,1915,1894.22
298,1915,1888.93
299,1915,1891.99
Population size,100
Crossover rate,0.22
Mutation rate,0.87
Random selection portion,0.03
Selection method,AForge.Genetic.EliteSelection
Diversity check,True
Iteration,FitnessMax,FitnessAvg
0,1623,1194.36
1,1710,1350.99
2,1837,1470.75
3,1837,1559.47
4,1860,1639.71
5,1860,1680.2
6,1867,1713.25
7,1867,1754.99
8,1915,1761.53
9,1915,1797.06
10,1915,1808.9
11,1915,1821.08
12,1915,1832.33
13,1915,1850.2
14,1915,1855.97
15,1915,1852.65
16,1915,1870.41
17,1915,1226.02
18,1915,1355.17
19,1915,1457.09
20,1915,1545.57
21,1915,1636.93
22,1915,1710.23
23,1915,1748.86
24,1915,1789.66
25,1915,1832.43
26,1915,1845.03
27,1915,1863.22
28,1915,1167.73
29,1915,1310.54
30,1915,1421.31
31,1915,1527.86
32,1915,1588.68
33,1915,1645.84
34,1915,1712.02
35,1915,1744.78
36,1915,1791.98
37,1915,1827.38
38,1915,1851.77
39,1915,1852.31
40,1915,1872.36
41,1915,1194.19
42,1915,1348.03
43,1915,1458.16
44,1915,1539.83
45,1915,1605.9
46,1915,1678.76
47,1915,1727.52
48,1915,1774.5
49,1915,1822.76
50,1915,1838.98
51,1915,1846.1
52,1915,1856.81
53,1915,1870.09
54,1915,1230.77
55,1915,1391.14
56,1915,1507.92
57,1915,1597.76
58,1915,1664.92
59,1915,1730.6
60,1915,1762.66
61,1915,1801.84
62,1915,1815.95
63,1915,1829.6
64,1915,1844.04
65,1915,1859.52
66,1915,1189.89
67,1915,1358.54
68,1915,1499.91
69,1915,1615.81
70,1915,1683.3
71,1915,1738.35
72,1915,1779.67
73,1915,1808.37
74,1915,1845.26
75,1915,1856.42
76,1915,1870.3
77,1915,1162.04
78,1915,1319.99
79,1915,1410.74
80,1915,1489.65
81,1915,1578.61
82,1915,1639.62
83,1915,1691.68
84,1915,1717.32
85,1915,1765.69
86,1915,1801.72
87,1915,1817.3
88,1915,1840.38
89,1915,1852.72
90,1915,1861.99
91,1915,1211.02
92,1915,1343.95
93,1915,1457.32
94,1915,1554.13
95,1915,1622.18
96,1915,1679.31
97,1915,1726.09
98,1915,1760.35
99,1915,1792.84
100,1915,1823.7
101,1915,1836.15
102,1915,1863.17
103,1915,1198.97
104,1915,1327.3
105,1915,1445.83
106,1915,1509.18
107,1915,1578.34
108,1915,1652.16
109,1915,1710.88
110,1915,1759.92
111,1915,1783.75
112,1915,1809.18
113,1915,1816.88
114,1915,1834.08
115,1915,1862.82
116,1915,1214.42
117,1915,1369.7
118,1915,1481.07
119,1915,1577.09
120,1915,1644.56
121,1915,1726.5
122,1915,1775.25
123,1915,1812.65
124,1915,1823.21
125,1915,1850.9
126,1915,1859.3
127,1915,1187.4
128,1915,1320.25
129,1915,1421.45
130,1915,1546.1
131,1915,1633
132,1915,1701.31
133,1915,1736.93
134,1915,1781.97
135,1915,1829.09
136,1915,1846.34
137,1915,1857.59
138,1915,1204.7
139,1915,1351.11
140,1915,1462.18
141,1915,1564.46
142,1915,1612.22
143,1915,1671.91
144,1915,1721.59
145,1915,1775.07
146,1915,1788.29
147,1915,1820.93
148,1915,1831.38
149,1915,1855.38
150,1915,1862.32
151,1915,1170.86
152,1915,1325.29
153,1915,1428.32
154,1915,1519.23
155,1915,1607.2
156,1915,1687.39
157,1915,1741.38
158,1915,1786.74
159,1915,1817.79
160,1915,1828.47
161,1915,1850.3
162,1915,1875.22
163,1915,1211.19
164,1915,1390.92
165,1915,1514.03
166,1915,1598.11
167,1915,1666
168,1915,1706.56
169,1915,1742.82
170,1915,1770.3
171,1915,1786.36
172,1915,1813.26
173,1915,1822.97
174,1915,1843.97
175,1915,1868.75
176,1915,1160.22
177,1915,1329.15
178,1915,1450.66
179,1915,1555.22
180,1915,1641.59
181,1915,1688.46
182,1915,1747.81
183,1915,1776.39
184,1915,1801.1
185,1915,1824.25
186,1915,1846.42
187,1915,1850.1
188,1915,1876.83
189,1915,1178.1
190,1915,1312.59
191,1915,1418.57
192,1915,1519.73
193,1915,1622.27
194,1915,1716.94
195,1915,1778.18
196,1915,1811.73
197,1915,1824.57
198,1915,1842.07
199,1915,1851.46
200,1915,1870.22
201,1915,1180.32
202,1915,1299.23
203,1915,1406.14
204,1915,1490.64
205,1915,1564.01
206,1915,1635.82
207,1915,1665.36
208,1915,1729.59
209,1915,1761.23
210,1915,1781.71
211,1915,1811.36
212,1915,1826.49
213,1915,1848.14
214,1915,1860.26
215,1915,1204.7
216,1915,1338.89
217,1915,1471.88
218,1915,1587.2
219,1915,1661.09
220,1915,1713.72
221,1915,1751.88
222,1915,1794
223,1915,1829.78
224,1915,1855.55
225,1915,1870.27
226,1915,1261.77
227,1915,1395.93
228,1915,1508.68
229,1915,1587.21
230,1915,1636.48
231,1915,1715.04
232,1915,1769.79
233,1915,1807.56
234,1915,1832.02
235,1915,1847.94
236,1915,1864.02
237,1915,1239.8
238,1915,1386.04
239,1915,1501.91
240,1915,1599.99
241,1915,1650.65
242,1915,1702.16
243,1915,1746.27
244,1915,1783.17
245,1915,1811.48
246,1915,1830.11
247,1915,1856.64
248,1915,1876.2
249,1915,1201.59
250,1915,1349.98
251,1915,1450.57
252,1915,1530.13
253,1915,1606.63
254,1915,1677.37
255,1915,1738.33
256,1915,1776.94
257,1915,1804.73
258,1915,1837.35
259,1915,1850.85
260,1915,1851.84
261,1915,1876.24
262,1915,1157.86
263,1915,1274.65
264,1915,1378.57
265,1915,1466.64
266,1915,1546.05
267,1915,1621.26
268,1915,1678.4
269,1915,1746.03
270,1915,1775.94
271,1915,1815.62
272,1915,1838.17
273,1915,1844.32
274,1915,1853.7
275,1915,1872.42
276,1915,1208.66
277,1915,1361.48
278,1915,1487.86
279,1915,1579.02
280,1915,1659.45
281,1915,1715.22
282,1915,1759.68
283,1915,1787.9
284,1915,1817.6
285,1915,1852.29
286,1915,1844.89
287,1915,1869.59
288,1915,1177.25
289,1915,1306.84
290,1915,1409.37
291,1915,1501.21
292,1915,1578.13
293,1915,1646.82
294,1915,1705.31
295,1915,1740.36
296,1915,1801.6
297,1915,1818.95
298,1915,1836.92
299,1915,1843.77
Population size,100
Crossover rate,0.22
Mutation rate,0.87
Random selection portion,0.03
Selection method,AForge.Genetic.EliteSelection
Diversity check,True
Iteration,FitnessMax,FitnessAvg
0,1771,1210.9
1,1771,1373.55
2,1771,1455.8
3,1860,1544.47
4,1860,1594.15
5,1889,1662.35
6,1915,1718.27
7,1915,1759.02
8,1915,1781.16
9,1915,1805.4
10,1915,1822.57
11,1915,1850.12
12,1915,1855.13
13,1915,1870.85
14,1915,1168.87
15,1915,1335.63
16,1915,1423.33
17,1915,1504.93
18,1915,1596.71
19,1915,1679.65
20,1915,1732.24
21,1915,1777.91
22,1915,1809.02
23,1915,1852.52
24,1915,1853.11
25,1915,1859.33
26,1915,1171.51
27,1915,1336.43
28,1915,1456.74
29,1915,1537.39
30,1915,1606.51
31,1915,1669.52
32,1915,1715.86
33,1915,1759.52
34,1915,1797.9
35,1915,1822.74
36,1915,1843.35
37,1915,1867.17
38,1915,1181.22
39,1915,1342.14
40,1915,1464.35
41,1915,1569.46
42,1915,1677.31
43,1915,1729.68
44,1915,1765.57
45,1915,1798.08
46,1915,1831.31
47,1915,1847.94
48,1915,1849.82
49,1915,1865.24
Population size,100
Crossover rate,0.22
Mutation rate,0.87
Random selection portion,0.03
Selection method,AForge.Genetic.EliteSelection
Diversity check,True
Iteration,FitnessMax,FitnessAvg
0,1731,1227.68
1,1762,1360.16
2,1915,1469.37
3,1915,1529.21
4,1915,1607.79
5,1915,1658.56
6,1915,1719.91
7,1915,1753.62
8,1915,1779.72
9,1915,1821.86
10,1915,1840.66
11,1915,1847.11
12,1915,1857.58
13,1915,1142.4
14,1915,1266.2
15,1915,1368.27
16,1915,1484.97
17,1915,1575.6
18,1915,1653.3
19,1915,1718.54
20,1915,1749.2
21,1915,1792.78
22,1915,1804.76
23,1915,1821.29
24,1915,1838.43
25,1915,1849.96
26,1915,1869.59
27,1915,1182.02
28,1915,1360.93
29,1915,1472.99
