Population size,100
Crossover rate,0.66
Mutation rate,0.34
Random selection portion,0.03
Selection method,AForge.Genetic.RouletteWheelSelection
Diversity check,False
Iteration,FitnessMax,FitnessAvg
0,2277,1632.25
1,2299,1729.91
2,2292,1721.62
3,2351,1773.75
4,2292,1793.19
5,2292,1854.83
6,2351,1801.63
7,2351,1871.85
8,2411,1907.72
9,2387,1966.92
10,2379,1924.79
11,2377,1927.19
12,2377,1887.2
13,2433,1912.84
14,2381,1897.45
15,2381,1935.85
16,2381,1929.69
17,2352,1927.72
18,2352,1956.79
19,2358,1980.48
20,2386,1997.31
21,2440,2058.56
22,2440,1977.52
23,2463,1950.2
24,2463,1981.18
25,2463,2007.93
26,2463,1973.75
27,2463,2014.85
28,2463,1991.28
29,2447,2009.62
30,2447,1944.83
31,2471,2032.73
32,2424,2006.34
33,2552,1997.54
34,2520,2026.02
35,2452,2034
36,2524,2090.31
37,2496,2064.56
38,2452,2030.9
39,2452,2035.62
40,2612,2050.37
41,2621,2095.22
42,2612,2082.29
43,2633,2083.36
44,2633,2074.42
45,2525,2132.57
46,2525,2130.69
47,2525,2136.32
48,2525,2131.63
49,2525,2095.87
50,2512,2102.19
51,2539,2165.02
52,2637,2156.79
53,2637,2101.48
54,2571,2096.68
55,2571,2084.07
56,2630,2075.69
57,2658,2083.53
58,2658,2151.55
59,2666,2180.43
60,2666,2155.64
61,2624,2117.4
62,2689,2163.61
63,2624,2149.84
64,2631,2161.71
65,2631,2164.02
66,2623,2168.36
67,2572,2213.28
68,2644,2217.68
69,2624,2186.32
70,2653,2192.39
71,2725,2173.97
72,2725,2214.61
73,2725,2260.83
74,2724,2239.03
75,2732,2284.89
76,2724,2217.37
77,2724,2258.29
78,2732,2235.93
79,2724,2246.11
80,2724,2246.37
81,2724,2213.43
82,2724,2236.1
83,2724,2234.07
84,2724,2216.63
85,2724,2242.03
86,2724,2237.77
87,2724,2261.08
88,2724,2237.93
89,2631,2215.07
90,2577,2216.2
91,2577,2209.93
92,2524,2204.41
93,2621,2195.53
94,2621,2199.6
95,2621,2223.48
96,2621,2240.13
97,2614,2222.29
98,2567,2245.54
99,2615,2245.47
100,2594,2219.08
101,2594,2195.99
102,2612,2167.69
103,2594,2159.09
104,2594,2190.08
105,2594,2163.61
106,2594,2166.85
107,2618,2209.39
108,2637,2205.71
109,2594,2190.79
110,2594,2151.49
111,2594,2114.27
112,2594,2178.92
113,2604,2124.53
114,2653,2134.89
115,2666,2184.15
116,2666,2206.3
117,2666,2214.22
118,2666,2180.1
119,2666,2213.76
120,2666,2237.39
121,2685,2203.24
122,2685,2211.8
123,2666,2244.78
124,2666,2241.21
125,2666,2278.35
126,2666,2246.25
127,2653,2221.22
128,2646,2178.8
129,2658,2203.82
130,2653,2197.75
131,2599,2237.77
132,2599,2277.69
133,2599,2227.63
134,2645,2228.56
135,2599,2254.59
136,2599,2233.72
137,2591,2210.24
138,2591,2205.8
139,2591,2251.22
140,2591,2237.77
141,2599,2244.61
142,2599,2254.94
143,2604,2258.08
144,2586,2221.76
145,2591,2191.14
146,2591,2190.01
147,2604,2219.46
148,2612,2252.97
149,2612,2233.41
150,2612,2252.08
151,2612,2216.13
152,2594,2228.89
153,2594,2225.63
154,2599,2238.68
155,2599,2240.65
156,2658,2256.5
157,2658,2229.38
158,2658,2230.78
159,2738,2210.08
160,2738,2206.92
161,2612,2195.21
162,2612,2220.35
163,2612,2258.4
164,2612,2254.51
165,2586,2217.86
166,2586,2228.89
167,2604,2233.33
168,2604,2255.54
169,2658,2234.5
170,2659,2202.96
171,2723,2226.51
172,2723,2211.54
173,2667,2187.57
174,2667,2196.47
175,2667,2212.71
176,2667,2198
177,2667,2175.36
178,2659,2191.84
179,2599,2177.78
180,2669,2246.76
181,2669,2245.23
182,2669,2192.06
183,2604,2191.99
184,2604,2138.12
185,2604,2157.18
186,2604,2119.77
187,2616,2130.36
188,2616,2161.25
189,2616,2173.9
190,2616,2200.5
191,2612,2186.28
192,2612,2190.82
193,2612,2215.61
194,2612,2205.93
195,2604,2125.78
196,2544,2137.03
197,2598,2142.47
198,2604,2161.23
199,2604,2124.65
200,2616,2143.34
201,2667,2154.86
202,2667,2108.2
203,2667,2118.65
204,2547,2161.95
205,2551,2105.61
206,2551,2188.13
207,2543,2135.04
208,2557,2182.13
209,2598,2183.53
210,2598,2169.68
211,2606,2149.61
212,2569,2166.78
213,2505,2108.98
214,2505,2102.35
215,2537,2116.17
216,2537,2144.41
217,2537,2173.98
218,2537,2162.58
219,2526,2148.36
220,2534,2178.2
221,2594,2198.91
222,2624,2185.58
223,2624,2180.2
224,2624,2192.51
225,2624,2165.38
226,2624,2145.95
227,2632,2150.33
228,2632,2135.92
229,2632,2121.76
230,2564,2184.1
231,2566,2189.16
232,2632,2174.39
233,2595,2178.82
234,2595,2223.26
235,2607,2148.5
236,2607,2184.87
237,2607,2203.39
238,2642,2236.26
239,2588,2238.35
240,2595,2233.76
241,2624,2214.55
242,2631,2180.93
243,2599,2134.88
244,2559,2117.66
245,2587,2113.17
246,2649,2182.51
247,2649,2188.58
248,2649,2195.53
249,2648,2151.58
250,2709,2130.91
251,2709,2155.33
252,2709,2110.69
253,2709,2107.79
254,2709,2126.41
255,2551,2135.68
256,2603,2121.29
257,2574,2095.64
258,2574,2119.67
259,2594,2104.93
260,2594,2174.84
261,2603,2194.13
262,2595,2191.53
263,2595,2254.13
264,2615,2248.99
265,2615,2214.8
266,2615,2234.73
267,2615,2266.28
268,2615,2260.96
269,2615,2193.49
270,2615,2174.25
271,2615,2169.93
272,2649,2244.19
273,2649,2232.95
274,2657,2258.78
275,2657,2286.09
276,2657,2312.92
277,2657,2320.98
278,2657,2324.39
279,2657,2313.75
280,2657,2321.42
281,2657,2351.95
282,2657,2347.43
283,2657,2312.23
284,2657,2296.83
285,2657,2271.47
286,2657,2248.67
287,2657,2256.32
288,2657,2281.63
289,2654,2299.52
290,2654,2353.48
291,2641,2368.94
292,2641,2350.11
293,2657,2347.99
294,2657,2303.06
295,2657,2296.37
296,2657,2289.58
297,2657,2267.67
298,2657,2296.08
299,2657,2278.33
Population size,100
Crossover rate,0.66
Mutation rate,0.34
Random selection portion,0.03
Selection method,AForge.Genetic.RouletteWheelSelection
Diversity check,True
Iteration,FitnessMax,FitnessAvg
0,2185,1537.16
1,2231,1616.79
2,2231,1672.81
3,2244,1679.7
4,2367,1711.48
5,2367,1733.84
6,2319,1742.14
7,2346,1768.63
8,2480,1858.25
9,2659,1903
10,2599,1943.16
11,2480,1937.52
12,2599,1960.2
13,2527,2040.13
14,2527,2029.4
15,2527,2050.12
16,2652,2046.91
17,2527,2085.53
18,2581,2072.3
19,2599,2066.11
20,2599,2105.03
21,2599,2106.07
22,2599,2148.57
23,2599,2086.82
24,2599,2032.45
25,2599,2021.72
26,2527,2056.2
27,2527,2061.3
28,2527,2009.58
29,2527,2056.25
30,2581,2051.04
31,2581,2065.66
32,2581,2030.2
33,2464,2000.12
34,2484,2026.16
35,2484,1999.42
36,2484,1996.36
37,2484,2061.54
38,2534,2031.76
39,2526,2039.1
40,2526,2047.8
41,2526,2020.63
42,2526,2044.36
43,2494,2055.26
44,2512,2057.18
45,2600,2072.83
46,2600,2084.51
47,2600,2099.27
48,2600,2175.01
49,2600,2132.21
50,2600,2138.98
51,2600,2113.86
52,2600,2123.84
53,2600,2112.79
54,2562,2154
55,2626,2158.8
56,2626,2113.98
57,2626,2145.25
58,2507,2137.69
59,2510,2166.63
60,2510,2178.05
61,2507,2134.96
62,2554,2154.49
63,2554,2127.21
64,2554,2145.45
65,2618,2126.38
66,2618,2107.68
67,2618,2068.62
68,2618,2055.71
69,2618,2037.08
70,2618,2042.16
71,2611,2040.84
72,2531,2038.11
73,2531,2103.85
74,2603,2122.15
75,2592,2118.11
76,2520,2091.04
77,2520,2065.5
78,2520,1996.56
79,2520,1918.22
80,2416,1956.1
81,2394,1914.48
82,2394,1949.13
83,2485,1923.09
84,2520,2036.29
85,2520,2081.53
86,2520,2100.72
87,2554,2108.45
88,2622,2132.18
89,2554,2142.77
90,2554,2150.23
91,2614,2118.43
92,2618,2135.47
93,2614,2159.73
94,2614,2141.85
95,2598,2138.49
96,2636,2169.59
97,2636,2159.67
98,2636,2125.3
99,2636,2160.92
100,2598,2147.74
101,2598,2189.05
102,2582,2208.91
103,2557,2149.52
104,2557,2175.14
105,2557,2228.3
106,2557,2211.84
107,2549,2159.14
108,2545,2187.42
109,2553,2234.07
110,2675,2257.6
111,2675,2224
112,2553,2206.75
113,2541,2142.45
114,2543,2158.15
115,2660,2165.21
116,2587,2171.72
117,2587,2215.16
118,2652,2231.95
119,2675,2309.86
120,2578,2313.02
121,2587,2278.14
122,2709,2292.32
123,2587,2240.66
124,2638,2245.4
125,2587,2275.84
126,2587,2289.47
127,2585,2259.83
128,2585,2256.59
129,2585,2220.87
130,2675,2200.94
131,2675,2213.23
132,2584,2150.51
133,2584,2168.33
134,2675,2146.99
135,2663,2149.92
136,2663,2148.88
137,2663,2164.85
138,2663,2147.25
139,2598,2177.48
140,2598,2165.44
141,2598,2163.9
142,2598,2160.26
143,2598,2165.63
144,2709,2263.19
145,2674,2296.03
146,2674,2251.56
147,2666,2197.22
148,2666,2255.98
149,2666,2284.78
150,2666,2271.86
151,2666,2253.6
152,2666,2169.51
153,2663,2169.39
154,2663,2207.17
155,2663,2197.24
156,2674,2173.61
157,2663,2162.03
158,2663,2210.69
159,2642,2185.82
160,2634,2174.14
161,2613,2200.43
162,2627,2225.06
163,2627,2203.1
164,2635,2203.24
165,2627,2157.37
166,2627,2200.45
167,2627,2178.95
168,2627,2131.92
169,2582,2127.97
170,2582,2111.28
171,2582,2094.64
172,2582,2142.79
173,2582,2148.76
174,2582,2157.65
175,2554,2153.08
176,2583,2150.02
177,2644,2185.45
178,2644,2231.77
179,2644,2191.17
180,2644,2139.4
181,2652,2103.37
182,2652,2093.7
183,2588,2076.57
184,2588,2039.02
185,2572,2045.52
186,2572,2081.45
187,2572,2112.4
188,2572,2102.02
189,2538,2108.47
190,2538,2076.01
191,2538,2076.76
192,2659,2126.85
193,2659,2208.6
194,2659,2216.54
195,2538,2197.91
196,2538,2137.61
197,2538,2156.79
198,2569,2129.78
199,2569,2142.54
200,2569,2115.35
201,2618,2094.45
202,2618,2107.28
203,2618,2098.92
204,2618,2111.73
205,2618,2143.76
206,2618,2139.43
207,2623,2124.75
208,2623,2119.2
209,2572,2113.48
210,2623,2116.01
211,2644,2099.77
212,2644,2154.54
213,2623,2113.54
214,2623,2108.06
215,2616,2151.45
216,2616,2167.29
217,2597,2140.65
218,2597,2157.92
219,2597,2145.73
220,2597,2162.6
221,2597,2142.82
222,2597,2175.04
223,2605,2205.23
224,2605,2228.2
225,2605,2207.31
226,2558,2140.09
227,2534,2097.93
228,2544,2117.42
229,2544,2168.28
230,2565,2141.92
231,2542,2132.39
232,2568,2116.02
233,2568,2170.43
234,2544,2159.37
235,2544,2172.5
236,2544,2124.55
237,2579,2146.61
238,2579,2117.48
239,2579,2095
240,2618,2119.99
241,2451,2043.62
242,2452,2079.66
243,2547,2116.01
244,2547,2107.92
245,2452,2098.02
246,2452,2117.47
247,2565,2099.29
248,2565,2104.13
249,2565,2136.38
250,2565,2167.29
251,2565,2089.02
252,2577,2064.59
253,2477,2111.02
254,2597,2143.73
255,2477,2120.1
256,2477,2063.06
257,2556,2065.14
258,2549,2070.53
259,2496,2027.06
260,2535,2065.9
261,2535,2085.06
262,2607,2100.39
263,2607,2103.65
264,2607,2182.55
265,2607,2150.45
266,2607,2191.94
267,2607,2180.76
268,2511,2142.68
269,2596,2155.93
270,2596,2112.37
271,2596,2038.58
272,2557,2064.92
273,2535,2060.53
274,2535,2036.99
275,2535,2069.84
276,2595,2107.4
277,2685,2135.48
278,2685,2176.15
279,2685,2222.91
280,2685,2217.52
281,2595,2188.32
282,2595,2203.51
283,2685,2231.39
284,2685,2276.86
285,2685,2214.12
286,2685,2206.15
287,2685,2196.39
288,2685,2247.69
289,2685,2299.83
290,2685,2273.5
291,2685,2281.65
292,2685,2258.98
293,2685,2284.27
294,2685,2234.54
295,2685,2300.68
296,2685,2275.52
297,2685,2252.94
298,2723,2304.31
299,2685,2306
Population size,100
Crossover rate,0.51
Mutation rate,0.79
Random selection portion,0.03
Selection method,AForge.Genetic.RankSelection
Diversity check,True
Iteration,FitnessMax,FitnessAvg
0,2331,1582.68
1,2331,1735.49
2,2347,1850.05
3,2363,1991.29
4,2480,2037.67
5,2480,1998.69
6,2480,2042.9
7,2585,2135.13
8,2585,2126.37
9,2585,2191.5
10,2585,2188.51
11,2589,2253.77
12,2710,2341.1
13,2725,2376.35
14,2725,2398.4
15,2725,2376.28
16,2725,2394.66
17,2725,2483.8
18,2725,2481.15
19,2725,2481.27
20,2746,2532.31
21,2746,2500.37
22,2746,2501.58
23,2746,2558.97
24,2746,2593.98
25,2746,2581.72
26,2746,2613.32
27,2746,2586.56
28,2746,2636.97
29,2746,2609.27
30,2746,2650.36
31,2746,2631.77
32,2746,2641.68
33,2746,2653.56
34,2746,2636.91
35,2746,2619.03
36,2746,2633.27
37,2746,2610.77
38,2746,2618.42
39,2746,2640.24
40,2746,2647.61
41,2746,2598.02
42,2746,2696.72
43,2746,1564.68
44,2746,1822.97
45,2746,1966.16
46,2746,2061.42
47,2725,2084.73
48,2725,2135.83
49,2546,2186.74
50,2618,2253.82
51,2653,2273.35
52,2725,2261.09
53,2725,2303.38
54,2665,2376.77
55,2665,2339.95
56,2657,2377.43
57,2657,2414.14
58,2657,2428.65
59,2657,2439.93
60,2618,2460.92
61,2618,2479.36
62,2618,2435.7
63,2618,2551.82
64,2618,1524.07
65,2618,1693.13
66,2528,1830.69
67,2528,1955.33
68,2528,2070.58
69,2528,2102.93
70,2528,2192.44
71,2618,2215.55
72,2618,2239.34
73,2618,2254.96
74,2618,2298.13
75,2618,2313.88
76,2618,2352.31
77,2618,2398.35
78,2618,2425.48
79,2627,2404.33
80,2627,2400.66
81,2627,2412.64
82,2627,2486.67
83,2657,2458.78
84,2657,2498.34
85,2657,2425.53
86,2657,2471.88
87,2657,2459.37
88,2657,2462.78
89,2657,2485.88
90,2657,2539.1
91,2657,2514.98
92,2657,2482.85
93,2657,2499.59
94,2657,2555.88
95,2657,2552.33
96,2657,2576.9
97,2657,2554.94
98,2657,2559.76
99,2657,2557.39
100,2657,2564.29
101,2709,2572.91
102,2709,2552.39
103,2709,2489.43
104,2709,2462.15
105,2709,2419.41
106,2657,2453.74
107,2657,2510.47
108,2657,2544.31
109,2657,2515
110,2657,2565.51
111,2657,2596.72
112,2657,1613.37
113,2523,1789.19
114,2523,1924.76
115,2523,2049.8
116,2523,2122.91
117,2535,2166.35
118,2523,2180.86
119,2638,2224.82
120,2642,2322.91
121,2642,2358.4
122,2649,2364.3
123,2649,2385.35
124,2649,2423.37
125,2674,2444.04
126,2649,2507.31
127,2674,2528.84
128,2655,2507.67
129,2655,2494.34
130,2666,2510.69
131,2674,2520.79
132,2674,2546.9
133,2746,2424.65
134,2746,2523.42
135,2725,2533.38
136,2674,2522.1
137,2746,2458.99
138,2674,2429.39
139,2738,2495.28
140,2678,2568.55
141,2678,2538.56
142,2746,2538.01
143,2746,2539.17
144,2746,2570.39
145,2746,2543.95
146,2746,2552.85
147,2746,2610.35
148,2746,2556.12
149,2746,2552.99
150,2746,2612.84
151,2746,2565.02
152,2746,2598.51
153,2746,2612.76
154,2746,2610.76
155,2746,2632.3
156,2746,2624.87
157,2746,2558.14
158,2746,2658.99
159,2746,2622.94
160,2746,2547.06
161,2746,2588.12
162,2746,2588.98
163,2746,2599.36
164,2746,2629.27
165,2746,2633.55
166,2746,2629.21
167,2746,2616.64
168,2746,2678.39
169,2746,1703.77
170,2577,1768.46
171,2577,1782.03
172,2577,1878.77
173,2595,1963.46
174,2595,2069.35
175,2595,2133.25
176,2595,2121.64
177,2595,2258.25
178,2746,2297.95
179,2746,2400.14
180,2746,2398.82
181,2746,2514.49
182,2746,2524.48
183,2746,2524.18
184,2746,2500.84
185,2746,2442.79
186,2746,2512.44
187,2746,2586.81
188,2746,2591.95
189,2746,2590.3
190,2746,2638.38
191,2746,2573.84
192,2746,2627.68
193,2746,2653.85
194,2746,2652.31
195,2746,2691.85
196,2181,1485.89
197,2240,1681.08
198,2240,1843.25
199,2325,1948.78
200,2277,1962.23
201,2382,1998.43
202,2382,2024.35
203,2504,2054.6
204,2504,2123.95
205,2562,2134.35
206,2562,2186.07
207,2562,2155.37
208,2562,2249.5
209,2572,2272.72
210,2572,2286.35
211,2572,2309.44
212,2572,2305.11
213,2621,2388.35
214,2732,2360.03
215,2732,2384.98
216,2732,2426
217,2732,2408.73
218,2732,2386.32
219,2724,2339.29
220,2724,2393.12
221,2732,2362.9
222,2732,2367.37
223,2732,2434.95
224,2732,2518.33
225,2732,2527.3
226,2732,2556.71
227,2732,2541.34
228,2732,2547.4
229,2738,2559.43
230,2746,2562.99
231,2746,2540.45
232,2746,2594.08
233,2746,2554.36
234,2746,2609.58
235,2746,2621.01
236,2746,2628.56
237,2746,2527.69
238,2746,2600.87
239,2732,2588.89
240,2732,2613.64
241,2732,2649.86
242,2732,2668.55
243,2732,1562.1
244,2732,1664.44
245,2204,1770.61
246,2204,1827.56
247,2205,1889.95
248,2205,1882.62
249,2342,1967.61
250,2468,2002.71
251,2450,1986.83
252,2450,1988.91
253,2451,2066.74
254,2561,2142.24
255,2579,2176.93
256,2506,2174.62
257,2506,2234.54
258,2616,2263.9
259,2616,2240.79
260,2616,2368.04
261,2616,2257.88
262,2616,2351.16
263,2616,2361.05
264,2616,2392.73
265,2616,2413.19
266,2616,2457.9
267,2674,2417.41
268,2674,2444.25
269,2674,2451.77
270,2674,2460.22
271,2674,2500.3
272,2674,2393.68
273,2705,2421.73
274,2705,2435.42
275,2726,2331.33
276,2734,2443.69
277,2734,2537.51
278,2734,2499.02
279,2734,2556.44
280,2734,2524.06
281,2734,2463.31
282,2734,2499.34
283,2734,2563.51
284,2734,2586.81
285,2734,2583.41
286,2734,2561.38
287,2734,2535.84
288,2734,2577.82
289,2734,2596.05
290,2734,2609.55
291,2734,2548.52
292,2734,2591.91
293,2734,2607.14
294,2734,2582.32
295,2734,2598.64
296,2734,2554.71
297,2734,2666.91
298,2734,1598.59
299,2734,1759.86
Population size,100
Crossover rate,0.51
Mutation rate,0.79
Random selection portion,0.03
Selection method,AForge.Genetic.RankSelection
Diversity check,False
Iteration,FitnessMax,FitnessAvg
0,2168,1494.48
1,2200,1669.41
2,2200,1728.24
3,2200,1818.71
4,2200,1854.81
5,2265,1910.58
6,2317,2018.63
7,2317,2036.44
8,2414,2063.28
9,2389,2107.87
10,2482,2110.54
11,2484,2179.88
12,2519,2227.5
13,2588,2239.91
14,2591,2241.31
15,2591,2304.93
16,2591,2350.95
17,2645,2349.53
18,2645,2378.24
19,2645,2414.88
20,2645,2394.35
21,2645,2435.36
22,2645,2444.01
23,2684,2453.69
24,2666,2405.59
25,2666,2434.22
26,2666,2516.52
27,2666,2492.78
28,2746,2534.99
29,2746,2492.92
30,2666,2514.07
31,2667,2515.72
32,2667,2547.9
33,2667,2522.61
34,2667,2544.11
35,2667,2537.46
36,2667,2536.24
37,2667,2548.19
38,2667,2547.1
39,2667,2592.3
40,2667,2571.94
41,2667,2552.1
42,2667,2510.53
43,2667,2512.27
44,2667,2550.58
45,2725,2542.84
46,2725,2523.76
47,2725,2591.1
48,2667,2584.85
49,2667,2590.32
50,2667,2552.64
51,2667,2587.82
52,2667,2610.05
53,2667,2617.18
54,2731,2587.32
55,2746,2478.21
56,2746,2582.47
57,2746,2579.4
58,2746,2488.87
59,2746,2531.96
60,2746,2593.45
61,2746,2573.31
62,2746,2538.34
63,2746,2553.81
64,2746,2525.21
65,2746,2592.31
66,2746,2574.32
67,2746,2600
68,2746,2581.48
69,2746,2533.83
70,2746,2533.76
71,2746,2602.4
72,2746,2613.37
73,2746,2619.37
74,2746,2636.24
75,2746,2618.02
76,2746,2601.5
77,2746,2575.33
78,2746,2604.65
79,2746,2646.24
80,2746,2681.7
81,2746,2668.3
82,2746,2640.98
83,2746,2672.4
84,2746,2628.01
85,2746,2622.69
86,2746,2638.42
87,2746,2661.07
88,2746,2601.3
89,2746,2555.36
90,2746,2568.53
91,2746,2659.8
92,2746,2628.33
93,2746,2607.49
94,2746,2597.29
95,2746,2580.27
96,2746,2668.63
97,2746,2658.14
98,2746,2646.48
99,2746,2620.09
100,2746,2668.31
101,2746,2619.31
102,2746,2628.17
103,2746,2574.48
104,2746,2673.33
105,2746,2638.6
106,2746,2620.37
107,2746,2575.17
108,2746,2637.32
109,2746,2619.07
110,2746,2606.54
111,2746,2610.42
112,2746,2625.01
113,2746,2650.16
114,2746,2609.45
115,2746,2580.68
116,2746,2635.18
117,2746,2648.49
118,2746,2638.09
119,2746,2649.58
120,2746,2635.15
121,2746,2636.77
122,2746,2648.11
123,2746,2630.63
124,2746,2606.7
125,2746,2586.48
126,2746,2612.79
127,2746,2637.31
128,2746,2687.9
129,2746,2598.8
130,2746,2634.51
131,2746,2661.69
132,2746,2646.61
133,2746,2639.04
134,2746,2610.82
135,2746,2587.54
136,2746,2655.94
137,2746,2657.34
138,2746,2602.5
139,2746,2642.58
140,2746,2662.26
141,2746,2556.31
142,2746,2646.87
143,2746,2650.71
144,2746,2619.82
145,2746,2637.72
146,2746,2663.38
147,2746,2605.88
148,2746,2600.07
149,2746,2598.43
150,2746,2566.97
151,2746,2649.36
152,2746,2607.75
153,2746,2590.76
154,2746,2612.6
155,2746,2624.17
156,2746,2571.99
157,2746,2664.31
158,2746,2596.92
159,2746,2586.95
160,2746,2614.84
161,2746,2559.29
162,2746,2646.21
163,2746,2610.06
164,2746,2575.4
165,2746,2587.61
166,2746,2616.92
167,2746,2505.07
168,2746,2634.79
169,2746,2588.06
170,2746,2659.31
171,2746,2653.65
172,2746,2656.98
173,2746,2638.3
174,2746,2574.33
175,2746,2589.21
176,2746,2615.15
177,2746,2631.25
178,2746,2649.2
179,2746,2649.05
180,2746,2638.19
181,2746,2620.98
182,2746,2619.04
183,2746,2619.17
184,2746,2584.86
185,2746,2661.04
186,2746,2639.64
187,2746,2563.23
188,2746,2596.71
189,2746,2532.79
190,2746,2562.45
191,2746,2597.28
192,2746,2562.3
193,2746,2603.41
194,2746,2603.84
195,2746,2525.62
196,2746,2574.61
197,2746,2651.39
198,2746,2644.01
199,2746,2628.64
200,2746,2625.27
201,2746,2617.56
202,2746,2631.01
203,2746,2595.77
204,2746,2557.03
205,2746,2639.75
206,2746,2571.26
207,2746,2640.17
208,2746,2608.96
209,2746,2679.58
210,2746,2695.73
211,2746,2581.24
212,2746,2639.28
213,2746,2585.53
214,2746,2615.17
215,2746,2646.7
216,2746,2675.87
217,2746,2650.42
218,2746,2676.23
219,2746,2629.13
220,2746,2655.18
221,2746,2639.98
222,2746,2584.72
223,2746,2634.04
224,2746,2586.88
225,2746,2608.74
226,2746,2597.58
227,2746,2638.73
228,2746,2641.74
229,2746,2659.77
230,2746,2589.77
231,2746,2600.67
232,2746,2589.16
233,2746,2602.34
234,2746,2573.96
235,2746,2616.35
236,2746,2635.69
237,2746,2662.24
238,2746,2651.32
239,2746,2644.27
240,2746,2629.79
241,2746,2578.98
242,2746,2626.48
243,2746,2596.22
244,2746,2652.91
245,2746,2593.07
246,2746,2655
247,2746,2650.15
248,2746,2608.02
249,2746,2630.09
250,2746,2605.45
251,2746,2661.42
252,2746,2673.19
253,2746,2608.16
254,2746,2665.26
255,2746,2633.96
256,2746,2654.68
257,2746,2658.25
258,2746,2663.53
259,2746,2620.72
260,2746,2594.93
261,2746,2636.34
262,2746,2627.57
263,2746,2594.93
264,2746,2603.53
265,2746,2601.55
266,2746,2549.68
267,2746,2586.37
268,2746,2568.75
269,2746,2662.9
270,2746,2641.02
271,2746,2649.74
272,2746,2648.34
273,2746,2648.66
274,2746,2668.48
275,2746,2648.37
276,2746,2684.13
277,2746,2680.51
278,2746,2649.28
279,2746,2601.58
280,2746,2592.5
281,2746,2629.44
282,2746,2664.09
283,2746,2636.97
284,2746,2647.1
285,2746,2664.65
286,2746,2681.74
287,2746,2664.19
288,2746,2652.47
289,2746,2606.83
290,2746,2634.64
291,2746,2626.33
292,2746,2593.1
293,2746,2623.21
294,2746,2613.89
295,2746,2613.67
296,2746,2628.38
297,2746,2589.22
298,2746,2643.9
299,2746,2600.55
Population size,100
Crossover rate,0.22
Mutation rate,0.87
Random selection portion,0.03
Selection method,AForge.Genetic.EliteSelection
Diversity check,False
Iteration,FitnessMax,FitnessAvg
0,2394,1739.66
1,2440,1892.4
2,2440,1956.59
3,2440,2076.34
4,2477,2171.75
5,2477,2229.29
6,2477,2290.93
7,2534,2332.6
8,2576,2348.46
9,2576,2381.39
10,2636,2398.55
11,2636,2449.81
12,2646,2484.34
13,2646,2492.71
14,2646,2472.27
15,2646,2515.44
16,2646,2509.82
17,2702,2511.11
18,2702,2514.78
19,2702,2537.02
20,2702,2552.79
21,2702,2560.88
22,2702,2585.61
23,2703,2577.1
24,2711,2554.2
25,2717,2595.4
26,2723,2600.37
27,2723,2626.93
28,2723,2613.86
29,2731,2626.29
30,2731,2633.59
31,2731,2625.85
32,2731,2616.97
33,2738,2655.12
34,2738,2636.51
35,2738,2652.13
36,2746,2630.75
37,2746,2668.96
38,2746,2649.43
39,2746,2684.7
40,2746,2666.94
41,2746,2685.56
42,2746,2677.42
43,2746,2677.99
44,2746,2694.63
45,2746,2698.86
46,2746,2667.37
47,2746,2692.25
48,2746,2694.85
49,2746,2699.8
50,2746,2673.57
51,2746,2706.7
52,2746,2689.47
53,2746,2698.47
54,2746,2671.6
55,2746,2698.89
56,2746,2714.62
57,2746,2709.82
58,2746,2701.18
59,2746,2711.49
60,2746,2704.01
61,2746,2710.2
62,2746,2697.13
63,2746,2710.65
64,2746,2691.84
65,2746,2687.74
66,2746,2685.76
67,2746,2707.91
68,2746,2688.26
69,2746,2708.88
70,2746,2714.9
71,2746,2689.47
72,2746,2707.84
73,2746,2704.39
74,2746,2702.17
75,2746,2707.49
76,2746,2692.74
77,2746,2714.96
78,2746,2703.79
79,2746,2704.99
80,2746,2697.53
81,2746,2663.62
82,2746,2709.24
83,2746,2690.09
84,2746,2711.19
85,2746,2693.78
86,2746,2711.83
87,2746,2704.16
88,2746,2712.09
89,2746,2710.53
90,2746,2712.11
91,2746,2688.66
92,2746,2699.72
93,2746,2688.72
94,2746,2694.25
95,2746,2698.4
96,2746,2708.73
97,2746,2693.96
98,2746,2723.31
99,2746,2709.38
100,2746,2704.08
101,2746,2712.29
102,2746,2695.36
103,2746,2713.73
104,2746,2713.41
105,2746,2716.65
106,2746,2699.64
107,2746,2716.98
108,2746,2709.93
109,2746,2680.24
110,2746,2710.43
111,2746,2719.3
112,2746,2682.58
113,2746,2708.43
114,2746,2683.27
115,2746,2676.69
116,2746,2710.8
117,2746,2701.28
118,2746,2708.85
119,2746,2696.98
120,2746,2704.41
121,2746,2693.79
122,2746,2709.25
123,2746,2689.09
124,2746,2705.91
125,2746,2710.12
126,2746,2714.24
127,2746,2679.9
128,2746,2696.71
129,2746,2690.87
130,2746,2694.25
131,2746,2711.44
132,2746,2709.44
133,2746,2698.88
134,2746,2692.52
135,2746,2714.43
136,2746,2690.35
137,2746,2705.6
138,2746,2706.38
139,2746,2698.89
140,2746,2709.42
141,2746,2695.09
142,2746,2701.59
143,2746,2690.27
144,2746,2707.96
145,2746,2708.41
146,2746,2692.91
147,2746,2691.66
148,2746,2708.08
149,2746,2676.12
150,2746,2692.7
151,2746,2712.9
152,2746,2695.96
153,2746,2695.44
154,2746,2700.5
155,2746,2681.95
156,2746,2714.33
157,2746,2693.55
158,2746,2710.02
159,2746,2703.47
160,2746,2699.01
161,2746,2709.18
162,2746,2691.39
163,2746,2694.81
164,2746,2708.77
165,2746,2693.24
166,2746,2715.11
167,2746,2678.13
168,2746,2690.87
169,2746,2688.07
170,2746,2702.63
171,2746,2717.92
172,2746,2697.34
173,2746,2686.12
174,2746,2710.53
175,2746,2677.44
176,2746,2693.23
177,2746,2707.08
178,2746,2679.78
179,2746,2698.32
180,2746,2663.62
181,2746,2695.8
182,2746,2697.17
183,2746,2705.99
184,2746,2686.98
185,2746,2692.58
186,2746,2704.07
187,2746,2700.28
188,2746,2702.99
189,2746,2688.67
190,2746,2716.16
191,2746,2709.32
192,2746,2708.97
193,2746,2721.93
194,2746,2700.65
195,2746,2695.67
196,2746,2695.95
197,2746,2693.28
198,2746,2701.64
199,2746,2694.28
200,2746,2702.65
201,2746,2705.21
202,2746,2684.68
203,2746,2707.84
204,2746,2685.79
205,2746,2712.05
206,2746,2675.27
207,2746,2714.54
208,2746,2704.03
209,2746,2713.11
210,2746,2691.2
211,2746,2675.68
212,2746,2711.56
213,2746,2704.03
214,2746,2709.9
215,2746,2720.25
216,2746,2680.15
217,2746,2706.72
218,2746,2696.56
219,2746,2698.45
220,2746,2720.38
221,2746,2690.74
222,2746,2696.11
223,2746,2687.25
224,2746,2683.16
225,2746,2692.19
226,2746,2695.54
227,2746,2709.24
228,2746,2690.44
229,2746,2696.69
230,2746,2697.31
231,2746,2703.31
232,2746,2713.89
233,2746,2691.85
234,2746,2711.49
235,2746,2716.53
236,2746,2687.07
237,2746,2681.08
238,2746,2720.01
239,2746,2698.03
240,2746,2692.38
241,2746,2692.76
242,2746,2697.05
243,2746,2693.99
244,2746,2708.33
245,2746,2678.99
246,2746,2689.66
247,2746,2681.4
248,2746,2681.02
249,2746,2711.22
250,2746,2677.46
251,2746,2700.47
252,2746,2717.59
253,2746,2713.7
254,2746,2690.95
255,2746,2681.05
256,2746,2677.03
257,2746,2699.06
258,2746,2715.1
259,2746,2696.76
260,2746,2701.77
261,2746,2709.72
262,2746,2699.35
263,2746,2690.55
264,2746,2695.99
265,2746,2710.96
266,2746,2711.95
267,2746,2713.45
268,2746,2702.21
269,2746,2682.82
270,2746,2714.63
271,2746,2707.94
272,2746,2693.32
273,2746,2690.05
274,2746,2699.37
275,2746,2709.16
276,2746,2708.23
277,2746,2705.51
278,2746,2703.19
279,2746,2692.89
280,2746,2710.93
281,2746,2691.67
282,2746,2690.17
283,2746,2703.01
284,2746,2712.38
285,2746,2695.67
286,2746,2690.33
287,2746,2693.59
288,2746,2674.73
289,2746,2710.93
290,2746,2701.74
291,2746,2715.34
292,2746,2695.6
293,2746,2690.5
294,2746,2663.62
295,2746,2710.13
296,2746,2694.08
297,2746,2692.4
298,2746,2682.38
299,2746,2694.16
Population size,100
Crossover rate,0.22
Mutation rate,0.87
Random selection portion,0.03
Selection method,AForge.Genetic.EliteSelection
Diversity check,True
Iteration,FitnessMax,FitnessAvg
0,2196,1690.99
1,2198,1837.46
2,2198,1916.72
3,2351,2037.07
4,2465,2078.87
5,2558,2161.93
6,2558,2211.48
7,2558,2280.05
8,2640,2328.81
9,2640,2378.13
10,2640,2426.46
11,2713,2472.15
12,2713,2499.2
13,2734,2525.2
14,2734,2562.89
15,2734,2537.81
16,2734,2596.03
17,2746,2610.03
18,2746,2572.27
19,2746,2616.66
20,2746,2643.01
21,2746,2650.57
22,2746,2665.88
23,2746,1758.14
24,2746,1915.35
25,2746,2053.74
26,2746,2114.54
27,2746,2177.06
28,2746,2254.4
29,2746,2325.65
30,2746,2373.42
31,2746,2427.17
32,2746,2451.13
33,2746,2512.32
34,2746,2507.92
35,2746,2530.38
36,2746,2551.63
37,2746,2588.73
38,2746,2622.12
39,2746,2641.28
40,2746,2630.57
41,2746,2653.06
42,2746,2658.93
43,2746,2663.04
44,2746,2696.03
45,2746,1698.41
46,2746,1829.11
47,2746,1912.85
48,2746,2035.43
49,2746,2133.17
50,2746,2201.53
51,2746,2295.94
52,2746,2350.77
53,2746,2416.79
54,2746,2450.44
55,2746,2497.12
56,2746,2540.21
57,2746,2550.3
58,2746,2588.31
59,2746,2615.84
60,2746,2628.52
61,2746,2635.71
62,2746,2667.88
63,2746,1703.18
64,2746,1866.1
65,2746,2000.41
66,2746,2064.25
67,2746,2143.8
68,2746,2238.31
69,2746,2324.4
70,2746,2383.86
71,2746,2443.03
72,2746,2497.03
73,2746,2536.98
74,2746,2559.38
75,2746,2597.47
76,2746,2610.66
77,2746,2640.67
78,2746,2680.99
79,2746,1740.97
80,2746,1884.41
81,2746,2004.33
82,2746,2075.38
83,2746,2204.26
84,2746,2235.23
85,2746,2327.22
86,2746,2372.39
87,2746,2419.91
88,2746,2439.68
89,2746,2453.09
90,2746,2540.48
91,2746,2540.61
92,2746,2605.65
93,2746,2617.06
94,2746,2627.87
95,2746,2660.61
96,2746,2676.03
97,2746,1785.39
98,2746,1906.73
99,2746,1981.91
100,2746,2086
101,2746,2153.43
102,2746,2227.03
103,2746,2299.03
104,2746,2318.95
105,2746,2376.16
106,2746,2407.38
107,2746,2466.43
108,2746,2499.48
109,2746,2546.39
110,2746,2559.95
111,2746,2574.97
112,2746,2612.47
113,2746,2640.15
114,2746,2677.33
115,2746,1705.56
116,2746,1881.46
117,2746,2006.69
118,2746,2096.43
119,2746,2183.28
120,2746,2298.56
121,2746,2351.22
122,2746,2453.55
123,2746,2493.11
124,2746,2547.61
125,2746,2586.62
126,2746,2611.39
127,2746,2619.92
128,2746,2659.06
129,2746,2653.14
130,2746,2679.68
131,2746,1778.45
132,2746,1899.25
133,2746,2012.73
134,2746,2093.97
135,2746,2179.62
136,2746,2281.36
137,2746,2341.09
138,2746,2447.06
139,2746,2485.3
140,2746,2523.41
141,2746,2558.72
142,2746,2582.62
143,2746,2644.86
144,2746,2673.04
145,2746,1743
146,2746,1909.18
147,2746,2026.66
148,2746,2150.38
149,2746,2240.87
150,2746,2296.46
151,2746,2387.83
152,2746,2417.92
153,2746,2468.74
154,2746,2505.7
155,2746,2500.53
156,2746,2557.92
157,2746,2576.58
158,2746,2604.43
159,2746,2603.67
160,2746,2626.24
161,2746,2663.3
162,2746,2648.29
163,2746,2653.15
164,2746,2701.27
165,2746,1677.02
166,2746,1816.86
167,2746,1909.76
168,2746,1982.07
169,2746,2052.56
170,2746,2149.85
171,2746,2244.91
172,2746,2348.13
173,2746,2433.3
174,2746,2500.15
175,2746,2555.48
176,2746,2590.87
177,2746,2617.33
178,2746,2624.67
179,2746,2657.77
180,2746,2665.88
181,2746,1710.22
182,2746,1860.07
183,2746,1966.82
184,2746,2018.2
185,2746,2102.72
186,2746,2190.92
187,2746,2280.28
188,2746,2346.78
189,2746,2403.49
190,2746,2456.1
191,2746,2490.25
192,2746,2532.2
193,2746,2557.84
194,2746,2575.31
195,2746,2600.1
196,2746,2627.31
197,2746,2662.13
198,2746,2663.35
199,2746,2660.14
200,2746,2689.61
201,2746,1673.59
202,2746,1809.06
203,2746,1920.08
204,2746,2024.38
205,2746,2157.48
206,2746,2233.98
207,2746,2278.49
208,2746,2365.96
209,2746,2430.49
210,2746,2484.58
211,2746,2504.66
212,2746,2544.14
213,2746,2593.65
214,2746,2631.35
215,2746,2620.29
216,2746,2653.42
217,2746,2678.12
218,2746,1732.85
219,2746,1882.53
220,2746,1980.77
221,2746,2045.65
222,2746,2186.1
223,2746,2259.89
224,2746,2351.48
225,2746,2413.88
226,2746,2487.07
227,2746,2488.85
228,2746,2546.79
229,2746,2606.59
230,2746,2614.78
231,2746,2651.56
232,2746,2658.6
233,2746,2664.13
234,2746,1736.22
235,2746,1916.52
236,2746,2039.79
237,2746,2102.85
238,2746,2207.07
239,2746,2262.73
240,2746,2349.8
241,2746,2453.77
242,2746,2509.91
243,2746,2529.57
244,2746,2562.03
245,2746,2610.6
246,2746,2645.04
247,2746,2659.83
248,2746,2676.38
249,2746,1730.6
250,2746,1847.65
251,2746,1950.99
252,2746,2014.57
253,2746,2111.12
254,2746,2155.9
255,2746,2239.11
256,2746,2356.74
257,2746,2455.35
258,2746,2536.02
259,2746,2542.55
260,2746,2592.8
261,2746,2596.19
262,2746,2600.61
263,2746,2614.93
264,2746,2643.37
265,2746,2649.98
266,2746,2646.31
267,2746,2682.69
268,2746,1743.85
269,2746,1885.49
270,2746,1975.14
271,2746,2060.37
272,2746,2146.86
273,2746,2223.54
274,2746,2279.03
275,2746,2365.58
276,2746,2440.75
277,2746,2493.8
278,2746,2518.93
279,2746,2549.17
280,2746,2569.69
281,2746,2610.96
282,2746,2644.11
283,2746,2678.39
284,2746,1713.97
285,2746,1833.48
286,2746,1946.24
287,2746,2058.53
288,2746,2172
289,2746,2252.97
290,2746,2345.33
291,2746,2386.03
292,2746,2471.09
293,2746,2500.47
294,2746,2555.46
295,2746,2566.24
296,2746,2624.2
297,2746,2651.35
298,2746,2656.85
299,2746,2654.62
Population size,100
Crossover rate,0.22
Mutation rate,0.87
Random selection portion,0.03
Selection method,AForge.Genetic.EliteSelection
Diversity check,True
Iteration,FitnessMax,FitnessAvg
0,2272,1709.18
1,2272,1821.47
2,2282,1904.41
3,2282,2005.04
4,2440,2070.63
5,2440,2130.34
6,2609,2179.08
7,2609,2227.22
8,2609,2262.12
9,2609,2311.95
10,2609,2326.86
11,2609,2355.83
12,2609,2402.01
13,2683,2427.37
14,2683,2440.79
15,2732,2485.76
16,2732,2521.29
17,2732,2522.52
18,2732,2573.73
19,2732,2565.96
20,2732,2597.97
21,2746,2606.13
22,2746,2646.13
23,2746,2647.4
24,2746,2653.27
25,2746,2669.13
26,2746,1759.58
27,2746,1899.95
28,2746,1971.6
29,2746,2049.61
30,2746,2100.61
31,2746,2159.62
32,2746,2307
33,2746,2396.48
34,2746,2454.55
35,2746,2466.39
36,2746,2522.63
37,2746,2590.19
38,2746,2608.14
39,2746,2637.32
40,2746,2640.81
41,2746,2663.46
42,2746,2660.13
43,2746,2712.29
44,2746,1721.75
45,2746,1887.79
46,2746,1950.27
47,2746,2057.22
48,2746,2097.13
49,2746,2197.36
Population size,100
Crossover rate,0.22
Mutation rate,0.87
Random selection portion,0.03
Selection method,AForge.Genetic.EliteSelection
Diversity check,True
Iteration,FitnessMax,FitnessAvg
0,2137,1723.26
1,2271,1842.45
2,2325,1960.29
3,2336,2050.59
4,2363,2079.55
5,2473,2160.2
6,2481,2200.36
7,2481,2205.52
8,2498,2251.74
9,2617,2318.4
10,2617,2355.11
11,2617,2368.46
12,2617,2416.19
13,2617,2418.79
14,2617,2430.3
15,2617,2430.21
16,2630,2485.1
17,2678,2485.08
18,2678,2502.02
19,2678,2497.29
20,2678,2505.61
21,2710,2541.23
22,2710,2534.21
23,2710,2561.69
24,2710,2544.37
25,2710,2564.92
26,2710,2585.41
27,2710,2565.54
28,2710,2590.72
29,2738,2588.31
