Population size,100
Crossover rate,0.66
Mutation rate,0.34
Random selection portion,0.03
Selection method,AForge.Genetic.RouletteWheelSelection
Diversity check,False
Iteration,FitnessMax,FitnessAvg
0,2547,1898.44
1,2679,1950.33
2,2679,1999.69
3,2571,2019.01
4,2703,2072.86
5,2699,2091.42
6,2678,2153.62
7,2962,2190.11
8,2829,2223.74
9,2829,2155.28
10,2829,2100.07
11,2829,2108.24
12,2829,2159.88
13,3029,2206.45
14,2815,2240.53
15,2815,2303.88
16,2858,2250.65
17,2723,2281.12
18,2751,2313.22
19,2810,2306.97
20,2751,2327.64
21,2751,2312.68
22,2844,2349.37
23,2828,2294
24,2856,2301.47
25,2864,2376.94
26,2985,2445.27
27,3195,2450.89
28,3195,2426.87
29,2919,2433.45
30,2894,2419.22
31,2894,2411.09
32,2894,2439.4
33,2873,2455.53
34,2915,2497.2
35,2934,2462.05
36,2958,2534.3
37,3267,2518.59
38,2934,2493.22
39,3109,2515.53
40,3109,2453.6
41,3036,2489.98
42,3083,2465.15
43,2882,2422.15
44,3104,2409.29
45,3104,2408.9
46,3104,2414.12
47,3018,2407.65
48,3018,2455.04
49,3060,2499.36
50,3060,2480.27
51,3093,2510.01
52,3093,2488.88
53,3215,2590.16
54,3096,2568.15
55,3096,2601.22
56,3073,2635.96
57,3073,2626.65
58,3210,2622.67
59,3210,2630.42
60,3210,2663.06
61,3264,2678.91
62,3264,2727.66
63,3264,2709.61
64,3198,2779.89
65,3228,2738.55
66,3217,2640.07
67,3248,2701.01
68,3329,2715.59
69,3329,2682.62
70,3328,2633.93
71,3359,2629.19
72,3359,2659.21
73,3157,2654.12
74,3162,2667.23
75,3247,2734.02
76,3294,2703.09
77,3294,2689.26
78,3294,2663.14
79,3294,2716.79
80,3320,2699.18
81,3294,2678.53
82,3277,2677.46
83,3195,2715.89
84,3195,2703.87
85,3309,2713.26
86,3309,2693.94
87,3294,2695.39
88,3195,2768.75
89,3195,2706.22
90,3195,2776.01
91,3195,2778.61
92,3195,2761.86
93,3215,2740.8
94,3215,2727.09
95,3250,2728.58
96,3215,2742.83
97,3189,2748.59
98,3189,2711.24
99,3115,2700.02
100,3131,2673.41
101,3139,2662.31
102,3215,2584.7
103,3115,2612.53
104,3115,2619.01
105,3081,2588.48
106,3177,2619.23
107,3177,2700.98
108,3177,2595.57
109,3320,2606.66
110,3320,2646.03
111,3320,2657.91
112,3320,2641.07
113,3320,2674.57
114,3287,2655.24
115,3287,2668.8
116,3287,2664.81
117,3177,2618.95
118,3177,2639.89
119,3177,2581.93
120,3177,2611.26
121,3177,2634.6
122,3287,2616.93
123,3287,2596.02
124,3287,2542.76
125,3222,2491.16
126,2995,2485.59
127,2995,2536.78
128,2995,2534.48
129,2995,2517.9
130,3138,2555.57
131,3138,2541.1
132,3138,2532.07
133,2951,2521.18
134,3122,2503.29
135,3122,2479.41
136,3092,2546.07
137,3092,2569.85
138,3191,2604.62
139,3191,2597.07
140,3191,2578.85
141,3073,2571.87
142,3073,2576.72
143,3113,2596.63
144,3113,2581.87
145,3106,2613.89
146,3041,2622.98
147,3192,2650.45
148,3192,2672.2
149,3192,2635.85
150,3105,2595.6
151,3077,2645.94
152,3074,2666.94
153,3192,2649.48
154,3192,2673.68
155,3192,2689.3
156,3237,2715.84
157,3237,2728.52
158,3319,2701.76
159,3319,2666.62
160,3319,2678.78
161,3319,2702.01
162,3319,2671.55
163,3187,2640.4
164,3187,2677.49
165,3187,2765.76
166,3187,2732.33
167,3143,2732.5
168,3143,2726.9
169,3143,2680.79
170,3168,2691.24
171,3143,2681.86
172,3129,2652.58
173,3135,2702.67
174,3129,2702.09
175,3129,2636.43
176,3129,2640.41
177,3091,2677.79
178,3091,2672.35
179,3125,2618.04
180,3125,2666.83
181,3107,2618.99
182,3188,2580.82
183,3188,2584.26
184,3188,2604.53
185,3188,2586.42
186,3188,2632.66
187,3123,2607.55
188,3123,2564.12
189,3261,2562.21
190,3151,2585.08
191,3151,2579.65
192,3096,2558.84
193,3096,2604.8
194,3096,2638.45
195,3060,2630.95
196,3060,2593.46
197,3060,2574.02
198,3060,2573.54
199,3023,2532.3
200,3023,2524.66
201,2955,2548.93
202,3098,2492.39
203,3029,2518.01
204,2993,2493.97
205,2993,2511.02
206,2993,2506.53
207,2993,2520.89
208,2992,2474.52
209,2992,2501.54
210,3020,2539.1
211,3020,2563.48
212,3155,2586.11
213,3128,2597.7
214,3130,2581.82
215,3130,2548.4
216,3130,2559.65
217,3167,2511.43
218,3167,2465.75
219,3167,2502.05
220,3167,2537.95
221,3187,2536.26
222,3156,2532.79
223,3122,2597.37
224,3122,2616.86
225,3122,2619.4
226,3122,2653.98
227,3122,2643.46
228,3118,2630.73
229,3214,2626.04
230,3214,2620.49
231,3214,2617.57
232,3214,2635.6
233,3118,2572.82
234,3146,2612.09
235,3118,2657.37
236,3211,2654.24
237,3234,2663.14
238,3211,2726.42
239,3211,2742.89
240,3211,2704.78
241,3269,2613.1
242,3269,2661.29
243,3279,2673.87
244,3269,2737.35
245,3269,2765.01
246,3269,2733.1
247,3269,2765.17
248,3269,2694.91
249,3269,2735.17
250,3269,2758.59
251,3274,2751.23
252,3274,2763.86
253,3274,2751.9
254,3269,2706.12
255,3269,2708.22
256,3269,2768.27
257,3250,2795.83
258,3185,2766.68
259,3239,2761.86
260,3283,2745.68
261,3163,2745.6
262,3132,2749.22
263,3250,2725.29
264,3250,2786.39
265,3250,2806.93
266,3250,2777.4
267,3250,2793.24
268,3178,2791.07
269,3230,2783.88
270,3230,2781.47
271,3194,2827.47
272,3224,2837.78
273,3218,2812.34
274,3218,2781.65
275,3230,2756.55
276,3230,2751.54
277,3230,2760.21
278,3230,2848.99
279,3256,2889.58
280,3256,2878.17
281,3239,2818.05
282,3239,2833.38
283,3239,2811.76
284,3366,2792.69
285,3346,2782.88
286,3277,2829.12
287,3301,2859.35
288,3282,2825.56
289,3228,2839.98
290,3309,2880.56
291,3234,2857.05
292,3234,2899.43
293,3212,2815.62
294,3193,2819.76
295,3211,2761.97
296,3211,2815.03
297,3303,2780.85
298,3303,2819.25
299,3303,2816.39
Population size,100
Crossover rate,0.66
Mutation rate,0.34
Random selection portion,0.03
Selection method,AForge.Genetic.RouletteWheelSelection
Diversity check,True
Iteration,FitnessMax,FitnessAvg
0,2641,1876.44
1,2740,1953.65
2,2656,2032
3,2689,2022.79
4,2689,2106.73
5,2656,2164.53
6,2838,2242.22
7,2838,2263.19
8,2705,2241.31
9,2615,2248.38
10,2842,2261.38
11,2816,2266.8
12,2816,2307.75
13,2898,2295.36
14,2898,2302.56
15,2863,2294.76
16,3023,2325.28
17,3023,2345.26
18,3082,2407.65
19,3082,2438.5
20,3082,2449.52
21,3070,2428.06
22,3082,2386.81
23,3051,2419.03
24,3051,2428.91
25,3051,2463.6
26,3051,2557.72
27,3059,2585.51
28,3059,2583.36
29,3051,2536.59
30,3116,2573.78
31,3116,2568.64
32,2980,2539.89
33,2967,2535.45
34,2970,2538.78
35,3055,2507.41
36,3046,2500.02
37,3046,2478.17
38,3090,2544.83
39,3205,2519.92
40,3206,2540.38
41,3206,2625.74
42,3238,2612.79
43,3206,2634.65
44,3186,2593.18
45,3205,2588.48
46,3173,2604.48
47,3173,2576.28
48,3155,2535.77
49,3185,2615.2
50,3185,2667.51
51,3245,2692.73
52,3228,2677.17
53,3165,2661.77
54,3228,2666.58
55,3179,2655.24
56,3179,2629.61
57,3116,2654.81
58,3113,2681.73
59,3113,2619.11
60,3225,2614.86
61,3095,2614.72
62,3095,2620.07
63,3082,2662.09
64,3256,2700.98
65,3256,2705.71
66,3216,2716.56
67,3216,2678.24
68,3251,2628.77
69,3171,2648.98
70,3115,2653.78
71,3115,2654.04
72,3100,2643.81
73,3045,2615.78
74,3082,2624.61
75,3082,2640.98
76,3082,2668.89
77,3099,2654.51
78,3088,2629.07
79,3104,2645.92
80,3088,2607.42
81,3088,2625.64
82,3101,2635.18
83,3088,2621.93
84,3081,2573.23
85,3105,2619.2
86,3105,2651.36
87,3105,2619.32
88,3105,2619.85
89,3113,2586.21
90,3115,2646.66
91,3027,2654.16
92,2984,2624.05
93,3106,2634.3
94,3027,2592.28
95,3025,2573.06
96,3049,2536.19
97,3049,2501.89
98,3026,2525.21
99,3005,2511.39
100,3018,2499.21
101,3111,2491.12
102,3111,2475.99
103,3111,2447.35
104,3006,2427.56
105,2922,2404.53
106,2922,2447.42
107,2931,2488.4
108,3020,2441.54
109,3078,2443.31
110,3010,2470.74
111,3019,2479.76
112,3186,2491.7
113,3031,2503.96
114,3186,2535.91
115,3186,2538.03
116,3186,2606.04
117,3186,2620.9
118,3186,2623.15
119,3171,2592.59
120,3171,2653.76
121,3171,2601.81
122,3147,2636.49
123,3136,2672.91
124,3203,2648.99
125,3171,2593.43
126,3171,2692.4
127,3171,2711.11
128,3263,2722.63
129,3320,2740.62
130,3171,2664.49
131,3168,2686.9
132,3168,2681.62
133,3168,2678.96
134,3113,2681.88
135,3113,2652.2
136,3113,2645.71
137,3123,2628.35
138,3326,2677.76
139,3326,2616.41
140,3326,2579.03
141,3213,2638.38
142,3211,2615.1
143,3211,2662.73
144,3211,2717.22
145,3211,2711.74
146,3217,2781.95
147,3211,2756.89
148,3211,2805.98
149,3166,2779.5
150,3231,2747.59
151,3124,2763.82
152,3138,2734.93
153,3200,2723.35
154,3314,2698.56
155,3224,2719.06
156,3294,2721.23
157,3294,2711.51
158,3323,2718.45
159,3201,2703.65
160,3291,2725.27
161,3279,2745.54
162,3279,2729.51
163,3279,2689.79
164,3299,2722.21
165,3299,2657.98
166,3299,2608.97
167,3279,2649.11
168,3279,2648.32
169,3244,2630.89
170,3055,2604.91
171,3199,2612.37
172,3040,2533.85
173,3040,2525.06
174,3139,2530.45
175,3159,2602.01
176,3136,2605.96
177,3136,2575.55
178,3136,2539.01
179,3040,2561.04
180,3040,2591.01
181,3036,2595.13
182,3133,2620.12
183,3017,2598.5
184,3106,2569.15
185,3037,2549.74
186,3037,2519.59
187,3037,2548.3
188,3042,2504.07
189,3042,2518.41
190,2975,2530.98
191,3010,2518.8
192,2963,2447.5
193,3010,2475.93
194,3010,2468.34
195,2994,2443.31
196,2911,2445.1
197,2911,2428.97
198,2931,2457.35
199,2979,2504.8
200,3021,2501.6
201,3044,2548.23
202,3071,2640.6
203,3038,2592.5
204,3163,2578.6
205,3163,2614.56
206,3163,2587.53
207,3163,2604.06
208,3163,2614.84
209,3163,2698.35
210,3295,2729.31
211,3295,2732.86
212,3295,2785.5
213,3159,2812.48
214,3190,2781.47
215,3159,2790.46
216,3159,2730.5
217,3216,2714.39
218,3216,2730.39
219,3202,2734.5
220,3202,2750
221,3202,2799.85
222,3237,2808.39
223,3237,2732.46
224,3237,2781.2
225,3237,2789.9
226,3129,2732.21
227,3198,2733.61
228,3245,2745.95
229,3245,2735.36
230,3394,2790.25
231,3394,2801.49
232,3394,2787.3
233,3394,2838.06
234,3394,2851.88
235,3394,2849.61
236,3394,2799.83
237,3394,2772.85
238,3228,2723.18
239,3228,2705.06
240,3394,2715.22
241,3394,2730.02
242,3266,2744.4
243,3266,2758.93
244,3336,2746.43
245,3336,2734.19
246,3336,2711.81
247,3286,2732.41
248,3336,2787.99
249,3336,2835.01
250,3286,2830.48
251,3394,2800.68
252,3394,2822.54
253,3394,2785.63
254,3394,2790.58
255,3394,2818.72
256,3394,2833.6
257,3394,2857.03
258,3394,2869.45
259,3394,2839.34
260,3292,2783.01
261,3349,2712.83
262,3221,2720
263,3221,2650.94
264,3230,2692.59
265,3230,2650.78
266,3220,2632.42
267,3187,2661.61
268,3187,2643.23
269,3187,2692.96
270,3187,2660.65
271,3314,2701.38
272,3314,2720.75
273,3314,2681.14
274,3314,2671.35
275,3314,2724.48
276,3314,2656.33
277,3198,2678.5
278,3208,2686.38
279,3208,2739.87
280,3173,2719.65
281,3178,2781.74
282,3173,2784.74
283,3339,2775.72
284,3173,2744.1
285,3240,2733.68
286,3240,2696.89
287,3240,2729.34
288,3240,2713.7
289,3295,2704.48
290,3295,2669.24
291,3295,2714.07
292,3295,2723.1
293,3295,2730.94
294,3295,2755.89
295,3295,2719.59
296,3295,2765.49
297,3295,2775.11
298,3295,2710.81
299,3295,2660.48
Population size,100
Crossover rate,0.51
Mutation rate,0.79
Random selection portion,0.03
Selection method,AForge.Genetic.RankSelection
Diversity check,True
Iteration,FitnessMax,FitnessAvg
0,2632,2078.17
1,2882,2248.04
2,2882,2392.32
3,3081,2412.3
4,3081,2532.23
5,3081,2585.83
6,3081,2732.36
7,3273,2795.1
8,3208,2835.54
9,3208,2861.36
10,3239,2896.45
11,3323,2908.62
12,3293,2937.46
13,3293,3022.85
14,3293,3035.18
15,3304,3081.17
16,3304,3095.25
17,3332,3116.85
18,3352,3120.94
19,3352,3102.25
20,3352,3185.83
21,3352,3210.11
22,3352,3133.48
23,3370,3168.16
24,3370,3183.12
25,3370,3184.6
26,3370,3195.18
27,3370,3190.44
28,3370,3202.94
29,3370,3170.97
30,3370,3246.17
31,3402,3207.28
32,3402,3198.81
33,3402,3241.44
34,3402,3164.61
35,3402,3220.64
36,3402,3251.05
37,3370,3200.36
38,3370,3267.14
39,3370,3182.33
40,3370,3256.62
41,3370,3164.09
42,3370,3236.99
43,3370,3241.44
44,3390,3221.34
45,3370,3240.04
46,3370,3274.29
47,2641,2020.44
48,2669,2156.5
49,2878,2295.34
50,2800,2330.66
51,2836,2418.06
52,2948,2486.16
53,3075,2564.85
54,2968,2657.6
55,2994,2700.34
56,3024,2750.14
57,3084,2825.54
58,3088,2845.59
59,3176,2881.47
60,3176,2896.68
61,3192,2940.94
62,3259,2909.6
63,3250,2922.27
64,3258,3014.66
65,3304,3001.49
66,3304,3058.04
67,3370,3017.99
68,3370,3071.12
69,3370,3095.18
70,3397,3060.2
71,3397,3153.53
72,3397,3196.82
73,3397,3194.58
74,3397,3200.23
75,3397,3213.48
76,3397,3177.21
77,3397,3211.27
78,3402,3202.75
79,3402,3254.32
80,3397,3229.39
81,3397,3276.69
82,3405,3235.46
83,3410,3283.44
84,3422,3200.84
85,3422,3240.75
86,3422,3278.26
87,3397,3267.27
88,3422,3241.19
89,3413,3144.85
90,3413,3245.59
91,3413,3279.66
92,3413,3281.19
93,3413,3282.97
94,3397,3247.56
95,3397,3227.03
96,3397,3312.1
97,2552,1940.54
98,2764,2114.41
99,2661,2187.88
100,2793,2281.3
101,2919,2374.56
102,2919,2420.56
103,3004,2564.57
104,3029,2619.47
105,3071,2667.66
106,3071,2735.27
107,3071,2753.11
108,3061,2823.27
109,3145,2862.99
110,3236,2903.02
111,3226,2911.93
112,3283,2947.45
113,3283,2980.03
114,3283,3027.21
115,3301,3058.35
116,3301,3073.51
117,3355,3096.4
118,3355,3069.42
119,3355,3110.1
120,3355,3039.05
121,3337,3100.18
122,3350,3098.73
123,3375,3181.94
124,3350,3182.45
125,3350,3091.08
126,3350,3197.52
127,3359,3183.75
128,3380,3221.08
129,3380,3205.17
130,3375,3238.59
131,3375,3200.84
132,3413,3233.07
133,3413,3195.96
134,3413,3187.27
135,3413,3233.19
136,3413,3257.29
137,3413,3263.34
138,3413,3276.31
139,3413,3195.86
140,3413,3238.14
141,3413,3216.43
142,3413,3239.79
143,3413,3211.68
144,3413,3293.47
145,3413,3280.62
146,3413,3314.79
147,3413,2048.92
148,3413,2206.51
149,3114,2347.35
150,3114,2450.36
151,3138,2580.73
152,3138,2638.64
153,3138,2740.16
154,3188,2780.92
155,3245,2877.71
156,3245,2925.25
157,3362,2892.94
158,3362,2932.04
159,3362,3028.03
160,3362,3049.92
161,3362,3031.72
162,3362,3010.78
163,3362,3071.85
164,3362,3101.23
165,3362,3127.67
166,3393,3123.47
167,3393,3073.89
168,3393,3066.74
169,3393,3121.06
170,3393,3180.17
171,3413,3191.15
172,3418,3242.24
173,3413,3254.62
174,3413,3272.16
175,3413,3226.48
176,3413,3232.68
177,3413,3271.79
178,3413,3301.14
179,3413,3266.35
180,3413,3255.4
181,3413,3295.54
182,3413,3328.81
183,3413,1989.64
184,3413,2139.82
185,2822,2260.17
186,2891,2400.43
187,2822,2465.13
188,2912,2531.57
189,3129,2540.36
190,3129,2618.82
191,3129,2708.35
192,3129,2710.74
193,3187,2769.27
194,3187,2797.13
195,3178,2852.87
196,3187,2878.23
197,3187,2928.44
198,3229,2994.99
199,3222,2967.88
200,3211,3001.44
201,3234,3010.69
202,3268,3067.08
203,3333,3047.29
204,3333,2995.95
205,3333,3074.36
206,3350,3123.61
207,3374,3154.7
208,3374,3178.74
209,3374,3156.13
210,3374,3146.78
211,3373,3201.84
212,3373,3208.84
213,3376,3128.56
214,3376,3177.36
215,3376,3158.22
216,3376,3213.79
217,3373,3221.51
218,3373,3233.28
219,3382,3219.21
220,3382,3186.64
221,3370,3193.88
222,3382,3143.25
223,3382,3232.21
224,3382,3256.62
225,3394,3212.37
226,3394,3263.65
227,3394,3260.26
228,3394,3210.05
229,3394,3219.6
230,3394,3296.9
231,3394,1993.04
232,2720,2082.82
233,2940,2220.7
234,3116,2290.07
235,2960,2379.1
236,2983,2469.79
237,2937,2503.55
238,2937,2550.31
239,2997,2660.89
240,3077,2690.59
241,3077,2776.32
242,3077,2814.64
243,3102,2873.74
244,3127,2880.57
245,3192,2914.31
246,3219,2928.51
247,3192,2931.79
248,3239,2928.36
249,3239,3004.74
250,3263,3012.35
251,3305,3025.28
252,3248,3032.59
253,3307,3058.83
254,3274,3087.66
255,3343,3089.25
256,3343,3080.12
257,3343,3037.73
258,3322,3134.89
259,3333,3132.67
260,3342,3116.99
261,3342,3118.54
262,3374,3186.31
263,3374,3194.5
264,3333,3188.18
265,3411,3156.64
266,3342,3175.02
267,3380,3187.33
268,3380,3218.01
269,3380,3216.33
270,3380,3206.38
271,3380,3121.86
272,3414,3186.09
273,3414,3164.56
274,3414,3210.91
275,3420,3226.49
276,3414,3235.72
277,3420,3229.84
278,3420,3229.87
279,3420,3207.92
280,3431,3275.03
281,3431,3211.42
282,3431,3159.97
283,3431,3243.53
284,3431,3260
285,3431,3264.13
286,3431,3300.67
287,3431,3267.05
288,3431,3250.66
289,3431,3301.41
290,3431,3289.97
291,3431,3272.99
292,3431,3283.37
293,3431,3301.74
294,3431,3298.75
295,3431,3338.39
296,3431,1988.9
297,3431,2180.56
298,3431,2291.1
299,3300,2378.29
Population size,100
Crossover rate,0.51
Mutation rate,0.79
Random selection portion,0.03
Selection method,AForge.Genetic.RankSelection
Diversity check,False
Iteration,FitnessMax,FitnessAvg
0,2846,2037.54
1,2758,2255.9
2,2874,2401.34
3,2904,2474.45
4,2936,2581.96
5,3152,2571.7
6,3094,2672.59
7,3025,2707.15
8,3100,2736.09
9,3100,2720.88
10,3114,2802.28
11,3271,2853.36
12,3303,2904.36
13,3364,2877.82
14,3364,2949.83
15,3364,2918.48
16,3348,2969.15
17,3323,3033.35
18,3396,3051.33
19,3396,3077.25
20,3396,3028.67
21,3396,3082.12
22,3396,3127.93
23,3396,3116.02
24,3396,3139.12
25,3396,3142.06
26,3413,3159.28
27,3413,3173.05
28,3413,3197.52
29,3396,3182.54
30,3422,3205.34
31,3422,3196.18
32,3422,3182.96
33,3422,3217.54
34,3422,3284.69
35,3422,3199.06
36,3396,3308.64
37,3396,3243.01
38,3422,3252.4
39,3413,3245.1
40,3396,3262.53
41,3396,3275.04
42,3396,3314.8
43,3396,3292.01
44,3396,3298.04
45,3396,3308.08
46,3396,3264.87
47,3396,3268.7
48,3396,3302.11
49,3396,3276.19
50,3396,3284.45
51,3396,3293.23
52,3396,3318.34
53,3396,3295.39
54,3396,3245.88
55,3396,3280.75
56,3396,3289.79
57,3396,3313.4
58,3396,3323.08
59,3396,3313.6
60,3396,3311.42
61,3396,3304.5
62,3410,3332.97
63,3410,3294.88
64,3410,3329.17
65,3410,3325.98
66,3410,3285.33
67,3410,3296.77
68,3410,3299.5
69,3410,3267.33
70,3410,3271.44
71,3410,3313.3
72,3410,3313.98
73,3410,3327.76
74,3410,3324.51
75,3410,3305.91
76,3422,3300.22
77,3422,3268.73
78,3422,3316.22
79,3422,3286.33
80,3410,3309.7
81,3410,3263.37
82,3410,3316.62
83,3410,3308.33
84,3410,3306.52
85,3410,3299.09
86,3410,3303.26
87,3410,3313.09
88,3410,3324.06
89,3410,3297.46
90,3410,3328.18
91,3410,3306.82
92,3410,3306.54
93,3410,3305.84
94,3410,3278.02
95,3410,3317.88
96,3410,3336.51
97,3410,3311.03
98,3410,3267.79
99,3410,3303.98
100,3410,3297.95
101,3410,3324.19
102,3410,3285.23
103,3410,3277.28
104,3410,3275.91
105,3410,3325.11
106,3422,3292.93
107,3422,3287.16
108,3422,3326.49
109,3422,3307.88
110,3422,3300.72
111,3422,3303.25
112,3410,3281.82
113,3410,3313.65
114,3410,3253.13
115,3410,3273.88
116,3422,3330.94
117,3422,3330.37
118,3422,3292.13
119,3422,3275.72
120,3422,3314.22
121,3422,3264.57
122,3422,3303.48
123,3422,3270.64
124,3422,3317.36
125,3422,3331.73
126,3422,3258.09
127,3422,3286.13
128,3422,3341.54
129,3422,3342.75
130,3422,3340.25
131,3422,3339.12
132,3422,3331.76
133,3422,3327.48
134,3422,3324.04
135,3422,3309.24
136,3422,3253.13
137,3422,3274.35
138,3422,3313.22
139,3422,3320.72
140,3422,3257.14
141,3422,3311.59
142,3422,3314.05
143,3422,3351.24
144,3422,3345.85
145,3422,3348.08
146,3422,3325.15
147,3422,3228.14
148,3422,3346.69
149,3422,3276.27
150,3422,3341.96
151,3422,3328.13
152,3422,3332.04
153,3422,3349.38
154,3422,3347.68
155,3422,3274.36
156,3422,3289.34
157,3422,3315.9
158,3422,3281.65
159,3422,3345.21
160,3422,3287.78
161,3422,3341.45
162,3422,3312.46
163,3428,3336.17
164,3428,3290.34
165,3428,3313.72
166,3428,3290.76
167,3428,3294.98
168,3428,3280.33
169,3428,3328.13
170,3428,3324.92
171,3428,3307.9
172,3428,3347.32
173,3422,3295.38
174,3422,3343.32
175,3422,3294.18
176,3422,3342.77
177,3422,3330.64
178,3422,3353.85
179,3422,3307.62
180,3422,3272.31
181,3422,3255.94
182,3422,3268.3
183,3422,3244.68
184,3422,3223.88
185,3422,3298.35
186,3422,3313.84
187,3422,3302.32
188,3422,3330.23
189,3422,3337.76
190,3422,3352.48
191,3422,3316.48
192,3422,3334.95
193,3422,3347.53
194,3422,3319.43
195,3422,3336.7
196,3422,3283.89
197,3422,3339.08
198,3422,3296.68
199,3422,3274.57
200,3422,3263.87
201,3422,3268.76
202,3422,3305.5
203,3422,3321.03
204,3422,3310.97
205,3422,3313.88
206,3422,3352.32
207,3422,3339.81
208,3422,3306.35
209,3422,3334.1
210,3422,3337.8
211,3422,3341.23
212,3422,3335.72
213,3422,3300.27
214,3422,3274.33
215,3422,3320.86
216,3422,3323.44
217,3422,3302.84
218,3422,3346.33
219,3422,3245.53
220,3422,3351.28
221,3422,3333.7
222,3422,3324.25
223,3422,3348.61
224,3422,3307.28
225,3422,3307.38
226,3422,3338.89
227,3422,3310.65
228,3422,3337.48
229,3422,3326.16
230,3422,3312.03
231,3422,3268.07
232,3422,3269.16
233,3422,3309.1
234,3422,3276.87
235,3422,3280
236,3422,3343.72
237,3422,3287.08
238,3422,3253.05
239,3422,3327.95
240,3422,3348.54
241,3422,3357.83
242,3422,3345.56
243,3422,3321.27
244,3422,3363.26
245,3422,3350.28
246,3422,3252.21
247,3422,3318.64
248,3422,3321.82
249,3422,3295.35
250,3422,3276.13
251,3422,3311.16
252,3422,3343.23
253,3422,3327.23
254,3422,3289.62
255,3422,3254.42
256,3422,3337.18
257,3422,3321.07
258,3422,3335.65
259,3422,3346.15
260,3422,3328.7
261,3422,3322.07
262,3422,3281.91
263,3422,3327.93
264,3422,3356.37
265,3422,3321.14
266,3422,3266.7
267,3422,3325.68
268,3422,3347.41
269,3422,3336.43
270,3422,3343.46
271,3422,3339.83
272,3422,3286.34
273,3422,3304.44
274,3422,3245.17
275,3422,3302.51
276,3422,3340.52
277,3422,3249.88
278,3422,3252.58
279,3422,3328.17
280,3422,3355.22
281,3422,3347.57
282,3422,3313.07
283,3422,3311.34
284,3422,3318.62
285,3422,3349.59
286,3422,3300.65
287,3422,3359.92
288,3422,3338.97
289,3422,3314.06
290,3422,3342.05
291,3422,3353.17
292,3422,3279.33
293,3422,3332.02
294,3422,3298.42
295,3422,3294.89
296,3422,3353.33
297,3422,3316.75
298,3422,3315.35
299,3422,3354
Population size,100
Crossover rate,0.22
Mutation rate,0.87
Random selection portion,0.03
Selection method,AForge.Genetic.EliteSelection
Diversity check,False
Iteration,FitnessMax,FitnessAvg
0,2853,2187.54
1,3063,2370.78
2,3063,2490.55
3,3063,2637.47
4,3063,2700.72
5,3063,2757.57
6,3063,2821.73
7,3174,2865.41
8,3174,2900.07
9,3174,2922.97
10,3194,2984.47
11,3317,3047.09
12,3337,3068.28
13,3337,3099.79
14,3343,3104.73
15,3343,3148.65
16,3343,3179.5
17,3402,3220.79
18,3402,3219.3
19,3402,3246.45
20,3402,3245.81
21,3402,3267.82
22,3402,3272.29
23,3402,3284.34
24,3402,3275.2
25,3402,3278.03
26,3416,3290.98
27,3416,3262.75
28,3416,3304.96
29,3428,3307.84
30,3428,3289.9
31,3428,3316.03
32,3428,3320.86
33,3428,3322.05
34,3428,3313.23
35,3428,3324.86
36,3428,3330.52
37,3428,3334.85
38,3428,3338.07
39,3428,3349.46
40,3428,3348.81
41,3428,3350.81
42,3428,3366.63
43,3428,3363.35
44,3428,3364.13
45,3428,3354.1
46,3428,3368
47,3428,3350.24
48,3428,3379.36
49,3428,3366.78
50,3428,3369.42
51,3428,3376.43
52,3428,3380.27
53,3428,3380.63
54,3428,3377.16
55,3428,3377.07
56,3428,3386.71
57,3428,3389.21
58,3428,3383.76
59,3428,3384.43
60,3428,3375.89
61,3428,3365.76
62,3428,3382.33
63,3428,3380.69
64,3428,3362.27
65,3428,3383.48
66,3428,3385.58
67,3428,3365.23
68,3428,3375.98
69,3428,3372.98
70,3428,3389.98
71,3428,3387.92
72,3428,3376.83
73,3428,3368.78
74,3428,3379.05
75,3428,3345.93
76,3428,3373.42
77,3428,3373.36
78,3428,3385.33
79,3428,3373.07
80,3428,3382.6
81,3428,3369.79
82,3428,3378.75
83,3428,3377.93
84,3428,3383.28
85,3428,3390.08
86,3428,3386.34
87,3428,3380.92
88,3428,3379.42
89,3428,3378.6
90,3428,3379.5
91,3428,3380.49
92,3428,3372.82
93,3428,3387.02
94,3428,3383.01
95,3428,3356.2
96,3428,3373.05
97,3428,3377.7
98,3428,3378.48
99,3428,3378.67
100,3428,3356.9
101,3428,3379.79
102,3428,3365.37
103,3428,3384.06
104,3428,3388.02
105,3428,3397.93
106,3428,3385.83
107,3428,3388.02
108,3428,3379.26
109,3428,3386.1
110,3428,3386.31
111,3428,3376.8
112,3428,3358.32
113,3428,3380.25
114,3428,3372.9
115,3428,3364.98
116,3428,3383.91
117,3428,3367.14
118,3428,3386.74
119,3428,3389.76
120,3428,3375.38
121,3428,3367.85
122,3428,3379.79
123,3428,3388.57
124,3428,3375.03
125,3428,3387.53
126,3428,3379.05
127,3428,3383.87
128,3428,3362.26
129,3428,3397.22
130,3428,3380.99
131,3428,3381.61
132,3428,3384.07
133,3428,3370.51
134,3428,3376.45
135,3428,3383.42
136,3428,3352
137,3428,3393.57
138,3428,3369.63
139,3428,3379.81
140,3428,3385.43
141,3428,3364.56
142,3428,3381.23
143,3428,3364.54
144,3428,3387.32
145,3428,3375.81
146,3428,3355.29
147,3428,3368.81
148,3428,3382.66
149,3428,3391.13
150,3428,3369.76
151,3428,3376.03
152,3428,3384.15
153,3428,3384.51
154,3428,3387.91
155,3428,3380.67
156,3428,3360.45
157,3428,3393.55
158,3428,3383.38
159,3428,3381.13
160,3428,3376.11
161,3428,3382.05
162,3428,3374.32
163,3428,3384.36
164,3428,3368.68
165,3428,3384.99
166,3428,3388.22
167,3428,3379.68
168,3428,3357.01
169,3428,3382.71
170,3428,3346.74
171,3428,3386.13
172,3428,3362.95
173,3428,3378.27
174,3428,3385.35
175,3428,3370.99
176,3428,3388.2
177,3428,3379.99
178,3428,3368.24
179,3428,3361.27
180,3428,3384.55
181,3428,3378.74
182,3428,3378.55
183,3428,3374.81
184,3428,3376.6
185,3428,3369.6
186,3428,3383.17
187,3428,3379.98
188,3428,3385.08
189,3428,3380.09
190,3428,3388.61
191,3428,3378.91
192,3428,3379.9
193,3428,3373.96
194,3428,3368.1
195,3428,3378.39
196,3428,3370.31
197,3428,3370.03
198,3428,3375.01
199,3428,3377.66
200,3428,3385.04
201,3428,3373.55
202,3428,3394.32
203,3428,3385.48
204,3428,3384.67
205,3428,3374.73
206,3428,3374.44
207,3428,3360.12
208,3428,3387.88
209,3428,3361.59
210,3428,3359.99
211,3428,3388.23
212,3428,3386.23
213,3428,3385.11
214,3428,3381.63
215,3428,3377.34
216,3428,3381.95
217,3428,3374.23
218,3428,3377.01
219,3428,3357.56
220,3428,3382.96
221,3428,3364.3
222,3428,3375.5
223,3428,3372.22
224,3428,3383.66
225,3428,3362.74
226,3428,3385.51
227,3428,3379.34
228,3428,3376.64
229,3428,3382.85
230,3428,3380.66
231,3428,3392.98
232,3428,3384.32
233,3428,3393.92
234,3428,3357.12
235,3428,3387.07
236,3428,3358.19
237,3428,3387.37
238,3428,3381.1
239,3428,3383.67
240,3428,3365.47
241,3428,3380.99
242,3428,3398.3
243,3428,3373.01
244,3428,3375.55
245,3428,3371.12
246,3428,3379.13
247,3428,3378.32
248,3428,3386.44
249,3428,3387.49
250,3428,3355.23
251,3428,3381.19
252,3428,3381.51
253,3428,3365.51
254,3428,3367.85
255,3428,3376.29
256,3428,3389.42
257,3428,3383.49
258,3428,3397.26
259,3428,3384.62
260,3428,3373.63
261,3428,3391.75
262,3428,3355.18
263,3428,3369.63
264,3428,3383.39
265,3428,3388.25
266,3428,3363.71
267,3428,3385.81
268,3428,3378.28
269,3428,3362.3
270,3428,3375.89
271,3428,3378.23
272,3428,3351.16
273,3428,3386.63
274,3428,3374.76
275,3428,3389.46
276,3428,3379.73
277,3428,3391.49
278,3428,3362.04
279,3428,3375.69
280,3428,3383.09
281,3428,3377
282,3428,3381.85
283,3428,3383.32
284,3428,3389.68
285,3428,3388.78
286,3428,3378.16
287,3428,3396.04
288,3428,3378.19
289,3428,3365.67
290,3428,3373.79
291,3428,3363.73
292,3428,3377.65
293,3428,3370.34
294,3428,3378.61
295,3428,3390.21
296,3428,3381.83
297,3428,3377.67
298,3428,3377.46
299,3428,3366.07
Population size,100
Crossover rate,0.22
Mutation rate,0.87
Random selection portion,0.03
Selection method,AForge.Genetic.EliteSelection
Diversity check,True
Iteration,FitnessMax,FitnessAvg
0,2776,2168.84
1,2836,2314.13
2,2853,2406.14
3,2921,2493.72
4,3010,2623.48
5,3010,2710.19
6,3031,2768.66
7,3120,2809.03
8,3120,2856.92
9,3120,2911.01
10,3263,2965.99
11,3263,3006.79
12,3263,3035.94
13,3322,3085.26
14,3322,3097.86
15,3322,3141.29
16,3322,3152.59
17,3322,3167.45
18,3322,3176.17
19,3322,3169.69
20,3329,3214.82
21,3351,3188.06
22,3373,3220.44
23,3373,3219.03
24,3396,3238.35
25,3396,3255.42
26,3434,3260.03
27,3434,3285.31
28,3434,3292.25
29,3434,3306.89
30,3434,3298.13
31,3434,3312.33
32,3434,3332.19
33,3434,2131.1
34,3434,2293.22
35,3434,2445.25
36,3434,2551.26
37,3434,2648.04
38,3434,2720.36
39,3434,2810.68
40,3434,2921.68
41,3434,3023.92
42,3434,3104.83
43,3434,3168.88
44,3434,3199.06
45,3434,3263.23
46,3434,3268.24
47,3440,3284.43
48,3440,3307.44
49,3440,3333.54
50,3440,3335.23
51,3440,3336.26
52,3440,3350.35
53,3440,2132.06
54,3440,2293.69
55,3440,2433.15
56,3440,2596.11
57,3440,2738.12
58,3440,2848.17
59,3440,2966.46
60,3440,3028.44
61,3440,3112.12
62,3440,3166.33
63,3440,3222.72
64,3440,3241.53
65,3440,3272.9
66,3440,3285.12
67,3440,3315.03
68,3440,3343.74
69,3440,2175.97
70,3440,2352.66
71,3440,2464.27
72,3440,2582.67
73,3440,2697.51
74,3440,2799.92
75,3440,2905.34
76,3440,2984.23
77,3440,3079.12
78,3440,3139.03
79,3440,3180.68
80,3440,3214.69
81,3440,3239.16
82,3440,3245.4
83,3440,3282.32
84,3440,3292.12
85,3440,3318.24
86,3440,3334.02
87,3440,3328
88,3440,3349.05
89,3440,2155.05
90,3440,2349.29
91,3440,2522
92,3440,2641.5
93,3440,2774.03
94,3440,2877.97
95,3440,2992.18
96,3440,3089.39
97,3440,3143.13
98,3440,3203.58
99,3440,3223.96
100,3440,3268.25
101,3440,3288.97
102,3440,3298.83
103,3440,3337.85
104,3440,2175.94
105,3440,2322.36
106,3440,2455.95
107,3440,2576.17
108,3440,2687.68
109,3440,2791.4
110,3440,2927.88
111,3440,3056.1
112,3440,3108.22
113,3440,3176.38
114,3440,3214.44
115,3440,3254.41
116,3440,3287.83
117,3440,3317.47
118,3440,3327.25
119,3440,3337.5
120,3440,2219.62
121,3440,2384.36
122,3440,2519.91
123,3440,2651.65
124,3440,2751.66
125,3440,2882.57
126,3440,2982.68
127,3440,3085.24
128,3440,3180.44
129,3440,3237.32
130,3440,3281.71
131,3440,3303.07
132,3440,3308.01
133,3440,3340.74
134,3440,2141.6
135,3440,2332.78
136,3440,2437.8
137,3440,2548.47
138,3440,2613.46
139,3440,2734.19
140,3440,2817.66
141,3440,2944.89
142,3440,3057.91
143,3440,3161.4
144,3440,3219.59
145,3440,3259.69
146,3440,3289.68
147,3440,3307.38
148,3440,3323.24
149,3440,3347.47
150,3440,2214.17
151,3440,2392.93
152,3440,2563.82
153,3440,2684.64
154,3440,2790.85
155,3440,2826.7
156,3440,2941.99
157,3440,3017.08
158,3440,3127.44
159,3440,3185.57
160,3440,3233.89
161,3440,3277.72
162,3440,3323.65
163,3440,3343.03
164,3440,2239.37
165,3440,2395.7
166,3440,2505.1
167,3440,2639.12
168,3440,2745.8
169,3440,2869.2
170,3440,2949.28
171,3440,2984.86
172,3440,3080.32
173,3440,3155.13
174,3440,3195.75
175,3440,3258.27
176,3440,3286.5
177,3440,3311.25
178,3440,3315.92
179,3440,3325.68
180,3440,3341.48
181,3440,2229.24
182,3440,2407.75
183,3440,2546.34
184,3440,2675.87
185,3440,2788.95
186,3440,2907.01
187,3440,3006.01
188,3440,3070.06
189,3440,3164.58
190,3440,3231.2
191,3440,3252.6
192,3440,3292.12
193,3440,3327.2
194,3440,3331.28
195,3440,3346.56
196,3440,2223.55
197,3440,2351.49
198,3440,2477
199,3440,2560.2
200,3440,2621.63
201,3440,2720.25
202,3440,2817.4
203,3440,2941.03
204,3440,3057.59
205,3440,3171.59
206,3440,3192.05
207,3440,3261.12
208,3440,3276.28
209,3440,3286.3
210,3440,3322.71
211,3440,3341.03
212,3440,2191.4
213,3440,2392.02
214,3440,2532.78
215,3440,2669.3
216,3440,2762.67
217,3440,2868.39
218,3440,2978.35
219,3440,3094.19
220,3440,3171.27
221,3440,3208.88
222,3440,3246.37
223,3440,3276.93
224,3440,3301.15
225,3440,3292.23
226,3440,3338.25
227,3440,2235.94
228,3440,2399.67
229,3440,2508
230,3440,2678.86
231,3440,2806.77
232,3440,2912.24
233,3440,3040.26
234,3440,3154.4
235,3440,3230.33
236,3440,3247.11
237,3440,3290.24
238,3440,3322.2
239,3440,3332.91
240,3440,3341.39
241,3440,2041.61
242,3440,2256.47
243,3440,2387.08
244,3440,2535.81
245,3440,2670.97
246,3440,2787.11
247,3440,2922.01
248,3440,3021.9
249,3440,3112.59
250,3440,3177.18
251,3440,3216.93
252,3440,3268.95
253,3440,3304.19
254,3440,3314.71
255,3440,3328.79
256,3440,3350.72
257,3440,2194.03
258,3440,2399.65
259,3440,2534.59
260,3440,2675.14
261,3440,2778.6
262,3440,2912.17
263,3440,3022.7
264,3440,3134.16
265,3440,3188.26
266,3440,3253.38
267,3440,3269.38
268,3440,3303.27
269,3440,3299.29
270,3440,3342.68
271,3440,2158.09
272,3440,2324.35
273,3440,2460.75
274,3440,2573.61
275,3440,2681.8
276,3440,2809.08
277,3440,2944.89
278,3440,3053.57
279,3440,3146.37
280,3440,3214.19
281,3440,3262.06
282,3440,3261.54
283,3440,3308.68
284,3440,3315.74
285,3440,3339.25
286,3440,2118.14
287,3440,2316.92
288,3440,2509.7
289,3440,2666.21
290,3440,2872
291,3440,3022.95
292,3440,3076.49
293,3440,3120.27
294,3440,3194.08
295,3440,3232.43
296,3440,3244.75
297,3440,3257.28
298,3440,3292.62
299,3440,3314.97
Population size,100
Crossover rate,0.22
Mutation rate,0.87
Random selection portion,0.03
Selection method,AForge.Genetic.EliteSelection
Diversity check,True
Iteration,FitnessMax,FitnessAvg
0,2629,2106.14
1,2694,2257.75
2,2767,2362.88
3,2805,2477
4,2996,2548.48
5,3019,2643.17
6,3054,2723.95
7,3105,2803.04
8,3189,2879.81
9,3189,2918.38
10,3189,2959.04
11,3332,3002.06
12,3332,3048.29
13,3332,3073.71
14,3332,3112.27
15,3332,3125.13
16,3344,3159.91
17,3347,3190.94
18,3347,3204.32
19,3364,3210.22
20,3364,3242.93
21,3382,3243.51
22,3384,3243.11
23,3384,3268.6
24,3419,3269.61
25,3419,3279.41
26,3419,3298.55
27,3419,3297.64
28,3419,3315.68
29,3419,3292.38
30,3419,3278.06
31,3419,3313.15
32,3431,3323.64
33,3431,3333.36
34,3431,2152.59
35,3431,2376.19
36,3431,2527.41
37,3431,2670.11
38,3431,2787.74
39,3431,2900.81
40,3431,2995.44
41,3431,3073.96
42,3431,3132.49
43,3431,3176.91
44,3431,3208.45
45,3431,3229.18
46,3431,3236.75
47,3431,3255.64
48,3431,3272.93
49,3431,3288.91
Population size,100
Crossover rate,0.22
Mutation rate,0.87
Random selection portion,0.03
Selection method,AForge.Genetic.EliteSelection
Diversity check,True
Iteration,FitnessMax,FitnessAvg
0,2745,2206.73
1,2745,2364.71
2,2754,2475.39
3,2861,2528.9
4,2911,2607.14
5,3103,2686.8
6,3103,2712.81
7,3103,2801.55
8,3106,2794.97
9,3115,2886.09
10,3129,2917.1
11,3251,2963.93
12,3295,2990.86
13,3295,2982.9
14,3295,3032.32
15,3295,3058.52
16,3353,3090.7
17,3353,3126.35
18,3353,3170.02
19,3353,3179.77
20,3353,3192.37
21,3357,3187.24
22,3386,3232.08
23,3386,3230.96
24,3386,3269.72
25,3386,3262.15
26,3418,3282.13
27,3418,3278.42
28,3418,3286.66
29,3418,3287.42
