Population size,100
Crossover rate,0.66
Mutation rate,0.34
Random selection portion,0.03
Selection method,AForge.Genetic.RouletteWheelSelection
Diversity check,False
Iteration,FitnessMax,FitnessAvg
0,2250,1535.03
1,2250,1571.38
2,2250,1658.29
3,2290,1699.87
4,2249,1722.78
5,2406,1767.24
6,2406,1823.88
7,2406,1867.68
8,2406,1885.71
9,2406,1952.53
10,2420,1922.48
11,2433,1925.83
12,2434,1954.29
13,2443,1983.19
14,2461,1997.04
15,2434,1998.04
16,2434,2041.78
17,2434,2036.44
18,2567,2097.11
19,2537,2080.74
20,2495,1996.57
21,2482,2048.81
22,2551,2069.09
23,2551,2106.24
24,2514,2131.97
25,2582,2146.01
26,2582,2175.47
27,2533,2110.14
28,2533,2141.93
29,2585,2128.1
30,2533,2107.56
31,2539,2130.25
32,2634,2142.79
33,2634,2128.05
34,2634,2151.64
35,2634,2192.23
36,2634,2189.23
37,2554,2153.14
38,2653,2179.89
39,2684,2161.69
40,2684,2184.96
41,2653,2177.87
42,2563,2128.67
43,2613,2096.21
44,2613,2063.12
45,2632,2123.61
46,2632,2106.96
47,2632,2079.25
48,2613,2077.19
49,2613,2125.21
50,2569,2064.21
51,2618,2100.96
52,2618,2104.33
53,2618,2107.24
54,2616,2151.08
55,2519,2132.59
56,2519,2081.05
57,2618,2106.42
58,2618,2060.23
59,2632,2036.98
60,2613,2057.4
61,2618,2040.42
62,2541,2054.74
63,2504,2079.45
64,2482,2096.1
65,2632,2111.25
66,2632,2104.18
67,2632,2107.91
68,2632,2139.84
69,2601,2172.7
70,2618,2242.36
71,2618,2167.84
72,2622,2140.04
73,2622,2182.13
74,2622,2204.1
75,2622,2193.33
76,2622,2208.04
77,2622,2206.35
78,2622,2168.49
79,2622,2096
80,2560,2075.37
81,2560,2114.25
82,2601,2153.64
83,2610,2192.5
84,2610,2147.42
85,2610,2161.98
86,2541,2133.84
87,2561,2121.36
88,2561,2133.38
89,2610,2144.6
90,2610,2164.75
91,2610,2126.02
92,2610,2098.43
93,2610,2114.65
94,2610,2058.3
95,2580,2098.26
96,2580,2097.34
97,2561,2045.73
98,2643,2070.79
99,2622,2012.01
100,2622,2033.88
101,2622,2018.63
102,2618,2046.13
103,2560,2058.58
104,2585,2101.57
105,2585,2154.34
106,2585,2089.99
107,2684,2091.23
108,2684,2122.48
109,2594,2135.28
110,2684,2115.7
111,2684,2142.84
112,2684,2214.1
113,2684,2167.25
114,2684,2214.52
115,2634,2179.85
116,2622,2169.77
117,2601,2149.65
118,2523,2166.34
119,2684,2145.39
120,2622,2153.76
121,2566,2157.18
122,2566,2100.31
123,2566,2153.72
124,2613,2140.32
125,2613,2156.02
126,2613,2173.38
127,2613,2145.85
128,2622,2199.01
129,2622,2168.25
130,2622,2162.15
131,2613,2173.41
132,2595,2145.31
133,2595,2125.97
134,2539,2141.35
135,2622,2118.3
136,2622,2138.57
137,2622,2117.13
138,2622,2135.79
139,2622,2127.07
140,2525,2117.46
141,2542,2164.72
142,2523,2124.41
143,2595,2186.55
144,2595,2131.59
145,2557,2209.96
146,2622,2223.92
147,2622,2229.71
148,2622,2185.86
149,2523,2177.45
150,2622,2165.21
151,2622,2147.47
152,2541,2151.13
153,2523,2119.71
154,2622,2138.27
155,2622,2122.3
156,2622,2079.92
157,2622,2082.22
158,2622,2091.06
159,2622,2071.72
160,2622,2138.05
161,2622,2165.71
162,2622,2107.48
163,2622,2117.18
164,2622,2110
165,2622,2136
166,2622,2126.74
167,2622,2084.28
168,2551,2063.27
169,2551,2104.45
170,2622,2096.57
171,2622,2116.97
172,2622,2123.75
173,2622,2142.1
174,2622,2140.94
175,2622,2083.54
176,2622,2086.94
177,2622,2101.68
178,2622,2121.99
179,2622,2055.68
180,2622,2012.97
181,2622,1989.78
182,2622,1981.88
183,2622,2026.59
184,2622,2019.43
185,2622,2029.11
186,2622,2036.81
187,2622,2109.92
188,2622,2130.91
189,2585,2090.82
190,2622,2125.07
191,2622,2152.42
192,2622,2169.1
193,2613,2186.76
194,2613,2172.21
195,2622,2208.61
196,2622,2198.65
197,2622,2209.66
198,2622,2253.02
199,2622,2297.24
200,2684,2268.98
201,2684,2213.47
202,2622,2144.5
203,2622,2129.65
204,2622,2214.77
205,2585,2228.99
206,2622,2223.56
207,2622,2244.29
208,2585,2259.91
209,2585,2285.67
210,2585,2266.05
211,2585,2277.07
212,2613,2297.26
213,2613,2262.01
214,2613,2194.53
215,2613,2208.32
216,2585,2178.83
217,2622,2205.36
218,2613,2173.52
219,2568,2122.93
220,2568,2077.07
221,2541,2149.71
222,2622,2138.74
223,2622,2147.93
224,2622,2133.17
225,2622,2169.96
226,2622,2129.42
227,2622,2135.65
228,2622,2143.4
229,2622,2117.75
230,2622,2166.43
231,2622,2157.86
232,2622,2169.14
233,2551,2191.79
234,2567,2187.95
235,2551,2197.86
236,2551,2180.05
237,2532,2151.89
238,2532,2120.62
239,2537,2200.26
240,2537,2149.55
241,2568,2135.97
242,2568,2151.21
243,2613,2159
244,2613,2122.6
245,2613,2068.82
246,2622,2098.41
247,2622,2045.14
248,2560,2013.87
249,2560,2081.52
250,2560,2098.48
251,2560,2091.46
252,2604,2072.79
253,2630,2083.98
254,2500,2147.63
255,2551,2172.05
256,2643,2188.36
257,2643,2190.27
258,2643,2165.04
259,2643,2148.73
260,2643,2091.82
261,2643,2137.53
262,2643,2117.7
263,2643,2094.1
264,2643,2107.38
265,2643,2078.78
266,2568,2094.65
267,2568,2093.73
268,2568,2095.97
269,2568,2124.89
270,2643,2106.76
271,2643,2078.1
272,2684,2070.11
273,2643,2052.68
274,2643,2083.39
275,2566,2085.88
276,2541,2100.83
277,2541,2116.12
278,2541,2159.28
279,2541,2161.4
280,2634,2157.81
281,2634,2165.29
282,2634,2097.24
283,2482,2069.33
284,2491,2075.41
285,2485,2114.54
286,2485,2112.99
287,2483,2120.95
288,2541,2129.36
289,2622,2125.67
290,2622,2138.94
291,2622,2166.89
292,2622,2170.39
293,2511,2144.69
294,2511,2161.54
295,2511,2114.58
296,2583,2154.86
297,2535,2162.98
298,2535,2172.24
299,2541,2172.05
Population size,100
Crossover rate,0.66
Mutation rate,0.34
Random selection portion,0.03
Selection method,AForge.Genetic.RouletteWheelSelection
Diversity check,True
Iteration,FitnessMax,FitnessAvg
0,2147,1540.56
1,2147,1629.45
2,2147,1648.59
3,2147,1710.51
4,2192,1775.66
5,2197,1769.15
6,2395,1797.07
7,2395,1833.86
8,2454,1857.45
9,2435,1881.87
10,2435,1901.67
11,2338,1937.38
12,2613,1964.69
13,2613,1978.31
14,2613,1988.73
15,2613,2007.6
16,2613,1988.16
17,2613,1965.62
18,2613,1940.12
19,2613,2004.78
20,2622,1997.17
21,2622,2087.66
22,2622,2077.37
23,2622,2107.12
24,2622,2109.7
25,2622,2065.18
26,2622,2061.76
27,2622,2091.17
28,2582,2092.38
29,2464,2091.12
30,2464,2101.24
31,2516,2116.38
32,2526,2082.71
33,2525,2061.93
34,2516,2100.12
35,2576,2088.74
36,2596,2139.73
37,2596,2132.89
38,2542,2133.67
39,2542,2123.48
40,2542,2145.02
41,2653,2188.3
42,2486,2153.61
43,2486,2115.58
44,2542,2122.86
45,2542,2108.9
46,2542,2119.7
47,2542,2117.84
48,2514,2101.41
49,2542,2096.39
50,2455,2077.04
51,2613,2116.28
52,2535,2130.9
53,2563,2097.93
54,2563,2096.7
55,2563,2079.92
56,2572,2080.71
57,2541,2073.83
58,2541,2053.1
59,2541,2080
60,2541,2122.42
61,2541,2078.72
62,2601,2110.06
63,2601,2109.25
64,2601,2093.44
65,2547,2151.34
66,2547,2167.85
67,2547,2185.48
68,2561,2179.42
69,2604,2177.2
70,2561,2169.64
71,2541,2134.67
72,2462,2118.66
73,2462,2075.17
74,2462,2058.06
75,2610,2115.69
76,2541,2116.66
77,2541,2084.47
78,2604,2090.9
79,2604,2049.09
80,2604,2060.58
81,2532,2090.13
82,2601,2090.86
83,2611,2103.98
84,2684,2131.07
85,2684,2170.82
86,2684,2181.73
87,2601,2190.01
88,2601,2184.45
89,2601,2129.86
90,2601,2132.4
91,2684,2115.29
92,2684,2102.82
93,2541,2146.15
94,2613,2170.99
95,2541,2194.17
96,2622,2274.18
97,2613,2234.73
98,2613,2190.3
99,2613,2169.9
100,2539,2129.06
101,2458,2153.91
102,2541,2132.46
103,2541,2191.23
104,2601,2179.55
105,2610,2192.97
106,2601,2177.74
107,2601,2110.84
108,2601,2092.19
109,2601,2139.22
110,2532,2127.45
111,2630,2119.38
112,2630,2116.13
113,2630,2095.32
114,2630,2098.2
115,2684,2160.59
116,2684,2165.94
117,2684,2122.02
118,2634,2099.92
119,2634,2106.65
120,2634,2129.57
121,2533,2077.49
122,2442,2089.44
123,2442,2092.76
124,2479,2021.15
125,2402,2060.91
126,2401,1992.22
127,2327,1948.08
128,2333,1942.23
129,2333,1985.79
130,2426,2017.64
131,2601,2043.34
132,2610,2074.16
133,2610,2078.42
134,2610,2086.25
135,2613,2058.81
136,2613,2042.54
137,2613,2080.82
138,2610,2099.06
139,2610,2061.32
140,2610,2081.72
141,2610,2124.46
142,2610,2145.95
143,2610,2159.07
144,2610,2103.05
145,2610,2140.04
146,2610,2123.45
147,2610,2085.11
148,2601,2069.38
149,2474,2080.47
150,2483,2069.13
151,2518,2101.21
152,2504,2113.87
153,2560,2147.67
154,2601,2172.07
155,2601,2155.82
156,2601,2150.91
157,2610,2152.01
158,2610,2180.56
159,2601,2195.37
160,2583,2241.26
161,2583,2218.82
162,2583,2246.72
163,2610,2207.89
164,2601,2174.77
165,2601,2149.82
166,2539,2192.49
167,2539,2177.83
168,2610,2150.43
169,2474,2122.95
170,2474,2122.82
171,2518,2130.84
172,2518,2120.33
173,2518,2095.91
174,2527,2097.78
175,2527,2092.18
176,2532,2071.27
177,2532,2078.88
178,2585,2095.41
179,2684,2097.28
180,2613,2151.64
181,2613,2141.3
182,2613,2244.07
183,2613,2188.25
184,2613,2156.17
185,2604,2194.88
186,2604,2195.89
187,2610,2204.66
188,2604,2156.64
189,2613,2195.8
190,2613,2180.25
191,2632,2179.37
192,2632,2206.75
193,2613,2189.15
194,2632,2210.16
195,2613,2213.76
196,2613,2234.3
197,2632,2199.15
198,2644,2254.41
199,2644,2223.59
200,2613,2300.15
201,2601,2279.46
202,2613,2284.55
203,2684,2263.97
204,2587,2206.33
205,2613,2208.1
206,2622,2215.36
207,2622,2186.31
208,2622,2234.11
209,2622,2194.37
210,2622,2167.86
211,2622,2168.08
212,2634,2211.68
213,2634,2183.48
214,2653,2201.18
215,2653,2180.91
216,2653,2241.82
217,2653,2196.44
218,2653,2164.07
219,2622,2140.15
220,2622,2152.71
221,2643,2192.18
222,2643,2221.51
223,2622,2281.84
224,2622,2228.5
225,2622,2222.44
226,2622,2236.75
227,2622,2256.95
228,2622,2263.31
229,2622,2231.18
230,2622,2194.26
231,2622,2260.27
232,2613,2222.8
233,2622,2235.41
234,2622,2260.97
235,2572,2238.09
236,2572,2215.41
237,2572,2198.58
238,2613,2163.85
239,2622,2147.59
240,2622,2138.51
241,2622,2130.12
242,2622,2157.27
243,2541,2182.19
244,2622,2178.26
245,2622,2155.4
246,2622,2133.84
247,2622,2161.18
248,2622,2127.25
249,2622,2171.22
250,2622,2156.72
251,2622,2131.78
252,2622,2189.8
253,2622,2179.69
254,2622,2182.81
255,2622,2155.48
256,2622,2141.55
257,2622,2189.09
258,2622,2163.49
259,2622,2121.29
260,2622,2151.26
261,2542,2145.17
262,2525,2169.5
263,2458,2097.6
264,2449,2070.54
265,2449,2046.43
266,2525,2061.52
267,2525,2102.1
268,2613,2066.28
269,2613,2080.17
270,2613,2084.51
271,2613,2147.49
272,2613,2106.79
273,2613,2105.95
274,2622,2071.68
275,2622,1976.13
276,2622,2037.93
277,2622,1996.72
278,2449,2013.01
279,2622,2034.12
280,2516,2030.85
281,2525,1984.7
282,2449,2020.61
283,2449,2029.44
284,2454,2050.96
285,2601,2093.51
286,2449,2056.64
287,2601,2062.84
288,2601,2052.58
289,2530,2072.43
290,2530,2106.04
291,2530,2110.23
292,2601,2117.43
293,2601,2095.7
294,2601,2154.45
295,2523,2175.58
296,2551,2142.41
297,2520,2133.02
298,2583,2138.65
299,2583,2114.38
Population size,100
Crossover rate,0.51
Mutation rate,0.79
Random selection portion,0.03
Selection method,AForge.Genetic.RankSelection
Diversity check,True
Iteration,FitnessMax,FitnessAvg
0,2188,1598.71
1,2269,1739.52
2,2271,1843.26
3,2421,1932.24
4,2322,1979.51
5,2322,2044.24
6,2479,2097.92
7,2548,2148.02
8,2548,2200.04
9,2548,2243.93
10,2505,2268.3
11,2583,2304.06
12,2583,2342.41
13,2583,2298.28
14,2583,2317.87
15,2632,2368.53
16,2632,2372.58
17,2632,2422.41
18,2632,2440.72
19,2632,2456.32
20,2632,2421.03
21,2632,2449.92
22,2666,2484.57
23,2666,2501.21
24,2684,2504.57
25,2684,2489.83
26,2684,2494.38
27,2684,2504.61
28,2684,2506.67
29,2684,2530.59
30,2684,2504.1
31,2684,2546.94
32,2684,2550.93
33,2684,2535.28
34,2684,2445.92
35,2684,2492.2
36,2684,2501.72
37,2684,2560.83
38,2684,2545.86
39,2684,2504.13
40,2684,2521.57
41,2684,2535.5
42,2684,2563.64
43,2684,2584.82
44,2684,2571.35
45,2684,2588.71
46,2684,2517.46
47,2684,2525.58
48,2684,2560.04
49,2684,2604.19
50,2684,1668.58
51,2684,1818.97
52,2684,1924.81
53,2684,2036.41
54,2684,2116.16
55,2684,2190.04
56,2684,2240.44
57,2684,2265.21
58,2684,2331.54
59,2684,2365.35
60,2684,2427.54
61,2684,2440.63
62,2684,2452.38
63,2684,2510.16
64,2684,2527.31
65,2684,2536.16
66,2684,2569.08
67,2684,2589.23
68,2684,2604.88
69,2684,1568.25
70,2520,1640.94
71,2185,1722.58
72,2210,1793.11
73,2443,1857.14
74,2372,1990.26
75,2372,2013.39
76,2372,2061.62
77,2471,2071.25
78,2471,2100.43
79,2542,2137.52
80,2587,2201.31
81,2587,2262.45
82,2622,2285.5
83,2622,2260.59
84,2622,2265.86
85,2622,2311.62
86,2684,2357.86
87,2684,2399.21
88,2684,2408.84
89,2684,2421.02
90,2684,2418.32
91,2684,2449.62
92,2684,2489.89
93,2684,2432.82
94,2684,2488.6
95,2684,2419.99
96,2684,2496.77
97,2684,2531.35
98,2684,2534.26
99,2684,2547.44
100,2684,2524.76
101,2684,2544.73
102,2684,2543.8
103,2684,2486.49
104,2684,2485.33
105,2684,2436.04
106,2684,2468.4
107,2684,2485.26
108,2684,2508.39
109,2684,2530.71
110,2684,2532.67
111,2684,2595.8
112,2684,2575.74
113,2684,2568.04
114,2684,2593.96
115,2684,2602.7
116,2684,2578.41
117,2684,2533.62
118,2684,2599.92
119,2684,2589.9
120,2684,2607.15
121,2504,1626.99
122,2504,1727.7
123,2504,1824.72
124,2495,1967.35
125,2495,2021.03
126,2495,2078.25
127,2632,2180.15
128,2632,2247.45
129,2632,2282.89
130,2632,2319.85
131,2632,2354.78
132,2613,2340.67
133,2653,2402.97
134,2653,2456.75
135,2653,2435.13
136,2653,2473.16
137,2653,2498.54
138,2653,2484.36
139,2653,2511
140,2653,2529.75
141,2653,2483.49
142,2684,2510.71
143,2653,2516.08
144,2653,2475.1
145,2684,2436.13
146,2653,2471.31
147,2653,2489.41
148,2653,2516.41
149,2653,2529.58
150,2653,2518.42
151,2653,2474.6
152,2653,2490.09
153,2653,2504.59
154,2653,2503.67
155,2653,2495.04
156,2653,2501.48
157,2653,2423.45
158,2653,2508.59
159,2653,2471.42
160,2653,2536.6
161,2653,2470.09
162,2653,2502.07
163,2653,2521.54
164,2653,2450.14
165,2653,2549.93
166,2653,2500.13
167,2684,2536.16
168,2653,2539.13
169,2653,2542.49
170,2653,2556.79
171,2653,2555.22
172,2653,2551.19
173,2653,2517.91
174,2653,2542.68
175,2653,2508.54
176,2653,2508.74
177,2653,2540.83
178,2653,2505.65
179,2653,2521.5
180,2653,2577.86
181,2653,1656.74
182,2653,1792.24
183,2513,1845
184,2513,1969.06
185,2513,2057.57
186,2529,2144.84
187,2594,2213.84
188,2594,2232.41
189,2594,2264.04
190,2585,2283.22
191,2541,2314.73
192,2585,2232.77
193,2585,2301.96
194,2622,2361.01
195,2622,2345.99
196,2684,2387.33
197,2684,2416.85
198,2684,2428.81
199,2684,2413.44
200,2684,2469.3
201,2684,2451.61
202,2684,2512.47
203,2684,2452.97
204,2684,2527.78
205,2684,2514.59
206,2684,2516.58
207,2684,2540.67
208,2684,2572.5
209,2684,2587.97
210,2684,2572.61
211,2684,2599.33
212,2684,2503.11
213,2684,2534.91
214,2684,2514.75
215,2684,2542
216,2684,2520.36
217,2684,2572.7
218,2684,2602.93
219,2684,2592
220,2684,2583.84
221,2684,2590.41
222,2684,2614.68
223,2204,1590.46
224,2369,1724.19
225,2400,1872.91
226,2466,1948.37
227,2466,1988.19
228,2466,2043.01
229,2431,2118.87
230,2441,2178.15
231,2455,2237.13
232,2441,2261.79
233,2525,2273.97
234,2538,2294.5
235,2538,2295.82
236,2596,2287.56
237,2596,2362.14
238,2622,2391.55
239,2622,2403.54
240,2622,2368.88
241,2622,2366.96
242,2622,2403.79
243,2622,2449.19
244,2643,2444.86
245,2643,2503.41
246,2643,2487.55
247,2643,2469.98
248,2643,2501.29
249,2643,2503.74
250,2684,2508.7
251,2684,2527.52
252,2684,2491.11
253,2684,2524.48
254,2684,2506.02
255,2684,2522.81
256,2684,2526.36
257,2684,2537.62
258,2684,2537.55
259,2684,2540.04
260,2684,2468.24
261,2684,2504.29
262,2684,2546.39
263,2684,2545.38
264,2684,2566.87
265,2684,2555.41
266,2684,2584.66
267,2684,2571.1
268,2684,2551.41
269,2684,2538.3
270,2684,2585.99
271,2684,2603.24
272,2684,2549.4
273,2684,2583.44
274,2684,2553.32
275,2684,2553.23
276,2684,2475.6
277,2684,2573.8
278,2684,2613.2
279,2684,1587.62
280,2540,1744.14
281,2549,1895.31
282,2549,1938.55
283,2549,2068.37
284,2549,2152.09
285,2549,2249.7
286,2549,2283.79
287,2549,2268.25
288,2549,2289.7
289,2562,2292.83
290,2609,2350.72
291,2575,2385.23
292,2575,2399.35
293,2609,2429.86
294,2609,2462.05
295,2609,2451.76
296,2609,2458.62
297,2630,2464.76
298,2609,2481.86
299,2684,2410.42
Population size,100
Crossover rate,0.51
Mutation rate,0.79
Random selection portion,0.03
Selection method,AForge.Genetic.RankSelection
Diversity check,False
Iteration,FitnessMax,FitnessAvg
0,2289,1666.54
1,2277,1755.93
2,2289,1866.47
3,2425,1972.42
4,2425,2021.03
5,2425,2062.54
6,2437,2066.8
7,2497,2139.31
8,2492,2144.4
9,2492,2229.33
10,2562,2268.31
11,2562,2320.63
12,2643,2330.24
13,2643,2301.64
14,2666,2377.11
15,2666,2394.52
16,2666,2369.52
17,2666,2387.17
18,2666,2450.25
19,2684,2407.06
20,2666,2423.37
21,2666,2433.52
22,2666,2430.68
23,2666,2457.34
24,2684,2423.66
25,2684,2459.5
26,2684,2431.06
27,2666,2465.63
28,2666,2478.4
29,2666,2460.49
30,2666,2519.09
31,2666,2511.52
32,2684,2494.35
33,2684,2506.13
34,2684,2446.72
35,2684,2447.24
36,2684,2466.87
37,2684,2498.24
38,2684,2471.44
39,2684,2469.7
40,2684,2508.32
41,2684,2524.96
42,2684,2558
43,2684,2510.24
44,2684,2482.51
45,2684,2495.27
46,2684,2466.08
47,2684,2529.72
48,2684,2550.05
49,2684,2480.18
50,2684,2524.4
51,2684,2521.79
52,2684,2560.41
53,2684,2532.19
54,2684,2484.26
55,2684,2533.77
56,2684,2593.33
57,2684,2574.57
58,2684,2535.78
59,2684,2568.53
60,2684,2502.79
61,2684,2525.47
62,2684,2546.17
63,2684,2572.3
64,2684,2589.02
65,2684,2592.95
66,2684,2610.3
67,2684,2616.64
68,2684,2560.84
69,2684,2551.91
70,2684,2558.01
71,2684,2616.82
72,2684,2597.69
73,2684,2603.43
74,2684,2598.96
75,2684,2583.31
76,2684,2468.38
77,2684,2563.76
78,2684,2584.57
79,2684,2613.16
80,2684,2572.69
81,2684,2555.6
82,2684,2592.45
83,2684,2561.22
84,2684,2598.34
85,2684,2607.18
86,2684,2585.35
87,2684,2597.82
88,2684,2572.57
89,2684,2575.73
90,2684,2614.27
91,2684,2617.85
92,2684,2559.3
93,2684,2586.11
94,2684,2547.81
95,2684,2590.62
96,2684,2597.67
97,2684,2550.99
98,2684,2590
99,2684,2567.75
100,2684,2534.06
101,2684,2524.11
102,2684,2479.9
103,2684,2501.69
104,2684,2601.17
105,2684,2593.65
106,2684,2604.62
107,2684,2555.33
108,2684,2538.87
109,2684,2593.87
110,2684,2555.1
111,2684,2552.87
112,2684,2599.11
113,2684,2615.07
114,2684,2481.46
115,2684,2566.13
116,2684,2551.15
117,2684,2503.86
118,2684,2554.97
119,2684,2587.8
120,2684,2569.86
121,2684,2551.38
122,2684,2580.45
123,2684,2589.84
124,2684,2584.58
125,2684,2588.76
126,2684,2565.92
127,2684,2523.08
128,2684,2598.8
129,2684,2595.25
130,2684,2596.14
131,2684,2606.48
132,2684,2610.66
133,2684,2605.14
134,2684,2601.43
135,2684,2585.8
136,2684,2618.21
137,2684,2554.1
138,2684,2592.13
139,2684,2591.12
140,2684,2541.9
141,2684,2568.23
142,2684,2579.12
143,2684,2597.31
144,2684,2576
145,2684,2583
146,2684,2576.82
147,2684,2554.32
148,2684,2577.78
149,2684,2553.48
150,2684,2569.74
151,2684,2606.46
152,2684,2558.64
153,2684,2600.26
154,2684,2587.47
155,2684,2562.71
156,2684,2602.43
157,2684,2611.74
158,2684,2591.49
159,2684,2604.23
160,2684,2575.34
161,2684,2510.06
162,2684,2568.66
163,2684,2615.88
164,2684,2598.39
165,2684,2612.96
166,2684,2610.89
167,2684,2580.67
168,2684,2522.02
169,2684,2564.24
170,2684,2589.21
171,2684,2552.89
172,2684,2532.29
173,2684,2548.04
174,2684,2571.28
175,2684,2587.01
176,2684,2596.56
177,2684,2524.76
178,2684,2603.35
179,2684,2565.47
180,2684,2566.64
181,2684,2582.27
182,2684,2542.03
183,2684,2551.15
184,2684,2551.45
185,2684,2512.39
186,2684,2559.96
187,2684,2564.88
188,2684,2556.7
189,2684,2597.18
190,2684,2604.92
191,2684,2588.34
192,2684,2564.29
193,2684,2568.9
194,2684,2536.75
195,2684,2586.26
196,2684,2516.14
197,2684,2598.54
198,2684,2512.2
199,2684,2562.91
200,2684,2603.29
201,2684,2567.76
202,2684,2594.63
203,2684,2584.87
204,2684,2587.65
205,2684,2573.17
206,2684,2581.59
207,2684,2598.6
208,2684,2517.55
209,2684,2596.76
210,2684,2617.78
211,2684,2527.54
212,2684,2586.4
213,2684,2600.35
214,2684,2579.12
215,2684,2590.36
216,2684,2579.34
217,2684,2586.77
218,2684,2587.26
219,2684,2591.52
220,2684,2594.67
221,2684,2546.95
222,2684,2528.39
223,2684,2551
224,2684,2590.85
225,2684,2613.96
226,2684,2589.03
227,2684,2453.82
228,2684,2499.2
229,2684,2522.29
230,2684,2573.64
231,2684,2575.79
232,2684,2589.27
233,2684,2583.07
234,2684,2543.96
235,2684,2535.82
236,2684,2590.32
237,2684,2595.63
238,2684,2513.21
239,2684,2537.86
240,2684,2530.39
241,2684,2584.31
242,2684,2610.52
243,2684,2587.21
244,2684,2579.48
245,2684,2526.45
246,2684,2609.02
247,2684,2577.75
248,2684,2566.71
249,2684,2610.72
250,2684,2583.82
251,2684,2553.8
252,2684,2617.41
253,2684,2592.89
254,2684,2593.09
255,2684,2609.99
256,2684,2550.52
257,2684,2548.99
258,2684,2581.58
259,2684,2574.8
260,2684,2572.51
261,2684,2593.25
262,2684,2619.65
263,2684,2601.31
264,2684,2594.83
265,2684,2601.87
266,2684,2609.34
267,2684,2593.65
268,2684,2610.65
269,2684,2589.62
270,2684,2537.51
271,2684,2557.92
272,2684,2596.7
273,2684,2574.72
274,2684,2573.99
275,2684,2588.21
276,2684,2577.02
277,2684,2588.91
278,2684,2572.31
279,2684,2568.02
280,2684,2593.09
281,2684,2498.53
282,2684,2551.65
283,2684,2561.32
284,2684,2561.15
285,2684,2551.52
286,2684,2538.57
287,2684,2566.18
288,2684,2556.41
289,2684,2583.65
290,2684,2580.29
291,2684,2605.82
292,2684,2541.85
293,2684,2521.77
294,2684,2606.98
295,2684,2564.43
296,2684,2543.1
297,2684,2575.47
298,2684,2561.53
299,2684,2566.34
Population size,100
Crossover rate,0.22
Mutation rate,0.87
Random selection portion,0.03
Selection method,AForge.Genetic.EliteSelection
Diversity check,False
Iteration,FitnessMax,FitnessAvg
0,2281,1775.6
1,2281,1938.25
2,2378,2033.29
3,2406,2104.82
4,2450,2158.74
5,2469,2202.21
6,2582,2275.5
7,2587,2322.68
8,2684,2367.11
9,2684,2414.47
10,2684,2451.33
11,2684,2463.91
12,2684,2497.92
13,2684,2503.67
14,2684,2528.74
15,2684,2538.19
16,2684,2568.46
17,2684,2583.41
18,2684,2594.83
19,2684,2605.34
20,2684,2589.36
21,2684,2604.35
22,2684,2622.32
23,2684,2603.81
24,2684,2614.8
25,2684,2617.41
26,2684,2637.04
27,2684,2637.68
28,2684,2647.71
29,2684,2642.97
30,2684,2628.01
31,2684,2647.67
32,2684,2651.28
33,2684,2626.81
34,2684,2648.4
35,2684,2633.31
36,2684,2644.14
37,2684,2655.11
38,2684,2655.97
39,2684,2645.68
40,2684,2639.09
41,2684,2648.32
42,2684,2647.66
43,2684,2623.5
44,2684,2649.29
45,2684,2634.58
46,2684,2648.33
47,2684,2646.84
48,2684,2655.38
49,2684,2634.6
50,2684,2637.68
51,2684,2634.12
52,2684,2643.23
53,2684,2635.06
54,2684,2648.3
55,2684,2643.81
56,2684,2649.85
57,2684,2642.1
58,2684,2640.38
59,2684,2653.41
60,2684,2645.27
61,2684,2645.11
62,2684,2621.6
63,2684,2633.25
64,2684,2649.27
65,2684,2644.47
66,2684,2631.24
67,2684,2634.12
68,2684,2649.67
69,2684,2647.53
70,2684,2626.14
71,2684,2640.9
72,2684,2645.24
73,2684,2634.74
74,2684,2645.18
75,2684,2638.25
76,2684,2640.9
77,2684,2650.66
78,2684,2648.15
79,2684,2644.03
80,2684,2657.6
81,2684,2625.03
82,2684,2634.24
83,2684,2653.65
84,2684,2649.96
85,2684,2649.12
86,2684,2644.43
87,2684,2656.47
88,2684,2638.34
89,2684,2645
90,2684,2649.79
91,2684,2632.63
92,2684,2621.88
93,2684,2651.61
94,2684,2651.49
95,2684,2659.06
96,2684,2655.58
97,2684,2649.6
98,2684,2653.47
99,2684,2645.93
100,2684,2638.53
101,2684,2645.85
102,2684,2635.27
103,2684,2628.33
104,2684,2646.23
105,2684,2651.09
106,2684,2649.58
107,2684,2639.06
108,2684,2638.95
109,2684,2636.09
110,2684,2639.35
111,2684,2647.2
112,2684,2646.61
113,2684,2651.76
114,2684,2649.18
115,2684,2655.15
116,2684,2647.37
117,2684,2649.18
118,2684,2640.22
119,2684,2647.1
120,2684,2646.89
121,2684,2644.7
122,2684,2646.82
123,2684,2640.32
124,2684,2652
125,2684,2650.06
126,2684,2649.47
127,2684,2649.28
128,2684,2635.3
129,2684,2647
130,2684,2634.15
131,2684,2655.52
132,2684,2630.48
133,2684,2647.49
134,2684,2651.68
135,2684,2630.29
136,2684,2647.15
137,2684,2645.95
138,2684,2645.55
139,2684,2635.97
140,2684,2649.14
141,2684,2653.58
142,2684,2649.17
143,2684,2650.67
144,2684,2644.83
145,2684,2653.15
146,2684,2646.89
147,2684,2646.26
148,2684,2642.6
149,2684,2632.37
150,2684,2647.08
151,2684,2664.91
152,2684,2636.83
153,2684,2648.81
154,2684,2641
155,2684,2645.94
156,2684,2644.8
157,2684,2643.24
158,2684,2643.98
159,2684,2661.73
160,2684,2655.07
161,2684,2645.65
162,2684,2644.98
163,2684,2643.4
164,2684,2652.33
165,2684,2649.06
166,2684,2624.38
167,2684,2647.26
168,2684,2630.02
169,2684,2621.32
170,2684,2649.55
171,2684,2641.16
172,2684,2650.06
173,2684,2651.41
174,2684,2646.8
175,2684,2659.26
176,2684,2651.2
177,2684,2638.87
178,2684,2625.98
179,2684,2650.79
180,2684,2654.82
181,2684,2627.89
182,2684,2650.76
183,2684,2648.97
184,2684,2638.64
185,2684,2660.02
186,2684,2634.4
187,2684,2639.46
188,2684,2625.84
189,2684,2647.18
190,2684,2654.44
191,2684,2657.43
192,2684,2650.11
193,2684,2653.45
194,2684,2654.86
195,2684,2643.23
196,2684,2647.36
197,2684,2646.97
198,2684,2645.86
199,2684,2632.15
200,2684,2645.77
201,2684,2624.75
202,2684,2638.48
203,2684,2652.18
204,2684,2625.77
205,2684,2645.46
206,2684,2638
207,2684,2635.68
208,2684,2650.04
209,2684,2653.64
210,2684,2643.33
211,2684,2644.48
212,2684,2621.43
213,2684,2644.06
214,2684,2650.76
215,2684,2642.88
216,2684,2632.73
217,2684,2636.93
218,2684,2645.25
219,2684,2645.56
220,2684,2640.21
221,2684,2641.6
222,2684,2639.67
223,2684,2656.24
224,2684,2642.8
225,2684,2627.68
226,2684,2655.23
227,2684,2640.9
228,2684,2635.58
229,2684,2640.7
230,2684,2650.29
231,2684,2643.79
232,2684,2639.17
233,2684,2648.17
234,2684,2637.62
235,2684,2642.82
236,2684,2641.39
237,2684,2647.93
238,2684,2642.29
239,2684,2647.82
240,2684,2654.88
241,2684,2640.51
242,2684,2637.3
243,2684,2650.81
244,2684,2633.59
245,2684,2643.45
246,2684,2646.17
247,2684,2644.95
248,2684,2646.68
249,2684,2629.48
250,2684,2635.66
251,2684,2645.37
252,2684,2651.4
253,2684,2648.18
254,2684,2633.64
255,2684,2641.18
256,2684,2635.22
257,2684,2631.11
258,2684,2648.6
259,2684,2625.51
260,2684,2650.15
261,2684,2644.25
262,2684,2657.18
263,2684,2644.47
264,2684,2647.71
265,2684,2647.25
266,2684,2641.62
267,2684,2632.26
268,2684,2655.32
269,2684,2642.24
270,2684,2630.81
271,2684,2633.39
272,2684,2648.36
273,2684,2634.67
274,2684,2649.34
275,2684,2648.6
276,2684,2645.78
277,2684,2647.79
278,2684,2658.19
279,2684,2645.71
280,2684,2642.51
281,2684,2639.37
282,2684,2646.16
283,2684,2647.8
284,2684,2644.76
285,2684,2645.09
286,2684,2644.4
287,2684,2640.04
288,2684,2653.39
289,2684,2639.97
290,2684,2650
291,2684,2653.65
292,2684,2644.56
293,2684,2655.59
294,2684,2647.01
295,2684,2652.09
296,2684,2637.77
297,2684,2646.69
298,2684,2642.33
299,2684,2634.9
Population size,100
Crossover rate,0.22
Mutation rate,0.87
Random selection portion,0.03
Selection method,AForge.Genetic.EliteSelection
Diversity check,True
Iteration,FitnessMax,FitnessAvg
0,2346,1714.83
1,2396,1870.93
2,2461,1981.43
3,2461,2093.24
4,2533,2159.35
5,2560,2228.94
6,2560,2279.11
7,2630,2330.95
8,2630,2360.19
9,2653,2409.09
10,2653,2446
11,2653,2451.76
12,2653,2489.33
13,2684,2520.71
14,2684,2546.52
15,2684,2547.74
16,2684,2581.35
17,2684,2575.6
18,2684,2594.7
19,2684,2573.58
20,2684,2592.97
21,2684,2586.54
22,2684,2581.8
23,2684,2605.68
24,2684,1808.01
25,2684,1955.97
26,2684,2063.98
27,2684,2161.82
28,2684,2235.09
29,2684,2318.38
30,2684,2376.44
31,2684,2421.24
32,2684,2452.87
33,2684,2492.06
34,2684,2517.54
35,2684,2517.02
36,2684,2538.72
37,2684,2572.28
38,2684,2596.29
39,2684,2596.73
40,2684,2592.71
41,2684,2604.44
42,2684,1756.93
43,2684,1929.14
44,2684,2053.92
45,2684,2135.71
46,2684,2209.5
47,2684,2310.06
48,2684,2378.95
49,2684,2446.59
50,2684,2489.34
51,2684,2504.12
52,2684,2513.98
53,2684,2521.01
54,2684,2567.13
55,2684,2550.24
56,2684,2582.2
57,2684,2583.92
58,2684,2592.67
59,2684,2581.52
60,2684,2603.29
61,2684,2583.32
62,2684,2605.57
63,2684,1760.2
64,2684,1913.03
65,2684,2031.22
66,2684,2129.54
67,2684,2208
68,2684,2264.94
69,2684,2341.75
70,2684,2380.95
71,2684,2423.73
72,2684,2466.91
73,2684,2506.78
74,2684,2543.32
75,2684,2558.25
76,2684,2585.85
77,2684,2590.6
78,2684,2604.61
79,2684,1766.17
80,2684,1943.63
81,2684,2037.56
82,2684,2132.33
83,2684,2219.92
84,2684,2289.21
85,2684,2357.47
86,2684,2420
87,2684,2465.47
88,2684,2477.63
89,2684,2513.2
90,2684,2550.92
91,2684,2589.55
92,2684,2597.06
93,2684,2622.83
94,2684,1724.07
95,2684,1865.83
96,2684,1993.42
97,2684,2092.22
98,2684,2169.6
99,2684,2204.18
100,2684,2290.23
101,2684,2346.85
102,2684,2394.47
103,2684,2432.82
104,2684,2471.26
105,2684,2480.79
106,2684,2498.8
107,2684,2527.45
108,2684,2547.87
109,2684,2564.23
110,2684,2574.46
111,2684,2582.83
112,2684,2605.88
113,2684,1730.68
114,2684,1872.99
115,2684,2001.14
116,2684,2133.5
117,2684,2215.47
118,2684,2270.44
119,2684,2316.46
120,2684,2383.24
121,2684,2440.32
122,2684,2507.27
123,2684,2506.65
124,2684,2561.18
125,2684,2577.55
126,2684,2589.26
127,2684,2593.68
128,2684,2627.57
129,2684,1728.45
130,2684,1885.62
131,2684,2007.31
132,2684,2119.92
133,2684,2224.86
134,2684,2302.57
135,2684,2349.5
136,2684,2393.98
137,2684,2433.61
138,2684,2467.6
139,2684,2464.39
140,2684,2525.11
141,2684,2528.47
142,2684,2556.09
143,2684,2564.12
144,2684,2581.59
145,2684,2585.8
146,2684,2596.97
147,2684,2613.82
148,2684,1708.68
149,2684,1919.82
150,2684,2060.31
151,2684,2166.06
152,2684,2250.35
153,2684,2303.08
154,2684,2354.53
155,2684,2365.05
156,2684,2434.03
157,2684,2479.44
158,2684,2508.57
159,2684,2526.77
160,2684,2542.76
161,2684,2573.04
162,2684,2588.11
163,2684,2587.45
164,2684,2594.38
165,2684,2613.04
166,2684,1709.65
167,2684,1884.56
168,2684,2053.88
169,2684,2155.27
170,2684,2275.3
171,2684,2352.35
172,2684,2421.95
173,2684,2463.33
174,2684,2504.74
175,2684,2518.7
176,2684,2551.96
177,2684,2580.71
178,2684,2609.61
179,2684,1698.74
180,2684,1877.36
181,2684,2007.87
182,2684,2094.94
183,2684,2178.22
184,2684,2239.19
185,2684,2287.21
186,2684,2355.97
187,2684,2401.42
188,2684,2446.18
189,2684,2448.28
190,2684,2496.89
191,2684,2522.11
192,2684,2515.13
193,2684,2561.65
194,2684,2557.78
195,2684,2585.59
196,2684,2610.81
197,2684,1723.65
198,2684,1897.26
199,2684,2030.7
200,2684,2125.61
201,2684,2198.37
202,2684,2293.06
203,2684,2334.95
204,2684,2414.34
205,2684,2460.16
206,2684,2509.17
207,2684,2523.48
208,2684,2554.69
209,2684,2559.41
210,2684,2583.09
211,2684,2600.55
212,2684,2617.47
213,2684,1754.48
214,2684,1911.62
215,2684,1999.24
216,2684,2099.66
217,2684,2191.19
218,2684,2262.94
219,2684,2323.51
220,2684,2387.33
221,2684,2448.49
222,2684,2471.63
223,2684,2513.33
224,2684,2524.86
225,2684,2546.41
226,2684,2566.48
227,2684,2574.68
228,2684,2575.77
229,2684,2593.6
230,2684,2608.69
231,2684,1693.05
232,2684,1842.23
233,2684,1919.84
234,2684,2025.29
235,2684,2126.46
236,2684,2195.9
237,2684,2301.84
238,2684,2371.41
239,2684,2414.1
240,2684,2467.33
241,2684,2508.29
242,2684,2518.65
243,2684,2559.47
244,2684,2598.32
245,2684,2616.06
246,2684,1703.43
247,2684,1862.24
248,2684,2004.19
249,2684,2119.95
250,2684,2223.78
251,2684,2288.03
252,2684,2362.7
253,2684,2401
254,2684,2466.58
255,2684,2488.03
256,2684,2527.47
257,2684,2570.58
258,2684,2577.88
259,2684,2601.97
260,2684,2624.01
261,2684,1760.27
262,2684,1907.67
263,2684,2047.4
264,2684,2149.41
265,2684,2231.62
266,2684,2311.64
267,2684,2363.53
268,2684,2430.09
269,2684,2466.96
270,2684,2474.45
271,2684,2518.99
272,2684,2558.36
273,2684,2564.21
274,2684,2585.73
275,2684,2600.89
276,2684,2616.34
277,2684,1789.99
278,2684,1941.88
279,2684,2054.83
280,2684,2131.51
281,2684,2215.29
282,2684,2279.47
283,2684,2352.85
284,2684,2402.02
285,2684,2434.2
286,2684,2463.35
287,2684,2470.82
288,2684,2494.54
289,2684,2540.73
290,2684,2543.43
291,2684,2551.41
292,2684,2558.62
293,2684,2583.05
294,2684,2583.58
295,2684,2597.37
296,2684,2602.93
297,2684,2604.51
298,2684,1732.55
299,2684,1913.19
Population size,100
Crossover rate,0.22
Mutation rate,0.87
Random selection portion,0.03
Selection method,AForge.Genetic.EliteSelection
Diversity check,True
Iteration,FitnessMax,FitnessAvg
0,2325,1739.22
1,2443,1874.74
2,2443,2034.32
3,2539,2133.6
4,2539,2228.87
5,2539,2309.89
6,2583,2348.85
7,2611,2407.29
8,2643,2448.47
9,2644,2471.38
10,2666,2496.39
11,2666,2513.81
12,2666,2522.81
13,2666,2534.6
14,2666,2558.13
15,2666,2548.74
16,2666,2559.8
17,2666,2568.84
18,2666,2595.6
19,2666,1624.28
20,2666,1833.18
21,2666,1945.19
22,2666,2089.27
23,2666,2208.34
24,2666,2291.8
25,2666,2387.87
26,2666,2437.25
27,2666,2469.11
28,2666,2522.44
29,2666,2546.67
30,2666,2570.23
31,2666,2581.98
32,2666,2579.83
33,2666,2602.71
34,2666,1717.75
35,2666,1868.66
36,2666,2035.37
37,2666,2124.64
38,2666,2197
39,2666,2285.09
40,2666,2324.63
41,2666,2368.68
42,2666,2383.57
43,2666,2451.36
44,2684,2467.51
45,2684,2478.91
46,2684,2515.27
47,2684,2525.5
48,2684,2532.75
49,2684,2553.44
Population size,100
Crossover rate,0.22
Mutation rate,0.87
Random selection portion,0.03
Selection method,AForge.Genetic.EliteSelection
Diversity check,True
Iteration,FitnessMax,FitnessAvg
0,2267,1726.04
1,2267,1862.95
2,2311,1973.45
3,2513,2066.82
4,2513,2166.12
5,2580,2244.56
6,2580,2335.11
7,2580,2377.24
8,2601,2400.84
9,2634,2445.77
10,2634,2455.18
11,2684,2504.67
12,2684,2520.25
13,2684,2530.63
14,2684,2522.65
15,2684,2559.04
16,2684,2574.97
17,2684,2589.62
18,2684,2591.28
19,2684,2593.53
20,2684,2592.3
21,2684,2616.45
22,2684,1799.02
23,2684,1936.77
24,2684,2073.21
25,2684,2164
26,2684,2239.17
27,2684,2295.05
28,2684,2349.29
29,2684,2411.03
