Population size,100
Crossover rate,0.66
Mutation rate,0.34
Random selection portion,0.03
Selection method,AForge.Genetic.RouletteWheelSelection
Diversity check,False
Iteration,FitnessMax,FitnessAvg
0,2121,1302.64
1,2121,1394.85
2,2121,1423.12
3,2187,1434.71
4,2312,1482.33
5,2312,1507.12
6,2359,1563.06
7,2359,1600.13
8,2247,1664.48
9,2312,1697.83
10,2320,1705.16
11,2320,1698.13
12,2320,1742.25
13,2367,1765.89
14,2320,1770.07
15,2393,1830.65
16,2320,1843.35
17,2320,1842.27
18,2320,1838.92
19,2286,1841.37
20,2286,1833.71
21,2276,1886.03
22,2221,1914.38
23,2173,1852.93
24,2328,1835.35
25,2238,1824.61
26,2277,1832.32
27,2277,1793.19
28,2277,1854.38
29,2277,1872.18
30,2269,1870.13
31,2273,1862.47
32,2273,1905.49
33,2277,1919.95
34,2277,1924.05
35,2233,1922.32
36,2347,1901.03
37,2292,1943.49
38,2415,1945.12
39,2359,1937.14
40,2265,1934.07
41,2265,1957.01
42,2324,1972.57
43,2347,1991.66
44,2347,1974.23
45,2325,1902.02
46,2325,1908.95
47,2324,1903.37
48,2324,1965.99
49,2324,1963.18
50,2324,1960.36
51,2352,1982.25
52,2352,1947.96
53,2352,1940.46
54,2352,1986.12
55,2352,1975.46
56,2347,2007.59
57,2347,1989.07
58,2336,1961.5
59,2338,1953.16
60,2360,1911.28
61,2360,1893.16
62,2286,1886.55
63,2286,1861.06
64,2361,1910.6
65,2361,1911.87
66,2361,1928.7
67,2286,1934.97
68,2277,1900.03
69,2301,1927.64
70,2301,1921.22
71,2373,1925.53
72,2301,1891.29
73,2363,1967.92
74,2363,1995.5
75,2363,2036.42
76,2363,2025.36
77,2315,2015.2
78,2337,2043.13
79,2337,2064.31
80,2337,2094.35
81,2337,2053.54
82,2337,2068.43
83,2363,2034.94
84,2359,2040.88
85,2359,2045.96
86,2312,1975.67
87,2337,1952.83
88,2337,2007.98
89,2337,2011.2
90,2385,2042.92
91,2385,2010.18
92,2385,2049.65
93,2385,2001.52
94,2385,2019.74
95,2385,2026.37
96,2385,2024.3
97,2385,2029.22
98,2385,2015.99
99,2385,1982.55
100,2385,1999.45
101,2385,2004.66
102,2385,2008.77
103,2385,2026.1
104,2385,2023.64
105,2385,1994.73
106,2393,2015.83
107,2393,2052.9
108,2393,1973.35
109,2393,1991.39
110,2393,2011.97
111,2393,2002.96
112,2393,2004.34
113,2393,1984.74
114,2393,2035.51
115,2393,2054.86
116,2393,2016.49
117,2385,2005.18
118,2315,1994.07
119,2358,1957.92
120,2322,1940.12
121,2286,1974.39
122,2294,1975.35
123,2322,1980.17
124,2322,1971.86
125,2322,1980.91
126,2322,1929.39
127,2286,1919.47
128,2286,1948.8
129,2286,1940.73
130,2286,1937.64
131,2294,1961.01
132,2294,1936.59
133,2322,1956.54
134,2402,1943.33
135,2385,1950.34
136,2322,1962.56
137,2322,1897.53
138,2322,1886.75
139,2325,1918.07
140,2289,1869.4
141,2289,1873.65
142,2286,1885.33
143,2322,1899.75
144,2261,1908.68
145,2311,1909.62
146,2311,1855.47
147,2311,1888.39
148,2311,1867.71
149,2311,1928.22
150,2286,1956.13
151,2286,1963.03
152,2322,1988.69
153,2322,2011.91
154,2322,1972.44
155,2322,1945.74
156,2322,2001.58
157,2322,1960.16
158,2322,1933.72
159,2322,1910.38
160,2322,1940.82
161,2322,1928.8
162,2322,1930.95
163,2322,1916.18
164,2286,1896.7
165,2286,1851.64
166,2322,1850
167,2260,1889.48
168,2260,1918.43
169,2260,1899.75
170,2286,1849.17
171,2286,1837.53
172,2286,1834.37
173,2286,1847.83
174,2289,1843.54
175,2283,1841.88
176,2283,1833.34
177,2283,1898.98
178,2283,1899.75
179,2309,1909.58
180,2309,1922.51
181,2415,1969.24
182,2415,1964.15
183,2309,1920.72
184,2301,1874.62
185,2275,1916.61
186,2301,1899.45
187,2275,1875.72
188,2320,1928.24
189,2347,1951.09
190,2347,1955.52
191,2347,1950.77
192,2347,1948.94
193,2347,1938.64
194,2320,1940.14
195,2246,1895.97
196,2248,1922.86
197,2286,1963.91
198,2341,1897.84
199,2249,1903.09
200,2249,1942.37
201,2220,1917.32
202,2203,1938
203,2198,1905.77
204,2311,1902.18
205,2347,1910.99
206,2347,1910.13
207,2347,1935.22
208,2347,1889.94
209,2311,1917.73
210,2383,1923.19
211,2383,1888.13
212,2383,1920.91
213,2383,1927.55
214,2383,1976.09
215,2383,1984.4
216,2383,1948.57
217,2383,1952.43
218,2383,1960.17
219,2322,1985.37
220,2319,1949.98
221,2319,1938.56
222,2319,1954.15
223,2319,1931.36
224,2319,1918.04
225,2347,1957.93
226,2427,1958.91
227,2427,1950.42
228,2328,1875.87
229,2319,1896.96
230,2319,1847.49
231,2298,1807.37
232,2298,1826.97
233,2245,1807.92
234,2245,1811.21
235,2245,1840.17
236,2245,1835
237,2245,1837.18
238,2245,1830.92
239,2245,1841.58
240,2243,1841.91
241,2152,1801.16
242,2160,1828.49
243,2306,1862.47
244,2306,1896.04
245,2298,1941.28
246,2289,1928.73
247,2289,1885.88
248,2289,1881.03
249,2289,1850.82
250,2262,1815.35
251,2221,1830.51
252,2222,1866.07
253,2269,1826.87
254,2311,1858.82
255,2311,1877.12
256,2237,1909.29
257,2237,1899.22
258,2237,1895.2
259,2237,1851.4
260,2347,1895.5
261,2347,1873.08
262,2347,1880.12
263,2268,1882.97
264,2268,1824.5
265,2268,1868.05
266,2304,1796.66
267,2304,1885.27
268,2304,1891.88
269,2304,1883.91
270,2320,1888.7
271,2320,1932.26
272,2320,1952.54
273,2320,1970.24
274,2347,2022.74
275,2347,2008.34
276,2347,1992.04
277,2320,2013.14
278,2355,2006.28
279,2334,1976.04
280,2394,1945.37
281,2320,1973.51
282,2320,1994.56
283,2383,2004.93
284,2393,1968.51
285,2393,1979.01
286,2371,1966.59
287,2394,1984.75
288,2394,2009.22
289,2394,1993.37
290,2394,1998.12
291,2407,2024.24
292,2394,2008.01
293,2394,1965.14
294,2394,1940.06
295,2394,1907.22
296,2394,1953.02
297,2394,1948.08
298,2372,1870.93
299,2372,1912.92
Population size,100
Crossover rate,0.66
Mutation rate,0.34
Random selection portion,0.03
Selection method,AForge.Genetic.RouletteWheelSelection
Diversity check,True
Iteration,FitnessMax,FitnessAvg
0,1835,1328.84
1,1994,1408.71
2,1994,1398.01
3,2181,1437.72
4,2181,1480.81
5,2181,1541.63
6,2014,1536.77
7,2041,1544.94
8,2056,1616.95
9,2056,1622.07
10,2078,1673.89
11,2056,1651.33
12,2056,1651.28
13,2056,1644.96
14,2056,1668.31
15,2293,1676.16
16,2293,1653.54
17,2293,1657.13
18,2293,1648.17
19,2206,1729.35
20,2273,1742.39
21,2273,1740.13
22,2312,1766.97
23,2312,1732.23
24,2312,1798.8
25,2223,1785.69
26,2223,1792.33
27,2270,1793.59
28,2243,1824.91
29,2248,1839.52
30,2315,1818.88
31,2315,1855.07
32,2315,1854.66
33,2315,1855.36
34,2315,1856.77
35,2315,1867.9
36,2315,1867.07
37,2315,1882.54
38,2337,1889.83
39,2337,1909.25
40,2337,1928.36
41,2337,1961.55
42,2337,1972.01
43,2315,1989.64
44,2352,1994.35
45,2352,1972.89
46,2315,1985.37
47,2315,1977.42
48,2315,1988.31
49,2383,1981.77
50,2315,1963.44
51,2315,1966.15
52,2326,1955.9
53,2326,1938.56
54,2326,1936.21
55,2373,1954.07
56,2373,1947.79
57,2373,1927.24
58,2373,1907.43
59,2373,1945.56
60,2373,1997.71
61,2373,1987.68
62,2326,2036.43
63,2326,2055.75
64,2334,2007.53
65,2334,2035.55
66,2334,2038.28
67,2334,2003.16
68,2314,1991.63
69,2290,1984.32
70,2254,1973.4
71,2277,1967.22
72,2279,1971.43
73,2373,1961.73
74,2326,1864.21
75,2322,1854.59
76,2347,1845.38
77,2322,1851.25
78,2322,1846.75
79,2301,1904.76
80,2289,1883.07
81,2289,1898.54
82,2289,1917.54
83,2311,1901.32
84,2325,1954.11
85,2347,1947.29
86,2347,1931.48
87,2347,1901.09
88,2347,1885.69
89,2347,1876.84
90,2347,1890.04
91,2347,1887.67
92,2347,1935.65
93,2347,1946.21
94,2347,1968.01
95,2347,1959.03
96,2347,1992.12
97,2347,1960.82
98,2347,1982.37
99,2347,1981.51
100,2347,2015.13
101,2347,2009.04
102,2347,1990.49
103,2347,1964.24
104,2347,1999.43
105,2347,2017.25
106,2347,2035.27
107,2347,1953.23
108,2347,1905.73
109,2347,1923.14
110,2347,1975.86
111,2347,2001.27
112,2347,1968.13
113,2347,2038.81
114,2347,2000.09
115,2347,2038.98
116,2347,2038.41
117,2347,2054.21
118,2347,2009.38
119,2347,2019.15
120,2347,1999.42
121,2347,1997.17
122,2347,2035.24
123,2347,2029.14
124,2347,2048.59
125,2347,2037.39
126,2347,2047.48
127,2347,2024.15
128,2347,2043.09
129,2380,2002.32
130,2371,2007.16
131,2371,1962.97
132,2371,1976.07
133,2371,1928.47
134,2319,1934.24
135,2319,1953.09
136,2319,1954.27
137,2319,1922.13
138,2297,1912.34
139,2297,1882.94
140,2297,1914.09
141,2300,1877.38
142,2300,1910.84
143,2319,1891.06
144,2319,1930.31
145,2319,1993.59
146,2319,2028.23
147,2319,2031
148,2325,1985.82
149,2333,2014.38
150,2325,1966.18
151,2325,1943.75
152,2325,2019.73
153,2325,2016.31
154,2325,2001.74
155,2325,1942.76
156,2325,1891.97
157,2325,1964.26
158,2341,1944.29
159,2347,1946.36
160,2347,1948.56
161,2355,1934.76
162,2355,1904.1
163,2355,1914.98
164,2361,1911.26
165,2374,1880.99
166,2374,1931.15
167,2259,1894.95
168,2293,1911.46
169,2244,1928.55
170,2244,1955.45
171,2279,1928.67
172,2279,1956.92
173,2242,1943.94
174,2242,1933.1
175,2242,1897.16
176,2242,1914.98
177,2235,1939.59
178,2235,1939.27
179,2267,1988.43
180,2369,1970.73
181,2416,1972.18
182,2416,1961.93
183,2416,2022.58
184,2416,2018.31
185,2416,1960.71
186,2416,1970.91
187,2416,1994.87
188,2416,1938.33
189,2438,1948.22
190,2279,1911.68
191,2369,1968
192,2391,1971.77
193,2391,1984.63
194,2438,1969.79
195,2332,1945.57
196,2332,2014.38
197,2332,2020.77
198,2408,2023.53
199,2380,2061.77
200,2380,2065.33
201,2344,2041.39
202,2438,2044.85
203,2438,2050.26
204,2438,2076.04
205,2391,2036.01
206,2419,2057.32
207,2419,2073.59
208,2391,2045.74
209,2369,2047.61
210,2369,2037.96
211,2369,2051.9
212,2369,2081.33
213,2369,2073.75
214,2408,2073.56
215,2380,2084.91
216,2315,2081.59
217,2357,2058.88
218,2357,2038.18
219,2357,2031.61
220,2344,2042.23
221,2416,2044.63
222,2416,2079.65
223,2416,2072.44
224,2344,2067.11
225,2444,2082.65
226,2444,2083.77
227,2444,2114.73
228,2444,2149.76
229,2444,2125.02
230,2444,2139.43
231,2408,2073.16
232,2340,2096.78
233,2336,2088.27
234,2466,2121.78
235,2474,2076.5
236,2408,2092.25
237,2307,2044.8
238,2366,2097.94
239,2311,2051.93
240,2298,2086.97
241,2311,2084.33
242,2298,2084.75
243,2298,2041.58
244,2309,2004.84
245,2438,2036.53
246,2298,2042.03
247,2298,2084.03
248,2298,2096.06
249,2298,2092.28
250,2314,2098.84
251,2322,2088.76
252,2322,2053.42
253,2322,2015.21
254,2314,2068.23
255,2314,2021.47
256,2314,2015.91
257,2322,2002.7
258,2322,2011.18
259,2430,2010.4
260,2430,2024.15
261,2430,2027.03
262,2322,2011.5
263,2358,1989.68
264,2358,2004.2
265,2358,2000.35
266,2322,2026.81
267,2322,2033.72
268,2318,2028.51
269,2370,2026.83
270,2346,2060.23
271,2346,2064.07
272,2350,2061.04
273,2350,1995.89
274,2358,2028.74
275,2354,2066.78
276,2358,2058.88
277,2474,2054.02
278,2474,2047.16
279,2474,2093.23
280,2474,2108.89
281,2474,2053.53
282,2358,2011.4
283,2358,1996.92
284,2314,1977.64
285,2337,1927.18
286,2354,1960.28
287,2430,1953.44
288,2430,1912.12
289,2430,1993.03
290,2430,1944.08
291,2430,1977.78
292,2430,1986.04
293,2430,1980.23
294,2430,1972.7
295,2430,1970.44
296,2430,1982.23
297,2430,1998.63
298,2430,2022.33
299,2419,2003.59
Population size,100
Crossover rate,0.51
Mutation rate,0.79
Random selection portion,0.03
Selection method,AForge.Genetic.RankSelection
Diversity check,True
Iteration,FitnessMax,FitnessAvg
0,1828,1359.27
1,1828,1476.96
2,2187,1587.12
3,2187,1682.59
4,2270,1767.64
5,2333,1803.33
6,2333,1855.51
7,2333,1929.31
8,2333,2003.28
9,2333,2056.03
10,2333,2117.07
11,2370,2158.43
12,2366,2170.31
13,2416,2175.66
14,2474,2216.7
15,2474,2248.54
16,2474,2246.16
17,2405,2242.49
18,2452,2264.69
19,2452,2257.04
20,2452,2191.74
21,2452,2213.94
22,2452,2244.49
23,2452,2235.48
24,2452,2293.58
25,2452,2267.25
26,2452,2309.94
27,2474,2321.28
28,2474,2323.35
29,2474,2310.47
30,2474,2345.9
31,2474,2346.1
32,2474,2346.74
33,2474,2363.77
34,2474,2364.76
35,2474,2340.96
36,2474,2311.6
37,2474,2325.82
38,2474,2341.51
39,2474,2390.64
40,2474,2407.22
41,2474,1441.46
42,2474,1583.48
43,2474,1660.24
44,2474,1751.71
45,2297,1838.9
46,2297,1903.4
47,2306,1971.86
48,2474,1999.07
49,2474,2075.75
50,2474,2129.75
51,2415,2147
52,2474,2203.79
53,2474,2198.22
54,2474,2190.59
55,2474,2234.78
56,2474,2270.53
57,2474,2254.98
58,2474,2292.84
59,2474,2330.45
60,2474,2278.79
61,2474,2300.29
62,2474,2318.91
63,2474,2279.39
64,2474,2297.2
65,2474,2334.5
66,2474,2340.62
67,2474,2359.67
68,2474,2345.09
69,2474,2279.23
70,2474,2310.7
71,2474,2353.87
72,2474,2352.08
73,2474,2382.94
74,2474,2358.8
75,2474,2324.72
76,2474,2326.44
77,2474,2350.09
78,2474,2346.26
79,2474,2353.78
80,2474,2344.33
81,2474,2363.25
82,2474,2365.41
83,2474,2381.32
84,2474,2404.43
85,2474,1338.99
86,2236,1469.31
87,2094,1597.82
88,2094,1651.54
89,2094,1691.31
90,2094,1767.44
91,2094,1809.81
92,2159,1863.23
93,2248,1876.59
94,2187,1912.31
95,2211,1985.01
96,2326,2027.81
97,2334,2033.77
98,2355,2064.89
99,2355,2125.98
100,2427,2124.15
101,2427,2121.16
102,2373,2201.72
103,2405,2211.63
104,2405,2232.27
105,2427,2250.59
106,2419,2277.33
107,2419,2280.67
108,2419,2283.35
109,2419,2315.71
110,2419,2306.82
111,2419,2237.53
112,2419,2306.96
113,2419,2301.49
114,2466,2305.83
115,2427,2275.25
116,2466,2264.2
117,2466,2272.22
118,2474,2308.31
119,2474,2284.15
120,2474,2317.46
121,2466,2347.37
122,2474,2337.53
123,2474,2337.98
124,2474,2389.89
125,2474,2388.1
126,2474,2379.6
127,2474,2410.07
128,2111,1458.38
129,2120,1557.89
130,2111,1639.81
131,2079,1694.25
132,2079,1761.18
133,2192,1807.73
134,2266,1835.85
135,2323,1924.19
136,2269,1980.17
137,2277,1947.68
138,2362,1991.82
139,2361,2026.14
140,2427,2104.62
141,2427,2138.45
142,2427,2155.08
143,2427,2143.51
144,2427,2179.55
145,2430,2213.42
146,2438,2186.14
147,2474,2231.6
148,2474,2264.55
149,2474,2254.43
150,2474,2225.74
151,2474,2283.48
152,2474,2259.68
153,2474,2322.88
154,2474,2352.49
155,2474,2328.67
156,2474,2306.97
157,2474,2361.36
158,2474,2309.01
159,2474,2361.4
160,2474,2385.23
161,2474,2382.6
162,2474,2375.86
163,2474,2400.53
164,1907,1413.23
165,1907,1554.23
166,1979,1604.2
167,2146,1661.63
168,2094,1728.81
169,2178,1786.82
170,2178,1837.29
171,2267,1899.56
172,2267,1936.18
173,2254,1965.24
174,2254,1976.8
175,2267,1973.74
176,2283,2023.87
177,2380,2071.08
178,2380,2133.58
179,2380,2103.85
180,2380,2118.3
181,2416,2189.4
182,2416,2173.01
183,2416,2119.23
184,2419,2221.31
185,2452,2244.34
186,2452,2283.02
187,2474,2260.57
188,2474,2258.94
189,2474,2236.63
190,2474,2317.48
191,2474,2354.37
192,2474,2366.97
193,2474,2351.6
194,2474,2357.08
195,2474,2370.92
196,2474,2372.22
197,2474,2343.03
198,2474,2337.53
199,2474,2380.82
200,2474,2366.87
201,2474,2395.45
202,2474,2313.75
203,2474,2373.21
204,2474,2338.48
205,2474,2389.17
206,2474,2375.27
207,2474,2372.95
208,2474,2390.51
209,2474,2356.21
210,2474,2382.17
211,2474,2348.89
212,2474,2378.03
213,2474,2395.98
214,2474,2385.09
215,2474,2331.81
216,2474,2286.74
217,2474,2374.45
218,2474,2374.06
219,2474,2391.77
220,2474,2393.75
221,2474,2365.37
222,2474,2408.04
223,2474,1459.58
224,2474,1698.03
225,2474,1810.35
226,2474,1873.18
227,2474,1987.96
228,2474,2075.72
229,2474,2106.48
230,2474,2186.23
231,2474,2239.6
232,2474,2281.95
233,2474,2271.12
234,2474,2314.75
235,2474,2300.3
236,2474,2363.35
237,2474,2341.86
238,2474,2369.56
239,2474,2384.52
240,2474,2348.69
241,2474,2350.09
242,2474,2363.19
243,2474,2381.27
244,2474,2370.67
245,2474,2365.11
246,2474,2294.35
247,2474,2317.28
248,2474,2322.96
249,2474,2386.51
250,2474,2392.01
251,2474,2401.67
252,2075,1396.55
253,2075,1502.7
254,2075,1622
255,2130,1755.58
256,2099,1828.01
257,2249,1825.32
258,2253,1888.13
259,2300,1989.23
260,2322,2037.33
261,2373,2061.92
262,2336,2086.52
263,2336,2072.67
264,2336,2134.26
265,2404,2175.04
266,2404,2171.73
267,2404,2192.29
268,2404,2182.27
269,2438,2239.35
270,2438,2229.23
271,2438,2237.6
272,2415,2243.99
273,2415,2266.56
274,2415,2240.7
275,2474,2295.24
276,2474,2249.36
277,2474,2261.48
278,2474,2311.28
279,2474,2258.28
280,2474,2222.45
281,2474,2290.79
282,2474,2288.9
283,2474,2286.78
284,2474,2279.07
285,2474,2274.07
286,2474,2321.92
287,2474,2348.03
288,2474,2328.47
289,2474,2342.7
290,2474,2365.04
291,2474,2383.9
292,2474,2375.9
293,2474,2358.03
294,2474,2375.95
295,2474,2363.63
296,2474,2371.1
297,2474,2365.62
298,2474,2405.99
299,2093,1283.29
Population size,100
Crossover rate,0.51
Mutation rate,0.79
Random selection portion,0.03
Selection method,AForge.Genetic.RankSelection
Diversity check,False
Iteration,FitnessMax,FitnessAvg
0,1847,1358.31
1,1899,1508.53
2,1899,1598.78
3,1989,1672.77
4,2047,1739.84
5,2163,1816.55
6,2199,1829.66
7,2319,1886.38
8,2239,1947.63
9,2277,1971.04
10,2246,2030.59
11,2406,1997.37
12,2406,2060.08
13,2406,2155.43
14,2406,2148.63
15,2406,2191.16
16,2406,2193.68
17,2430,2217.07
18,2438,2219.49
19,2466,2261.84
20,2466,2283.15
21,2466,2269.88
22,2466,2297.92
23,2466,2312.86
24,2474,2333.78
25,2474,2293.97
26,2474,2242.23
27,2474,2259.83
28,2474,2294.36
29,2474,2307.92
30,2474,2356.9
31,2474,2343.11
32,2474,2367.66
33,2474,2372.81
34,2474,2357.11
35,2474,2388.62
36,2474,2410.4
37,2474,2392.46
38,2474,2413.78
39,2474,2377.14
40,2474,2416.86
41,2474,2382.36
42,2474,2372.45
43,2474,2364.91
44,2474,2317.06
45,2474,2394.81
46,2474,2391.56
47,2474,2402.72
48,2474,2412.53
49,2474,2373.27
50,2474,2394.86
51,2474,2368.83
52,2474,2371.67
53,2474,2371.57
54,2474,2389.02
55,2474,2349.99
56,2474,2372.63
57,2474,2402.8
58,2474,2413.57
59,2474,2414.92
60,2474,2419.49
61,2474,2415.8
62,2474,2413.39
63,2474,2370.73
64,2474,2376.87
65,2474,2380.4
66,2474,2326.73
67,2474,2387.97
68,2474,2376.53
69,2474,2326.58
70,2474,2347.62
71,2474,2307.93
72,2474,2338.24
73,2474,2359.3
74,2474,2387.48
75,2474,2384.94
76,2474,2372.78
77,2474,2392.2
78,2474,2353.57
79,2474,2385.75
80,2474,2325.99
81,2474,2366.99
82,2474,2341.05
83,2474,2397.38
84,2474,2399.54
85,2474,2379.06
86,2474,2377.37
87,2474,2343.05
88,2474,2323.83
89,2474,2351.26
90,2474,2374.77
91,2474,2402.12
92,2474,2407.77
93,2474,2406.39
94,2474,2388.75
95,2474,2407.69
96,2474,2391.26
97,2474,2392.51
98,2474,2391.25
99,2474,2361.25
100,2474,2395.2
101,2474,2389.49
102,2474,2382.81
103,2474,2382.22
104,2474,2397.29
105,2474,2400.99
106,2474,2383.63
107,2474,2330.5
108,2474,2350.54
109,2474,2404.76
110,2474,2386.31
111,2474,2416.13
112,2474,2393.65
113,2474,2341.87
114,2474,2342.6
115,2474,2333.01
116,2474,2392.66
117,2474,2400.94
118,2474,2359.82
119,2474,2360.81
120,2474,2377.58
121,2474,2401.03
122,2474,2363.39
123,2474,2359.84
124,2474,2373.46
125,2474,2355.13
126,2474,2406.25
127,2474,2381.56
128,2474,2409.45
129,2474,2418.63
130,2474,2383.48
131,2474,2415.94
132,2474,2389.45
133,2474,2411.99
134,2474,2406.03
135,2474,2406.28
136,2474,2371.69
137,2474,2410.09
138,2474,2391.75
139,2474,2405.69
140,2474,2397.75
141,2474,2368.09
142,2474,2401.38
143,2474,2402.21
144,2474,2371
145,2474,2408.47
146,2474,2346.69
147,2474,2407.47
148,2474,2419.83
149,2474,2399.81
150,2474,2388.54
151,2474,2398.98
152,2474,2282.76
153,2474,2384.34
154,2474,2336.41
155,2474,2392.82
156,2474,2401.53
157,2474,2384.7
158,2474,2391.33
159,2474,2362.85
160,2474,2389.83
161,2474,2407.54
162,2474,2389.75
163,2474,2379.42
164,2474,2359.27
165,2474,2402.13
166,2474,2406.46
167,2474,2396.08
168,2474,2381.04
169,2474,2407.55
170,2474,2390.53
171,2474,2355.58
172,2474,2396.28
173,2474,2388.25
174,2474,2385.87
175,2474,2394.62
176,2474,2398.86
177,2474,2394.13
178,2474,2374.11
179,2474,2380.5
180,2474,2388.6
181,2474,2381.68
182,2474,2400.84
183,2474,2382.16
184,2474,2374.63
185,2474,2369.46
186,2474,2392.69
187,2474,2391.56
188,2474,2391.17
189,2474,2388.74
190,2474,2405.47
191,2474,2404.75
192,2474,2387.58
193,2474,2379.66
194,2474,2376.08
195,2474,2366.57
196,2474,2325.1
197,2474,2409.09
198,2474,2391.83
199,2474,2404.92
200,2474,2346.12
201,2474,2374.64
202,2474,2393.08
203,2474,2400.06
204,2474,2404.76
205,2474,2403.8
206,2474,2404.56
207,2474,2389.35
208,2474,2383.92
209,2474,2372.23
210,2474,2387.38
211,2474,2370.91
212,2474,2408.68
213,2474,2390.68
214,2474,2395.61
215,2474,2308.17
216,2474,2390.73
217,2474,2408.91
218,2474,2381.3
219,2474,2397.38
220,2474,2381.15
221,2474,2401.11
222,2474,2428.28
223,2474,2392.83
224,2474,2380.58
225,2474,2415.67
226,2474,2400.12
227,2474,2404.21
228,2474,2399.94
229,2474,2365.72
230,2474,2360.23
231,2474,2370.12
232,2474,2411.23
233,2474,2403.92
234,2474,2371.26
235,2474,2341.45
236,2474,2425.56
237,2474,2413.03
238,2474,2388.23
239,2474,2381.69
240,2474,2367.85
241,2474,2396.41
242,2474,2403.77
243,2474,2403.47
244,2474,2377.57
245,2474,2362.59
246,2474,2360.4
247,2474,2364.01
248,2474,2347.52
249,2474,2376.19
250,2474,2371.95
251,2474,2357.07
252,2474,2402.12
253,2474,2416.04
254,2474,2397.75
255,2474,2411.13
256,2474,2365.42
257,2474,2388.01
258,2474,2387.77
259,2474,2401.34
260,2474,2375.94
261,2474,2399.47
262,2474,2423.81
263,2474,2376.39
264,2474,2417.11
265,2474,2410.74
266,2474,2390.4
267,2474,2354.32
268,2474,2359.99
269,2474,2349.8
270,2474,2385.53
271,2474,2414.11
272,2474,2373.55
273,2474,2386.13
274,2474,2367.98
275,2474,2364.51
276,2474,2402.25
277,2474,2397.07
278,2474,2378.47
279,2474,2380.75
280,2474,2352.98
281,2474,2368.93
282,2474,2406.78
283,2474,2411.69
284,2474,2393.57
285,2474,2365.34
286,2474,2346.98
287,2474,2376.71
288,2474,2387.39
289,2474,2369.39
290,2474,2373.95
291,2474,2424.86
292,2474,2407.02
293,2474,2409.75
294,2474,2405.14
295,2474,2332.52
296,2474,2371.45
297,2474,2369.81
298,2474,2376.53
299,2474,2408.74
Population size,100
Crossover rate,0.22
Mutation rate,0.87
Random selection portion,0.03
Selection method,AForge.Genetic.EliteSelection
Diversity check,False
Iteration,FitnessMax,FitnessAvg
0,2140,1469.48
1,2140,1628.89
2,2140,1753.01
3,2140,1793.01
4,2191,1889.11
5,2235,1928.56
6,2294,2011.98
7,2294,2050.06
8,2381,2100.7
9,2381,2137.67
10,2381,2157.78
11,2381,2175.81
12,2381,2196.64
13,2381,2224.71
14,2393,2223.78
15,2393,2243.83
16,2466,2264.29
17,2466,2278.88
18,2466,2289.61
19,2466,2304.25
20,2466,2317.69
21,2466,2310.04
22,2474,2338.99
23,2474,2329.36
24,2474,2341.82
25,2474,2351.46
26,2474,2374.4
27,2474,2379.53
28,2474,2377.05
29,2474,2404.69
30,2474,2408.05
31,2474,2415.46
32,2474,2420.13
33,2474,2423.73
34,2474,2426.54
35,2474,2425.83
36,2474,2437.37
37,2474,2436.3
38,2474,2437.89
39,2474,2413.91
40,2474,2420.09
41,2474,2421.93
42,2474,2420.35
43,2474,2421
44,2474,2431.44
45,2474,2424.84
46,2474,2442.31
47,2474,2440.74
48,2474,2432.47
49,2474,2435.01
50,2474,2421.62
51,2474,2440.74
52,2474,2429.35
53,2474,2436.43
54,2474,2443.73
55,2474,2435.16
56,2474,2438.48
57,2474,2424.07
58,2474,2442.73
59,2474,2433.49
60,2474,2439.81
61,2474,2432.65
62,2474,2412.65
63,2474,2430.58
64,2474,2423.79
65,2474,2446.47
66,2474,2428.53
67,2474,2439.78
68,2474,2439.05
69,2474,2423.23
70,2474,2422.91
71,2474,2430.35
72,2474,2429.42
73,2474,2425.79
74,2474,2434.31
75,2474,2439.52
76,2474,2434.55
77,2474,2440.39
78,2474,2435.81
79,2474,2422.28
80,2474,2442.81
81,2474,2445.23
82,2474,2429.37
83,2474,2444.83
84,2474,2405.4
85,2474,2436.35
86,2474,2431.5
87,2474,2440.99
88,2474,2442.96
89,2474,2431.44
90,2474,2424.71
91,2474,2416.53
92,2474,2425.01
93,2474,2427.72
94,2474,2443.83
95,2474,2439.38
96,2474,2433.98
97,2474,2425.81
98,2474,2442.94
99,2474,2443.91
100,2474,2444.17
101,2474,2435.63
102,2474,2434.42
103,2474,2424.78
104,2474,2419.56
105,2474,2441.1
106,2474,2430.35
107,2474,2445.83
108,2474,2442.33
109,2474,2439.61
110,2474,2439.92
111,2474,2434.35
112,2474,2422.68
113,2474,2435.05
114,2474,2424.72
115,2474,2434.12
116,2474,2426.84
117,2474,2422.1
118,2474,2438.97
119,2474,2436.77
120,2474,2422
121,2474,2444.24
122,2474,2436.64
123,2474,2430.81
124,2474,2435.35
125,2474,2435.67
126,2474,2435.78
127,2474,2423.02
128,2474,2426.19
129,2474,2425.21
130,2474,2440.24
131,2474,2434.48
132,2474,2431.16
133,2474,2443.72
134,2474,2422.2
135,2474,2427.34
136,2474,2431.96
137,2474,2429.96
138,2474,2422.24
139,2474,2418.32
140,2474,2425.27
141,2474,2438.02
142,2474,2432.42
143,2474,2432.9
144,2474,2436.82
145,2474,2428.77
146,2474,2415.94
147,2474,2434.65
148,2474,2439.48
149,2474,2426.53
150,2474,2442.24
151,2474,2430
152,2474,2434.91
153,2474,2430.78
154,2474,2434.56
155,2474,2445.96
156,2474,2433.39
157,2474,2428.27
158,2474,2427.25
159,2474,2433.22
160,2474,2435.13
161,2474,2438.95
162,2474,2441.88
163,2474,2427.87
164,2474,2439.94
165,2474,2431.35
166,2474,2439.36
167,2474,2422.75
168,2474,2437.39
169,2474,2425.97
170,2474,2436.17
171,2474,2443.13
172,2474,2420.19
173,2474,2445.65
174,2474,2439.65
175,2474,2441.69
176,2474,2428.89
177,2474,2421.67
178,2474,2429.98
179,2474,2429.12
180,2474,2425.69
181,2474,2442.1
182,2474,2423.24
183,2474,2436.81
184,2474,2441.86
185,2474,2436.17
186,2474,2441.95
187,2474,2443.16
188,2474,2432.79
189,2474,2442.47
190,2474,2418.89
191,2474,2432.74
192,2474,2422.94
193,2474,2443.85
194,2474,2433.7
195,2474,2436.86
196,2474,2431.33
197,2474,2438.66
198,2474,2428.2
199,2474,2433.77
200,2474,2432.86
201,2474,2438.58
202,2474,2442.92
203,2474,2433.39
204,2474,2432.05
205,2474,2427.75
206,2474,2437.17
207,2474,2428.23
208,2474,2424.05
209,2474,2421.72
210,2474,2428.86
211,2474,2433.57
212,2474,2433.84
213,2474,2437.39
214,2474,2423.16
215,2474,2422
216,2474,2432.51
217,2474,2432.76
218,2474,2438.14
219,2474,2436.5
220,2474,2421.69
221,2474,2438.04
222,2474,2440.99
223,2474,2437.79
224,2474,2435.86
225,2474,2430.68
226,2474,2436.61
227,2474,2434.73
228,2474,2436.37
229,2474,2424.27
230,2474,2432.99
231,2474,2434.04
232,2474,2447.69
233,2474,2424.74
234,2474,2435.01
235,2474,2440
236,2474,2437.54
237,2474,2420.47
238,2474,2436.89
239,2474,2442.23
240,2474,2443.61
241,2474,2439.6
242,2474,2441.23
243,2474,2431.25
244,2474,2424.03
245,2474,2444.2
246,2474,2439.02
247,2474,2432.29
248,2474,2430.03
249,2474,2442.74
250,2474,2443.47
251,2474,2435.33
252,2474,2432.45
253,2474,2440.29
254,2474,2437.82
255,2474,2437.4
256,2474,2434.53
257,2474,2446.44
258,2474,2436.83
259,2474,2436.95
260,2474,2445.35
261,2474,2436.03
262,2474,2433.72
263,2474,2417.89
264,2474,2440.79
265,2474,2435
266,2474,2430.5
267,2474,2435.17
268,2474,2443.62
269,2474,2429.67
270,2474,2426.53
271,2474,2441.55
272,2474,2415.32
273,2474,2423.04
274,2474,2429.91
275,2474,2432.13
276,2474,2435.98
277,2474,2447.02
278,2474,2415.52
279,2474,2426.89
280,2474,2439.01
281,2474,2413.29
282,2474,2432.53
283,2474,2436.61
284,2474,2440.15
285,2474,2422.31
286,2474,2429.81
287,2474,2441.19
288,2474,2436.9
289,2474,2438.26
290,2474,2450.62
291,2474,2422.56
292,2474,2430.27
293,2474,2439.65
294,2474,2426.57
295,2474,2436.71
296,2474,2446.3
297,2474,2432.69
298,2474,2439.19
299,2474,2436.83
Population size,100
Crossover rate,0.22
Mutation rate,0.87
Random selection portion,0.03
Selection method,AForge.Genetic.EliteSelection
Diversity check,True
Iteration,FitnessMax,FitnessAvg
0,1980,1521.94
1,1980,1645.5
2,1988,1753.21
3,2082,1809.23
4,2167,1896.16
5,2189,1935.62
6,2264,2020.29
7,2264,2050.68
8,2365,2104.62
9,2365,2152.69
10,2368,2187.81
11,2385,2223.23
12,2415,2235.22
13,2415,2269.76
14,2466,2282.68
15,2466,2321.44
16,2466,2337.15
17,2474,2338.63
18,2474,2361.2
19,2474,2369.04
20,2474,2383.29
21,2474,2374.19
22,2474,2392.08
23,2474,2411.33
24,2474,1495.4
25,2474,1617.43
26,2474,1731.68
27,2474,1817.48
28,2474,1918.73
29,2474,1996.42
30,2474,2081.64
31,2474,2163.22
32,2474,2238.85
33,2474,2286.85
34,2474,2311.85
35,2474,2351
36,2474,2378.72
37,2474,2400.82
38,2474,1516.75
39,2474,1670.39
40,2474,1803.49
41,2474,1911.87
42,2474,2022.04
43,2474,2101.43
44,2474,2177.12
45,2474,2240.54
46,2474,2292.01
47,2474,2317.47
48,2474,2345.39
49,2474,2375.75
50,2474,2390.41
51,2474,2407.97
52,2474,1555.13
53,2474,1680.14
54,2474,1761.66
55,2474,1837.76
56,2474,1906.29
57,2474,1963.78
58,2474,2018.91
59,2474,2112.46
60,2474,2186.16
61,2474,2260.61
62,2474,2313.51
63,2474,2357.21
64,2474,2382.8
65,2474,2394.6
66,2474,2395.9
67,2474,2415.72
68,2474,1478.83
69,2474,1633.62
70,2474,1752.07
71,2474,1871.39
72,2474,1996.32
73,2474,2098.49
74,2474,2208.77
75,2474,2266.01
76,2474,2321.27
77,2474,2328.62
78,2474,2372.4
79,2474,2385.21
80,2474,2407.1
81,2474,1490.69
82,2474,1668.13
83,2474,1734.46
84,2474,1830.74
85,2474,1929.44
86,2474,1986.85
87,2474,2061.14
88,2474,2121.34
89,2474,2165.81
90,2474,2192.05
91,2474,2231.06
92,2474,2268.53
93,2474,2281.57
94,2474,2323.7
95,2474,2331.3
96,2474,2358.05
97,2474,2386.08
98,2474,2392.96
99,2474,2415.67
100,2474,1481.83
101,2474,1614.9
102,2474,1734.86
103,2474,1851.32
104,2474,1934.88
105,2474,2022.28
106,2474,2100.79
107,2474,2164.61
108,2474,2229.28
109,2474,2265.44
110,2474,2302.31
111,2474,2309.9
112,2474,2349.36
113,2474,2375.9
114,2474,2390.07
115,2474,2421.76
116,2474,1545.6
117,2474,1735.71
118,2474,1829.99
119,2474,1904.53
120,2474,1998.63
121,2474,2073.79
122,2474,2148.11
123,2474,2193.33
124,2474,2251.39
125,2474,2268.23
126,2474,2310.31
127,2474,2347.31
128,2474,2364.49
129,2474,2387.67
130,2474,2409.54
131,2474,1511.1
132,2474,1645.46
133,2474,1758.73
134,2474,1843.72
135,2474,1897.54
136,2474,1963.15
137,2474,2005.77
138,2474,2098.31
139,2474,2170.81
140,2474,2226.13
141,2474,2255.7
142,2474,2297.98
143,2474,2339.33
144,2474,2360.05
145,2474,2377.98
146,2474,2389.43
147,2474,2415.3
148,2474,1521.72
149,2474,1664.71
150,2474,1806.85
151,2474,1902.1
152,2474,2000.87
153,2474,2061.53
154,2474,2142.96
155,2474,2182.72
156,2474,2219.77
157,2474,2269.8
158,2474,2300.92
159,2474,2335.63
160,2474,2350.34
161,2474,2382.72
162,2474,2375.17
163,2474,2404.05
164,2474,1508.79
165,2474,1627.17
166,2474,1755.7
167,2474,1856.91
168,2474,1926.33
169,2474,2009.73
170,2474,2084.9
171,2474,2148.08
172,2474,2198.72
173,2474,2253.71
174,2474,2276.33
175,2474,2330.4
176,2474,2343.41
177,2474,2401.92
178,2474,1493.19
179,2474,1619.3
180,2474,1714.4
181,2474,1762.08
182,2474,1859.69
183,2474,1934.4
184,2474,2043.84
185,2474,2135.8
186,2474,2221.51
187,2474,2276.58
188,2474,2289.8
189,2474,2331.03
190,2474,2365.5
191,2474,2378.2
192,2474,2369.8
193,2474,2408.65
194,2474,1444.01
195,2474,1620.88
196,2474,1730.89
197,2474,1854.55
198,2474,1954.95
199,2474,2032.51
200,2474,2129.65
201,2474,2191.13
202,2474,2243.39
203,2474,2275
204,2474,2320.62
205,2474,2348.53
206,2474,2358.45
207,2474,2347.61
208,2474,2394.12
209,2474,2402.4
210,2474,1536.14
211,2474,1721.51
212,2474,1844.47
213,2474,1941.61
214,2474,2007.14
215,2474,2080.97
216,2474,2130.54
217,2474,2180.88
218,2474,2208.3
219,2474,2253.17
220,2474,2307.97
221,2474,2341.34
222,2474,2402.24
223,2474,1529.03
224,2474,1652.43
225,2474,1803.03
226,2474,1921.51
227,2474,2026.6
228,2474,2093.53
229,2474,2157.14
230,2474,2208.55
231,2474,2253.89
232,2474,2297.38
233,2474,2319.86
234,2474,2343.18
235,2474,2374.31
236,2474,2403.95
237,2474,1485.26
238,2474,1612.07
239,2474,1718.9
240,2474,1804.43
241,2474,1923.54
242,2474,1997.45
243,2474,2070.57
244,2474,2155.1
245,2474,2220.14
246,2474,2283.3
247,2474,2311.26
248,2474,2347.06
249,2474,2390.62
250,2474,2424.93
251,2474,1523.68
252,2474,1674.84
253,2474,1799.14
254,2474,1895.16
255,2474,2020.66
256,2474,2095.8
257,2474,2161.37
258,2474,2229.85
259,2474,2280.83
260,2474,2307.66
261,2474,2323.51
262,2474,2359.03
263,2474,2375.42
264,2474,2383.82
265,2474,2399.74
266,2474,2429.5
267,2474,1567.91
268,2474,1730.54
269,2474,1847.59
270,2474,1950.05
271,2474,2065.32
272,2474,2138.79
273,2474,2206.1
274,2474,2260.46
275,2474,2286.51
276,2474,2327.07
277,2474,2363.29
278,2474,2381.14
279,2474,2384.94
280,2474,2420.24
281,2474,1469.06
282,2474,1586.18
283,2474,1690.62
284,2474,1821.01
285,2474,1938.36
286,2474,2048.72
287,2474,2117.59
288,2474,2165.06
289,2474,2242.38
290,2474,2270.64
291,2474,2299.66
292,2474,2349.56
293,2474,2382.84
294,2474,2396.25
295,2474,2413.5
296,2474,1528.51
297,2474,1673.65
298,2474,1813.84
299,2474,1893.75
Population size,100
Crossover rate,0.22
Mutation rate,0.87
Random selection portion,0.03
Selection method,AForge.Genetic.EliteSelection
Diversity check,True
Iteration,FitnessMax,FitnessAvg
0,1989,1538.6
1,2001,1642.74
2,2044,1750.64
3,2275,1830.66
4,2275,1914.06
5,2275,1983.89
6,2275,2020.94
7,2371,2087.54
8,2371,2094.35
9,2393,2152
10,2393,2192.79
11,2393,2220.52
12,2395,2227.58
13,2474,2265.75
14,2474,2270.67
15,2474,2308.09
16,2474,2316.98
17,2474,2334.73
18,2474,2353.19
19,2474,2368.19
20,2474,2378.03
21,2474,2380.88
22,2474,2402.15
23,2474,1464.9
24,2474,1608.89
25,2474,1730.55
26,2474,1847.08
27,2474,1967.79
28,2474,2081.86
29,2474,2121.97
30,2474,2176.48
31,2474,2243.29
32,2474,2286.53
33,2474,2305.91
34,2474,2329.1
35,2474,2346.85
36,2474,2354.66
37,2474,2383.68
38,2474,2391.96
39,2474,2399.48
40,2474,2431.95
41,2474,1446.11
42,2474,1601.54
43,2474,1747.99
44,2474,1839.91
45,2474,1920.27
46,2474,2019.77
47,2474,2082.23
48,2474,2156.69
49,2474,2209.44
Population size,100
Crossover rate,0.22
Mutation rate,0.87
Random selection portion,0.03
Selection method,AForge.Genetic.EliteSelection
Diversity check,True
Iteration,FitnessMax,FitnessAvg
0,2042,1543.01
1,2099,1700.04
2,2170,1818.72
3,2245,1909.7
4,2289,1985.61
5,2289,2071.84
6,2292,2102.31
7,2324,2141.86
8,2348,2195.86
9,2361,2200.75
10,2370,2238.89
11,2408,2255.23
12,2408,2269.41
13,2466,2282.86
14,2466,2305.43
15,2466,2307.11
16,2466,2307.77
17,2466,2336.37
18,2466,2339.04
19,2474,2337.4
20,2474,2345.75
21,2474,2347.36
22,2474,2394.12
23,2474,2380.95
24,2474,2399.09
25,2474,2396.82
26,2474,2417.31
27,2474,1454.73
28,2474,1597.56
29,2474,1699.67
