Population size,30
Crossover rate,0.1
Mutation rate,0.1
Random selection portion,0
Selection method,AForge.Genetic.RouletteWheelSelection
Iteration,FitnessMax,FitnessAvg
0,2540,1955.36666666667
1,2540,1997.36666666667
2,2540,2132.83333333333
3,2540,2260.53333333333
4,2540,2317.73333333333
5,2540,2333.23333333333
6,2540,2389.86666666667
7,2540,2356.5
8,2540,2363
9,2540,2376.5
10,2540,2393.76666666667
11,2764,2386.53333333333
12,2764,2441.93333333333
13,2764,2454.8
14,2960,2531.73333333333
15,2960,2592.66666666667
16,2960,2541.13333333333
17,2960,2603.33333333333
18,2994,2568.8
19,2960,2555.36666666667
20,2960,2595
21,2960,2524.4
22,2960,2522.83333333333
23,2960,2560.96666666667
24,2960,2584.93333333333
25,2960,2652.5
26,2960,2638.56666666667
27,2960,2578.03333333333
28,2960,2574.03333333333
29,2960,2590
30,2960,2554.96666666667
31,2879,2598.36666666667
32,2889,2644
33,2960,2628.1
34,2960,2653.1
35,2960,2656.36666666667
36,2960,2676.36666666667
37,2960,2746.6
38,2960,2740.1
39,2960,2733.7
40,2960,2714.4
41,2960,2745.93333333333
42,2960,2744.76666666667
43,2960,2752.03333333333
44,2960,2709.93333333333
45,2960,2657.9
46,2960,2621.53333333333
47,2960,2636.1
48,2879,2664.76666666667
49,2879,2654.96666666667
50,2879,2653.13333333333
51,2878,2624.7
52,2878,2608.63333333333
53,2785,2623.06666666667
54,2842,2648.2
55,2842,2648.83333333333
56,2842,2643.66666666667
57,2842,2614.6
58,2785,2619.53333333333
59,2785,2594.03333333333
60,2785,2601.33333333333
61,2785,2633.53333333333
62,2785,2629.16666666667
63,2785,2616.3
64,2785,2598.5
65,2842,2567.23333333333
66,2842,2555.2
67,2842,2573.06666666667
68,2842,2630.26666666667
69,2868,2658.53333333333
70,2842,2653.13333333333
71,2842,2638.23333333333
72,2919,2648.26666666667
73,2919,2635.4
74,2919,2658.43333333333
75,2919,2657.2
76,2919,2669.76666666667
77,2919,2711.66666666667
78,2926,2708.23333333333
79,2919,2699.03333333333
80,2889,2686.63333333333
81,2889,2701.3
82,2889,2712.1
83,2889,2657.6
84,2811,2645.53333333333
85,2811,2659.63333333333
86,2862,2639.83333333333
87,2862,2671.8
88,2862,2649.63333333333
89,2862,2668.03333333333
90,2862,2645.56666666667
91,2862,2676.2
92,2862,2696.46666666667
93,2862,2736.33333333333
94,2966,2741.7
95,2966,2749.83333333333
96,2966,2803.6
97,2966,2828.9
98,2967,2822.6
99,2967,2819.2
Population size,30
Crossover rate,0.2
Mutation rate,0.1
Random selection portion,0
Selection method,AForge.Genetic.RouletteWheelSelection
Iteration,FitnessMax,FitnessAvg
0,2387,1779.6
1,2249,1871.33333333333
2,2190,1953.26666666667
3,2190,2022.93333333333
4,2464,2055.46666666667
5,2560,2124.06666666667
6,2560,2112.63333333333
7,2560,2121.6
8,2560,2147.7
9,2645,2209.3
10,2645,2267.36666666667
11,2772,2373.8
12,2687,2424.13333333333
13,2687,2465.43333333333
14,2687,2517.33333333333
15,2687,2554.16666666667
16,2645,2558.26666666667
17,2645,2575.86666666667
18,2645,2597.83333333333
19,2645,2600.2
20,2645,2595.23333333333
21,2645,2570.36666666667
22,2645,2576.56666666667
23,2645,2568.63333333333
24,2645,2552.7
25,2645,2563.16666666667
26,2645,2550.13333333333
27,2645,2529.23333333333
28,2645,2517
29,2642,2529.33333333333
30,2611,2528.2
31,2604,2510.16666666667
32,2604,2508.56666666667
33,2604,2507.93333333333
34,2604,2490.6
35,2604,2450.23333333333
36,2604,2457.8
37,2604,2473.23333333333
38,2604,2449.86666666667
39,2604,2457.33333333333
40,2604,2472.5
41,2713,2471.26666666667
42,2713,2506.46666666667
43,2713,2520.73333333333
44,2713,2519
45,2713,2522.06666666667
46,2713,2551.3
47,2713,2584.5
48,2713,2604.5
49,2730,2632.6
50,2730,2620.86666666667
51,2746,2614.2
52,2746,2637.9
53,2906,2641.16666666667
54,2906,2630.13333333333
55,2906,2620.9
56,2906,2636.76666666667
57,2906,2633.2
58,2784,2617.73333333333
59,2784,2608.66666666667
60,2784,2642.53333333333
61,2784,2639.5
62,2784,2663.33333333333
63,2784,2645.56666666667
64,2784,2656.96666666667
65,2784,2657.83333333333
66,2784,2665.26666666667
67,2784,2641.43333333333
68,2784,2675.56666666667
69,2784,2680.76666666667
70,2750,2656.66666666667
71,2784,2662.03333333333
72,2846,2647.2
73,2784,2628.4
74,2869,2625.9
75,3036,2662.43333333333
76,3036,2662.43333333333
77,3036,2604.96666666667
78,3036,2619.5
79,3036,2597.86666666667
80,2890,2670.76666666667
81,2890,2736.03333333333
82,2890,2686.8
83,2949,2692.8
84,2949,2696.86666666667
85,2949,2667.8
86,2949,2645.86666666667
87,2890,2656.03333333333
88,2890,2628.86666666667
89,2813,2648.5
90,2813,2630.36666666667
91,2813,2622.03333333333
92,2813,2599.43333333333
93,2813,2601.86666666667
94,2813,2641.36666666667
95,2782,2651.73333333333
96,2782,2640.16666666667
97,2782,2645.7
98,2818,2673.03333333333
99,2818,2668.86666666667
Population size,30
Crossover rate,0.3
Mutation rate,0.1
Random selection portion,0
Selection method,AForge.Genetic.RouletteWheelSelection
Iteration,FitnessMax,FitnessAvg
0,2624,1902.7
1,2741,2080.46666666667
2,2741,2096.83333333333
3,2804,2224.33333333333
4,2852,2446.76666666667
5,2852,2369.7
6,2741,2352.66666666667
7,2741,2282.2
8,2741,2403.2
9,2814,2403.7
10,2814,2412.13333333333
11,2814,2402.86666666667
12,2685,2368.46666666667
13,2685,2399.13333333333
14,2685,2410.66666666667
15,2685,2373.96666666667
16,2769,2501.46666666667
17,2770,2545.63333333333
18,2769,2526.7
19,2685,2482.96666666667
20,2834,2476.86666666667
21,2874,2485.33333333333
22,2717,2503.16666666667
23,2717,2540.66666666667
24,2717,2563.6
25,2727,2549.83333333333
26,2727,2542.5
27,2809,2603.33333333333
28,2900,2663.7
29,2900,2623.63333333333
30,2900,2626.6
31,2900,2623.8
32,2900,2629.13333333333
33,2900,2585.26666666667
34,2917,2649.3
35,2917,2671.8
36,2917,2681.16666666667
37,3051,2663
38,2917,2650.83333333333
39,2917,2690.46666666667
40,2917,2726.96666666667
41,2917,2709.23333333333
42,2904,2687.36666666667
43,2904,2701.23333333333
44,2904,2676.96666666667
45,2904,2697.66666666667
46,2904,2667.9
47,2904,2680.43333333333
48,2904,2721.03333333333
49,2904,2755.66666666667
50,2904,2741.8
51,2904,2726.73333333333
52,2904,2716.63333333333
53,2904,2767.16666666667
54,2904,2766.4
55,2928,2777.43333333333
56,2916,2759.96666666667
57,2916,2767.63333333333
58,2916,2760.1
59,2916,2702.9
60,2916,2684.26666666667
61,2975,2716.13333333333
62,2975,2722.03333333333
63,2975,2701.53333333333
64,2904,2689.16666666667
65,2904,2713.76666666667
66,2904,2750.76666666667
67,2904,2710.7
68,2904,2698.03333333333
69,2867,2668.33333333333
70,2867,2694.43333333333
71,2989,2741.93333333333
72,2989,2741.73333333333
73,2867,2703.26666666667
74,2867,2731.03333333333
75,2867,2741.36666666667
76,2867,2703.83333333333
77,2904,2721.1
78,2867,2714.06666666667
79,2867,2705.36666666667
80,2867,2738
81,2867,2749.26666666667
82,2867,2761.86666666667
83,2867,2766.8
84,2905,2732.86666666667
85,2926,2724.43333333333
86,2942,2709.8
87,3076,2722.53333333333
88,2942,2715.96666666667
89,2905,2721.5
90,2905,2722.13333333333
91,2893,2715.13333333333
92,2926,2742.4
93,2926,2775.13333333333
94,2926,2727.3
95,2926,2705.63333333333
96,2926,2690.43333333333
97,2926,2670.73333333333
98,2926,2659.3
99,2926,2630.3
Population size,30
Crossover rate,0.4
Mutation rate,0.1
Random selection portion,0
Selection method,AForge.Genetic.RouletteWheelSelection
Iteration,FitnessMax,FitnessAvg
0,2612,1844.6
1,2295,1793.93333333333
2,2295,1693.06666666667
3,2295,1742.36666666667
4,2363,1727.53333333333
5,2372,1901.36666666667
6,2372,1972.3
7,2392,2058.66666666667
8,2392,1988.6
9,2514,2037.96666666667
10,2514,2141.13333333333
11,2687,2212.66666666667
12,2687,2280.66666666667
13,2687,2246.86666666667
14,2726,2285.93333333333
15,2726,2306.46666666667
16,2726,2317.56666666667
17,2726,2308.3
18,2726,2295.9
19,2752,2341.46666666667
20,2752,2381.16666666667
21,2752,2339.96666666667
22,2563,2347.1
23,2649,2323.46666666667
24,2649,2366.23333333333
25,2563,2325.63333333333
26,2818,2431.1
27,2818,2484.83333333333
28,2896,2522.46666666667
29,2896,2562.43333333333
30,2896,2557.03333333333
31,2818,2554.16666666667
32,2777,2528.5
33,2859,2514.26666666667
34,2859,2479.76666666667
35,2859,2507.56666666667
36,2744,2524.06666666667
37,2901,2572.23333333333
38,2859,2594.16666666667
39,2859,2588.76666666667
40,2901,2663.13333333333
41,2901,2668
42,2901,2679.43333333333
43,2901,2679.26666666667
44,2901,2622.56666666667
45,2901,2615.46666666667
46,2901,2598.96666666667
47,2901,2710.43333333333
48,2901,2713.86666666667
49,2901,2727.56666666667
50,2901,2709.86666666667
51,2901,2720.7
52,2922,2707.4
53,2922,2679.63333333333
54,2901,2694.76666666667
55,2901,2660.23333333333
56,2901,2682.43333333333
57,2901,2672.26666666667
58,2901,2735.9
59,3058,2742.9
60,3058,2739.33333333333
61,3058,2762.4
62,3058,2700.53333333333
63,3097,2665.76666666667
64,3097,2724.26666666667
65,3097,2822.13333333333
66,3097,2837.2
67,3097,2886.83333333333
68,3097,2905.03333333333
69,3097,2948.26666666667
70,3097,2908.26666666667
71,3097,2854.23333333333
72,3097,2869.7
73,3097,2847.46666666667
74,3097,2837.46666666667
75,3077,2843.53333333333
76,3077,2854.16666666667
77,3077,2873.43333333333
78,2966,2853.96666666667
79,3097,2896.6
80,3097,2906.46666666667
81,3097,2902.6
82,3097,2913.63333333333
83,3097,2900.2
84,3097,2913.96666666667
85,3097,2914
86,3097,2935.1
87,3097,2908.93333333333
88,3097,2901.5
89,3097,2877.7
90,3097,2916
91,3097,2911.76666666667
92,3097,2897.33333333333
93,3097,2913.13333333333
94,3097,2896.6
95,3097,2853
96,3097,2883.26666666667
97,3097,2868.83333333333
98,3097,2799.23333333333
99,3097,2792.6
Population size,30
Crossover rate,0.5
Mutation rate,0.1
Random selection portion,0
Selection method,AForge.Genetic.RouletteWheelSelection
Iteration,FitnessMax,FitnessAvg
0,2722,1982.46666666667
1,2722,2010.26666666667
2,2722,2068.16666666667
3,2722,2186.96666666667
4,2722,2150.46666666667
5,2722,2121.83333333333
6,2722,2239.06666666667
7,2722,2222.3
8,2722,2216
9,2722,2283.13333333333
10,2711,2314.06666666667
11,2711,2341.13333333333
12,2711,2356.4
13,2584,2267.56666666667
14,2584,2285.33333333333
15,2655,2372.36666666667
16,2655,2414.56666666667
17,2655,2448.06666666667
18,2655,2444.8
19,2697,2477.86666666667
20,2697,2519.16666666667
21,2697,2494.13333333333
22,2697,2470.2
23,2731,2489.7
24,2634,2468.76666666667
25,2634,2494.66666666667
26,2674,2503.53333333333
27,2674,2511.83333333333
28,2674,2505.06666666667
29,2674,2498.23333333333
30,2674,2498.13333333333
31,2674,2484.63333333333
32,2674,2497.96666666667
33,2692,2515.26666666667
34,2692,2521.73333333333
35,2674,2520.13333333333
36,2756,2519.66666666667
37,2756,2502.53333333333
38,2674,2436.23333333333
39,2674,2474.7
40,2674,2482.56666666667
41,2674,2482.66666666667
42,2613,2481.63333333333
43,2611,2485.13333333333
44,2674,2492.66666666667
45,2674,2480.6
46,2674,2480.03333333333
47,2674,2467.2
48,2674,2452.06666666667
49,2674,2468.53333333333
50,2674,2465.93333333333
51,2674,2481.36666666667
52,2674,2501.1
53,2674,2520.4
54,2636,2456
55,2674,2454
56,2674,2470.73333333333
57,2674,2483.4
58,2718,2499.46666666667
59,2718,2487.83333333333
60,2674,2488
61,2674,2492.73333333333
62,2674,2479
63,2674,2519.16666666667
64,2674,2515.26666666667
65,2674,2523.96666666667
66,2674,2507.4
67,2830,2517.23333333333
68,2830,2487.73333333333
69,2674,2546.1
70,2674,2537.43333333333
71,2674,2544.9
72,2674,2516.33333333333
73,2674,2548.16666666667
74,2674,2561.16666666667
75,2686,2529.56666666667
76,2686,2494.33333333333
77,2686,2484.66666666667
78,2686,2492.13333333333
79,2686,2544.83333333333
80,2714,2526
81,2686,2493.93333333333
82,2752,2500.8
83,2686,2493.63333333333
84,2686,2498.03333333333
85,2686,2476.4
86,2686,2493.13333333333
87,2750,2504.76666666667
88,2686,2484.33333333333
89,2686,2501.33333333333
90,2686,2483.26666666667
91,2686,2485.33333333333
92,2687,2492.3
93,2687,2485.56666666667
94,2686,2464.56666666667
95,2538,2460.23333333333
96,2538,2461.7
97,2538,2461.1
98,2586,2458.53333333333
99,2586,2477.6
Population size,30
Crossover rate,0.6
Mutation rate,0.1
Random selection portion,0
Selection method,AForge.Genetic.RouletteWheelSelection
Iteration,FitnessMax,FitnessAvg
0,2455,1838.2
1,2455,1828.7
2,2455,1868.46666666667
3,2635,1847.5
4,2635,1866.36666666667
5,2635,1837.8
6,2635,2056.83333333333
7,2301,2086.9
8,2511,2106.46666666667
9,2511,2162.06666666667
10,2511,2157.53333333333
11,2469,2233.3
12,2469,2247.9
13,2469,2249.8
14,2598,2251.53333333333
15,2598,2231.26666666667
16,2621,2229.66666666667
17,2621,2256.26666666667
18,2621,2284.86666666667
19,2621,2423.03333333333
20,2621,2449.23333333333
21,2687,2476.7
22,2687,2485.16666666667
23,2772,2521.2
24,2725,2538.96666666667
25,2725,2553.73333333333
26,2759,2578.03333333333
27,2788,2606.13333333333
28,2791,2621.76666666667
29,2788,2614.03333333333
30,2825,2638.4
31,2825,2649.66666666667
32,2825,2651.16666666667
33,2825,2633.7
34,2825,2651.2
35,2791,2688.16666666667
36,2829,2732.4
37,2831,2740.1
38,2831,2739.96666666667
39,2831,2726.33333333333
40,2759,2713.76666666667
41,2759,2699.13333333333
42,2759,2713.03333333333
43,2822,2700.9
44,2767,2703.26666666667
45,2986,2759.3
46,2986,2785.26666666667
47,2986,2756.9
48,2994,2737.5
49,2994,2753.7
50,2994,2767.1
51,2994,2772.83333333333
52,2994,2775.46666666667
53,2994,2749.93333333333
54,2815,2742.8
55,2836,2737.23333333333
56,2836,2747.46666666667
57,2952,2766.26666666667
58,2836,2744.7
59,2836,2728.5
60,2836,2717.2
61,2836,2721.33333333333
62,2836,2714.76666666667
63,2836,2731.83333333333
64,2836,2715
65,2836,2729.36666666667
66,2986,2719.5
67,2986,2736.4
68,2986,2746.56666666667
69,2986,2752.7
70,2986,2756.73333333333
71,2986,2811.63333333333
72,2986,2806.4
73,2986,2795.1
74,3060,2788.83333333333
75,2965,2769.96666666667
76,2965,2772.4
77,2958,2781.7
78,3077,2789.8
79,3077,2801.73333333333
80,3140,2800.93333333333
81,3140,2825.16666666667
82,3140,2811.2
83,3140,2816.73333333333
84,3140,2808.3
85,3140,2810.1
86,3140,2818.4
87,3140,2811.86666666667
88,3140,2809.93333333333
89,3140,2783.4
90,3140,2764.16666666667
91,3140,2757.83333333333
92,3140,2738.03333333333
93,3140,2751.13333333333
94,3140,2781.8
95,3033,2775.03333333333
96,3140,2805.3
97,3140,2790.3
98,3140,2756.33333333333
99,3174,2775.23333333333
Population size,30
Crossover rate,0.7
Mutation rate,0.1
Random selection portion,0
Selection method,AForge.Genetic.RouletteWheelSelection
Iteration,FitnessMax,FitnessAvg
0,2517,1850.13333333333
1,2517,1876.83333333333
2,2517,2037.6
3,2517,2181.23333333333
4,2705,2167.63333333333
5,2705,2197.5
6,2869,2233.2
7,2869,2270.06666666667
8,2869,2313.6
9,2869,2312.53333333333
10,2606,2229.9
11,2606,2307.66666666667
12,2729,2363.2
13,2606,2346.23333333333
14,2606,2401.8
15,2606,2450.8
16,2654,2470.76666666667
17,2833,2483.43333333333
18,2833,2488.16666666667
19,2833,2514.76666666667
20,2767,2522.6
21,2756,2426.13333333333
22,2767,2455.93333333333
23,2767,2499.73333333333
24,2853,2460.1
25,2633,2400.8
26,2767,2375.06666666667
27,2767,2443.83333333333
28,2767,2479.6
29,2815,2501.83333333333
30,2767,2498.4
31,2767,2529.13333333333
32,2734,2546.23333333333
33,2767,2547
34,2767,2521.7
35,2767,2537.53333333333
36,2767,2568.03333333333
37,2767,2581.93333333333
38,2767,2569.3
39,2830,2586.53333333333
40,2830,2584.23333333333
41,2830,2616.6
42,2830,2602.23333333333
43,2959,2616.26666666667
44,2830,2583.13333333333
45,2830,2605.63333333333
46,2830,2586.63333333333
47,2830,2611.46666666667
48,2830,2616.8
49,2948,2641.4
50,2948,2621.6
51,2948,2615.73333333333
52,2830,2602.66666666667
53,2830,2638.63333333333
54,2849,2661.96666666667
55,2849,2673.1
56,2849,2676.86666666667
57,2849,2687.46666666667
58,2849,2674.53333333333
59,2849,2709.6
60,2849,2697.66666666667
61,2849,2712.63333333333
62,2886,2731
63,2886,2742.83333333333
64,2886,2749.13333333333
65,2886,2725.5
66,2886,2736.03333333333
67,2967,2765.16666666667
68,2967,2782.8
69,3003,2810.33333333333
70,3003,2790.4
71,2967,2774.3
72,2967,2798.46666666667
73,3004,2819.6
74,3004,2824.43333333333
75,3004,2840.3
76,3004,2878.06666666667
77,3004,2870.26666666667
78,2967,2878.73333333333
79,2992,2877.6
80,2967,2854.83333333333
81,2967,2862.03333333333
82,2967,2834.23333333333
83,3030,2840.03333333333
84,3030,2852.4
85,2967,2825.36666666667
86,2967,2853.36666666667
87,2977,2816.36666666667
88,2977,2822.63333333333
89,2978,2857.43333333333
90,2978,2834.66666666667
91,2978,2824.23333333333
92,2978,2832.8
93,2978,2837.73333333333
94,3072,2884.13333333333
95,3072,2922.53333333333
96,3072,2910.46666666667
97,3072,2903.96666666667
98,2978,2886.76666666667
99,2978,2907.86666666667
Population size,30
Crossover rate,0.8
Mutation rate,0.1
Random selection portion,0
Selection method,AForge.Genetic.RouletteWheelSelection
Iteration,FitnessMax,FitnessAvg
0,2574,1726.43333333333
1,2574,1920.13333333333
2,2545,1924.1
3,2545,1991.63333333333
4,2599,2055.33333333333
5,2545,2030.33333333333
6,2510,2042.16666666667
7,2627,2053.5
8,2372,2060.66666666667
9,2372,2101.43333333333
10,2372,2066.13333333333
11,2660,2090.73333333333
12,2660,2098.2
13,2660,2143.86666666667
14,2660,2211.13333333333
15,2639,2294.66666666667
16,2643,2338.36666666667
17,2660,2351.8
18,2744,2425.53333333333
19,2744,2450.03333333333
20,2665,2383.5
21,2757,2383.23333333333
22,2665,2338.5
23,2660,2371.2
24,2724,2433.9
25,2724,2413.96666666667
26,2724,2416.3
27,2724,2422.53333333333
28,2647,2425.83333333333
29,2615,2381.56666666667
30,2661,2429.36666666667
31,2806,2420.93333333333
32,2661,2417.1
33,2661,2395.3
34,2661,2427.1
35,2661,2441.06666666667
36,2661,2421.46666666667
37,2719,2447.3
38,2716,2436.7
39,2724,2448.6
40,2724,2494.43333333333
41,2724,2489.33333333333
42,2724,2473.66666666667
43,2724,2487.33333333333
44,2724,2482.53333333333
45,2724,2483.73333333333
46,2724,2498.9
47,2724,2480.53333333333
48,2661,2466.7
49,2661,2474.16666666667
50,2857,2470.83333333333
51,2857,2449.6
52,2647,2406.76666666667
53,2521,2418
54,2581,2403.83333333333
55,2581,2424.53333333333
56,2581,2423.53333333333
57,2581,2460.8
58,2581,2455.33333333333
59,2581,2451.36666666667
60,2581,2424.1
61,2581,2385.5
62,2581,2381.06666666667
63,2590,2394.96666666667
64,2576,2346.66666666667
65,2518,2305.7
66,2518,2308.63333333333
67,2581,2291
68,2544,2256.53333333333
69,2544,2266.8
70,2544,2267.56666666667
71,2544,2211.53333333333
72,2544,2217.3
73,2544,2207
74,2581,2265.63333333333
75,2581,2268.23333333333
76,2581,2226.73333333333
77,2581,2273.46666666667
78,2581,2292.76666666667
79,2544,2238.43333333333
80,2544,2310.96666666667
81,2544,2294.23333333333
82,2544,2310.56666666667
83,2544,2243.46666666667
84,2482,2246.4
85,2430,2247.6
86,2527,2256.23333333333
87,2607,2253.33333333333
88,2581,2255.16666666667
89,2581,2232
90,2581,2199.06666666667
91,2620,2246.73333333333
92,2518,2243.8
93,2456,2305.2
94,2456,2323.76666666667
95,2456,2295.73333333333
96,2435,2320.6
97,2544,2340.33333333333
98,2481,2325.66666666667
99,2486,2336.13333333333
Population size,30
Crossover rate,0.9
Mutation rate,0.1
Random selection portion,0
Selection method,AForge.Genetic.RouletteWheelSelection
Iteration,FitnessMax,FitnessAvg
0,2607,1786.96666666667
1,2607,1854.73333333333
2,2607,1916.96666666667
3,2375,1964.73333333333
4,2696,2066.16666666667
5,2453,2151.13333333333
6,2502,2171.36666666667
7,2392,2121.5
8,2294,2114.76666666667
9,2335,2083.26666666667
10,2504,2166.96666666667
11,2419,2177.33333333333
12,2499,2193.23333333333
13,2499,2185.83333333333
14,2499,2257.03333333333
15,2678,2248.06666666667
16,2709,2230.73333333333
17,2788,2336.03333333333
18,2788,2341.5
19,2788,2372.1
20,2680,2416.13333333333
21,2680,2392.6
22,2795,2458.73333333333
23,2795,2439.16666666667
24,2795,2422.86666666667
25,2747,2427.36666666667
26,2625,2427.1
27,2625,2476.1
28,2625,2465.53333333333
29,2632,2461.36666666667
30,2676,2484.23333333333
31,2593,2473.8
32,2617,2529.2
33,2617,2544.4
34,2629,2536.63333333333
35,2629,2544
36,2629,2539
37,2617,2544.26666666667
38,2617,2550.7
39,2702,2546.83333333333
40,2702,2530.4
41,2639,2523.26666666667
42,2702,2540.46666666667
43,2702,2544.23333333333
44,2702,2548.96666666667
45,2702,2539.63333333333
46,2702,2527.86666666667
47,2702,2537.2
48,2602,2506.83333333333
49,2602,2509.93333333333
50,2602,2516.7
51,2602,2535.5
52,2602,2534.8
53,2636,2537.2
54,2602,2522.13333333333
55,2683,2502.76666666667
56,2598,2501.8
57,2576,2514.33333333333
58,2576,2494.1
59,2620,2500.66666666667
60,2620,2503.06666666667
61,2620,2500.63333333333
62,2620,2486.36666666667
63,2620,2500.2
64,2620,2509.33333333333
65,2653,2512.5
66,2631,2516.36666666667
67,2653,2540.6
68,2653,2552.13333333333
69,2653,2571.4
70,2716,2579.4
71,2716,2575.06666666667
72,2716,2613.86666666667
73,2824,2628.16666666667
74,2824,2622
75,2824,2610.16666666667
76,2690,2597.23333333333
77,2747,2588.4
78,2747,2603.7
79,2747,2577.66666666667
80,2712,2561.4
81,2712,2571.53333333333
82,2710,2568.83333333333
83,2828,2568.63333333333
84,2710,2581.8
85,2647,2563.56666666667
86,2694,2595.4
87,2694,2580.8
88,2690,2561.23333333333
89,2854,2558.36666666667
90,2854,2573.8
91,2761,2560.43333333333
92,2876,2551.93333333333
93,2817,2546.26666666667
94,2876,2543.1
95,2817,2564.43333333333
96,2761,2587.96666666667
97,2761,2606.06666666667
98,2898,2538.66666666667
99,2764,2528.53333333333
