Population size,30
Crossover rate,0.1
Mutation rate,0.1
Random selection portion,0
Selection method,AForge.Genetic.RouletteWheelSelection
Iteration,FitnessMax,FitnessAvg
0,2314,1629.96666666667
1,2314,1759.33333333333
2,2314,1801.53333333333
3,2314,1885.86666666667
4,2314,1890.86666666667
5,2314,1837.2
6,2314,1893.8
7,2314,1910.73333333333
8,2314,2024.43333333333
9,2342,2019.13333333333
10,2370,2085.46666666667
11,2370,2141.26666666667
12,2314,2148.73333333333
13,2314,2163.26666666667
14,2314,2148.83333333333
15,2314,2123.96666666667
16,2329,2140.23333333333
17,2466,2136.8
18,2466,2164.3
19,2466,2161.43333333333
20,2466,2180.76666666667
21,2466,2210.83333333333
22,2543,2252.76666666667
23,2466,2238.6
24,2466,2241.33333333333
25,2466,2260.9
26,2506,2288.46666666667
27,2506,2313.96666666667
28,2506,2297.36666666667
29,2506,2303.36666666667
30,2506,2261.26666666667
31,2506,2256.03333333333
32,2507,2270.16666666667
33,2466,2184.7
34,2466,2217.93333333333
35,2466,2219.1
36,2466,2197
37,2476,2208.53333333333
38,2476,2179.96666666667
39,2549,2163.56666666667
40,2476,2191.4
41,2476,2235.63333333333
42,2476,2252.63333333333
43,2476,2252.73333333333
44,2476,2280.53333333333
45,2476,2206.93333333333
46,2466,2242.9
47,2466,2241.76666666667
48,2466,2201.33333333333
49,2504,2185.9
50,2504,2134.66666666667
51,2504,2131.2
52,2504,2178.76666666667
53,2504,2217
54,2504,2308.9
55,2496,2334.23333333333
56,2504,2424.33333333333
57,2496,2417.66666666667
58,2496,2428.73333333333
59,2496,2420.36666666667
60,2496,2400.73333333333
61,2496,2426.43333333333
62,2517,2420.8
63,2517,2425.33333333333
64,2517,2446.2
65,2547,2435.13333333333
66,2547,2430.06666666667
67,2517,2424.73333333333
68,2517,2416.8
69,2517,2382.06666666667
70,2517,2382.96666666667
71,2517,2336.73333333333
72,2502,2326.9
73,2466,2348.36666666667
74,2637,2353.8
75,2703,2391.23333333333
76,2494,2418.46666666667
77,2500,2418.73333333333
78,2500,2426.83333333333
79,2500,2428.56666666667
80,2645,2454.9
81,2645,2411.1
82,2478,2379.86666666667
83,2478,2364.66666666667
84,2478,2359.23333333333
85,2478,2365.76666666667
86,2478,2345
87,2478,2345.93333333333
88,2466,2363.56666666667
89,2466,2376.6
90,2466,2344.3
91,2466,2338.93333333333
92,2466,2319.33333333333
93,2466,2311.03333333333
94,2466,2264.36666666667
95,2466,2254.16666666667
96,2343,2249.26666666667
97,2413,2224.8
98,2413,2256.4
99,2413,2285.9
Population size,30
Crossover rate,0.2
Mutation rate,0.1
Random selection portion,0
Selection method,AForge.Genetic.RouletteWheelSelection
Iteration,FitnessMax,FitnessAvg
0,2474,1785.66666666667
1,2474,1874.8
2,2474,1838.43333333333
3,2474,1991.03333333333
4,2474,1989.83333333333
5,2474,2072.06666666667
6,2474,2072.7
7,2474,2062.8
8,2474,2076.16666666667
9,2474,2078.6
10,2474,2041.53333333333
11,2474,2068.3
12,2474,2100.03333333333
13,2329,2098.33333333333
14,2329,2132.96666666667
15,2329,2133.1
16,2329,2178.1
17,2329,2202.66666666667
18,2329,2224.8
19,2329,2219.7
20,2329,2240.36666666667
21,2402,2250.03333333333
22,2402,2253.2
23,2402,2230.73333333333
24,2329,2203.96666666667
25,2293,2210.9
26,2293,2189.83333333333
27,2293,2196.76666666667
28,2325,2218.93333333333
29,2325,2216.76666666667
30,2293,2232.33333333333
31,2293,2231.66666666667
32,2363,2229.53333333333
33,2363,2219
34,2363,2232.03333333333
35,2363,2248
36,2381,2237.8
37,2381,2221.4
38,2363,2202.03333333333
39,2363,2202.23333333333
40,2434,2239.76666666667
41,2418,2214.73333333333
42,2436,2242.73333333333
43,2436,2254.03333333333
44,2399,2222.06666666667
45,2399,2247.13333333333
46,2399,2257.36666666667
47,2399,2228.6
48,2399,2254.93333333333
49,2399,2259.6
50,2399,2227.03333333333
51,2570,2213
52,2570,2268.2
53,2606,2261.76666666667
54,2606,2221.03333333333
55,2643,2316.5
56,2643,2349.23333333333
57,2643,2338.76666666667
58,2643,2423.83333333333
59,2643,2451.8
60,2643,2486.6
61,2643,2418.2
62,2643,2413.96666666667
63,2643,2430.76666666667
64,2643,2469.93333333333
65,2643,2472.43333333333
66,2606,2484.26666666667
67,2606,2500.23333333333
68,2698,2495.6
69,2698,2486.2
70,2698,2462.1
71,2606,2482.2
72,2606,2466.66666666667
73,2606,2472.56666666667
74,2606,2489.26666666667
75,2606,2484.13333333333
76,2606,2460.06666666667
77,2606,2469.53333333333
78,2606,2453.3
79,2606,2465.23333333333
80,2732,2442.76666666667
81,2732,2432.43333333333
82,2732,2468.8
83,2732,2487
84,2732,2484.26666666667
85,2732,2448.8
86,2641,2456.63333333333
87,2641,2481.63333333333
88,2641,2492.96666666667
89,2641,2486.66666666667
90,2641,2517
91,2641,2523.23333333333
92,2641,2532.36666666667
93,2641,2550.53333333333
94,2641,2566.46666666667
95,2641,2548.83333333333
96,2641,2552.93333333333
97,2641,2557.33333333333
98,2641,2554.26666666667
99,2641,2560.9
Population size,30
Crossover rate,0.3
Mutation rate,0.1
Random selection portion,0
Selection method,AForge.Genetic.RouletteWheelSelection
Iteration,FitnessMax,FitnessAvg
0,2273,1575.4
1,2273,1503.13333333333
2,2273,1474.03333333333
3,2237,1540.33333333333
4,2237,1695.86666666667
5,2237,1713.8
6,2237,1661.83333333333
7,2237,1786.3
8,2237,1801.2
9,2237,1791.56666666667
10,2245,1855
11,2245,1867.83333333333
12,2237,2057.66666666667
13,2374,2090.03333333333
14,2564,2083.03333333333
15,2564,2098.46666666667
16,2564,2149.1
17,2564,2156.33333333333
18,2564,2179.46666666667
19,2564,2147.5
20,2237,2132.13333333333
21,2427,2185.86666666667
22,2427,2183.16666666667
23,2427,2236.2
24,2427,2246.5
25,2427,2232.4
26,2427,2212.16666666667
27,2427,2204.7
28,2427,2198.76666666667
29,2427,2229.93333333333
30,2427,2208.83333333333
31,2310,2211.73333333333
32,2310,2213.83333333333
33,2331,2223.86666666667
34,2331,2222.73333333333
35,2435,2223.73333333333
36,2435,2226.66666666667
37,2435,2228.83333333333
38,2435,2226.66666666667
39,2435,2194.93333333333
40,2435,2227.86666666667
41,2435,2202.3
42,2435,2209.33333333333
43,2435,2226.46666666667
44,2435,2255.5
45,2435,2333.36666666667
46,2435,2334.26666666667
47,2435,2332.06666666667
48,2435,2341.23333333333
49,2435,2339.83333333333
50,2470,2355.43333333333
51,2470,2357.56666666667
52,2435,2360.23333333333
53,2435,2366.66666666667
54,2435,2396.26666666667
55,2435,2376.36666666667
56,2435,2407.6
57,2435,2391.86666666667
58,2435,2396.83333333333
59,2435,2397.66666666667
60,2435,2397.66666666667
61,2435,2394.73333333333
62,2435,2402.73333333333
63,2435,2406
64,2435,2388.93333333333
65,2435,2391.06666666667
66,2435,2381.16666666667
67,2435,2386.9
68,2435,2386.66666666667
69,2435,2363
70,2435,2358.4
71,2435,2379.33333333333
72,2435,2380.4
73,2435,2384.2
74,2435,2380.56666666667
75,2435,2393
76,2435,2403.8
77,2435,2405.8
78,2435,2399.83333333333
79,2437,2395.7
80,2437,2398.46666666667
81,2437,2394.83333333333
82,2437,2386
83,2437,2380.8
84,2437,2373.7
85,2437,2372.66666666667
86,2457,2341.8
87,2457,2366.26666666667
88,2457,2354.83333333333
89,2457,2336.33333333333
90,2457,2331.4
91,2437,2346.6
92,2437,2333.53333333333
93,2412,2304.66666666667
94,2412,2314.33333333333
95,2412,2310.23333333333
96,2443,2327.6
97,2405,2305.96666666667
98,2405,2306.4
99,2405,2317.2
Population size,30
Crossover rate,0.4
Mutation rate,0.1
Random selection portion,0
Selection method,AForge.Genetic.RouletteWheelSelection
Iteration,FitnessMax,FitnessAvg
0,2084,1711.46666666667
1,2084,1720.1
2,2338,1852.33333333333
3,2338,1781.2
4,2338,1783.9
5,2338,1860.1
6,2391,1940.6
7,2391,1931.26666666667
8,2391,2011
9,2391,2050.16666666667
10,2391,2090.83333333333
11,2391,2085.76666666667
12,2391,2129.76666666667
13,2391,2157.8
14,2391,2204.73333333333
15,2391,2218.53333333333
16,2432,2216.33333333333
17,2373,2166.06666666667
18,2391,2119.93333333333
19,2391,2174.76666666667
20,2391,2200.73333333333
21,2366,2213.13333333333
22,2366,2218.36666666667
23,2347,2206.43333333333
24,2347,2171.3
25,2347,2138.43333333333
26,2347,2162.6
27,2347,2152.76666666667
28,2347,2186.6
29,2347,2141.93333333333
30,2347,2158.83333333333
31,2347,2166.3
32,2391,2178.6
33,2391,2170.83333333333
34,2391,2176.5
35,2517,2195.36666666667
36,2391,2195.6
37,2391,2207.9
38,2391,2190.46666666667
39,2355,2190.76666666667
40,2355,2198.8
41,2355,2176.9
42,2355,2188.63333333333
43,2355,2211.2
44,2355,2224.56666666667
45,2496,2262.53333333333
46,2383,2227.06666666667
47,2347,2175.53333333333
48,2383,2176.16666666667
49,2391,2191.6
50,2419,2227.03333333333
51,2534,2268.6
52,2534,2266.56666666667
53,2534,2294.73333333333
54,2534,2254.46666666667
55,2534,2306.9
56,2534,2329.16666666667
57,2534,2358.46666666667
58,2534,2336.33333333333
59,2534,2324.1
60,2534,2341.23333333333
61,2534,2333.16666666667
62,2446,2312.33333333333
63,2418,2318.7
64,2375,2304.06666666667
65,2426,2296.43333333333
66,2375,2307.16666666667
67,2375,2287.7
68,2375,2279.86666666667
69,2590,2307.4
70,2590,2297.53333333333
71,2590,2323.83333333333
72,2590,2322.03333333333
73,2427,2294.73333333333
74,2427,2272.16666666667
75,2534,2295.06666666667
76,2534,2321.36666666667
77,2534,2308.53333333333
78,2534,2327.76666666667
79,2534,2354.53333333333
80,2534,2301.86666666667
81,2605,2266.36666666667
82,2605,2228.6
83,2534,2210.23333333333
84,2534,2207.76666666667
85,2468,2178.76666666667
86,2468,2183.36666666667
87,2468,2166.13333333333
88,2468,2147.66666666667
89,2259,2096.86666666667
90,2341,2110.2
91,2341,2130.2
92,2341,2154.6
93,2341,2129.26666666667
94,2341,2139.06666666667
95,2341,2144.46666666667
96,2341,2144.5
97,2341,2139.83333333333
98,2179,2091.6
99,2179,2102.16666666667
Population size,30
Crossover rate,0.5
Mutation rate,0.1
Random selection portion,0
Selection method,AForge.Genetic.RouletteWheelSelection
Iteration,FitnessMax,FitnessAvg
0,2223,1618.93333333333
1,2223,1695.83333333333
2,2223,1798.16666666667
3,2223,1827.83333333333
4,2147,1829.2
5,2261,1873.63333333333
6,2373,1935.03333333333
7,2373,1993.16666666667
8,2373,2004.73333333333
9,2373,1967.63333333333
10,2373,2092.8
11,2485,2081.93333333333
12,2472,2129.56666666667
13,2472,2105.83333333333
14,2472,2133.83333333333
15,2472,2128.3
16,2503,2187.56666666667
17,2467,2207.4
18,2467,2239.3
19,2467,2231.26666666667
20,2467,2227.7
21,2467,2283.33333333333
22,2467,2262.2
23,2467,2262.73333333333
24,2467,2247.36666666667
25,2561,2239.56666666667
26,2545,2214.83333333333
27,2545,2198.83333333333
28,2357,2184.13333333333
29,2348,2179.56666666667
30,2332,2141.23333333333
31,2348,2170.66666666667
32,2348,2192.13333333333
33,2348,2226.36666666667
34,2348,2194.43333333333
35,2348,2237.4
36,2348,2229.63333333333
37,2397,2276.4
38,2397,2288.66666666667
39,2397,2307.23333333333
40,2399,2285.03333333333
41,2397,2274.76666666667
42,2397,2286.9
43,2397,2271
44,2465,2271.23333333333
45,2465,2289.23333333333
46,2465,2268.63333333333
47,2465,2258.43333333333
48,2465,2246.9
49,2465,2256.3
50,2465,2252.36666666667
51,2348,2255.03333333333
52,2348,2243.63333333333
53,2348,2234.5
54,2495,2231.2
55,2495,2247.73333333333
56,2495,2232.43333333333
57,2495,2236.93333333333
58,2495,2235.8
59,2495,2257.4
60,2495,2268.5
61,2495,2282.36666666667
62,2495,2312.26666666667
63,2495,2296.46666666667
64,2394,2268.06666666667
65,2394,2287.13333333333
66,2495,2282.03333333333
67,2431,2267.46666666667
68,2431,2325.7
69,2431,2334.33333333333
70,2431,2323.93333333333
71,2431,2323
72,2532,2365.86666666667
73,2532,2358.13333333333
74,2424,2326.1
75,2394,2323.6
76,2495,2341.3
77,2528,2357.56666666667
78,2528,2374.46666666667
79,2528,2383.06666666667
80,2528,2382.7
81,2538,2383.8
82,2487,2382.06666666667
83,2487,2412.86666666667
84,2487,2410.3
85,2487,2417.7
86,2487,2404.63333333333
87,2487,2420.36666666667
88,2487,2425.36666666667
89,2487,2408.23333333333
90,2487,2404.53333333333
91,2487,2382.83333333333
92,2487,2373.4
93,2487,2334.63333333333
94,2451,2305.13333333333
95,2451,2321.7
96,2451,2359.93333333333
97,2487,2369.5
98,2523,2391.56666666667
99,2523,2364.5
Population size,30
Crossover rate,0.6
Mutation rate,0.1
Random selection portion,0
Selection method,AForge.Genetic.RouletteWheelSelection
Iteration,FitnessMax,FitnessAvg
0,1981,1553.8
1,1981,1615.9
2,1981,1648.76666666667
3,1963,1610.76666666667
4,1993,1643.73333333333
5,1993,1693.9
6,2100,1746.66666666667
7,2100,1749.2
8,2100,1778.93333333333
9,2100,1797.36666666667
10,2086,1813.33333333333
11,2161,1860.03333333333
12,2208,1954.4
13,2208,2025.83333333333
14,2208,2042.86666666667
15,2208,2058.46666666667
16,2301,2070.9
17,2301,2074.03333333333
18,2301,2084.66666666667
19,2301,2048.16666666667
20,2301,2061.53333333333
21,2301,2060.6
22,2312,2071.06666666667
23,2301,2098.73333333333
24,2301,2103.86666666667
25,2301,2119.56666666667
26,2342,2089.83333333333
27,2342,2112.23333333333
28,2342,2088.26666666667
29,2342,2060.83333333333
30,2086,2029.96666666667
31,2137,2032.73333333333
32,2265,2073.43333333333
33,2137,2053.96666666667
34,2137,2087.96666666667
35,2224,2093.96666666667
36,2224,2094.93333333333
37,2224,2076.56666666667
38,2224,2064.86666666667
39,2224,2050.63333333333
40,2165,2030.16666666667
41,2252,2030.56666666667
42,2165,2025.1
43,2272,2043.36666666667
44,2244,2037.5
45,2129,2053.4
46,2129,2046.4
47,2137,2058.3
48,2116,2050.53333333333
49,2186,2050.56666666667
50,2186,2055.03333333333
51,2186,2066.56666666667
52,2186,2055.2
53,2156,2031.23333333333
54,2137,2014.53333333333
55,2159,2009.33333333333
56,2159,2015.36666666667
57,2236,2025
58,2236,2029.23333333333
59,2236,2042.66666666667
60,2415,2037.16666666667
61,2415,2003.7
62,2236,2007.26666666667
63,2236,1998.73333333333
64,2264,2047.56666666667
65,2264,2057.5
66,2236,2069.86666666667
67,2236,2104.96666666667
68,2236,2128.9
69,2236,2128.66666666667
70,2344,2151.9
71,2344,2146.3
72,2344,2122.53333333333
73,2344,2145.3
74,2344,2159.36666666667
75,2306,2155
76,2332,2156.23333333333
77,2332,2158.56666666667
78,2332,2130.9
79,2236,2127.16666666667
80,2313,2128.76666666667
81,2313,2162.13333333333
82,2382,2157.76666666667
83,2415,2128.1
84,2382,2116.33333333333
85,2382,2127.33333333333
86,2348,2129.93333333333
87,2348,2121.66666666667
88,2348,2094.03333333333
89,2451,2101.7
90,2348,2080.33333333333
91,2414,2111.5
92,2414,2139.63333333333
93,2414,2151.56666666667
94,2236,2150.83333333333
95,2236,2150
96,2236,2140.43333333333
97,2236,2162.33333333333
98,2236,2179.63333333333
99,2236,2203.66666666667
Population size,30
Crossover rate,0.7
Mutation rate,0.1
Random selection portion,0
Selection method,AForge.Genetic.RouletteWheelSelection
Iteration,FitnessMax,FitnessAvg
0,2258,1652.16666666667
1,2446,1591.73333333333
2,2446,1697.33333333333
3,2446,1792.63333333333
4,2287,1874.4
5,2287,1870.73333333333
6,2364,1932
7,2364,1915.2
8,2364,1917.73333333333
9,2364,1941.06666666667
10,2261,1879.16666666667
11,2261,1910.5
12,2261,1935.06666666667
13,2261,1988.83333333333
14,2261,1940.16666666667
15,2261,1983.2
16,2261,1975.06666666667
17,2261,1951.9
18,2317,1940.76666666667
19,2317,1961.2
20,2279,1922.3
21,2202,1878.7
22,2202,1899.23333333333
23,2076,1875.63333333333
24,2076,1874.13333333333
25,2170,1897.36666666667
26,2279,1935.5
27,2194,1944.5
28,2202,1939.9
29,2194,1978.23333333333
30,2194,1959.63333333333
31,2144,1984.1
32,2215,2003.6
33,2279,2031.06666666667
34,2279,2044.4
35,2279,2031.83333333333
36,2194,2055.6
37,2224,2027.13333333333
38,2188,1991.66666666667
39,2206,1975.4
40,2206,1993.3
41,2128,2019.4
42,2192,2020.33333333333
43,2128,2021.73333333333
44,2187,2042.5
45,2187,2047.5
46,2202,1999.8
47,2240,2004.8
48,2240,2022.46666666667
49,2109,2017.43333333333
50,2124,2000.63333333333
51,2163,2024.1
52,2163,2013.5
53,2163,2021.53333333333
54,2261,2024.26666666667
55,2261,2051.06666666667
56,2288,2024.93333333333
57,2288,2051.1
58,2288,2072.5
59,2276,2090.4
60,2276,2104.56666666667
61,2278,2088.26666666667
62,2276,2082.3
63,2273,2075.96666666667
64,2452,2087.7
65,2203,2068.26666666667
66,2202,2062.5
67,2202,2050.53333333333
68,2202,2079.63333333333
69,2202,2062.6
70,2202,2051.8
71,2245,2045.46666666667
72,2245,2052.9
73,2245,2054.8
74,2245,2067.43333333333
75,2245,2115.8
76,2245,2122.93333333333
77,2296,2115.23333333333
78,2245,2093.03333333333
79,2338,2083.96666666667
80,2281,2086.86666666667
81,2281,2105.86666666667
82,2229,2076.4
83,2229,2048.53333333333
84,2229,2041.8
85,2229,2058.3
86,2281,2065.53333333333
87,2281,2065.66666666667
88,2281,2064.1
89,2281,2058.8
90,2281,2061.8
91,2151,2045.2
92,2151,2034.36666666667
93,2078,2024.5
94,2078,2032.33333333333
95,2108,2037.9
96,2257,2041.93333333333
97,2257,2019.3
98,2257,2032.43333333333
99,2257,2021.16666666667
Population size,30
Crossover rate,0.8
Mutation rate,0.1
Random selection portion,0
Selection method,AForge.Genetic.RouletteWheelSelection
Iteration,FitnessMax,FitnessAvg
0,2157,1637.7
1,2157,1731.3
2,2157,1730
3,2157,1860.43333333333
4,2410,1939.1
5,2212,1938.13333333333
6,2274,2021.1
7,2336,2047.43333333333
8,2274,2037.8
9,2274,2068.06666666667
10,2274,2103.46666666667
11,2336,2108.66666666667
12,2441,2125.13333333333
13,2441,2117.5
14,2441,2118.1
15,2441,2172.33333333333
16,2453,2157.83333333333
17,2441,2149.7
18,2536,2185.86666666667
19,2536,2190.5
20,2572,2167
21,2572,2174.3
22,2602,2208.46666666667
23,2494,2229.13333333333
24,2458,2235.73333333333
25,2536,2212
26,2604,2251.56666666667
27,2536,2259.83333333333
28,2536,2265.5
29,2620,2240.5
30,2620,2299.6
31,2536,2300.1
32,2536,2273.36666666667
33,2458,2266.73333333333
34,2458,2280.7
35,2572,2287.26666666667
36,2572,2285.26666666667
37,2572,2297.43333333333
38,2572,2313.83333333333
39,2572,2294.53333333333
40,2572,2325.43333333333
41,2572,2325.86666666667
42,2602,2331.36666666667
43,2602,2309.13333333333
44,2602,2300.46666666667
45,2602,2319.5
46,2602,2350.96666666667
47,2602,2382.73333333333
48,2602,2372.13333333333
49,2698,2403.43333333333
50,2698,2413.26666666667
51,2768,2349.3
52,2768,2390.96666666667
53,2768,2352
54,2768,2391.23333333333
55,2768,2389.56666666667
56,2768,2412.9
57,2768,2464.56666666667
58,2768,2535.4
59,2768,2550.83333333333
60,2769,2585.63333333333
61,2769,2581.9
62,2769,2647.93333333333
63,2769,2628.36666666667
64,2839,2675.2
65,2839,2651.13333333333
66,2839,2657.2
67,2839,2661.13333333333
68,2839,2653.96666666667
69,2768,2637.63333333333
70,2768,2642.3
71,2768,2648.7
72,2768,2657.43333333333
73,2768,2647.76666666667
74,2768,2649.56666666667
75,2782,2630.8
76,2768,2632.76666666667
77,2768,2640.86666666667
78,2768,2675
79,2768,2640.93333333333
80,2768,2615.96666666667
81,2768,2619.76666666667
82,2768,2610.13333333333
83,2698,2611.13333333333
84,2698,2616.86666666667
85,2768,2599.23333333333
86,2698,2578.03333333333
87,2698,2555.9
88,2698,2581.5
89,2734,2553.26666666667
90,2698,2593.03333333333
91,2734,2581.6
92,2764,2592.86666666667
93,2714,2578.8
94,2714,2574.6
95,2714,2548.26666666667
96,2714,2543.86666666667
97,2714,2523.73333333333
98,2714,2505.46666666667
99,2714,2501.8
Population size,30
Crossover rate,0.9
Mutation rate,0.1
Random selection portion,0
Selection method,AForge.Genetic.RouletteWheelSelection
Iteration,FitnessMax,FitnessAvg
0,2261,1612.7
1,2279,1687.3
2,2279,1714.76666666667
3,2438,1674.26666666667
4,2230,1718.83333333333
5,2438,1808.4
6,2438,1861
7,2363,1825.46666666667
8,2363,1869.53333333333
9,2312,1880.6
10,2279,1902.33333333333
11,2145,1887.03333333333
12,2145,1859.66666666667
13,2145,1847.2
14,2187,1836.73333333333
15,2218,1892.6
16,2371,1946.96666666667
17,2559,1884
18,2171,1803
19,2277,1804.56666666667
20,2277,1779.7
21,2277,1816.76666666667
22,2171,1838.26666666667
23,2171,1824.16666666667
24,2093,1809.63333333333
25,2124,1829.13333333333
26,2164,1833.96666666667
27,2164,1833.5
28,2164,1891.43333333333
29,2164,1901.9
30,2164,1909.86666666667
31,2164,1898.36666666667
32,2164,1861.76666666667
33,2164,1855.46666666667
34,2164,1969.8
35,2271,1998.86666666667
36,2271,2064.43333333333
37,2164,2058.93333333333
38,2179,2058.36666666667
39,2179,2070.96666666667
40,2164,2078.9
41,2164,2035.66666666667
42,2164,2079.23333333333
43,2164,2111.93333333333
44,2164,2131.73333333333
45,2317,2147.03333333333
46,2390,2170.26666666667
47,2390,2173.36666666667
48,2390,2194.06666666667
49,2390,2238.83333333333
50,2390,2231.3
51,2390,2228.06666666667
52,2317,2199.4
53,2317,2192.36666666667
54,2317,2202.4
55,2317,2186.13333333333
56,2317,2192.46666666667
57,2424,2212.93333333333
58,2424,2187.56666666667
59,2494,2186.03333333333
60,2494,2197.36666666667
61,2494,2196.26666666667
62,2494,2202.53333333333
63,2494,2218.16666666667
64,2494,2213.66666666667
65,2494,2213.46666666667
66,2494,2234.03333333333
67,2494,2212.26666666667
68,2387,2208.96666666667
69,2344,2194.23333333333
70,2390,2205.23333333333
71,2344,2223.66666666667
72,2497,2267.6
73,2497,2280.66666666667
74,2497,2270.33333333333
75,2497,2290.66666666667
76,2497,2288.6
77,2414,2297.9
78,2414,2280.63333333333
79,2414,2263.53333333333
80,2497,2272.3
81,2497,2235.93333333333
82,2497,2259.5
83,2497,2260.06666666667
84,2523,2316.56666666667
85,2523,2324.33333333333
86,2523,2299.83333333333
87,2523,2319.2
88,2523,2349.8
89,2523,2348.46666666667
90,2523,2321.4
91,2593,2309.83333333333
92,2593,2373.6
93,2593,2431.73333333333
94,2617,2430.6
95,2593,2453.36666666667
96,2593,2418.66666666667
97,2593,2430.96666666667
98,2593,2436.66666666667
99,2593,2446.4
