Population size,100
Crossover rate,0.66
Mutation rate,0.34
Random selection portion,0.03
Selection method,AForge.Genetic.RouletteWheelSelection
Diversity check,False
Iteration,FitnessMax,FitnessAvg
0,1048,666.12
1,1048,706.1
2,1165,746.04
3,1165,779.57
4,1085,779.58
5,1196,854.1
6,1196,888.91
7,1196,886.54
8,1196,890.84
9,1196,911.1
10,1196,921.74
11,1196,932.74
12,1196,944.96
13,1196,957.31
14,1196,935.52
15,1196,962
16,1196,962.74
17,1196,971.11
18,1196,970.87
19,1196,950.34
20,1196,1013.9
21,1196,1034.85
22,1196,1016.63
23,1196,1031.25
24,1196,1020.65
25,1196,1017.74
26,1196,1015.79
27,1196,1026.21
28,1196,1010.27
29,1196,1036.38
30,1196,1043.18
31,1196,1021.96
32,1196,997.44
33,1196,1023.18
34,1196,1025.62
35,1196,1013.91
36,1196,998.34
37,1196,1033.54
38,1196,1032.14
39,1196,1032.66
40,1196,1026.42
41,1196,1066
42,1196,1044.15
43,1196,1051.96
44,1196,1056.08
45,1196,1028.18
46,1196,1011.17
47,1196,1018.14
48,1196,1015.6
49,1196,1047.02
50,1196,1042.81
51,1196,1065.83
52,1196,1036.83
53,1196,1023.45
54,1196,1009.96
55,1196,1027.52
56,1196,1034.55
57,1196,1001.08
58,1196,968.26
59,1196,1002.7
60,1196,1004.35
61,1196,1026.46
62,1196,1017.14
63,1196,1014.05
64,1196,1022.92
65,1196,1013.09
66,1196,999.51
67,1196,989.64
68,1196,999.47
69,1196,972.64
70,1196,966.01
71,1196,994.66
72,1196,985.61
73,1196,1034.6
74,1196,1049.12
75,1196,1029.59
76,1196,1033.08
77,1196,1035.9
78,1196,1023.79
79,1196,1026.02
80,1196,1046.81
81,1196,1017.59
82,1196,1043.84
83,1196,1051.93
84,1196,1049.28
85,1196,1039.58
86,1196,1023.29
87,1196,1016.68
88,1196,1014.3
89,1196,999.17
90,1196,989.61
91,1196,1002.16
92,1196,1003.48
93,1196,999.81
94,1196,993.02
95,1196,1033.03
96,1196,1037.17
97,1196,1029.57
98,1196,1013.01
99,1196,1007.62
100,1196,1018.01
101,1196,1019.94
102,1196,1036.97
103,1196,1048.69
104,1196,1034.47
105,1196,1022.27
106,1196,1027.95
107,1196,998.74
108,1196,1012.32
109,1196,989.39
110,1196,1021.45
111,1196,1038.34
112,1196,1052.24
113,1196,1045.78
114,1196,1023.39
115,1196,1038.72
116,1196,1065.74
117,1196,1057.8
118,1196,1043.08
119,1196,1046.79
120,1196,1019.6
121,1196,1032.65
122,1196,1033.72
123,1196,1028.43
124,1196,1018.86
125,1196,1020.81
126,1196,992.91
127,1196,1002.49
128,1196,988.91
129,1196,990.41
130,1196,970.81
131,1196,1001.28
132,1196,998.52
133,1196,1024.3
134,1196,1016.2
135,1196,1046.74
136,1196,1038.22
137,1196,1054.83
138,1196,1069.16
139,1196,1077.14
140,1196,1059.04
141,1196,1056.75
142,1196,1040.3
143,1196,1012.9
144,1196,1029.67
145,1196,1043.8
146,1196,1024.89
147,1196,1034.19
148,1196,1018.45
149,1196,1028.54
150,1196,1030.46
151,1196,1004.12
152,1196,1006.12
153,1196,1003.22
154,1196,1012.68
155,1196,1011.59
156,1196,1012.44
157,1196,995.2
158,1196,1005.71
159,1196,979.71
160,1196,1019.12
161,1196,989.98
162,1196,994.41
163,1196,980.92
164,1196,1045.05
165,1196,990.66
166,1196,991.74
167,1196,1003.38
168,1196,988.88
169,1196,991.37
170,1196,974.16
171,1196,1004
172,1196,990.19
173,1196,993.27
174,1196,983.93
175,1196,967.9
176,1196,998.79
177,1196,977.4
178,1196,947.08
179,1196,940.71
180,1196,963.33
181,1196,965.87
182,1196,953.67
183,1196,973.11
184,1196,1009.46
185,1196,1001.66
186,1196,999.7
187,1196,991.55
188,1196,986.15
189,1196,976.14
190,1196,975.23
191,1196,972.48
192,1196,972.46
193,1196,964.66
194,1196,1011.2
195,1196,1037.52
196,1196,995.35
197,1196,1010.77
198,1196,1037.24
199,1196,1025.01
200,1196,1041.75
201,1196,1040.46
202,1196,1040.91
203,1196,1026.58
204,1196,1010.87
205,1196,984.92
206,1196,965.64
207,1196,963.24
208,1196,981.38
209,1196,1002.36
210,1196,973.01
211,1196,976.97
212,1196,983.7
213,1196,1023.03
214,1196,1046.25
215,1196,1038.4
216,1196,1055.18
217,1196,1034.29
218,1196,999.63
219,1196,1029.13
220,1196,1025.38
221,1196,990.37
222,1196,1004.33
223,1196,1037.28
224,1196,1016.86
225,1196,1011.01
226,1196,967.63
227,1196,977.56
228,1196,987.51
229,1196,980.72
230,1196,981.32
231,1196,993.54
232,1196,1019.5
233,1196,1013.29
234,1196,1042.33
235,1196,1038.3
236,1196,1039.87
237,1196,1064.32
238,1196,1066.79
239,1196,1047.23
240,1196,1067.54
241,1196,1065.75
242,1196,1073.09
243,1196,1060.94
244,1196,1060.59
245,1196,1065.72
246,1196,1043.89
247,1196,1043.59
248,1196,1033.55
249,1196,1009.08
250,1196,1025.02
251,1196,990.86
252,1196,993.87
253,1196,1026.27
254,1196,1024.99
255,1196,1015.91
256,1196,1040.8
257,1196,1056.55
258,1196,1033.91
259,1196,1031.86
260,1196,1037.21
261,1196,1035.15
262,1196,1018.22
263,1196,1026.18
264,1196,1032.98
265,1196,1063.95
266,1196,1050.24
267,1196,1028.43
268,1196,1018.56
269,1196,1026.58
270,1196,1034.31
271,1196,1040.13
272,1196,999.86
273,1196,1009.43
274,1196,1002.85
275,1196,1032.57
276,1196,1024.86
277,1196,1005.52
278,1196,1021.58
279,1196,1029.78
280,1196,1020.3
281,1196,1016.1
282,1196,997.39
283,1196,1007.32
284,1196,1037.61
285,1196,1014.27
286,1196,1017.47
287,1196,1026.76
288,1196,1009.65
289,1196,1037.04
290,1196,1012.15
291,1196,1008.9
292,1196,1005.64
293,1196,1036.19
294,1196,1039.99
295,1196,1075.21
296,1196,1064.15
297,1196,1078.19
298,1196,1090.35
299,1196,1095.15
Population size,100
Crossover rate,0.66
Mutation rate,0.34
Random selection portion,0.03
Selection method,AForge.Genetic.RouletteWheelSelection
Diversity check,True
Iteration,FitnessMax,FitnessAvg
0,1165,686.9
1,1196,724.44
2,1165,746.58
3,1196,825.39
4,1196,859.16
5,1196,881.13
6,1196,890.25
7,1196,896.69
8,1196,916.05
9,1196,923.25
10,1196,927.82
11,1196,958.94
12,1196,953.94
13,1196,950.97
14,1196,982.62
15,1196,1008.16
16,1196,980.12
17,1196,983.66
18,1196,962.66
19,1196,975.35
20,1196,949.25
21,1196,991.02
22,1196,1019.6
23,1196,1004.47
24,1196,1007.64
25,1196,1004.36
26,1196,1006.06
27,1196,1012.91
28,1196,981.8
29,1196,971.66
30,1196,979.93
31,1196,975.27
32,1196,970.67
33,1196,970.07
34,1196,948.18
35,1196,969.06
36,1196,960.82
37,1196,967.87
38,1196,981.28
39,1196,987.23
40,1196,986.28
41,1196,998.39
42,1196,1008.81
43,1196,1010.03
44,1196,987.26
45,1196,997.8
46,1196,961.82
47,1196,986.52
48,1196,957.33
49,1196,980.92
50,1196,1001.86
51,1196,969.37
52,1196,969.7
53,1196,967.49
54,1196,957.61
55,1196,915.78
56,1196,935.38
57,1196,952.63
58,1196,977.9
59,1196,993.35
60,1196,1018.5
61,1196,1029
62,1196,1006.43
63,1196,998.51
64,1196,1018.79
65,1196,1033.57
66,1196,1014.41
67,1196,1022.48
68,1196,1054.37
69,1196,1063.04
70,1196,1063.49
71,1196,1051.72
72,1196,1053.37
73,1196,1050.81
74,1196,1055.44
75,1196,1050.8
76,1196,1061.58
77,1196,1105.6
78,1196,1107.35
79,1196,1094.29
80,1196,1083.86
81,1196,1068.52
82,1196,1079
83,1196,1048.12
84,1196,1054.69
85,1196,1072.4
86,1196,1097.66
87,1196,1104.43
88,1196,1084.43
89,1196,1077
90,1196,1078.4
91,1196,1088.49
92,1196,1065.88
93,1196,1052.06
94,1196,1049.72
95,1196,1041.18
96,1196,1022.98
97,1196,1012.71
98,1196,1021.9
99,1196,999.84
100,1196,1002.62
101,1196,1024.62
102,1196,1016.87
103,1196,993.66
104,1196,992.93
105,1196,1002.28
106,1196,1024.31
107,1196,998.04
108,1196,1008.96
109,1196,1023.97
110,1196,1030.49
111,1196,1023.44
112,1196,1037.09
113,1196,1025.64
114,1196,1009.61
115,1196,1031.95
116,1196,1013.25
117,1196,1038.67
118,1196,1028.28
119,1196,1065.03
120,1196,1059.93
121,1196,1048.4
122,1196,1049.08
123,1196,1075.46
124,1196,1047.31
125,1196,1050.55
126,1196,1071.13
127,1196,1073.94
128,1196,1064.19
129,1196,1047.22
130,1196,1045.53
131,1196,1053.58
132,1196,1058.81
133,1196,1056.15
134,1196,1034.75
135,1196,1040.94
136,1196,1023.98
137,1196,1017.87
138,1196,1009.12
139,1196,1021.37
140,1196,1017.09
141,1196,983.07
142,1196,962.4
143,1196,968.07
144,1196,1013.37
145,1196,990.49
146,1196,979.38
147,1196,992.53
148,1196,995.49
149,1196,1024.63
150,1196,1061.31
151,1196,1031.58
152,1196,1039
153,1196,1026.41
154,1196,1066.81
155,1196,1027.93
156,1196,1034.9
157,1196,1064.28
158,1196,1043.29
159,1196,1024.41
160,1196,1018.26
161,1196,1047.55
162,1196,1051.22
163,1196,1006.82
164,1196,1036.53
165,1196,1076.43
166,1196,1079.6
167,1196,1083.18
168,1196,1072.43
169,1196,1066.02
170,1196,1028.34
171,1196,1019.14
172,1196,1053.68
173,1196,1032.38
174,1196,1063.28
175,1196,1028.45
176,1196,1031.35
177,1196,1040.51
178,1196,1031.64
179,1196,1031.1
180,1196,1033.08
181,1196,1037.57
182,1196,1051.93
183,1196,1057.12
184,1196,1068.67
185,1196,1073.37
186,1196,1086.32
187,1196,1058.37
188,1196,1055.45
189,1196,1089.12
190,1196,1066.84
191,1196,1066.63
192,1196,1080.08
193,1196,1093.22
194,1196,1067.83
195,1196,1049.35
196,1196,1050.98
197,1196,1008.38
198,1196,1015.65
199,1196,1037.67
200,1196,1031.77
201,1196,1034.67
202,1196,1006.83
203,1196,1007.43
204,1196,981.61
205,1196,979.83
206,1196,998.14
207,1196,1034.69
208,1196,1020.82
209,1196,1037.8
210,1196,1039.25
211,1196,1054.29
212,1196,1037.97
213,1196,1062.7
214,1196,1017.93
215,1196,1057.89
216,1196,1050.16
217,1196,1013.29
218,1196,1025.47
219,1196,1009.72
220,1196,1002.3
221,1196,1022.94
222,1196,1008.52
223,1196,998.65
224,1196,1032.96
225,1196,1044.71
226,1196,1024.48
227,1196,1038.95
228,1196,1029.96
229,1196,1023.64
230,1196,1017.7
231,1196,1025.66
232,1196,1043.89
233,1196,1036.81
234,1196,1015.84
235,1196,1042.41
236,1196,1031.23
237,1196,1020.31
238,1196,982.59
239,1196,1018.73
240,1196,1009.86
241,1196,998.24
242,1196,996.44
243,1196,1023.72
244,1196,1041.84
245,1196,1041.47
246,1196,1030.13
247,1196,1015.48
248,1196,1025.16
249,1196,1029.41
250,1196,1052.2
251,1196,1049.22
252,1196,1080.58
253,1196,1064.56
254,1196,1056.31
255,1196,1045.07
256,1196,1041.88
257,1196,1037.99
258,1196,1032.85
259,1196,1020.8
260,1196,1029.88
261,1196,1024.54
262,1196,1023.59
263,1196,1042.77
264,1196,1040.9
265,1196,1050.42
266,1196,1045.01
267,1196,1020.42
268,1196,1003.59
269,1196,1023.76
270,1196,1022.86
271,1196,1016.68
272,1196,1059.99
273,1196,1063.61
274,1196,1050.74
275,1196,1010.61
276,1196,1026.96
277,1196,1014.32
278,1196,1031.2
279,1196,1032.05
280,1196,1045.5
281,1196,1004.77
282,1196,986.76
283,1196,1000.71
284,1196,1037.32
285,1196,1018.36
286,1196,1036.69
287,1196,1026.29
288,1196,1038.4
289,1196,1006.5
290,1196,988.85
291,1196,970.83
292,1196,972.28
293,1196,978.16
294,1196,961.95
295,1196,962.91
296,1196,980.52
297,1196,978.92
298,1196,986.53
299,1196,1000.65
Population size,100
Crossover rate,0.51
Mutation rate,0.79
Random selection portion,0.03
Selection method,AForge.Genetic.RankSelection
Diversity check,True
Iteration,FitnessMax,FitnessAvg
0,934,584.72
1,1045,667.83
2,1196,772.41
3,1196,816.36
4,1196,883.75
5,1196,924.74
6,1196,937.03
7,1196,1001.26
8,1196,1035.11
9,1196,1033.91
10,1196,1064.39
11,1196,1085.7
12,1196,1082.4
13,1196,1097.11
14,1196,1119.54
15,1196,1113.38
16,1196,1134.34
17,1196,1141.08
18,1196,1137.69
19,1196,1121.85
20,1196,1128.57
21,1196,1150.54
22,1196,1116.98
23,1196,1134.67
24,1196,1133.54
25,1196,1119.7
26,1196,1119.72
27,1196,1127.65
28,1196,1108.37
29,1196,1151.58
30,1196,1120.03
31,1196,1139.93
32,1196,1123.89
33,1196,1106.11
34,1196,1084.87
35,1196,1110.44
36,1196,1127.97
37,1196,1116.7
38,1196,1127.31
39,1196,1123.74
40,1196,1139.48
41,1196,1128.05
42,1196,1131.63
43,1196,1120.12
44,1196,1075.63
45,1196,1112.14
46,1196,1127.68
47,1196,1084.26
48,1196,1107.07
49,1196,1109.7
50,1196,1111.77
51,1196,1121.81
52,1196,1128.28
53,1196,1122.33
54,1196,1111.2
55,1196,1102.27
56,1196,1107.14
57,1196,1086.94
58,1196,1077.98
59,1196,1105.42
60,1196,1097.89
61,1196,1096.72
62,1196,1124.97
63,1196,1116.61
64,1196,1114.76
65,1196,1118.91
66,1196,1131.43
67,1196,1115.62
68,1196,1123.46
69,1196,1119.43
70,1196,1121.37
71,1196,1128.9
72,1196,1127.4
73,1196,1125.71
74,1196,1133.93
75,1196,1141.85
76,1196,1126.96
77,1196,1098.62
78,1196,1148.38
79,1196,1154.81
80,1196,1127.11
81,1196,1113.65
82,1196,1107.88
83,1196,1121.7
84,1196,1133.17
85,1196,1110.54
86,1196,1138.37
87,1196,1130.8
88,1196,1111.52
89,1196,1109.38
90,1196,1088.01
91,1196,1080.83
92,1196,1119.96
93,1196,1133.51
94,1196,1125.65
95,1196,1135.16
96,1196,1134.99
97,1196,1134.17
98,1196,1128.24
99,1196,1102.46
100,1196,1108.19
101,1196,1133.17
102,1196,1117.78
103,1196,1129.9
104,1196,1149.4
105,1196,1147.4
106,1196,1137.7
107,1196,1146.16
108,1196,1144.43
109,1196,1149.88
110,1196,1131.41
111,1196,1112.71
112,1196,1110.85
113,1196,1130.65
114,1196,1113.39
115,1196,1111.43
116,1196,1120.18
117,1196,1130.92
118,1196,1130.57
119,1196,1123.57
120,1196,1109.42
121,1196,1096.54
122,1196,1101.57
123,1196,1109.38
124,1196,1130.07
125,1196,1114.95
126,1196,1140.62
127,1196,1117.8
128,1196,1128.2
129,1196,1129.35
130,1196,1122.34
131,1196,1113.63
132,1196,1120.36
133,1196,1121.37
134,1196,1137.66
135,1196,1126.24
136,1196,1136.56
137,1196,1137.49
138,1196,1138.5
139,1196,1133.63
140,1196,1115.44
141,1196,1101.86
142,1196,1107.7
143,1196,1083.11
144,1196,1125.94
145,1196,1135.65
146,1196,1107.63
147,1196,1118.8
148,1196,1124.38
149,1196,1126.23
150,1196,1123.39
151,1196,1125.07
152,1196,1119.98
153,1196,1134.39
154,1196,1116.88
155,1196,1129.81
156,1196,1100.86
157,1196,1113.45
158,1196,1098.34
159,1196,1120.1
160,1196,1135.63
161,1196,1116.4
162,1196,1123.81
163,1196,1132.54
164,1196,1115.63
165,1196,1107.83
166,1196,1128.26
167,1196,1135.13
168,1196,1142.67
169,1196,1148.29
170,1196,1127.18
171,1196,1131.33
172,1196,1097.98
173,1196,1144.9
174,1196,1130.89
175,1196,1124.44
176,1196,1138.81
177,1196,1127.42
178,1196,1120.88
179,1196,1113.66
180,1196,1123.15
181,1196,1114.08
182,1196,1121.65
183,1196,1113.38
184,1196,1126.17
185,1196,1128.39
186,1196,1133.71
187,1196,1117.26
188,1196,1106.7
189,1196,1104.36
190,1196,1105.42
191,1196,1138.29
192,1196,1111.76
193,1196,1108
194,1196,1122.42
195,1196,1120.01
196,1196,1113.92
197,1196,1132.61
198,1196,1130.28
199,1196,1119.6
200,1196,1123.79
201,1196,1134.14
202,1196,1121.66
203,1196,1111.64
204,1196,1107.2
205,1196,1127.03
206,1196,1144.66
207,1196,1128.79
208,1196,1132.94
209,1196,1140.1
210,1196,1133.13
211,1196,1125.97
212,1196,1145.17
213,1196,1154.36
214,1196,1130.55
215,1196,1152.8
216,1196,1141.24
217,1196,1121.55
218,1196,1130.43
219,1196,1140.51
220,1196,1141.43
221,1196,1122.38
222,1196,1128.76
223,1196,1143.95
224,1196,1137.95
225,1196,1139.09
226,1196,1139.82
227,1196,1126.71
228,1196,1124.99
229,1196,1095.35
230,1196,1083.63
231,1196,1111.41
232,1196,1104.43
233,1196,1097.69
234,1196,1123.29
235,1196,1129.19
236,1196,1108.33
237,1196,1123.8
238,1196,1139.49
239,1196,1130
240,1196,1126.54
241,1196,1113.71
242,1196,1128.39
243,1196,1134.72
244,1196,1131.63
245,1196,1101.41
246,1196,1107.29
247,1196,1104.7
248,1196,1131.03
249,1196,1121.77
250,1196,1124.54
251,1196,1094.23
252,1196,1111.84
253,1196,1128.33
254,1196,1125.9
255,1196,1132.88
256,1196,1121.96
257,1196,1128.38
258,1196,1122.09
259,1196,1137.59
260,1196,1125.67
261,1196,1124.14
262,1196,1121.83
263,1196,1133.13
264,1196,1134.48
265,1196,1129.5
266,1196,1120.25
267,1196,1081.83
268,1196,1110.27
269,1196,1115.64
270,1196,1140.04
271,1196,1110.53
272,1196,1140.54
273,1196,1133.66
274,1196,1117.82
275,1196,1127.43
276,1196,1144.58
277,1196,1125.11
278,1196,1139.51
279,1196,1128.45
280,1196,1101.35
281,1196,1100.58
282,1196,1140.21
283,1196,1125.74
284,1196,1094.61
285,1196,1122.28
286,1196,1096.92
287,1196,1089.79
288,1196,1098.57
289,1196,1121.43
290,1196,1110.82
291,1196,1105.2
292,1196,1083.99
293,1196,1087.85
294,1196,1082.58
295,1196,1086.51
296,1196,1107.77
297,1196,1104.16
298,1196,1129.32
299,1196,1151.5
Population size,100
Crossover rate,0.51
Mutation rate,0.79
Random selection portion,0.03
Selection method,AForge.Genetic.RankSelection
Diversity check,False
Iteration,FitnessMax,FitnessAvg
0,987,511.97
1,968,682.19
2,1085,767.39
3,1165,816.31
4,1165,864.24
5,1196,920.03
6,1196,910.94
7,1196,948.8
8,1196,1009.03
9,1196,1026.69
10,1196,1066.54
11,1196,1057.18
12,1196,1065.65
13,1196,1066.69
14,1196,1079.45
15,1196,1080.14
16,1196,1091.52
17,1196,1105.65
18,1196,1087.85
19,1196,1117.52
20,1196,1126.25
21,1196,1144.25
22,1196,1135.08
23,1196,1130.21
24,1196,1115.77
25,1196,1107.8
26,1196,1110.85
27,1196,1127.13
28,1196,1146.07
29,1196,1133.54
30,1196,1108.16
31,1196,1097.21
32,1196,1069.57
33,1196,1092.42
34,1196,1110.89
35,1196,1115.36
36,1196,1133.84
37,1196,1142.74
38,1196,1141.25
39,1196,1122.29
40,1196,1143.98
41,1196,1113.1
42,1196,1114.94
43,1196,1123.87
44,1196,1129.99
45,1196,1121.29
46,1196,1089.99
47,1196,1136.87
48,1196,1114.12
49,1196,1122.39
50,1196,1126.57
51,1196,1141.5
52,1196,1134.93
53,1196,1141.63
54,1196,1140.69
55,1196,1116.12
56,1196,1124.11
57,1196,1111.3
58,1196,1096.34
59,1196,1089.34
60,1196,1134.17
61,1196,1145.1
62,1196,1144.2
63,1196,1152.8
64,1196,1116.35
65,1196,1129.82
66,1196,1118.73
67,1196,1121.05
68,1196,1124.04
69,1196,1134.92
70,1196,1107.22
71,1196,1069.14
72,1196,1092.74
73,1196,1106.87
74,1196,1118.12
75,1196,1101.91
76,1196,1108.6
77,1196,1127.92
78,1196,1134.13
79,1196,1116.18
80,1196,1127.17
81,1196,1135.03
82,1196,1114.51
83,1196,1134.85
84,1196,1132.71
85,1196,1134.73
86,1196,1135.89
87,1196,1117.09
88,1196,1120.89
89,1196,1141.24
90,1196,1142.87
91,1196,1162.73
92,1196,1151.97
93,1196,1110.99
94,1196,1110.69
95,1196,1117.95
96,1196,1124.07
97,1196,1125.5
98,1196,1133.95
99,1196,1146.94
100,1196,1114.77
101,1196,1139.44
102,1196,1113.62
103,1196,1117
104,1196,1122.6
105,1196,1127.71
106,1196,1099.39
107,1196,1113.43
108,1196,1117.54
109,1196,1123.09
110,1196,1141.12
111,1196,1136.97
112,1196,1127.62
113,1196,1117.48
114,1196,1083.96
115,1196,1114.12
116,1196,1134.05
117,1196,1109.16
118,1196,1103.6
119,1196,1094.73
120,1196,1109.79
121,1196,1140.63
122,1196,1131.4
123,1196,1112.4
124,1196,1131.55
125,1196,1126.71
126,1196,1105.51
127,1196,1127.84
128,1196,1115.68
129,1196,1099.94
130,1196,1118.23
131,1196,1138.27
132,1196,1139.17
133,1196,1144.04
134,1196,1126.4
135,1196,1141.06
136,1196,1129.03
137,1196,1130.2
138,1196,1105.2
139,1196,1117.13
140,1196,1112.31
141,1196,1145.41
142,1196,1138.82
143,1196,1133.29
144,1196,1097.53
145,1196,1141.82
146,1196,1135.61
147,1196,1090.12
148,1196,1103.09
149,1196,1131.8
150,1196,1122.47
151,1196,1110.25
152,1196,1101.36
153,1196,1124.73
154,1196,1112.6
155,1196,1121.87
156,1196,1101.5
157,1196,1100.5
158,1196,1133.92
159,1196,1126.1
160,1196,1125.14
161,1196,1123.29
162,1196,1131.13
163,1196,1116.1
164,1196,1128.09
165,1196,1157.35
166,1196,1120.98
167,1196,1105.06
168,1196,1098.78
169,1196,1114.41
170,1196,1111.01
171,1196,1118.65
172,1196,1132.49
173,1196,1124.61
174,1196,1138.22
175,1196,1132.29
176,1196,1144.53
177,1196,1136.48
178,1196,1142
179,1196,1130.17
180,1196,1119.22
181,1196,1107.27
182,1196,1099.92
183,1196,1088.49
184,1196,1077.58
185,1196,1127.15
186,1196,1141.14
187,1196,1143.71
188,1196,1147.18
189,1196,1128.04
190,1196,1116.68
191,1196,1140.68
192,1196,1134.38
193,1196,1116.67
194,1196,1080.37
195,1196,1094.57
196,1196,1076.74
197,1196,1103.2
198,1196,1129.43
199,1196,1135.41
200,1196,1116.81
201,1196,1100.37
202,1196,1115.67
203,1196,1119.6
204,1196,1135.68
205,1196,1133.91
206,1196,1132.05
207,1196,1095.55
208,1196,1124.67
209,1196,1113.15
210,1196,1104.06
211,1196,1135.97
212,1196,1101.6
213,1196,1125.89
214,1196,1130.51
215,1196,1135.12
216,1196,1132.92
217,1196,1133.64
218,1196,1142.68
219,1196,1128.33
220,1196,1129.96
221,1196,1115.88
222,1196,1116.61
223,1196,1100.09
224,1196,1078.39
225,1196,1124.83
226,1196,1116.96
227,1196,1132.76
228,1196,1130.52
229,1196,1131.45
230,1196,1115.13
231,1196,1123.26
232,1196,1143.29
233,1196,1139.32
234,1196,1085.33
235,1196,1113.11
236,1196,1121.81
237,1196,1118.35
238,1196,1090.21
239,1196,1105.33
240,1196,1112.02
241,1196,1138.56
242,1196,1129.39
243,1196,1118.88
244,1196,1118.66
245,1196,1108.85
246,1196,1110.02
247,1196,1119.25
248,1196,1103.5
249,1196,1116.09
250,1196,1125.05
251,1196,1117.11
252,1196,1129.1
253,1196,1104.76
254,1196,1105.34
255,1196,1128.38
256,1196,1120.28
257,1196,1140.69
258,1196,1115.61
259,1196,1118.54
260,1196,1149.15
261,1196,1152.03
262,1196,1134.14
263,1196,1084.26
264,1196,1112.1
265,1196,1113.08
266,1196,1139.29
267,1196,1143.43
268,1196,1144.14
269,1196,1132.13
270,1196,1050.49
271,1196,1054.64
272,1196,1117.23
273,1196,1113.39
274,1196,1127.2
275,1196,1130.7
276,1196,1143.91
277,1196,1121.03
278,1196,1117.44
279,1196,1153.34
280,1196,1139.9
281,1196,1147.07
282,1196,1101.81
283,1196,1123.95
284,1196,1144.37
285,1196,1129.91
286,1196,1117.74
287,1196,1121.48
288,1196,1118.16
289,1196,1119.31
290,1196,1123.29
291,1196,1154.62
292,1196,1109.05
293,1196,1122.37
294,1196,1126.38
295,1196,1109.63
296,1196,1123.97
297,1196,1128.31
298,1196,1131.85
299,1196,1076.59
Population size,100
Crossover rate,0.22
Mutation rate,0.87
Random selection portion,0.03
Selection method,AForge.Genetic.EliteSelection
Diversity check,False
Iteration,FitnessMax,FitnessAvg
0,1196,657.7
1,1196,798.78
2,1196,897.66
3,1196,948.58
4,1196,995.09
5,1196,1048.12
6,1196,1071.84
7,1196,1101.35
8,1196,1118.87
9,1196,1133.81
10,1196,1150.51
11,1196,1169.09
12,1196,1166.57
13,1196,1169.8
14,1196,1167.88
15,1196,1173
16,1196,1168.57
17,1196,1171.3
18,1196,1171.91
19,1196,1170.46
20,1196,1184.22
21,1196,1175.93
22,1196,1160.12
23,1196,1172.63
24,1196,1165.78
25,1196,1160.12
26,1196,1172.61
27,1196,1166.04
28,1196,1173.31
29,1196,1169.82
30,1196,1162.09
31,1196,1180.9
32,1196,1175.62
33,1196,1168.03
34,1196,1165.03
35,1196,1163.39
36,1196,1185.14
37,1196,1173.25
38,1196,1176.54
39,1196,1174.17
40,1196,1171.59
41,1196,1165.21
42,1196,1173.06
43,1196,1164.46
44,1196,1173.32
45,1196,1171.86
46,1196,1172.78
47,1196,1160.12
48,1196,1176.66
49,1196,1180.48
50,1196,1173.47
51,1196,1176.92
52,1196,1178.22
53,1196,1173.22
54,1196,1172.88
55,1196,1167.67
56,1196,1165.5
57,1196,1180.68
58,1196,1166.36
59,1196,1181.72
60,1196,1172.05
61,1196,1174.46
62,1196,1173.15
63,1196,1161.66
64,1196,1167.31
65,1196,1170.11
66,1196,1168.96
67,1196,1164.34
68,1196,1172.79
69,1196,1160.12
70,1196,1165.71
71,1196,1177.84
72,1196,1170.62
73,1196,1165.91
74,1196,1174.18
75,1196,1176.41
76,1196,1166.77
77,1196,1173.32
78,1196,1170.84
79,1196,1165.34
80,1196,1173.69
81,1196,1165.86
82,1196,1162.86
83,1196,1172.2
84,1196,1169.09
85,1196,1165.52
86,1196,1180.58
87,1196,1171.24
88,1196,1167.45
89,1196,1167.83
90,1196,1177.11
91,1196,1175.76
92,1196,1164.61
93,1196,1178.15
94,1196,1165.91
95,1196,1177.03
96,1196,1169.66
97,1196,1167.15
98,1196,1167.82
99,1196,1163.26
100,1196,1170.41
101,1196,1164.47
102,1196,1160.12
103,1196,1166.2
104,1196,1173.85
105,1196,1171.05
106,1196,1182.04
107,1196,1172.72
108,1196,1167.69
109,1196,1170.97
110,1196,1163.47
111,1196,1173.62
112,1196,1163.17
113,1196,1163.54
114,1196,1167.26
115,1196,1167.85
116,1196,1170.06
117,1196,1172.5
118,1196,1177.41
119,1196,1164.84
120,1196,1175.46
121,1196,1176.9
122,1196,1171.3
123,1196,1174.23
124,1196,1164.38
125,1196,1169.97
126,1196,1160.12
127,1196,1164.72
128,1196,1179.61
129,1196,1180.55
130,1196,1170.51
131,1196,1165.64
132,1196,1171.09
133,1196,1173.46
134,1196,1174.85
135,1196,1168.22
136,1196,1173.41
137,1196,1173.54
138,1196,1173.32
139,1196,1167.57
140,1196,1175.97
141,1196,1169.19
142,1196,1169.09
143,1196,1178.02
144,1196,1168.19
145,1196,1170.8
146,1196,1167.52
147,1196,1170.32
148,1196,1170.11
149,1196,1170.13
150,1196,1160.12
151,1196,1169.73
152,1196,1166.01
153,1196,1167.34
154,1196,1171.4
155,1196,1170.19
156,1196,1179.35
157,1196,1160.12
158,1196,1173.35
159,1196,1170.22
160,1196,1173.52
161,1196,1177.56
162,1196,1176.81
163,1196,1178.11
164,1196,1175.28
165,1196,1173.51
166,1196,1170.52
167,1196,1176.3
168,1196,1169.05
169,1196,1172.52
170,1196,1168.4
171,1196,1179.6
172,1196,1173.57
173,1196,1160.12
174,1196,1168.03
175,1196,1169.64
176,1196,1172.56
177,1196,1171.43
178,1196,1160.12
179,1196,1166.47
180,1196,1180.38
181,1196,1182.98
182,1196,1172.59
183,1196,1176.71
184,1196,1169.03
185,1196,1167.36
186,1196,1170.86
187,1196,1187.77
188,1196,1172.24
189,1196,1160.12
190,1196,1167.49
191,1196,1170.66
192,1196,1163.11
193,1196,1165.51
194,1196,1175.33
195,1196,1169.18
196,1196,1165.81
197,1196,1164.59
198,1196,1160.12
199,1196,1175.89
200,1196,1171.12
201,1196,1171.49
202,1196,1173
203,1196,1169.33
204,1196,1170.35
205,1196,1172.9
206,1196,1165.58
207,1196,1165.11
208,1196,1160.12
209,1196,1173.1
210,1196,1177.88
211,1196,1181.03
212,1196,1173.48
213,1196,1177.92
214,1196,1163.66
215,1196,1170.97
216,1196,1170.3
217,1196,1178.04
218,1196,1164.43
219,1196,1169.23
220,1196,1174.29
221,1196,1166.56
222,1196,1164.71
223,1196,1160.85
224,1196,1167.55
225,1196,1175.01
226,1196,1163.13
227,1196,1166.19
228,1196,1177.75
229,1196,1174.47
230,1196,1175.44
231,1196,1162.27
232,1196,1181.3
233,1196,1174.53
234,1196,1185.11
235,1196,1164.62
236,1196,1165.82
237,1196,1178.58
238,1196,1173.36
239,1196,1170.99
240,1196,1173.74
241,1196,1167.39
242,1196,1183.22
243,1196,1164.4
244,1196,1172.95
245,1196,1176.66
246,1196,1163.6
247,1196,1172.44
248,1196,1175.96
249,1196,1168.43
250,1196,1160.12
251,1196,1176.57
252,1196,1171.15
253,1196,1169.67
254,1196,1165.82
255,1196,1169.79
256,1196,1169.82
257,1196,1169.79
258,1196,1164.43
259,1196,1174.89
260,1196,1160.85
261,1196,1170.34
262,1196,1163.88
263,1196,1165.85
264,1196,1172.91
265,1196,1174.88
266,1196,1168.4
267,1196,1165.63
268,1196,1180.76
269,1196,1178.21
270,1196,1174.97
271,1196,1165.4
272,1196,1165.23
273,1196,1172.79
274,1196,1176.72
275,1196,1168.71
276,1196,1163.6
277,1196,1172.6
278,1196,1172.41
279,1196,1180.26
280,1196,1175.98
281,1196,1167.08
282,1196,1175.88
283,1196,1181.07
284,1196,1170.69
285,1196,1170.88
286,1196,1177.07
287,1196,1167.6
288,1196,1170.96
289,1196,1175.19
290,1196,1165.65
291,1196,1179.51
292,1196,1165.89
293,1196,1168.51
294,1196,1170.94
295,1196,1163.26
296,1196,1166.86
297,1196,1169.79
298,1196,1170.91
299,1196,1171.81
Population size,100
Crossover rate,0.22
Mutation rate,0.87
Random selection portion,0.03
Selection method,AForge.Genetic.EliteSelection
Diversity check,True
Iteration,FitnessMax,FitnessAvg
0,1165,622.63
1,1165,744.69
2,1165,827.23
3,1196,915.84
4,1196,956.85
5,1196,998.19
6,1196,1044.44
7,1196,1068.71
8,1196,1078.24
9,1196,1107.71
10,1196,1123.91
11,1196,1141.62
12,1196,1159.85
13,1196,1176.09
14,1196,665.47
15,1196,759.62
16,1196,846.32
17,1196,907.67
18,1196,967.83
19,1196,1016.33
20,1196,1048.74
21,1196,1077.66
22,1196,1093.81
23,1196,1115.24
24,1196,1138.75
25,1196,1150.89
26,1196,1167.33
27,1196,633
28,1196,760.27
29,1196,856.51
30,1196,920.35
31,1196,964.35
32,1196,1020.88
33,1196,1060.54
34,1196,1091.4
35,1196,1103
36,1196,1118.7
37,1196,1130.55
38,1196,1152.31
39,1196,1163
40,1196,714.34
41,1196,812.97
42,1196,887.7
43,1196,947.8
44,1196,989.21
45,1196,1022.9
46,1196,1046.02
47,1196,1054.41
48,1196,1077.07
49,1196,1092.83
50,1196,1110.79
51,1196,1137.39
52,1196,1155.82
53,1196,1167.24
54,1196,696.8
55,1196,818.19
56,1196,895.82
57,1196,941.17
58,1196,989.85
59,1196,1020.46
60,1196,1054.74
61,1196,1082.18
62,1196,1103.75
63,1196,1108.02
64,1196,1120.61
65,1196,1128.8
66,1196,1158.47
67,1196,1156.59
68,1196,1165.09
69,1196,626.27
70,1196,743.37
71,1196,854.04
72,1196,929.64
73,1196,969.4
74,1196,1021.47
75,1196,1046.37
76,1196,1068.58
77,1196,1086.78
78,1196,1081.98
79,1196,1106.61
80,1196,1111.79
81,1196,1142.48
82,1196,1164.44
83,1196,660.83
84,1196,808.38
85,1196,877.74
86,1196,964.28
87,1196,1006.12
88,1196,1060
89,1196,1068.72
90,1196,1108.46
91,1196,1124.55
92,1196,1153.66
93,1196,1165.65
94,1196,611.87
95,1196,733.71
96,1196,810.09
97,1196,891.73
98,1196,940.79
99,1196,978.51
100,1196,1008.53
101,1196,1051.66
102,1196,1064.09
103,1196,1084.72
104,1196,1116.94
105,1196,1129.18
106,1196,1145.09
107,1196,1160.46
108,1196,646.34
109,1196,735.23
110,1196,833.96
111,1196,902.64
112,1196,952.23
113,1196,1027.06
114,1196,1061.98
115,1196,1072.42
116,1196,1097.33
117,1196,1122.35
118,1196,1139.4
119,1196,1171.93
120,1196,674.53
121,1196,806.67
122,1196,892.35
123,1196,961.75
124,1196,1010.01
125,1196,1046.35
126,1196,1063.42
127,1196,1088.28
128,1196,1091.65
129,1196,1109.64
130,1196,1116.09
131,1196,1140.79
132,1196,1156.58
133,1196,1160.43
134,1196,622.07
135,1196,773.95
136,1196,864.69
137,1196,912.67
138,1196,972.86
139,1196,1033.57
140,1196,1058.53
141,1196,1076.8
142,1196,1106.43
143,1196,1138.19
144,1196,1152.4
145,1196,1152.04
146,1196,1176.88
147,1196,678.42
148,1196,775.14
149,1196,855.5
150,1196,942.8
151,1196,985.97
152,1196,1044.3
153,1196,1075.56
154,1196,1093.08
155,1196,1117.25
156,1196,1139.72
157,1196,1162.22
158,1196,727
159,1196,845.16
160,1196,918.08
161,1196,991.09
162,1196,1035.17
163,1196,1073.69
164,1196,1086.34
165,1196,1125.91
166,1196,1139.98
167,1196,1158.69
168,1196,1161.84
169,1196,671.67
170,1196,798.9
171,1196,883.27
172,1196,960.49
173,1196,998.06
174,1196,1051.42
175,1196,1074.47
176,1196,1101.27
177,1196,1132.46
178,1196,1153.56
179,1196,1165.66
180,1196,676.04
181,1196,804.04
182,1196,912.44
183,1196,982.79
184,1196,1043.24
185,1196,1066.38
186,1196,1096.71
187,1196,1117.9
188,1196,1133.87
189,1196,1153.45
190,1196,1165.12
191,1196,661.51
192,1196,798.18
193,1196,891.01
194,1196,943.75
195,1196,1007.76
196,1196,1036.97
197,1196,1067.92
198,1196,1083.37
199,1196,1114.96
200,1196,1121.46
201,1196,1151.28
202,1196,1158.99
203,1196,1170.68
204,1196,646.06
205,1196,752.28
206,1196,839.03
207,1196,906.43
208,1196,968.4
209,1196,1009.82
210,1196,1050.48
211,1196,1080.36
212,1196,1082
213,1196,1113.06
214,1196,1126.19
215,1196,1137.5
216,1196,1154.85
217,1196,1156.16
218,1196,1162.63
219,1196,681.97
220,1196,784.81
221,1196,877.06
222,1196,972.03
223,1196,1021.94
224,1196,1063.88
225,1196,1085.97
226,1196,1110.87
227,1196,1125.32
228,1196,1157.52
229,1196,1159.28
230,1196,1164.57
231,1196,660.24
232,1196,744.43
233,1196,820.69
234,1196,898.24
235,1196,941.56
236,1196,1002.86
237,1196,1039.88
238,1196,1058.65
239,1196,1091.05
240,1196,1108.95
241,1196,1126.19
242,1196,1158.67
243,1196,1157.33
244,1196,1168.17
245,1196,657.83
246,1196,758.63
247,1196,814.18
248,1196,889.74
249,1196,938.01
250,1196,985.29
251,1196,1037.06
252,1196,1063.52
253,1196,1084.39
254,1196,1088.93
255,1196,1101.2
256,1196,1119.72
257,1196,1131.47
258,1196,1156.26
259,1196,1160.89
260,1196,650.68
261,1196,777.9
262,1196,883.7
263,1196,960.77
264,1196,1004.63
265,1196,1050.53
266,1196,1077.29
267,1196,1105.9
268,1196,1108.53
269,1196,1123.54
270,1196,1131.13
271,1196,1152.39
272,1196,1157.4
273,1196,1171.84
274,1196,686.35
275,1196,790.08
276,1196,865.57
277,1196,928.19
278,1196,985.27
279,1196,1035.35
280,1196,1066.5
281,1196,1077.97
282,1196,1089.72
283,1196,1118.43
284,1196,1124.52
285,1196,1159.71
286,1196,1155.78
287,1196,1165.88
288,1196,654.71
289,1196,799.25
290,1196,860.98
291,1196,943.94
292,1196,1017.21
293,1196,1053.16
294,1196,1064.24
295,1196,1090.65
296,1196,1109.73
297,1196,1129
298,1196,1150.19
299,1196,1166.91
Population size,100
Crossover rate,0.22
Mutation rate,0.87
Random selection portion,0.03
Selection method,AForge.Genetic.EliteSelection
Diversity check,True
Iteration,FitnessMax,FitnessAvg
0,1196,656.08
1,1196,786.17
2,1196,880.83
3,1196,946.78
4,1196,998.81
5,1196,1036.56
6,1196,1071.85
7,1196,1084.86
8,1196,1104.12
9,1196,1135.06
10,1196,1134.5
11,1196,1160.3
12,1196,706.63
13,1196,815.03
14,1196,901.35
15,1196,978.24
16,1196,1021.17
17,1196,1049.04
18,1196,1072.64
19,1196,1103.79
20,1196,1105.16
21,1196,1123.32
22,1196,1137.33
23,1196,1157.07
24,1196,1166.78
25,1196,609.4
26,1196,743.2
27,1196,849.37
28,1196,894.21
29,1196,953
30,1196,1005.31
31,1196,1028.16
32,1196,1046.88
33,1196,1062.92
34,1196,1088.22
35,1196,1119.82
36,1196,1127.85
37,1196,1152.78
38,1196,1164.42
39,1196,679.49
40,1196,831.42
41,1196,899.17
42,1196,962.69
43,1196,1028.49
44,1196,1053.79
45,1196,1069.71
46,1196,1078.21
47,1196,1111.81
48,1196,1125.9
49,1196,1150.67
Population size,100
Crossover rate,0.22
Mutation rate,0.87
Random selection portion,0.03
Selection method,AForge.Genetic.EliteSelection
Diversity check,True
Iteration,FitnessMax,FitnessAvg
0,1041,659.82
1,1196,781.51
2,1196,870.89
3,1196,948.29
4,1196,1001.7
5,1196,1053.2
6,1196,1076.26
7,1196,1108.16
8,1196,1133.1
9,1196,1161.65
10,1196,719.77
11,1196,856.13
12,1196,951.69
13,1196,1005.86
14,1196,1043.5
15,1196,1063.07
16,1196,1098.36
17,1196,1129.71
18,1196,1152.12
19,1196,1162.83
20,1196,682.1
21,1196,783.19
22,1196,892.42
23,1196,961.57
24,1196,1010.72
25,1196,1066.87
26,1196,1086.55
27,1196,1099.88
28,1196,1114.01
29,1196,1135.62
