Population size,100
Crossover rate,0.66
Mutation rate,0.34
Random selection portion,0.03
Selection method,AForge.Genetic.RouletteWheelSelection
Diversity check,False
Iteration,FitnessMax,FitnessAvg
0,1709,1197.37
1,1847,1285.7
2,1886,1334.3
3,1850,1359.1
4,1811,1377.29
5,1918,1403.7
6,1918,1444.68
7,1918,1488.06
8,1926,1513.46
9,1926,1535.95
10,1983,1577.93
11,2050,1565.54
12,2050,1564.81
13,2165,1613.27
14,2165,1613.58
15,2165,1651.34
16,2170,1697.26
17,2170,1709.81
18,2170,1725.56
19,2124,1728.67
20,2058,1727.32
21,2099,1715.71
22,2104,1717.83
23,2104,1705.64
24,2104,1709.43
25,2104,1751.65
26,2049,1736.01
27,2198,1740.03
28,2133,1714.62
29,2075,1669.69
30,2102,1718.36
31,2155,1657.08
32,2198,1688.08
33,2198,1705.91
34,2198,1706.98
35,2198,1741.81
36,2198,1741.92
37,2198,1718.27
38,2198,1696.94
39,2198,1712.69
40,2102,1729.5
41,2190,1766.69
42,2165,1717.57
43,2094,1715.22
44,2094,1764.73
45,2190,1761.97
46,2190,1784.44
47,2100,1784.26
48,2166,1751.35
49,2166,1767.77
50,2166,1804.43
51,2166,1860.4
52,2166,1854.53
53,2108,1823.27
54,2166,1818.87
55,2166,1846.01
56,2166,1806.44
57,2166,1843.12
58,2171,1844
59,2171,1863.7
60,2171,1799.19
61,2195,1804.2
62,2195,1797.41
63,2171,1755.39
64,2092,1743.44
65,2096,1754.57
66,2096,1755.24
67,2096,1754.23
68,2101,1801.78
69,2215,1816.07
70,2177,1785.33
71,2177,1773.3
72,2182,1766.28
73,2182,1735.09
74,2210,1732.37
75,2215,1742.77
76,2215,1780.28
77,2215,1788.47
78,2210,1751.7
79,2124,1752.93
80,2124,1780.85
81,2120,1817.31
82,2120,1811.37
83,2120,1802.37
84,2177,1799
85,2177,1823.09
86,2177,1837.67
87,2177,1819.5
88,2177,1844.65
89,2173,1821.25
90,2173,1876.71
91,2215,1856.44
92,2215,1854.75
93,2215,1900.5
94,2215,1896.7
95,2173,1866.96
96,2195,1847.81
97,2195,1858.54
98,2186,1836.78
99,2186,1880.04
100,2186,1859.53
101,2191,1865.92
102,2282,1856.11
103,2282,1824.68
104,2282,1857.98
105,2282,1847.35
106,2186,1843.97
107,2190,1882.86
108,2186,1882.05
109,2186,1882.85
110,2186,1858.9
111,2105,1844.86
112,2152,1868.44
113,2188,1839.43
114,2221,1854.99
115,2221,1835.59
116,2226,1822.06
117,2315,1800.25
118,2315,1826.7
119,2315,1809.87
120,2193,1867.57
121,2221,1861.5
122,2221,1874.42
123,2130,1891.53
124,2219,1833.67
125,2240,1885.74
126,2240,1867.27
127,2240,1815.98
128,2240,1806.39
129,2240,1814.93
130,2240,1773.37
131,2240,1725.6
132,2166,1780.26
133,2215,1749.96
134,2178,1754.43
135,2166,1775.05
136,2166,1798.48
137,2273,1743.26
138,2166,1771.05
139,2224,1776.3
140,2127,1718.69
141,2127,1745.54
142,2127,1757.8
143,2127,1734.72
144,2160,1694.11
145,2127,1716
146,2182,1748.7
147,2182,1717.9
148,2182,1767.85
149,2215,1740.79
150,2282,1819.91
151,2282,1836.73
152,2184,1847.66
153,2282,1880.23
154,2282,1858.89
155,2182,1854.79
156,2182,1817.54
157,2182,1844.41
158,2182,1841.64
159,2127,1826.88
160,2102,1789.52
161,2102,1798.72
162,2282,1834.72
163,2282,1830.4
164,2100,1824.78
165,2074,1777.41
166,2074,1765.52
167,2184,1797.49
168,2257,1833.32
169,2257,1810.99
170,2257,1773.39
171,2257,1786.2
172,2257,1762.88
173,2257,1788.8
174,2257,1764.29
175,2191,1809.37
176,2105,1798.35
177,2105,1824.07
178,2182,1817.15
179,2182,1791.06
180,2182,1841
181,2182,1845.66
182,2315,1841.86
183,2240,1766.01
184,2240,1770.19
185,2315,1831.11
186,2315,1859.62
187,2315,1860.15
188,2315,1861.01
189,2315,1815.35
190,2315,1812.68
191,2315,1818.81
192,2221,1787.8
193,2221,1743.01
194,2221,1755.23
195,2221,1784.3
196,2177,1794.56
197,2149,1798.6
198,2221,1802.33
199,2221,1820.55
200,2149,1812.52
201,2149,1767.96
202,2149,1803.9
203,2149,1773.37
204,2161,1811.95
205,2166,1812.19
206,2130,1800.93
207,2183,1852.16
208,2183,1830.91
209,2157,1822.77
210,2157,1811.11
211,2157,1837.11
212,2166,1809.95
213,2166,1804.36
214,2166,1790.77
215,2166,1823.17
216,2219,1802.37
217,2219,1799.31
218,2166,1784.91
219,2166,1811.48
220,2166,1762.66
221,2171,1790.56
222,2161,1795.54
223,2171,1801.26
224,2191,1774.04
225,2191,1820.89
226,2191,1813.67
227,2191,1814.68
228,2191,1835.38
229,2221,1881.28
230,2221,1842.67
231,2224,1861.26
232,2282,1896.52
233,2282,1900.57
234,2282,1848.05
235,2224,1874.07
236,2282,1880.41
237,2229,1854.01
238,2207,1857.82
239,2186,1832.96
240,2186,1804.13
241,2191,1864.03
242,2315,1871.39
243,2315,1894.49
244,2315,1869.86
245,2229,1874.22
246,2229,1851.62
247,2315,1894.83
248,2315,1901.7
249,2257,1862.43
250,2257,1874.54
251,2282,1863.35
252,2282,1894.14
253,2219,1930.7
254,2282,1897.05
255,2219,1922.96
256,2219,1906.18
257,2282,1936.79
258,2282,1895.64
259,2282,1898.5
260,2219,1909.51
261,2219,1897.95
262,2221,1870.31
263,2282,1929.9
264,2221,1930.7
265,2219,1920.77
266,2282,1918.44
267,2282,1933.63
268,2224,1928.78
269,2219,1929.44
270,2219,1857.82
271,2221,1823.09
272,2282,1841.71
273,2315,1866.07
274,2315,1886.53
275,2315,1839.89
276,2221,1869.33
277,2221,1851.28
278,2221,1904.36
279,2221,1887.87
280,2221,1919.73
281,2287,1938.68
282,2221,1912.1
283,2221,1905.69
284,2221,1894.62
285,2229,1917.85
286,2229,1925.56
287,2229,1914.3
288,2229,1896.37
289,2287,1865.56
290,2287,1893.01
291,2287,1867.86
292,2229,1875.97
293,2229,1887.49
294,2229,1894.43
295,2287,1901.58
296,2287,1920.86
297,2287,1921.07
298,2287,1949.89
299,2287,1954.89
Population size,100
Crossover rate,0.66
Mutation rate,0.34
Random selection portion,0.03
Selection method,AForge.Genetic.RouletteWheelSelection
Diversity check,True
Iteration,FitnessMax,FitnessAvg
0,1821,1239.99
1,1884,1279.3
2,1929,1309.77
3,1929,1309.32
4,1929,1271.77
5,1929,1289.47
6,1943,1376.69
7,1999,1455.11
8,1999,1490.7
9,2107,1551.51
10,2032,1554.99
11,2069,1643.43
12,2032,1708.06
13,2093,1659.83
14,2093,1631.78
15,2093,1672.59
16,2093,1712.71
17,2087,1738.41
18,2084,1734.7
19,2047,1718.12
20,2118,1732.68
21,2118,1732.75
22,1999,1739.81
23,2132,1726.21
24,2132,1717.39
25,2137,1768.92
26,2137,1770.15
27,2137,1778.1
28,2144,1826.02
29,2240,1828.7
30,2137,1829.74
31,2137,1835.97
32,2137,1783.85
33,2144,1825.4
34,2240,1831.54
35,2137,1805.83
36,2144,1817.02
37,2137,1814.45
38,2118,1782.15
39,2113,1763.54
40,2104,1764.19
41,2132,1762.11
42,2132,1749.57
43,2207,1761.41
44,2207,1705.7
45,2207,1708.31
46,2207,1691.68
47,2193,1792.94
48,2188,1778.93
49,2137,1785.66
50,2137,1795.22
51,2282,1799.79
52,2282,1790.29
53,2245,1786.49
54,2226,1764.33
55,2226,1791.98
56,2221,1755.17
57,2221,1778.4
58,2165,1793.87
59,2198,1786.09
60,2165,1805.63
61,2165,1796.19
62,2165,1790.3
63,2165,1800.39
64,2165,1778.25
65,2165,1822.43
66,2165,1786.21
67,2103,1790.03
68,2198,1840.66
69,2198,1832.15
70,2207,1838.7
71,2207,1858.3
72,2198,1866.19
73,2282,1931.63
74,2215,1917.3
75,2273,1913.34
76,2273,1886.34
77,2273,1921.33
78,2273,1920.66
79,2273,1907.99
80,2273,1893.45
81,2273,1899.16
82,2273,1950.72
83,2221,1918.79
84,2273,1926.76
85,2273,1952.75
86,2273,1940.6
87,2221,1919.21
88,2221,1935.75
89,2221,1873.5
90,2221,1922.26
91,2273,1981.55
92,2273,1948.58
93,2212,1932.94
94,2212,1915.86
95,2273,1942.32
96,2282,1931.66
97,2282,1921.83
98,2282,1877.01
99,2229,1924.45
100,2257,1961.78
101,2287,1957.42
102,2315,1991.42
103,2315,1987.67
104,2315,1926.66
105,2287,1892.83
106,2287,1886.24
107,2287,1897.91
108,2287,1905.74
109,2287,1945.3
110,2282,1870.68
111,2282,1898.21
112,2282,1918.53
113,2282,1890.56
114,2287,1892.64
115,2287,1881.65
116,2287,1832.62
117,2287,1804.79
118,2287,1836.49
119,2287,1884.95
120,2282,1849.65
121,2287,1916.09
122,2282,1909.35
123,2282,1837.87
124,2287,1874.93
125,2287,1878.42
126,2287,1878.77
127,2282,1865.63
128,2282,1884.95
129,2282,1920.47
130,2315,1897.74
131,2315,1879.36
132,2315,1913.64
133,2287,1862.73
134,2315,1871.15
135,2315,1857.88
136,2315,1876.15
137,2315,1891.12
138,2315,1914.29
139,2315,1904.15
140,2315,1936.44
141,2315,1921.34
142,2315,1923.28
143,2315,1922.67
144,2315,1980.16
145,2315,1968.74
146,2315,1897.36
147,2315,1924.4
148,2315,1982.18
149,2315,1938.26
150,2315,1967.05
151,2315,1941.06
152,2315,2013.58
153,2315,2013.08
154,2315,1991.6
155,2315,1921.31
156,2315,1951.58
157,2315,1980.09
158,2315,1924.53
159,2315,1944.14
160,2315,1891.12
161,2315,1882.46
162,2315,1859.81
163,2219,1847.26
164,2178,1847.4
165,2178,1866.78
166,2219,1834.67
167,2315,1888.37
168,2315,1895.51
169,2315,1876.75
170,2315,1836.43
171,2257,1827.84
172,2315,1782.73
173,2257,1782.01
174,2190,1782.71
175,2161,1848.41
176,2219,1887.21
177,2219,1861.94
178,2315,1856.08
179,2315,1858.4
180,2315,1849.29
181,2315,1890.78
182,2315,1884.24
183,2315,1885.67
184,2315,1850.67
185,2315,1839.21
186,2315,1825.2
187,2315,1866.92
188,2315,1869.21
189,2315,1888.17
190,2315,1873.63
191,2315,1951.37
192,2315,1919.39
193,2315,1886.69
194,2315,1901.58
195,2257,1910.61
196,2229,1989.71
197,2257,1974.15
198,2229,1950.3
199,2229,1977.33
200,2315,1931.89
201,2315,1961.03
202,2229,1938.16
203,2240,1918.39
204,2282,1966.72
205,2282,1978.71
206,2315,1984.34
207,2315,2006.42
208,2315,2008.21
209,2315,1998.01
210,2315,2020.2
211,2315,2026.45
212,2315,1955.23
213,2315,1981.18
214,2315,1993.95
215,2315,2004.06
216,2315,2013.79
217,2315,1983.78
218,2257,1981.24
219,2315,1978.8
220,2315,1998.98
221,2257,1921.86
222,2257,1872.67
223,2257,1937.98
224,2257,1936.37
225,2315,1923.29
226,2257,1903.12
227,2257,1945.58
228,2257,1949.8
229,2282,1965.79
230,2282,1960.64
231,2229,1944.37
232,2229,1966.61
233,2229,2005.6
234,2229,1987.91
235,2229,1978.15
236,2229,1988.97
237,2229,1984.64
238,2229,1993.42
239,2229,1983.48
240,2229,2004.78
241,2229,2012.29
242,2229,1996.48
243,2229,2009.04
244,2229,1971.94
245,2229,1936.43
246,2273,1886.44
247,2273,1921.71
248,2273,1914.59
249,2229,1905.55
250,2229,1931.26
251,2229,1958.24
252,2229,1929.98
253,2229,1881.6
254,2229,1896.52
255,2229,1875.39
256,2229,1832.67
257,2229,1856.68
258,2229,1862.87
259,2229,1872.52
260,2229,1884.25
261,2171,1842.34
262,2229,1872.86
263,2229,1898.42
264,2273,1883.96
265,2273,1872.78
266,2273,1902.74
267,2273,1890.47
268,2273,1845.71
269,2273,1838.84
270,2229,1849.7
271,2229,1832.17
272,2168,1812.8
273,2168,1789.8
274,2229,1842.04
275,2229,1809.21
276,2273,1773.64
277,2168,1782.51
278,2196,1791.68
279,2168,1780.45
280,2168,1800.04
281,2196,1759.57
282,2177,1786.67
283,2155,1797.44
284,2177,1772.49
285,2177,1746.08
286,2177,1810.45
287,2186,1810.39
288,2186,1809.11
289,2207,1780.67
290,2207,1748.12
291,2207,1742.02
292,2215,1738.86
293,2215,1786.35
294,2273,1773.28
295,2273,1755.92
296,2215,1753.16
297,2215,1771.85
298,2215,1779.42
299,2215,1814.96
Population size,100
Crossover rate,0.51
Mutation rate,0.79
Random selection portion,0.03
Selection method,AForge.Genetic.RankSelection
Diversity check,True
Iteration,FitnessMax,FitnessAvg
0,1878,1242.43
1,1775,1407.78
2,1775,1474.16
3,1871,1567.3
4,1871,1600.81
5,1927,1602.82
6,1980,1648.96
7,1980,1674.39
8,2069,1681.22
9,2069,1714.28
10,2118,1761.77
11,2118,1826.32
12,2154,1843.75
13,2163,1877.44
14,2132,1925.69
15,2240,1956.89
16,2240,1976.72
17,2240,2037.87
18,2240,2038.01
19,2240,2000.01
20,2240,2059.33
21,2240,2053.94
22,2240,2102.58
23,2273,2092.02
24,2287,2104.92
25,2287,2136.95
26,2282,2098.08
27,2315,2113.28
28,2287,2084.28
29,2287,2131.54
30,2315,2113.23
31,2315,2083.38
32,2315,2171.43
33,2315,2112.72
34,2315,2121.61
35,2315,2138.02
36,2315,2144.63
37,2315,2148.92
38,2315,2108.21
39,2315,2089.61
40,2315,2089.05
41,2315,2156.35
42,2315,2174.77
43,2315,2153.57
44,2315,2177.91
45,2315,2080.06
46,2315,2168.23
47,2315,2157.94
48,2315,2191.39
49,2315,2196.16
50,2315,2178.11
51,2315,2167.78
52,2315,2209.67
53,2315,2172.85
54,2315,2169.41
55,2315,2115.98
56,2315,2145.28
57,2315,2190.99
58,2315,2151.07
59,2315,2192.67
60,2315,2241.21
61,2315,2237.33
62,2315,2197.47
63,2315,2192.21
64,2315,2213.41
65,2315,2194.02
66,2315,2218.22
67,2315,2199.89
68,2315,2220.62
69,2315,2190.07
70,2315,2190.37
71,2315,2188.93
72,2315,2210.14
73,2315,2215.14
74,2315,2162.85
75,2315,2186.46
76,2315,2161.59
77,2315,2159.65
78,2315,2185.23
79,2315,2183.15
80,2315,2222.34
81,2315,2207.02
82,2315,2190.58
83,2315,2252.83
84,1735,1116.12
85,1931,1300.65
86,1931,1408.7
87,1946,1517.91
88,1920,1594.01
89,1997,1630.58
90,2008,1702.89
91,2008,1687.02
92,2044,1785.43
93,2102,1802.58
94,2102,1835.02
95,2116,1841.65
96,2116,1893.54
97,2116,1906
98,2155,1849.33
99,2155,1844.86
100,2155,1845.89
101,2155,1918.76
102,2155,1879.4
103,2155,1958.6
104,2173,1972.51
105,2173,1991.51
106,2173,1997.37
107,2173,1995.55
108,2173,1996.22
109,2173,2023.63
110,2257,2016.85
111,2287,1981.53
112,2315,1979.45
113,2315,2056.35
114,2315,2084.48
115,2315,2052.87
116,2315,2091.96
117,2315,2051.05
118,2315,2068.95
119,2315,2101.95
120,2315,2175.2
121,2315,2158.74
122,2315,2160.67
123,2315,2177.5
124,2315,2183.83
125,2315,2177.98
126,2315,2196.86
127,2315,2165.94
128,2315,2134.42
129,2315,2188.33
130,2315,2150.82
131,2315,2226.58
132,2315,2215.88
133,2315,2237.17
134,2315,2245.33
135,2315,2234.97
136,2315,2221.02
137,2315,2174.25
138,2315,2184.4
139,2315,2156.89
140,2315,2192.53
141,2315,2210.95
142,2315,2154.32
143,2315,2214.5
144,2315,2223.94
145,2315,2214.97
146,2315,2197.25
147,2315,2204.69
148,2315,2200.77
149,2315,2205.25
150,2315,2226.73
151,2315,2200.36
152,2315,2176.17
153,2315,2209.01
154,2315,2127.3
155,2315,2214.13
156,2315,2239.5
157,2315,2220.45
158,2315,2180.23
159,2315,2194.69
160,2315,2143.27
161,2315,2135.51
162,2315,2197.19
163,2315,2138.08
164,2315,2203.54
165,2315,2226.9
166,2315,2224.32
167,2315,2189.93
168,2315,2128.26
169,2315,2230.36
170,2315,2187.3
171,2315,2206.35
172,2315,2175.19
173,2315,2178.25
174,2315,2180.98
175,2315,2175.68
176,2315,2151.43
177,2315,2150.45
178,2315,2162.62
179,2315,2154.43
180,2315,2201.92
181,2315,2156.96
182,2315,2158.12
183,2315,2131.29
184,2315,2214.59
185,2315,2231.87
186,2315,2208.91
187,2315,2195.68
188,2315,2228.06
189,2315,2240.13
190,2315,2221.92
191,2315,2238.16
192,2315,2186.76
193,2315,2104.08
194,2315,2181.65
195,2315,2123.1
196,2315,2169.51
197,2315,2192.93
198,2315,2225.11
199,2315,2225.1
200,2315,2217.51
201,2315,2224.44
202,2315,2208.21
203,2315,2170.08
204,2315,2157.65
205,2315,2142.71
206,2315,2197.81
207,2315,2178.79
208,2315,2178.72
209,2315,2184.19
210,2315,2218.17
211,2315,2235.36
212,2315,2172.21
213,2315,2133.61
214,2315,2191.19
215,2315,2199.43
216,2315,2208.35
217,2315,2226.55
218,2315,2226.66
219,2315,2225.99
220,2315,2167.15
221,2315,2182.13
222,2315,2146.91
223,2315,2211.39
224,2315,2202.68
225,2315,2222.67
226,2315,2225.82
227,2315,2197.4
228,2315,2237.76
229,2315,2235.3
230,2315,2175.11
231,2315,2235.56
232,2315,2220.81
233,2315,2226.25
234,2315,2232.66
235,2315,2193.99
236,2315,2184.82
237,2315,2223.67
238,2315,2218.74
239,2315,2197.38
240,2315,2212.68
241,2315,2214.56
242,2315,2213.24
243,2315,2156.5
244,2315,2205.8
245,2315,2191
246,2315,2233.28
247,2315,2157.76
248,2315,2217.46
249,2315,2216.6
250,2315,2243.98
251,2315,2202.34
252,2315,2167.77
253,2315,2222.19
254,2315,2217.99
255,2315,2229.26
256,2315,2214.5
257,2315,2207.07
258,2315,2174.92
259,2315,2200.67
260,2315,2209.14
261,2315,2261.27
262,1827,1136.69
263,1827,1342.16
264,1827,1448.46
265,1827,1495.86
266,1933,1513.11
267,1933,1550.9
268,2041,1603.02
269,1915,1620.16
270,1995,1670.49
271,2011,1719.77
272,2053,1748.83
273,2111,1777.17
274,2161,1863.9
275,2161,1909.83
276,2161,1921.75
277,2219,1963.23
278,2219,1972.73
279,2287,2060.62
280,2224,2066.33
281,2287,2103.48
282,2315,2061.39
283,2315,2099.31
284,2315,2093.71
285,2315,2144.45
286,2315,2142.66
287,2315,2130.29
288,2315,2130.67
289,2315,2147.18
290,2315,2164.24
291,2315,2135.58
292,2315,2188.73
293,2315,2179.81
294,2315,2196.42
295,2315,2202.18
296,2315,2137.57
297,2315,2170.36
298,2315,2206.55
299,2315,2150.7
Population size,100
Crossover rate,0.51
Mutation rate,0.79
Random selection portion,0.03
Selection method,AForge.Genetic.RankSelection
Diversity check,False
Iteration,FitnessMax,FitnessAvg
0,1709,1095.37
1,1921,1339.11
2,1921,1444.91
3,1986,1540.51
4,1986,1625.36
5,1954,1675.99
6,2069,1699.7
7,2118,1770.26
8,2075,1763.87
9,2226,1802.91
10,2226,1869.05
11,2226,1908.81
12,2226,1935.41
13,2245,1993.2
14,2245,2021.83
15,2245,2024.53
16,2245,2024.47
17,2245,2050.53
18,2245,2032.51
19,2245,2099.18
20,2245,2099.94
21,2245,2081.49
22,2245,2060.71
23,2287,2111.7
24,2287,2173.24
25,2287,2163.61
26,2287,2163.17
27,2287,2176.84
28,2287,2174.32
29,2287,2118.62
30,2287,2180.34
31,2287,2163.13
32,2287,2116.15
33,2287,2148.79
34,2287,2147.41
35,2287,2082.97
36,2287,2129.74
37,2287,2111.97
38,2287,2160.42
39,2287,2184.58
40,2287,2159.62
41,2287,2184.59
42,2287,2198.89
43,2287,2165.37
44,2315,2188.44
45,2287,2124.17
46,2287,2169.86
47,2287,2131.62
48,2287,2160.97
49,2287,2184.78
50,2287,2200.3
51,2287,2133.13
52,2287,2183.83
53,2287,2212.76
54,2287,2213.09
55,2287,2215.13
56,2287,2177.91
57,2287,2120.8
58,2287,2147.17
59,2287,2183.56
60,2287,2190.33
61,2287,2139.09
62,2287,2138.12
63,2315,2158.7
64,2315,2173.89
65,2315,2168.21
66,2315,2188
67,2315,2155.9
68,2315,2182.93
69,2315,2241.13
70,2315,2167.02
71,2315,2214.32
72,2315,2223.37
73,2315,2160.47
74,2315,2187.08
75,2315,2206.78
76,2315,2172.07
77,2315,2152.15
78,2315,2111.07
79,2315,2159.64
80,2315,2195.18
81,2315,2206.52
82,2315,2167.94
83,2315,2206.55
84,2315,2154.54
85,2315,2190.82
86,2315,2143.49
87,2315,2138.71
88,2315,2132.38
89,2315,2170.29
90,2315,2163.3
91,2315,2212.13
92,2315,2232.11
93,2315,2192.12
94,2315,2196.04
95,2315,2211.6
96,2315,2179.36
97,2315,2200.63
98,2315,2112.69
99,2315,2182.69
100,2315,2192.88
101,2315,2192.34
102,2315,2120.67
103,2315,2135.78
104,2315,2156.52
105,2315,2211.26
106,2315,2144.45
107,2315,2189.29
108,2315,2185.97
109,2315,2225.35
110,2315,2184.75
111,2315,2141.88
112,2315,2176.09
113,2315,2159.44
114,2315,2192.74
115,2315,2226.75
116,2315,2229.01
117,2315,2163.67
118,2315,2175
119,2315,2217.19
120,2315,2232.04
121,2315,2248.11
122,2315,2213.38
123,2315,2191.67
124,2315,2142.2
125,2315,2165.3
126,2315,2178.85
127,2315,2186.67
128,2315,2193.36
129,2315,2137.08
130,2315,2172.14
131,2315,2140.47
132,2315,2193.53
133,2315,2238.54
134,2315,2223.55
135,2315,2222.55
136,2315,2236.09
137,2315,2190.23
138,2315,2205.2
139,2315,2217.14
140,2315,2209.71
141,2315,2159.57
142,2315,2205.86
143,2315,2196.03
144,2315,2192.76
145,2315,2170.76
146,2315,2218.87
147,2315,2217.4
148,2315,2153.17
149,2315,2201.75
150,2315,2162.89
151,2315,2197.13
152,2315,2200.4
153,2315,2191.07
154,2315,2204.1
155,2315,2215.99
156,2315,2235.63
157,2315,2214.86
158,2315,2220.4
159,2315,2210.25
160,2315,2208.35
161,2315,2207.54
162,2315,2160.9
163,2315,2180.04
164,2315,2146.37
165,2315,2181.66
166,2315,2186.37
167,2315,2237.94
168,2315,2221.24
169,2315,2199.39
170,2315,2227.05
171,2315,2235.69
172,2315,2246.42
173,2315,2191.35
174,2315,2151.28
175,2315,2193.03
176,2315,2175.66
177,2315,2181.95
178,2315,2204.87
179,2315,2163.73
180,2315,2138.47
181,2315,2182.01
182,2315,2178.87
183,2315,2223.89
184,2315,2231.97
185,2315,2219.23
186,2315,2237.01
187,2315,2203.71
188,2315,2189.94
189,2315,2208.47
190,2315,2217.74
191,2315,2195.05
192,2315,2205.13
193,2315,2179.91
194,2315,2208.05
195,2315,2200.36
196,2315,2197.19
197,2315,2197.74
198,2315,2151.67
199,2315,2227.28
200,2315,2155.47
201,2315,2206.77
202,2315,2189.48
203,2315,2223.85
204,2315,2200.96
205,2315,2205.37
206,2315,2195.07
207,2315,2226.49
208,2315,2225.7
209,2315,2195.82
210,2315,2212.56
211,2315,2200.95
212,2315,2245.14
213,2315,2206.85
214,2315,2199.48
215,2315,2207.46
216,2315,2132.69
217,2315,2147.52
218,2315,2185.19
219,2315,2225.28
220,2315,2177.92
221,2315,2215.82
222,2315,2209.61
223,2315,2169.91
224,2315,2165.55
225,2315,2172.19
226,2315,2204.53
227,2315,2199.58
228,2315,2176.96
229,2315,2229.55
230,2315,2191.49
231,2315,2116.67
232,2315,2126.68
233,2315,2137.63
234,2315,2170.34
235,2315,2180.8
236,2315,2160.39
237,2315,2203.28
238,2315,2204.76
239,2315,2202.21
240,2315,2192.02
241,2315,2195.71
242,2315,2177.56
243,2315,2221.55
244,2315,2225.33
245,2315,2250.01
246,2315,2232.98
247,2315,2246.76
248,2315,2212.2
249,2315,2254.88
250,2315,2242.57
251,2315,2225.12
252,2315,2193.33
253,2315,2235.39
254,2315,2224.62
255,2315,2186.56
256,2315,2170.84
257,2315,2133.85
258,2315,2215.26
259,2315,2246.91
260,2315,2156.91
261,2315,2205.78
262,2315,2227.38
263,2315,2200.57
264,2315,2191.77
265,2315,2208.32
266,2315,2220.46
267,2315,2187.4
268,2315,2209.15
269,2315,2204.61
270,2315,2244.87
271,2315,2203.54
272,2315,2205.61
273,2315,2148.99
274,2315,2173.89
275,2315,2229.61
276,2315,2198.56
277,2315,2192.41
278,2315,2175.15
279,2315,2165.71
280,2315,2203.66
281,2315,2190.2
282,2315,2238.14
283,2315,2216.85
284,2315,2211.07
285,2315,2207.26
286,2315,2194.9
287,2315,2204.19
288,2315,2125
289,2315,2086.41
290,2315,2173.45
291,2315,2122.63
292,2315,2153.5
293,2315,2199.28
294,2315,2145.76
295,2315,2157.02
296,2315,2192.4
297,2315,2125.79
298,2315,2182.04
299,2315,2155.05
Population size,100
Crossover rate,0.22
Mutation rate,0.87
Random selection portion,0.03
Selection method,AForge.Genetic.EliteSelection
Diversity check,False
Iteration,FitnessMax,FitnessAvg
0,1657,1298.04
1,1661,1406.27
2,1715,1468.12
3,1866,1570.63
4,1866,1613.92
5,1942,1660.02
6,2021,1710.09
7,2021,1754.88
8,2052,1783.2
9,2082,1838.46
10,2155,1919.47
11,2155,1968.44
12,2155,1976.04
13,2207,1998.77
14,2207,2032.05
15,2207,2025.93
16,2240,2051.18
17,2240,2057.4
18,2240,2080.64
19,2240,2089.89
20,2240,2106.32
21,2315,2129.08
22,2315,2124.34
23,2315,2155.88
24,2315,2163.52
25,2315,2193.23
26,2315,2176.56
27,2315,2199.42
28,2315,2208.58
29,2315,2197.63
30,2315,2210.61
31,2315,2206.84
32,2315,2227.39
33,2315,2222.05
34,2315,2247.49
35,2315,2252.58
36,2315,2246.15
37,2315,2245.7
38,2315,2267.29
39,2315,2271.25
40,2315,2271.53
41,2315,2278.31
42,2315,2285.85
43,2315,2273.94
44,2315,2278.93
45,2315,2267.53
46,2315,2269.35
47,2315,2266.61
48,2315,2280.42
49,2315,2281.56
50,2315,2271.58
51,2315,2265.38
52,2315,2251.86
53,2315,2258.73
54,2315,2279.42
55,2315,2245.55
56,2315,2282.06
57,2315,2278.75
58,2315,2274.19
59,2315,2267.84
60,2315,2267.57
61,2315,2272.5
62,2315,2268.78
63,2315,2272.65
64,2315,2265.03
65,2315,2270.47
66,2315,2263.97
67,2315,2285.8
68,2315,2257.21
69,2315,2275.23
70,2315,2245.55
71,2315,2275.08
72,2315,2265.08
73,2315,2265.77
74,2315,2271.16
75,2315,2282.01
76,2315,2270.85
77,2315,2259.33
78,2315,2259.06
79,2315,2281.62
80,2315,2282.61
81,2315,2256.16
82,2315,2256.29
83,2315,2279.89
84,2315,2272.45
85,2315,2278.95
86,2315,2266.09
87,2315,2263.93
88,2315,2263.4
89,2315,2267.47
90,2315,2252.08
91,2315,2282.88
92,2315,2273.72
93,2315,2278.16
94,2315,2270.27
95,2315,2272.69
96,2315,2265.67
97,2315,2283.91
98,2315,2255.99
99,2315,2261.61
100,2315,2269.98
101,2315,2265.38
102,2315,2256.08
103,2315,2267.01
104,2315,2274.36
105,2315,2290.53
106,2315,2283.43
107,2315,2252.95
108,2315,2287.77
109,2315,2261.58
110,2315,2281.77
111,2315,2267.98
112,2315,2269.14
113,2315,2273.37
114,2315,2263.28
115,2315,2268.36
116,2315,2260.73
117,2315,2284.4
118,2315,2260.05
119,2315,2284.37
120,2315,2272.32
121,2315,2271.67
122,2315,2265.75
123,2315,2262.32
124,2315,2269.65
125,2315,2266.42
126,2315,2257.46
127,2315,2253.73
128,2315,2271.08
129,2315,2245.55
130,2315,2265.74
131,2315,2291.67
132,2315,2245.55
133,2315,2284.6
134,2315,2276.57
135,2315,2277.79
136,2315,2285.9
137,2315,2288.48
138,2315,2271.4
139,2315,2267.39
140,2315,2283.64
141,2315,2283.63
142,2315,2273.12
143,2315,2255.98
144,2315,2266.56
145,2315,2271.3
146,2315,2260.87
147,2315,2274.59
148,2315,2286.19
149,2315,2262.15
150,2315,2284.47
151,2315,2267.78
152,2315,2261.19
153,2315,2275
154,2315,2265.33
155,2315,2256.85
156,2315,2284.42
157,2315,2276.67
158,2315,2276.49
159,2315,2265.09
160,2315,2273.65
161,2315,2282.02
162,2315,2282.86
163,2315,2277.32
164,2315,2285.58
165,2315,2288.58
166,2315,2266.32
167,2315,2253.01
168,2315,2255.52
169,2315,2253.47
170,2315,2271.08
171,2315,2264.59
172,2315,2271.36
173,2315,2245.55
174,2315,2258.36
175,2315,2274.71
176,2315,2284.17
177,2315,2283.6
178,2315,2251.79
179,2315,2259.62
180,2315,2277.8
181,2315,2279.11
182,2315,2286.93
183,2315,2278.61
184,2315,2274
185,2315,2254.62
186,2315,2285.12
187,2315,2269.29
188,2315,2284.63
189,2315,2272.18
190,2315,2253.34
191,2315,2262.76
192,2315,2271.11
193,2315,2278.99
194,2315,2280.97
195,2315,2281.68
196,2315,2261.54
197,2315,2278.83
198,2315,2260.61
199,2315,2265.93
200,2315,2285.98
201,2315,2284.16
202,2315,2279.38
203,2315,2259.3
204,2315,2265.46
205,2315,2267.91
206,2315,2272.15
207,2315,2270.83
208,2315,2268
209,2315,2274.36
210,2315,2282
211,2315,2286.37
212,2315,2276.28
213,2315,2257.44
214,2315,2281.78
215,2315,2249.46
216,2315,2263.15
217,2315,2287.46
218,2315,2280.44
219,2315,2265.07
220,2315,2278.86
221,2315,2286.78
222,2315,2272.13
223,2315,2276.74
224,2315,2287.43
225,2315,2256.98
226,2315,2274.75
227,2315,2265.91
228,2315,2272.58
229,2315,2285.48
230,2315,2272.43
231,2315,2254.99
232,2315,2245.55
233,2315,2277.09
234,2315,2269.37
235,2315,2289.33
236,2315,2273.1
237,2315,2260.48
238,2315,2279.65
239,2315,2263.5
240,2315,2277.77
241,2315,2270.77
242,2315,2265.78
243,2315,2278.83
244,2315,2284.69
245,2315,2269.92
246,2315,2258.72
247,2315,2273.52
248,2315,2262.97
249,2315,2274.29
250,2315,2272.02
251,2315,2284.62
252,2315,2245.55
253,2315,2266.81
254,2315,2265.36
255,2315,2272
256,2315,2279.81
257,2315,2257.62
258,2315,2261.65
259,2315,2263.89
260,2315,2271.02
261,2315,2269.83
262,2315,2283.18
263,2315,2279.59
264,2315,2256.53
265,2315,2272.45
266,2315,2286.31
267,2315,2282.3
268,2315,2274.8
269,2315,2254.14
270,2315,2253.57
271,2315,2264.41
272,2315,2257.38
273,2315,2259.57
274,2315,2268.41
275,2315,2254.23
276,2315,2245.55
277,2315,2256.94
278,2315,2270.56
279,2315,2273.81
280,2315,2253.52
281,2315,2258.01
282,2315,2278.8
283,2315,2283.34
284,2315,2292.77
285,2315,2272.42
286,2315,2256.38
287,2315,2275.04
288,2315,2273.87
289,2315,2278.21
290,2315,2283.01
291,2315,2258.1
292,2315,2281.27
293,2315,2283.27
294,2315,2259.19
295,2315,2245.55
296,2315,2273.28
297,2315,2255.91
298,2315,2261.03
299,2315,2269.49
Population size,100
Crossover rate,0.22
Mutation rate,0.87
Random selection portion,0.03
Selection method,AForge.Genetic.EliteSelection
Diversity check,True
Iteration,FitnessMax,FitnessAvg
0,2059,1319.58
1,2059,1469.71
2,2092,1535.85
3,2092,1642.85
4,2092,1717.45
5,2092,1775.7
6,2138,1837.28
7,2195,1887.06
8,2195,1949.68
9,2195,1991.65
10,2287,2008.67
11,2287,2036.49
12,2287,2074.84
13,2287,2093.44
14,2287,2102.54
15,2287,2111.12
16,2315,2138.57
17,2315,2135.49
18,2315,2163.48
19,2315,2179.73
20,2315,2182.56
21,2315,2197.4
22,2315,2215.95
23,2315,2229.39
24,2315,2240.9
25,2315,2264.98
26,2315,1265.38
27,2315,1394.02
28,2315,1524.02
29,2315,1620.3
30,2315,1719.86
31,2315,1790.82
32,2315,1873.11
33,2315,1948.55
34,2315,2024.17
35,2315,2072.79
36,2315,2106.21
37,2315,2145.74
38,2315,2183.02
39,2315,2190.94
40,2315,2223.43
41,2315,2243.12
42,2315,2236.44
43,2315,2263.71
44,2315,1304.76
45,2315,1433.92
46,2315,1529.09
47,2315,1638.26
48,2315,1758.24
49,2315,1839.14
50,2315,1928.74
51,2315,2018.78
52,2315,2081.71
53,2315,2129.75
54,2315,2153.99
55,2315,2178.82
56,2315,2213.89
57,2315,2239.04
58,2315,2248.8
59,2315,1295.52
60,2315,1424.9
61,2315,1533.12
62,2315,1607.88
63,2315,1675.46
64,2315,1778.59
65,2315,1843.93
66,2315,1935.15
67,2315,1999.13
68,2315,2082.24
69,2315,2125.64
70,2315,2163.83
71,2315,2199.63
72,2315,2220.52
73,2315,2220.45
74,2315,2257.69
75,2315,1233.14
76,2315,1376.93
77,2315,1518.75
78,2315,1665.59
79,2315,1761.97
80,2315,1872.48
81,2315,1961.1
82,2315,2019.91
83,2315,2095.95
84,2315,2131.42
85,2315,2153.64
86,2315,2199.47
87,2315,2216.76
88,2315,2237.13
89,2315,2246.06
90,2315,1320.8
91,2315,1468.13
92,2315,1568.33
93,2315,1671.44
94,2315,1785.59
95,2315,1862.8
96,2315,1933.17
97,2315,1980.24
98,2315,2094.36
99,2315,2131.85
100,2315,2163.81
101,2315,2183.69
102,2315,2197.43
103,2315,2216.62
104,2315,2233.22
105,2315,2260.4
106,2315,1311.34
107,2315,1459.61
108,2315,1558.26
109,2315,1674.9
110,2315,1769.97
111,2315,1851.87
112,2315,1911.02
113,2315,2000.3
114,2315,2067.19
115,2315,2118.38
116,2315,2133.64
117,2315,2159.03
118,2315,2171.29
119,2315,2202.07
120,2315,2196.94
121,2315,2225.82
122,2315,2227.3
123,2315,2210.21
124,2315,2246.08
125,2315,1275.05
126,2315,1410.17
127,2315,1521.72
128,2315,1642.49
129,2315,1705.11
130,2315,1795.05
131,2315,1905.89
132,2315,1986.68
133,2315,2063.85
134,2315,2127.12
135,2315,2170.61
136,2315,2195.81
137,2315,2216.06
138,2315,2223.49
139,2315,2251.71
140,2315,1282.34
141,2315,1415.71
142,2315,1506.85
143,2315,1602.55
144,2315,1703.25
145,2315,1817.28
146,2315,1939.7
147,2315,2013.32
148,2315,2094.48
149,2315,2121.31
150,2315,2169.95
151,2315,2176.19
152,2315,2194.32
153,2315,2221.45
154,2315,2246.64
155,2315,1304.5
156,2315,1456.89
157,2315,1563.82
158,2315,1675.55
159,2315,1732.63
160,2315,1842.06
161,2315,1941.81
162,2315,1999.05
163,2315,2060.97
164,2315,2110.31
165,2315,2139.05
166,2315,2174.69
167,2315,2180.14
168,2315,2215.22
169,2315,2227.84
170,2315,2223.53
171,2315,2235.59
172,2315,2276.2
173,2315,1313.12
174,2315,1417.89
175,2315,1534.74
176,2315,1646.19
177,2315,1706.09
178,2315,1801
179,2315,1885.46
180,2315,1962.63
181,2315,2014.67
182,2315,2072.48
183,2315,2114.27
184,2315,2150.93
185,2315,2194.16
186,2315,2210.2
187,2315,2237.27
188,2315,2256.67
189,2315,1322.62
190,2315,1445.78
191,2315,1518.5
192,2315,1587.66
193,2315,1651.01
194,2315,1716.6
195,2315,1807.28
196,2315,1875.81
197,2315,1966.89
198,2315,2038.19
199,2315,2090.54
200,2315,2142.86
201,2315,2155.86
202,2315,2193.55
203,2315,2218.28
204,2315,2228.23
205,2315,2225.96
206,2315,2267.39
207,2315,1309.88
208,2315,1427.07
209,2315,1545.54
210,2315,1643.46
211,2315,1711.79
212,2315,1783.43
213,2315,1867.74
214,2315,1964.85
215,2315,2054.57
216,2315,2113.33
217,2315,2146.72
218,2315,2164.93
219,2315,2195.29
220,2315,2201.5
221,2315,2242.12
222,2315,2243.28
223,2315,2254.33
224,2315,1326.83
225,2315,1487.62
226,2315,1614.33
227,2315,1749.9
228,2315,1831.19
229,2315,1881.59
230,2315,1945.51
231,2315,1997.82
232,2315,2063.44
233,2315,2117.86
234,2315,2143.52
235,2315,2160.67
236,2315,2173.09
237,2315,2222.38
238,2315,2237.82
239,2315,2246.55
240,2315,1303.49
241,2315,1403.4
242,2315,1520.25
243,2315,1601.09
244,2315,1693.55
245,2315,1747.1
246,2315,1818.15
247,2315,1894.15
248,2315,1969.77
249,2315,2041.2
250,2315,2087.28
251,2315,2116.55
252,2315,2134.04
253,2315,2186.45
254,2315,2212.38
255,2315,2218.82
256,2315,2244.81
257,2315,2237.05
258,2315,2254.26
259,2315,1317.83
260,2315,1461.91
261,2315,1566.72
262,2315,1622.81
263,2315,1723.96
264,2315,1787.71
265,2315,1857.33
266,2315,1916.08
267,2315,1992.98
268,2315,2047.13
269,2315,2098.51
270,2315,2110.69
271,2315,2134.8
272,2315,2169.09
273,2315,2189.58
274,2315,2214.52
275,2315,2239.65
276,2315,2258.47
277,2315,1308.12
278,2315,1445
279,2315,1544.88
280,2315,1604
281,2315,1658.5
282,2315,1736.05
283,2315,1803.54
284,2315,1878.92
285,2315,1946.82
286,2315,2004.79
287,2315,2065.44
288,2315,2090.61
289,2315,2114.92
290,2315,2134.89
291,2315,2156.28
292,2315,2170.45
293,2315,2189.32
294,2315,2210.37
295,2315,2230.82
296,2315,2248.18
297,2315,1250.41
298,2315,1431.7
299,2315,1552.22
Population size,100
Crossover rate,0.22
Mutation rate,0.87
Random selection portion,0.03
Selection method,AForge.Genetic.EliteSelection
Diversity check,True
Iteration,FitnessMax,FitnessAvg
0,1843,1292.38
1,1843,1436.81
2,1946,1555.76
3,1946,1631.77
4,1951,1692.92
5,1958,1726.87
6,2002,1758.37
7,2210,1816.12
8,2210,1843.85
9,2210,1876.3
10,2210,1912.81
11,2210,1947.47
12,2210,1988.67
13,2210,2014.13
14,2210,2024.57
15,2210,2061.38
16,2240,2071.62
17,2240,2083.36
18,2315,2100.11
19,2315,2137.15
20,2315,2137.52
21,2315,2161.85
22,2315,2160.81
23,2315,2177.5
24,2315,2179.07
25,2315,2195.99
26,2315,2195.35
27,2315,2202.82
28,2315,2218.85
29,2315,2204.66
30,2315,2231.4
31,2315,2219.86
32,2315,2225.79
33,2315,2239.17
34,2315,2244.42
35,2315,2244.4
36,2315,2241.04
37,2315,2270.72
38,2315,1289.45
39,2315,1423.68
40,2315,1512.31
41,2315,1617.08
42,2315,1695.51
43,2315,1790.58
44,2315,1899.28
45,2315,1990.14
46,2315,2048.18
47,2315,2094.48
48,2315,2121.49
49,2315,2153.52
Population size,100
Crossover rate,0.22
Mutation rate,0.87
Random selection portion,0.03
Selection method,AForge.Genetic.EliteSelection
Diversity check,True
Iteration,FitnessMax,FitnessAvg
0,1738,1297.59
1,1789,1419.22
2,1830,1514.45
3,1830,1577.33
4,1916,1641.11
5,1992,1728.22
6,1992,1758.77
7,2027,1800.33
8,2027,1837.6
9,2171,1875.67
10,2171,1918.98
11,2210,1938.77
12,2210,1959.23
13,2210,2008.2
14,2229,2062.14
15,2229,2061.91
16,2229,2071.29
17,2240,2110.32
18,2240,2134.75
19,2315,2142.2
20,2315,2152.06
21,2315,2163.2
22,2315,2181.01
23,2315,2170.67
24,2315,2190.85
25,2315,2215.47
26,2315,2202.6
27,2315,2227
28,2315,2230.96
29,2315,2220.3
