Population size,30
Crossover rate,0.1
Mutation rate,0.1
Random selection portion,0
Selection method,AForge.Genetic.RouletteWheelSelection
Iteration,FitnessMax,FitnessAvg
0,2630,1967.93333333333
1,2630,2095.43333333333
2,2585,2198.66666666667
3,2640,2274.63333333333
4,2652,2326.26666666667
5,2652,2310.03333333333
6,2585,2363
7,2585,2390.7
8,2583,2389.9
9,2583,2394.16666666667
10,2685,2451.13333333333
11,2685,2451.6
12,2685,2443.56666666667
13,2685,2459.03333333333
14,2685,2476.6
15,2912,2471.66666666667
16,2912,2486.23333333333
17,2912,2495.3
18,2912,2534.96666666667
19,2912,2538.1
20,2912,2582.03333333333
21,3035,2632.23333333333
22,3035,2664.73333333333
23,3035,2718.63333333333
24,3035,2707.73333333333
25,3035,2764.43333333333
26,3035,2820.5
27,3035,2845.6
28,3035,2829.8
29,3035,2842.4
30,3035,2883.53333333333
31,3035,2897.46666666667
32,2954,2867.96666666667
33,3001,2853.1
34,3001,2885.13333333333
35,3001,2889.13333333333
36,3110,2900.86666666667
37,3001,2896.26666666667
38,3001,2895.93333333333
39,3035,2915.86666666667
40,3035,2921.93333333333
41,3035,2936.96666666667
42,3035,2954.03333333333
43,3035,2963.6
44,3035,2958.7
45,3035,2953.46666666667
46,3035,2960.86666666667
47,3035,2973.9
48,3096,2971.7
49,3035,2959.06666666667
50,3035,2978.03333333333
51,3035,2962.9
52,3051,2979.9
53,3051,2966.16666666667
54,3051,2978.8
55,3085,2961.96666666667
56,3134,2964.8
57,3134,2972.9
58,3134,2986.5
59,3134,2988.63333333333
60,3213,2982.43333333333
61,3213,2991.76666666667
62,3213,3009.4
63,3134,2982.16666666667
64,3213,2991.06666666667
65,3213,3013.53333333333
66,3184,3059.36666666667
67,3184,3093.2
68,3184,3082.9
69,3184,3112.96666666667
70,3184,3109.23333333333
71,3184,3110.73333333333
72,3184,3120.6
73,3184,3094.1
74,3184,3090.76666666667
75,3184,3056.4
76,3184,3059.8
77,3209,3089.13333333333
78,3209,3062.6
79,3209,3053.9
80,3209,3063.5
81,3209,3035.5
82,3209,3052.4
83,3259,3042.96666666667
84,3259,3048.73333333333
85,3259,3014.73333333333
86,3259,3032.5
87,3259,3063.83333333333
88,3257,3020.63333333333
89,3257,3000.53333333333
90,3257,3024.6
91,3144,2949.26666666667
92,3144,2954.93333333333
93,3134,3024.03333333333
94,3134,3035.56666666667
95,3134,2993.96666666667
96,3134,3002.7
97,3259,3048.8
98,3259,3034.56666666667
99,3207,3000.76666666667
Population size,30
Crossover rate,0.2
Mutation rate,0.1
Random selection portion,0
Selection method,AForge.Genetic.RouletteWheelSelection
Iteration,FitnessMax,FitnessAvg
0,2554,1935.9
1,2455,1836.06666666667
2,2455,1869.33333333333
3,2455,1939.13333333333
4,2455,1986.33333333333
5,2455,2067.93333333333
6,2455,2093.66666666667
7,2382,2058.76666666667
8,2382,2064.53333333333
9,2382,2083.53333333333
10,2382,2098.86666666667
11,2382,2122.1
12,2382,2078.63333333333
13,2602,2139.13333333333
14,2382,2163.4
15,2382,2140.23333333333
16,2382,2171.2
17,2404,2140.26666666667
18,2404,2174.9
19,2404,2201.23333333333
20,2404,2225.4
21,2404,2208.96666666667
22,2419,2228.46666666667
23,2419,2227.5
24,2419,2221.6
25,2553,2235.9
26,2553,2232.46666666667
27,2553,2224.13333333333
28,2404,2250.93333333333
29,2404,2249.46666666667
30,2404,2234.86666666667
31,2404,2266.73333333333
32,2404,2294.63333333333
33,2404,2322.06666666667
34,2414,2321.93333333333
35,2576,2341.03333333333
36,2576,2360.86666666667
37,2576,2390.93333333333
38,2576,2372
39,2576,2390.26666666667
40,2576,2376.9
41,2546,2370.16666666667
42,2710,2369.33333333333
43,2710,2362.03333333333
44,2710,2397.76666666667
45,2710,2414.4
46,2546,2410.2
47,2546,2406.13333333333
48,2735,2433.26666666667
49,2662,2443.43333333333
50,2662,2444.1
51,2662,2456.73333333333
52,2662,2461.16666666667
53,2662,2440.3
54,2662,2428.16666666667
55,2662,2465.2
56,2662,2454.13333333333
57,2735,2446.3
58,2735,2443.13333333333
59,2735,2416.06666666667
60,2735,2422.16666666667
61,2735,2401.26666666667
62,2735,2417.66666666667
63,2735,2388.26666666667
64,2735,2423.06666666667
65,2735,2412.7
66,2735,2390.83333333333
67,2735,2389.6
68,2735,2410.76666666667
69,2672,2449.76666666667
70,2672,2488.7
71,2672,2483.13333333333
72,2801,2494.7
73,2698,2542.1
74,2698,2522.93333333333
75,2821,2581.43333333333
76,2821,2581.5
77,2821,2615.1
78,2826,2570.76666666667
79,2745,2549.5
80,2745,2517.4
81,2662,2463.23333333333
82,2581,2432.93333333333
83,2581,2400.56666666667
84,2581,2411.03333333333
85,2581,2368.3
86,2581,2437.1
87,2581,2445.3
88,2581,2438.1
89,2585,2411.96666666667
90,2581,2400.63333333333
91,2581,2403.5
92,2826,2446.5
93,2781,2436.4
94,2781,2539.66666666667
95,2744,2477.6
96,2744,2499.16666666667
97,2601,2511.46666666667
98,2678,2516.4
99,2678,2553.3
Population size,30
Crossover rate,0.3
Mutation rate,0.1
Random selection portion,0
Selection method,AForge.Genetic.RouletteWheelSelection
Iteration,FitnessMax,FitnessAvg
0,3136,2177.3
1,3028,2225.56666666667
2,3078,2460.86666666667
3,3078,2540.76666666667
4,3078,2594.73333333333
5,3078,2780.5
6,3078,2749.36666666667
7,3078,2863.5
8,3078,2947.43333333333
9,3078,2964.6
10,3078,2947.33333333333
11,3078,2966.9
12,3078,2941.5
13,3078,2932.83333333333
14,3078,2937.6
15,3078,2934.26666666667
16,3078,2937.26666666667
17,3078,2925.03333333333
18,3018,2888.46666666667
19,3018,2887.9
20,3018,2887.96666666667
21,3080,2874.73333333333
22,3080,2886.83333333333
23,3080,2805.8
24,3018,2769.03333333333
25,3018,2835.5
26,3018,2841.93333333333
27,3018,2830.63333333333
28,3018,2814.1
29,3018,2822.63333333333
30,3018,2895.46666666667
31,3119,2910.7
32,3018,2896.86666666667
33,3018,2892.4
34,3018,2905.93333333333
35,3018,2819.96666666667
36,3018,2823.06666666667
37,3018,2787.7
38,3136,2814.5
39,3186,2825.06666666667
40,3269,2894.76666666667
41,3269,2884.53333333333
42,3269,2974.33333333333
43,3269,2932.33333333333
44,3269,2912.06666666667
45,3269,2881.16666666667
46,3269,2925.06666666667
47,3269,2961.8
48,3269,2974.83333333333
49,3269,3048.53333333333
50,3269,2995.36666666667
51,3269,2977.8
52,3269,2954.63333333333
53,3151,2968.63333333333
54,3147,2970.03333333333
55,3147,2981.96666666667
56,3151,3010.86666666667
57,3147,2962.36666666667
58,3147,2915.33333333333
59,3151,2927.46666666667
60,3147,2952.03333333333
61,3041,2937.3
62,3064,2942
63,3064,2949.7
64,3064,2928.7
65,3172,2970.8
66,3172,2933.7
67,3172,2883.03333333333
68,3172,2908.73333333333
69,3172,2959
70,3193,2955.13333333333
71,3193,2966.46666666667
72,3193,2974.76666666667
73,3193,2929.9
74,3193,2876.13333333333
75,3193,2847.33333333333
76,3193,2829.5
77,3193,2853.66666666667
78,3041,2831.3
79,3041,2875.06666666667
80,3085,2892.53333333333
81,3085,2875.43333333333
82,3085,2866.63333333333
83,3085,2880.6
84,3085,2850.2
85,3085,2834.1
86,3085,2822.23333333333
87,3085,2818.06666666667
88,2884,2795.86666666667
89,2884,2765.83333333333
90,2884,2774.1
91,2911,2754.53333333333
92,2911,2781.3
93,2911,2741.36666666667
94,2914,2785.26666666667
95,2914,2799.23333333333
96,2964,2790.9
97,2964,2788.9
98,2964,2817.2
99,2964,2771.83333333333
Population size,30
Crossover rate,0.4
Mutation rate,0.1
Random selection portion,0
Selection method,AForge.Genetic.RouletteWheelSelection
Iteration,FitnessMax,FitnessAvg
0,2431,2076.46666666667
1,2413,2124.83333333333
2,2603,2176.36666666667
3,2603,2232.6
4,2603,2244.23333333333
5,2454,2231.1
6,2468,2237.06666666667
7,2674,2227.96666666667
8,2674,2229.33333333333
9,2674,2257.76666666667
10,2674,2273.9
11,2674,2293.86666666667
12,2674,2344.13333333333
13,2621,2308.13333333333
14,2621,2275.8
15,2621,2283.76666666667
16,2731,2296.76666666667
17,2731,2420.3
18,2775,2440.03333333333
19,2836,2542.96666666667
20,2836,2512
21,2836,2568.73333333333
22,2836,2545.13333333333
23,2836,2528.93333333333
24,2774,2522.5
25,2873,2483.5
26,2873,2489.93333333333
27,2633,2477.8
28,2670,2521.46666666667
29,2670,2559.8
30,2728,2527.76666666667
31,2817,2562.1
32,2817,2567.1
33,2817,2582.66666666667
34,2817,2598.06666666667
35,2817,2609.2
36,2817,2624.96666666667
37,2817,2625.66666666667
38,2817,2609.13333333333
39,2817,2649.76666666667
40,2817,2666.8
41,2778,2613.73333333333
42,2778,2611.1
43,2778,2625.4
44,2778,2649.46666666667
45,2778,2648.86666666667
46,2778,2664.36666666667
47,2778,2658.06666666667
48,2907,2665.83333333333
49,2778,2655.66666666667
50,2901,2664.63333333333
51,2901,2638.26666666667
52,3004,2640.23333333333
53,3004,2588
54,3004,2627.33333333333
55,3004,2636.86666666667
56,3004,2596.16666666667
57,3004,2657.16666666667
58,3061,2704.63333333333
59,3061,2713.7
60,3061,2703.23333333333
61,2903,2695.63333333333
62,2791,2655.33333333333
63,2834,2689.26666666667
64,2834,2693.43333333333
65,2834,2673.8
66,2834,2701.9
67,2905,2717.1
68,2834,2695.36666666667
69,2834,2713.26666666667
70,2834,2711.53333333333
71,2834,2722.4
72,2983,2756
73,2983,2760.03333333333
74,2983,2750.03333333333
75,2983,2772.76666666667
76,2983,2737.06666666667
77,2983,2732.2
78,2983,2823.76666666667
79,2983,2778.4
80,2983,2800.8
81,2983,2806.36666666667
82,2987,2799.43333333333
83,2983,2789.8
84,2983,2774.73333333333
85,2896,2778.03333333333
86,2916,2785
87,2896,2800.56666666667
88,2896,2809.63333333333
89,2946,2796.66666666667
90,2983,2786.56666666667
91,2983,2788.43333333333
92,2983,2809.03333333333
93,2983,2784.63333333333
94,2984,2806.73333333333
95,3116,2817.7
96,3116,2835.26666666667
97,3116,2859.16666666667
98,3116,2852
99,3116,2868.5
Population size,30
Crossover rate,0.5
Mutation rate,0.1
Random selection portion,0
Selection method,AForge.Genetic.RouletteWheelSelection
Iteration,FitnessMax,FitnessAvg
0,2317,1795.03333333333
1,2266,1726.06666666667
2,2266,1805.26666666667
3,2293,1841.06666666667
4,2293,1800.96666666667
5,2155,1788.7
6,2177,1825.2
7,2177,1832.86666666667
8,2177,1763.63333333333
9,2177,1787.93333333333
10,2177,1740.06666666667
11,2258,1766.76666666667
12,2258,1786.7
13,2298,1773.23333333333
14,2298,1774.06666666667
15,2212,1777.73333333333
16,2045,1756.1
17,2045,1774.03333333333
18,2045,1783.26666666667
19,2093,1849.03333333333
20,2179,1854.5
21,2179,1874.13333333333
22,2179,1874.53333333333
23,2179,1988.2
24,2184,2032.53333333333
25,2387,2020.7
26,2181,1996.56666666667
27,2181,2017.1
28,2387,2091.03333333333
29,2387,2080.83333333333
30,2391,2099
31,2289,2078.16666666667
32,2289,2071.9
33,2289,2061.43333333333
34,2366,1993.26666666667
35,2174,1973.06666666667
36,2174,1985.13333333333
37,2374,2021.2
38,2374,2089.36666666667
39,2419,2166.66666666667
40,2582,2225.26666666667
41,2582,2248.3
42,2582,2221.46666666667
43,2582,2243.76666666667
44,2692,2284.23333333333
45,2692,2287.23333333333
46,2692,2241.66666666667
47,2737,2387.8
48,2791,2512.1
49,2737,2519.8
50,2737,2531.5
51,2737,2523.33333333333
52,2744,2524.73333333333
53,2744,2475.23333333333
54,2744,2482.5
55,2760,2509.6
56,2760,2576.06666666667
57,2870,2605.73333333333
58,2820,2593.46666666667
59,2820,2606.36666666667
60,2818,2612.73333333333
61,2818,2670.4
62,2818,2665.2
63,2818,2697.33333333333
64,2739,2715.9
65,2739,2712.7
66,2818,2711.83333333333
67,2818,2707.5
68,2820,2697.76666666667
69,2818,2674.56666666667
70,2818,2685.4
71,2818,2673.3
72,2818,2680.83333333333
73,2818,2639.73333333333
74,2818,2645.1
75,2818,2632.76666666667
76,2818,2615.13333333333
77,2818,2611.06666666667
78,2818,2604.36666666667
79,2818,2631.9
80,2935,2645.7
81,2935,2690
82,2951,2690.46666666667
83,2951,2658.6
84,2951,2648.76666666667
85,2818,2628.56666666667
86,2818,2629.46666666667
87,2818,2602.76666666667
88,2818,2623.5
89,2759,2613.3
90,2818,2626.93333333333
91,2818,2608.36666666667
92,2818,2588.16666666667
93,2818,2584.16666666667
94,2818,2557.46666666667
95,2627,2507.03333333333
96,2627,2515.66666666667
97,2627,2516.06666666667
98,2627,2516.96666666667
99,2627,2566.26666666667
Population size,30
Crossover rate,0.6
Mutation rate,0.1
Random selection portion,0
Selection method,AForge.Genetic.RouletteWheelSelection
Iteration,FitnessMax,FitnessAvg
0,2491,2132.2
1,2655,2218.83333333333
2,2760,2212.86666666667
3,2760,2315.06666666667
4,2849,2408.16666666667
5,2849,2455.5
6,2849,2443.33333333333
7,2859,2417.46666666667
8,2859,2414.6
9,2679,2438.83333333333
10,2679,2432.43333333333
11,2679,2475.93333333333
12,2756,2458.46666666667
13,2756,2463.26666666667
14,2756,2427.26666666667
15,2756,2403.66666666667
16,2756,2489.06666666667
17,2708,2500.23333333333
18,2746,2521.13333333333
19,2714,2529.16666666667
20,2708,2540.03333333333
21,2708,2632.26666666667
22,2708,2605.2
23,2818,2598.63333333333
24,2818,2600
25,2818,2609.36666666667
26,2818,2625.73333333333
27,2818,2654.7
28,2911,2651.4
29,2911,2653.83333333333
30,2850,2655.26666666667
31,2850,2651.6
32,2877,2653.76666666667
33,2877,2660.6
34,2877,2656.03333333333
35,2877,2647.03333333333
36,2877,2673.86666666667
37,2877,2676.73333333333
38,2877,2666.4
39,2904,2680
40,2911,2627.76666666667
41,2877,2612.6
42,2877,2599.83333333333
43,2877,2634.7
44,2877,2645.66666666667
45,2877,2617.63333333333
46,2877,2606.33333333333
47,2877,2594.4
48,2877,2598.6
49,2916,2638.73333333333
50,2916,2629.56666666667
51,2916,2701.73333333333
52,2916,2639.16666666667
53,2916,2609.43333333333
54,2918,2601.46666666667
55,2916,2595.06666666667
56,2916,2567.8
57,2916,2581.4
58,2916,2625.6
59,2916,2650.96666666667
60,2916,2654.93333333333
61,2916,2672.36666666667
62,2916,2708
63,2916,2695.46666666667
64,2789,2703.23333333333
65,2789,2715.1
66,2789,2721.03333333333
67,2789,2715.13333333333
68,2789,2733.2
69,2789,2739.86666666667
70,2997,2741.06666666667
71,2997,2705.43333333333
72,2993,2699.73333333333
73,2993,2692.63333333333
74,2821,2719.13333333333
75,2821,2709.3
76,2963,2695.96666666667
77,2911,2675.16666666667
78,2992,2678.56666666667
79,2992,2725.76666666667
80,2789,2713.23333333333
81,2789,2723.7
82,2789,2638.46666666667
83,2789,2606
84,2789,2628.13333333333
85,2789,2668.56666666667
86,2789,2638.03333333333
87,2789,2666.46666666667
88,2789,2703
89,2963,2733.26666666667
90,2789,2742.43333333333
91,2789,2722.56666666667
92,2789,2733.2
93,2890,2740.16666666667
94,2890,2728.46666666667
95,2993,2764.1
96,2995,2753.26666666667
97,2789,2740.06666666667
98,2789,2765.53333333333
99,2992,2768.66666666667
Population size,30
Crossover rate,0.7
Mutation rate,0.1
Random selection portion,0
Selection method,AForge.Genetic.RouletteWheelSelection
Iteration,FitnessMax,FitnessAvg
0,3122,2036.46666666667
1,3122,2127
2,3122,2150.46666666667
3,2968,2326.2
4,3132,2514.26666666667
5,3132,2602.53333333333
6,3132,2698.83333333333
7,3132,2709.26666666667
8,3132,2722.73333333333
9,3132,2747.7
10,3132,2843.46666666667
11,3122,2880.3
12,3122,2870.2
13,3078,2910.7
14,3078,2887.16666666667
15,3078,2907.2
16,3078,2916.5
17,3078,2870.83333333333
18,3078,2913.56666666667
19,3078,2843.66666666667
20,3078,2793.46666666667
21,3078,2761.83333333333
22,3078,2849.2
23,3186,2884.53333333333
24,3078,2864.23333333333
25,3078,2898.76666666667
26,3078,2926.03333333333
27,3078,2921.36666666667
28,3078,2941.46666666667
29,3078,2955.06666666667
30,3078,2961.86666666667
31,3078,2924.06666666667
32,3078,2925.26666666667
33,3078,2918.96666666667
34,3078,2905.46666666667
35,3078,2910.7
36,3078,2943.1
37,3078,2913.1
38,3078,2929.63333333333
39,3078,2921.53333333333
40,3078,2933.46666666667
41,3078,2940.06666666667
42,3078,2934.13333333333
43,3078,2926.43333333333
44,3078,2952.53333333333
45,3078,2942.13333333333
46,3078,2941.13333333333
47,3078,2941.03333333333
48,3078,2909.46666666667
49,3078,2911
50,3078,2958.5
51,3078,2941
52,3078,2960.03333333333
53,3078,2950.33333333333
54,3078,2919.03333333333
55,3078,2938.43333333333
56,3078,2940.16666666667
57,3078,2961.4
58,3078,2985.7
59,3078,3009.86666666667
60,3078,2968.73333333333
61,3078,2950.76666666667
62,3078,2942.13333333333
63,3078,2963.96666666667
64,3078,2967.53333333333
65,3078,2952.73333333333
66,3078,2963.4
67,3078,2961.33333333333
68,3078,2931.43333333333
69,3078,2938.6
70,3078,2942.06666666667
71,3078,2987.9
72,3078,2967.5
73,3078,2938.46666666667
74,3078,2957.6
75,3078,3011.3
76,3078,3035
77,3078,3029.5
78,3078,3022.7
79,3186,3015.53333333333
80,3186,3003.96666666667
81,3186,2981.83333333333
82,3186,2990.7
83,3186,2988
84,3186,2957.23333333333
85,3186,2952.76666666667
86,3078,2902.9
87,3078,2927.96666666667
88,3078,2902.1
89,3078,2933.5
90,3078,2964.86666666667
91,3078,2977.53333333333
92,3078,2971.8
93,3078,2991.06666666667
94,3078,3012.76666666667
95,3078,3001.93333333333
96,3078,3022.73333333333
97,3078,3013.86666666667
98,3078,3003.26666666667
99,3078,3008.53333333333
Population size,30
Crossover rate,0.8
Mutation rate,0.1
Random selection portion,0
Selection method,AForge.Genetic.RouletteWheelSelection
Iteration,FitnessMax,FitnessAvg
0,2631,1963.06666666667
1,2631,1992.56666666667
2,2620,2036.8
3,2620,2114.86666666667
4,2620,2180.4
5,2620,2232.9
6,2620,2300.93333333333
7,2620,2274.43333333333
8,2532,2270.2
9,2635,2242.23333333333
10,2635,2232
11,2616,2160.63333333333
12,2616,2249.53333333333
13,2846,2305.63333333333
14,2846,2367.8
15,2927,2414.26666666667
16,2927,2486.4
17,2846,2493.9
18,2846,2492.03333333333
19,2846,2560.66666666667
20,2838,2594.83333333333
21,2971,2768.93333333333
22,3042,2811.1
23,3044,2846.3
24,3039,2811.63333333333
25,3039,2794.63333333333
26,3040,2849.53333333333
27,3040,2876.63333333333
28,3243,2909.4
29,3243,2852.36666666667
30,3243,2842.83333333333
31,3243,2776.16666666667
32,3243,2766.16666666667
33,3243,2814.16666666667
34,3243,2816.76666666667
35,3243,2839.33333333333
36,3243,2861.2
37,3243,2855.7
38,3243,2809.9
39,3243,2765.3
40,3172,2726.9
41,3172,2770.63333333333
42,3172,2747.13333333333
43,3172,2711.06666666667
44,2973,2681.33333333333
45,2962,2648.56666666667
46,3040,2690.5
47,2973,2743.16666666667
48,2973,2731.33333333333
49,3040,2783.06666666667
50,3174,2735
51,3040,2746.43333333333
52,3033,2769.7
53,2973,2784.83333333333
54,3245,2841.46666666667
55,3245,2847.43333333333
56,3245,2854.06666666667
57,3245,2866.53333333333
58,3245,2902.13333333333
59,3255,2891.66666666667
60,3245,2881.83333333333
61,3137,2910.8
62,3137,2926.9
63,3245,2925.53333333333
64,3245,2934.4
65,3245,2930.8
66,3248,2931
67,3248,2931.83333333333
68,3250,2969.16666666667
69,3250,2959.33333333333
70,3250,2957.23333333333
71,3250,2947.8
72,3250,2979.23333333333
73,3250,2897.73333333333
74,3250,2856.93333333333
75,3248,2827.73333333333
76,3140,2849
77,3140,2830.46666666667
78,3248,2829.43333333333
79,3248,2799.06666666667
80,3250,2873.33333333333
81,3272,2892.03333333333
82,3272,2924.8
83,3179,2916.3
84,3272,2915.5
85,3174,2956.46666666667
86,3174,2951.66666666667
87,3071,2924.93333333333
88,3066,2900.33333333333
89,3069,2927.7
90,3174,2968.06666666667
91,3191,2979.33333333333
92,3191,2963.26666666667
93,3191,2973.8
94,3174,2980.1
95,3272,3013.33333333333
96,3272,2979.63333333333
97,3191,2988.9
98,3191,2992.6
99,3191,2996.63333333333
Population size,30
Crossover rate,0.9
Mutation rate,0.1
Random selection portion,0
Selection method,AForge.Genetic.RouletteWheelSelection
Iteration,FitnessMax,FitnessAvg
0,2672,2058.9
1,2678,2219.5
2,2678,2249.76666666667
3,2678,2282.6
4,2846,2344.43333333333
5,2690,2319.36666666667
6,2853,2406.3
7,2676,2368.86666666667
8,2676,2328.26666666667
9,2676,2343.86666666667
10,2804,2440.6
11,2804,2437.76666666667
12,2804,2425.23333333333
13,2804,2480.56666666667
14,2804,2467.3
15,3050,2475.43333333333
16,2817,2425.83333333333
17,2817,2370.03333333333
18,2817,2312.1
19,2804,2359.53333333333
20,2790,2323.56666666667
21,2790,2294.46666666667
22,2790,2279.6
23,2738,2326.76666666667
24,2738,2393.73333333333
25,2738,2442.8
26,2738,2432.8
27,2738,2434.46666666667
28,2751,2437.63333333333
29,2788,2453.7
30,2788,2449.5
31,2788,2463.43333333333
32,2798,2492.56666666667
33,2788,2515.53333333333
34,2798,2463.76666666667
35,2798,2496.43333333333
36,2798,2502.73333333333
37,2788,2500.03333333333
38,2788,2500.83333333333
39,2788,2452.46666666667
40,2788,2417.1
41,2891,2475.7
42,2867,2414.53333333333
43,2867,2402.5
44,2788,2516.03333333333
45,2869,2486.43333333333
46,2869,2544.23333333333
47,2874,2590.66666666667
48,2874,2610.9
49,2874,2571.73333333333
50,2874,2589.7
51,2936,2630.16666666667
52,2936,2644.56666666667
53,3025,2690.4
54,3025,2773.43333333333
55,3025,2747.13333333333
56,3025,2764.93333333333
57,3025,2808.6
58,2968,2753.66666666667
59,3049,2730.73333333333
60,3049,2704.86666666667
61,3049,2758.36666666667
62,3049,2768.1
63,3049,2763.7
64,3049,2760.63333333333
65,3049,2722.73333333333
66,3049,2735.06666666667
67,2948,2723.86666666667
68,2899,2687
69,2838,2712.16666666667
70,2894,2704.03333333333
71,2899,2720.46666666667
72,2899,2756.96666666667
73,2899,2742.16666666667
74,2899,2734.76666666667
75,2894,2739.2
76,2894,2735.83333333333
77,2894,2747.96666666667
78,2894,2740.83333333333
79,2963,2762.23333333333
80,2963,2749.86666666667
81,2963,2746.66666666667
82,2825,2726.86666666667
83,2830,2739.06666666667
84,2830,2741.43333333333
85,2830,2733.5
86,2830,2724.7
87,2830,2722.73333333333
88,2875,2718.7
89,2875,2732.16666666667
90,2875,2719.96666666667
91,2905,2735.86666666667
92,3002,2733.33333333333
93,3002,2740
94,3002,2747.6
95,2978,2715.3
96,2978,2722.23333333333
97,2978,2771.73333333333
98,2905,2770.2
99,2875,2705.2
