Population size,100
Crossover rate,0.66
Mutation rate,0.34
Random selection portion,0.03
Selection method,AForge.Genetic.RouletteWheelSelection
Diversity check,False
Iteration,FitnessMax,FitnessAvg
0,2246,1651.54
1,2392,1705.8
2,2392,1753.33
3,2559,1802.96
4,2528,1860.05
5,2573,1869.48
6,2746,1904.54
7,2731,1959.39
8,2731,1973.37
9,2792,1939.01
10,2792,2071.54
11,2660,2095.09
12,2602,2098.85
13,2658,2078.42
14,2767,2153.42
15,2882,2158.19
16,2767,2188.88
17,2767,2196.95
18,2613,2139.16
19,2682,2175.8
20,2682,2208.1
21,2749,2188.88
22,2749,2181.15
23,2699,2184.8
24,2733,2212.09
25,2733,2188.35
26,2699,2160.84
27,2772,2150.52
28,2802,2188.95
29,2699,2147.04
30,2727,2165.19
31,2579,2155.39
32,2752,2198.17
33,2708,2212.87
34,2708,2222.5
35,2713,2203.69
36,2708,2147.53
37,2708,2039.07
38,2672,2039.6
39,2661,2072.37
40,2704,2072.65
41,2704,2176.98
42,2685,2206.82
43,2758,2245.31
44,2758,2280.03
45,2758,2248.04
46,2758,2240.05
47,2758,2236.02
48,2758,2237.85
49,2758,2258.31
50,2758,2220.63
51,2758,2277.95
52,2758,2306.73
53,2758,2238.57
54,2758,2253.88
55,2758,2243.29
56,2758,2255.21
57,2758,2256.99
58,2758,2255.82
59,2707,2248.45
60,2707,2245.08
61,2707,2212.68
62,2707,2188.53
63,2866,2200.29
64,2866,2252.68
65,2866,2206.6
66,2778,2212.59
67,2862,2243
68,2862,2283.64
69,2862,2300.87
70,2866,2344.04
71,2866,2324.99
72,2778,2275.17
73,2775,2301.82
74,2805,2325.15
75,2862,2318.63
76,2846,2332.93
77,2846,2311.17
78,2846,2329.58
79,2846,2337.93
80,2846,2363.59
81,2846,2362.55
82,2826,2396.81
83,2852,2396.37
84,2758,2377.97
85,2758,2339.34
86,2758,2333.79
87,2758,2305.91
88,2713,2292.79
89,2862,2263.54
90,2713,2296.49
91,2862,2321.36
92,2862,2294.29
93,2862,2288.68
94,2862,2327.32
95,2862,2312.04
96,2903,2356.05
97,2852,2324.31
98,2808,2368.23
99,2808,2359.35
100,2804,2290.61
101,2804,2326.68
102,2804,2287.78
103,2738,2307.1
104,2916,2357.68
105,2852,2407.86
106,2916,2439.79
107,2916,2452.92
108,2903,2396.36
109,2903,2458.5
110,2903,2507.2
111,2903,2523.98
112,2903,2531.19
113,2903,2505.06
114,2903,2497.33
115,2923,2505.01
116,2903,2516.16
117,2903,2513.38
118,2826,2471.5
119,2829,2526.65
120,2883,2508.18
121,2883,2505.45
122,2826,2491.83
123,2826,2471.84
124,2835,2452.49
125,2840,2404
126,2840,2418.53
127,2840,2403.56
128,2846,2399.47
129,2846,2438.62
130,2903,2422.22
131,2903,2432.4
132,2903,2472.61
133,2903,2449.3
134,2903,2437.49
135,2903,2437.48
136,2903,2466.08
137,2903,2438.94
138,2903,2484.66
139,2840,2470.33
140,2840,2442.41
141,2903,2411.1
142,2903,2424.5
143,2903,2454.08
144,2903,2436.08
145,2903,2474.76
146,2846,2457.85
147,2903,2441.39
148,2903,2449.73
149,2840,2464.49
150,2840,2438.79
151,2840,2485.76
152,2840,2495.47
153,2916,2519.17
154,2883,2483.06
155,2903,2403.54
156,2903,2428.37
157,2917,2444.13
158,2917,2480.54
159,2917,2487.32
160,2903,2446.12
161,2903,2437.55
162,2903,2396.84
163,2826,2358.66
164,2903,2355.28
165,2812,2350.37
166,2828,2355.76
167,2903,2350.52
168,2903,2373.51
169,2903,2401.95
170,2878,2403.23
171,2878,2386.9
172,2878,2345.01
173,2878,2358.71
174,2814,2394.1
175,2826,2418.63
176,2826,2339.52
177,2826,2354.13
178,2917,2351.36
179,2917,2410.18
180,2917,2451.86
181,2917,2432.52
182,2917,2436.32
183,2917,2449.9
184,2959,2493.72
185,2959,2497.73
186,2959,2488.92
187,2959,2448.72
188,2959,2444.3
189,2959,2404.75
190,2959,2371.13
191,2840,2380.67
192,2840,2364.29
193,2959,2328.05
194,2959,2431.27
195,2959,2414.45
196,2914,2391.27
197,2914,2361.55
198,2914,2384.54
199,2928,2410.05
200,2914,2427.68
201,2959,2453.96
202,2953,2470
203,2953,2475.85
204,2953,2514.88
205,2959,2509.26
206,2959,2450.93
207,2953,2412.72
208,2953,2455.38
209,2953,2418.99
210,2914,2430.35
211,2914,2457.72
212,2959,2463.25
213,2914,2447.93
214,2914,2460.91
215,2882,2466.05
216,2914,2464.11
217,2914,2461.91
218,2914,2439.89
219,2959,2459.93
220,2959,2424.22
221,2808,2361.98
222,2914,2417.69
223,2914,2432.94
224,2914,2418.16
225,2959,2341.9
226,2959,2354.63
227,2959,2339.93
228,2765,2297.15
229,2800,2335.27
230,2826,2359.61
231,2826,2285.83
232,2871,2280.96
233,2801,2282.82
234,2801,2315.3
235,2801,2387.36
236,2823,2434.6
237,2914,2427.51
238,2914,2460.75
239,2914,2481.87
240,2914,2446.23
241,2914,2417.89
242,2914,2456.69
243,2914,2482
244,2914,2431.69
245,2914,2435.65
246,2914,2449.36
247,2914,2412.35
248,2914,2407.02
249,2914,2380.92
250,2914,2425.02
251,2914,2421.53
252,2914,2496.46
253,2914,2504.39
254,2914,2509.9
255,2914,2478.08
256,2914,2464.38
257,2959,2485.35
258,2914,2463.97
259,2914,2511.01
260,2959,2493.74
261,2959,2557.1
262,2959,2576.52
263,2959,2568.33
264,2914,2563.57
265,2959,2561.56
266,2959,2563.23
267,2959,2560.29
268,2959,2549.83
269,2914,2541.31
270,2959,2547.42
271,2959,2533.33
272,2959,2492.44
273,2959,2450.81
274,2959,2503.27
275,2959,2503.45
276,2959,2545.23
277,2959,2537.19
278,2959,2545.1
279,2959,2575.81
280,2959,2586.28
281,2959,2583.97
282,2959,2569.27
283,2959,2536.26
284,2959,2549.1
285,2959,2581.9
286,2959,2571.61
287,2959,2592.37
288,2959,2538.3
289,2959,2474.09
290,2959,2518.94
291,2914,2487.03
292,2959,2498.87
293,2959,2512.27
294,2914,2537.13
295,2959,2530.34
296,2959,2564.25
297,2959,2506.77
298,2959,2562.61
299,2959,2566.36
Population size,100
Crossover rate,0.66
Mutation rate,0.34
Random selection portion,0.03
Selection method,AForge.Genetic.RouletteWheelSelection
Diversity check,True
Iteration,FitnessMax,FitnessAvg
0,2837,1732.28
1,2837,1842.91
2,2566,1867.79
3,2429,1881.96
4,2542,1959.16
5,2597,1969.3
6,2485,1976.97
7,2690,2023.12
8,2690,2024.97
9,2817,2025.24
10,2817,2046.47
11,2817,2057.27
12,2817,2054.16
13,2690,2038.21
14,2621,2043.34
15,2568,2043.15
16,2817,2008.03
17,2688,1984.15
18,2690,2012.15
19,2869,2028.8
20,2869,2093.69
21,2869,2128.5
22,2869,2165.5
23,2869,2199.82
24,2869,2254.79
25,2869,2252.77
26,2869,2271.32
27,2869,2294.99
28,2869,2293.27
29,2869,2320.69
30,2869,2317.61
31,2898,2373.43
32,2824,2355.09
33,2824,2376.89
34,2869,2352.03
35,2824,2324.12
36,2824,2340.95
37,2824,2310.05
38,2824,2303.87
39,2869,2334.98
40,2869,2329.32
41,2869,2367.27
42,2869,2402.75
43,2869,2418.93
44,2943,2465.07
45,2869,2413.87
46,2869,2436.83
47,2869,2443.11
48,2869,2456.33
49,2862,2420.17
50,2862,2411.02
51,2862,2443.04
52,2862,2386.38
53,2862,2396.69
54,2862,2375.18
55,2832,2407.36
56,2878,2440.42
57,2878,2461.39
58,2878,2504.45
59,2878,2524.2
60,2871,2472.26
61,2898,2448.54
62,2898,2442.39
63,2898,2412.5
64,2898,2421.21
65,2898,2474.35
66,2898,2475.66
67,2810,2461.2
68,2855,2437.67
69,2821,2404.82
70,2821,2420.97
71,2821,2424.55
72,2866,2435.73
73,2778,2407.56
74,2828,2354.69
75,2778,2299.76
76,2778,2285.61
77,2778,2279.45
78,2778,2290.09
79,2742,2265.75
80,2805,2281.87
81,2810,2333.38
82,2810,2349.85
83,2821,2301.56
84,2816,2272.55
85,2816,2321.48
86,2855,2332.55
87,2846,2298.3
88,2846,2312.72
89,2816,2327
90,2898,2292.21
91,2822,2242.69
92,2784,2237.28
93,2866,2252.55
94,2866,2324.14
95,2943,2324.27
96,2912,2329.24
97,2912,2345.32
98,2855,2376.32
99,2866,2350.22
100,2849,2330.88
101,2849,2348.88
102,2849,2381.65
103,2923,2413.97
104,2923,2377.05
105,2803,2404.02
106,2885,2383.54
107,2798,2405.57
108,2798,2412.69
109,2869,2379.35
110,2885,2380.9
111,2885,2365.36
112,2885,2383.79
113,2883,2423.53
114,2869,2428.98
115,2869,2421.22
116,2869,2360.35
117,2789,2333.65
118,2785,2284.42
119,2846,2266.15
120,2846,2300.45
121,2846,2344.53
122,2846,2330.36
123,2803,2315.68
124,2803,2329.25
125,2914,2316.05
126,2803,2301.8
127,2786,2217.95
128,2879,2235.02
129,2721,2228.16
130,2721,2250.91
131,2752,2213.55
132,2746,2235.92
133,2683,2242.79
134,2643,2293.19
135,2704,2259.44
136,2727,2276.09
137,2727,2286.79
138,2727,2316.2
139,2876,2376.36
140,2876,2379.08
141,2876,2385.3
142,2863,2393.43
143,2863,2380.04
144,2863,2342.02
145,2863,2352.09
146,2863,2349.61
147,2863,2346.87
148,2863,2351.31
149,2863,2358.89
150,2863,2323.33
151,2863,2281.03
152,2775,2247.94
153,2720,2267.11
154,2771,2242.12
155,2771,2280.85
156,2771,2284.73
157,2683,2254.23
158,2771,2226.25
159,2683,2193.55
160,2683,2245.31
161,2677,2193.17
162,2675,2245.6
163,2637,2231.7
164,2611,2212.51
165,2634,2176.48
166,2759,2129.07
167,2759,2159.76
168,2792,2241.37
169,2759,2207.85
170,2759,2222.28
171,2759,2260.8
172,2718,2294.95
173,2718,2342.9
174,2718,2294.33
175,2718,2205.53
176,2702,2223.29
177,2702,2201.21
178,2714,2177.2
179,2802,2229.19
180,2802,2246.26
181,2802,2219.24
182,2802,2252.44
183,2802,2282.83
184,2802,2340.62
185,2714,2303.42
186,2744,2276.17
187,2714,2250.02
188,2848,2285.12
189,2771,2243.76
190,2744,2227.94
191,2744,2264.54
192,2676,2253.19
193,2766,2266.03
194,2719,2263.83
195,2673,2217.55
196,2673,2232.05
197,2673,2262.68
198,2792,2240.47
199,2792,2200.35
200,2792,2160.84
201,2792,2163.11
202,2739,2195.67
203,2589,2184.72
204,2592,2195.55
205,2784,2195.04
206,2552,2177.99
207,2637,2211.01
208,2711,2198.59
209,2684,2201.03
210,2684,2203.21
211,2684,2224.77
212,2717,2193.64
213,2636,2197.93
214,2778,2261.71
215,2623,2220.66
216,2700,2254.36
217,2700,2271.09
218,2786,2286.71
219,2772,2282.71
220,2860,2229.81
221,2772,2264.8
222,2860,2308.5
223,2846,2286.82
224,2846,2315.23
225,2849,2334.97
226,2849,2306.17
227,2849,2324.79
228,2849,2327.21
229,2849,2325.47
230,2849,2303.47
231,2849,2314.77
232,2846,2270.06
233,2886,2318.76
234,2846,2282.5
235,2846,2311.01
236,2801,2284.36
237,2721,2270.32
238,2798,2268.5
239,2721,2236.49
240,2721,2227.85
241,2721,2247.16
242,2721,2232.77
243,2771,2238.35
244,2771,2222.15
245,2771,2243.64
246,2771,2276.1
247,2771,2291.35
248,2771,2279.29
249,2821,2300.22
250,2821,2277.09
251,2809,2281.9
252,2760,2321.11
253,2808,2367.1
254,2851,2367.28
255,2809,2309.55
256,2886,2325.3
257,2886,2330.94
258,2886,2323.49
259,2886,2315.61
260,2809,2286.37
261,2809,2276.11
262,2764,2293.09
263,2764,2302.94
264,2764,2211.41
265,2764,2286.65
266,2743,2332.08
267,2818,2303.95
268,2799,2274.22
269,2721,2305.13
270,2680,2264.45
271,2747,2311.78
272,2896,2313.94
273,2896,2307.04
274,2844,2231.39
275,2767,2188.74
276,2767,2194.96
277,2767,2141.24
278,2855,2122.15
279,2855,2187.15
280,2767,2181.21
281,2844,2233.2
282,2809,2191.54
283,2791,2210.99
284,2795,2213.68
285,2795,2222.18
286,2795,2240.43
287,2785,2209.43
288,2785,2251.7
289,2795,2274.15
290,2795,2349.2
291,2708,2294.77
292,2792,2275.97
293,2658,2265.12
294,2774,2295.53
295,2703,2280.07
296,2743,2313.16
297,2743,2267.83
298,2727,2265.53
299,2855,2216.18
Population size,100
Crossover rate,0.51
Mutation rate,0.79
Random selection portion,0.03
Selection method,AForge.Genetic.RankSelection
Diversity check,True
Iteration,FitnessMax,FitnessAvg
0,2587,1867.23
1,2509,1997.95
2,2742,2135.2
3,2742,2249.05
4,2794,2373.19
5,2794,2438.71
6,2885,2521.43
7,2863,2575.28
8,2824,2608.6
9,2885,2643.32
10,2953,2618.21
11,2953,2644.01
12,2953,2646.44
13,2953,2640.72
14,2953,2660.53
15,2953,2691.5
16,2953,2660.9
17,2953,2685.77
18,2953,2706.45
19,2953,2763.25
20,2953,2755.07
21,2953,2696.57
22,2953,2803.76
23,2953,2801.68
24,2953,2776.93
25,2953,2759.44
26,2953,2801.15
27,2953,2805.84
28,2953,2780.66
29,2953,2821.16
30,2953,2824.13
31,2953,2773.36
32,2953,2817.94
33,2953,2813.04
34,2953,2824.75
35,2953,2862
36,2953,2838.87
37,2953,2833.46
38,2953,2800.9
39,2953,2838.47
40,2953,2816.15
41,2953,2816.28
42,2953,2840.92
43,2953,2846.17
44,2953,2826.12
45,2953,2825.47
46,2953,2829.36
47,2953,2838.17
48,2953,2835.77
49,2953,2823.6
50,2953,2851.2
51,2953,2880.43
52,2953,1804.44
53,2953,2000.88
54,2953,2132.05
55,2953,2214.55
56,2953,2307.49
57,2953,2398.25
58,2953,2481.91
59,2953,2580.26
60,2953,2552.91
61,2953,2558.23
62,2953,2645.66
63,2953,2706.56
64,2953,2758.07
65,2953,2759.88
66,2953,2787.86
67,2953,2756.57
68,2953,2810.05
69,2953,2856.94
70,2953,2861.32
71,2953,2860.57
72,2953,2850.56
73,2953,2837.67
74,2953,2814.25
75,2953,2826.25
76,2953,2857.62
77,2953,2851.59
78,2953,2867.56
79,2671,1830.09
80,2591,1979.83
81,2523,2115.59
82,2614,2235.4
83,2810,2265.68
84,2810,2318.62
85,2810,2338.66
86,2810,2426.22
87,2862,2452.88
88,2862,2529.91
89,2828,2542.11
90,2828,2556.03
91,2842,2583.5
92,2916,2611.4
93,2916,2656.73
94,2916,2690.02
95,2930,2680.9
96,2930,2715.71
97,2930,2722.62
98,2930,2730.67
99,2959,2751.87
100,2959,2701.85
101,2959,2639.18
102,2959,2779.44
103,2959,2769.82
104,2959,2782
105,2959,2814.8
106,2959,2816.52
107,2959,2747.91
108,2959,2758.37
109,2959,2817.04
110,2943,2774.53
111,2943,2777.29
112,2943,2830.95
113,2930,2804.91
114,2930,2809.39
115,2930,2820.42
116,2930,2836.08
117,2943,2826.56
118,2943,2797.98
119,2943,2826.48
120,2937,2825.8
121,2937,2835.48
122,2937,2838.49
123,2930,2812.26
124,2930,2824.92
125,2930,2843.66
126,2930,1876.87
127,2930,2106.95
128,2930,2244.93
129,2930,2336.45
130,2930,2476.46
131,2930,2594.81
132,2930,2607.68
133,2930,2671.73
134,2930,2710.53
135,2930,2742.52
136,2930,2781.95
137,2930,2746.05
138,2930,2728.94
139,2930,2763.72
140,2930,2813.78
141,2930,2817.09
142,2930,2815.37
143,2930,2839.77
144,2930,2828.65
145,2930,2840.88
146,2930,2849.59
147,2930,1801.47
148,2488,1946.82
149,2507,2116.15
150,2583,2186.86
151,2544,2257.47
152,2683,2313.73
153,2735,2374.88
154,2737,2434.85
155,2752,2470.99
156,2769,2456.47
157,2863,2520.89
158,2863,2525.24
159,2863,2545.82
160,2916,2614.79
161,2917,2652.8
162,2917,2669.36
163,2930,2685.31
164,2930,2706.17
165,2930,2736.02
166,2937,2725.8
167,2930,2745.08
168,2930,2722.73
169,2930,2781.77
170,2917,2785.01
171,2917,2796.95
172,2930,2765.9
173,2917,2736.24
174,2917,2737.73
175,2923,2779
176,2923,2815.17
177,2923,2816.36
178,2923,2827.45
179,2923,2796.69
180,2923,2798.28
181,2923,2847.43
182,2923,1897.2
183,2668,2025.54
184,2668,2200.9
185,2773,2288.48
186,2773,2329.21
187,2773,2410.37
188,2773,2447.25
189,2883,2512.69
190,2886,2501.08
191,2886,2550.56
192,2928,2554.85
193,2928,2585.88
194,2928,2637.04
195,2928,2666.6
196,2928,2664.09
197,2886,2685.02
198,2907,2690.19
199,2907,2704.06
200,2907,2722.16
201,2896,2743.67
202,2896,2734.48
203,2928,2769.7
204,2959,2779.78
205,2959,2791.35
206,2930,2802.25
207,2930,2800.29
208,2930,2795.34
209,2959,2792.19
210,2959,2794.98
211,2959,2808.36
212,2959,2815.07
213,2928,2789.09
214,2959,2772.01
215,2928,2797.91
216,2959,2789.27
217,2959,2780.1
218,2959,2806.28
219,2928,2761.02
220,2928,2803.85
221,2928,2795.6
222,2959,2808.22
223,2959,2819.71
224,2959,2815.9
225,2959,2833.14
226,2959,2818.6
227,2959,2834.16
228,2959,2805.8
229,2959,2818.9
230,2959,2829.55
231,2959,2831.09
232,2959,2830.89
233,2959,2840.26
234,2959,2819.44
235,2959,2822.51
236,2959,2820.73
237,2959,2818.18
238,2959,2820.31
239,2959,2853.29
240,2959,2848.27
241,2959,2855.8
242,2959,2854.99
243,2959,2887.13
244,2622,1878.99
245,2584,2043.2
246,2690,2174.77
247,2690,2308.99
248,2700,2376.64
249,2868,2439.93
250,2868,2498.74
251,2868,2505.3
252,2855,2561.02
253,2866,2591.91
254,2959,2602.78
255,2943,2578.21
256,2943,2649.63
257,2959,2656.07
258,2959,2671.21
259,2959,2727.73
260,2959,2690.17
261,2959,2700.35
262,2959,2708.17
263,2959,2727.68
264,2959,2750.24
265,2959,2721.87
266,2943,2720.74
267,2959,2763.37
268,2959,2787.8
269,2959,2772.79
270,2959,2805.26
271,2959,2785.33
272,2959,2780.21
273,2959,2789.69
274,2959,2776.46
275,2959,2759.46
276,2943,2748.53
277,2943,2816.02
278,2943,2828.51
279,2943,2843.69
280,2959,2832.26
281,2959,2804.65
282,2959,2777.08
283,2959,2820.17
284,2959,2843.18
285,2959,2838.86
286,2943,2809.25
287,2943,2829.39
288,2943,2839.92
289,2943,2828.89
290,2943,2822.17
291,2943,2825.8
292,2943,2835.64
293,2943,2820.87
294,2943,2839.68
295,2943,2839.52
296,2943,2836.85
297,2943,2831.03
298,2943,2802.08
299,2943,2763.98
Population size,100
Crossover rate,0.51
Mutation rate,0.79
Random selection portion,0.03
Selection method,AForge.Genetic.RankSelection
Diversity check,False
Iteration,FitnessMax,FitnessAvg
0,2490,1801.89
1,2490,1933.25
2,2537,2045.11
3,2651,2162.42
4,2726,2262.89
5,2726,2307.34
6,2726,2317.9
7,2755,2397.56
8,2755,2429.7
9,2755,2471.2
10,2862,2501.1
11,2862,2574.53
12,2914,2629.22
13,2928,2658.46
14,2930,2676.27
15,2930,2704.99
16,2930,2725.52
17,2930,2750.67
18,2959,2752.1
19,2959,2726.08
20,2959,2756
21,2959,2741.94
22,2959,2771.28
23,2959,2755.27
24,2959,2790.09
25,2959,2815.14
26,2959,2811.35
27,2959,2791.02
28,2959,2852.28
29,2959,2799.92
30,2959,2850.61
31,2959,2867.93
32,2959,2837.78
33,2959,2840.31
34,2959,2836.4
35,2959,2842.97
36,2959,2842.05
37,2959,2825.05
38,2959,2811.18
39,2959,2820.45
40,2959,2824.11
41,2959,2858.83
42,2959,2850.45
43,2959,2842.25
44,2959,2846.11
45,2959,2802.66
46,2959,2815.04
47,2959,2855.43
48,2959,2855.78
49,2959,2866.92
50,2959,2855.4
51,2959,2879.48
52,2959,2866.51
53,2959,2836.96
54,2959,2865.87
55,2959,2868.43
56,2959,2863.6
57,2959,2863.99
58,2959,2881
59,2959,2874.48
60,2959,2866.72
61,2959,2884.41
62,2959,2876.04
63,2959,2894.87
64,2959,2883.64
65,2959,2878.52
66,2959,2881.45
67,2959,2890.35
68,2959,2860.78
69,2959,2879.48
70,2959,2873.71
71,2959,2868.76
72,2959,2863.68
73,2959,2859.55
74,2959,2859.9
75,2959,2881.15
76,2959,2833.14
77,2959,2848.04
78,2959,2808.8
79,2959,2848.25
80,2959,2816.05
81,2959,2855.46
82,2959,2869.07
83,2959,2874.03
84,2959,2870.49
85,2959,2873.13
86,2959,2886.71
87,2959,2882.43
88,2959,2893.35
89,2959,2888.57
90,2959,2871.39
91,2959,2867.83
92,2959,2882.5
93,2959,2863.94
94,2959,2861.65
95,2959,2836.31
96,2959,2855.68
97,2959,2807.37
98,2959,2863.02
99,2959,2871.09
100,2959,2853.18
101,2959,2869.91
102,2959,2859.84
103,2959,2881.63
104,2959,2857.32
105,2959,2855.84
106,2959,2854.59
107,2959,2858.07
108,2959,2880.26
109,2959,2880.81
110,2959,2880.85
111,2959,2888.85
112,2959,2875.41
113,2959,2843.92
114,2959,2877.46
115,2959,2855.14
116,2959,2852.34
117,2959,2875.48
118,2959,2843.62
119,2959,2891.58
120,2959,2879.11
121,2959,2882.82
122,2959,2891.61
123,2959,2860.2
124,2959,2868.64
125,2959,2854.54
126,2959,2863.61
127,2959,2829.75
128,2959,2862.16
129,2959,2852.8
130,2959,2870.63
131,2959,2868.16
132,2959,2846.11
133,2959,2859.08
134,2959,2828.33
135,2959,2842.57
136,2959,2889.1
137,2959,2896.56
138,2959,2903.43
139,2959,2857.62
140,2959,2876.72
141,2959,2866.51
142,2959,2854.33
143,2959,2881.48
144,2959,2870.58
145,2959,2893.3
146,2959,2884.34
147,2959,2887.24
148,2959,2880.55
149,2959,2875.21
150,2959,2884.52
151,2959,2853.85
152,2959,2874.04
153,2959,2853.72
154,2959,2840.46
155,2959,2872
156,2959,2884.15
157,2959,2859.82
158,2959,2873.88
159,2959,2879.57
160,2959,2871.75
161,2959,2865.36
162,2959,2869.4
163,2959,2894.55
164,2959,2884.98
165,2959,2873.67
166,2959,2878.94
167,2959,2858.01
168,2959,2865.12
169,2959,2864.6
170,2959,2856.56
171,2959,2827.59
172,2959,2871.75
173,2959,2858.65
174,2959,2876.99
175,2959,2870.5
176,2959,2865.22
177,2959,2879.64
178,2959,2884.16
179,2959,2884.32
180,2959,2871.36
181,2959,2831.26
182,2959,2864.42
183,2959,2864.72
184,2959,2866.7
185,2959,2859.41
186,2959,2819.98
187,2959,2845.75
188,2959,2853.34
189,2959,2851.53
190,2959,2852.3
191,2959,2860.32
192,2959,2868.02
193,2959,2851.75
194,2959,2860.84
195,2959,2845.95
196,2959,2832.97
197,2959,2879.36
198,2959,2888.28
199,2959,2880.6
200,2959,2880.26
201,2959,2894.75
202,2959,2894.61
203,2959,2824.81
204,2959,2872.98
205,2959,2836.1
206,2959,2868.35
207,2959,2850.41
208,2959,2856.81
209,2959,2833.42
210,2959,2867.57
211,2959,2851.44
212,2959,2872.43
213,2959,2865.91
214,2959,2859.93
215,2959,2890.73
216,2959,2865.21
217,2959,2872.54
218,2959,2880.08
219,2959,2873.53
220,2959,2873.01
221,2959,2854.88
222,2959,2870.08
223,2959,2869.51
224,2959,2868.9
225,2959,2863.22
226,2959,2869.41
227,2959,2884.22
228,2959,2877.57
229,2959,2897.56
230,2959,2887.75
231,2959,2838.03
232,2959,2840.53
233,2959,2871.84
234,2959,2818.78
235,2959,2852.16
236,2959,2868.27
237,2959,2852.79
238,2959,2878.67
239,2959,2833.19
240,2959,2884.66
241,2959,2868.52
242,2959,2872.07
243,2959,2866.44
244,2959,2869.3
245,2959,2861.92
246,2959,2857.76
247,2959,2890.71
248,2959,2872.01
249,2959,2895.14
250,2959,2861.24
251,2959,2865.63
252,2959,2857.89
253,2959,2875.16
254,2959,2856.45
255,2959,2896.34
256,2959,2852.45
257,2959,2835.17
258,2959,2812.28
259,2959,2876.34
260,2959,2855.59
261,2959,2882.42
262,2959,2872.8
263,2959,2843.33
264,2959,2857.88
265,2959,2858.84
266,2959,2836.14
267,2959,2857.37
268,2959,2851.74
269,2959,2848.89
270,2959,2809.8
271,2959,2798.09
272,2959,2849.14
273,2959,2842.22
274,2959,2814.71
275,2959,2855.57
276,2959,2859.52
277,2959,2838.85
278,2959,2851.43
279,2959,2869.09
280,2959,2864.13
281,2959,2862.02
282,2959,2853.11
283,2959,2839.95
284,2959,2881.17
285,2959,2874.68
286,2959,2869.97
287,2959,2887.24
288,2959,2877.93
289,2959,2883.14
290,2959,2860.93
291,2959,2871.08
292,2959,2882.38
293,2959,2884.22
294,2959,2866.32
295,2959,2844.43
296,2959,2831.7
297,2959,2863.39
298,2959,2887.47
299,2959,2887.81
Population size,100
Crossover rate,0.22
Mutation rate,0.87
Random selection portion,0.03
Selection method,AForge.Genetic.EliteSelection
Diversity check,False
Iteration,FitnessMax,FitnessAvg
0,2653,1878.86
1,2653,2035.22
2,2703,2178.6
3,2703,2298
4,2703,2373.85
5,2937,2469.97
6,2937,2532.21
7,2937,2583.51
8,2937,2654.52
9,2937,2705.48
10,2937,2734.3
11,2937,2769.72
12,2937,2807.88
13,2937,2824.89
14,2937,2844.87
15,2937,2860.86
16,2937,2872.18
17,2937,2889.27
18,2937,2903.05
19,2937,2902.91
20,2937,2905.11
21,2937,2907.43
22,2937,2909.83
23,2937,2898.93
24,2937,2894.89
25,2937,2899.46
26,2937,2899.8
27,2937,2901.3
28,2937,2891.89
29,2937,2900.09
30,2937,2903.02
31,2937,2901.7
32,2937,2901.37
33,2937,2885.04
34,2937,2893.72
35,2937,2893.47
36,2937,2889.88
37,2937,2888.77
38,2937,2886.15
39,2937,2898.82
40,2937,2884.43
41,2937,2894.97
42,2937,2899.27
43,2937,2902.87
44,2937,2895.56
45,2937,2898.63
46,2937,2894.43
47,2937,2901.15
48,2937,2900.71
49,2937,2899.25
50,2937,2895.98
51,2937,2890.75
52,2937,2898.52
53,2937,2893.19
54,2937,2906.95
55,2937,2890.96
56,2937,2887.35
57,2937,2893.41
58,2937,2893.21
59,2937,2896.55
60,2937,2892.19
61,2937,2885.88
62,2937,2899.27
63,2937,2894.1
64,2937,2907.38
65,2937,2894.27
66,2937,2886.51
67,2937,2900.29
68,2937,2903.18
69,2937,2903.22
70,2937,2905.19
71,2937,2882.49
72,2937,2901.68
73,2937,2894.84
74,2937,2894.31
75,2937,2889.65
76,2937,2897.38
77,2937,2888.6
78,2937,2891.24
79,2937,2887.84
80,2937,2907.17
81,2937,2887.6
82,2937,2888.47
83,2937,2889.83
84,2937,2898.23
85,2937,2920.81
86,2937,2897.7
87,2937,2899.52
88,2937,2881.44
89,2937,2888.22
90,2937,2897.44
91,2937,2902.1
92,2937,2897.09
93,2937,2896.55
94,2937,2904.81
95,2937,2894.07
96,2937,2900.77
97,2937,2898.05
98,2937,2891.62
99,2937,2897.17
100,2937,2897.31
101,2937,2894.28
102,2937,2895.95
103,2937,2893.67
104,2937,2897.39
105,2937,2898.2
106,2937,2891.07
107,2937,2891.97
108,2937,2904.82
109,2937,2897.94
110,2937,2901.4
111,2937,2897.6
112,2937,2897.12
113,2937,2902.41
114,2937,2896.67
115,2937,2892.78
116,2937,2896.34
117,2937,2891.95
118,2937,2897.51
119,2937,2896.02
120,2937,2896.3
121,2937,2883.63
122,2937,2902.86
123,2937,2906.52
124,2937,2894.44
125,2937,2908.48
126,2937,2899.77
127,2937,2894.35
128,2937,2899.91
129,2937,2888.95
130,2937,2901
131,2937,2890.51
132,2937,2898.63
133,2937,2893.01
134,2937,2899.77
135,2937,2892.94
136,2937,2909.07
137,2937,2886.8
138,2937,2903.26
139,2937,2893.05
140,2937,2896.95
141,2937,2885.49
142,2937,2896.25
143,2937,2906.13
144,2937,2898.3
145,2937,2889.38
146,2937,2884.47
147,2937,2904.83
148,2937,2902.5
149,2937,2891.98
150,2937,2898.72
151,2937,2893.41
152,2937,2901.24
153,2937,2900.31
154,2937,2913.01
155,2937,2890.92
156,2937,2888.35
157,2937,2896.59
158,2937,2892.44
159,2937,2893.95
160,2937,2900.9
161,2937,2908.87
162,2937,2899.09
163,2937,2898.84
164,2937,2900.18
165,2937,2905.69
166,2937,2893.91
167,2937,2894.85
168,2937,2895.34
169,2937,2891.7
170,2937,2890.23
171,2937,2914.23
172,2937,2896.12
173,2937,2908.26
174,2937,2887.03
175,2937,2900.55
176,2937,2893.81
177,2937,2898.61
178,2937,2894.24
179,2937,2886.89
180,2937,2897.01
181,2937,2901.82
182,2937,2908.21
183,2937,2898.91
184,2937,2902.81
185,2937,2900.02
186,2937,2896.57
187,2937,2894.03
188,2937,2892.89
189,2937,2896.97
190,2937,2908.14
191,2937,2896.3
192,2937,2898.96
193,2937,2897.89
194,2937,2885.93
195,2937,2902.48
196,2937,2888.51
197,2937,2899.98
198,2937,2896.58
199,2937,2895.07
200,2937,2908.57
201,2937,2893.36
202,2937,2894.54
203,2937,2903.01
204,2937,2899
205,2937,2892.13
206,2937,2896.44
207,2937,2883.58
208,2937,2900.44
209,2937,2902.53
210,2937,2899.93
211,2937,2895.74
212,2937,2890.05
213,2937,2894.97
214,2937,2893.31
215,2937,2885.83
216,2937,2898.01
217,2937,2900.78
218,2937,2886.38
219,2937,2894.94
220,2937,2912.2
221,2937,2889.11
222,2937,2895.44
223,2937,2892.71
224,2937,2902.35
225,2937,2904.85
226,2937,2893.81
227,2937,2895.86
228,2937,2898.6
229,2937,2900.59
230,2937,2903.14
231,2937,2900.38
232,2937,2908.97
233,2937,2895.72
234,2937,2889.25
235,2937,2883.18
236,2937,2899.47
237,2937,2898.65
238,2937,2903.63
239,2937,2898.61
240,2937,2890.98
241,2937,2900.33
242,2937,2896.29
243,2937,2903.01
244,2937,2893.93
245,2937,2904.34
246,2937,2889.14
247,2937,2902.99
248,2937,2909.39
249,2937,2884.56
250,2937,2896.48
251,2937,2895.84
252,2937,2883.68
253,2937,2888.74
254,2937,2906.14
255,2937,2901.95
256,2937,2899.78
257,2937,2904.24
258,2937,2896.23
259,2937,2909.93
260,2937,2910.93
261,2937,2892.16
262,2937,2902.79
263,2937,2897.11
264,2937,2893.29
265,2937,2897.75
266,2937,2896.75
267,2937,2905.37
268,2937,2891.18
269,2937,2889.26
270,2937,2913.96
271,2937,2901.56
272,2937,2890.24
273,2937,2894
274,2937,2892.44
275,2937,2903.14
276,2937,2896.39
277,2937,2893.26
278,2937,2898.93
279,2937,2893.14
280,2937,2892.61
281,2937,2895.37
282,2937,2898.29
283,2937,2908.25
284,2937,2896.64
285,2937,2898.72
286,2937,2889.43
287,2937,2898.9
288,2937,2883.9
289,2937,2885.64
290,2937,2895.26
291,2937,2896.67
292,2937,2902.16
293,2937,2886.65
294,2937,2898.06
295,2937,2894.91
296,2937,2892.17
297,2937,2886.48
298,2937,2903.08
299,2937,2894.66
Population size,100
Crossover rate,0.22
Mutation rate,0.87
Random selection portion,0.03
Selection method,AForge.Genetic.EliteSelection
Diversity check,True
Iteration,FitnessMax,FitnessAvg
0,2490,1842.62
1,2619,1988.39
2,2619,2138.5
3,2634,2271.09
4,2716,2333.29
5,2886,2425.07
6,2886,2528.43
7,2912,2597.86
8,2930,2674.26
9,2930,2702.54
10,2937,2744.07
11,2943,2776.47
12,2943,2788.58
13,2943,2811.76
14,2943,2848.73
15,2943,2862.35
16,2943,1928.92
17,2943,2105.56
18,2943,2282.46
19,2943,2405.84
20,2943,2459.23
21,2943,2517.36
22,2943,2601.74
23,2943,2628.59
24,2943,2674.45
25,2943,2695.49
26,2943,2716.57
27,2943,2747.53
28,2959,2776.01
29,2959,2771.38
30,2959,2804.28
31,2959,2806.87
32,2959,2826.98
33,2959,2825.09
34,2959,2842.96
35,2959,2865.44
36,2959,2870.96
37,2959,2002.54
38,2959,2213.33
39,2959,2351.97
40,2959,2453.54
41,2959,2525.85
42,2959,2604.39
43,2959,2666.16
44,2959,2720.97
45,2959,2758.66
46,2959,2779.51
47,2959,2806.85
48,2959,2824.19
49,2959,2849.09
50,2959,2863.96
51,2959,2880.95
52,2959,1918.08
53,2959,2143.15
54,2959,2291.52
55,2959,2395.93
56,2959,2505.33
57,2959,2554.64
58,2959,2605.31
59,2959,2648.78
60,2959,2681.46
61,2959,2750.77
62,2959,2771.76
63,2959,2824.67
64,2959,2858.93
65,2959,2859.98
66,2959,2875.49
67,2959,1968.44
68,2959,2185.46
69,2959,2314.81
70,2959,2410.81
71,2959,2491.57
72,2959,2565.92
73,2959,2618.07
74,2959,2675.52
75,2959,2724.5
76,2959,2760.25
77,2959,2807.07
78,2959,2818.89
79,2959,2832.17
80,2959,2825.34
81,2959,2863.52
82,2959,2878.91
83,2959,1926.8
84,2959,2120.78
85,2959,2251.21
86,2959,2381.24
87,2959,2472
88,2959,2555.04
89,2959,2605.18
90,2959,2687.21
91,2959,2715.26
92,2959,2778.62
93,2959,2809.86
94,2959,2830.94
95,2959,2850.93
96,2959,2862.43
97,2959,2887.06
98,2959,1916.45
99,2959,2113.71
100,2959,2280.32
101,2959,2406.48
102,2959,2480.48
103,2959,2583.41
104,2959,2663.4
105,2959,2716.18
106,2959,2750.99
107,2959,2766.71
108,2959,2802.38
109,2959,2833.11
110,2959,2843.27
111,2959,2852.38
112,2959,2864.78
113,2959,2881.91
114,2959,1917.19
115,2959,2140.37
116,2959,2264.71
117,2959,2404.04
118,2959,2490.85
119,2959,2562.92
120,2959,2605.76
121,2959,2675.27
122,2959,2717.13
123,2959,2760.93
124,2959,2786.23
125,2959,2830.99
126,2959,2838.13
127,2959,2872.15
128,2959,1972.43
129,2959,2128.87
130,2959,2275.74
131,2959,2402.51
132,2959,2492.17
133,2959,2574.99
134,2959,2635.04
135,2959,2656.83
136,2959,2715.59
137,2959,2725.45
138,2959,2763.87
139,2959,2783.02
140,2959,2807.56
141,2959,2812.14
142,2959,2823.59
143,2959,2844.09
144,2959,2861.35
145,2959,2872.11
146,2959,1958.37
147,2959,2133.21
148,2959,2275.91
149,2959,2425.67
150,2959,2508.74
151,2959,2586.71
152,2959,2673.48
153,2959,2705.91
154,2959,2756.35
155,2959,2785.53
156,2959,2804.49
157,2959,2831.12
158,2959,2850.71
159,2959,2881.27
160,2959,1950.04
161,2959,2153.81
162,2959,2337.72
163,2959,2458.8
164,2959,2542.08
165,2959,2639.46
166,2959,2690.28
167,2959,2740.93
168,2959,2770.98
169,2959,2804.96
170,2959,2808.02
171,2959,2833.55
172,2959,2856.69
173,2959,2872.86
174,2959,1890.18
175,2959,2053.34
176,2959,2194.95
177,2959,2327.72
178,2959,2460.9
179,2959,2548.68
180,2959,2607.84
181,2959,2656.44
182,2959,2698.36
183,2959,2753.09
184,2959,2784.96
185,2959,2793.9
186,2959,2824.57
187,2959,2855.24
188,2959,2858.48
189,2959,2882.08
190,2959,1958.96
191,2959,2134.19
192,2959,2289.43
193,2959,2371.27
194,2959,2453.03
195,2959,2569.76
196,2959,2646.72
197,2959,2698.11
198,2959,2737.47
199,2959,2763.54
200,2959,2801.62
201,2959,2824.78
202,2959,2844.05
203,2959,2875.34
204,2959,1953.71
205,2959,2148.36
206,2959,2291.36
207,2959,2405.09
208,2959,2469.2
209,2959,2550.47
210,2959,2594
211,2959,2649.18
212,2959,2690.86
213,2959,2727.38
214,2959,2762.88
215,2959,2792.5
216,2959,2830.43
217,2959,2858.95
218,2959,2883.81
219,2959,1908.82
220,2959,2132.22
221,2959,2273.51
222,2959,2408.75
223,2959,2497.2
224,2959,2570.94
225,2959,2660.11
226,2959,2699.78
227,2959,2739.5
228,2959,2775.95
229,2959,2797.53
230,2959,2826.16
231,2959,2845.78
232,2959,2878.06
233,2959,1918.84
234,2959,2109.81
235,2959,2267.45
236,2959,2404.49
237,2959,2470.93
238,2959,2536.38
239,2959,2614.76
240,2959,2666.66
241,2959,2695.26
242,2959,2744.33
243,2959,2763.62
244,2959,2776.09
245,2959,2808.21
246,2959,2815.03
247,2959,2841.49
248,2959,2862.07
249,2959,2862.17
250,2959,2879.35
251,2959,1877.49
252,2959,2045.5
253,2959,2212.92
254,2959,2338.66
255,2959,2444.26
256,2959,2534.91
257,2959,2613.34
258,2959,2655.71
259,2959,2702.91
260,2959,2740.7
261,2959,2756.62
262,2959,2793.37
263,2959,2814.97
264,2959,2814.01
265,2959,2834.6
266,2959,2852.49
267,2959,2845.42
268,2959,2885.66
269,2959,1906.98
270,2959,2119.6
271,2959,2301.33
272,2959,2449.15
273,2959,2582.94
274,2959,2662.8
275,2959,2700.58
276,2959,2762.29
277,2959,2791.81
278,2959,2815.89
279,2959,2844.25
280,2959,2859.18
281,2959,2882.73
282,2959,1978.59
283,2959,2166.74
284,2959,2284.98
285,2959,2383.69
286,2959,2439.72
287,2959,2538.58
288,2959,2596.05
289,2959,2648.08
290,2959,2679.79
291,2959,2744.21
292,2959,2746.87
293,2959,2812.61
294,2959,2834.09
295,2959,2858.75
296,2959,2875.44
297,2959,1909.88
298,2959,2101.69
299,2959,2229.95
Population size,100
Crossover rate,0.22
Mutation rate,0.87
Random selection portion,0.03
Selection method,AForge.Genetic.EliteSelection
Diversity check,True
Iteration,FitnessMax,FitnessAvg
0,2734,2047.78
1,2734,2254.89
2,2734,2393.29
3,2760,2465.2
4,2912,2536.81
5,2912,2573.75
6,2912,2643.6
7,2928,2682.55
8,2928,2693.18
9,2928,2721.53
10,2928,2725.17
11,2928,2744.02
12,2928,2759.24
13,2928,2775.93
14,2928,2780.93
15,2959,2793.61
16,2959,2819.86
17,2959,2820.21
18,2959,2840.87
19,2959,2849.38
20,2959,2857.02
21,2959,2860.56
22,2959,2865.79
23,2959,2895.4
24,2959,1975.84
25,2959,2142.17
26,2959,2267.5
27,2959,2401.32
28,2959,2484.83
29,2959,2576.32
30,2959,2616.72
31,2959,2661.21
32,2959,2706.04
33,2959,2746.51
34,2959,2783.21
35,2959,2802.93
36,2959,2835.74
37,2959,2838.56
38,2959,2866.81
39,2959,2881.3
40,2959,1951.24
41,2959,2152.74
42,2959,2303.6
43,2959,2419.74
44,2959,2513.75
45,2959,2597.32
46,2959,2657.48
47,2959,2706.88
48,2959,2752.77
49,2959,2770.3
Population size,100
Crossover rate,0.22
Mutation rate,0.87
Random selection portion,0.03
Selection method,AForge.Genetic.EliteSelection
Diversity check,True
Iteration,FitnessMax,FitnessAvg
0,2528,1912.28
1,2644,2066.91
2,2802,2211.86
3,2802,2348.05
4,2802,2445.87
5,2930,2528.92
6,2930,2597.12
7,2930,2660.76
8,2930,2716.2
9,2930,2735.09
10,2930,2760.25
11,2930,2790.24
12,2930,2803.45
13,2930,2824.97
14,2930,2839.71
15,2943,2849.42
16,2943,2878.37
17,2943,1934.91
18,2943,2141.38
19,2943,2278.96
20,2943,2427.99
21,2943,2523.62
22,2943,2604.81
23,2943,2644.71
24,2943,2711.52
25,2943,2742.08
26,2943,2769.31
27,2943,2795.57
28,2943,2806.85
29,2943,2841.36
