Population size,100
Crossover rate,0.66
Mutation rate,0.34
Random selection portion,0.03
Selection method,AForge.Genetic.RouletteWheelSelection
Diversity check,False
Iteration,FitnessMax,FitnessAvg
0,3279,2380.09
1,3091,2506.51
2,3204,2603.52
3,3349,2581.73
4,3496,2647.47
5,3496,2638.43
6,3467,2716.19
7,3467,2724.2
8,3602,2643.47
9,3602,2642.1
10,3602,2646.27
11,3291,2657.28
12,3369,2690.91
13,3385,2659.37
14,3385,2704.23
15,3449,2684.33
16,3449,2704.39
17,3529,2741.47
18,3449,2771.57
19,3349,2724.14
20,3319,2674.43
21,3241,2708.79
22,3372,2704.38
23,3204,2728.14
24,3255,2716.69
25,3113,2681.36
26,3329,2692.39
27,3329,2737.55
28,3329,2773.59
29,3317,2840.41
30,3506,2869.41
31,3506,2890.05
32,3506,2870.56
33,3506,2885.12
34,3493,2893.55
35,3518,2900.69
36,3518,2945.23
37,3518,2895.22
38,3720,2907.35
39,3720,2930.57
40,3673,2880.28
41,3673,2862.89
42,3770,2863.76
43,3770,2847.93
44,3457,2863.34
45,3466,2919.69
46,3522,2959.21
47,3553,2966.12
48,3519,2983.04
49,3553,2982.42
50,3553,2989.25
51,3471,2948.34
52,3521,2923.04
53,3471,2917
54,3471,2928.49
55,3619,3009.42
56,3619,3001.44
57,3619,2996.49
58,3550,3010.48
59,3576,3014.54
60,3520,3024.49
61,3520,2994
62,3547,3002.94
63,3471,2958.97
64,3521,3006.77
65,3550,3038.01
66,3550,3110.84
67,3600,3072.32
68,3523,3115.22
69,3668,3033.57
70,3523,2992.29
71,3521,3011.91
72,3521,2941.4
73,3471,3000.33
74,3528,3043.3
75,3528,3058.02
76,3528,3040.9
77,3528,3027.14
78,3528,3053.46
79,3528,3064.26
80,3569,3042.49
81,3587,3025.63
82,3587,3113.41
83,3587,3079.9
84,3587,3113.63
85,3571,3132.21
86,3523,3101.62
87,3523,3136.66
88,3523,3106.77
89,3535,3099.29
90,3523,3107.77
91,3618,3122.29
92,3584,3118.84
93,3584,3101.02
94,3584,3075.01
95,3584,3057.33
96,3584,3075.85
97,3584,2974.45
98,3584,2999.55
99,3610,3040.79
100,3584,3033.79
101,3466,3016.64
102,3537,3058.29
103,3537,3079.91
104,3548,3050.87
105,3511,3107.63
106,3502,3043.54
107,3514,3036.32
108,3564,3087.05
109,3564,3027.22
110,3580,3057.2
111,3580,3072.09
112,3564,3087.25
113,3629,3106.1
114,3658,3089.17
115,3629,3077.08
116,3629,3064.81
117,3629,3120.94
118,3629,3069.62
119,3629,3156.4
120,3505,3179.71
121,3623,3182.33
122,3623,3148.18
123,3463,3107.1
124,3567,3122.17
125,3567,3075.92
126,3668,3068.73
127,3511,3106.11
128,3517,3069.82
129,3597,3131.63
130,3626,3155.87
131,3756,3222.68
132,3613,3179.4
133,3613,3160.26
134,3694,3155.08
135,3694,3110.47
136,3694,3162.44
137,3694,3122.9
138,3694,3064.12
139,3694,3139.06
140,3694,3094.59
141,3694,3072.78
142,3649,3015.68
143,3614,3049.63
144,3614,3036.49
145,3617,3059.64
146,3617,3022.67
147,3617,2985.55
148,3552,2982.63
149,3552,2959.88
150,3505,2992.29
151,3531,3023.43
152,3593,3009.75
153,3557,3066.13
154,3557,3089.88
155,3557,3121.14
156,3619,3135.23
157,3619,3091.94
158,3655,3068.31
159,3730,2990.68
160,3655,3024.49
161,3709,3002.4
162,3574,2996.36
163,3621,2950.54
164,3574,3075.9
165,3574,3113.04
166,3551,3080.53
167,3573,3097.87
168,3603,3056.2
169,3567,3044.04
170,3678,3071.27
171,3547,3122.09
172,3784,3108.03
173,3587,3084.71
174,3550,3048.6
175,3615,3076.06
176,3714,3061.79
177,3714,3027.76
178,3714,3046.62
179,3760,3029.17
180,3760,2965.35
181,3760,3028.57
182,3760,3031.16
183,3710,2942.79
184,3710,2947.81
185,3565,3021.96
186,3565,3009.93
187,3610,2994.21
188,3586,3062.02
189,3651,3049.14
190,3654,3088.15
191,3651,3020.94
192,3651,2958.8
193,3645,3023.81
194,3618,3056.48
195,3618,3052.17
196,3741,3023.01
197,3663,3065.46
198,3692,3028.58
199,3663,3051.21
200,3610,2961.58
201,3663,2971.56
202,3610,2931.44
203,3610,3014.2
204,3565,2980.05
205,3565,3046.64
206,3544,3053.86
207,3554,3013.42
208,3544,3042.42
209,3517,3010.14
210,3472,3045.64
211,3624,3027.23
212,3565,3002.54
213,3565,2994.83
214,3565,3042.85
215,3598,3026.83
216,3565,2960.67
217,3565,2990.48
218,3565,3025.3
219,3565,2938.04
220,3565,2912.23
221,3565,2972.96
222,3565,2984.97
223,3553,2989.23
224,3553,2979
225,3553,3029.35
226,3651,3095.51
227,3556,3127.12
228,3553,3115.43
229,3676,3134.03
230,3676,3170.91
231,3579,3086.54
232,3561,3069.93
233,3565,3064.47
234,3663,3105.48
235,3663,3092.75
236,3663,3118.69
237,3600,3094.47
238,3546,3132.74
239,3546,3122.86
240,3546,3103.32
241,3546,3057.51
242,3576,3129.15
243,3582,3132.57
244,3582,3146.13
245,3582,3152.52
246,3616,3165.69
247,3583,3148.79
248,3583,3127.33
249,3583,3063.23
250,3640,3035.48
251,3511,2992.98
252,3511,3030.35
253,3608,2983.55
254,3608,3034.16
255,3589,2995.11
256,3589,3017.74
257,3606,3041.17
258,3606,3036.55
259,3589,3073.88
260,3545,2989.87
261,3487,3007.76
262,3487,3024.35
263,3574,2979.99
264,3663,2933.51
265,3624,2959.03
266,3624,2896.66
267,3624,2931.6
268,3706,2989.59
269,3596,2982.87
270,3556,2985.42
271,3726,3043.91
272,3726,3005.62
273,3805,3060.09
274,3707,3041.4
275,3707,3022.42
276,3707,3042.03
277,3707,3030.85
278,3707,3065.08
279,3727,3015.49
280,3753,3051.88
281,3753,3135.16
282,3807,3184.1
283,3807,3102.54
284,3702,3066.98
285,3702,3065.96
286,3702,3172.37
287,3702,3181.48
288,3702,3134.7
289,3671,3132.63
290,3713,3141.17
291,3654,3013.07
292,3654,2981.13
293,3654,2969.4
294,3654,2913.45
295,3678,2935.26
296,3678,3004.57
297,3695,3092.63
298,3695,3143.71
299,3695,3069.5
Population size,100
Crossover rate,0.66
Mutation rate,0.34
Random selection portion,0.03
Selection method,AForge.Genetic.RouletteWheelSelection
Diversity check,True
Iteration,FitnessMax,FitnessAvg
0,3329,2497.4
1,3332,2508.13
2,3491,2500.48
3,3541,2605.38
4,3541,2587.85
5,3541,2635.84
6,3567,2705.11
7,3567,2831.78
8,3541,2746.38
9,3718,2832.25
10,3718,2934.38
11,3708,2936.5
12,3619,2933.58
13,3619,2900.04
14,3652,3005.18
15,3652,2990.7
16,3652,3007.58
17,3652,2961.48
18,3652,2996.84
19,3652,3001.62
20,3652,2997.33
21,3700,2979.83
22,3726,3008.83
23,3838,3122.26
24,3838,3126.35
25,3812,3172.27
26,3812,3175.14
27,3812,3173.89
28,3812,3204.52
29,3812,3225.79
30,3812,3220.09
31,3738,3200.95
32,3653,3155.56
33,3591,3084.34
34,3591,3148.66
35,3591,3091.31
36,3744,3166.31
37,3661,3162.59
38,3712,3152.48
39,3712,3120.29
40,3738,3128.08
41,3712,3123.11
42,3712,3128.27
43,3712,3111.07
44,3738,3059.53
45,3738,3087.39
46,3738,3171.37
47,3738,3209.65
48,3780,3207.72
49,3738,3142.62
50,3738,3115.46
51,3738,3188.95
52,3768,3179.61
53,3742,3128.52
54,3742,3127.28
55,3742,3203.54
56,3765,3245.02
57,3765,3250.78
58,3738,3241.35
59,3816,3256.51
60,3660,3282.17
61,3660,3283.95
62,3686,3306.38
63,3893,3395.73
64,3893,3356.89
65,3816,3327.39
66,3816,3349.88
67,3816,3390.27
68,3841,3313.2
69,3841,3270.6
70,3841,3285.79
71,3841,3308.13
72,3815,3290.34
73,3789,3244.54
74,3699,3170.07
75,3698,3166.04
76,3698,3238.09
77,3698,3192.41
78,3698,3185.26
79,3698,3091.48
80,3686,3044.96
81,3698,3109.62
82,3698,3068.6
83,3698,3097.54
84,3698,3060.24
85,3698,3045.57
86,3810,2989
87,3703,3006.96
88,3677,2988.01
89,3699,2957.58
90,3696,3027.66
91,3696,3086.63
92,3668,3032.66
93,3668,3155.13
94,3718,3138.75
95,3718,3135.52
96,3718,3162.43
97,3718,3161.58
98,3718,3077.69
99,3918,3050.98
100,3918,3020.52
101,3692,3072.64
102,3823,3078.12
103,3823,3036.07
104,3823,3079.45
105,3826,3088.33
106,3876,3076.3
107,3850,3077.91
108,3826,3142.15
109,3688,3135.08
110,3668,3093.95
111,3876,3076.5
112,3741,3054.03
113,3741,3103.41
114,3741,3089.33
115,3741,3099.66
116,3621,3083.25
117,3612,3083.99
118,3588,3055.8
119,3588,2995.83
120,3635,2972.32
121,3635,2976.78
122,3635,3033.97
123,3554,2984.76
124,3580,3053.27
125,3580,3015.9
126,3585,2953.01
127,3520,3000.24
128,3520,3022.74
129,3520,2998.2
130,3520,2987.37
131,3520,2987.44
132,3539,2937.69
133,3520,2897.33
134,3520,2894.13
135,3419,2895.1
136,3432,2859.61
137,3506,2915.26
138,3570,2929.12
139,3570,2896.56
140,3570,2971.1
141,3603,2949.65
142,3535,3004.06
143,3583,2963.07
144,3583,2944.27
145,3610,3014.25
146,3610,3023.14
147,3653,3011.28
148,3653,2992.83
149,3653,3035.67
150,3655,3056.75
151,3657,3117
152,3657,3123.48
153,3758,3122
154,3758,3148.69
155,3758,3139.85
156,3660,3114.62
157,3663,3149.03
158,3663,3064.53
159,3658,3022.92
160,3616,2996.23
161,3678,3021.77
162,3635,3087.96
163,3619,3115.21
164,3871,3150.09
165,3871,3124.9
166,3871,3151.19
167,3871,3181.31
168,3698,3168
169,3806,3135.88
170,3806,3173.06
171,3806,3145.32
172,3596,3171.37
173,3580,3184.38
174,3611,3148.47
175,3623,3046.16
176,3623,3089.88
177,3623,3111.74
178,3671,3113.34
179,3752,3085.51
180,3725,3086.54
181,3591,3069.06
182,3591,3140.51
183,3591,3150.25
184,3599,3127.5
185,3568,3104.89
186,3693,3183.52
187,3693,3185.06
188,3643,3181.92
189,3655,3137.47
190,3749,3108.56
191,3749,3065.17
192,3616,3179.26
193,3681,3121.94
194,3681,3119.77
195,3681,3100.71
196,3687,3028.65
197,3759,3049.75
198,3759,3140.5
199,3759,3169.06
200,3687,3152.83
201,3811,3186.55
202,3811,3156.6
203,3811,3044.13
204,3687,2998.61
205,3687,3076.35
206,3687,3038.57
207,3687,3043.52
208,3765,3101.39
209,3765,3091.27
210,3765,3060.35
211,3708,3046.05
212,3710,2939.13
213,3710,3055.11
214,3710,3104.59
215,3764,3074.89
216,3648,3073.33
217,3674,3068.85
218,3616,3068.61
219,3616,3064.86
220,3645,3019.27
221,3645,3039.51
222,3645,3036.23
223,3569,3093.64
224,3636,3155.57
225,3735,3165.28
226,3746,3156.44
227,3746,3211.35
228,3746,3156.52
229,3735,3123.53
230,3735,3094.12
231,3735,3138.42
232,3747,3146.22
233,3736,3056.1
234,3736,3079.44
235,3735,3108.14
236,3735,3138.14
237,3735,3101.87
238,3735,3038.64
239,3728,3042.21
240,3728,3044.7
241,3702,3025.32
242,3702,3015.78
243,3702,3075.63
244,3702,3119.74
245,3702,3090.35
246,3730,3058.87
247,3756,3138.19
248,3730,3188.24
249,3664,3154.35
250,3664,3170.92
251,3664,3180.05
252,3557,3153.32
253,3636,3172.36
254,3636,3175.06
255,3633,3209.76
256,3633,3223.27
257,3656,3176.73
258,3656,3121.16
259,3656,3107.87
260,3557,3124.53
261,3573,3178.68
262,3557,3193.83
263,3682,3195.17
264,3682,3179.36
265,3682,3210.11
266,3678,3190.03
267,3678,3230.3
268,3660,3242.73
269,3711,3208.85
270,3711,3175.24
271,3660,3192.29
272,3652,3181.94
273,3692,3134.65
274,3692,3035.57
275,3720,3023.73
276,3614,3027.13
277,3652,3048.57
278,3679,3080.43
279,3665,3101.29
280,3667,3119.03
281,3743,3086.71
282,3743,3127.85
283,3743,3154.58
284,3743,3130.19
285,3746,3073.68
286,3746,3039.31
287,3746,3074.96
288,3746,3053.25
289,3746,3032.57
290,3746,3004.32
291,3746,3032.11
292,3730,3027.22
293,3555,3035.13
294,3655,3059.25
295,3655,3002.37
296,3613,3056.43
297,3691,3014.7
298,3691,3090.21
299,3691,3123.23
Population size,100
Crossover rate,0.51
Mutation rate,0.79
Random selection portion,0.03
Selection method,AForge.Genetic.RankSelection
Diversity check,True
Iteration,FitnessMax,FitnessAvg
0,3316,2490.48
1,3397,2571.56
2,3197,2730.35
3,3193,2795.9
4,3350,2900.69
5,3384,2989.26
6,3501,3031.73
7,3540,3094.04
8,3540,3184.42
9,3540,3173.8
10,3540,3229.49
11,3663,3215.07
12,3566,3243.76
13,3556,3281.47
14,3612,3256.71
15,3621,3296.19
16,3694,3366.12
17,3650,3430.61
18,3711,3382.1
19,3820,3430.61
20,3717,3463.52
21,3717,3465.07
22,3722,3326.81
23,3759,3521.31
24,3759,3476.22
25,3759,3488.47
26,3851,3429.51
27,3851,3542.84
28,3851,3586.55
29,3851,3588.35
30,3889,3591.22
31,3833,3558.87
32,3879,3385.88
33,3833,3506.43
34,3833,3622.72
35,3871,3661.65
36,3871,3619.39
37,3871,3642.57
38,3871,3706.92
39,3871,3717.92
40,3930,3725.02
41,3871,3629.94
42,3871,3682.82
43,3871,3677.02
44,3879,3650.67
45,3879,3566.7
46,3871,3698.15
47,3871,3748.27
48,3871,3694.05
49,3871,3677.51
50,3871,3740.07
51,3898,3766.74
52,3898,3735.18
53,3898,3704.56
54,3898,3748.49
55,3913,3673.75
56,3913,3763.08
57,3913,3703.56
58,3913,3762.91
59,3913,3700.62
60,3913,3736.87
61,3913,3744.38
62,3913,3768.23
63,3913,3751.46
64,3913,3764.76
65,3913,3760.14
66,3913,3751.4
67,3913,3748.05
68,3913,3786.56
69,3913,3763.93
70,3913,3746.92
71,3913,3803.31
72,3913,2493.41
73,3913,2672.15
74,3913,2839.33
75,3863,2977.28
76,3863,3073.31
77,3913,3246.56
78,3913,3320.73
79,3913,3477.26
80,3913,3538.71
81,3913,3655.47
82,3913,3688.42
83,3913,3659.05
84,3968,3722.94
85,3968,3724.58
86,3968,3753.92
87,3968,3764.63
88,3968,3776.75
89,3968,3734.68
90,3968,3809.46
91,3968,3702.27
92,3913,3688.8
93,3913,3793.03
94,3913,3773.64
95,3913,3773.68
96,3913,3763.85
97,3913,3760.41
98,3968,3728.91
99,3968,3741.06
100,3968,3742.82
101,3913,3771.22
102,3913,3716.95
103,3913,3738.69
104,3913,3752.08
105,3913,3759.81
106,3913,3703.08
107,3913,3667.76
108,3913,3815.63
109,3913,2534.55
110,3422,2699.23
111,3498,2766.01
112,3498,2824.05
113,3498,2937.29
114,3555,3040.52
115,3713,3120.83
116,3679,3203.36
117,3679,3242.79
118,3679,3290.61
119,3748,3248.1
120,3748,3289.7
121,3748,3334.51
122,3748,3339.82
123,3755,3359.47
124,3679,3342.35
125,3729,3398.07
126,3695,3462.7
127,3679,3486.11
128,3748,3480.68
129,3755,3517.47
130,3755,3401.31
131,3732,3351.6
132,3758,3394.45
133,3758,3505.47
134,3755,3555.23
135,3755,3536.28
136,3755,3481.03
137,3797,3494.69
138,3771,3572.27
139,3826,3574.6
140,3876,3554.25
141,3826,3571.57
142,3839,3619.12
143,3876,3631.72
144,3839,3544.92
145,3839,3645.47
146,3876,3614
147,3839,3506.79
148,3850,3551.48
149,3850,3580.68
150,3850,3572.55
151,3850,3618.35
152,3942,3527.75
153,3942,3534.22
154,3850,3592.29
155,3851,3622.7
156,3850,3615.43
157,3866,3562.65
158,3839,3525.41
159,3872,3643.02
160,3918,3643.56
161,3918,3591.8
162,3918,3641.39
163,3918,3684.5
164,3918,3683.6
165,3918,3714.5
166,3918,3727.5
167,3918,3657.85
168,3918,3745.94
169,3968,3748.74
170,3968,3724.72
171,3968,3699.16
172,3968,3640.63
173,3968,3703.95
174,3968,3775.44
175,3968,3787.09
176,3968,3795.98
177,3968,3765.98
178,3968,3713.13
179,3968,3697.9
180,3968,3808.09
181,3968,3831.22
182,3968,3812.29
183,3968,3743.89
184,3968,3844.8
185,3968,3834.81
186,3968,3860.48
187,3968,2487.39
188,3187,2702.67
189,3307,2840.09
190,3307,2896.65
191,3307,2899.53
192,3337,2993.89
193,3415,3108.02
194,3534,3143.71
195,3557,3141.73
196,3656,3229.09
197,3656,3228.71
198,3656,3333.91
199,3675,3396.68
200,3675,3378.3
201,3712,3393.95
202,3781,3448.7
203,3807,3495.11
204,3833,3483.52
205,3807,3500.59
206,3833,3506.83
207,3848,3518.42
208,3848,3532.28
209,3883,3477.81
210,3848,3493.88
211,3848,3593.23
212,3848,3570.54
213,3857,3597.84
214,3897,3608.42
215,3897,3570.66
216,3897,3606.01
217,3897,3589.63
218,3883,3673.18
219,3883,3706.1
220,3901,3656.36
221,3901,3700.85
222,3901,3706.35
223,3901,3760.11
224,3900,3726.99
225,3900,3682.62
226,3968,3671.98
227,3900,3732.73
228,3900,3758.38
229,3900,3714.74
230,3883,3654.56
231,3883,3667.31
232,3883,3679.15
233,3883,3718.1
234,3883,3541.57
235,3883,3595.64
236,3883,3675.26
237,3883,3694.76
238,3883,3711.41
239,3901,3700.24
240,3901,3650.17
241,3901,3767.91
242,3901,3713.75
243,3901,3681.11
244,3901,3679.61
245,3901,3689.24
246,3901,3730.22
247,3901,3692.59
248,3901,3637.57
249,3901,3678.36
250,3901,3701.11
251,3901,3746.11
252,3901,3684.45
253,3901,3763.06
254,3901,3747.75
255,3901,3590.32
256,3901,3454.54
257,3901,3573.45
258,3901,3738.64
259,3901,3732.49
260,3901,3738.63
261,3901,3765.1
262,3901,3693.17
263,3901,3761.26
264,3901,3770.03
265,3901,3738.6
266,3901,3707.27
267,3901,3752.15
268,3901,3729.02
269,3901,3764.06
270,3901,3758.74
271,3901,3712.71
272,3901,3733.89
273,3901,3762.24
274,3901,3737.74
275,3901,3709.42
276,3901,3672.96
277,3901,3690.07
278,3901,3722.02
279,3901,3743.79
280,3901,3708.84
281,3901,3691.97
282,3901,3772.03
283,3901,3714.76
284,3901,3767.17
285,3901,3682.88
286,3901,3741.8
287,3901,3755.99
288,3901,3793.37
289,3901,2466.33
290,3901,2696.69
291,3901,2864.09
292,3803,3023.79
293,3803,3068.22
294,3803,3195.99
295,3803,3317.16
296,3803,3333.69
297,3803,3369.63
298,3784,3376.08
299,3803,3453.62
Population size,100
Crossover rate,0.51
Mutation rate,0.79
Random selection portion,0.03
Selection method,AForge.Genetic.RankSelection
Diversity check,False
Iteration,FitnessMax,FitnessAvg
0,3150,2410.05
1,3228,2553.59
2,3279,2707.16
3,3305,2875.68
4,3408,2959.5
5,3466,3041.61
6,3466,3070.12
7,3466,3183.14
8,3554,3218.8
9,3519,3253.36
10,3580,3250.18
11,3562,3300.38
12,3650,3280.57
13,3653,3337.19
14,3676,3338.95
15,3679,3299.94
16,3853,3403.38
17,3694,3418.83
18,3871,3413.44
19,3871,3456.28
20,3871,3442.34
21,3871,3464.06
22,3871,3438.76
23,3855,3489.37
24,3855,3491.79
25,3855,3572.33
26,3855,3554.84
27,3871,3638.04
28,3871,3413.89
29,3871,3548.3
30,3871,3598.73
31,3871,3530.98
32,3871,3538.8
33,3923,3682.79
34,3968,3678.71
35,3968,3701.93
36,3968,3727.03
37,3968,3746.76
38,3968,3707.54
39,3949,3716.43
40,3968,3737.63
41,3968,3718.01
42,3968,3673.91
43,3968,3638.28
44,3968,3782.53
45,3968,3797.25
46,3968,3762.46
47,3968,3751.52
48,3968,3796.48
49,3968,3800.94
50,3968,3763.39
51,3968,3780.62
52,3968,3757.51
53,3968,3650.28
54,3968,3825.68
55,3968,3759.81
56,3968,3716.04
57,3968,3761.16
58,3968,3806.26
59,3968,3749.73
60,3968,3694.8
61,3968,3680.7
62,3968,3760.15
63,3968,3796.7
64,3968,3850.16
65,3968,3654.44
66,3968,3735.98
67,3968,3788.92
68,3968,3816.94
69,3968,3773.68
70,3968,3837.52
71,3968,3836.21
72,3968,3811.63
73,3968,3685.85
74,3968,3849.51
75,3968,3809.88
76,3968,3841.8
77,3968,3845.27
78,3968,3845.87
79,3968,3789.88
80,3968,3849.52
81,3968,3805.87
82,3968,3789.94
83,3968,3827.45
84,3968,3780.02
85,3968,3818.01
86,3968,3806.65
87,3968,3731.83
88,3968,3819.81
89,3968,3815.6
90,3968,3834.25
91,3968,3862.37
92,3968,3722.69
93,3968,3796.81
94,3968,3709.52
95,3968,3814.43
96,3968,3819.24
97,3968,3864.31
98,3968,3839.75
99,3968,3860.51
100,3968,3838.96
101,3968,3789.75
102,3968,3856.47
103,3968,3840.85
104,3968,3831.37
105,3968,3790.43
106,3968,3819.33
107,3968,3847.99
108,3968,3844.19
109,3968,3838.09
110,3968,3894.12
111,3968,3865.52
112,3968,3850.89
113,3968,3825.36
114,3968,3828.4
115,3968,3815.19
116,3968,3769.97
117,3968,3846.85
118,3968,3858.62
119,3968,3800.07
120,3968,3838.9
121,3968,3757.41
122,3968,3814.29
123,3968,3760.56
124,3968,3763.8
125,3968,3812.81
126,3968,3800.54
127,3968,3803.21
128,3968,3736.72
129,3968,3814.17
130,3968,3782.01
131,3968,3803.22
132,3968,3759.81
133,3968,3879.8
134,3968,3819.37
135,3968,3769.73
136,3968,3792.98
137,3968,3811.35
138,3968,3850.87
139,3968,3838.61
140,3968,3826.68
141,3968,3792.51
142,3968,3877.82
143,3968,3876.25
144,3968,3854.38
145,3968,3868.78
146,3968,3846.95
147,3968,3742.22
148,3968,3756.17
149,3968,3840.05
150,3968,3853.97
151,3968,3762.45
152,3968,3864.45
153,3968,3722.05
154,3968,3680.79
155,3968,3825.95
156,3968,3835.63
157,3968,3746.78
158,3968,3868.39
159,3968,3839.13
160,3968,3732.91
161,3968,3812.07
162,3968,3867.91
163,3968,3887.13
164,3968,3869.22
165,3968,3773.24
166,3968,3830.86
167,3968,3735.97
168,3968,3726.05
169,3968,3711.25
170,3968,3781.36
171,3968,3856.31
172,3968,3833.52
173,3968,3751.08
174,3968,3762.81
175,3968,3789.68
176,3968,3767.01
177,3968,3799.97
178,3968,3812.35
179,3968,3868.92
180,3968,3823.84
181,3968,3722.77
182,3968,3761.17
183,3968,3797.75
184,3968,3872.52
185,3968,3837.55
186,3968,3769.36
187,3968,3807.08
188,3968,3842.52
189,3968,3866.14
190,3968,3813.89
191,3968,3891.44
192,3968,3770.91
193,3968,3846.68
194,3968,3809.68
195,3968,3870.99
196,3968,3766.56
197,3968,3844.26
198,3968,3842.05
199,3968,3870.06
200,3968,3864.25
201,3968,3859.39
202,3968,3866.37
203,3968,3858.25
204,3968,3814
205,3968,3788.81
206,3968,3845.33
207,3968,3874.71
208,3968,3808.59
209,3968,3823.11
210,3968,3823.92
211,3968,3841.5
212,3968,3867.35
213,3968,3764.11
214,3968,3866.97
215,3968,3754.35
216,3968,3854.66
217,3968,3786.83
218,3968,3779.52
219,3968,3734.12
220,3968,3816
221,3968,3762.04
222,3968,3741.8
223,3968,3664.8
224,3968,3730.63
225,3968,3834.43
226,3968,3794.09
227,3968,3867.19
228,3968,3790.28
229,3968,3750.4
230,3968,3789.53
231,3968,3781
232,3968,3792.86
233,3968,3859.44
234,3968,3862.85
235,3968,3875.33
236,3968,3718.6
237,3968,3819.02
238,3968,3815.36
239,3968,3884.09
240,3968,3834.88
241,3968,3878.56
242,3968,3841.76
243,3968,3882.63
244,3968,3794.34
245,3968,3861.79
246,3968,3841.84
247,3968,3759.3
248,3968,3834.55
249,3968,3887.18
250,3968,3869.97
251,3968,3813.3
252,3968,3862.6
253,3968,3875.97
254,3968,3782.56
255,3968,3862.15
256,3968,3808.6
257,3968,3834.6
258,3968,3803.06
259,3968,3845.39
260,3968,3816.17
261,3968,3881.07
262,3968,3865.81
263,3968,3853.52
264,3968,3834.15
265,3968,3877.79
266,3968,3804.02
267,3968,3828.61
268,3968,3830.74
269,3968,3854.32
270,3968,3849.11
271,3968,3722.56
272,3968,3791.71
273,3968,3856.35
274,3968,3872.58
275,3968,3835.41
276,3968,3792.67
277,3968,3876.74
278,3968,3860.39
279,3968,3815.46
280,3968,3825.97
281,3968,3746.89
282,3968,3851.76
283,3968,3862.21
284,3968,3858.18
285,3968,3869.84
286,3968,3863.76
287,3968,3868.57
288,3968,3867.53
289,3968,3828.63
290,3968,3845.48
291,3968,3818.37
292,3968,3835.79
293,3968,3839.54
294,3968,3872.26
295,3968,3803.91
296,3968,3839.49
297,3968,3779.65
298,3968,3809.41
299,3968,3845.03
Population size,100
Crossover rate,0.22
Mutation rate,0.87
Random selection portion,0.03
Selection method,AForge.Genetic.EliteSelection
Diversity check,False
Iteration,FitnessMax,FitnessAvg
0,3281,2586.33
1,3314,2765.29
2,3323,2899.97
3,3361,3027.83
4,3478,3141.17
5,3508,3222.4
6,3605,3278.57
7,3734,3329.06
8,3734,3390.82
9,3734,3431.92
10,3789,3447.99
11,3789,3519.66
12,3815,3548.58
13,3815,3577.16
14,3815,3604.79
15,3815,3634.49
16,3815,3660.39
17,3815,3675.68
18,3815,3716.6
19,3815,3711.99
20,3815,3722.85
21,3815,3710.86
22,3815,3714.68
23,3815,3740.7
24,3815,3759.05
25,3815,3755.75
26,3815,3770.79
27,3815,3755.2
28,3815,3769.22
29,3815,3772.99
30,3815,3761.84
31,3815,3770.78
32,3815,3767.2
33,3815,3782.46
34,3815,3741.6
35,3815,3771.85
36,3815,3768.77
37,3815,3736.82
38,3815,3780.38
39,3815,3767.41
40,3815,3769.94
41,3815,3769.14
42,3815,3775.43
43,3815,3773.74
44,3815,3775.73
45,3815,3758.83
46,3815,3749
47,3815,3754.57
48,3815,3773.31
49,3815,3768.86
50,3815,3762.07
51,3815,3761.55
52,3815,3772.87
53,3815,3759.28
54,3815,3773.36
55,3815,3770.73
56,3815,3766.32
57,3815,3773.65
58,3815,3780.18
59,3815,3758.62
60,3815,3768.43
61,3815,3769.57
62,3815,3741.34
63,3815,3771.93
64,3815,3752.96
65,3815,3765.94
66,3815,3765.06
67,3815,3765.96
68,3815,3771.36
69,3815,3766.16
70,3815,3759.91
71,3815,3761.48
72,3815,3767.51
73,3815,3770.84
74,3815,3765.21
75,3815,3778.37
76,3815,3770.67
77,3815,3769.48
78,3815,3784.72
79,3815,3757.27
80,3815,3763.15
81,3815,3761.66
82,3815,3772.89
83,3815,3767.01
84,3815,3775.54
85,3815,3765.35
86,3815,3774.11
87,3815,3773.95
88,3815,3763.86
89,3815,3764.93
90,3815,3779.34
91,3815,3768.22
92,3815,3765.24
93,3815,3741.92
94,3815,3745.96
95,3815,3771.06
96,3815,3775.58
97,3815,3742.38
98,3815,3752.74
99,3815,3745.63
100,3815,3759.97
101,3815,3766.64
102,3815,3744.46
103,3815,3759.28
104,3815,3779.78
105,3815,3760.07
106,3815,3781.13
107,3815,3769.9
108,3815,3776.05
109,3815,3770.2
110,3815,3721.98
111,3815,3763.48
112,3815,3773.86
113,3815,3768.44
114,3815,3750.62
115,3815,3771.56
116,3815,3772
117,3815,3771.13
118,3815,3741.62
119,3815,3763.18
120,3815,3776.27
121,3815,3762.06
122,3815,3767.87
123,3815,3764.04
124,3815,3769.19
125,3815,3761.27
126,3815,3757.34
127,3815,3784.61
128,3815,3766.26
129,3815,3750.55
130,3815,3767.65
131,3815,3758.89
132,3815,3766.46
133,3815,3735.35
134,3815,3751.7
135,3815,3778.33
136,3815,3769.29
137,3815,3755.98
138,3815,3767.62
139,3815,3724.75
140,3815,3778.74
141,3815,3775.11
142,3815,3766.85
143,3815,3775.81
144,3815,3768.99
145,3815,3754.28
146,3815,3775.21
147,3815,3777.02
148,3815,3742.15
149,3815,3775.41
150,3815,3768.14
151,3815,3771.26
152,3815,3766.32
153,3815,3772.7
154,3815,3764.47
155,3815,3778.21
156,3815,3770.57
157,3815,3768.62
158,3815,3762.21
159,3815,3764.35
160,3815,3763.29
161,3815,3747.3
162,3815,3768.9
163,3815,3755.5
164,3815,3770.02
165,3815,3773.54
166,3815,3770.09
167,3815,3760.11
168,3815,3769.44
169,3815,3775.61
170,3815,3754.72
171,3815,3763.3
172,3815,3761.47
173,3815,3775.82
174,3815,3761.1
175,3815,3757.03
176,3815,3777.95
177,3815,3727.32
178,3815,3757.2
179,3815,3773.23
180,3815,3760.25
181,3815,3746.06
182,3815,3767.63
183,3815,3766.43
184,3815,3765.67
185,3815,3763.88
186,3815,3765.44
187,3815,3741.74
188,3815,3772.93
189,3815,3730.68
190,3815,3757.41
191,3815,3776.14
192,3815,3754.13
193,3815,3770.8
194,3815,3741
195,3815,3755.49
196,3815,3761.35
197,3815,3762.07
198,3815,3754.11
199,3815,3751.75
200,3815,3756.78
201,3815,3776.09
202,3815,3760.17
203,3815,3774.13
204,3815,3772.42
205,3815,3738.57
206,3815,3754.29
207,3815,3768.01
208,3815,3747.56
209,3815,3742.36
210,3815,3743.4
211,3815,3771.32
212,3815,3774.93
213,3815,3772.21
214,3815,3781.08
215,3815,3774.52
216,3815,3750.86
217,3815,3779.48
218,3815,3761.33
219,3815,3768.8
220,3815,3767.2
221,3815,3756.15
222,3815,3739.7
223,3815,3765.21
224,3815,3759.96
225,3815,3784.09
226,3815,3772.67
227,3815,3769.2
228,3815,3774.23
229,3815,3771.48
230,3815,3768.9
231,3815,3760.56
232,3815,3769.02
233,3815,3780.7
234,3815,3769.62
235,3815,3774.8
236,3815,3777.75
237,3815,3772.07
238,3815,3769.63
239,3815,3772.88
240,3815,3784.95
241,3815,3750.88
242,3815,3777.54
243,3815,3761.11
244,3815,3763.95
245,3815,3768.21
246,3815,3774.01
247,3815,3785.56
248,3815,3768.86
249,3815,3765.71
250,3815,3748.3
251,3815,3763.44
252,3815,3783.17
253,3815,3770.69
254,3815,3765.49
255,3815,3778.22
256,3815,3763.84
257,3815,3767.02
258,3815,3767.27
259,3815,3767.26
260,3815,3778.03
261,3815,3779.35
262,3815,3769.3
263,3815,3778.9
264,3815,3772.01
265,3815,3776.04
266,3815,3768.26
267,3815,3767.36
268,3815,3766.95
269,3815,3774.27
270,3815,3748.22
271,3815,3749.36
272,3815,3779.58
273,3815,3731.11
274,3815,3749.51
275,3815,3769.13
276,3815,3732.59
277,3815,3737.16
278,3815,3772.39
279,3815,3774.42
280,3815,3764.53
281,3815,3779.01
282,3815,3777.56
283,3815,3774.38
284,3815,3769.35
285,3815,3755.15
286,3815,3758.02
287,3815,3774.1
288,3815,3762.93
289,3815,3763.88
290,3815,3720.81
291,3815,3751.01
292,3815,3772.65
293,3815,3758.87
294,3815,3747.98
295,3815,3743.49
296,3815,3768.22
297,3815,3770.97
298,3815,3737.96
299,3815,3776.91
Population size,100
Crossover rate,0.22
Mutation rate,0.87
Random selection portion,0.03
Selection method,AForge.Genetic.EliteSelection
Diversity check,True
Iteration,FitnessMax,FitnessAvg
0,3266,2572.11
1,3404,2740.84
2,3404,2850.45
3,3404,2963.09
4,3612,3037.9
5,3612,3138.44
6,3612,3219.67
7,3612,3249.21
8,3612,3290.46
9,3612,3312.03
10,3657,3367.46
11,3658,3426.35
12,3735,3490.33
13,3735,3512.09
14,3735,3535.42
15,3743,3563.08
16,3743,3562.63
17,3859,3601.65
18,3914,3605.92
19,3914,3622.71
20,3922,3658.29
21,3943,3657.79
22,3943,3663.66
23,3943,3705.41
24,3943,3729.95
25,3943,3742.78
26,3943,3760.35
27,3943,3774.75
28,3965,3799.03
29,3965,3772.69
30,3965,3815.18
31,3965,3792.08
32,3968,3798.06
33,3968,3831.31
34,3968,3849.31
35,3968,2611.94
36,3968,2750.1
37,3968,2859.23
38,3968,2963.27
39,3968,3100.23
40,3968,3202.86
41,3968,3321.37
42,3968,3395.52
43,3968,3539.22
44,3968,3677.18
45,3968,3713.01
46,3968,3746.85
47,3968,3792.41
48,3968,3814.4
49,3968,3812.69
50,3968,3840.87
51,3968,3845.85
52,3968,3858.68
53,3968,2567.89
54,3968,2747.45
55,3968,2899.29
56,3968,3020.42
57,3968,3170.65
58,3968,3288.51
59,3968,3418.87
60,3968,3511.57
61,3968,3630.68
62,3968,3710.91
63,3968,3775.65
64,3968,3808.65
65,3968,3848.62
66,3968,3866.31
67,3968,2590.34
68,3968,2792.34
69,3968,2927.81
70,3968,3076.96
71,3968,3172.27
72,3968,3253.96
73,3968,3347.16
74,3968,3472.45
75,3968,3549.04
76,3968,3619.7
77,3968,3675.57
78,3968,3697.27
79,3968,3759.8
80,3968,3767.88
81,3968,3763.83
82,3968,3787.9
83,3968,3777.52
84,3968,3833.35
85,3968,3825.58
86,3968,3851.26
87,3968,2658.2
88,3968,2823.04
89,3968,2926.23
90,3968,3001.1
91,3968,3137.63
92,3968,3221.09
93,3968,3285.82
94,3968,3375.3
95,3968,3445.56
96,3968,3538.44
97,3968,3594.67
98,3968,3647.62
99,3968,3704.49
100,3968,3710.85
101,3968,3757.75
102,3968,3797.1
103,3968,3838.59
104,3968,3852.63
105,3968,2584.93
106,3968,2785.61
107,3968,2989.62
108,3968,3096.49
109,3968,3205.38
110,3968,3327.74
111,3968,3481.42
112,3968,3590.85
113,3968,3652.1
114,3968,3703.96
115,3968,3721.47
116,3968,3748.89
117,3968,3787.24
118,3968,3819.84
119,3968,3833.74
120,3968,3826.11
121,3968,3865.42
122,3968,2592.6
123,3968,2803.95
124,3968,2983.73
125,3968,3146.47
126,3968,3302.77
127,3968,3419.06
128,3968,3522.07
129,3968,3599.78
130,3968,3675.88
131,3968,3716.02
132,3968,3767.61
133,3968,3764.61
134,3968,3830.09
135,3968,3815.4
136,3968,3851.58
137,3968,2597.99
138,3968,2859.57
139,3968,2998.25
140,3968,3097.15
141,3968,3204.08
142,3968,3302.92
143,3968,3359.69
144,3968,3469.74
145,3968,3526.48
146,3968,3599.69
147,3968,3619.73
148,3968,3691.42
149,3968,3729.78
150,3968,3770.89
151,3968,3796.12
152,3968,3819.35
153,3968,3813.86
154,3968,3866.66
155,3968,2614.29
156,3968,2838.29
157,3968,2977.91
158,3968,3091.09
159,3968,3177.42
160,3968,3356.37
161,3968,3454.08
162,3968,3561.79
163,3968,3641.67
164,3968,3676.58
165,3968,3748.13
166,3968,3750.57
167,3968,3775.25
168,3968,3768.65
169,3968,3818.15
170,3968,3851.97
171,3968,2560.98
172,3968,2732.53
173,3968,2897
174,3968,3057.44
175,3968,3170.7
176,3968,3306.91
177,3968,3439.59
178,3968,3552.59
179,3968,3662.22
180,3968,3716.15
181,3968,3785.6
182,3968,3764.84
183,3968,3817.27
184,3968,3839.56
185,3968,3854.83
186,3968,2476.45
187,3968,2692.71
188,3968,2851.45
189,3968,2990.22
190,3968,3120.67
191,3968,3241.61
192,3968,3295.32
193,3968,3390.34
194,3968,3482.5
195,3968,3563.82
196,3968,3625.13
197,3968,3672.59
198,3968,3712.5
199,3968,3760.59
200,3968,3784.6
201,3968,3803.6
202,3968,3819.92
203,3968,3856.66
204,3968,2581.22
205,3968,2806.09
206,3968,2990.06
207,3968,3099.77
208,3968,3234.2
209,3968,3380.25
210,3968,3512.16
211,3968,3604.12
212,3968,3690.71
213,3968,3742.34
214,3968,3771.3
215,3968,3810.33
216,3968,3830.66
217,3968,3850.93
218,3968,2685
219,3968,2863.34
220,3968,3010.26
221,3968,3088.17
222,3968,3188.07
223,3968,3262.27
224,3968,3383.62
225,3968,3485.89
226,3968,3583.7
227,3968,3631.88
228,3968,3686.38
229,3968,3760.9
230,3968,3773.26
231,3968,3808.4
232,3968,3833.14
233,3968,3839.26
234,3968,3841.63
235,3968,3873.03
236,3968,2575.51
237,3968,2721.58
238,3968,2810.83
239,3968,2972.43
240,3968,3104.8
241,3968,3180.64
242,3968,3319.05
243,3968,3429.86
244,3968,3561.5
245,3968,3700.6
246,3968,3727.47
247,3968,3733.96
248,3968,3786.27
249,3968,3809.9
250,3968,3834.29
251,3968,3852.51
252,3968,2641.2
253,3968,2809.05
254,3968,2976.7
255,3968,3051.52
256,3968,3160.69
257,3968,3281.58
258,3968,3393.7
259,3968,3464.99
260,3968,3545.38
261,3968,3605.75
262,3968,3712.59
263,3968,3732.63
264,3968,3789.48
265,3968,3817.62
266,3968,3835.55
267,3968,3868.49
268,3968,2605.47
269,3968,2828.65
270,3968,2971.95
271,3968,3065.77
272,3968,3176.24
273,3968,3280.73
274,3968,3385.01
275,3968,3519.05
276,3968,3617.19
277,3968,3693.72
278,3968,3696.9
279,3968,3742.64
280,3968,3803.56
281,3968,3811.18
282,3968,3823.99
283,3968,3818.06
284,3968,3850.75
285,3968,2649.59
286,3968,2827.92
287,3968,2990.66
288,3968,3109.18
289,3968,3210.85
290,3968,3297.75
291,3968,3369.43
292,3968,3484.84
293,3968,3580.39
294,3968,3660.65
295,3968,3681.82
296,3968,3720.22
297,3968,3765.67
298,3968,3781.25
299,3968,3818.8
Population size,100
Crossover rate,0.22
Mutation rate,0.87
Random selection portion,0.03
Selection method,AForge.Genetic.EliteSelection
Diversity check,True
Iteration,FitnessMax,FitnessAvg
0,3376,2632.4
1,3429,2845.45
2,3429,2962.32
3,3483,3035.7
4,3512,3154.31
5,3538,3207.52
6,3548,3270.92
7,3548,3309.46
8,3713,3353.04
9,3713,3390.2
10,3770,3432.52
11,3770,3461.28
12,3770,3508.33
13,3816,3527.08
14,3816,3583.74
15,3816,3602.5
16,3847,3633.64
17,3847,3668.15
18,3847,3669.22
19,3847,3710.64
20,3847,3718.38
21,3847,3719.96
22,3949,3737.02
23,3949,3715.31
24,3949,3752.85
25,3949,3753.69
26,3949,3761.51
27,3949,3783.39
28,3949,3802.25
29,3949,3814.48
30,3949,3801.67
31,3949,3791.88
32,3949,3828.4
33,3949,3827.01
34,3949,3835
35,3949,2664.11
36,3949,2855.89
37,3949,2989.52
38,3949,3133.11
39,3949,3233.11
40,3949,3334.02
41,3949,3435.56
42,3949,3544.79
43,3949,3608.66
44,3968,3684.47
45,3968,3742.07
46,3968,3770.72
47,3968,3776.72
48,3968,3821.59
49,3968,3827.67
Population size,100
Crossover rate,0.22
Mutation rate,0.87
Random selection portion,0.03
Selection method,AForge.Genetic.EliteSelection
Diversity check,True
Iteration,FitnessMax,FitnessAvg
0,3294,2646.84
1,3358,2848.58
2,3358,2989
3,3435,3094.37
4,3551,3166.82
5,3567,3258.71
6,3567,3302.74
7,3636,3344.4
8,3649,3414.18
9,3734,3445.62
10,3734,3479.05
11,3918,3524.12
12,3968,3582.97
13,3968,3635.18
14,3968,3658.71
15,3968,3704.77
16,3968,3698.76
17,3968,3736.01
18,3968,3761.37
19,3968,3789.48
20,3968,3816.45
21,3968,3842.14
22,3968,3833.86
23,3968,3859.27
24,3968,2665.57
25,3968,2900.49
26,3968,3045.05
27,3968,3160.65
28,3968,3257.9
29,3968,3389.85
