Population size,100
Crossover rate,0.66
Mutation rate,0.34
Random selection portion,0.03
Selection method,AForge.Genetic.RouletteWheelSelection
Diversity check,False
Iteration,FitnessMax,FitnessAvg
0,1705,1097.64
1,1825,1159.42
2,1825,1208.88
3,1825,1199.01
4,1748,1209.75
5,1748,1253.03
6,1859,1291.67
7,1859,1364.96
8,1859,1379.24
9,1859,1392.5
10,1859,1376.36
11,1859,1381.14
12,1859,1419.45
13,1898,1477.26
14,1916,1463.55
15,1942,1497.94
16,1865,1532.89
17,1873,1536.98
18,1917,1551.05
19,1917,1559.9
20,1917,1542.18
21,1917,1569.18
22,1917,1621.06
23,1917,1614.69
24,1972,1617.01
25,1972,1581.32
26,1917,1604.07
27,1917,1580.65
28,1917,1562.63
29,1917,1593.66
30,1917,1580.53
31,1917,1563.29
32,1917,1596.26
33,2017,1598.62
34,1917,1615.17
35,1954,1586.14
36,1954,1619.61
37,1951,1589.98
38,1917,1586.31
39,1930,1595.13
40,1954,1608.3
41,1988,1590.46
42,1917,1545.79
43,1917,1573.03
44,1972,1536.57
45,1954,1544.56
46,1954,1504.82
47,1887,1490.89
48,1951,1471.93
49,1951,1507.9
50,1951,1516.1
51,1951,1561.48
52,1954,1558.36
53,1954,1580.19
54,1951,1591.6
55,1951,1575.4
56,1923,1588.88
57,1923,1617.9
58,1923,1593.01
59,2000,1598.99
60,2000,1593.78
61,1943,1555.08
62,1943,1550.17
63,2000,1560.37
64,2000,1610.86
65,1984,1598.01
66,1948,1608.87
67,2000,1614.78
68,1948,1627.81
69,1948,1640.4
70,2045,1623.04
71,2045,1574.88
72,2035,1564.32
73,2035,1607.91
74,2035,1642.57
75,2035,1604.31
76,1972,1593.34
77,1988,1581.7
78,1988,1594.67
79,1988,1596.43
80,2038,1600.64
81,2045,1647.76
82,2045,1698.14
83,2045,1678.57
84,2038,1648.43
85,2038,1687
86,2038,1692.23
87,2038,1716.69
88,2038,1691.11
89,2082,1680.69
90,2045,1697.75
91,1991,1707.51
92,2045,1703.53
93,2025,1704.32
94,1988,1673.62
95,1934,1644.11
96,1988,1649.96
97,1934,1667.81
98,1897,1660.05
99,1897,1645.24
100,2025,1675.01
101,2025,1682.42
102,2025,1687.08
103,2025,1688.03
104,2025,1669.06
105,2025,1689.23
106,2025,1655.66
107,2025,1668.48
108,2025,1639.21
109,1988,1670.81
110,2025,1690.07
111,1988,1707.3
112,2025,1711.44
113,2025,1672.91
114,2025,1663.74
115,1988,1674.37
116,1938,1637.76
117,1990,1632.57
118,1990,1634.17
119,2027,1691.89
120,2027,1702.25
121,2027,1727.32
122,2027,1700.83
123,2027,1716.72
124,2027,1668.29
125,2027,1654.54
126,2027,1672.46
127,2027,1680.63
128,2027,1654.66
129,2027,1669.46
130,2027,1701.6
131,2027,1657.53
132,1946,1663.3
133,2017,1688.8
134,2017,1680.41
135,2017,1654.37
136,2017,1707.9
137,2017,1668.13
138,2074,1659.78
139,1983,1673.47
140,1983,1667.89
141,1995,1708.77
142,1983,1682.05
143,2001,1657.11
144,2001,1656.99
145,2001,1636.25
146,2001,1660.63
147,2001,1672.42
148,1995,1601.2
149,2023,1680.46
150,2027,1685.8
151,2027,1662.23
152,2027,1669.56
153,2027,1686.47
154,2027,1712.18
155,2027,1714.73
156,2074,1707.01
157,2027,1706.94
158,2027,1691.03
159,2023,1707.07
160,1990,1667.76
161,1990,1649.16
162,2027,1691.28
163,2027,1665.54
164,1995,1649.03
165,1990,1646.55
166,2023,1615.84
167,2023,1644.11
168,2023,1623.49
169,2082,1588.24
170,2082,1676.05
171,2074,1686.35
172,2074,1680.56
173,2082,1714.76
174,2074,1697.28
175,1995,1732.29
176,1995,1738.33
177,1995,1712.55
178,1993,1694.26
179,1993,1709.55
180,2027,1707.19
181,2027,1745.06
182,2082,1727.92
183,2082,1727.44
184,2027,1689.5
185,2027,1697.01
186,1978,1676.09
187,2027,1628.16
188,2027,1610.33
189,2027,1578.87
190,1939,1560.9
191,1926,1575.34
192,2082,1582.22
193,2082,1603.57
194,1950,1584.69
195,1950,1622.75
196,1950,1648.6
197,1981,1655.79
198,1988,1618.07
199,1988,1640.22
200,2027,1658.54
201,2027,1619.24
202,2027,1638.21
203,2027,1633.76
204,1950,1656.3
205,1950,1651.06
206,2027,1610.05
207,2027,1633.21
208,2027,1657.63
209,2027,1679.21
210,1990,1673.49
211,1950,1656.03
212,2045,1691.31
213,2045,1650.74
214,2082,1651.41
215,2082,1636.26
216,2082,1647.88
217,2045,1667.6
218,2082,1661.04
219,2082,1649.27
220,2082,1717.05
221,2082,1719.6
222,2082,1734.37
223,2082,1713.16
224,2082,1743.9
225,2082,1755.79
226,2082,1743.4
227,2082,1693.39
228,2045,1719.71
229,2082,1738.37
230,2082,1751.22
231,2082,1735.44
232,2082,1749.34
233,2045,1754.65
234,2082,1716.61
235,1988,1711.94
236,2045,1729.17
237,2082,1711.02
238,2045,1700.9
239,2045,1702.94
240,2082,1726.5
241,2001,1718.67
242,2001,1724.98
243,2001,1741.31
244,1975,1726.48
245,1985,1689
246,1948,1690.85
247,2045,1706.07
248,2082,1703.71
249,2082,1694.58
250,2045,1717.57
251,2045,1702.83
252,2082,1702.84
253,2082,1715.64
254,2082,1770.02
255,2082,1761.5
256,2082,1805.37
257,2082,1815.66
258,2082,1805.15
259,2082,1841.92
260,2082,1842.3
261,2082,1849.98
262,2082,1847.35
263,2082,1839.94
264,2082,1810.36
265,2082,1802.22
266,2082,1776.57
267,2045,1723.18
268,2045,1719.02
269,2045,1683.32
270,2045,1762.54
271,2045,1734.32
272,2045,1701.71
273,2045,1728.46
274,2027,1702.36
275,2074,1725.55
276,2027,1726.53
277,2027,1720.03
278,2027,1670.25
279,2027,1690.72
280,2027,1734.64
281,2027,1726.08
282,2082,1756.32
283,2082,1715.76
284,2082,1697.62
285,2082,1676.92
286,2027,1669.84
287,2027,1694.62
288,2027,1716.76
289,2027,1677.23
290,2027,1685.89
291,1990,1721.62
292,1990,1709.64
293,2027,1733.28
294,2082,1734.92
295,2082,1750.38
296,2082,1738.22
297,2082,1723.63
298,2082,1702.46
299,1950,1660.84
Population size,100
Crossover rate,0.66
Mutation rate,0.34
Random selection portion,0.03
Selection method,AForge.Genetic.RouletteWheelSelection
Diversity check,True
Iteration,FitnessMax,FitnessAvg
0,1637,1018.03
1,1637,1053.12
2,1649,1114.82
3,1718,1202.94
4,1718,1226.86
5,1681,1245.52
6,1671,1256.08
7,1707,1287.88
8,1671,1298.15
9,1671,1281.34
10,1671,1306.72
11,1740,1318.56
12,1740,1333.88
13,1718,1388.98
14,1795,1425.93
15,1795,1430.65
16,1795,1429.83
17,1795,1426.72
18,1756,1466.5
19,1795,1485.7
20,1837,1491.97
21,1837,1508.18
22,1837,1514.05
23,1837,1472.7
24,1837,1464.5
25,1837,1472.2
26,1871,1487.69
27,1751,1420.36
28,1742,1429.81
29,1791,1427.92
30,1723,1432.24
31,1779,1426.12
32,1873,1420.2
33,1779,1408.76
34,1782,1455.79
35,1795,1456.75
36,1836,1462.44
37,1805,1448.94
38,1817,1462.16
39,1817,1464.54
40,1840,1529.56
41,1855,1526.81
42,1826,1520.21
43,1849,1531.55
44,1849,1559.29
45,1920,1576.14
46,1873,1594.83
47,1852,1558.66
48,1901,1545.33
49,1946,1509.39
50,1933,1552.85
51,1933,1574.62
52,2023,1614.18
53,2023,1584.43
54,2023,1572.04
55,1990,1601.06
56,1990,1585.64
57,1990,1637.14
58,1990,1646.09
59,1990,1615.2
60,2027,1618.64
61,2027,1633.51
62,2027,1650.12
63,2027,1658.36
64,2027,1643.32
65,2027,1661.56
66,2074,1683.89
67,2074,1703.72
68,2074,1727.86
69,2023,1728.71
70,2027,1716.85
71,2027,1715.7
72,2027,1728.51
73,2027,1694.96
74,2027,1716.51
75,2027,1723.63
76,2027,1707.84
77,2027,1711.22
78,2074,1700.33
79,2027,1706.27
80,2027,1694.7
81,2045,1632.46
82,2027,1671.29
83,2027,1675.11
84,2074,1669.07
85,2074,1697.41
86,2074,1705.18
87,2074,1701.95
88,1990,1686.89
89,2023,1748.62
90,2027,1727.45
91,2027,1714.82
92,2011,1746.64
93,2045,1719.75
94,2045,1723.34
95,2045,1708.89
96,2011,1693.3
97,2011,1724.91
98,2005,1700.51
99,2082,1691.51
100,2082,1716.27
101,2011,1676.23
102,2045,1692.45
103,2082,1681.84
104,2082,1705.69
105,2082,1701.29
106,2082,1718.12
107,2082,1709.61
108,2082,1715.83
109,2082,1738.11
110,2082,1732
111,2082,1759.8
112,2082,1731.09
113,2082,1738.26
114,2082,1728.49
115,2082,1728.06
116,2082,1742.12
117,2082,1717.56
118,2082,1719.96
119,2082,1669.06
120,2082,1692.48
121,2082,1719.09
122,2082,1750.25
123,2045,1739.81
124,2082,1752.57
125,2082,1762.96
126,2082,1745.73
127,2045,1782.72
128,2082,1763.37
129,2025,1728.63
130,2082,1743
131,2082,1713.26
132,2082,1736.61
133,2082,1757.63
134,2082,1767.62
135,2082,1773.02
136,2082,1799.88
137,2025,1787.07
138,2082,1785.61
139,2082,1792.86
140,2082,1776.44
141,2082,1795.4
142,2082,1791.21
143,2082,1780.23
144,2082,1744.13
145,2082,1782.66
146,2045,1792.4
147,2045,1774.16
148,2082,1770.51
149,2082,1752.99
150,2082,1714.23
151,2082,1670.87
152,2027,1674.82
153,2027,1668.38
154,2027,1650.09
155,2027,1668.02
156,2027,1664.36
157,2082,1687.37
158,2082,1677.87
159,2027,1657.02
160,2082,1673.2
161,2045,1695.42
162,2027,1693.38
163,2027,1655.16
164,2005,1636.91
165,2082,1680.19
166,2082,1707.95
167,2082,1724.65
168,2082,1727.51
169,2045,1705.8
170,2082,1707.01
171,2045,1680.05
172,2082,1682.76
173,2082,1693.78
174,2082,1762.14
175,2082,1725.8
176,2082,1784.39
177,2082,1744.74
178,2045,1758.49
179,2082,1746.37
180,2082,1766.81
181,2082,1727.2
182,2082,1705.85
183,2082,1701.86
184,2082,1654.07
185,2082,1699.11
186,2045,1708.28
187,2082,1718.32
188,2082,1724.54
189,2082,1721.36
190,2082,1722.87
191,2082,1739.23
192,2082,1740.34
193,2082,1774.9
194,2082,1744.55
195,2082,1733.14
196,2025,1695.27
197,2025,1694.07
198,2025,1714.63
199,2045,1717.13
200,2045,1711.71
201,2045,1724.89
202,2082,1750.53
203,2082,1768.67
204,2082,1779.74
205,2082,1800.61
206,2082,1808.17
207,2082,1784.92
208,2082,1761.48
209,2082,1765.97
210,2082,1746.82
211,2074,1777.53
212,2045,1783.46
213,2045,1784.71
214,2045,1799.44
215,2045,1726.63
216,2082,1755.83
217,2082,1792.11
218,2082,1799.3
219,2082,1795.68
220,2082,1780.36
221,2082,1818.3
222,2082,1783.05
223,2082,1779.74
224,2082,1754.6
225,2082,1803.01
226,2082,1767.09
227,2082,1746.56
228,2082,1746.03
229,2082,1734.74
230,2082,1742.63
231,2027,1742.43
232,2045,1758.05
233,2011,1747.24
234,2011,1737.95
235,2027,1783.4
236,2045,1797.85
237,2045,1798.5
238,2045,1778.1
239,2045,1777.97
240,2082,1786.78
241,2082,1775.57
242,2082,1776.94
243,2082,1798.52
244,2045,1777.57
245,2045,1770.65
246,2045,1760.37
247,2045,1793.33
248,2082,1755.97
249,2082,1790.18
250,2082,1782.09
251,2045,1801.72
252,2045,1814.31
253,2045,1808.37
254,2045,1806.99
255,2045,1790.33
256,2045,1803.74
257,2082,1774.26
258,2082,1766.68
259,2082,1778.02
260,2082,1770.1
261,2082,1723.7
262,2045,1700.18
263,2045,1692.82
264,2045,1695.16
265,2045,1733.88
266,2082,1734.73
267,2082,1729.4
268,2082,1745.95
269,2082,1707.09
270,2082,1736.01
271,2082,1717.48
272,2082,1723.43
273,2082,1734.52
274,2045,1733.59
275,2045,1684.27
276,2045,1700.23
277,2045,1751.78
278,2045,1740.93
279,2045,1701.74
280,2023,1695.31
281,2082,1691.21
282,2082,1708.15
283,2005,1679.31
284,2045,1685.03
285,2045,1677.13
286,2082,1676.89
287,2082,1652.96
288,2082,1664.24
289,2082,1655.92
290,2082,1669.48
291,2045,1678.94
292,2082,1646.64
293,2082,1670.96
294,2082,1674.24
295,2082,1689.09
296,2082,1705.91
297,2082,1704.64
298,2082,1697.03
299,2082,1681.07
Population size,100
Crossover rate,0.51
Mutation rate,0.79
Random selection portion,0.03
Selection method,AForge.Genetic.RankSelection
Diversity check,True
Iteration,FitnessMax,FitnessAvg
0,1637,944.46
1,1637,1118.09
2,1806,1271.97
3,1883,1383.69
4,1883,1446.01
5,1888,1465.11
6,1888,1476.46
7,1888,1572.91
8,1885,1551.2
9,1891,1567.56
10,1929,1685.32
11,1895,1626.09
12,1944,1702.33
13,1966,1733.96
14,1966,1720.46
15,1966,1726.45
16,1950,1767.19
17,2034,1749.32
18,2034,1814.33
19,2034,1805.56
20,2045,1809.66
21,2045,1803.14
22,2045,1885.28
23,2045,1881.82
24,2082,1838.84
25,2082,1838.35
26,2082,1868.03
27,2082,1927.45
28,2082,1869.86
29,2082,1916.98
30,2082,1931.48
31,2082,1925.33
32,2082,1959.75
33,2082,1914.3
34,2082,1926.5
35,2082,1894.77
36,2082,1898.27
37,2082,1876.58
38,2082,1933.32
39,2082,1943.56
40,2082,1965.14
41,2082,1988.88
42,2082,1966.69
43,2082,1973.77
44,2082,1981.83
45,2082,2009.07
46,2082,1988.86
47,2082,2025.22
48,1721,990.01
49,1742,1107.9
50,1975,1181.94
51,1975,1331.4
52,1975,1429.18
53,1975,1528.34
54,1975,1573.86
55,1899,1580.82
56,1995,1639.67
57,1995,1720.5
58,1995,1715.35
59,1975,1700.27
60,1975,1753.86
61,1975,1766.4
62,1975,1788.88
63,1977,1706.39
64,1983,1733.76
65,1983,1783.38
66,1983,1778.32
67,1983,1833.8
68,1995,1801.17
69,1995,1788.17
70,1995,1829.21
71,1995,1849.13
72,2038,1858.63
73,2038,1881.47
74,2038,1894.95
75,2038,1897
76,2038,1925.43
77,2038,1863.75
78,2038,1863.71
79,2038,1878.95
80,2038,1901.41
81,2038,1908.86
82,2038,1882.55
83,2038,1939.34
84,2038,1945.01
85,2038,1951.87
86,2074,1941.64
87,2074,1922.54
88,2045,1954.88
89,2045,1908.12
90,2045,1899.93
91,2045,1803.65
92,2045,1849.46
93,2045,1906.83
94,2045,1936.95
95,2045,1920.09
96,2045,1919.9
97,2045,1938.13
98,2082,1938.77
99,2045,1959.13
100,2045,1939.11
101,2082,1950.24
102,2082,1966.9
103,2082,1877.41
104,2082,1941.95
105,2082,1891.52
106,2082,1932.21
107,2082,1869.91
108,2082,1799.73
109,2082,1911.73
110,2082,1936.61
111,2082,1928.61
112,2082,1892.24
113,2082,1926.15
114,2082,1952.33
115,2082,1968.9
116,2038,1966.18
117,2038,1966.97
118,2038,1944.74
119,2038,1968.63
120,2038,1942.68
121,2038,1975.92
122,2038,1967.9
123,2038,1956.61
124,2038,1907.04
125,2038,1951.39
126,2038,1991.24
127,2038,1014.68
128,2038,1251
129,2038,1340.4
130,2038,1455.51
131,2038,1477.54
132,2038,1527.53
133,2038,1578.08
134,2038,1621.76
135,2038,1651.29
136,2045,1802.4
137,2082,1820.94
138,2082,1817.36
139,2074,1881.07
140,2074,1881.37
141,2074,1927.9
142,2074,1885.84
143,2074,1890.82
144,2074,1865.45
145,2074,1857.21
146,2074,1869.87
147,2074,1895
148,2074,1934.11
149,2082,1921.64
150,2082,1888.3
151,2082,1886.85
152,2082,1846.18
153,2082,1937.97
154,2082,1909.82
155,2082,1931.23
156,2082,1929.28
157,2074,1849.71
158,2082,1871.13
159,2082,1896.14
160,2074,1905.86
161,2082,1955.07
162,2082,1947.21
163,2082,1900.67
164,2082,1919.59
165,2082,1935.7
166,2082,1903.04
167,2082,1913.71
168,2082,1939.92
169,2082,1921.21
170,2082,1961.47
171,2082,1946.66
172,2082,1967.74
173,2082,1981.17
174,2082,1940.15
175,2082,1945.05
176,2082,1953.55
177,2082,1941.55
178,2082,1945.08
179,2082,1881.86
180,2082,1861.11
181,2082,1916.65
182,2082,1913.92
183,2082,1929.27
184,2082,1942.57
185,2082,1964.12
186,2082,1908.77
187,2082,1935.65
188,2082,1947.51
189,2082,1969.55
190,2082,1975.79
191,2082,1917.58
192,2082,1920.79
193,2082,1967.47
194,2082,1963.28
195,2082,1954.12
196,2082,2000.43
197,2082,2034.24
198,2082,1026.4
199,2082,1255.47
200,2082,1336.84
201,2045,1407.62
202,2045,1496.37
203,2045,1541.9
204,2082,1607.46
205,2082,1675.47
206,2082,1739.57
207,2082,1778.28
208,2082,1848.12
209,2082,1883.83
210,2082,1878.52
211,2082,1833.13
212,2082,1889
213,2082,1924.53
214,2082,1893.78
215,2082,1933.82
216,2082,1928.76
217,2082,1960.41
218,2082,1973.2
219,2082,1955.58
220,2082,1956.2
221,2082,1953.96
222,2082,1935.49
223,2082,1987.86
224,2082,2009.56
225,2082,1938.23
226,2082,1947.37
227,2082,1983.66
228,2082,1987.97
229,2082,1944.76
230,2082,1962.18
231,2082,1984.73
232,2082,1976.89
233,2082,1979.39
234,2082,1961.69
235,2082,1996.59
236,2082,1954.26
237,2082,1954.65
238,2082,2002.29
239,2082,2019.76
240,2082,1042.22
241,1948,1247.48
242,1867,1390.03
243,1867,1500.85
244,1840,1546.73
245,1957,1581.47
246,2001,1657.53
247,2005,1699.1
248,2082,1718.71
249,2082,1755.72
250,2082,1832.82
251,2082,1837.02
252,2082,1859.1
253,2082,1860.68
254,2082,1885.13
255,2082,1898.93
256,2082,1973.66
257,2082,1996.19
258,2082,1899.76
259,2082,1921.13
260,2082,1996.21
261,2082,2002.22
262,2082,1971.94
263,2082,1970.12
264,2082,1979.61
265,2082,1976.18
266,2082,1904.24
267,2082,1923.26
268,2082,1971.11
269,2082,1962.86
270,2082,1952.15
271,2082,1957.21
272,2082,1983.22
273,2082,1953.32
274,2082,1873.06
275,2082,1985.61
276,2082,2029.69
277,1701,951.96
278,1778,1129.29
279,1793,1220.8
280,1793,1373.99
281,1793,1365.81
282,1793,1472.03
283,1793,1493.19
284,1977,1565.23
285,1977,1608.73
286,1907,1600.52
287,1920,1588.98
288,1975,1669.05
289,1975,1687.92
290,2017,1692.41
291,2017,1659.57
292,2017,1672.34
293,2017,1735.44
294,2017,1800.14
295,2074,1847.2
296,2074,1846.99
297,2074,1868.38
298,2074,1881.41
299,2074,1862.7
Population size,100
Crossover rate,0.51
Mutation rate,0.79
Random selection portion,0.03
Selection method,AForge.Genetic.RankSelection
Diversity check,False
Iteration,FitnessMax,FitnessAvg
0,1549,953.38
1,1683,1139.67
2,1683,1242.79
3,1683,1330.69
4,1683,1374.52
5,1753,1406.12
6,1766,1453.92
7,1766,1506.58
8,1799,1523.04
9,1923,1590.53
10,1923,1605.84
11,1937,1608.32
12,1937,1645.16
13,1942,1626.6
14,1942,1656.75
15,1942,1682.98
16,1942,1725.44
17,1942,1762.82
18,1942,1716.28
19,1942,1693.5
20,2038,1764.89
21,2038,1817.13
22,2038,1771.24
23,2038,1853.6
24,1991,1845.01
25,2038,1839.54
26,2038,1797.45
27,2038,1809.84
28,2082,1863.44
29,2082,1875.82
30,2082,1884.4
31,2082,1868.18
32,2082,1850.15
33,2082,1851.1
34,2082,1844.17
35,2082,1845.5
36,2082,1872.36
37,2082,1877.93
38,2082,1902.71
39,2082,1871.76
40,2082,1922.46
41,2082,1897.01
42,2082,1876.88
43,2082,1911.1
44,2082,1920.67
45,2082,1898.64
46,2082,1935.82
47,2082,1899.03
48,2082,1941.83
49,2082,1960.55
50,2082,1961.51
51,2082,1950.33
52,2082,1974.19
53,2082,1977.92
54,2082,1963.33
55,2082,1947.9
56,2082,1984.16
57,2082,1987.69
58,2082,1955.87
59,2082,1886.03
60,2082,1951.47
61,2082,1956.61
62,2082,1995.65
63,2082,2008.54
64,2082,1950.37
65,2082,1971.57
66,2082,1973.29
67,2082,1978.81
68,2082,1918.3
69,2082,1928.35
70,2082,1979.63
71,2082,1953.3
72,2082,1938.89
73,2082,1962.06
74,2082,1982.45
75,2082,1963.46
76,2082,1941.3
77,2082,1937.7
78,2082,2006.95
79,2082,2006.5
80,2082,2001.56
81,2082,1938.47
82,2082,1951.07
83,2082,1973.59
84,2082,1987.33
85,2082,1928.5
86,2082,1978.1
87,2082,2007.47
88,2082,1988.87
89,2082,1904.18
90,2082,1950.23
91,2082,1986.35
92,2082,2022.61
93,2082,1981.07
94,2082,1981.14
95,2082,2011.76
96,2082,1945.1
97,2082,2005.74
98,2082,1990.39
99,2082,1998.82
100,2082,2002.45
101,2082,2043.06
102,2082,1999.4
103,2082,2001.07
104,2082,1958.11
105,2082,1971.6
106,2082,1939.11
107,2082,1987.23
108,2082,1983.23
109,2082,1944.71
110,2082,1981.72
111,2082,1999.17
112,2082,1975.93
113,2082,1973.38
114,2082,1960.91
115,2082,2011.94
116,2082,1944.54
117,2082,1956.66
118,2082,1968.89
119,2082,1951.38
120,2082,1953.1
121,2082,2005.46
122,2082,1974.55
123,2082,2003.29
124,2082,1963.51
125,2082,2004.72
126,2082,1988.33
127,2082,1956.57
128,2082,1975.9
129,2082,1984.09
130,2082,1981.23
131,2082,2021.04
132,2082,2018.74
133,2082,2005.39
134,2082,1972.39
135,2082,1946.14
136,2082,2006.7
137,2082,2007.75
138,2082,1992.18
139,2082,1994.6
140,2082,1973.6
141,2082,2000.35
142,2082,1981.32
143,2082,1938.42
144,2082,1965.47
145,2082,1948.01
146,2082,1987.17
147,2082,2007.41
148,2082,2026.51
149,2082,1951.76
150,2082,2029.37
151,2082,1985.8
152,2082,1943.86
153,2082,2002.96
154,2082,2022.75
155,2082,2000.49
156,2082,1994.63
157,2082,2009.55
158,2082,1986.86
159,2082,1951.2
160,2082,1972.97
161,2082,1971.84
162,2082,1979.86
163,2082,1980.49
164,2082,1996.98
165,2082,1980.64
166,2082,1945.66
167,2082,1984
168,2082,2004.14
169,2082,1961.21
170,2082,1956.53
171,2082,1974.63
172,2082,2004.77
173,2082,1996.93
174,2082,1996.66
175,2082,1915.77
176,2082,1956.79
177,2082,1960.44
178,2082,1932.9
179,2082,1955.37
180,2082,1998.01
181,2082,1964.41
182,2082,1977.09
183,2082,1926.46
184,2082,1993.93
185,2082,1948.96
186,2082,1963.6
187,2082,1972.17
188,2082,1978.96
189,2082,1969.33
190,2082,1950.61
191,2082,1990.94
192,2082,1975.35
193,2082,1987.55
194,2082,1977.9
195,2082,1953.31
196,2082,1926.5
197,2082,1933.65
198,2082,1983.04
199,2082,1988.69
200,2082,1979
201,2082,1963.4
202,2082,2033.62
203,2082,2013.56
204,2082,1982.42
205,2082,1991.96
206,2082,1982.16
207,2082,1949.53
208,2082,1946.86
209,2082,1984.2
210,2082,1970.66
211,2082,1992.52
212,2082,2007.43
213,2082,1932.49
214,2082,1999.35
215,2082,2019.03
216,2082,1973.54
217,2082,1986.72
218,2082,1967.65
219,2082,1987.74
220,2082,2000.57
221,2082,1973.79
222,2082,2003.29
223,2082,1985.42
224,2082,2004.43
225,2082,2023.13
226,2082,1972.97
227,2082,1988.51
228,2082,1966.37
229,2082,2000.37
230,2082,1989.18
231,2082,2010.52
232,2082,1968.58
233,2082,1977.13
234,2082,1979.51
235,2082,1952.6
236,2082,1970.39
237,2082,2005
238,2082,1916.22
239,2082,1943.54
240,2082,1958.01
241,2082,1980.67
242,2082,1907.26
243,2082,1963.79
244,2082,1993.41
245,2082,1972.92
246,2082,1967.1
247,2082,1988.49
248,2082,1987.07
249,2082,1965.11
250,2082,1902.72
251,2082,2002.1
252,2082,1963.85
253,2082,1996.47
254,2082,1960.85
255,2082,1946.92
256,2082,2013.63
257,2082,2003.94
258,2082,2012.45
259,2082,1994.58
260,2082,1894.75
261,2082,1910.24
262,2082,1943.5
263,2082,1940.26
264,2082,1919.97
265,2082,1938.87
266,2082,1984.1
267,2082,1954.75
268,2082,1930.95
269,2082,1998.17
270,2082,1929.77
271,2082,1978.37
272,2082,1995.56
273,2082,1947.4
274,2082,1971.65
275,2082,1982.16
276,2082,1980.51
277,2082,2000.12
278,2082,1962.52
279,2082,1972.52
280,2082,1934.84
281,2082,1939.11
282,2082,1941.1
283,2082,1989.69
284,2082,1995.5
285,2082,1946.22
286,2082,1964.29
287,2082,1958.13
288,2082,1984.78
289,2082,1991.74
290,2082,1955.63
291,2082,2002.8
292,2082,1982.96
293,2082,1985.37
294,2082,1951.28
295,2082,1979.39
296,2082,1983.81
297,2082,1988.25
298,2082,1935.95
299,2082,1951.37
Population size,100
Crossover rate,0.22
Mutation rate,0.87
Random selection portion,0.03
Selection method,AForge.Genetic.EliteSelection
Diversity check,False
Iteration,FitnessMax,FitnessAvg
0,1543,1146.05
1,1646,1282.43
2,1733,1353.1
3,1743,1449.21
4,1743,1501.76
5,1743,1539.83
6,1792,1579.46
7,1792,1610.27
8,1842,1649.4
9,1886,1685.47
10,1886,1703.86
11,1926,1731.31
12,1981,1739.07
13,1991,1783.15
14,2025,1798.72
15,2025,1817.21
16,2074,1817.19
17,2074,1830.5
18,2082,1887.67
19,2082,1890.03
20,2082,1889.02
21,2082,1922.18
22,2082,1935.37
23,2082,1957.53
24,2082,1938.65
25,2082,1948.77
26,2082,1976.29
27,2082,1979.13
28,2082,1980.53
29,2082,2007.11
30,2082,2003.84
31,2082,2015.91
32,2082,2011.49
33,2082,2009.33
34,2082,2004.19
35,2082,2008.52
36,2082,2038.4
37,2082,2026.87
38,2082,2040.52
39,2082,2032.28
40,2082,2030.21
41,2082,2027.03
42,2082,2040.6
43,2082,2024.15
44,2082,2029.03
45,2082,2042.31
46,2082,2030.49
47,2082,2031.79
48,2082,2032
49,2082,2056.91
50,2082,2041.19
51,2082,2042.73
52,2082,2052.38
53,2082,2040.36
54,2082,2044.94
55,2082,2033.53
56,2082,2030.77
57,2082,2056.24
58,2082,2037.43
59,2082,2041.04
60,2082,2044.71
61,2082,2027.54
62,2082,2048.95
63,2082,2032.32
64,2082,2029.71
65,2082,2053.57
66,2082,2039.33
67,2082,2058
68,2082,2049.1
69,2082,2029.85
70,2082,2042.8
71,2082,2027.17
72,2082,2039.73
73,2082,2049.59
74,2082,2042.08
75,2082,2044.56
76,2082,2037.72
77,2082,2051.95
78,2082,2042.17
79,2082,2019.54
80,2082,2052.36
81,2082,2027.18
82,2082,2028.88
83,2082,2036.58
84,2082,2044.23
85,2082,2040.1
86,2082,2039.37
87,2082,2056.88
88,2082,2040.86
89,2082,2054.17
90,2082,2062.03
91,2082,2045.22
92,2082,2052.5
93,2082,2038.63
94,2082,2054.02
95,2082,2047.37
96,2082,2033.73
97,2082,2059.53
98,2082,2040.3
99,2082,2026.81
100,2082,2037.9
101,2082,2038.89
102,2082,2057.91
103,2082,2019.54
104,2082,2051.09
105,2082,2044.77
106,2082,2040.71
107,2082,2040.47
108,2082,2052.52
109,2082,2039.95
110,2082,2043.73
111,2082,2052.11
112,2082,2043.66
113,2082,2026.87
114,2082,2028.44
115,2082,2050.68
116,2082,2036.3
117,2082,2029.03
118,2082,2039.69
119,2082,2019.54
120,2082,2059.47
121,2082,2037.2
122,2082,2043.53
123,2082,2036.36
124,2082,2052.16
125,2082,2050.32
126,2082,2029.65
127,2082,2054.88
128,2082,2045.61
129,2082,2045.48
130,2082,2040.88
131,2082,2030.14
132,2082,2028.71
133,2082,2028.39
134,2082,2056.16
135,2082,2045.64
136,2082,2049.06
137,2082,2019.54
138,2082,2031.43
139,2082,2057.6
140,2082,2049.83
141,2082,2039.38
142,2082,2052.38
143,2082,2040.01
144,2082,2037.76
145,2082,2040.09
146,2082,2033.28
147,2082,2041.55
148,2082,2037.09
149,2082,2053.79
150,2082,2030.8
151,2082,2031.49
152,2082,2030.5
153,2082,2040.06
154,2082,2052.63
155,2082,2043.3
156,2082,2050.46
157,2082,2049.36
158,2082,2041.63
159,2082,2038.55
160,2082,2039.12
161,2082,2032.34
162,2082,2033.92
163,2082,2054.46
164,2082,2042.54
165,2082,2030.93
166,2082,2038.15
167,2082,2051.48
168,2082,2042.06
169,2082,2053.32
170,2082,2042.27
171,2082,2038.68
172,2082,2028.53
173,2082,2040.65
174,2082,2031.11
175,2082,2050.44
176,2082,2029.78
177,2082,2040
178,2082,2041.79
179,2082,2030.25
180,2082,2045.72
181,2082,2049.37
182,2082,2048.13
183,2082,2040.55
184,2082,2027.9
185,2082,2042.21
186,2082,2043.57
187,2082,2026.43
188,2082,2027.85
189,2082,2041.39
190,2082,2044.99
191,2082,2035.21
192,2082,2040.99
193,2082,2056.15
194,2082,2048.34
195,2082,2051.48
196,2082,2031.41
197,2082,2046.07
198,2082,2046.76
199,2082,2053.73
200,2082,2041.51
201,2082,2019.54
202,2082,2051.53
203,2082,2039.1
204,2082,2042.15
205,2082,2053.13
206,2082,2031.16
207,2082,2048.13
208,2082,2034.69
209,2082,2052.74
210,2082,2060.93
211,2082,2031.58
212,2082,2033.81
213,2082,2056.75
214,2082,2050.26
215,2082,2019.54
216,2082,2035.5
217,2082,2038.13
218,2082,2042.67
219,2082,2029.89
220,2082,2052.56
221,2082,2019.54
222,2082,2056.23
223,2082,2042.06
224,2082,2027.44
225,2082,2046.2
226,2082,2058.73
227,2082,2032.58
228,2082,2044.67
229,2082,2043.5
230,2082,2037.42
231,2082,2039.34
232,2082,2043.45
233,2082,2041.88
234,2082,2028.23
235,2082,2043.85
236,2082,2038.24
237,2082,2045.16
238,2082,2046.42
239,2082,2054.05
240,2082,2042.04
241,2082,2043.51
242,2082,2019.54
243,2082,2045.18
244,2082,2043.78
245,2082,2041.15
246,2082,2045.21
247,2082,2047.17
248,2082,2030.73
249,2082,2030
250,2082,2028.74
251,2082,2049.1
252,2082,2057.26
253,2082,2044.23
254,2082,2041.01
255,2082,2044.3
256,2082,2043.47
257,2082,2043.21
258,2082,2045.67
259,2082,2019.54
260,2082,2034.68
261,2082,2041.19
262,2082,2043.04
263,2082,2037.42
264,2082,2041.75
265,2082,2045.83
266,2082,2036.84
267,2082,2059.25
268,2082,2042.58
269,2082,2047.72
270,2082,2035.21
271,2082,2051.78
272,2082,2028.26
273,2082,2047.16
274,2082,2034.07
275,2082,2037.27
276,2082,2053.33
277,2082,2061.07
278,2082,2042.42
279,2082,2041.11
280,2082,2051.55
281,2082,2059.85
282,2082,2031.27
283,2082,2035.39
284,2082,2046.72
285,2082,2028.23
286,2082,2045.03
287,2082,2043.26
288,2082,2033.35
289,2082,2052.27
290,2082,2038.89
291,2082,2046.33
292,2082,2043.69
293,2082,2043.32
294,2082,2019.54
295,2082,2040.77
296,2082,2044.95
297,2082,2027.16
298,2082,2043.86
299,2082,2029.99
Population size,100
Crossover rate,0.22
Mutation rate,0.87
Random selection portion,0.03
Selection method,AForge.Genetic.EliteSelection
Diversity check,True
Iteration,FitnessMax,FitnessAvg
0,1629,1164.91
1,1757,1277.89
2,1855,1400.59
3,1855,1489.85
4,1934,1562.86
5,1934,1625.82
6,1934,1667.93
7,1934,1711.72
8,1934,1744.39
9,2035,1786.47
10,2035,1821.49
11,2035,1834.31
12,2035,1871.59
13,2035,1885.49
14,2035,1895.7
15,2035,1898.07
16,2035,1898.03
17,2074,1928.38
18,2074,1936.46
19,2074,1936.13
20,2074,1957.51
21,2074,1982.72
22,2074,1986.02
23,2074,1974.7
24,2074,1987.27
25,2074,1992.12
26,2074,2008.31
27,2074,2022.4
28,2074,1191.95
29,2074,1315.05
30,2074,1406.21
31,2074,1501.12
32,2074,1587.78
33,2074,1644.11
34,2074,1684.58
35,2074,1757.05
36,2074,1814.29
37,2074,1844.16
38,2074,1886.56
39,2074,1916.36
40,2074,1938.46
41,2074,1932.31
42,2074,1957.55
43,2074,1984.21
44,2074,1992.09
45,2074,1988.67
46,2074,1982.88
47,2074,2029.62
48,2074,1170.98
49,2074,1307.99
50,2074,1410.11
51,2074,1533.21
52,2074,1637.03
53,2074,1708.09
54,2074,1770.05
55,2074,1857.62
56,2074,1886.89
57,2074,1934.03
58,2074,1931.74
59,2074,1958.54
60,2074,1982.84
61,2082,1978.48
62,2082,1993.06
63,2082,2002.66
64,2082,2011.92
65,2082,1995.4
66,2082,2027.78
67,2082,1216.24
68,2082,1356.13
69,2082,1443.04
70,2082,1533.51
71,2082,1585.77
72,2082,1644.03
73,2082,1701.7
74,2082,1775.48
75,2082,1805.48
76,2082,1866.17
77,2082,1915.28
78,2082,1939.53
79,2082,1979.12
80,2082,1975.78
81,2082,1986.85
82,2082,2009.54
83,2082,2014.91
84,2082,2008.86
85,2082,2023.89
86,2082,1232.74
87,2082,1352.87
88,2082,1468.31
89,2082,1534.25
90,2082,1615.98
91,2082,1678.46
92,2082,1765.72
93,2082,1829.45
94,2082,1857.45
95,2082,1866
96,2082,1924.67
97,2082,1925.87
98,2082,1945.49
99,2082,1956.16
100,2082,1988.21
101,2082,1993.56
102,2082,2002.06
103,2082,2043.16
104,2082,1180.75
105,2082,1337.37
106,2082,1423.34
107,2082,1509.05
108,2082,1582.1
109,2082,1643.62
110,2082,1694.34
111,2082,1744.17
112,2082,1788.61
113,2082,1827.04
114,2082,1871.93
115,2082,1911.28
116,2082,1940.45
117,2082,1960.91
118,2082,1987.76
119,2082,2013.7
120,2082,2009.77
121,2082,2002.36
122,2082,2009.72
123,2082,2023.68
124,2082,1212.03
125,2082,1372.12
126,2082,1457.83
127,2082,1553.39
128,2082,1622.22
129,2082,1695.94
130,2082,1745.07
131,2082,1796.65
132,2082,1867.56
133,2082,1918.13
134,2082,1908.57
135,2082,1925.57
136,2082,1960.37
137,2082,1989.78
138,2082,1998.96
139,2082,2006.73
140,2082,2002.89
141,2082,2026.31
142,2082,1177.08
143,2082,1282.67
144,2082,1394.02
145,2082,1472.78
146,2082,1560.09
147,2082,1644.24
148,2082,1722.06
149,2082,1814.89
150,2082,1842.24
151,2082,1902.53
152,2082,1927.27
153,2082,1957.08
154,2082,1982.99
155,2082,2006.56
156,2082,1998.83
157,2082,2005.53
158,2082,2007.22
159,2082,2050.77
160,2082,1169.34
161,2082,1316.23
162,2082,1422.22
163,2082,1500.83
164,2082,1594.38
165,2082,1650.21
166,2082,1713.78
167,2082,1766.44
168,2082,1788.45
169,2082,1836.38
170,2082,1881.76
171,2082,1907.68
172,2082,1945.65
173,2082,1953.5
174,2082,1974.87
175,2082,1985
176,2082,1997.48
177,2082,2018.81
178,2082,2014.2
179,2082,2049.17
180,2082,1175.9
181,2082,1342.25
182,2082,1432.38
183,2082,1502.24
184,2082,1601.56
185,2082,1661.53
186,2082,1731.01
187,2082,1781.49
188,2082,1836.25
189,2082,1881.45
190,2082,1885.28
191,2082,1910.38
192,2082,1947.15
193,2082,1957.66
194,2082,1985.72
195,2082,1999.43
196,2082,2016.22
197,2082,2037.47
198,2082,1174.38
199,2082,1358.84
200,2082,1486.1
201,2082,1556.24
202,2082,1633.49
203,2082,1706.34
204,2082,1772.48
205,2082,1819.1
206,2082,1853.31
207,2082,1869.07
208,2082,1926.5
209,2082,1922.95
210,2082,1945.89
211,2082,1979.99
212,2082,1991.55
213,2082,1985.87
214,2082,2000.93
215,2082,2030.37
216,2082,1167.08
217,2082,1274.26
218,2082,1363.59
219,2082,1475.01
220,2082,1515.17
221,2082,1572.41
222,2082,1636.3
223,2082,1695.25
224,2082,1754.97
225,2082,1801.95
226,2082,1859.74
227,2082,1906.1
228,2082,1918.82
229,2082,1940.96
230,2082,1971.22
231,2082,1991.53
232,2082,2008.9
233,2082,1997.33
234,2082,2027.26
235,2082,1195.26
236,2082,1346.29
237,2082,1461.4
238,2082,1562.96
239,2082,1654.67
240,2082,1727.53
241,2082,1776.78
242,2082,1829.48
243,2082,1869.61
244,2082,1908.92
245,2082,1933.36
246,2082,1952.26
247,2082,1982.24
248,2082,1979.76
249,2082,1982.52
250,2082,2000.99
251,2082,2023.45
252,2082,1265.98
253,2082,1357.6
254,2082,1460.18
255,2082,1538.69
256,2082,1594.92
257,2082,1672.46
258,2082,1703.38
259,2082,1757.45
260,2082,1806.08
261,2082,1844.39
262,2082,1894.12
263,2082,1929.27
264,2082,1940.32
265,2082,1960.39
266,2082,1978.25
267,2082,2021.05
268,2082,1164.89
269,2082,1303.01
270,2082,1413.71
271,2082,1517.25
272,2082,1604.83
273,2082,1681.42
274,2082,1724.55
275,2082,1776.54
276,2082,1817.44
277,2082,1852.11
278,2082,1896.85
279,2082,1918.64
280,2082,1922.91
281,2082,1944.71
282,2082,1971.71
283,2082,1979.1
284,2082,1989.3
285,2082,2003.48
286,2082,2018.98
287,2082,2029.26
288,2082,1170.85
289,2082,1318.36
290,2082,1399.65
291,2082,1470.26
292,2082,1552.15
293,2082,1600.22
294,2082,1658.13
295,2082,1727.04
296,2082,1772.18
297,2082,1826.7
298,2082,1864.02
299,2082,1900.06
Population size,100
Crossover rate,0.22
Mutation rate,0.87
Random selection portion,0.03
Selection method,AForge.Genetic.EliteSelection
Diversity check,True
Iteration,FitnessMax,FitnessAvg
0,1592,1188.96
1,1629,1295.45
2,1652,1403.39
3,1690,1463.41
4,1747,1552.22
5,1824,1579.33
6,1841,1648.31
7,1918,1681.59
8,1918,1724.8
9,1940,1756.95
10,1940,1789.69
11,1987,1810.36
12,1987,1834.76
13,1987,1827.73
14,1987,1845.66
15,1987,1882.67
16,1987,1879.16
17,1987,1903.64
18,1991,1910.01
19,1991,1909.14
20,2082,1925.41
21,2082,1919.59
22,2082,1942.6
23,2082,1931.21
24,2082,1925.92
25,2082,1945.62
26,2082,1968.89
27,2082,1948.46
28,2082,1958.94
29,2082,1951.1
30,2082,1970.35
31,2082,1964.15
32,2082,1956.16
33,2082,1976.97
34,2082,1982.64
35,2082,1990.63
36,2082,1997.22
37,2082,1988.69
38,2082,1987.98
39,2082,1999
40,2082,2034.57
41,2082,1174.58
42,2082,1331.71
43,2082,1402.41
44,2082,1481.77
45,2082,1570.08
46,2082,1648.3
47,2082,1689.47
48,2082,1772.96
49,2082,1818.61
Population size,100
Crossover rate,0.22
Mutation rate,0.87
Random selection portion,0.03
Selection method,AForge.Genetic.EliteSelection
Diversity check,True
Iteration,FitnessMax,FitnessAvg
0,1692,1181.55
1,1692,1272.69
2,1697,1420.55
3,1721,1496.09
4,1808,1568.03
5,1870,1619.12
6,1870,1665.36
7,1870,1683.29
8,1870,1725.76
9,1894,1736.26
10,1954,1776.78
11,1954,1790.35
12,1977,1807.13
13,2082,1833.02
14,2082,1868.68
15,2082,1859.53
16,2082,1878.64
17,2082,1901.84
18,2082,1891.49
19,2082,1920.25
20,2082,1927.43
21,2082,1931.46
22,2082,1958.44
23,2082,1964.45
24,2082,1964.8
25,2082,1960.43
26,2082,1989.55
27,2082,1966.66
28,2082,1993.14
29,2082,2001.58
