Population size,100
Crossover rate,0.66
Mutation rate,0.34
Random selection portion,0.03
Selection method,AForge.Genetic.RouletteWheelSelection
Diversity check,False
Iteration,FitnessMax,FitnessAvg
0,1058,791.09
1,1142,804.54
2,1142,833.67
3,1230,889.91
4,1230,885.82
5,1230,887.22
6,1230,900
7,1230,900.68
8,1230,912.74
9,1230,931.03
10,1184,933.34
11,1260,958.25
12,1210,947.07
13,1210,929.28
14,1260,968.73
15,1260,999.39
16,1260,1024.88
17,1260,1014.19
18,1260,1021.75
19,1260,1049.03
20,1260,1036.16
21,1260,1053.95
22,1260,1040.35
23,1230,1061.28
24,1230,1051.15
25,1230,1015.88
26,1230,1031.48
27,1230,998
28,1230,1001.27
29,1230,1003.41
30,1230,1000.86
31,1230,1005.44
32,1260,999.29
33,1260,996.91
34,1260,999.51
35,1260,1021.59
36,1260,987.85
37,1260,966.56
38,1260,998.82
39,1260,983.61
40,1260,1009.5
41,1260,1022.07
42,1260,1016.33
43,1260,1019.9
44,1260,1013.23
45,1260,1005.03
46,1260,1028.6
47,1260,1016.51
48,1260,1037.29
49,1222,1063.47
50,1222,1047.85
51,1222,1039.65
52,1222,1054.28
53,1222,1079.25
54,1233,1074.48
55,1222,1083.58
56,1222,1044.03
57,1222,1058.43
58,1230,1079.86
59,1230,1080.66
60,1260,1064.33
61,1260,1082.66
62,1260,1068.91
63,1260,1055.02
64,1260,1033.44
65,1260,1024.97
66,1260,1007.32
67,1260,1003.86
68,1260,1023.32
69,1233,998
70,1233,988.51
71,1233,975.2
72,1233,953.08
73,1222,962.03
74,1222,992.8
75,1230,1008.83
76,1230,1011.1
77,1230,1030.49
78,1222,1001.59
79,1233,993.51
80,1230,1002.65
81,1222,1006.54
82,1222,1000.48
83,1222,1023.19
84,1230,1032.61
85,1222,1045.82
86,1222,1076.42
87,1222,1071.13
88,1222,1077.79
89,1222,1102.15
90,1222,1078.16
91,1222,1070.03
92,1222,1074.16
93,1222,1033.21
94,1222,1013.37
95,1222,1031.28
96,1233,1023.09
97,1233,1047.17
98,1233,1062.06
99,1222,1062.52
100,1230,1054.5
101,1230,1025.98
102,1230,1024.51
103,1230,1049.38
104,1230,1037.99
105,1230,1046.97
106,1230,1055.44
107,1230,1040.72
108,1230,1043.78
109,1230,1033.06
110,1230,1041.52
111,1230,1055.32
112,1230,1064.76
113,1230,1091.28
114,1230,1063.41
115,1230,1033.03
116,1230,1028.79
117,1230,1008.69
118,1230,992.75
119,1230,999.56
120,1230,986.08
121,1230,959.39
122,1230,969.13
123,1230,960.55
124,1222,997.42
125,1222,996.88
126,1222,1015.77
127,1222,1019.65
128,1222,1050.78
129,1222,1029.05
130,1222,1039.74
131,1222,1043.84
132,1222,1038.08
133,1222,1017.05
134,1222,1039.56
135,1222,1043.47
136,1222,1018.9
137,1222,1028.35
138,1222,1044.41
139,1222,1075.44
140,1222,1048.61
141,1222,1044.5
142,1222,1014.68
143,1230,1020.47
144,1222,1028.78
145,1222,1061.15
146,1222,1064.24
147,1222,1068.34
148,1222,1052.85
149,1260,1063.78
150,1230,1029.06
151,1230,1039.12
152,1230,1028.88
153,1230,1039.73
154,1222,1048.93
155,1230,1042.25
156,1260,1019.22
157,1260,1058.52
158,1260,1071.65
159,1260,1056.31
160,1260,1047.3
161,1260,1076.66
162,1260,1024.44
163,1260,1045.38
164,1260,1075.23
165,1260,1061.15
166,1260,1084.79
167,1260,1066.49
168,1260,1106.24
169,1260,1101.95
170,1260,1075.59
171,1260,1084.94
172,1260,1055.14
173,1260,1062.58
174,1260,1068.89
175,1260,1074.93
176,1260,1094.81
177,1260,1089.3
178,1260,1081.75
179,1260,1050.72
180,1260,1076.27
181,1260,1051.06
182,1260,1062.13
183,1260,1069.55
184,1260,1064.76
185,1260,1081.73
186,1260,1038.36
187,1260,1054.11
188,1260,1045.49
189,1260,1052.95
190,1260,1065.94
191,1260,1072.47
192,1260,1065.2
193,1260,1063.67
194,1260,1078.68
195,1260,1058.71
196,1260,1071.29
197,1260,1033.21
198,1260,1060.3
199,1260,1059.96
200,1260,1082.63
201,1260,1094.13
202,1260,1063.29
203,1260,1034.67
204,1260,1083.48
205,1260,1111.68
206,1260,1078.65
207,1260,1074.93
208,1260,1056.1
209,1260,1055.53
210,1260,1059.18
211,1260,1049.63
212,1260,1022.23
213,1260,1056.72
214,1260,1071.59
215,1260,1107.07
216,1260,1116.81
217,1260,1118.91
218,1260,1146.75
219,1260,1128.71
220,1260,1119.6
221,1260,1121.29
222,1260,1119.45
223,1260,1090.01
224,1260,1082.05
225,1260,1102.66
226,1260,1112.3
227,1260,1110.22
228,1260,1096.76
229,1260,1127.14
230,1260,1114.78
231,1260,1139.33
232,1260,1151.38
233,1260,1122.81
234,1260,1115.43
235,1260,1125.26
236,1260,1155.7
237,1260,1118.73
238,1260,1119.08
239,1260,1134.54
240,1260,1111.88
241,1260,1109.93
242,1260,1110.79
243,1260,1126.43
244,1260,1116.21
245,1260,1123.7
246,1260,1116.58
247,1260,1109.08
248,1260,1108.23
249,1260,1097.59
250,1260,1136.69
251,1260,1140.48
252,1260,1155.57
253,1260,1151.4
254,1260,1157.7
255,1260,1141.38
256,1260,1152.09
257,1260,1147.34
258,1260,1160.86
259,1260,1132.56
260,1260,1145.4
261,1260,1142.04
262,1260,1132.33
263,1260,1119.9
264,1260,1096.2
265,1260,1108.44
266,1260,1093.67
267,1260,1097.46
268,1260,1082.56
269,1260,1077.74
270,1260,1097.21
271,1260,1104.8
272,1260,1072.77
273,1260,1083.36
274,1260,1064.43
275,1260,1051.91
276,1260,1014.46
277,1260,1045.02
278,1260,1042.6
279,1260,1050.34
280,1260,1061.06
281,1260,1049.62
282,1260,1047.96
283,1260,1050.11
284,1260,1022.54
285,1260,1008.28
286,1260,980.25
287,1260,976.95
288,1260,989.91
289,1260,947.19
290,1260,1003.43
291,1260,996.66
292,1260,967.51
293,1260,1029.28
294,1260,1012.01
295,1260,1023.69
296,1260,1011.35
297,1260,1001.9
298,1260,1017.23
299,1260,1022.46
Population size,100
Crossover rate,0.66
Mutation rate,0.34
Random selection portion,0.03
Selection method,AForge.Genetic.RouletteWheelSelection
Diversity check,True
Iteration,FitnessMax,FitnessAvg
0,1191,750.91
1,1191,798.14
2,1191,802.35
3,1191,830.9
4,1191,833.8
5,1191,842.94
6,1192,878.74
7,1192,870.8
8,1202,901.36
9,1202,883.4
10,1202,906.48
11,1222,949.39
12,1233,959.87
13,1202,962.88
14,1230,928.71
15,1233,927.76
16,1260,932.98
17,1260,923.99
18,1260,930.47
19,1260,945.79
20,1260,971.97
21,1260,964.16
22,1260,993
23,1260,1025.58
24,1260,1022.93
25,1260,1063.04
26,1260,1046.49
27,1260,1065.79
28,1260,1048.02
29,1260,1097.48
30,1260,1081.05
31,1260,1076.74
32,1260,1062.91
33,1260,1094.1
34,1260,1090.11
35,1260,1042.37
36,1260,1039.67
37,1260,1030.35
38,1260,1051.03
39,1260,1037.69
40,1260,1045.89
41,1260,1050.61
42,1260,1054.68
43,1260,1053.36
44,1260,1046.14
45,1260,1064.57
46,1260,1057.44
47,1260,1068.99
48,1260,1073.79
49,1260,1074.89
50,1260,1076.58
51,1260,1080.42
52,1260,1080.82
53,1260,1044.41
54,1260,1052.61
55,1260,1051.82
56,1260,1048.89
57,1260,1074.8
58,1260,1080.48
59,1260,1039.59
60,1260,1015.46
61,1260,1031.08
62,1260,1065.98
63,1260,1056.25
64,1260,1047.71
65,1260,1032.12
66,1260,1036.07
67,1260,1034.92
68,1260,1062.18
69,1260,1029.81
70,1260,1021.2
71,1260,1000.54
72,1260,999.21
73,1260,1029.35
74,1260,1017.35
75,1260,1049.51
76,1260,1028.63
77,1260,1054.82
78,1260,1037.45
79,1260,1066.9
80,1260,1070.72
81,1260,1069.05
82,1260,1073.61
83,1260,1072.9
84,1260,1076.45
85,1260,1070.44
86,1260,1058.88
87,1260,1076.09
88,1260,1039.99
89,1260,1017.39
90,1260,1013.38
91,1260,997.16
92,1260,1015.03
93,1260,1038.54
94,1260,1051.41
95,1260,1056.01
96,1260,1064.41
97,1260,1089.18
98,1260,1058.85
99,1260,1068.76
100,1260,1054.95
101,1260,1082.98
102,1260,1063.16
103,1260,1046.42
104,1260,1023.12
105,1260,1029.27
106,1260,1015.65
107,1260,1037.6
108,1260,1061.94
109,1260,1066.37
110,1260,1036.46
111,1260,1043.06
112,1260,1093.49
113,1260,1085.04
114,1260,1067.55
115,1260,1065.42
116,1260,1104.2
117,1260,1107.55
118,1260,1092.03
119,1260,1117.41
120,1260,1096.93
121,1260,1104.46
122,1260,1141.94
123,1260,1110.09
124,1260,1080.59
125,1260,1095.45
126,1260,1090.82
127,1260,1078.56
128,1260,1072.46
129,1260,1062.32
130,1260,1075.93
131,1260,1055.21
132,1260,1060.52
133,1260,1068.36
134,1260,1046.29
135,1260,1090.24
136,1260,1079.84
137,1260,1103.44
138,1260,1112.77
139,1260,1121.02
140,1260,1101.77
141,1260,1113.6
142,1260,1097.94
143,1260,1088.11
144,1260,1070.01
145,1260,1093.3
146,1260,1095.74
147,1260,1083.48
148,1260,1092.85
149,1260,1062.43
150,1260,1069.55
151,1260,1087.58
152,1260,1101.1
153,1260,1076.85
154,1260,1076.77
155,1260,1059.62
156,1260,1063.24
157,1260,1070
158,1260,1091.14
159,1260,1108.09
160,1260,1088.64
161,1260,1080.87
162,1260,1093.18
163,1260,1085.74
164,1260,1065.43
165,1260,1096.19
166,1260,1086.77
167,1260,1107
168,1260,1093.27
169,1260,1070.28
170,1260,1067.93
171,1260,1074.74
172,1260,1042.32
173,1260,1043.95
174,1260,1023.39
175,1260,1051.99
176,1260,1071.11
177,1260,1070.53
178,1260,1059.13
179,1260,1054.57
180,1260,1054.49
181,1260,1102.59
182,1260,1114.28
183,1260,1094.16
184,1260,1114.96
185,1260,1081.15
186,1260,1082.9
187,1260,1039.86
188,1260,1063.25
189,1260,1065.78
190,1260,1033.62
191,1260,1036.94
192,1260,1042.53
193,1260,1030.77
194,1260,1025.19
195,1260,1036.39
196,1260,1048.06
197,1260,1049.23
198,1260,1013.68
199,1260,998.42
200,1260,1015.76
201,1260,985.64
202,1260,1017.1
203,1260,1030.64
204,1260,1047.16
205,1260,1066.88
206,1260,1045.06
207,1260,1068.01
208,1260,1056.38
209,1260,1060.63
210,1260,1031.7
211,1260,1086.01
212,1260,1105.89
213,1260,1116.84
214,1260,1103.19
215,1260,1102.31
216,1260,1102.61
217,1260,1117.12
218,1260,1070.77
219,1260,1105.99
220,1260,1113.32
221,1260,1092.25
222,1260,1074.98
223,1260,1079.91
224,1260,1081.86
225,1260,1062.94
226,1260,1009.03
227,1260,998.63
228,1260,1061.77
229,1260,1041.06
230,1260,1053.6
231,1260,1057.89
232,1260,1063.49
233,1260,1080.53
234,1260,1075.3
235,1260,1062.63
236,1260,1101.81
237,1260,1096.62
238,1260,1116.14
239,1260,1089.57
240,1260,1090.87
241,1260,1114.26
242,1260,1085.84
243,1260,1088.29
244,1260,1086.94
245,1260,1083.52
246,1260,1078.08
247,1260,1086.99
248,1260,1091.78
249,1260,1092.14
250,1260,1107.76
251,1260,1080.07
252,1260,1062.16
253,1260,1066.04
254,1260,1020.6
255,1260,1059.67
256,1260,1089.61
257,1260,1089.7
258,1260,1077.65
259,1260,1086.28
260,1260,1066.51
261,1260,1097.17
262,1260,1086.71
263,1260,1064.48
264,1260,1078.61
265,1260,1041.99
266,1260,1101.35
267,1260,1087.31
268,1260,1057.84
269,1260,1072.72
270,1260,1054.07
271,1260,1058.59
272,1260,1051.86
273,1260,1093.56
274,1260,1088.15
275,1260,1043.68
276,1260,1069.87
277,1260,1047.29
278,1260,1035.93
279,1260,1061.25
280,1260,1078.75
281,1260,1052.46
282,1260,1031
283,1260,1083.74
284,1260,1079.62
285,1260,1080.78
286,1260,1060.59
287,1260,1088.58
288,1260,1048.46
289,1260,1046.06
290,1260,1049.12
291,1260,1046.64
292,1260,1058.68
293,1260,1069.91
294,1260,1072.57
295,1260,1081.92
296,1260,1111.04
297,1260,1092.06
298,1260,1092.85
299,1260,1110.7
Population size,100
Crossover rate,0.51
Mutation rate,0.79
Random selection portion,0.03
Selection method,AForge.Genetic.RankSelection
Diversity check,True
Iteration,FitnessMax,FitnessAvg
0,1180,687.92
1,1230,825.2
2,1230,912.52
3,1183,953.56
4,1260,982.58
5,1222,958.64
6,1260,989.06
7,1230,958.48
8,1230,946.28
9,1260,1005.21
10,1260,1028.28
11,1260,1062.51
12,1260,1082.45
13,1260,1056.21
14,1260,1048.96
15,1260,1062.98
16,1260,1033.98
17,1260,1042.42
18,1260,1086.2
19,1233,1085.25
20,1230,1093.93
21,1230,1088.82
22,1222,1113.87
23,1222,1096.26
24,1233,1103.2
25,1233,1110.69
26,1233,1123.22
27,1260,1141.22
28,1260,1162.17
29,1260,1131.35
30,1233,1141.81
31,1233,1131.39
32,1233,1135.84
33,1233,1074.1
34,1233,1109.78
35,1233,1093.38
36,1233,1096.38
37,1233,1094.39
38,1233,1105.51
39,1233,1096.03
40,1233,1091.5
41,1233,1128.49
42,1233,1106.29
43,1233,1119.25
44,1233,1088.99
45,1233,1127.79
46,1233,1124.23
47,1233,1119.01
48,1233,1111.42
49,1233,1127.27
50,1233,1132.54
51,1260,1166.21
52,1260,1146.24
53,1260,1160.23
54,1260,1157.31
55,1260,1160.44
56,1260,1169.2
57,1260,1142.11
58,1260,1133.95
59,1260,1094.05
60,1260,1137.58
61,1260,1114.63
62,1260,1143.96
63,1260,1127.4
64,1260,1165.7
65,1260,1157.22
66,1260,1128.03
67,1260,1146.12
68,1260,1145.63
69,1260,1149.41
70,1260,1171.03
71,1260,1165.65
72,1260,1143.4
73,1260,1162.38
74,1260,1133.51
75,1260,1137.9
76,1260,1088.96
77,1260,1158.15
78,1260,1156.68
79,1260,1178.92
80,1260,1193.24
81,1260,1189.64
82,1260,1138.22
83,1260,1185.3
84,1260,1184.69
85,1260,1191.49
86,1260,1177.41
87,1260,1196.39
88,1260,1153.68
89,1260,1168.33
90,1260,1175.49
91,1260,1180.41
92,1260,1165.64
93,1260,1119.75
94,1260,1152.4
95,1260,1115.9
96,1260,1157.24
97,1260,1126.69
98,1260,1122.43
99,1260,1159.21
100,1260,1160.51
101,1260,1173.07
102,1260,1170.1
103,1260,1154.89
104,1260,1154.45
105,1260,1167.71
106,1260,1101.38
107,1260,1156.53
108,1260,1153.15
109,1260,1173.69
110,1260,1200.25
111,1260,1206.5
112,1260,1210.95
113,1260,1180.2
114,1260,1176
115,1260,1172.62
116,1260,1196.69
117,1260,1182.54
118,1260,1172.05
119,1260,1148.44
120,1260,1179.75
121,1260,1179.72
122,1260,1191.52
123,1260,1183.2
124,1260,1185.76
125,1260,1176.03
126,1260,1180.6
127,1260,1178.86
128,1260,1169.33
129,1260,1188.73
130,1260,1158.07
131,1260,1151.91
132,1260,1122.99
133,1260,1154.88
134,1260,1145.89
135,1260,1157.14
136,1260,1124.77
137,1260,1162.14
138,1260,1181.23
139,1260,1186.82
140,1260,1154.5
141,1260,1192.95
142,1260,1193.74
143,1260,1173.85
144,1260,1166.76
145,1260,1132.25
146,1260,1161.21
147,1260,1154.74
148,1260,1173.55
149,1260,1172.62
150,1260,1162.52
151,1260,1154.76
152,1260,1154.37
153,1260,1153.29
154,1260,1171.11
155,1260,1174.68
156,1260,1175.83
157,1260,1162.42
158,1260,1165.72
159,1260,1175.4
160,1260,1170.11
161,1260,1188.72
162,1260,1192.48
163,1260,1202.6
164,1260,1196.11
165,1260,1188.24
166,1260,1170.22
167,1260,1146.17
168,1260,1163.47
169,1260,1182.14
170,1260,1165.98
171,1260,1135.67
172,1260,1142.6
173,1260,1182.96
174,1260,1163.9
175,1260,1182.94
176,1260,1195.41
177,1260,1197.79
178,1260,1149.34
179,1260,1159.22
180,1260,1145.15
181,1260,1154.56
182,1260,1158.19
183,1260,1134.38
184,1260,1160.57
185,1260,1191.59
186,1260,1157.79
187,1260,1181.6
188,1260,1170.5
189,1260,1103.13
190,1260,1127.82
191,1260,1184.69
192,1260,1208.53
193,1260,1174.31
194,1260,1190.43
195,1260,1180.64
196,1260,1142.16
197,1260,1170.76
198,1260,1177
199,1260,1180.17
200,1260,1188.37
201,1260,1168.91
202,1260,1144.73
203,1260,1134.88
204,1260,1141.38
205,1260,1154.3
206,1260,1170.28
207,1260,1189.52
208,1260,1168.93
209,1260,1176
210,1260,1187.92
211,1260,1125.59
212,1260,1184.67
213,1260,1186.26
214,1260,1166.06
215,1260,1171.14
216,1260,1183.41
217,1260,1153.15
218,1260,1190.38
219,1260,1185.53
220,1260,1135.35
221,1260,1152.14
222,1260,1178.46
223,1260,1166.73
224,1260,1137.55
225,1260,1185.85
226,1260,1141.38
227,1260,1189.86
228,1260,1198.43
229,1260,1199.83
230,1260,1183.41
231,1260,1176.17
232,1260,1180.55
233,1260,1150.28
234,1260,1167
235,1260,1157.22
236,1260,1159.44
237,1260,1157.5
238,1260,1146.54
239,1260,1184.54
240,1260,1145.32
241,1260,1170.26
242,1260,1156.18
243,1260,1155.45
244,1260,1190.82
245,1260,1195.46
246,1260,1165.48
247,1260,1189.53
248,1260,1176.28
249,1260,1161.56
250,1260,1154.16
251,1260,1168.02
252,1260,1185.31
253,1260,1161.1
254,1260,1169.27
255,1260,1171.72
256,1260,1156.54
257,1260,1166.36
258,1260,1193.68
259,1260,1191.26
260,1260,1138.86
261,1260,1181.58
262,1260,1173.96
263,1260,1192.16
264,1260,1174.05
265,1260,1139.54
266,1260,1165.09
267,1260,1150.53
268,1260,1173.15
269,1260,1156.03
270,1260,1163.76
271,1260,1181.96
272,1260,1121.98
273,1260,1139.06
274,1260,1144.95
275,1260,1196.68
276,1260,1188.96
277,1260,1167.64
278,1260,1175.68
279,1260,1131.78
280,1260,1166.36
281,1260,1142.97
282,1260,1163.25
283,1260,1172.74
284,1260,1171.69
285,1260,1146.97
286,1260,1169.23
287,1260,1152.56
288,1260,1157.16
289,1260,1174.37
290,1260,1151.21
291,1260,1117.42
292,1260,1144.15
293,1260,1131.71
294,1260,1140.35
295,1260,1139.44
296,1260,1160.26
297,1260,1167.51
298,1260,1137.33
299,1260,1139.67
Population size,100
Crossover rate,0.51
Mutation rate,0.79
Random selection portion,0.03
Selection method,AForge.Genetic.RankSelection
Diversity check,False
Iteration,FitnessMax,FitnessAvg
0,1222,708.88
1,1222,872.23
2,1184,889.26
3,1230,916.26
4,1230,957.85
5,1230,982.87
6,1230,1012.03
7,1233,1012.04
8,1260,1057.32
9,1260,1074.74
10,1260,1008.45
11,1260,1056.71
12,1260,1066.82
13,1260,1050.19
14,1260,1054.32
15,1260,1106.9
16,1260,1111.87
17,1260,1093.31
18,1260,1137.85
19,1260,1176.95
20,1260,1167.08
21,1260,1146.89
22,1260,1121.23
23,1260,1062.98
24,1260,1094.69
25,1260,1156.02
26,1260,1141.22
27,1260,1136.17
28,1260,1139.6
29,1260,1174.36
30,1260,1170.12
31,1260,1122.11
32,1260,1157.13
33,1260,1165.26
34,1260,1148.84
35,1260,1163.55
36,1260,1166.99
37,1260,1114.54
38,1260,1178.76
39,1260,1159.69
40,1260,1168.85
41,1260,1129.98
42,1260,1146.41
43,1260,1132.97
44,1260,1172.25
45,1260,1161.19
46,1260,1137.38
47,1260,1117.58
48,1260,1180.62
49,1260,1191.68
50,1260,1155.29
51,1260,1153.75
52,1260,1170.8
53,1260,1185.03
54,1260,1166.78
55,1260,1166.63
56,1260,1163.18
57,1260,1152.19
58,1260,1153.84
59,1260,1169.23
60,1260,1152.92
61,1260,1187.96
62,1260,1184.06
63,1260,1193.86
64,1260,1183.05
65,1260,1190.17
66,1260,1189.14
67,1260,1182.5
68,1260,1113.39
69,1260,1147.46
70,1260,1135.74
71,1260,1180.06
72,1260,1154.49
73,1260,1191.38
74,1260,1211.02
75,1260,1182.04
76,1260,1171.72
77,1260,1161.36
78,1260,1130.98
79,1260,1136.68
80,1260,1140.78
81,1260,1143.97
82,1260,1163.29
83,1260,1161.49
84,1260,1167.36
85,1260,1192.54
86,1260,1183.56
87,1260,1178
88,1260,1142.99
89,1260,1146.24
90,1260,1179.12
91,1260,1141.37
92,1260,1164.59
93,1260,1180.65
94,1260,1188.73
95,1260,1166.58
96,1260,1168.96
97,1260,1179.86
98,1260,1173.41
99,1260,1144.3
100,1260,1197.4
101,1260,1168.45
102,1260,1148.67
103,1260,1169.83
104,1260,1191.66
105,1260,1178
106,1260,1165.27
107,1260,1157.68
108,1260,1152.71
109,1260,1190.56
110,1260,1140.52
111,1260,1147.94
112,1260,1166.01
113,1260,1187.75
114,1260,1161.89
115,1260,1136.96
116,1260,1150.06
117,1260,1140.49
118,1260,1160.71
119,1260,1168.72
120,1260,1173.65
121,1260,1156.79
122,1260,1165.89
123,1260,1130.63
124,1260,1127.7
125,1260,1129.32
126,1260,1183.59
127,1260,1174.89
128,1260,1168.42
129,1260,1127.8
130,1260,1137.36
131,1260,1182.23
132,1260,1182.23
133,1260,1155.33
134,1260,1178.15
135,1260,1183.69
136,1260,1169.75
137,1260,1215.62
138,1260,1221.43
139,1260,1186.73
140,1260,1184.53
141,1260,1189.58
142,1260,1212.43
143,1260,1196.43
144,1260,1195.52
145,1260,1121.09
146,1260,1150.56
147,1260,1174.29
148,1260,1151.14
149,1260,1176.01
150,1260,1169.31
151,1260,1130.52
152,1260,1140.95
153,1260,1128.92
154,1260,1183.82
155,1260,1171.12
156,1260,1178.48
157,1260,1142.39
158,1260,1116.8
159,1260,1167.71
160,1260,1175.19
161,1260,1145.61
162,1260,1181.2
163,1260,1145.36
164,1260,1144.6
165,1260,1165.9
166,1260,1125
167,1260,1158.38
168,1260,1126.32
169,1260,1182.43
170,1260,1123.85
171,1260,1149.71
172,1260,1168.8
173,1260,1186.45
174,1260,1154.4
175,1260,1107.56
176,1260,1155.88
177,1260,1127.34
178,1260,1151.04
179,1260,1147.76
180,1260,1158.09
181,1260,1165.54
182,1260,1171.36
183,1260,1167.58
184,1260,1160.33
185,1260,1138.66
186,1260,1155.78
187,1260,1171.75
188,1260,1150.41
189,1260,1129.81
190,1260,1190.81
191,1260,1189.97
192,1260,1147.73
193,1260,1173.06
194,1260,1173.16
195,1260,1178.62
196,1260,1167.38
197,1260,1159.39
198,1260,1175
199,1260,1212.2
200,1260,1200.29
201,1260,1180.32
202,1260,1177.9
203,1260,1171.39
204,1260,1169.32
205,1260,1198.61
206,1260,1184.39
207,1260,1161.39
208,1260,1126.98
209,1260,1138.47
210,1260,1170.8
211,1260,1167.96
212,1260,1164.83
213,1260,1165.06
214,1260,1146.73
215,1260,1119.36
216,1260,1141.14
217,1260,1171.25
218,1260,1215.23
219,1260,1190.45
220,1260,1184.13
221,1260,1169.19
222,1260,1190.89
223,1260,1159.01
224,1260,1198.22
225,1260,1171.25
226,1260,1186.04
227,1260,1200.64
228,1260,1160.45
229,1260,1184.2
230,1260,1178.44
231,1260,1175
232,1260,1154.19
233,1260,1165.26
234,1260,1180.37
235,1260,1192.1
236,1260,1155.1
237,1260,1175.33
238,1260,1177.02
239,1260,1195.92
240,1260,1186.55
241,1260,1175.27
242,1260,1188.3
243,1260,1183.97
244,1260,1156.62
245,1260,1159.14
246,1260,1164.63
247,1260,1181.99
248,1260,1174.94
249,1260,1167.96
250,1260,1124.57
251,1260,1182.67
252,1260,1186.86
253,1260,1157.98
254,1260,1144.81
255,1260,1183.29
256,1260,1149.49
257,1260,1190.18
258,1260,1157.3
259,1260,1158.25
260,1260,1172.01
261,1260,1168.03
262,1260,1190.8
263,1260,1183.01
264,1260,1174.53
265,1260,1158.39
266,1260,1132.99
267,1260,1134.83
268,1260,1163.57
269,1260,1185.03
270,1260,1195.78
271,1260,1188.81
272,1260,1214.33
273,1260,1142.54
274,1260,1154.93
275,1260,1145.1
276,1260,1164.95
277,1260,1175
278,1260,1174.4
279,1260,1207.48
280,1260,1178.76
281,1260,1142.31
282,1260,1103.63
283,1260,1123.75
284,1260,1165.21
285,1260,1154.16
286,1260,1155.98
287,1260,1161.89
288,1260,1198.24
289,1260,1158.71
290,1260,1219.96
291,1260,1203.41
292,1260,1167.84
293,1260,1188.93
294,1260,1190.91
295,1260,1145.38
296,1260,1165.45
297,1260,1176.69
298,1260,1179.78
299,1260,1194.37
Population size,100
Crossover rate,0.22
Mutation rate,0.87
Random selection portion,0.03
Selection method,AForge.Genetic.EliteSelection
Diversity check,False
Iteration,FitnessMax,FitnessAvg
0,1260,844.49
1,1260,936.12
2,1260,1035.09
3,1260,1060.57
4,1260,1101.06
5,1260,1123.46
6,1260,1151.18
7,1260,1177.53
8,1260,1201.92
9,1260,1203.71
10,1260,1222.44
11,1260,1223.41
12,1260,1221.91
13,1260,1226.6
14,1260,1236.98
15,1260,1222.2
16,1260,1237.35
17,1260,1232.66
18,1260,1233.62
19,1260,1232.83
20,1260,1247.14
21,1260,1229.55
22,1260,1236.99
23,1260,1236.28
24,1260,1227.19
25,1260,1227.88
26,1260,1239.59
27,1260,1242.35
28,1260,1225.11
29,1260,1245.34
30,1260,1230.18
31,1260,1244.77
32,1260,1240.01
33,1260,1237.67
34,1260,1240.67
35,1260,1233.73
36,1260,1236.84
37,1260,1234.79
38,1260,1228.68
39,1260,1237.74
40,1260,1242.75
41,1260,1240.17
42,1260,1247.81
43,1260,1240.11
44,1260,1230.09
45,1260,1241.68
46,1260,1232.98
47,1260,1243.35
48,1260,1232.07
49,1260,1242.03
50,1260,1233.24
51,1260,1247.52
52,1260,1236.56
53,1260,1232.74
54,1260,1239.59
55,1260,1245.12
56,1260,1222.2
57,1260,1235.66
58,1260,1229.06
59,1260,1241.76
60,1260,1225.53
61,1260,1249.38
62,1260,1241.25
63,1260,1233.64
64,1260,1239.06
65,1260,1238.92
66,1260,1235.39
67,1260,1246.82
68,1260,1239.02
69,1260,1234.53
70,1260,1231.12
71,1260,1230.59
72,1260,1241.07
73,1260,1237.32
74,1260,1231.69
75,1260,1228.26
76,1260,1233.24
77,1260,1239.11
78,1260,1239.32
79,1260,1247.64
80,1260,1222.2
81,1260,1248.1
82,1260,1222.2
83,1260,1234.1
84,1260,1228.46
85,1260,1231.96
86,1260,1239.78
87,1260,1229.53
88,1260,1242.05
89,1260,1241.44
90,1260,1222.2
91,1260,1234.02
92,1260,1233.77
93,1260,1227.49
94,1260,1237.26
95,1260,1241.15
96,1260,1239.86
97,1260,1246.63
98,1260,1239.97
99,1260,1239.78
100,1260,1234.45
101,1260,1239.12
102,1260,1247.51
103,1260,1241.69
104,1260,1246.34
105,1260,1234.7
106,1260,1248.18
107,1260,1243.81
108,1260,1229.02
109,1260,1236.29
110,1260,1232.47
111,1260,1239.26
112,1260,1241.62
113,1260,1235.94
114,1260,1234.92
115,1260,1239.85
116,1260,1237.02
117,1260,1234.52
118,1260,1230.13
119,1260,1226.44
120,1260,1237.92
121,1260,1238.97
122,1260,1243.85
123,1260,1248.21
124,1260,1240.16
125,1260,1223.76
126,1260,1239.77
127,1260,1241.48
128,1260,1235.99
129,1260,1242.44
130,1260,1248.64
131,1260,1226.28
132,1260,1237.83
133,1260,1239.48
134,1260,1234.9
135,1260,1238.16
136,1260,1236.8
137,1260,1230.69
138,1260,1236.83
139,1260,1240.19
140,1260,1247.79
141,1260,1243.57
142,1260,1239.07
143,1260,1249.94
144,1260,1228.76
145,1260,1226.71
146,1260,1237.83
147,1260,1240.93
148,1260,1230.41
149,1260,1243.67
150,1260,1226.78
151,1260,1244.47
152,1260,1222.2
153,1260,1231.54
154,1260,1222.2
155,1260,1236.46
156,1260,1243.94
157,1260,1246.65
158,1260,1232
159,1260,1225.42
160,1260,1243.8
161,1260,1236.57
162,1260,1235.77
163,1260,1247.67
164,1260,1233.52
165,1260,1235.99
166,1260,1236.59
167,1260,1239.89
168,1260,1241.48
169,1260,1227.49
170,1260,1224.65
171,1260,1231.31
172,1260,1239.59
173,1260,1227.49
174,1260,1247.8
175,1260,1229.24
176,1260,1235.61
177,1260,1246.92
178,1260,1239.21
179,1260,1228.95
180,1260,1237.33
181,1260,1248.88
182,1260,1227.19
183,1260,1226.4
184,1260,1227.97
185,1260,1227.07
186,1260,1245.14
187,1260,1229.13
188,1260,1246.7
189,1260,1235.41
190,1260,1234.21
191,1260,1227.46
192,1260,1236.07
193,1260,1239.35
194,1260,1237.77
195,1260,1249.95
196,1260,1242.02
197,1260,1241.59
198,1260,1245.48
199,1260,1231.27
200,1260,1251.44
201,1260,1238.48
202,1260,1222.2
203,1260,1241.57
204,1260,1232.25
205,1260,1239.77
206,1260,1233.73
207,1260,1241.14
208,1260,1235.48
209,1260,1236.17
210,1260,1236.17
211,1260,1244.71
212,1260,1222.2
213,1260,1239.79
214,1260,1227.68
215,1260,1230.39
216,1260,1234.43
217,1260,1236.36
218,1260,1234.53
219,1260,1241.55
220,1260,1230.02
221,1260,1235.1
222,1260,1246.44
223,1260,1238.62
224,1260,1233.44
225,1260,1234.53
226,1260,1240.36
227,1260,1234.31
228,1260,1235.2
229,1260,1231.7
230,1260,1241.72
231,1260,1230.81
232,1260,1231.37
233,1260,1241.67
234,1260,1247.81
235,1260,1252.32
236,1260,1233.62
237,1260,1237.05
238,1260,1250.42
239,1260,1243.95
240,1260,1234.91
241,1260,1234.02
242,1260,1237.13
243,1260,1230.42
244,1260,1240.41
245,1260,1241.78
246,1260,1235.94
247,1260,1236.47
248,1260,1247.42
249,1260,1228.84
250,1260,1231.17
251,1260,1245.9
252,1260,1238.32
253,1260,1231.47
254,1260,1222.2
255,1260,1241.24
256,1260,1236.46
257,1260,1229.65
258,1260,1232.36
259,1260,1248.36
260,1260,1241.91
261,1260,1244.38
262,1260,1240.97
263,1260,1235.55
264,1260,1222.2
265,1260,1245.08
266,1260,1222.2
267,1260,1228.82
268,1260,1227.6
269,1260,1222.2
270,1260,1238.89
271,1260,1237.52
272,1260,1248.9
273,1260,1231.18
274,1260,1228.46
275,1260,1246.95
276,1260,1248.51
277,1260,1230.03
278,1260,1243.72
279,1260,1235.66
280,1260,1228.35
281,1260,1239.58
282,1260,1245.28
283,1260,1233.05
284,1260,1240.68
285,1260,1234.05
286,1260,1248.85
287,1260,1235.81
288,1260,1245.39
289,1260,1253.7
290,1260,1243.7
291,1260,1228.75
292,1260,1240.97
293,1260,1239.35
294,1260,1240.52
295,1260,1232.17
296,1260,1222.2
297,1260,1232.71
298,1260,1241.96
299,1260,1239.69
Population size,100
Crossover rate,0.22
Mutation rate,0.87
Random selection portion,0.03
Selection method,AForge.Genetic.EliteSelection
Diversity check,True
Iteration,FitnessMax,FitnessAvg
0,1218,899.12
1,1260,985.99
2,1260,1050.56
3,1260,1077.05
4,1260,1105.04
5,1260,1114.21
6,1260,1131.98
7,1260,1155.85
8,1260,1171.17
9,1260,1175.48
10,1260,1203.13
11,1260,1197.09
12,1260,1189.99
13,1260,1209.19
14,1260,1210.75
15,1260,1206.79
16,1260,1208.48
17,1260,1225.91
18,1260,872.72
19,1260,948.4
20,1260,1032.09
21,1260,1068.2
22,1260,1111.02
23,1260,1135.14
24,1260,1142.69
25,1260,1165.52
26,1260,1180.95
27,1260,1183.13
28,1260,1187.53
29,1260,1188.67
30,1260,1208.5
31,1260,1207.5
32,1260,1211.56
33,1260,1199.61
34,1260,1212.99
35,1260,1212.64
36,1260,1214.27
37,1260,1206.37
38,1260,1209.5
39,1260,1208.68
40,1260,1211.9
41,1260,1220.95
42,1260,1218.36
43,1260,1209.45
44,1260,1218.28
45,1260,1229
46,1260,848.32
47,1260,958.19
48,1260,1001.6
49,1260,1051.13
50,1260,1062.19
51,1260,1094.79
52,1260,1119.6
53,1260,1141.26
54,1260,1153.41
55,1260,1170.65
56,1260,1179.68
57,1260,1197.3
58,1260,1186.71
59,1260,1195.54
60,1260,1201.38
61,1260,1210.88
62,1260,1211.98
63,1260,1225.22
64,1260,881.07
65,1260,955.34
66,1260,1042.73
67,1260,1110.18
68,1260,1126.94
69,1260,1176.94
70,1260,1193.56
71,1260,1190.31
72,1260,1209.33
73,1260,1201.13
74,1260,1211.21
75,1260,1216.23
76,1260,1213.05
77,1260,1227.4
78,1260,823.45
79,1260,982.07
80,1260,1039.8
81,1260,1077.13
82,1260,1112.13
83,1260,1152.61
84,1260,1179.22
85,1260,1180.85
86,1260,1194.2
87,1260,1192.42
88,1260,1218.28
89,1260,1197.75
90,1260,1211.45
91,1260,1223.18
92,1260,858.64
93,1260,941.28
94,1260,997.15
95,1260,1062.77
96,1260,1110.93
97,1260,1133.13
98,1260,1149.69
99,1260,1174.79
100,1260,1180.81
101,1260,1181.2
102,1260,1191.6
103,1260,1194.56
104,1260,1196.68
105,1260,1209.95
106,1260,1208.6
107,1260,1215.74
108,1260,1210.71
109,1260,1214.7
110,1260,1210.11
111,1260,1215.42
112,1260,1204.62
113,1260,1224.37
114,1260,814.88
115,1260,919.84
116,1260,1004.24
117,1260,1049.5
118,1260,1094.09
119,1260,1124.29
120,1260,1149.75
121,1260,1169.37
122,1260,1193.11
123,1260,1200.68
124,1260,1200.58
125,1260,1190.52
126,1260,1203.77
127,1260,1206.49
128,1260,1220.03
129,1260,1221.76
130,1260,1223.41
131,1260,846.73
132,1260,969.91
133,1260,1028.78
134,1260,1065.99
135,1260,1115.68
136,1260,1123.52
137,1260,1153.67
138,1260,1174.74
139,1260,1183.8
140,1260,1194.67
141,1260,1204.22
142,1260,1207.75
143,1260,1206.68
144,1260,1213.81
145,1260,1221.93
146,1260,1212.5
147,1260,1224.38
148,1260,837.39
149,1260,934.34
150,1260,1016.8
151,1260,1053.61
152,1260,1105
153,1260,1132.01
154,1260,1136.26
155,1260,1163.82
156,1260,1171.72
157,1260,1184.66
158,1260,1169.51
159,1260,1184.86
160,1260,1205.44
161,1260,1189.73
162,1260,1199.48
163,1260,1207.52
164,1260,1199.21
165,1260,1210.25
166,1260,1202.31
167,1260,1214.54
168,1260,1205.21
169,1260,1218.61
170,1260,1216.37
171,1260,1216.36
172,1260,1219.74
173,1260,1212.73
174,1260,1225.8
175,1260,819.13
176,1260,942.46
177,1260,1006.37
178,1260,1073.66
179,1260,1107.79
180,1260,1125.94
181,1260,1139.72
182,1260,1178.09
183,1260,1181.26
184,1260,1197.81
185,1260,1207.65
186,1260,1213.24
187,1260,1215.33
188,1260,1218.3
189,1260,1215.94
190,1260,1215.03
191,1260,1208.22
192,1260,1225.34
193,1260,864.82
194,1260,965.3
195,1260,1009.81
196,1260,1061.54
197,1260,1086.22
198,1260,1121.89
199,1260,1123.21
200,1260,1151.65
201,1260,1172.64
202,1260,1195.34
203,1260,1190.16
204,1260,1209.72
205,1260,1206.54
206,1260,1216.55
207,1260,1231.12
208,1260,813.12
209,1260,937.93
210,1260,999.83
211,1260,1039.22
212,1260,1092.58
213,1260,1109.76
214,1260,1136.23
215,1260,1159.22
216,1260,1161.59
217,1260,1168.25
218,1260,1190.06
219,1260,1183.68
220,1260,1195.79
221,1260,1197.41
222,1260,1213.06
223,1260,1201.42
224,1260,1200.27
225,1260,1199.64
226,1260,1208.94
227,1260,1207.86
228,1260,1223.1
229,1260,872.38
230,1260,971.81
231,1260,1051.91
232,1260,1086.25
233,1260,1136.14
234,1260,1145.17
235,1260,1155.24
236,1260,1190.51
237,1260,1206.15
238,1260,1189.27
239,1260,1189.97
240,1260,1200.85
241,1260,1202.93
242,1260,1210.39
243,1260,1218.44
244,1260,1207.01
245,1260,1211.96
246,1260,1212.81
247,1260,1212.76
248,1260,1201.23
249,1260,1216.96
250,1260,1223.37
251,1260,853.18
252,1260,969.41
253,1260,1028.17
254,1260,1086.89
255,1260,1116.72
256,1260,1135.31
257,1260,1162.87
258,1260,1195.13
259,1260,1193.36
260,1260,1199.58
261,1260,1196.67
262,1260,1201.01
263,1260,1199.27
264,1260,1210.9
265,1260,1212.52
266,1260,1224.59
267,1260,894.17
268,1260,987.18
269,1260,1041.22
270,1260,1072.75
271,1260,1085.55
272,1260,1122.95
273,1260,1113.87
274,1260,1138.72
275,1260,1159.17
276,1260,1159.2
277,1260,1181.68
278,1260,1191.4
279,1260,1180.04
280,1260,1203.6
281,1260,1212.11
282,1260,1208.38
283,1260,1210.25
284,1260,1219.54
285,1260,1214.9
286,1260,1231.21
287,1260,827.14
288,1260,951.68
289,1260,1015.16
290,1260,1064.89
291,1260,1073.78
292,1260,1108.34
293,1260,1135.69
294,1260,1167.2
295,1260,1164.54
296,1260,1192.44
297,1260,1181.8
298,1260,1207.67
299,1260,1205.81
Population size,100
Crossover rate,0.22
Mutation rate,0.87
Random selection portion,0.03
Selection method,AForge.Genetic.EliteSelection
Diversity check,True
Iteration,FitnessMax,FitnessAvg
0,1260,795.19
1,1260,914.85
2,1260,991.3
3,1260,1049.89
4,1260,1070.13
5,1260,1115.62
6,1260,1123.36
7,1260,1144.92
8,1260,1171.26
9,1260,1185.37
10,1260,1182.61
11,1260,1196.46
12,1260,1207.27
13,1260,1211.98
14,1260,1210.84
15,1260,1210.87
16,1260,1220.76
17,1260,1206.03
18,1260,1222.92
19,1260,823.54
20,1260,957.43
21,1260,1026.94
22,1260,1090.51
23,1260,1117.74
24,1260,1160.33
25,1260,1178.18
26,1260,1178.07
27,1260,1207.17
28,1260,1203.98
29,1260,1221.84
30,1260,1198.9
31,1260,1207.56
32,1260,1212.21
33,1260,1210.76
34,1260,1216.98
35,1260,1226.89
36,1260,877.66
37,1260,972.9
38,1260,1045.44
39,1260,1106.46
40,1260,1133.11
41,1260,1149.9
42,1260,1163.12
43,1260,1192.39
44,1260,1196.02
45,1260,1197.04
46,1260,1204.83
47,1260,1211.5
48,1260,1207.46
49,1260,1205.51
Population size,100
Crossover rate,0.22
Mutation rate,0.87
Random selection portion,0.03
Selection method,AForge.Genetic.EliteSelection
Diversity check,True
Iteration,FitnessMax,FitnessAvg
0,1222,810.48
1,1230,938.45
2,1230,989.25
3,1260,1050.46
4,1260,1078.7
5,1260,1127.95
6,1260,1133.2
7,1260,1167.96
8,1260,1161.1
9,1260,1186.57
10,1260,1197.39
11,1260,1200.84
12,1260,1193.02
13,1260,1212.07
14,1260,1210.63
15,1260,1209.56
16,1260,1204.41
17,1260,1204.27
18,1260,1207.22
19,1260,1210.48
20,1260,1206
21,1260,1202.67
22,1260,1214.81
23,1260,1205.54
24,1260,1224.99
25,1260,767.54
26,1260,893.56
27,1260,986.33
28,1260,1042.12
29,1260,1076.62
