Population size,100
Crossover rate,0.66
Mutation rate,0.34
Random selection portion,0.03
Selection method,AForge.Genetic.RouletteWheelSelection
Diversity check,False
Iteration,FitnessMax,FitnessAvg
0,2018,1341.69
1,2013,1406.3
2,2013,1402.96
3,2013,1422.08
4,1897,1452.65
5,1897,1480.38
6,1897,1502.85
7,1939,1540.4
8,2128,1541.28
9,2128,1549.03
10,2128,1520.25
11,2128,1562.35
12,2128,1584.68
13,2158,1613.95
14,2065,1653.36
15,2113,1649.57
16,2113,1650.72
17,2188,1691.48
18,2188,1685.4
19,2188,1693.15
20,2188,1694.96
21,2272,1703.11
22,2272,1694.09
23,2272,1727.46
24,2272,1756.19
25,2272,1771.73
26,2272,1791.98
27,2272,1831.16
28,2272,1797.32
29,2272,1802.88
30,2272,1779.13
31,2272,1783.06
32,2272,1737.54
33,2272,1769.37
34,2252,1789.55
35,2252,1801.04
36,2177,1778.98
37,2272,1798.16
38,2272,1827.66
39,2327,1870.28
40,2327,1886.46
41,2292,1894.03
42,2292,1863.44
43,2292,1886.22
44,2272,1882.43
45,2252,1851.6
46,2272,1868.57
47,2272,1892.11
48,2272,1849.5
49,2272,1896.75
50,2347,1859.25
51,2347,1854.12
52,2347,1835.44
53,2347,1848.85
54,2347,1842.47
55,2347,1836.44
56,2347,1818.02
57,2347,1845.92
58,2347,1865.26
59,2347,1828.84
60,2347,1861.78
61,2347,1890.86
62,2347,1906.03
63,2347,1916.15
64,2272,1924.24
65,2272,1970.85
66,2272,1951.67
67,2347,1956.77
68,2272,1935.39
69,2272,1907.3
70,2272,1906.63
71,2272,1870.84
72,2272,1935.72
73,2266,1958.51
74,2347,1937.47
75,2347,1912.54
76,2272,1900.76
77,2272,1920.25
78,2272,1928.29
79,2272,1927.74
80,2272,1920.04
81,2272,1856.56
82,2272,1891.99
83,2272,1854.35
84,2272,1855.01
85,2272,1846.88
86,2272,1862.04
87,2272,1871.04
88,2272,1905.58
89,2272,1918.94
90,2347,1901.2
91,2272,1882.62
92,2272,1921.72
93,2272,1942.1
94,2272,1926.99
95,2272,1896.99
96,2272,1860.2
97,2272,1834.48
98,2266,1792.39
99,2266,1762.49
100,2266,1797.71
101,2266,1789.67
102,2266,1753.93
103,2173,1752
104,2272,1767.12
105,2272,1796.98
106,2272,1767.58
107,2272,1794.37
108,2272,1764.18
109,2272,1793.22
110,2272,1817.7
111,2272,1823.03
112,2272,1832.29
113,2272,1863.69
114,2282,1870.8
115,2272,1863.2
116,2272,1846.87
117,2272,1835.32
118,2272,1844.56
119,2272,1860.35
120,2333,1892.65
121,2272,1860.87
122,2272,1904.35
123,2272,1879.81
124,2272,1876.88
125,2272,1862.92
126,2272,1828.69
127,2272,1877.21
128,2272,1848.53
129,2272,1855.1
130,2272,1854
131,2272,1875.54
132,2272,1874.32
133,2288,1871.69
134,2232,1852.33
135,2232,1850.64
136,2173,1866.68
137,2194,1821.91
138,2193,1741.14
139,2193,1757.73
140,2246,1798.65
141,2246,1820.49
142,2246,1765.44
143,2246,1801.65
144,2152,1765.17
145,2193,1763.07
146,2246,1780.17
147,2246,1787.58
148,2152,1811.02
149,2173,1803.14
150,2188,1811.27
151,2152,1819.08
152,2188,1780.88
153,2197,1768.95
154,2197,1802.95
155,2197,1807.78
156,2197,1863.58
157,2197,1875.58
158,2197,1889.96
159,2197,1935.82
160,2197,1906.1
161,2197,1914.91
162,2197,1909.17
163,2197,1898.54
164,2272,1892.95
165,2272,1863.91
166,2272,1887.99
167,2213,1865.35
168,2213,1871.7
169,2213,1895.57
170,2197,1898.82
171,2213,1913.87
172,2213,1910.5
173,2197,1892.14
174,2197,1885.82
175,2197,1886.23
176,2197,1846.95
177,2197,1828.24
178,2227,1796.82
179,2197,1800.23
180,2197,1759.57
181,2197,1812.81
182,2194,1852.54
183,2227,1901.06
184,2227,1894.78
185,2227,1930.87
186,2227,1935.45
187,2227,1921.58
188,2227,1880.21
189,2227,1907.68
190,2221,1883.3
191,2227,1894.61
192,2272,1913.04
193,2272,1943.58
194,2272,1894.58
195,2207,1899.55
196,2227,1900.86
197,2227,1907.02
198,2227,1917.05
199,2227,1882.4
200,2227,1920.49
201,2227,1927.77
202,2238,1875.49
203,2238,1862.45
204,2238,1895.97
205,2227,1910.48
206,2221,1892.13
207,2242,1909.95
208,2242,1879.07
209,2242,1879.16
210,2194,1818.88
211,2197,1821.07
212,2197,1838.72
213,2173,1855.23
214,2209,1890.01
215,2209,1871.76
216,2227,1888.03
217,2227,1907.79
218,2227,1859.95
219,2227,1887.15
220,2227,1887.16
221,2227,1908.65
222,2227,1861.36
223,2227,1856.48
224,2227,1881.31
225,2227,1881.08
226,2227,1903.89
227,2227,1893.93
228,2227,1876.53
229,2227,1876.51
230,2227,1880.94
231,2227,1894.74
232,2227,1839.57
233,2227,1814.92
234,2227,1811.99
235,2146,1798.5
236,2227,1796.7
237,2227,1761.01
238,2227,1788.37
239,2227,1791
240,2103,1804.96
241,2123,1760.87
242,2227,1796.56
243,2113,1759.28
244,2113,1770.39
245,2132,1782.12
246,2077,1766.49
247,2095,1808.78
248,2077,1806.58
249,2227,1790.36
250,2227,1833.71
251,2157,1811.74
252,2157,1858.9
253,2157,1866.97
254,2272,1856.92
255,2272,1835.94
256,2157,1866.12
257,2197,1867.72
258,2272,1897.68
259,2272,1882.09
260,2197,1861.38
261,2272,1917.47
262,2272,1947.87
263,2272,1926.55
264,2272,1893.47
265,2272,1863.66
266,2272,1881.15
267,2272,1864.5
268,2272,1856.97
269,2272,1877.5
270,2272,1916.18
271,2272,1900.98
272,2272,1879.6
273,2272,1871.46
274,2272,1869.88
275,2272,1891.22
276,2272,1856.24
277,2272,1910.56
278,2272,1917.34
279,2272,1906.87
280,2272,1871.37
281,2272,1877.72
282,2251,1922.27
283,2227,1890.59
284,2272,1894.15
285,2272,1902.69
286,2272,1927.43
287,2272,1896.37
288,2272,1883.98
289,2272,1891.2
290,2272,1859.89
291,2272,1857.98
292,2272,1846.08
293,2272,1854.02
294,2272,1847.03
295,2272,1777.85
296,2272,1818.15
297,2272,1851.99
298,2227,1866.14
299,2272,1883.22
Population size,100
Crossover rate,0.66
Mutation rate,0.34
Random selection portion,0.03
Selection method,AForge.Genetic.RouletteWheelSelection
Diversity check,True
Iteration,FitnessMax,FitnessAvg
0,1814,1269.99
1,1901,1313.98
2,1901,1337.83
3,1901,1403.09
4,1901,1444.69
5,2017,1468.32
6,2017,1510.22
7,2017,1478.48
8,2017,1492.53
9,1998,1527.08
10,1996,1523.49
11,1996,1543.33
12,1996,1568.57
13,2077,1531.88
14,2077,1563.18
15,1996,1587.27
16,2021,1625.63
17,2070,1608.28
18,1946,1654.98
19,2009,1643.53
20,2125,1657.18
21,2154,1667.56
22,2154,1703.78
23,2154,1666.91
24,2126,1719.43
25,2126,1724.19
26,2126,1698.05
27,2126,1670.82
28,2126,1673.56
29,2252,1650.68
30,2252,1698.64
31,2347,1657.23
32,2126,1651.28
33,2137,1666.27
34,2137,1689.8
35,2246,1687.74
36,2231,1726.99
37,2131,1747.21
38,2126,1733.16
39,2126,1732.38
40,2126,1735.92
41,2218,1770.77
42,2218,1751.05
43,2218,1783.04
44,2240,1794.7
45,2240,1785.88
46,2240,1800.32
47,2240,1783.75
48,2145,1782.61
49,2137,1839.15
50,2240,1852.22
51,2240,1810.49
52,2240,1895.94
53,2240,1868.3
54,2246,1887.55
55,2246,1891.98
56,2246,1868.29
57,2246,1912.9
58,2252,1898.88
59,2246,1874.42
60,2252,1845.9
61,2252,1861.27
62,2246,1828.16
63,2246,1880.26
64,2265,1906.33
65,2171,1895.39
66,2327,1871.58
67,2327,1902.41
68,2252,1917.67
69,2327,1915.51
70,2327,1869.36
71,2327,1870.16
72,2246,1823.05
73,2177,1879.96
74,2163,1887.56
75,2183,1864.88
76,2234,1907.75
77,2234,1916.26
78,2234,1922.07
79,2268,1942.53
80,2268,1941.27
81,2265,1913
82,2265,1923.77
83,2266,1886.72
84,2288,1913.08
85,2288,1922.9
86,2272,1929.98
87,2272,1886.24
88,2272,1908.14
89,2265,1920.16
90,2265,1855.22
91,2265,1861.3
92,2245,1861.49
93,2245,1834.85
94,2265,1819.57
95,2265,1843.9
96,2265,1855.14
97,2265,1916.86
98,2265,1905.79
99,2266,1901.24
100,2266,1915.82
101,2266,1879.48
102,2265,1871.21
103,2265,1869.57
104,2265,1853.19
105,2265,1892.53
106,2265,1866.72
107,2272,1872.99
108,2272,1917.52
109,2265,1888.47
110,2295,1930.37
111,2265,1935.82
112,2265,1945.6
113,2265,1942.27
114,2265,1947.45
115,2265,1938.54
116,2265,1890.31
117,2265,1912.53
118,2265,1892.52
119,2265,1879.54
120,2265,1877.2
121,2265,1802.78
122,2170,1816.74
123,2266,1827.91
124,2197,1894.73
125,2265,1888.75
126,2265,1864.92
127,2265,1811.41
128,2265,1777.32
129,2265,1819.84
130,2272,1860.47
131,2272,1840.61
132,2272,1863.02
133,2265,1819.82
134,2265,1820.16
135,2265,1839.2
136,2265,1812.8
137,2265,1792.72
138,2265,1791.97
139,2265,1741.72
140,2265,1764.34
141,2265,1841.71
142,2265,1851.81
143,2265,1866.52
144,2265,1810.28
145,2265,1848.51
146,2265,1792.18
147,2265,1792.39
148,2265,1793.12
149,2265,1823.37
150,2265,1809.1
151,2265,1829.4
152,2265,1860.37
153,2245,1833.23
154,2245,1855.66
155,2245,1838.81
156,2245,1845.88
157,2252,1878.02
158,2252,1897.36
159,2252,1897.68
160,2265,1920.73
161,2245,1899.83
162,2245,1910.15
163,2265,1950.07
164,2265,1960.28
165,2245,1954.64
166,2245,1919.45
167,2220,1899.04
168,2214,1842.76
169,2214,1872
170,2214,1859.14
171,2295,1874.46
172,2295,1867.1
173,2295,1918.13
174,2295,1924.49
175,2295,1911.09
176,2295,1904.48
177,2295,1900.08
178,2265,1918.69
179,2238,1899.21
180,2214,1885.11
181,2214,1873.32
182,2190,1872.42
183,2265,1898.1
184,2295,1887.58
185,2295,1917.61
186,2295,1927.74
187,2245,1907.91
188,2245,1895.15
189,2245,1913.87
190,2245,1867.34
191,2234,1861.74
192,2245,1840.28
193,2213,1872.56
194,2225,1917.04
195,2265,1888.68
196,2232,1912.39
197,2232,1900.83
198,2240,1885.76
199,2220,1897.03
200,2295,1857.86
201,2245,1891.57
202,2295,1901.04
203,2295,1931.77
204,2295,1918.43
205,2295,1889.26
206,2245,1855.88
207,2245,1858.81
208,2245,1890.77
209,2245,1814.68
210,2245,1844.3
211,2265,1877.35
212,2265,1877.99
213,2295,1885.31
214,2295,1898.08
215,2265,1899.09
216,2265,1871
217,2265,1895.31
218,2265,1889.4
219,2265,1901.26
220,2265,1852.46
221,2214,1891.07
222,2214,1921.47
223,2234,1916.76
224,2234,1919.35
225,2234,1903.33
226,2234,1909.6
227,2234,1916.89
228,2234,1932.1
229,2234,1960.36
230,2234,1917.05
231,2245,1880.07
232,2245,1857.31
233,2245,1820.46
234,2265,1841.98
235,2265,1882.89
236,2265,1878.68
237,2245,1838.38
238,2245,1873.52
239,2245,1870.27
240,2234,1890.26
241,2295,1877.42
242,2295,1815.88
243,2245,1847.05
244,2245,1870.99
245,2262,1866.49
246,2262,1881.29
247,2245,1874.5
248,2240,1863.56
249,2234,1834.41
250,2234,1810.23
251,2234,1817.89
252,2234,1877.26
253,2245,1845.68
254,2245,1839.51
255,2245,1875.25
256,2234,1852.66
257,2234,1846.74
258,2234,1858.14
259,2234,1851.36
260,2245,1888.19
261,2234,1887.27
262,2245,1872.23
263,2245,1874.85
264,2272,1895.5
265,2251,1904.7
266,2245,1877.36
267,2245,1920.63
268,2251,1855.82
269,2245,1840.63
270,2245,1853.17
271,2251,1844.51
272,2251,1870.22
273,2251,1916.56
274,2251,1934.11
275,2251,1968.59
276,2265,1969.67
277,2251,1941.88
278,2251,1954.7
279,2251,1947.96
280,2251,1943.15
281,2251,1928.85
282,2251,1920.02
283,2251,1908.31
284,2265,1914.32
285,2265,1895.83
286,2265,1885.87
287,2265,1879.46
288,2251,1893.43
289,2251,1891.67
290,2251,1901.86
291,2251,1869.1
292,2251,1867.7
293,2251,1846.94
294,2251,1870.96
295,2251,1878.32
296,2251,1848.99
297,2251,1813.28
298,2251,1851.68
299,2251,1843.44
Population size,100
Crossover rate,0.51
Mutation rate,0.79
Random selection portion,0.03
Selection method,AForge.Genetic.RankSelection
Diversity check,True
Iteration,FitnessMax,FitnessAvg
0,2026,1405.62
1,2026,1506.33
2,2026,1574.87
3,2165,1660.99
4,2165,1709.76
5,2165,1746.95
6,2128,1809.18
7,2171,1893.35
8,2288,1898.36
9,2288,1896.82
10,2288,1976.09
11,2288,1998.55
12,2347,2038.57
13,2347,2058.82
14,2327,2098.75
15,2327,2067
16,2347,2154.65
17,2347,2180.16
18,2347,2155.74
19,2347,2206.43
20,2347,2149.48
21,2347,2197.47
22,2347,2192.51
23,2347,2153.68
24,2347,2152.29
25,2347,2171.93
26,2347,2223.32
27,2347,2220.61
28,2347,2224.78
29,2347,2200.35
30,2347,2237.69
31,2347,2241.59
32,2347,2215.05
33,2347,2232.43
34,2347,2251.41
35,2347,2249.96
36,2347,2272.99
37,2347,2257.95
38,2347,2211.19
39,2347,2239.03
40,2347,2223.49
41,2347,2198.45
42,2347,2236.59
43,2347,2208.26
44,2347,2229.19
45,2347,2247.11
46,2347,2240.45
47,2347,2189.58
48,2347,2267.99
49,2347,2266.1
50,2347,2277.33
51,1862,1432.87
52,1986,1538.96
53,2024,1600.08
54,2024,1654.38
55,2024,1710.88
56,2099,1759.11
57,2094,1847.52
58,2094,1877.25
59,2166,1878.64
60,2189,1911.73
61,2234,1929.6
62,2219,1930.85
63,2234,1978.6
64,2234,2011.47
65,2234,2016.01
66,2234,2061.65
67,2234,2069.44
68,2288,2083.33
69,2288,2057.41
70,2288,2100.36
71,2288,2101.53
72,2288,2077.58
73,2288,2124.44
74,2288,2115.01
75,2288,2161.87
76,2288,2172.01
77,2288,2178.97
78,2347,2162.73
79,2288,2169.89
80,2288,2145.3
81,2288,2171.85
82,2333,2147.88
83,2333,2203.4
84,2333,2215.83
85,2333,2218.85
86,2333,2195.2
87,2333,2225.88
88,2333,2222.36
89,2333,2215.74
90,2333,2234.65
91,2333,2214.84
92,2333,2144.04
93,2347,2145.33
94,2347,2216.26
95,2347,2197.59
96,2347,2194.21
97,2347,2207.81
98,2347,2183.93
99,2347,2208.32
100,2347,2225.06
101,2347,2212.25
102,2347,2215.03
103,2347,2190.81
104,2347,2169.2
105,2347,2223.04
106,2347,2218.77
107,2347,2216.15
108,2347,2191.41
109,2347,2184.87
110,2347,2221.16
111,2347,2223.74
112,2347,2256
113,2347,2246.58
114,2347,2231.28
115,2347,2251.87
116,2347,2249.49
117,2347,2253.09
118,2347,2236.09
119,2347,2265.07
120,2347,2192.72
121,2347,2273.25
122,2347,2272.94
123,2347,2235.79
124,2347,2232.59
125,2347,2242.03
126,2347,2252.76
127,2347,2268.51
128,2347,2222.82
129,2347,2212.72
130,2347,2205.58
131,2347,2252.03
132,2347,2249.88
133,2347,2238.71
134,2347,2214.53
135,2347,2261.81
136,2347,2276.38
137,2347,2247.98
138,2347,2273.11
139,2347,2252.04
140,2347,2275.71
141,2347,2290.45
142,1963,1456.23
143,1963,1541.34
144,1965,1624.99
145,2054,1720.9
146,2068,1769.05
147,2157,1816.79
148,2157,1844.84
149,2157,1820.57
150,2220,1865.56
151,2200,1905.61
152,2246,1926.01
153,2266,1979.96
154,2252,1988.41
155,2266,2033.16
156,2252,2054.95
157,2252,2085.61
158,2272,2086.2
159,2327,2111.41
160,2333,2128.61
161,2272,2119.65
162,2347,2169.11
163,2347,2139.4
164,2347,2139.25
165,2347,2151.05
166,2347,2189.63
167,2347,2216.2
168,2347,2175.84
169,2347,2140.12
170,2347,2226.6
171,2347,2238.24
172,2347,2236.9
173,2347,2250.96
174,2347,2247.41
175,2347,2215.04
176,2347,2229.12
177,2347,2242.15
178,2347,2219.68
179,2347,2259.77
180,2347,2247.38
181,2347,2257.05
182,2347,2274.55
183,2347,2226.15
184,2347,2225.1
185,2347,2250.98
186,2347,2245.42
187,2347,2245.46
188,2347,2256.59
189,2347,2167.88
190,2347,2234.41
191,2347,2270.88
192,2347,2271.05
193,2347,2270.81
194,2347,2261.27
195,2347,2228.15
196,2347,2228.92
197,2347,2256.22
198,2347,2227.53
199,2347,2258.2
200,2347,2254.1
201,2347,2240.85
202,2347,2220.55
203,2347,2217.82
204,2347,2264.22
205,2347,2229.63
206,2347,2275.32
207,2347,2204.67
208,2347,2265.32
209,2347,2263.51
210,2347,2251.6
211,2347,2268.87
212,2347,2283.85
213,2347,1447.73
214,2347,1561.73
215,2347,1716.59
216,2347,1791.05
217,2347,1934.66
218,2347,2020.21
219,2347,2092.07
220,2347,2148.03
221,2347,2160.47
222,2347,2148.35
223,2347,2160.11
224,2347,2202.4
225,2347,2204.71
226,2347,2226.66
227,2347,2227.49
228,2347,2242.28
229,2347,2236.88
230,2347,2229
231,2347,2254.93
232,2347,2243.47
233,2347,2258.71
234,2347,2271.59
235,2347,2269.12
236,2347,2274.01
237,2347,2284.92
238,2347,1388.95
239,2347,1510.57
240,2347,1583.48
241,2347,1663.42
242,2347,1729.29
243,2347,1806.42
244,2347,1854.98
245,2347,1955.6
246,2347,2044.83
247,2347,2093.77
248,2347,2120.47
249,2347,2167.55
250,2347,2190.52
251,2347,2147.31
252,2347,2191.27
253,2347,2231.91
254,2347,2248.3
255,2347,2254.51
256,2347,2235.46
257,2347,2226.24
258,2347,2263.1
259,2347,2266.03
260,2347,2251.3
261,2347,2238.47
262,2347,2260.53
263,2347,2284.38
264,2004,1438.88
265,2004,1520.7
266,2020,1567
267,2252,1701.74
268,2137,1748.38
269,2252,1850.25
270,2252,1881.31
271,2164,1933.02
272,2201,1955.95
273,2201,1991.81
274,2207,2016.06
275,2207,2040.99
276,2221,2045.72
277,2246,2078.03
278,2347,2067.55
279,2347,2106.28
280,2347,2128.81
281,2347,2132.96
282,2347,2152.5
283,2347,2204.18
284,2347,2171.73
285,2347,2140.51
286,2347,2138.22
287,2347,2144.07
288,2347,2182.07
289,2347,2203.62
290,2347,2244
291,2347,2241.08
292,2347,2234.08
293,2347,2251.31
294,2347,2251.48
295,2347,2240.49
296,2347,2232.23
297,2347,2248.87
298,2347,2260
299,2347,2259.41
Population size,100
Crossover rate,0.51
Mutation rate,0.79
Random selection portion,0.03
Selection method,AForge.Genetic.RankSelection
Diversity check,False
Iteration,FitnessMax,FitnessAvg
0,1909,1316.2
1,2004,1412.69
2,2004,1564.9
3,2116,1657.82
4,2159,1702.96
5,2159,1770.42
6,2159,1844.49
7,2179,1933.76
8,2221,1945.13
9,2234,1973.18
10,2234,2016.12
11,2272,2038.91
12,2347,2062.28
13,2347,2085.03
14,2347,2115.77
15,2347,2131.61
16,2347,2121.68
17,2347,2129.28
18,2347,2160.95
19,2347,2180.23
20,2347,2187.55
21,2347,2206.38
22,2347,2183.4
23,2347,2164.81
24,2347,2188.06
25,2347,2153.66
26,2347,2168.14
27,2347,2206.54
28,2347,2159.72
29,2347,2208.18
30,2347,2221.01
31,2347,2271.32
32,2347,2212.83
33,2347,2270.54
34,2347,2265
35,2347,2259.26
36,2347,2204.17
37,2347,2252.95
38,2347,2250.32
39,2347,2220.2
40,2347,2209.44
41,2347,2240.44
42,2347,2253.79
43,2347,2235.96
44,2347,2269.96
45,2347,2257.81
46,2347,2244.73
47,2347,2233.34
48,2347,2254.45
49,2347,2250.27
50,2347,2274.78
51,2347,2252.92
52,2347,2292.51
53,2347,2281.18
54,2347,2260.35
55,2347,2240.6
56,2347,2242.9
57,2347,2228.66
58,2347,2212.36
59,2347,2257.29
60,2347,2219.7
61,2347,2267.03
62,2347,2244.31
63,2347,2241.79
64,2347,2187.57
65,2347,2248.85
66,2347,2165.73
67,2347,2221.13
68,2347,2277.27
69,2347,2235.75
70,2347,2233.37
71,2347,2192.04
72,2347,2254.85
73,2347,2262.02
74,2347,2269.1
75,2347,2235.07
76,2347,2253.98
77,2347,2228.38
78,2347,2258
79,2347,2244.07
80,2347,2264.24
81,2347,2251.17
82,2347,2257.04
83,2347,2244.3
84,2347,2259.12
85,2347,2273.61
86,2347,2264.6
87,2347,2220.22
88,2347,2234.75
89,2347,2256.4
90,2347,2278.72
91,2347,2266.53
92,2347,2217.26
93,2347,2253.72
94,2347,2251.11
95,2347,2280.48
96,2347,2239.8
97,2347,2273.66
98,2347,2232.08
99,2347,2213.37
100,2347,2233.49
101,2347,2260.42
102,2347,2281.34
103,2347,2264.67
104,2347,2280.84
105,2347,2274.84
106,2347,2281.47
107,2347,2247.71
108,2347,2250
109,2347,2259.35
110,2347,2266.13
111,2347,2272.28
112,2347,2248.29
113,2347,2268.19
114,2347,2248.5
115,2347,2280.1
116,2347,2260.2
117,2347,2253.46
118,2347,2273.46
119,2347,2283.64
120,2347,2263.31
121,2347,2229.22
122,2347,2275.66
123,2347,2257.5
124,2347,2216.35
125,2347,2270.89
126,2347,2251.01
127,2347,2267.74
128,2347,2236.46
129,2347,2234.4
130,2347,2230.36
131,2347,2255.53
132,2347,2271.74
133,2347,2265.72
134,2347,2248.4
135,2347,2207.65
136,2347,2203.11
137,2347,2256
138,2347,2257.62
139,2347,2243.92
140,2347,2244.21
141,2347,2196.33
142,2347,2258.69
143,2347,2226.94
144,2347,2253.51
145,2347,2260.52
146,2347,2258.09
147,2347,2209.07
148,2347,2259.39
149,2347,2239.85
150,2347,2280.39
151,2347,2278.87
152,2347,2280.39
153,2347,2234.3
154,2347,2267.76
155,2347,2277.09
156,2347,2267.44
157,2347,2279.42
158,2347,2240.59
159,2347,2277.67
160,2347,2234.15
161,2347,2244.63
162,2347,2241.08
163,2347,2231.77
164,2347,2270.56
165,2347,2267.24
166,2347,2245.28
167,2347,2276.62
168,2347,2290.6
169,2347,2277.73
170,2347,2246.81
171,2347,2255.62
172,2347,2249.94
173,2347,2258.38
174,2347,2253.73
175,2347,2266.79
176,2347,2219.02
177,2347,2285.55
178,2347,2268.26
179,2347,2284.91
180,2347,2257.63
181,2347,2247.81
182,2347,2240.86
183,2347,2256.3
184,2347,2244.17
185,2347,2295.79
186,2347,2270.39
187,2347,2237.48
188,2347,2212.86
189,2347,2236.04
190,2347,2219.75
191,2347,2202.82
192,2347,2229.07
193,2347,2260.25
194,2347,2250.97
195,2347,2271.03
196,2347,2234.03
197,2347,2230.92
198,2347,2225.18
199,2347,2237.51
200,2347,2261.1
201,2347,2280.15
202,2347,2268.05
203,2347,2260.51
204,2347,2257.45
205,2347,2258.79
206,2347,2275.9
207,2347,2254.97
208,2347,2262.88
209,2347,2256.77
210,2347,2278.68
211,2347,2262.23
212,2347,2262.79
213,2347,2267.09
214,2347,2269.62
215,2347,2276.1
216,2347,2239.51
217,2347,2205.92
218,2347,2244.44
219,2347,2271.68
220,2347,2255.49
221,2347,2259.94
222,2347,2211.14
223,2347,2233.2
224,2347,2227.71
225,2347,2256.89
226,2347,2260.3
227,2347,2274.85
228,2347,2277.69
229,2347,2264.91
230,2347,2199.67
231,2347,2255.78
232,2347,2282.24
233,2347,2272.39
234,2347,2269.99
235,2347,2250.44
236,2347,2236.39
237,2347,2266.36
238,2347,2278.01
239,2347,2234.76
240,2347,2237.6
241,2347,2269.13
242,2347,2258.17
243,2347,2222.84
244,2347,2233.52
245,2347,2223.32
246,2347,2211.76
247,2347,2247.06
248,2347,2262.62
249,2347,2241.93
250,2347,2265.23
251,2347,2240.24
252,2347,2268.86
253,2347,2243.24
254,2347,2239.17
255,2347,2281.27
256,2347,2303.77
257,2347,2283.36
258,2347,2232.6
259,2347,2212.44
260,2347,2269.85
261,2347,2274.65
262,2347,2236.69
263,2347,2208.96
264,2347,2230.02
265,2347,2241.35
266,2347,2260.6
267,2347,2241.09
268,2347,2255.3
269,2347,2261.76
270,2347,2268.25
271,2347,2270.93
272,2347,2261.39
273,2347,2257.63
274,2347,2280.99
275,2347,2280.89
276,2347,2264.98
277,2347,2259.1
278,2347,2271.39
279,2347,2237.74
280,2347,2262.09
281,2347,2269.54
282,2347,2259.74
283,2347,2262.03
284,2347,2239.22
285,2347,2279.61
286,2347,2258.42
287,2347,2277.31
288,2347,2262.29
289,2347,2290.01
290,2347,2249.1
291,2347,2285.42
292,2347,2269.08
293,2347,2250.04
294,2347,2246.57
295,2347,2242.35
296,2347,2244.93
297,2347,2248.71
298,2347,2258.01
299,2347,2263.07
Population size,100
Crossover rate,0.22
Mutation rate,0.87
Random selection portion,0.03
Selection method,AForge.Genetic.EliteSelection
Diversity check,False
Iteration,FitnessMax,FitnessAvg
0,1917,1471.58
1,1960,1612.02
2,1981,1703.39
3,2078,1771.02
4,2078,1845.43
5,2164,1901.94
6,2173,1936.29
7,2173,1986.38
8,2226,2009.09
9,2246,2051.84
10,2246,2080.31
11,2252,2081.62
12,2252,2112.04
13,2258,2125.28
14,2327,2141.09
15,2347,2177.47
16,2347,2169.61
17,2347,2193.99
18,2347,2198.32
19,2347,2216.86
20,2347,2230.93
21,2347,2242.72
22,2347,2262.51
23,2347,2267.36
24,2347,2297.15
25,2347,2295.38
26,2347,2309.92
27,2347,2311.5
28,2347,2308.63
29,2347,2302.26
30,2347,2306.26
31,2347,2309.2
32,2347,2315.79
33,2347,2314.15
34,2347,2317.44
35,2347,2314.15
36,2347,2297.01
37,2347,2314.49
38,2347,2315.87
39,2347,2308.82
40,2347,2309.67
41,2347,2310.75
42,2347,2309.63
43,2347,2313.96
44,2347,2317.37
45,2347,2314.45
46,2347,2312.6
47,2347,2317.43
48,2347,2306.65
49,2347,2312.59
50,2347,2314
51,2347,2298.03
52,2347,2315.16
53,2347,2315.73
54,2347,2315.19
55,2347,2309.19
56,2347,2310.5
57,2347,2320.02
58,2347,2302.88
59,2347,2315.59
60,2347,2305.91
61,2347,2311.74
62,2347,2297.07
63,2347,2303.97
64,2347,2308.32
65,2347,2311.27
66,2347,2306.21
67,2347,2310.98
68,2347,2311.27
69,2347,2311.44
70,2347,2302.33
71,2347,2308.85
72,2347,2317.32
73,2347,2315.18
74,2347,2295.14
75,2347,2314.43
76,2347,2304.86
77,2347,2305.04
78,2347,2320.33
79,2347,2314.49
80,2347,2314.57
81,2347,2308.12
82,2347,2313.37
83,2347,2303.6
84,2347,2310.31
85,2347,2289.84
86,2347,2311.71
87,2347,2310.27
88,2347,2313.92
89,2347,2314.98
90,2347,2297.99
91,2347,2320.86
92,2347,2314.78
93,2347,2309.5
94,2347,2319.77
95,2347,2320.01
96,2347,2309.79
97,2347,2317.84
98,2347,2318.68
99,2347,2307.93
100,2347,2309.91
101,2347,2299.03
102,2347,2309
103,2347,2318.66
104,2347,2314.39
105,2347,2298.66
106,2347,2311.03
107,2347,2313.67
108,2347,2312.73
109,2347,2310.28
110,2347,2308.8
111,2347,2307.23
112,2347,2317.97
113,2347,2312.43
114,2347,2317.43
115,2347,2312.05
116,2347,2302.76
117,2347,2315.2
118,2347,2303.74
119,2347,2315.31
120,2347,2308.04
121,2347,2299.2
122,2347,2307.67
123,2347,2321.92
124,2347,2313.19
125,2347,2317.29
126,2347,2298.08
127,2347,2297.34
128,2347,2318.98
129,2347,2305.02
130,2347,2308.5
131,2347,2321.5
132,2347,2292.76
133,2347,2315.28
134,2347,2305.37
135,2347,2309.84
136,2347,2309.89
137,2347,2306.97
138,2347,2311.33
139,2347,2312.41
140,2347,2307.89
141,2347,2297.29
142,2347,2310.91
143,2347,2304.83
144,2347,2309.99
145,2347,2314.83
146,2347,2312.74
147,2347,2306.71
148,2347,2318.34
149,2347,2313.35
150,2347,2320.76
151,2347,2327.36
152,2347,2299.04
153,2347,2315
154,2347,2296.41
155,2347,2318.43
156,2347,2310.99
157,2347,2314.73
158,2347,2315.59
159,2347,2303.84
160,2347,2296.78
161,2347,2316.78
162,2347,2318.65
163,2347,2293.73
164,2347,2326.9
165,2347,2320.34
166,2347,2307.43
167,2347,2314.21
168,2347,2306.95
169,2347,2312.46
170,2347,2310.81
171,2347,2312.82
172,2347,2301.49
173,2347,2312.34
174,2347,2315.02
175,2347,2311.02
176,2347,2312.7
177,2347,2310.69
178,2347,2313.13
179,2347,2306.29
180,2347,2307.66
181,2347,2315.54
182,2347,2315.51
183,2347,2313.39
184,2347,2324.51
185,2347,2300.8
186,2347,2306.19
187,2347,2315.76
188,2347,2309.47
189,2347,2309.08
190,2347,2308.49
191,2347,2308.56
192,2347,2322.88
193,2347,2308.21
194,2347,2308.56
195,2347,2297.48
196,2347,2289.74
197,2347,2315.67
198,2347,2313.52
199,2347,2315.73
200,2347,2316.44
201,2347,2317.98
202,2347,2314.22
203,2347,2298.3
204,2347,2314.89
205,2347,2306.69
206,2347,2313.38
207,2347,2307.33
208,2347,2313.7
209,2347,2307.45
210,2347,2309.91
211,2347,2317.35
212,2347,2296.61
213,2347,2314.94
214,2347,2320.5
215,2347,2311.81
216,2347,2311.85
217,2347,2308.53
218,2347,2314.12
219,2347,2319.37
220,2347,2312.66
221,2347,2312.8
222,2347,2312.15
223,2347,2309.43
224,2347,2319.71
225,2347,2310.47
226,2347,2311.16
227,2347,2306.9
228,2347,2317.03
229,2347,2319.23
230,2347,2302.1
231,2347,2318.24
232,2347,2315.91
233,2347,2313.89
234,2347,2319.18
235,2347,2323.02
236,2347,2323.17
237,2347,2314.99
238,2347,2296.51
239,2347,2310.65
240,2347,2314.28
241,2347,2305.84
242,2347,2314.77
243,2347,2285.11
244,2347,2312.16
245,2347,2311.73
246,2347,2296.58
247,2347,2303.99
248,2347,2310.81
249,2347,2316.32
250,2347,2309.29
251,2347,2317.1
252,2347,2321.27
253,2347,2320.63
254,2347,2307.6
255,2347,2317.64
256,2347,2316.19
257,2347,2317.63
258,2347,2308.14
259,2347,2320.83
260,2347,2313.31
261,2347,2316.28
262,2347,2316.46
263,2347,2320.47
264,2347,2314.03
265,2347,2299.97
266,2347,2310.05
267,2347,2303.66
268,2347,2304.44
269,2347,2322.48
270,2347,2311.99
271,2347,2312.79
272,2347,2329.29
273,2347,2318.91
274,2347,2314.21
275,2347,2303.87
276,2347,2298.71
277,2347,2326.9
278,2347,2302.04
279,2347,2311.89
280,2347,2307.92
281,2347,2309.54
282,2347,2312.83
283,2347,2317.57
284,2347,2306.54
285,2347,2309.24
286,2347,2313.57
287,2347,2312.92
288,2347,2303.95
289,2347,2313.84
290,2347,2309.56
291,2347,2316.59
292,2347,2314.5
293,2347,2302.5
294,2347,2307.98
295,2347,2321.05
296,2347,2302.55
297,2347,2320.25
298,2347,2313.64
299,2347,2313.36
Population size,100
Crossover rate,0.22
Mutation rate,0.87
Random selection portion,0.03
Selection method,AForge.Genetic.EliteSelection
Diversity check,True
Iteration,FitnessMax,FitnessAvg
0,1871,1405.76
1,1910,1530.66
2,2120,1662.03
3,2140,1744.32
4,2140,1822.04
5,2140,1876.38
6,2201,1929.78
7,2234,1984.78
8,2272,2012.82
9,2272,2062.3
10,2272,2089.6
11,2292,2114.74
12,2292,2142.35
13,2292,2135.55
14,2292,2160.98
15,2292,2166.67
16,2292,2170.16
17,2295,2183.35
18,2295,2196.29
19,2327,2184.59
20,2327,2204.29
21,2327,2212.55
22,2327,2209.21
23,2347,2213.77
24,2347,2226.15
25,2347,2237.06
26,2347,2233.15
27,2347,2249
28,2347,2240.77
29,2347,2257.6
30,2347,2252.96
31,2347,2262.9
32,2347,2269.28
33,2347,2270.85
34,2347,2268.15
35,2347,2272.7
36,2347,2274.06
37,2347,2271.22
38,2347,2275.87
39,2347,2281.14
40,2347,1448.15
41,2347,1590.1
42,2347,1712.16
43,2347,1836.63
44,2347,1909.84
45,2347,1950.03
46,2347,2029.33
47,2347,2070.19
48,2347,2085.41
49,2347,2133.33
50,2347,2181.5
51,2347,2213.45
52,2347,2226.24
53,2347,2251.33
54,2347,2266.57
55,2347,2258.69
56,2347,2294.22
57,2347,1517.05
58,2347,1649.29
59,2347,1736.16
60,2347,1803.34
61,2347,1860.42
62,2347,1906.93
63,2347,1951.05
64,2347,2000.81
65,2347,2023.81
66,2347,2082.28
67,2347,2121.47
68,2347,2144.36
69,2347,2188.13
70,2347,2217.37
71,2347,2244.85
72,2347,2269.83
73,2347,2278.02
74,2347,1456.65
75,2347,1606.8
76,2347,1721.18
77,2347,1816.04
78,2347,1912.48
79,2347,1985.15
80,2347,2067.63
81,2347,2104.02
82,2347,2127.05
83,2347,2172.33
84,2347,2201.65
85,2347,2222.13
86,2347,2245.28
87,2347,2253.77
88,2347,2271.78
89,2347,2278.06
90,2347,1520.94
91,2347,1661.51
92,2347,1767.87
93,2347,1864.23
94,2347,1965.26
95,2347,2045.6
96,2347,2072.8
97,2347,2123.56
98,2347,2160.17
99,2347,2185.51
100,2347,2222.33
101,2347,2241.56
102,2347,2266.65
103,2347,2260.28
104,2347,2304.98
105,2347,1490.65
106,2347,1607.38
107,2347,1745
108,2347,1839.79
109,2347,1941.37
110,2347,2016.54
111,2347,2081.99
112,2347,2121.47
113,2347,2161.85
114,2347,2182.8
115,2347,2197.24
116,2347,2214.05
117,2347,2235.65
118,2347,2250.84
119,2347,2283.6
120,2347,1474.18
121,2347,1616.71
122,2347,1722.15
123,2347,1791.32
124,2347,1873.98
125,2347,1908.23
126,2347,1959.08
127,2347,2005.25
128,2347,2073.6
129,2347,2132.43
130,2347,2171.57
131,2347,2202.8
132,2347,2215.12
133,2347,2243.44
134,2347,2247.24
135,2347,2261.17
136,2347,2284.75
137,2347,1459.11
138,2347,1623.3
139,2347,1738.86
140,2347,1812.29
141,2347,1905.02
142,2347,1981.16
143,2347,2033.47
144,2347,2071.33
145,2347,2123.96
146,2347,2158.92
147,2347,2184.56
148,2347,2216.67
149,2347,2223.59
150,2347,2244.88
151,2347,2266.63
152,2347,2282.13
153,2347,1462.53
154,2347,1622.73
155,2347,1721.25
156,2347,1785.09
157,2347,1863.31
158,2347,1928.72
159,2347,1984.96
160,2347,2032.92
161,2347,2090.35
162,2347,2122.89
163,2347,2143.2
164,2347,2170.74
165,2347,2207.86
166,2347,2223.9
167,2347,2246.11
168,2347,2256.36
169,2347,2257.99
170,2347,2270.09
171,2347,2276.78
172,2347,1479.02
173,2347,1607
174,2347,1705.02
175,2347,1817.48
176,2347,1895.87
177,2347,1991.45
178,2347,2047.26
179,2347,2086.27
180,2347,2120.79
181,2347,2164.66
182,2347,2190.76
183,2347,2211.8
184,2347,2237.53
185,2347,2256.46
186,2347,2281.63
187,2347,1480.88
188,2347,1647.57
189,2347,1742.82
190,2347,1856.28
191,2347,1942.49
192,2347,2030.84
193,2347,2087.72
194,2347,2112.96
195,2347,2143.2
196,2347,2192.07
197,2347,2223.04
198,2347,2244.95
199,2347,2257.11
200,2347,2281.12
201,2347,1413.91
202,2347,1554.35
203,2347,1662.39
204,2347,1752.66
205,2347,1856.11
206,2347,1924.53
207,2347,2006.26
208,2347,2076.72
209,2347,2114.02
210,2347,2145.34
211,2347,2192.1
212,2347,2222.82
213,2347,2231.21
214,2347,2256.72
215,2347,2270.02
216,2347,2287.84
217,2347,1493.11
218,2347,1650.65
219,2347,1780.96
220,2347,1857.34
221,2347,1939.01
222,2347,1996.58
223,2347,2053.47
224,2347,2113.64
225,2347,2137.19
226,2347,2189.18
227,2347,2198.15
228,2347,2243.56
229,2347,2240.92
230,2347,2274.95
231,2347,2289.8
232,2347,1479.3
233,2347,1617.83
234,2347,1711.78
235,2347,1780.07
236,2347,1856.11
237,2347,1916.14
238,2347,2006.58
239,2347,2097.23
240,2347,2162.82
241,2347,2183.26
242,2347,2227.24
243,2347,2254.01
244,2347,2265.23
245,2347,2270.16
246,2347,2299.37
247,2347,1451.08
248,2347,1596.57
249,2347,1702.63
250,2347,1783.69
251,2347,1883.39
252,2347,1959.79
253,2347,1999.21
254,2347,2056.83
255,2347,2114.94
256,2347,2140.34
257,2347,2183.83
258,2347,2216.33
259,2347,2229.81
260,2347,2253.13
261,2347,2259.81
262,2347,2294.39
263,2347,1560
264,2347,1654.06
265,2347,1782.31
266,2347,1856.88
267,2347,1924.76
268,2347,1983.88
269,2347,2013.46
270,2347,2055.08
271,2347,2099.32
272,2347,2126.6
273,2347,2160.75
274,2347,2181
275,2347,2196.82
276,2347,2230.06
277,2347,2234.55
278,2347,2241.45
279,2347,2272.75
280,2347,2294.56
281,2347,1466.09
282,2347,1602.86
283,2347,1689.57
284,2347,1786.92
285,2347,1876.77
286,2347,1926.62
287,2347,1969.32
288,2347,2039.04
289,2347,2080.12
290,2347,2112.26
291,2347,2135.7
292,2347,2167.39
293,2347,2208.58
294,2347,2224.61
295,2347,2245.84
296,2347,2260.91
297,2347,2268.66
298,2347,2285.32
299,2347,1488.61
Population size,100
Crossover rate,0.22
Mutation rate,0.87
Random selection portion,0.03
Selection method,AForge.Genetic.EliteSelection
Diversity check,True
Iteration,FitnessMax,FitnessAvg
0,2079,1459.79
1,2079,1591.7
2,2079,1688.32
3,2186,1760.66
4,2186,1828.96
5,2186,1882.57
6,2186,1949.73
7,2186,1974.82
8,2292,2023.26
9,2292,2062.11
10,2295,2078.52
11,2333,2111.06
12,2333,2129.96
13,2333,2130.86
14,2333,2162.27
15,2347,2173.11
16,2347,2189.8
17,2347,2209.03
18,2347,2214.09
19,2347,2192.05
20,2347,2220.74
21,2347,2231.37
22,2347,2249.44
23,2347,2264.78
24,2347,2262.37
25,2347,2283.68
26,2347,1518.62
27,2347,1626.47
28,2347,1746.7
29,2347,1810.85
30,2347,1897.62
31,2347,1962.78
32,2347,2007.55
33,2347,2081.93
34,2347,2129.6
35,2347,2163.24
36,2347,2197.44
37,2347,2237.83
38,2347,2256.92
39,2347,2268.7
40,2347,2283.47
41,2347,1462.87
42,2347,1637.52
43,2347,1779.44
44,2347,1838.03
45,2347,1928.08
46,2347,1969.36
47,2347,2005.93
48,2347,2080.25
49,2347,2114.25
Population size,100
Crossover rate,0.22
Mutation rate,0.87
Random selection portion,0.03
Selection method,AForge.Genetic.EliteSelection
Diversity check,True
Iteration,FitnessMax,FitnessAvg
0,2052,1493.64
1,2052,1643.53
2,2052,1737.76
3,2054,1830.16
4,2128,1880.14
5,2160,1928.58
6,2187,1981.42
7,2265,2020.9
8,2265,2038.65
9,2288,2089.5
10,2288,2112.26
11,2288,2139.97
12,2288,2162.57
13,2288,2173.6
14,2347,2182.23
15,2347,2213.07
16,2347,2213.19
17,2347,2221.47
18,2347,2246.66
19,2347,2229.6
20,2347,2260.92
21,2347,2257.98
22,2347,2259.63
23,2347,2243.83
24,2347,2265.87
25,2347,2257.96
26,2347,2274.42
27,2347,2263.38
28,2347,2266.99
29,2347,2279.95
