Population size,30
Crossover rate,0.1
Mutation rate,0.1
Random selection portion,0
Selection method,AForge.Genetic.RouletteWheelSelection
Iteration,FitnessMax,FitnessAvg
0,3133,2167.8
1,3133,2246.06666666667
2,3133,2384.43333333333
3,3280,2415.63333333333
4,3280,2487.63333333333
5,3280,2631.96666666667
6,3280,2590.83333333333
7,3280,2664.63333333333
8,3280,2837.26666666667
9,3280,2935.66666666667
10,3280,2884.5
11,3280,2900.4
12,3280,2921
13,3176,2897.1
14,3176,2942.8
15,3176,2924.83333333333
16,3223,2936.53333333333
17,3176,2897.43333333333
18,3176,2945.9
19,3176,2908.63333333333
20,3176,2905.5
21,3176,2962.33333333333
22,3176,2996.66666666667
23,3280,3047.1
24,3223,3098.1
25,3338,3114.93333333333
26,3226,3108.43333333333
27,3226,3093.63333333333
28,3226,3086.7
29,3176,3074.56666666667
30,3176,3094.73333333333
31,3176,3080.5
32,3302,3082.76666666667
33,3302,3094.93333333333
34,3220,3075.8
35,3220,3094.36666666667
36,3220,3071.4
37,3220,3077.26666666667
38,3220,3121.23333333333
39,3220,3116.26666666667
40,3220,3184.63333333333
41,3239,3192.93333333333
42,3346,3209.5
43,3346,3216.03333333333
44,3346,3177.53333333333
45,3346,3181.56666666667
46,3239,3158.1
47,3239,3152.96666666667
48,3239,3134.5
49,3448,3189.83333333333
50,3495,3221.13333333333
51,3448,3198.76666666667
52,3448,3134.23333333333
53,3448,3117.96666666667
54,3448,3010.93333333333
55,3448,3009.03333333333
56,3448,3009.06666666667
57,3448,2982.26666666667
58,3448,2977.06666666667
59,3448,2957.86666666667
60,3448,2959.43333333333
61,3448,2974.33333333333
62,3448,2967.63333333333
63,3448,3089.26666666667
64,3448,3089.4
65,3448,3051.53333333333
66,3448,3006.3
67,3448,3050.56666666667
68,3448,3044.36666666667
69,3448,3096.53333333333
70,3448,3156.56666666667
71,3448,3184.73333333333
72,3448,3204.93333333333
73,3448,3164.2
74,3448,3162.6
75,3448,3167.86666666667
76,3448,3171.63333333333
77,3448,3190.8
78,3448,3186.8
79,3448,3209.83333333333
80,3448,3212.8
81,3448,3205.1
82,3448,3242.66666666667
83,3448,3243.53333333333
84,3448,3332.26666666667
85,3448,3335.23333333333
86,3448,3328.23333333333
87,3448,3368.86666666667
88,3448,3384.1
89,3448,3388.96666666667
90,3448,3374.2
91,3448,3363.8
92,3448,3369.4
93,3448,3331.46666666667
94,3448,3335.1
95,3448,3324.06666666667
96,3448,3324.8
97,3448,3322.8
98,3448,3344.23333333333
99,3512,3352.5
Population size,30
Crossover rate,0.2
Mutation rate,0.1
Random selection portion,0
Selection method,AForge.Genetic.RouletteWheelSelection
Iteration,FitnessMax,FitnessAvg
0,2923,2102.56666666667
1,3041,2280
2,3041,2318.33333333333
3,3041,2563.13333333333
4,3041,2643.33333333333
5,3041,2713.16666666667
6,3041,2744.86666666667
7,3041,2847.4
8,3041,2847.03333333333
9,3041,2886.16666666667
10,3041,2880.46666666667
11,3041,2862.73333333333
12,3041,2879.2
13,2923,2838.8
14,3027,2848.66666666667
15,3027,2879.73333333333
16,2923,2871.73333333333
17,2923,2891.93333333333
18,2923,2885.93333333333
19,2923,2873.96666666667
20,3041,2868.9
21,3041,2882.5
22,3041,2912.66666666667
23,3041,2906.26666666667
24,2923,2913.13333333333
25,2923,2900.4
26,3041,2886.06666666667
27,3041,2879.7
28,2923,2865.13333333333
29,2923,2878.13333333333
30,2923,2895.6
31,2923,2913.6
32,2923,2917.26666666667
33,3120,2925.9
34,3120,2931.3
35,3120,2942.06666666667
36,3120,2928.9
37,3120,2915.13333333333
38,3120,2901.4
39,2923,2872.4
40,3016,2885.8
41,3016,2909.13333333333
42,3016,2929.13333333333
43,3016,2915.6
44,3016,2905.06666666667
45,3016,2912.13333333333
46,3016,2924.5
47,3016,2929.16666666667
48,3016,2916.33333333333
49,3016,2949.46666666667
50,3016,2898.73333333333
51,3016,2924.2
52,3016,2916.56666666667
53,3041,2910.8
54,3041,2894.9
55,3041,2928
56,3041,2933.03333333333
57,3016,2928.7
58,3016,2931.8
59,3016,2918.83333333333
60,3016,2904.5
61,3120,2923.3
62,3016,2914.43333333333
63,2923,2907.36666666667
64,2923,2907.86666666667
65,2923,2896.46666666667
66,2923,2907.13333333333
67,2923,2907.4
68,2990,2903.7
69,2990,2908.33333333333
70,2990,2887.03333333333
71,3027,2866.66666666667
72,2990,2871.13333333333
73,2990,2877.56666666667
74,2923,2877
75,2923,2871.7
76,2923,2846.23333333333
77,2923,2838.4
78,3120,2876.13333333333
79,3120,2891.36666666667
80,3120,2890.06666666667
81,3120,2905.63333333333
82,3120,2924.93333333333
83,3120,2875.16666666667
84,3120,2869
85,3120,2838.16666666667
86,3008,2807.86666666667
87,3008,2814.56666666667
88,3008,2810.06666666667
89,3027,2819.56666666667
90,3027,2821.6
91,3027,2832.83333333333
92,3027,2849.3
93,3027,2853.96666666667
94,3027,2883.46666666667
95,3120,2908.66666666667
96,3027,2827.4
97,3027,2813.66666666667
98,3027,2856.1
99,3027,2908.6
Population size,30
Crossover rate,0.3
Mutation rate,0.1
Random selection portion,0
Selection method,AForge.Genetic.RouletteWheelSelection
Iteration,FitnessMax,FitnessAvg
0,2499,2163.16666666667
1,2497,2169.6
2,2581,2166.7
3,2614,2199.66666666667
4,2500,2184.7
5,2500,2179.93333333333
6,2434,2145.46666666667
7,2467,2148.3
8,2467,2150.66666666667
9,2467,2167.4
10,2467,2202.46666666667
11,2533,2168.36666666667
12,2533,2176.1
13,2467,2145.03333333333
14,2706,2156.9
15,2344,2158
16,2474,2132.8
17,2376,2221.83333333333
18,2344,2232.9
19,2489,2240.33333333333
20,2498,2231.06666666667
21,2498,2283.56666666667
22,2498,2237.36666666667
23,2498,2191.6
24,2498,2240.83333333333
25,2519,2275.26666666667
26,2519,2298.3
27,2519,2316.4
28,2731,2376.9
29,2731,2426.26666666667
30,2731,2448.06666666667
31,2731,2418.96666666667
32,2731,2417.06666666667
33,2731,2409.03333333333
34,2667,2407.83333333333
35,2731,2419.93333333333
36,2752,2396.1
37,2717,2359.2
38,2864,2376.9
39,2864,2336.86666666667
40,2990,2329.7
41,2990,2387.9
42,3037,2603
43,3037,2694.8
44,3059,2708.13333333333
45,2993,2745.86666666667
46,2993,2803.26666666667
47,2993,2852.73333333333
48,2993,2838.26666666667
49,2993,2837.26666666667
50,2993,2839.56666666667
51,2993,2817.96666666667
52,2993,2849.83333333333
53,2993,2883.2
54,2993,2920.56666666667
55,3026,2923.06666666667
56,3026,2914.83333333333
57,3023,2929.73333333333
58,3026,2939.5
59,3052,2958.7
60,3009,2956.76666666667
61,3037,2953.86666666667
62,3037,2968.9
63,3037,2975.5
64,3037,2981.83333333333
65,3187,2969.96666666667
66,3187,2963.3
67,3133,2954.4
68,3133,2935.56666666667
69,3133,2948.5
70,3133,2919.13333333333
71,3133,2915.5
72,3187,2927.13333333333
73,3187,2932.4
74,3187,2968.83333333333
75,3218,2980.23333333333
76,3218,3038.76666666667
77,3272,3034.76666666667
78,3218,3027.3
79,3218,3005.43333333333
80,3272,2954.3
81,3272,2938.93333333333
82,3075,2927.4
83,3075,2956
84,3075,2960.7
85,3075,2960.56666666667
86,3075,2942.93333333333
87,3075,2909.8
88,3075,2877.3
89,3075,2911.86666666667
90,3075,2878.86666666667
91,3075,2885.13333333333
92,3075,2882.2
93,3168,2938.73333333333
94,3075,2909.13333333333
95,3092,2918.8
96,3075,2894.2
97,3075,2927.1
98,3075,2925.13333333333
99,3075,2932.7
Population size,30
Crossover rate,0.4
Mutation rate,0.1
Random selection portion,0
Selection method,AForge.Genetic.RouletteWheelSelection
Iteration,FitnessMax,FitnessAvg
0,2639,1922.83333333333
1,2639,1999.76666666667
2,2500,2105.8
3,2552,2213.6
4,2552,2225.3
5,2583,2258.3
6,2583,2248.36666666667
7,2592,2230.06666666667
8,2592,2286.4
9,2592,2310.73333333333
10,2592,2325.06666666667
11,2592,2353.96666666667
12,2676,2329.33333333333
13,2676,2298.23333333333
14,2676,2307.13333333333
15,2687,2357.46666666667
16,2687,2362.53333333333
17,2728,2405.16666666667
18,2876,2489.26666666667
19,2728,2470.9
20,2728,2524.63333333333
21,2728,2539.96666666667
22,2728,2552.2
23,2728,2574.56666666667
24,2728,2568.13333333333
25,2728,2576.33333333333
26,2728,2570.7
27,2728,2583.8
28,2728,2615.53333333333
29,2676,2582.76666666667
30,2728,2590.1
31,2728,2607.36666666667
32,2728,2631.9
33,2906,2612.4
34,2906,2604
35,2906,2613.23333333333
36,2906,2626.26666666667
37,2906,2596.93333333333
38,2906,2585.36666666667
39,2906,2612.3
40,2906,2638.3
41,2906,2659.16666666667
42,2906,2664.4
43,2794,2647.5
44,2873,2669.13333333333
45,2873,2662.7
46,2873,2674.5
47,2906,2672.73333333333
48,2906,2668.16666666667
49,2906,2666.8
50,2906,2681.83333333333
51,2906,2683.6
52,2906,2682.06666666667
53,2906,2687.53333333333
54,2906,2668.13333333333
55,2906,2679.76666666667
56,2906,2724.1
57,2906,2716.93333333333
58,2906,2655.96666666667
59,2906,2602.26666666667
60,2906,2628.73333333333
61,2906,2643.73333333333
62,2906,2660.06666666667
63,2957,2673.6
64,2957,2677.4
65,2957,2666.73333333333
66,2957,2672.63333333333
67,2957,2685.46666666667
68,2957,2694.33333333333
69,2957,2663.8
70,2957,2586.46666666667
71,2957,2583.8
72,2798,2597.86666666667
73,2737,2584.56666666667
74,2737,2560.33333333333
75,2888,2578.7
76,2888,2584.8
77,2855,2597.63333333333
78,2906,2648.7
79,2906,2669.4
80,2906,2686.8
81,2906,2649.36666666667
82,2906,2640.63333333333
83,2906,2630.86666666667
84,2957,2663.53333333333
85,2957,2639.26666666667
86,2957,2625.53333333333
87,2957,2598.53333333333
88,2957,2596.1
89,2957,2632.6
90,2957,2628
91,2957,2651.83333333333
92,2957,2607.4
93,3026,2656.4
94,2957,2666.76666666667
95,2957,2682.86666666667
96,2957,2668
97,2831,2680.7
98,2831,2707.16666666667
99,3026,2699.36666666667
Population size,30
Crossover rate,0.5
Mutation rate,0.1
Random selection portion,0
Selection method,AForge.Genetic.RouletteWheelSelection
Iteration,FitnessMax,FitnessAvg
0,2711,2296.96666666667
1,2711,2326.43333333333
2,2850,2440.46666666667
3,3090,2519.6
4,3090,2571.23333333333
5,3036,2574.36666666667
6,3036,2578.66666666667
7,3036,2613.13333333333
8,3036,2673.73333333333
9,3030,2703.2
10,3013,2712.76666666667
11,3013,2791.43333333333
12,3057,2824.4
13,3230,2884.23333333333
14,3230,2922.36666666667
15,3230,2943.83333333333
16,3230,2899.4
17,3230,2916.16666666667
18,3230,2956.96666666667
19,3230,3001
20,3230,3017.63333333333
21,3326,3049.3
22,3290,3113.96666666667
23,3485,3106.66666666667
24,3485,3141.5
25,3521,3113.9
26,3471,3110.76666666667
27,3230,3086.13333333333
28,3230,3079.46666666667
29,3298,3078.13333333333
30,3298,3104.66666666667
31,3298,3108.6
32,3298,3146.9
33,3298,3155.46666666667
34,3298,3146.96666666667
35,3334,3134.86666666667
36,3334,3101.76666666667
37,3230,3075.33333333333
38,3230,3072.73333333333
39,3230,3096.5
40,3230,3061.6
41,3230,3034.93333333333
42,3230,3036.43333333333
43,3168,3031.86666666667
44,3334,3053.63333333333
45,3168,3006.23333333333
46,3168,3012.96666666667
47,3168,3018.13333333333
48,3168,3053.06666666667
49,3230,3096.86666666667
50,3230,3096.4
51,3230,3113.5
52,3230,3125.43333333333
53,3230,3145.2
54,3230,3138.26666666667
55,3168,3098.8
56,3186,3070.4
57,3186,3060.06666666667
58,3186,3065.86666666667
59,3186,3049.4
60,3186,3063.73333333333
61,3186,3065.26666666667
62,3186,3087.53333333333
63,3168,3094
64,3168,3115.5
65,3186,3101.4
66,3168,3107.33333333333
67,3168,3110.7
68,3168,3091.6
69,3218,3105.96666666667
70,3218,3097.56666666667
71,3218,3103.23333333333
72,3218,3068.56666666667
73,3168,3042.96666666667
74,3168,3067.6
75,3168,3077.76666666667
76,3168,3068.93333333333
77,3168,3063.13333333333
78,3168,3043.43333333333
79,3168,3045.96666666667
80,3168,3027.6
81,3168,3054.36666666667
82,3168,3030.9
83,3168,3016.3
84,3168,3054.73333333333
85,3168,3047.33333333333
86,3168,3024.26666666667
87,3168,3045.46666666667
88,3168,3075.4
89,3168,3071
90,3168,3059.1
91,3168,3020.9
92,3168,3022.36666666667
93,3168,3048.6
94,3168,3056.2
95,3168,3060.66666666667
96,3168,3081.46666666667
97,3168,3091.8
98,3168,3105.8
99,3168,3139.33333333333
Population size,30
Crossover rate,0.6
Mutation rate,0.1
Random selection portion,0
Selection method,AForge.Genetic.RouletteWheelSelection
Iteration,FitnessMax,FitnessAvg
0,2769,2106
1,2584,2242
2,2804,2322.03333333333
3,2892,2282.33333333333
4,2995,2352.3
5,2995,2415.66666666667
6,2995,2482.1
7,2976,2418.9
8,2943,2283.4
9,2943,2265.8
10,2943,2306.56666666667
11,2943,2376.03333333333
12,2943,2423.6
13,2943,2410.03333333333
14,2943,2403.93333333333
15,2943,2391.66666666667
16,2943,2398.56666666667
17,2943,2306.36666666667
18,2762,2332
19,2762,2342.2
20,2762,2318.53333333333
21,2687,2298.63333333333
22,2687,2317.46666666667
23,2769,2263.13333333333
24,2769,2296.33333333333
25,2868,2300.96666666667
26,2868,2309.06666666667
27,2868,2241.66666666667
28,2868,2261.23333333333
29,2868,2220.6
30,2868,2257.76666666667
31,2868,2315.86666666667
32,2868,2349.33333333333
33,2868,2372.63333333333
34,2868,2452.3
35,2868,2503.96666666667
36,2868,2414.13333333333
37,3050,2379.9
38,3050,2503.1
39,3050,2583.16666666667
40,3050,2533.3
41,3050,2556.13333333333
42,3050,2557.06666666667
43,3050,2596.46666666667
44,2932,2595.56666666667
45,2932,2611
46,2711,2595.16666666667
47,2711,2599.53333333333
48,2835,2592.2
49,2730,2580.16666666667
50,2730,2560.7
51,2892,2576.06666666667
52,2892,2637.8
53,2911,2663.96666666667
54,2999,2691.96666666667
55,2873,2669.33333333333
56,2873,2692.9
57,2873,2709.16666666667
58,2878,2721.93333333333
59,2873,2666.2
60,2927,2650.8
61,2927,2652.63333333333
62,2927,2695.2
63,2927,2715.6
64,2927,2721.03333333333
65,2908,2630.16666666667
66,2826,2596.1
67,2841,2538.23333333333
68,2841,2537.2
69,2790,2537.86666666667
70,2826,2563.3
71,2826,2624.7
72,2964,2637.43333333333
73,2964,2681.93333333333
74,2964,2650.43333333333
75,2955,2638.66666666667
76,2955,2627.06666666667
77,2826,2601.6
78,2826,2603.6
79,2868,2595.53333333333
80,2868,2645.06666666667
81,2815,2644.03333333333
82,2826,2654.3
83,2949,2683.56666666667
84,2949,2723.16666666667
85,2949,2742.1
86,2982,2739.3
87,2859,2703.63333333333
88,2859,2706.86666666667
89,2859,2700.8
90,2859,2702.1
91,2913,2729.73333333333
92,2913,2755.53333333333
93,2913,2724.73333333333
94,3025,2739.73333333333
95,3025,2735.4
96,3025,2771.5
97,3025,2772.46666666667
98,3012,2824.83333333333
99,3012,2791.66666666667
Population size,30
Crossover rate,0.7
Mutation rate,0.1
Random selection portion,0
Selection method,AForge.Genetic.RouletteWheelSelection
Iteration,FitnessMax,FitnessAvg
0,2840,2098.86666666667
1,2974,2151.83333333333
2,2750,2218.56666666667
3,2750,2311
4,2773,2340.43333333333
5,2750,2290.43333333333
6,2707,2295.86666666667
7,2803,2317.93333333333
8,2833,2316.36666666667
9,3035,2463.7
10,3035,2471.3
11,2844,2454.56666666667
12,2803,2473.46666666667
13,2803,2498.3
14,3031,2491.43333333333
15,2803,2503.4
16,2857,2521.26666666667
17,2994,2556.8
18,2857,2480.1
19,2942,2537.4
20,2942,2552
21,2863,2578.33333333333
22,2863,2574.8
23,2975,2590.83333333333
24,2946,2566.76666666667
25,2946,2611.2
26,2884,2589.1
27,2969,2594.73333333333
28,3116,2656.33333333333
29,3116,2692.53333333333
30,3221,2681.5
31,3116,2606.93333333333
32,3116,2675.6
33,3070,2689.63333333333
34,3070,2722.7
35,3213,2725.26666666667
36,3213,2851.36666666667
37,3213,2893.6
38,3213,2916.83333333333
39,3213,2897.5
40,3213,2919.7
41,3213,2942.96666666667
42,3213,2963.26666666667
43,3213,2936.16666666667
44,3137,2941.9
45,3156,2961.23333333333
46,3156,2995.2
47,3156,2965.03333333333
48,3156,2970.76666666667
49,3156,2961.33333333333
50,3156,2952
51,3156,2942.43333333333
52,3137,2911.86666666667
53,3137,2875.73333333333
54,3102,2847.33333333333
55,3027,2874.06666666667
56,3223,2866.63333333333
57,3223,2894.03333333333
58,3223,2912.3
59,3223,2858.63333333333
60,3071,2858.93333333333
61,3071,2890.83333333333
62,3071,2885.06666666667
63,3031,2895.56666666667
64,3136,2916.8
65,3031,2896.73333333333
66,3137,2891.36666666667
67,3137,2874.2
68,3137,2891.33333333333
69,3137,2915.26666666667
70,3070,2930.93333333333
71,3070,2934.9
72,3070,2940.26666666667
73,3070,2955.4
74,3070,2958.86666666667
75,3124,2953.5
76,3070,2908.63333333333
77,3070,2866.5
78,3181,2891.76666666667
79,3322,2910.53333333333
80,3127,2905.83333333333
81,3322,2915.23333333333
82,3070,2925.5
83,3070,2936.9
84,3070,2971.93333333333
85,3070,3005.33333333333
86,3070,2996.93333333333
87,3070,2969.1
88,3070,2898.36666666667
89,3070,2921.3
90,3070,2893.03333333333
91,3070,2900.5
92,3070,2921.76666666667
93,3070,2933.46666666667
94,3070,2957
95,3070,2928.43333333333
96,3070,2916.23333333333
97,3070,2909.1
98,3070,2908.83333333333
99,3070,2888.7
Population size,30
Crossover rate,0.8
Mutation rate,0.1
Random selection portion,0
Selection method,AForge.Genetic.RouletteWheelSelection
Iteration,FitnessMax,FitnessAvg
0,2715,2050.3
1,3006,2029
2,3006,2102.23333333333
3,3006,2130.86666666667
4,3006,2211.43333333333
5,3006,2225.96666666667
6,3006,2304.8
7,2913,2340.46666666667
8,2913,2346.4
9,2932,2440.4
10,2901,2480.83333333333
11,2901,2603.36666666667
12,2953,2671.3
13,2953,2662.8
14,2953,2622.03333333333
15,2901,2606.03333333333
16,2901,2603.56666666667
17,2901,2630.73333333333
18,2901,2658.2
19,2901,2654.76666666667
20,2901,2669.13333333333
21,2901,2715.33333333333
22,2901,2728.83333333333
23,2882,2727.03333333333
24,2919,2709.86666666667
25,2919,2697.26666666667
26,2971,2707.9
27,2971,2712.66666666667
28,2893,2724.16666666667
29,3028,2744.33333333333
30,2932,2733.83333333333
31,2959,2741.16666666667
32,2959,2776.46666666667
33,2959,2765.33333333333
34,3028,2770.7
35,3028,2772.46666666667
36,3028,2814.43333333333
37,3028,2770.8
38,3073,2776.56666666667
39,3054,2750
40,3105,2814.13333333333
41,3105,2773.2
42,3105,2767.6
43,3105,2822.26666666667
44,3134,2838.1
45,3241,2847.73333333333
46,3134,2797.26666666667
47,3167,2833.43333333333
48,3134,2783.16666666667
49,3134,2771.66666666667
50,3134,2803.23333333333
51,3134,2832.4
52,3087,2849.93333333333
53,3087,2868.53333333333
54,3167,2892.36666666667
55,3069,2876.66666666667
56,3134,2883.96666666667
57,3180,2900.86666666667
58,3049,2871.36666666667
59,3115,2899.4
60,3115,2901.8
61,3162,2911.66666666667
62,3162,2884.56666666667
63,3162,2924
64,3078,2905.56666666667
65,3078,2899.5
66,3078,2977.8
67,3162,2987.03333333333
68,3120,2982.43333333333
69,3078,2936.36666666667
70,3078,2923.4
71,3180,2883.83333333333
72,3180,2882.7
73,3180,2927.26666666667
74,3213,2936.1
75,3180,2906.73333333333
76,3165,2892.63333333333
77,3236,2892.96666666667
78,3301,2888.03333333333
79,3301,2849.43333333333
80,3301,2826.83333333333
81,3301,2834.46666666667
82,3027,2828.43333333333
83,3027,2810.4
84,3027,2805.63333333333
85,3027,2770.1
86,3027,2737.4
87,3045,2779.9
88,3027,2831.36666666667
89,3027,2813.3
90,3027,2794.7
91,3021,2778.1
92,3021,2811.1
93,3021,2801.43333333333
94,3021,2815.93333333333
95,3021,2818.83333333333
96,3021,2812.9
97,3021,2810.13333333333
98,3021,2797.4
99,2840,2771.86666666667
Population size,30
Crossover rate,0.9
Mutation rate,0.1
Random selection portion,0
Selection method,AForge.Genetic.RouletteWheelSelection
Iteration,FitnessMax,FitnessAvg
0,2897,2234.73333333333
1,2754,2275
2,2718,2305.2
3,2718,2322.33333333333
4,2968,2310.46666666667
5,2968,2396.63333333333
6,2968,2376.96666666667
7,3001,2436.83333333333
8,3001,2589.76666666667
9,3197,2560.7
10,3137,2547.23333333333
11,3137,2589.1
12,3220,2560.86666666667
13,3362,2504.66666666667
14,3362,2583.46666666667
15,3231,2685.93333333333
16,3395,2878.3
17,3395,2835.43333333333
18,3349,2929.3
19,3349,2956.9
20,3331,2836.1
21,3331,2805.06666666667
22,3265,2774.2
23,3265,2888.53333333333
24,3395,2886.2
25,3395,2882.26666666667
26,3395,2914.33333333333
27,3395,2974.6
28,3395,3025.23333333333
29,3395,3008.16666666667
30,3395,3023.16666666667
31,3395,3072.13333333333
32,3349,3003.53333333333
33,3349,2984.93333333333
34,3349,3021.3
35,3349,3029.63333333333
36,3349,3023.43333333333
37,3349,2988.26666666667
38,3349,3037.1
39,3349,3056.3
40,3349,3155.86666666667
41,3349,3195.73333333333
42,3349,3211.23333333333
43,3349,3220.1
44,3420,3271.6
45,3349,3228.4
46,3349,3211.9
47,3393,3192.46666666667
48,3349,3187.03333333333
49,3435,3210.8
50,3435,3199.13333333333
51,3453,3195.56666666667
52,3453,3200.66666666667
53,3453,3228.53333333333
54,3453,3232.03333333333
55,3453,3217.13333333333
56,3453,3231.63333333333
57,3453,3242.43333333333
58,3435,3208.63333333333
59,3435,3193.06666666667
60,3454,3227.7
61,3454,3239.36666666667
62,3454,3275.03333333333
63,3454,3303.43333333333
64,3454,3295.43333333333
65,3454,3246.53333333333
66,3435,3230.86666666667
67,3435,3246.2
68,3454,3244.16666666667
69,3454,3245.16666666667
70,3454,3277.43333333333
71,3454,3252.63333333333
72,3454,3264.46666666667
73,3454,3287.93333333333
74,3454,3308.23333333333
75,3454,3343.9
76,3454,3343.9
77,3454,3341.76666666667
78,3454,3301.66666666667
79,3454,3342.33333333333
80,3454,3332.23333333333
81,3454,3324.23333333333
82,3435,3339.7
83,3350,3317.46666666667
84,3350,3303
85,3368,3260.6
86,3350,3278.9
87,3350,3304.46666666667
88,3350,3318.03333333333
89,3350,3308.43333333333
90,3350,3297.4
91,3350,3302.23333333333
92,3350,3329.2
93,3350,3306.76666666667
94,3350,3305.36666666667
95,3350,3298.5
96,3350,3285.4
97,3350,3296.46666666667
98,3350,3281.8
99,3350,3254.8
