Population size,30
Crossover rate,0.1
Mutation rate,0.1
Random selection portion,0
Selection method,AForge.Genetic.RouletteWheelSelection
Iteration,FitnessMax,FitnessAvg
0,2581,1756.33333333333
1,2117,1817.5
2,2117,1815.66666666667
3,2117,1787.93333333333
4,2117,1835
5,2117,1832.9
6,2034,1862.83333333333
7,2057,1898.26666666667
8,2057,1914.6
9,2057,1911.6
10,2034,1881.66666666667
11,2260,1901.73333333333
12,2260,1933.6
13,2260,1962.53333333333
14,2260,1955.66666666667
15,2260,1950.03333333333
16,2260,1928.16666666667
17,2208,1916.06666666667
18,2068,1916.43333333333
19,2068,1887.43333333333
20,2177,1955.9
21,2204,1998.7
22,2204,1997.03333333333
23,2204,2029
24,2204,2053.73333333333
25,2204,2026.8
26,2204,2042.36666666667
27,2117,2009.9
28,2117,2021.4
29,2117,2047.3
30,2117,2017.1
31,2117,2007.4
32,2117,2017.96666666667
33,2117,2012.8
34,2117,1969.93333333333
35,2117,1978.06666666667
36,2117,1996.5
37,2117,2006.5
38,2117,2011.66666666667
39,2117,1999.03333333333
40,2287,2029.2
41,2287,2044.7
42,2287,2067.33333333333
43,2287,2077.26666666667
44,2287,2101.9
45,2287,2062.03333333333
46,2287,2075.36666666667
47,2117,2035.83333333333
48,2117,2036.53333333333
49,2117,2026.86666666667
50,2117,2014.63333333333
51,2117,2017.5
52,2117,1994.53333333333
53,2034,1991.56666666667
54,2076,1991.16666666667
55,2034,1990.53333333333
56,2034,1975.06666666667
57,2034,1970.63333333333
58,2117,2000.53333333333
59,2235,2001.23333333333
60,2235,2007.4
61,2261,2046.7
62,2261,2044.06666666667
63,2261,2019.06666666667
64,2261,2017.36666666667
65,2284,2043.36666666667
66,2284,2050
67,2284,2046.4
68,2261,2019.1
69,2235,2018.56666666667
70,2235,2075.63333333333
71,2235,2077.73333333333
72,2235,2068.6
73,2235,2087.23333333333
74,2235,2086.03333333333
75,2155,2050.83333333333
76,2333,2070.16666666667
77,2333,2082.16666666667
78,2333,2093.46666666667
79,2333,2099.8
80,2333,2108.56666666667
81,2586,2149.13333333333
82,2333,2139.5
83,2333,2103.7
84,2333,2092.4
85,2333,2067.6
86,2382,2061.86666666667
87,2382,2072.86666666667
88,2382,2117.1
89,2382,2066
90,2382,2080.66666666667
91,2382,2161.6
92,2382,2170.33333333333
93,2382,2180.73333333333
94,2382,2215.5
95,2382,2191.16666666667
96,2382,2193.53333333333
97,2465,2210.7
98,2382,2169.73333333333
99,2382,2145.36666666667
Population size,30
Crossover rate,0.2
Mutation rate,0.1
Random selection portion,0
Selection method,AForge.Genetic.RouletteWheelSelection
Iteration,FitnessMax,FitnessAvg
0,2601,1894.56666666667
1,2580,1908.53333333333
2,2111,1920.56666666667
3,2161,1953.13333333333
4,2199,1989.7
5,2199,2014.8
6,2287,2002.26666666667
7,2287,1975.53333333333
8,2209,2016.8
9,2556,2034.3
10,2556,2056.06666666667
11,2556,2102.36666666667
12,2556,2076.73333333333
13,2556,2152.83333333333
14,2556,2182.73333333333
15,2556,2185.8
16,2556,2183.5
17,2323,2163.7
18,2326,2204.9
19,2326,2203.8
20,2326,2194.03333333333
21,2326,2189.43333333333
22,2326,2197.43333333333
23,2326,2211.96666666667
24,2469,2187.56666666667
25,2469,2173.53333333333
26,2678,2150.36666666667
27,2535,2167.06666666667
28,2535,2169.43333333333
29,2535,2191.96666666667
30,2590,2205.23333333333
31,2590,2267.06666666667
32,2590,2255.1
33,2611,2303.13333333333
34,2611,2327.7
35,2611,2334.5
36,2611,2357
37,2611,2351.3
38,2611,2394.36666666667
39,2611,2384.9
40,2611,2398.5
41,2611,2370.36666666667
42,2611,2384.66666666667
43,2611,2455.73333333333
44,2611,2407.9
45,2611,2445.16666666667
46,2611,2485.03333333333
47,2611,2451.96666666667
48,2611,2474.16666666667
49,2701,2441.36666666667
50,2701,2385.93333333333
51,2611,2345.93333333333
52,2633,2399.6
53,2611,2426.1
54,2611,2453.9
55,2611,2397.23333333333
56,2611,2397.76666666667
57,2611,2410.7
58,2533,2398
59,2549,2405.7
60,2549,2405.66666666667
61,2611,2409.6
62,2611,2438.16666666667
63,2611,2462.73333333333
64,2611,2475.63333333333
65,2684,2487.2
66,2684,2513.3
67,2684,2524.8
68,2749,2555.66666666667
69,2749,2549.3
70,2749,2545.86666666667
71,2749,2547.2
72,2749,2524.4
73,2749,2525.56666666667
74,2749,2546.26666666667
75,2749,2529.06666666667
76,2749,2550.6
77,2749,2509.23333333333
78,2749,2495.73333333333
79,2749,2441.06666666667
80,2749,2424.36666666667
81,2749,2460.8
82,2749,2442.63333333333
83,2749,2397.53333333333
84,2749,2440.53333333333
85,2749,2436.83333333333
86,2678,2435
87,2678,2407.93333333333
88,2539,2401.33333333333
89,2539,2385.63333333333
90,2539,2412.16666666667
91,2539,2391.23333333333
92,2539,2387.9
93,2461,2402.26666666667
94,2507,2409.76666666667
95,2662,2392.7
96,2662,2391.86666666667
97,2662,2401.5
98,2662,2403.4
99,2665,2445.86666666667
Population size,30
Crossover rate,0.3
Mutation rate,0.1
Random selection portion,0
Selection method,AForge.Genetic.RouletteWheelSelection
Iteration,FitnessMax,FitnessAvg
0,2533,1912.1
1,2637,1928.4
2,2637,2073.33333333333
3,2637,2263.86666666667
4,2637,2358.6
5,2624,2412.8
6,2624,2392.7
7,2624,2366.43333333333
8,2624,2342.03333333333
9,2624,2344.13333333333
10,2624,2355.23333333333
11,2624,2356.96666666667
12,2624,2357.56666666667
13,2633,2360.26666666667
14,2579,2333.26666666667
15,2681,2352.76666666667
16,2579,2330.63333333333
17,2579,2343.83333333333
18,2579,2323.16666666667
19,2579,2316.46666666667
20,2579,2323.73333333333
21,2633,2350.1
22,2845,2438.63333333333
23,2929,2512.56666666667
24,2929,2537.8
25,2929,2573.4
26,2929,2588.3
27,2929,2557.13333333333
28,2877,2577.8
29,2807,2565.16666666667
30,2677,2575.8
31,2679,2556.7
32,2679,2551.16666666667
33,2822,2571.93333333333
34,2822,2593.36666666667
35,2822,2613.3
36,2822,2601.26666666667
37,2822,2561.73333333333
38,2822,2512.2
39,2984,2631.63333333333
40,2735,2551.33333333333
41,2830,2559.46666666667
42,2830,2520.46666666667
43,2841,2589.1
44,2830,2596.9
45,2830,2677.26666666667
46,2830,2690.83333333333
47,2830,2724.36666666667
48,2830,2721.8
49,2830,2726.66666666667
50,2807,2735
51,2879,2757.03333333333
52,2878,2752.36666666667
53,2878,2745.86666666667
54,2878,2742.53333333333
55,2791,2732.56666666667
56,2807,2724.76666666667
57,2934,2700.96666666667
58,2878,2696.86666666667
59,2814,2695.6
60,2791,2690.2
61,2791,2658.93333333333
62,2814,2663.56666666667
63,2814,2659
64,2814,2678.13333333333
65,2791,2670.2
66,2814,2679.7
67,2791,2661.16666666667
68,2791,2674.16666666667
69,2791,2670.83333333333
70,2797,2702.4
71,2797,2717.53333333333
72,2797,2717.16666666667
73,2828,2713.66666666667
74,2797,2692.96666666667
75,2797,2652.73333333333
76,2805,2673.63333333333
77,2800,2629.23333333333
78,2800,2577.03333333333
79,2794,2561.43333333333
80,2797,2603.3
81,2797,2586.26666666667
82,2794,2574.43333333333
83,2817,2629.16666666667
84,2817,2651.8
85,2817,2664.63333333333
86,2817,2667.4
87,2845,2661.1
88,2845,2659.3
89,2814,2669.1
90,2814,2683.33333333333
91,2817,2704.63333333333
92,2817,2694.1
93,2886,2703.6
94,2886,2675.86666666667
95,2807,2623.56666666667
96,2830,2667.36666666667
97,2848,2678.53333333333
98,2848,2663.26666666667
99,2814,2680.4
Population size,30
Crossover rate,0.4
Mutation rate,0.1
Random selection portion,0
Selection method,AForge.Genetic.RouletteWheelSelection
Iteration,FitnessMax,FitnessAvg
0,2389,1762.56666666667
1,2387,1892.3
2,2518,1968.93333333333
3,2518,2029.73333333333
4,2385,2013.5
5,2385,2070.43333333333
6,2409,2065.96666666667
7,2518,2097.76666666667
8,2518,2092.23333333333
9,2518,2052.36666666667
10,2299,2016.7
11,2299,2003.33333333333
12,2299,1989.63333333333
13,2418,2048.03333333333
14,2418,2076.5
15,2418,2114.03333333333
16,2500,2126.1
17,2552,2123.16666666667
18,2552,2189.93333333333
19,2552,2244.56666666667
20,2552,2289.53333333333
21,2485,2306.36666666667
22,2485,2289.83333333333
23,2557,2282.93333333333
24,2557,2237.03333333333
25,2557,2189.06666666667
26,2552,2199.96666666667
27,2552,2274
28,2552,2195.43333333333
29,2650,2258.13333333333
30,2552,2266.63333333333
31,2552,2158.83333333333
32,2838,2275.06666666667
33,2838,2369.13333333333
34,2838,2377.06666666667
35,2838,2293
36,2838,2289.93333333333
37,2838,2303.16666666667
38,2838,2361.36666666667
39,2838,2405.96666666667
40,2838,2481.86666666667
41,2838,2533.3
42,2838,2549.53333333333
43,2838,2532.46666666667
44,2838,2464.66666666667
45,2622,2458.36666666667
46,2687,2461.43333333333
47,2687,2491.7
48,2687,2516.86666666667
49,2687,2509.3
50,2687,2526.66666666667
51,2687,2582.33333333333
52,2888,2587.43333333333
53,2888,2636.46666666667
54,2888,2627.6
55,2888,2619.9
56,2888,2645.56666666667
57,2888,2641.16666666667
58,2888,2613.93333333333
59,2888,2652.56666666667
60,2888,2563.16666666667
61,2940,2558.2
62,2940,2618.56666666667
63,2940,2631.96666666667
64,2940,2597.23333333333
65,2940,2675.26666666667
66,2940,2707.23333333333
67,2940,2704.76666666667
68,2940,2710.83333333333
69,2888,2641.23333333333
70,2888,2662.16666666667
71,2888,2661.8
72,2888,2629.36666666667
73,2873,2634.7
74,2785,2599.56666666667
75,2785,2606.13333333333
76,2785,2612.13333333333
77,2888,2645.1
78,2911,2632.66666666667
79,2888,2587.4
80,2770,2572.03333333333
81,2834,2549.73333333333
82,2762,2542.13333333333
83,2825,2558.93333333333
84,2828,2561.63333333333
85,2877,2608.73333333333
86,2877,2675.06666666667
87,2877,2669.6
88,2877,2619.26666666667
89,2877,2602.7
90,2877,2654.66666666667
91,2825,2656.13333333333
92,2828,2645.23333333333
93,2900,2657.23333333333
94,2917,2638.66666666667
95,2923,2670.5
96,2923,2700.9
97,2923,2688.23333333333
98,2923,2668.96666666667
99,2923,2696.66666666667
Population size,30
Crossover rate,0.5
Mutation rate,0.1
Random selection portion,0
Selection method,AForge.Genetic.RouletteWheelSelection
Iteration,FitnessMax,FitnessAvg
0,2445,1775.53333333333
1,2445,1882.1
2,2289,1901.93333333333
3,2277,2044.13333333333
4,2352,2122
5,2528,2172.1
6,2528,2168.9
7,2365,2133.4
8,2365,2155.03333333333
9,2365,2188.6
10,2390,2191.56666666667
11,2365,2185.46666666667
12,2365,2191.4
13,2365,2168.93333333333
14,2365,2197
15,2381,2224.93333333333
16,2365,2201.03333333333
17,2365,2203.16666666667
18,2342,2171.7
19,2342,2167.86666666667
20,2342,2203.76666666667
21,2342,2206.1
22,2464,2146.66666666667
23,2309,2098.9
24,2309,2127.06666666667
25,2258,2106.83333333333
26,2258,2053.26666666667
27,2241,2053.9
28,2203,2052
29,2203,1990.16666666667
30,2342,1984.8
31,2342,2039.16666666667
32,2241,2022.7
33,2241,2062.1
34,2241,2078.86666666667
35,2342,2071.43333333333
36,2342,2116.26666666667
37,2294,2141.83333333333
38,2257,2137.6
39,2257,2137.26666666667
40,2422,2180.16666666667
41,2422,2194.43333333333
42,2422,2229.6
43,2422,2234.96666666667
44,2422,2230.2
45,2445,2226.03333333333
46,2445,2176.13333333333
47,2445,2165.3
48,2344,2143.33333333333
49,2438,2156.83333333333
50,2438,2152.96666666667
51,2438,2163.33333333333
52,2302,2139.2
53,2302,2128.3
54,2302,2151
55,2366,2161.86666666667
56,2342,2115.66666666667
57,2358,2128.1
58,2358,2174.76666666667
59,2358,2211.56666666667
60,2358,2199.53333333333
61,2358,2202.13333333333
62,2358,2203.2
63,2358,2199.26666666667
64,2358,2186.6
65,2358,2189.7
66,2358,2181.73333333333
67,2472,2181.76666666667
68,2507,2247.56666666667
69,2507,2239.2
70,2507,2247.1
71,2384,2247.06666666667
72,2534,2255.26666666667
73,2400,2251.26666666667
74,2534,2263.43333333333
75,2534,2268.5
76,2534,2262.33333333333
77,2534,2252.23333333333
78,2534,2250.26666666667
79,2534,2269.4
80,2534,2300.06666666667
81,2534,2295.76666666667
82,2534,2257.33333333333
83,2534,2276.16666666667
84,2534,2311.2
85,2589,2337.23333333333
86,2534,2380.23333333333
87,2534,2391.96666666667
88,2534,2345.6
89,2590,2313.7
90,2590,2342.8
91,2590,2365.36666666667
92,2590,2391.2
93,2739,2478.9
94,2691,2519.1
95,2691,2510.16666666667
96,2691,2503.1
97,2691,2509.33333333333
98,2739,2490.73333333333
99,2739,2532.43333333333
Population size,30
Crossover rate,0.6
Mutation rate,0.1
Random selection portion,0
Selection method,AForge.Genetic.RouletteWheelSelection
Iteration,FitnessMax,FitnessAvg
0,2486,1759.96666666667
1,2592,1820.7
2,2592,1959.33333333333
3,2592,1960.3
4,2592,1963.33333333333
5,2362,1958.36666666667
6,2362,2015.13333333333
7,2325,1983.2
8,2336,2020.46666666667
9,2336,2045.9
10,2336,2011.33333333333
11,2163,1977.1
12,2253,2016.4
13,2253,2040.73333333333
14,2262,2021.3
15,2262,2035.63333333333
16,2175,1939.53333333333
17,2348,1984.3
18,2443,1915.93333333333
19,2443,1887.2
20,2348,1998.43333333333
21,2348,2011.03333333333
22,2348,2041.83333333333
23,2348,2028.63333333333
24,2348,2018.4
25,2446,2057.33333333333
26,2489,2036.76666666667
27,2572,2116.3
28,2572,2031.83333333333
29,2374,1962.33333333333
30,2374,2023.8
31,2374,2116.96666666667
32,2374,2137.7
33,2374,2197.93333333333
34,2513,2190.93333333333
35,2559,2212.8
36,2525,2184.1
37,2525,2182.06666666667
38,2654,2266.66666666667
39,2654,2292.26666666667
40,2654,2371.53333333333
41,2659,2373.53333333333
42,2659,2475.1
43,2719,2498.33333333333
44,2711,2530
45,2654,2452.1
46,2654,2490.36666666667
47,2654,2499.76666666667
48,2628,2483.13333333333
49,2628,2511.2
50,2628,2533.06666666667
51,2631,2541.7
52,2666,2559.86666666667
53,2666,2557.56666666667
54,2666,2562.9
55,2620,2546
56,2620,2540.73333333333
57,2671,2563.63333333333
58,2671,2579.6
59,2671,2605.2
60,2671,2592.13333333333
61,2671,2560.73333333333
62,2671,2549.16666666667
63,2671,2560.43333333333
64,2752,2567.1
65,2752,2567.46666666667
66,2671,2580.23333333333
67,2671,2573.8
68,2671,2541.3
69,2671,2501.96666666667
70,2671,2509.23333333333
71,2671,2473.26666666667
72,2671,2437.2
73,2671,2438.66666666667
74,2706,2451.03333333333
75,2706,2434.16666666667
76,2495,2419.63333333333
77,2479,2418.86666666667
78,2479,2403.23333333333
79,2479,2399.2
80,2479,2379.56666666667
81,2513,2379.86666666667
82,2513,2376.33333333333
83,2513,2345.06666666667
84,2513,2354.23333333333
85,2541,2355.4
86,2541,2350.36666666667
87,2513,2354.06666666667
88,2513,2382.93333333333
89,2513,2391.93333333333
90,2662,2388.53333333333
91,2513,2399.56666666667
92,2573,2392.16666666667
93,2573,2418.1
94,2513,2422
95,2513,2423.36666666667
96,2513,2411.56666666667
97,2513,2412.73333333333
98,2513,2422.2
99,2513,2421.6
Population size,30
Crossover rate,0.7
Mutation rate,0.1
Random selection portion,0
Selection method,AForge.Genetic.RouletteWheelSelection
Iteration,FitnessMax,FitnessAvg
0,2519,1786.83333333333
1,2568,1758.86666666667
2,2568,1830.7
3,2568,1870.16666666667
4,2568,1880.46666666667
5,2568,1893.23333333333
6,2568,2010.86666666667
7,2585,2108.13333333333
8,2585,2172.9
9,2585,2251.9
10,2626,2295.26666666667
11,2626,2318.2
12,2585,2389.8
13,2585,2396.56666666667
14,2585,2407.76666666667
15,2628,2410.8
16,2802,2455.8
17,2802,2469.46666666667
18,2802,2473.43333333333
19,2802,2478.53333333333
20,2802,2530.13333333333
21,2802,2554.86666666667
22,2802,2554.73333333333
23,2822,2484.3
24,2802,2550.66666666667
25,2802,2591.13333333333
26,2802,2599.93333333333
27,2802,2615.33333333333
28,2802,2638.66666666667
29,2802,2602.33333333333
30,2785,2642.86666666667
31,2785,2661.76666666667
32,2867,2691.46666666667
33,2806,2723.8
34,2806,2736.76666666667
35,2811,2749.36666666667
36,2811,2741.16666666667
37,2802,2716.2
38,2802,2712.86666666667
39,2802,2700.63333333333
40,2802,2749.33333333333
41,2802,2757.3
42,2802,2742.9
43,2785,2741.3
44,2785,2743.26666666667
45,2785,2755.16666666667
46,2785,2728.43333333333
47,2785,2704.46666666667
48,2785,2678.7
49,2785,2640.93333333333
50,2785,2622.8
51,2785,2599.2
52,2785,2599.3
53,2785,2601.83333333333
54,2762,2618.36666666667
55,2762,2610.7
56,2762,2607.3
57,2762,2641.56666666667
58,2762,2671.4
59,2762,2683.16666666667
60,2733,2664.43333333333
61,2733,2629.4
62,2733,2613.5
63,2805,2639.46666666667
64,2851,2643.2
65,2861,2678.83333333333
66,2861,2713.7
67,2861,2726.8
68,2861,2753.76666666667
69,2861,2763.3
70,2861,2774.16666666667
71,2934,2758.8
72,2851,2763.8
73,2979,2744.26666666667
74,2979,2737.13333333333
75,2979,2747.93333333333
76,2923,2729.7
77,2923,2704.03333333333
78,2854,2719.26666666667
79,2838,2720.76666666667
80,2851,2712.06666666667
81,2838,2718.43333333333
82,2851,2726.9
83,2838,2715.63333333333
84,2838,2704.33333333333
85,2838,2700.13333333333
86,2838,2683.8
87,2838,2651.2
88,2838,2639.63333333333
89,2838,2640.16666666667
90,2838,2657.4
91,2838,2644.16666666667
92,2838,2640.36666666667
93,2838,2657.86666666667
94,2838,2668.3
95,2838,2665.43333333333
96,2838,2681.76666666667
97,2838,2685.8
98,2864,2668.9
99,2864,2664.36666666667
Population size,30
Crossover rate,0.8
Mutation rate,0.1
Random selection portion,0
Selection method,AForge.Genetic.RouletteWheelSelection
Iteration,FitnessMax,FitnessAvg
0,2514,1793.7
1,2282,1749.76666666667
2,2346,1827.16666666667
3,2377,1842.3
4,2423,1973.7
5,2423,1987.1
6,2423,1999.8
7,2423,2093
8,2423,2113.2
9,2557,2088.06666666667
10,2557,2125
11,2518,2072.2
12,2518,2110.13333333333
13,2518,2128.3
14,2423,2172.63333333333
15,2423,2135.96666666667
16,2423,2160.8
17,2461,2150.26666666667
18,2370,2155.93333333333
19,2370,2159.86666666667
20,2370,2096.23333333333
21,2381,2036.43333333333
22,2322,1944.5
23,2287,1932.6
24,2287,1971.43333333333
25,2537,2007.56666666667
26,2486,2016.1
27,2286,1953.93333333333
28,2326,1980.33333333333
29,2326,2024.3
30,2326,2043.9
31,2326,2048.16666666667
32,2288,2019
33,2338,2026.1
34,2338,2029.4
35,2341,2020.96666666667
36,2341,2083.36666666667
37,2341,2102.76666666667
38,2458,2104.76666666667
39,2458,2103.83333333333
40,2458,2128.2
41,2458,2099.93333333333
42,2458,2142.1
43,2363,2122.16666666667
44,2346,2121.8
45,2414,2167.13333333333
46,2303,2172.3
47,2453,2208.26666666667
48,2435,2239.86666666667
49,2417,2247.76666666667
50,2569,2240.8
51,2569,2248.46666666667
52,2569,2278.73333333333
53,2428,2270.33333333333
54,2562,2281.63333333333
55,2562,2279.73333333333
56,2562,2269.96666666667
57,2562,2308.53333333333
58,2562,2364.56666666667
59,2562,2386.7
60,2562,2317.73333333333
61,2562,2349.56666666667
62,2562,2364.83333333333
63,2562,2326.23333333333
64,2562,2285.83333333333
65,2562,2288.63333333333
66,2562,2293.2
67,2562,2284.86666666667
68,2562,2270.3
69,2562,2324
70,2562,2314.36666666667
71,2562,2321.63333333333
72,2562,2307.26666666667
73,2562,2298.1
74,2562,2319.7
75,2600,2319.13333333333
76,2562,2319.13333333333
77,2562,2271.36666666667
78,2600,2327.8
79,2600,2352.9
80,2600,2365.16666666667
81,2600,2349.53333333333
82,2600,2381.66666666667
83,2600,2334.96666666667
84,2600,2343.43333333333
85,2600,2304.86666666667
86,2560,2331.86666666667
87,2709,2372.66666666667
88,2709,2412.83333333333
89,2709,2399.2
90,2709,2486.2
91,2709,2456.33333333333
92,2709,2428.23333333333
93,2709,2478.56666666667
94,2709,2506.66666666667
95,2709,2484.6
96,2709,2454.7
97,2709,2493.06666666667
98,2709,2511.93333333333
99,2709,2496.06666666667
Population size,30
Crossover rate,0.9
Mutation rate,0.1
Random selection portion,0
Selection method,AForge.Genetic.RouletteWheelSelection
Iteration,FitnessMax,FitnessAvg
0,2375,1879.3
1,2375,1867.9
2,2406,1832.23333333333
3,2406,1890.9
4,2406,1948.53333333333
5,2406,1897.9
6,2406,1944.63333333333
7,2482,2022.66666666667
8,2406,1994.56666666667
9,2434,2060.66666666667
10,2492,2099.43333333333
11,2656,2158.96666666667
12,2684,2206.93333333333
13,2492,2151.9
14,2577,2216.53333333333
15,2577,2135.93333333333
16,2581,2118.63333333333
17,2581,2219.86666666667
18,2581,2354
19,2624,2368.5
20,2630,2346.63333333333
21,2681,2417.8
22,2681,2416.46666666667
23,2681,2419.16666666667
24,2681,2416.56666666667
25,2681,2417.83333333333
26,2681,2403.93333333333
27,2681,2542.1
28,2630,2550.1
29,2630,2547.36666666667
30,2759,2558.3
31,2759,2535.8
32,2630,2572.7
33,2630,2540.53333333333
34,2630,2554.63333333333
35,2630,2554.4
36,2630,2538.16666666667
37,2703,2552.23333333333
38,2630,2504.13333333333
39,2630,2499.73333333333
40,2630,2520.26666666667
41,2647,2506.13333333333
42,2647,2472.5
43,2647,2512.3
44,2647,2503.93333333333
45,2647,2518.76666666667
46,2725,2528.8
47,2776,2504.66666666667
48,2698,2516.66666666667
49,2647,2539.5
50,2647,2536.9
51,2647,2540.1
52,2698,2533.76666666667
53,2698,2573.96666666667
54,2698,2570.7
55,2698,2572.1
56,2698,2590.16666666667
57,2764,2579.93333333333
58,2698,2560.96666666667
59,2770,2587
60,2781,2571.73333333333
61,2781,2573.26666666667
62,2770,2560.53333333333
63,2770,2570.03333333333
64,2770,2538.03333333333
65,2753,2586.13333333333
66,2753,2607.06666666667
67,2702,2581.16666666667
68,2702,2590.83333333333
69,2830,2622.83333333333
70,2792,2642.33333333333
71,2753,2643.66666666667
72,2753,2641.06666666667
73,2753,2641.53333333333
74,2770,2643.23333333333
75,2770,2649.9
76,2770,2633.63333333333
77,2681,2624.6
78,2698,2620.93333333333
79,2647,2595.06666666667
80,2647,2596.53333333333
81,2647,2575.2
82,2647,2588.56666666667
83,2647,2605.26666666667
84,2698,2622.56666666667
85,2720,2610.9
86,2720,2614.36666666667
87,2720,2621.93333333333
88,2720,2633.16666666667
89,2720,2623.8
90,2758,2629.33333333333
91,2758,2623.26666666667
92,2775,2578.13333333333
93,2775,2535.66666666667
94,2775,2503.83333333333
95,2720,2550.26666666667
96,2720,2546.06666666667
97,2775,2563.83333333333
98,2775,2532.1
99,2720,2528.36666666667
