Population size,100
Crossover rate,0.66
Mutation rate,0.34
Random selection portion,0.03
Selection method,AForge.Genetic.RouletteWheelSelection
Diversity check,False
Iteration,FitnessMax,FitnessAvg
0,1960,1405.43
1,2047,1421.56
2,2047,1488
3,2089,1617.74
4,2301,1608.17
5,2158,1679.83
6,2089,1622.59
7,2165,1708.78
8,2165,1743.87
9,2180,1745.55
10,2182,1730.51
11,2182,1736.93
12,2182,1736.68
13,2371,1796.32
14,2371,1818.49
15,2388,1839.05
16,2210,1854.12
17,2284,1871.03
18,2388,1846.8
19,2299,1883.21
20,2280,1908.49
21,2371,1906.31
22,2371,1917.34
23,2299,1961.83
24,2279,1982.95
25,2279,1968.71
26,2279,1891.99
27,2272,1918.77
28,2316,1930.45
29,2294,1865.34
30,2294,1855.51
31,2294,1873.51
32,2368,1863.7
33,2356,1915.7
34,2384,1938.77
35,2356,1917.76
36,2356,1939.23
37,2443,1968.6
38,2443,1985.4
39,2443,1981.27
40,2443,1987.12
41,2443,2015.28
42,2443,2049.65
43,2400,2053.63
44,2455,2040.63
45,2455,2059.37
46,2443,2049.66
47,2394,2031.83
48,2394,2014.29
49,2443,2037.77
50,2379,1998.47
51,2366,1984.18
52,2366,1981.2
53,2366,2010
54,2388,2026.68
55,2388,2012.45
56,2388,1992.65
57,2388,1996.26
58,2388,1959.77
59,2432,1969.2
60,2443,1987.39
61,2381,2006.68
62,2410,2024.55
63,2487,1982.21
64,2391,2043.65
65,2391,2007.43
66,2391,2014.02
67,2366,1980.36
68,2332,1959.47
69,2337,1968.71
70,2337,1991.27
71,2409,1951.47
72,2409,1969.37
73,2409,1957.27
74,2396,1969.71
75,2396,1970.86
76,2396,1975.66
77,2396,1964.82
78,2396,1958.17
79,2337,1945.49
80,2337,1956.85
81,2426,1938.41
82,2337,1960.26
83,2381,1974.97
84,2381,2004.56
85,2381,1989.56
86,2396,2045.02
87,2396,2038.53
88,2384,2050.22
89,2381,1991.92
90,2381,2020.04
91,2428,1951.66
92,2428,1976.15
93,2428,2011.3
94,2428,2055.02
95,2338,2031.4
96,2338,2015.5
97,2338,2027.48
98,2458,2000.63
99,2381,1985.63
100,2381,1997.07
101,2381,2009.93
102,2381,2006.43
103,2381,2014.51
104,2361,2000.21
105,2361,1992.82
106,2361,2018.27
107,2417,2029.95
108,2361,2006.77
109,2450,2002.23
110,2428,2043.12
111,2428,2030.97
112,2428,1983.51
113,2428,1997.2
114,2428,1961.85
115,2428,1954.7
116,2517,1938.43
117,2517,1956.66
118,2517,2046.34
119,2468,2060.16
120,2443,2078.17
121,2424,2102.66
122,2458,2112.34
123,2433,2098.09
124,2428,2157.95
125,2450,2124.2
126,2450,2082.13
127,2450,2045.24
128,2450,2051.94
129,2369,2032.8
130,2356,2006.2
131,2356,2030.49
132,2356,2011.33
133,2356,1994.27
134,2361,1966.12
135,2361,1949.05
136,2312,2005.43
137,2400,2008.1
138,2312,2008.73
139,2312,2014.5
140,2327,2027.27
141,2333,2009.66
142,2458,2051.71
143,2458,2048.01
144,2333,2054.68
145,2400,2049.16
146,2400,2056.2
147,2400,2063.85
148,2400,2024.24
149,2400,2045.76
150,2400,2050.49
151,2400,2026.57
152,2438,2056
153,2438,2067.24
154,2438,2032.75
155,2438,2026.4
156,2413,2044.51
157,2420,2039.42
158,2487,2067.81
159,2487,2081.13
160,2487,2038.15
161,2460,2028.12
162,2460,2080.37
163,2460,2070.76
164,2527,2110.14
165,2487,2083.02
166,2487,2088.49
167,2369,2082.71
168,2394,2080.99
169,2443,2083.06
170,2400,2082.33
171,2487,2115.03
172,2487,2099.06
173,2487,2084.19
174,2487,2068.41
175,2502,2062.77
176,2487,2087.79
177,2487,2030.21
178,2532,2034.72
179,2532,2056.06
180,2532,2061.07
181,2532,2098.43
182,2532,2061.6
183,2424,2112.16
184,2401,2086.36
185,2458,2022.35
186,2424,2024.13
187,2458,2055.39
188,2424,2058.91
189,2424,2134.94
190,2465,2145.59
191,2465,2141.71
192,2483,2108.92
193,2483,2135.38
194,2458,2120.79
195,2458,2082.16
196,2458,2060.4
197,2458,2050.6
198,2458,2061.02
199,2458,2087.78
200,2509,2079.75
201,2468,2045.71
202,2468,2018.99
203,2465,2042.32
204,2465,2035.81
205,2465,1992.96
206,2465,1992.26
207,2465,2028.64
208,2465,2052.18
209,2465,2029.03
210,2465,2080.86
211,2465,2077.75
212,2465,2044.18
213,2465,2030.82
214,2465,2060.68
215,2465,2066.57
216,2401,2071.43
217,2401,2071.17
218,2450,2114.89
219,2450,2065.6
220,2450,2095.13
221,2468,2078.42
222,2468,2112.28
223,2524,2134.93
224,2524,2147.08
225,2532,2158.71
226,2532,2192.03
227,2532,2200.32
228,2532,2217.95
229,2532,2202.66
230,2468,2190.73
231,2468,2187.58
232,2527,2179.59
233,2527,2167.44
234,2468,2149.04
235,2468,2183.76
236,2468,2131.13
237,2468,2119.17
238,2468,2111.85
239,2468,2157.38
240,2468,2159.18
241,2468,2149.52
242,2468,2110.02
243,2468,2108.32
244,2468,2090.52
245,2460,2072.69
246,2524,2041.73
247,2527,2100.17
248,2524,2137.7
249,2527,2163.04
250,2527,2143.04
251,2527,2125.48
252,2527,2176.61
253,2527,2176.71
254,2527,2161.9
255,2527,2166.07
256,2527,2160.54
257,2527,2139.54
258,2527,2183.59
259,2527,2196.83
260,2527,2199.61
261,2527,2159.27
262,2483,2141.65
263,2483,2121.88
264,2527,2124.78
265,2483,2137.52
266,2483,2131.27
267,2527,2133.27
268,2473,2132.3
269,2460,2091.94
270,2546,2087.61
271,2468,2055.7
272,2468,2051.05
273,2468,2050.43
274,2509,2016.69
275,2468,2024.72
276,2416,2030.85
277,2524,2007.13
278,2524,2023.51
279,2527,2026.47
280,2527,2039.34
281,2527,2048.81
282,2527,2064.46
283,2527,2049.69
284,2492,2024.09
285,2492,2014.21
286,2492,2011.17
287,2494,2044.75
288,2494,2049.22
289,2450,2051.52
290,2450,2069.1
291,2509,2045.91
292,2391,2016.14
293,2374,1998.56
294,2450,1946.11
295,2450,1975.76
296,2450,2027.25
297,2450,2021.22
298,2374,1996.51
299,2381,1975.6
Population size,100
Crossover rate,0.66
Mutation rate,0.34
Random selection portion,0.03
Selection method,AForge.Genetic.RouletteWheelSelection
Diversity check,True
Iteration,FitnessMax,FitnessAvg
0,1997,1386.84
1,2092,1417.9
2,2092,1435.95
3,2092,1462.13
4,2117,1551.2
5,2122,1586.47
6,2160,1623.32
7,2129,1658.24
8,2205,1638.04
9,2129,1650.71
10,2144,1661.63
11,2144,1669.64
12,2144,1716.72
13,2127,1722.16
14,2260,1732.06
15,2260,1769.52
16,2260,1771.74
17,2260,1814.64
18,2327,1862.31
19,2327,1835.58
20,2327,1920.24
21,2327,1891.28
22,2368,1905.97
23,2368,1910.19
24,2420,1948.54
25,2420,1975.56
26,2420,1967.2
27,2420,1990.33
28,2420,1952.56
29,2336,1952.21
30,2336,1914.39
31,2336,1941.72
32,2336,1898.45
33,2336,1881.04
34,2322,1926.1
35,2322,1929.36
36,2346,1922.56
37,2346,1923.27
38,2322,1913.51
39,2412,1901.45
40,2334,1916.4
41,2334,1908.12
42,2334,1928.59
43,2294,1936
44,2294,1880.6
45,2408,1932.8
46,2420,1924.7
47,2420,1908.06
48,2420,1872.91
49,2420,1888.95
50,2319,1881.67
51,2350,1877.93
52,2350,1892.08
53,2350,1931.76
54,2298,1944.98
55,2316,1939.75
56,2298,1920.64
57,2298,1944.19
58,2319,1930.98
59,2375,1954.91
60,2437,1991.11
61,2437,2009.97
62,2437,2017.04
63,2437,2069.71
64,2437,2062.06
65,2386,2056.41
66,2375,2049.63
67,2459,2042.57
68,2459,2057.08
69,2459,2078.27
70,2459,2063.27
71,2459,2071.54
72,2459,2014.24
73,2370,1998.21
74,2398,1976.76
75,2368,1965.69
76,2368,1943.21
77,2368,1966.51
78,2368,1997.13
79,2370,1990.18
80,2368,1985.72
81,2368,2028.72
82,2398,2029.98
83,2459,2012.93
84,2459,2001.17
85,2375,2005.19
86,2398,2028.16
87,2370,1988.6
88,2415,2033.47
89,2415,2001.63
90,2437,1993.11
91,2437,2012.42
92,2437,1959.06
93,2385,1944.61
94,2385,1921.2
95,2385,1903.05
96,2442,1910.1
97,2442,1916.21
98,2442,1938.84
99,2385,1923.64
100,2385,1943.62
101,2393,1898.1
102,2385,1915.39
103,2452,1879.41
104,2395,1912.06
105,2393,1908.73
106,2393,1924.27
107,2393,1894.66
108,2319,1926.1
109,2319,1914.27
110,2351,1964.37
111,2334,1945.14
112,2334,1932.14
113,2341,1924.07
114,2415,1912.78
115,2415,1941.7
116,2342,1910.38
117,2351,1919.18
118,2420,1949.84
119,2351,1992.35
120,2415,1992.33
121,2385,2016.28
122,2459,2017.41
123,2459,2008.66
124,2459,2017.05
125,2459,2073.95
126,2459,2068.27
127,2459,2069.08
128,2459,2064.19
129,2442,2052.42
130,2459,2061.09
131,2509,2024.15
132,2442,2018.02
133,2442,1998.56
134,2401,2076.85
135,2401,2106.39
136,2410,2043.17
137,2360,2020.16
138,2385,2027.05
139,2409,2012.3
140,2409,2021.73
141,2409,2020.87
142,2429,2044.35
143,2407,2028.53
144,2407,2086.8
145,2459,2108.2
146,2420,2079.73
147,2532,2026.02
148,2532,2114.74
149,2479,2108.34
150,2576,2089.92
151,2576,2141.66
152,2576,2083.58
153,2479,2090.09
154,2576,2090.6
155,2576,2068.7
156,2532,2078.02
157,2468,2043.79
158,2468,2060.77
159,2401,2006.6
160,2401,2003.3
161,2401,2006.32
162,2401,1993.68
163,2401,2042.18
164,2468,2089.02
165,2468,2061.38
166,2468,2052.39
167,2492,2072.84
168,2424,2108.05
169,2424,2128.04
170,2435,2149.98
171,2502,2133.98
172,2502,2149.69
173,2502,2142.05
174,2502,2139.17
175,2502,2126.72
176,2487,2090.51
177,2487,2144.4
178,2502,2092.38
179,2502,2078.08
180,2532,2076.03
181,2487,2019.37
182,2487,2029.24
183,2487,2045.36
184,2487,2051.45
185,2546,2067.98
186,2532,2116.11
187,2487,2077.04
188,2487,2090.36
189,2532,2048.64
190,2487,2047.74
191,2576,2090.67
192,2576,2085.1
193,2576,2048.06
194,2576,2076.43
195,2576,2105.76
196,2576,2075.49
197,2576,2063.53
198,2576,2084.92
199,2576,2076.79
200,2576,2085.83
201,2576,2067.93
202,2576,2087.72
203,2576,2067.3
204,2576,2122.02
205,2576,2140
206,2576,2150.96
207,2576,2166.22
208,2576,2191.92
209,2576,2152
210,2576,2172.22
211,2468,2157.05
212,2409,2152.97
213,2409,2150.72
214,2440,2119.81
215,2440,2098.71
216,2440,2080.46
217,2440,2110.6
218,2409,2103.29
219,2409,2091.11
220,2576,2100.66
221,2576,2086.63
222,2576,2080.48
223,2415,2054.55
224,2576,2030.67
225,2576,2038.37
226,2432,2043.77
227,2432,2045.67
228,2370,2037.82
229,2459,2025.7
230,2432,1994.29
231,2432,2034.71
232,2432,2016.9
233,2509,1992.96
234,2459,1976.79
235,2365,1959.63
236,2365,2005.22
237,2459,1966.46
238,2418,1982.59
239,2418,1957.57
240,2418,1987.7
241,2418,1998.51
242,2418,1968.24
243,2418,1990.66
244,2351,1952.37
245,2459,1977.12
246,2459,1985.41
247,2459,1973.44
248,2459,1981.45
249,2459,1971.68
250,2401,2006.08
251,2413,2028.64
252,2420,2070.65
253,2420,2056.79
254,2420,2078.17
255,2413,2093.44
256,2413,2077.89
257,2413,2081.46
258,2413,2072.9
259,2432,2083.69
260,2401,2037.94
261,2406,2020.79
262,2406,2023.97
263,2447,2071.41
264,2406,2108.29
265,2406,2069.38
266,2509,2076.01
267,2451,2049.46
268,2429,2042.79
269,2432,2078.23
270,2432,2092.63
271,2432,2076.57
272,2429,2125.49
273,2407,2080.25
274,2407,2070.87
275,2407,2059.31
276,2407,2077.57
277,2407,2042.8
278,2435,2038.1
279,2435,2059.82
280,2420,2022.91
281,2451,2062.54
282,2437,2026.71
283,2437,1985.81
284,2437,1945.96
285,2388,1951.98
286,2388,1964.85
287,2407,1958.94
288,2415,1988.99
289,2415,2057.43
290,2443,2075.56
291,2407,2005.16
292,2435,2024.97
293,2435,1998.52
294,2451,2005.1
295,2435,2012.73
296,2479,2002.65
297,2435,2028.58
298,2435,2040.7
299,2435,2109.5
Population size,100
Crossover rate,0.51
Mutation rate,0.79
Random selection portion,0.03
Selection method,AForge.Genetic.RankSelection
Diversity check,True
Iteration,FitnessMax,FitnessAvg
0,2230,1550.98
1,2230,1661.18
2,2230,1718.37
3,2421,1828.21
4,2373,1902.07
5,2401,1982.1
6,2413,2049.2
7,2413,2047.75
8,2401,2078.53
9,2401,2077.98
10,2421,2164.18
11,2421,2241.57
12,2421,2249.87
13,2421,2306.65
14,2468,2255.35
15,2468,2288.98
16,2468,2294.68
17,2576,2238.38
18,2576,2305.08
19,2576,2335
20,2576,2325.82
21,2576,2327.36
22,2576,2333.01
23,2576,2410.85
24,2576,2362.2
25,2576,2434.69
26,2576,2472.93
27,2576,2432.44
28,2576,2440.31
29,2576,2453.23
30,2576,2448.76
31,2576,2454.79
32,2576,2447.98
33,2576,2428.36
34,2576,2445
35,2576,2431.96
36,2576,2416.09
37,2576,2497.59
38,2576,2468.61
39,2576,2447.82
40,2576,2494.27
41,2576,2489.14
42,2576,2457.85
43,2576,2458.5
44,2576,2510.42
45,2576,1403.99
46,2509,1592.94
47,2196,1672.69
48,2163,1707.1
49,2235,1793.62
50,2301,1845.16
51,2266,1927.25
52,2266,1911.67
53,2384,1957.95
54,2384,2053.69
55,2384,2086.89
56,2400,2125.21
57,2401,2186.77
58,2424,2199.6
59,2413,2214.27
60,2468,2213.07
61,2468,2259.36
62,2492,2305.25
63,2468,2272.21
64,2468,2302.23
65,2468,2322.33
66,2468,2337.68
67,2517,2341.7
68,2517,2366.06
69,2517,2325.83
70,2517,2359.31
71,2517,2372.56
72,2517,2306.61
73,2517,2347.2
74,2517,2364
75,2517,2373.77
76,2527,2405.99
77,2527,2384.28
78,2527,2352.88
79,2576,2380.45
80,2546,2410.34
81,2546,2416.67
82,2527,2397.45
83,2527,2414.93
84,2527,2393.91
85,2527,2416.76
86,2527,2410.64
87,2527,2447.91
88,2527,2437.08
89,2527,2419.8
90,2576,2384.96
91,2576,2414.56
92,2576,2445.6
93,2576,2392.02
94,2576,2402.18
95,2576,2355.42
96,2576,2366.15
97,2576,2403.69
98,2576,2413.92
99,2576,2448.82
100,2576,2441.99
101,2576,2446.08
102,2576,2461.16
103,2576,2473.6
104,2576,2421.97
105,2576,2451.33
106,2576,2434.44
107,2576,2466.71
108,2576,2488.92
109,2576,2468.77
110,2576,2464.82
111,2576,2484.67
112,2576,2472.02
113,2576,2479.32
114,2576,2475.33
115,2576,2465.73
116,2576,2469.38
117,2576,2461.48
118,2576,2448.38
119,2576,2466.34
120,2576,2475.29
121,2576,2497.3
122,2576,2462.81
123,2576,2470.47
124,2576,2489.92
125,2576,2466.1
126,2576,2447.12
127,2576,2467.26
128,2576,2470.29
129,2576,2448.91
130,2576,2480.81
131,2576,2438.2
132,2576,2447.45
133,2576,2473.03
134,2576,2447.88
135,2576,2454.26
136,2576,2469.77
137,2576,2470.18
138,2576,2419.69
139,2576,2481.71
140,2576,2466.23
141,2576,2430.07
142,2576,2511.83
143,1990,1370.43
144,1977,1543.97
145,1977,1620.7
146,2008,1662.67
147,2125,1709.06
148,2125,1788.78
149,2195,1830.56
150,2209,1896.38
151,2286,1901.06
152,2286,1954.58
153,2316,2001.51
154,2316,2057.08
155,2351,2047.4
156,2487,2139.58
157,2487,2161.4
158,2546,2215.44
159,2546,2223.4
160,2546,2206.28
161,2576,2275.57
162,2576,2305.34
163,2576,2335.63
164,2576,2332.1
165,2576,2380.54
166,2576,2368.04
167,2576,2374.64
168,2576,2377.8
169,2576,2428.35
170,2576,2411.1
171,2576,2408.21
172,2576,2405.32
173,2576,2446.47
174,2576,2459.5
175,2576,2484.14
176,2576,2382.32
177,2576,2400.9
178,2576,2438.84
179,2576,2441.86
180,2576,2451.43
181,2576,2466.35
182,2576,2479.99
183,2576,2506.14
184,1987,1517.67
185,2096,1612.28
186,2163,1695.31
187,2314,1739.17
188,2314,1830.33
189,2314,1872.9
190,2314,1898.06
191,2314,1948.18
192,2468,2010.6
193,2383,2042.04
194,2517,2111.17
195,2517,2108.88
196,2517,2151.15
197,2517,2182.16
198,2517,2188.08
199,2517,2233.62
200,2532,2240.06
201,2532,2275.29
202,2576,2312.14
203,2576,2317.12
204,2576,2374.95
205,2576,2348.83
206,2576,2296.54
207,2576,2346.01
208,2576,2282.52
209,2576,2435.52
210,2576,2392.19
211,2576,2370.66
212,2576,2426.12
213,2576,2423.27
214,2576,2384.52
215,2576,2457.66
216,2576,2379.5
217,2576,2457.09
218,2576,2382.08
219,2576,2445.18
220,2576,2418.67
221,2576,2454.3
222,2576,2431.05
223,2576,2428.83
224,2576,2398.52
225,2576,2465.76
226,2576,2385.19
227,2576,2462.83
228,2576,2442.29
229,2576,2471.19
230,2576,2455.84
231,2576,2456.94
232,2576,2448.68
233,2576,2439.78
234,2576,2477.2
235,2576,2496.16
236,2576,2492.17
237,2576,2479.05
238,2576,2488.14
239,2576,2500.29
240,2576,1388.65
241,2031,1519.86
242,2119,1642.29
243,2255,1742.82
244,2255,1818.11
245,2316,1915.7
246,2322,2012.6
247,2412,2033.78
248,2426,2087.8
249,2426,2097.68
250,2426,2109.95
251,2463,2172.59
252,2532,2199.7
253,2532,2247.54
254,2532,2235.38
255,2576,2253.62
256,2576,2302.3
257,2576,2330.7
258,2576,2315.32
259,2576,2352.03
260,2576,2362.55
261,2576,2326.76
262,2576,2330.62
263,2576,2379.96
264,2576,2448.73
265,2576,2428.44
266,2576,2438.03
267,2576,2458.6
268,2576,2470.32
269,2576,2461.1
270,2576,2434.21
271,2576,2453.3
272,2576,2452.26
273,2576,2465.36
274,2576,2449.58
275,2576,2488.56
276,2576,2464.32
277,2576,2501.24
278,2576,1452.15
279,2502,1668.09
280,2576,1776.34
281,2576,1855.87
282,2415,1920.62
283,2487,1982.93
284,2487,2058.59
285,2453,2137.96
286,2487,2187.36
287,2502,2259.02
288,2502,2296.64
289,2576,2347.54
290,2576,2319.7
291,2576,2358.6
292,2576,2388.36
293,2576,2411.18
294,2576,2384
295,2576,2417.76
296,2576,2441.24
297,2576,2429.37
298,2576,2425.91
299,2576,2474.38
Population size,100
Crossover rate,0.51
Mutation rate,0.79
Random selection portion,0.03
Selection method,AForge.Genetic.RankSelection
Diversity check,False
Iteration,FitnessMax,FitnessAvg
0,2207,1409.45
1,2051,1547.8
2,2051,1657.86
3,2174,1698.31
4,2174,1775.87
5,2174,1826.57
6,2174,1871.88
7,2204,1912.82
8,2248,1900.46
9,2248,1974.17
10,2239,1987.88
11,2277,1979.78
12,2277,2001.63
13,2287,2058.16
14,2424,2123.42
15,2424,2138.25
16,2424,2143.42
17,2424,2162.4
18,2424,2153.95
19,2424,2180.41
20,2468,2207.62
21,2468,2243.19
22,2468,2221.74
23,2468,2233.78
24,2468,2285.86
25,2468,2298.82
26,2468,2286.78
27,2468,2314.25
28,2468,2315.9
29,2468,2321.29
30,2527,2251.6
31,2527,2322.48
32,2527,2387.88
33,2527,2378.11
34,2527,2376.32
35,2527,2385.31
36,2527,2373.58
37,2527,2368.28
38,2527,2379.99
39,2546,2363.47
40,2546,2388.18
41,2546,2361.91
42,2546,2393.24
43,2576,2390.24
44,2576,2390.16
45,2546,2388.81
46,2546,2393.35
47,2576,2431.67
48,2576,2389.18
49,2546,2419.06
50,2546,2436.95
51,2546,2408.98
52,2546,2433.69
53,2546,2385.8
54,2576,2460.92
55,2546,2433.11
56,2546,2480.16
57,2546,2465.66
58,2546,2411.63
59,2546,2446.59
60,2546,2420.65
61,2546,2452.49
62,2546,2368.53
63,2546,2424
64,2546,2428.4
65,2546,2453.64
66,2546,2448.08
67,2546,2469.49
68,2546,2452.68
69,2546,2456.37
70,2546,2462.87
71,2546,2355.06
72,2546,2405.97
73,2546,2438.37
74,2546,2458.24
75,2546,2479.82
76,2546,2405.7
77,2546,2411.3
78,2576,2451.02
79,2576,2413.75
80,2576,2468.2
81,2576,2457.09
82,2576,2430.3
83,2576,2472.24
84,2576,2474.93
85,2576,2458.71
86,2576,2479.45
87,2576,2472.23
88,2576,2383.41
89,2576,2461.21
90,2576,2448.22
91,2576,2410.72
92,2576,2450.64
93,2576,2468.2
94,2576,2443.4
95,2576,2442.76
96,2576,2435.78
97,2576,2443.16
98,2576,2438.29
99,2576,2474.54
100,2576,2461.68
101,2576,2468.46
102,2576,2477.69
103,2576,2458.2
104,2576,2471.1
105,2576,2469.18
106,2576,2489.41
107,2576,2483.99
108,2576,2465.05
109,2576,2485.26
110,2576,2471.01
111,2576,2469.35
112,2576,2489.47
113,2576,2501.69
114,2576,2495.87
115,2576,2495.5
116,2576,2452.71
117,2576,2475.25
118,2576,2512.33
119,2576,2477.43
120,2576,2466.19
121,2576,2474.49
122,2576,2472.09
123,2576,2497.93
124,2576,2450.01
125,2576,2466.98
126,2576,2436.13
127,2576,2476.5
128,2576,2496.42
129,2576,2508.47
130,2576,2487.67
131,2576,2501.66
132,2576,2491.85
133,2576,2507.15
134,2576,2463.93
135,2576,2485.68
136,2576,2466.94
137,2576,2424.43
138,2576,2493.84
139,2576,2451.91
140,2576,2412.8
141,2576,2408.92
142,2576,2480.22
143,2576,2451.59
144,2576,2497.75
145,2576,2412.68
146,2576,2435.7
147,2576,2443.29
148,2576,2459.11
149,2576,2465.55
150,2576,2478.08
151,2576,2490.93
152,2576,2458.06
153,2576,2460.14
154,2576,2485.05
155,2576,2456.36
156,2576,2467.18
157,2576,2465.69
158,2576,2501.13
159,2576,2425.01
160,2576,2490.28
161,2576,2501.49
162,2576,2499.62
163,2576,2506.28
164,2576,2472.07
165,2576,2456.78
166,2576,2506.19
167,2576,2453.14
168,2576,2437.55
169,2576,2473.02
170,2576,2483.12
171,2576,2475.91
172,2576,2502.16
173,2576,2470.31
174,2576,2496.95
175,2576,2484.19
176,2576,2456.38
177,2576,2471.81
178,2576,2473.77
179,2576,2460.72
180,2576,2514.64
181,2576,2507.41
182,2576,2464.32
183,2576,2484.08
184,2576,2451.98
185,2576,2493.42
186,2576,2459.73
187,2576,2461.61
188,2576,2424.33
189,2576,2482.79
190,2576,2494.05
191,2576,2448.01
192,2576,2450.31
193,2576,2448.62
194,2576,2423.56
195,2576,2461.54
196,2576,2492
197,2576,2494.98
198,2576,2473.44
199,2576,2503.69
200,2576,2451.73
201,2576,2429.23
202,2576,2439.12
203,2576,2450.16
204,2576,2453.87
205,2576,2486.92
206,2576,2477.96
207,2576,2444.52
208,2576,2443.29
209,2576,2480.3
210,2576,2470.43
211,2576,2472.36
212,2576,2467.86
213,2576,2458.64
214,2576,2481.05
215,2576,2498.84
216,2576,2472.34
217,2576,2473.28
218,2576,2485.86
219,2576,2495.74
220,2576,2478.53
221,2576,2471.41
222,2576,2474.1
223,2576,2488.96
224,2576,2489.61
225,2576,2464.4
226,2576,2457.22
227,2576,2493.94
228,2576,2506.54
229,2576,2439.18
230,2576,2479.77
231,2576,2488.69
232,2576,2490.99
233,2576,2473.05
234,2576,2477.77
235,2576,2509.58
236,2576,2461.42
237,2576,2419.31
238,2576,2462.6
239,2576,2451.92
240,2576,2493.06
241,2576,2501.71
242,2576,2469.84
243,2576,2426.62
244,2576,2443.62
245,2576,2481.49
246,2576,2431.26
247,2576,2387.65
248,2576,2461.62
249,2576,2467.14
250,2576,2487.91
251,2576,2475.13
252,2576,2478.78
253,2576,2475.81
254,2576,2472.62
255,2576,2509.47
256,2576,2469.27
257,2576,2505.02
258,2576,2478.54
259,2576,2478.18
260,2576,2506.2
261,2576,2451.98
262,2576,2499.43
263,2576,2416.81
264,2576,2467.6
265,2576,2484.6
266,2576,2467.06
267,2576,2469.48
268,2576,2439.17
269,2576,2461.72
270,2576,2462.05
271,2576,2498.09
272,2576,2458.66
273,2576,2482.99
274,2576,2495.24
275,2576,2495.19
276,2576,2481.73
277,2576,2482.16
278,2576,2491.38
279,2576,2488.14
280,2576,2487.33
281,2576,2480.94
282,2576,2507.38
283,2576,2477.24
284,2576,2489.56
285,2576,2466.18
286,2576,2500.88
287,2576,2457.07
288,2576,2461.89
289,2576,2476.62
290,2576,2457.88
291,2576,2441.42
292,2576,2482.11
293,2576,2456.56
294,2576,2435.93
295,2576,2502.8
296,2576,2484.94
297,2576,2430.4
298,2576,2499.62
299,2576,2481.71
Population size,100
Crossover rate,0.22
Mutation rate,0.87
Random selection portion,0.03
Selection method,AForge.Genetic.EliteSelection
Diversity check,False
Iteration,FitnessMax,FitnessAvg
0,2307,1593.36
1,2307,1752.38
2,2307,1866.82
3,2307,1936.71
4,2468,1991.62
5,2468,2096.67
6,2468,2148.04
7,2468,2186.74
8,2496,2228
9,2509,2268.2
10,2509,2315.16
11,2524,2348.64
12,2524,2372.14
13,2576,2390.64
14,2576,2395.19
15,2576,2403.23
16,2576,2418.06
17,2576,2422.77
18,2576,2442.24
19,2576,2431.99
20,2576,2429.38
21,2576,2448.87
22,2576,2463.07
23,2576,2458.14
24,2576,2482.91
25,2576,2487.49
26,2576,2496.34
27,2576,2510.49
28,2576,2522.09
29,2576,2520.51
30,2576,2504.49
31,2576,2517.58
32,2576,2522.26
33,2576,2518.48
34,2576,2534.97
35,2576,2532.93
36,2576,2532.95
37,2576,2536.52
38,2576,2539.79
39,2576,2515.36
40,2576,2508.4
41,2576,2533.26
42,2576,2546.01
43,2576,2532.99
44,2576,2524.5
45,2576,2535.94
46,2576,2534.13
47,2576,2540.24
48,2576,2540.24
49,2576,2541.59
50,2576,2541.3
51,2576,2528.23
52,2576,2527.86
53,2576,2543.49
54,2576,2537.28
55,2576,2534.64
56,2576,2545.41
57,2576,2535.02
58,2576,2543.16
59,2576,2551.54
60,2576,2535.74
61,2576,2536.22
62,2576,2527.38
63,2576,2536.9
64,2576,2537.25
65,2576,2535.75
66,2576,2538.4
67,2576,2545.76
68,2576,2544.04
69,2576,2525.17
70,2576,2547.86
71,2576,2525.98
72,2576,2538.03
73,2576,2515.2
74,2576,2539.61
75,2576,2498.72
76,2576,2525.74
77,2576,2543.83
78,2576,2523.3
79,2576,2532.93
80,2576,2540.41
81,2576,2529.64
82,2576,2538.91
83,2576,2538.24
84,2576,2523.71
85,2576,2526.63
86,2576,2541
87,2576,2541.84
88,2576,2539.43
89,2576,2532.12
90,2576,2543.79
91,2576,2542.84
92,2576,2528.65
93,2576,2544.11
94,2576,2539.28
95,2576,2539.55
96,2576,2544.58
97,2576,2535.57
98,2576,2535.01
99,2576,2532.32
100,2576,2520.36
101,2576,2538.71
102,2576,2549.87
103,2576,2543.2
104,2576,2507.05
105,2576,2540.28
106,2576,2529.88
107,2576,2513.34
108,2576,2525.67
109,2576,2536.48
110,2576,2512.6
111,2576,2527.78
112,2576,2526.44
113,2576,2518.15
114,2576,2530.53
115,2576,2514.51
116,2576,2534.5
117,2576,2533.49
118,2576,2534.85
119,2576,2539.69
120,2576,2526.96
121,2576,2517.79
122,2576,2522.98
123,2576,2544.1
124,2576,2539.58
125,2576,2539.68
126,2576,2526.95
127,2576,2539.7
128,2576,2536.37
129,2576,2540.8
130,2576,2533.55
131,2576,2534.18
132,2576,2524.66
133,2576,2538.99
134,2576,2539.99
135,2576,2536.52
136,2576,2542.94
137,2576,2548.51
138,2576,2515.58
139,2576,2535.24
140,2576,2534.89
141,2576,2520.33
142,2576,2530.9
143,2576,2540.86
144,2576,2529.92
145,2576,2548.83
146,2576,2525.41
147,2576,2518.33
148,2576,2506.9
149,2576,2527.28
150,2576,2536.04
151,2576,2512.01
152,2576,2531.65
153,2576,2530.76
154,2576,2535.23
155,2576,2510.19
156,2576,2541.09
157,2576,2538.4
158,2576,2524.26
159,2576,2510.04
160,2576,2542.63
161,2576,2527.43
162,2576,2525.51
163,2576,2531.72
164,2576,2545.45
165,2576,2537.19
166,2576,2546.49
167,2576,2527.04
168,2576,2551.11
169,2576,2522.75
170,2576,2524.59
171,2576,2535.28
172,2576,2527.73
173,2576,2511.51
174,2576,2539.17
175,2576,2544.92
176,2576,2545.97
177,2576,2528.36
178,2576,2535.19
179,2576,2539.06
180,2576,2542.43
181,2576,2524.02
182,2576,2538.02
183,2576,2537.05
184,2576,2524
185,2576,2522.72
186,2576,2539.01
187,2576,2524.44
188,2576,2536.51
189,2576,2545.3
190,2576,2522.11
191,2576,2547.66
192,2576,2548.51
193,2576,2537.28
194,2576,2527.51
195,2576,2518.34
196,2576,2542.36
197,2576,2547.53
198,2576,2534.86
199,2576,2543.28
200,2576,2534.97
201,2576,2534.05
202,2576,2517.29
203,2576,2524.16
204,2576,2536.6
205,2576,2539.56
206,2576,2545.9
207,2576,2542.33
208,2576,2545.17
209,2576,2527.02
210,2576,2542.25
211,2576,2524.91
212,2576,2542.52
213,2576,2537.32
214,2576,2538.48
215,2576,2537.55
216,2576,2534.41
217,2576,2537.52
218,2576,2526.3
219,2576,2543.55
220,2576,2540.96
221,2576,2542.44
222,2576,2536.16
223,2576,2539.57
224,2576,2520.12
225,2576,2533.36
226,2576,2539.72
227,2576,2540.65
228,2576,2535.61
229,2576,2529.68
230,2576,2530.5
231,2576,2527.34
232,2576,2533.48
233,2576,2535.19
234,2576,2531.86
235,2576,2540.48
236,2576,2519.85
237,2576,2547.86
238,2576,2551.15
239,2576,2512.58
240,2576,2518.89
241,2576,2533.22
242,2576,2539.21
243,2576,2531.15
244,2576,2535.38
245,2576,2533.66
246,2576,2547.95
247,2576,2534.34
248,2576,2537.55
249,2576,2542.13
250,2576,2525.16
251,2576,2544.26
252,2576,2527.23
253,2576,2527.1
254,2576,2529.81
255,2576,2539.4
256,2576,2528.31
257,2576,2537.98
258,2576,2532.87
259,2576,2538.32
260,2576,2529.22
261,2576,2541.62
262,2576,2533.42
263,2576,2527.69
264,2576,2532.94
265,2576,2541.73
266,2576,2527.57
267,2576,2535.85
268,2576,2537.04
269,2576,2512.32
270,2576,2516.78
271,2576,2526.19
272,2576,2522.68
273,2576,2527.49
274,2576,2540.39
275,2576,2525.82
276,2576,2529.63
277,2576,2539.82
278,2576,2547.15
279,2576,2544.22
280,2576,2518.62
281,2576,2533.49
282,2576,2539.87
283,2576,2538.47
284,2576,2534.74
285,2576,2520.56
286,2576,2546.74
287,2576,2516.11
288,2576,2529.38
289,2576,2529.33
290,2576,2521.72
291,2576,2534.05
292,2576,2541.99
293,2576,2543.53
294,2576,2527.18
295,2576,2542.91
296,2576,2546.83
297,2576,2528.86
298,2576,2532.59
299,2576,2519.2
Population size,100
Crossover rate,0.22
Mutation rate,0.87
Random selection portion,0.03
Selection method,AForge.Genetic.EliteSelection
Diversity check,True
Iteration,FitnessMax,FitnessAvg
0,2129,1631.3
1,2171,1771.26
2,2259,1857.89
3,2353,1954.1
4,2353,2036.68
5,2353,2072.3
6,2418,2108.57
7,2418,2151.86
8,2418,2203.48
9,2502,2236.38
10,2502,2260.6
11,2502,2288.72
12,2532,2295.32
13,2532,2350.26
14,2576,2384.01
15,2576,2410.68
16,2576,2436.32
17,2576,2445.97
18,2576,2459
19,2576,2467.9
20,2576,2480.24
21,2576,2479.17
22,2576,2494.47
23,2576,2492.94
24,2576,2512.26
25,2576,1594.06
26,2576,1723.38
27,2576,1807.55
28,2576,1892.9
29,2576,1976.66
30,2576,2054
31,2576,2150.05
32,2576,2206.89
33,2576,2291.73
34,2576,2354.28
35,2576,2377.12
36,2576,2407.8
37,2576,2433.23
38,2576,2457.4
39,2576,2484.66
40,2576,2496.85
41,2576,2503.87
42,2576,1620.37
43,2576,1780.66
44,2576,1897.43
45,2576,1987.72
46,2576,2106.55
47,2576,2188.34
48,2576,2237.12
49,2576,2321.66
50,2576,2359.79
51,2576,2395.06
52,2576,2419.07
53,2576,2451.87
54,2576,2467.02
55,2576,2474.52
56,2576,2490.29
57,2576,2518.1
58,2576,1565.43
59,2576,1707.84
60,2576,1790.93
61,2576,1875.64
62,2576,1957.21
63,2576,2054.42
64,2576,2113.28
65,2576,2187.93
66,2576,2247.53
67,2576,2331.59
68,2576,2394.22
69,2576,2410.7
70,2576,2443.41
71,2576,2444.19
72,2576,2476.36
73,2576,2477.49
74,2576,2499.4
75,2576,1603.28
76,2576,1730.44
77,2576,1829.33
78,2576,1925.05
79,2576,1990.04
80,2576,2030.08
81,2576,2108.78
82,2576,2173.38
83,2576,2246.01
84,2576,2315.37
85,2576,2337.06
86,2576,2409.24
87,2576,2441.57
88,2576,2449.08
89,2576,2486.49
90,2576,2513.57
91,2576,1592.86
92,2576,1728.54
93,2576,1880.74
94,2576,1966.01
95,2576,2030.66
96,2576,2096.11
97,2576,2172.28
98,2576,2217.6
99,2576,2264.12
100,2576,2297.12
101,2576,2334.39
102,2576,2359.45
103,2576,2399.54
104,2576,2411.41
105,2576,2437.9
106,2576,2443.61
107,2576,2453.46
108,2576,2470.51
109,2576,2478.63
110,2576,2495.72
111,2576,2508.64
112,2576,1565.44
113,2576,1689.04
114,2576,1794.85
115,2576,1904.05
116,2576,2016.66
117,2576,2116.42
118,2576,2200.67
119,2576,2228.43
120,2576,2306.42
121,2576,2342.63
122,2576,2357.71
123,2576,2390.35
124,2576,2414.12
125,2576,2420.67
126,2576,2453.69
127,2576,2455.88
128,2576,2476.73
129,2576,2493.21
130,2576,2506.76
131,2576,1581.26
132,2576,1718.76
133,2576,1843.57
134,2576,1947.72
135,2576,2033.76
136,2576,2123.56
137,2576,2214.97
138,2576,2282.28
139,2576,2330.91
140,2576,2363.18
141,2576,2412.48
142,2576,2456
143,2576,2474.82
144,2576,2475.74
145,2576,2477.46
146,2576,2506.24
147,2576,1590.09
148,2576,1727.83
149,2576,1826.37
150,2576,1929.37
151,2576,2014.19
152,2576,2107.52
153,2576,2186.62
154,2576,2238.1
155,2576,2302.34
156,2576,2324.71
157,2576,2371.87
158,2576,2402.44
159,2576,2401.47
160,2576,2453.04
161,2576,2471.6
162,2576,2493.31
163,2576,2513.24
164,2576,1560.76
165,2576,1720.1
166,2576,1849.1
167,2576,1984.36
168,2576,2089.2
169,2576,2193.51
170,2576,2238.68
171,2576,2318.6
172,2576,2366.43
173,2576,2395.4
174,2576,2410.61
175,2576,2423.81
176,2576,2450.4
177,2576,2501.2
178,2576,1589.49
179,2576,1748.14
180,2576,1852.9
181,2576,1961.93
182,2576,2023.3
183,2576,2113.18
184,2576,2209.52
185,2576,2273.02
186,2576,2318.81
187,2576,2343.5
188,2576,2387.43
189,2576,2399.76
190,2576,2413.91
191,2576,2418.78
192,2576,2462.7
193,2576,2481.96
194,2576,2484.28
195,2576,2505.96
196,2576,1596.42
197,2576,1735.74
198,2576,1855.62
199,2576,1934.68
200,2576,2036.57
201,2576,2106.02
202,2576,2191.95
203,2576,2254.23
204,2576,2280.86
205,2576,2349.42
206,2576,2393.93
207,2576,2426.18
208,2576,2450.5
209,2576,2459.48
210,2576,2504.67
211,2576,1598.05
212,2576,1722.83
213,2576,1830.72
214,2576,1916.51
215,2576,2023.59
216,2576,2112.18
217,2576,2185.37
218,2576,2256
219,2576,2316.62
220,2576,2348.09
221,2576,2389.4
222,2576,2419.59
223,2576,2434.99
224,2576,2435.63
225,2576,2461.52
226,2576,2474
227,2576,2489.42
228,2576,2490.41
229,2576,2507.55
230,2576,1597.16
231,2576,1771.8
232,2576,1883.71
233,2576,1988.16
234,2576,2075.98
235,2576,2142.09
236,2576,2180.57
237,2576,2254.04
238,2576,2331.77
239,2576,2374.67
240,2576,2401.75
241,2576,2447.8
242,2576,2457.51
243,2576,2473.58
244,2576,2487.85
245,2576,2498.74
246,2576,1545.76
247,2576,1692.82
248,2576,1782.92
249,2576,1907.08
250,2576,2008.9
251,2576,2118.58
252,2576,2221.71
253,2576,2281.63
254,2576,2353.06
255,2576,2391.03
256,2576,2419.59
257,2576,2455.87
258,2576,2472.02
259,2576,2493.89
260,2576,2500.81
261,2576,1625.83
262,2576,1798.99
263,2576,1895.99
264,2576,1966.59
265,2576,2054.8
266,2576,2110.62
267,2576,2206.7
268,2576,2267.75
269,2576,2303.87
270,2576,2334.79
271,2576,2378.28
272,2576,2427.81
273,2576,2423.2
274,2576,2474.48
275,2576,2471.04
276,2576,2499.9
277,2576,1627.53
278,2576,1795.46
279,2576,1919.73
280,2576,2000.64
281,2576,2080.94
282,2576,2128.75
283,2576,2172.35
284,2576,2204.7
285,2576,2261.76
286,2576,2317.21
287,2576,2365.75
288,2576,2382.76
289,2576,2419.46
290,2576,2433
291,2576,2464.96
292,2576,2479.56
293,2576,2498.83
294,2576,1569.42
295,2576,1743.08
296,2576,1814.88
297,2576,1925.06
298,2576,1973.31
299,2576,2071.08
Population size,100
Crossover rate,0.22
Mutation rate,0.87
Random selection portion,0.03
Selection method,AForge.Genetic.EliteSelection
Diversity check,True
Iteration,FitnessMax,FitnessAvg
0,2037,1508.32
1,2037,1651.34
2,2054,1796.49
3,2168,1867.81
4,2276,1939.91
5,2276,2015.89
6,2349,2077.37
7,2349,2123.54
8,2479,2186.25
9,2493,2247.93
10,2509,2262.57
11,2509,2269.43
12,2524,2325.2
13,2524,2341.2
14,2576,2379.78
15,2576,2394.79
16,2576,2424.01
17,2576,2434.19
18,2576,2439.26
19,2576,2455.39
20,2576,2459.05
21,2576,2456.15
22,2576,2486.32
23,2576,2477.09
24,2576,2495.63
25,2576,2504.38
26,2576,1570.95
27,2576,1709.92
28,2576,1862.79
29,2576,1943.39
30,2576,2037.78
31,2576,2133.41
32,2576,2184.74
33,2576,2270.98
34,2576,2309.74
35,2576,2350.08
36,2576,2391.45
37,2576,2409.34
38,2576,2417.99
39,2576,2468.77
40,2576,2473.36
41,2576,2504.42
42,2576,1604.45
43,2576,1697.19
44,2576,1805.94
45,2576,1867.5
46,2576,1965.23
47,2576,2033.8
48,2576,2136.02
49,2576,2185.16
Population size,100
Crossover rate,0.22
Mutation rate,0.87
Random selection portion,0.03
Selection method,AForge.Genetic.EliteSelection
Diversity check,True
Iteration,FitnessMax,FitnessAvg
0,2180,1595.88
1,2180,1770.05
2,2180,1871.68
3,2187,1922.05
4,2187,1997.22
5,2351,2022.29
6,2351,2069.59
7,2420,2118.29
8,2420,2166.41
9,2487,2197.26
10,2487,2246.53
11,2494,2246.08
12,2502,2277.55
13,2502,2334.49
14,2509,2340.67
15,2576,2376.97
16,2576,2385.03
17,2576,2416.99
18,2576,2431.43
19,2576,2436.68
20,2576,2468.09
21,2576,2473.3
22,2576,2485.67
23,2576,2494.25
24,2576,2488.57
25,2576,2508.54
26,2576,1584.16
27,2576,1742.72
28,2576,1860.24
29,2576,1938.46
