Population size,100
Crossover rate,0.66
Mutation rate,0.34
Random selection portion,0.03
Selection method,AForge.Genetic.RouletteWheelSelection
Diversity check,False
Iteration,FitnessMax,FitnessAvg
0,254,179.95
1,254,205.29
2,254,222.24
3,254,220.7
4,254,218.21
5,254,224.4
6,254,224.14
7,254,227.58
8,254,226.85
9,254,231.49
10,254,230.85
11,254,230.19
12,254,226.38
13,254,227.64
14,254,222.32
15,254,225.51
16,254,231.9
17,254,225.76
18,254,228.1
19,254,232.26
20,254,227.8
21,254,229.41
22,254,229.7
23,254,228.71
24,254,218.44
25,254,227.19
26,254,228.12
27,254,231.99
28,254,227.09
29,254,229.03
30,254,230.87
31,254,233.17
32,254,231.76
33,254,228.64
34,254,227.65
35,254,227.75
36,254,232.24
37,254,230.73
38,254,233.22
39,254,228.88
40,254,235
41,254,234.83
42,254,235.71
43,254,233.5
44,254,232.77
45,254,236.35
46,254,232.17
47,254,225.12
48,254,229.29
49,254,228.38
50,254,232.48
51,254,235.86
52,254,236.99
53,254,234.22
54,254,234.84
55,254,233.7
56,254,236.87
57,254,235.1
58,254,239.1
59,254,238.67
60,254,234.33
61,254,230.88
62,254,232.39
63,254,237.52
64,254,238.41
65,254,236.48
66,254,239.99
67,254,237.17
68,254,237.61
69,254,236.1
70,254,235.3
71,254,237.42
72,254,228.62
73,254,231.17
74,254,236.9
75,254,227.97
76,254,237.53
77,254,238.88
78,254,233.47
79,254,236.01
80,254,236.43
81,254,234.95
82,254,235.87
83,254,239.3
84,254,236.37
85,254,235.32
86,254,239.24
87,254,234.42
88,254,234.95
89,254,234.19
90,254,236.99
91,254,235.97
92,254,231.2
93,254,223.5
94,254,232.45
95,254,234.5
96,254,229.22
97,254,236.74
98,254,236.81
99,254,238.03
100,254,237.29
101,254,231.08
102,254,228.3
103,254,234.44
104,254,235.02
105,254,239.1
106,254,233.95
107,254,234.04
108,254,239.56
109,254,235.18
110,254,233.73
111,254,234.02
112,254,239.39
113,254,238.92
114,254,240.25
115,254,234.97
116,254,233.85
117,254,241.49
118,254,229.81
119,254,231.57
120,254,229.42
121,254,237.49
122,254,239.87
123,254,234.2
124,254,233.39
125,254,224.91
126,254,228.96
127,254,234.44
128,254,230.92
129,254,236.81
130,254,233.58
131,254,235.62
132,254,235.13
133,254,223.66
134,254,230.6
135,254,233.1
136,254,233.86
137,254,230.16
138,254,236.71
139,254,236.53
140,254,227.96
141,254,231.15
142,254,233.31
143,254,234.05
144,254,232.82
145,254,231.26
146,254,238.92
147,254,236.78
148,254,235.61
149,254,231.02
150,254,237.47
151,254,229.61
152,254,234.97
153,254,231.51
154,254,229.19
155,254,229.67
156,254,233.8
157,254,233.68
158,254,234.87
159,254,234.42
160,254,234.59
161,254,236.29
162,254,236.84
163,254,235.37
164,254,234.19
165,254,230.38
166,254,228.58
167,254,228.46
168,254,228.85
169,254,233.18
170,254,233.5
171,254,235.98
172,254,237.22
173,254,231.03
174,254,231.37
175,254,229.64
176,254,225.36
177,254,230.58
178,254,234.07
179,254,235.59
180,254,232.99
181,254,234.41
182,254,231.9
183,254,231.45
184,254,232.19
185,254,235.08
186,254,235.98
187,254,232.1
188,254,237.98
189,254,233.13
190,254,223.34
191,254,237.54
192,254,230.4
193,254,226.43
194,254,229.23
195,254,231.31
196,254,237.77
197,254,231.73
198,254,235.93
199,254,234.67
200,254,236.57
201,254,232.98
202,254,231.98
203,254,237.92
204,254,230.59
205,254,231.59
206,254,230.51
207,254,231.18
208,254,233.56
209,254,229.39
210,254,227.09
211,254,221.12
212,254,227.72
213,254,230.3
214,254,231.73
215,254,228.83
216,254,232.06
217,254,231.45
218,254,230.09
219,254,234.09
220,254,228.15
221,254,226.65
222,254,230.86
223,254,234.94
224,254,233.12
225,254,233.08
226,254,231.51
227,254,234.26
228,254,232.02
229,254,229.34
230,254,228.43
231,254,231.38
232,254,228.51
233,254,232.85
234,254,230.33
235,254,234.22
236,254,237.88
237,254,238.24
238,254,232.31
239,254,235.66
240,254,233.77
241,254,233.33
242,254,227.93
243,254,228.91
244,254,226.67
245,254,220.48
246,254,226.83
247,254,230.63
248,254,230.64
249,254,236.85
250,254,235.92
251,254,230.98
252,254,228.75
253,254,228.87
254,254,235.08
255,254,229.4
256,254,235.86
257,254,237.95
258,254,230.19
259,254,237.79
260,254,237.54
261,254,234.03
262,254,234.42
263,254,242.2
264,254,233.63
265,254,233.72
266,254,235.84
267,254,233.75
268,254,230.73
269,254,237.66
270,254,238.2
271,254,239.93
272,254,238.53
273,254,232.81
274,254,235.99
275,254,237.13
276,254,238.01
277,254,241.62
278,254,240.32
279,254,234.4
280,254,228.53
281,254,233.52
282,254,232.44
283,254,232.41
284,254,237.78
285,254,237.67
286,254,233.91
287,254,237.35
288,254,239.57
289,254,232.64
290,254,231.84
291,254,230.5
292,254,230.05
293,254,227.89
294,254,231.49
295,254,231.26
296,254,229.97
297,254,233.89
298,254,236.01
299,254,232.43
Population size,100
Crossover rate,0.66
Mutation rate,0.34
Random selection portion,0.03
Selection method,AForge.Genetic.RouletteWheelSelection
Diversity check,True
Iteration,FitnessMax,FitnessAvg
0,254,199.32
1,254,225.91
2,254,225.62
3,254,227.24
4,254,232.27
5,254,231.47
6,254,234.4
7,254,242.43
8,254,237.63
9,254,232.06
10,254,228.45
11,254,236.84
12,254,229.14
13,254,233.8
14,254,232
15,254,240.78
16,254,233.4
17,254,235.48
18,254,238.72
19,254,237.85
20,254,236.63
21,254,223.25
22,254,236.19
23,254,238.23
24,254,240.33
25,254,235.69
26,254,234.77
27,254,229.25
28,254,229.3
29,254,236.3
30,254,230.12
31,254,228.66
32,254,231.65
33,254,233.44
34,254,233.13
35,254,233.76
36,254,235.29
37,254,229.36
38,254,231.11
39,254,236.87
40,254,237.13
41,254,231.42
42,254,234.96
43,254,227.82
44,254,233.92
45,254,230.57
46,254,232.32
47,254,232.77
48,254,232.71
49,254,232.35
50,254,238.14
51,254,237.14
52,254,241.08
53,254,238.48
54,254,233.17
55,254,239.39
56,254,235.47
57,254,235.8
58,254,234.51
59,254,237.33
60,254,235.48
61,254,237.2
62,254,243.28
63,254,240.71
64,254,233.58
65,254,237.9
66,254,235.18
67,254,232.15
68,254,233.67
69,254,231.99
70,254,219.72
71,254,226.94
72,254,226.22
73,254,226.33
74,254,222.96
75,254,235.69
76,254,234.02
77,254,237.52
78,254,233.38
79,254,231.63
80,254,233.46
81,254,229.39
82,254,228.53
83,254,229.28
84,254,235.31
85,254,232
86,254,231.15
87,254,227.59
88,254,229.81
89,254,235.52
90,254,237.26
91,254,234.98
92,254,235.85
93,254,228.53
94,254,230.6
95,254,231.42
96,254,236.84
97,254,237.37
98,254,232.36
99,254,237.1
100,254,236.97
101,254,234.74
102,254,236.63
103,254,233.74
104,254,237.67
105,254,231.59
106,254,229.93
107,254,235.48
108,254,235.46
109,254,229.38
110,254,237.83
111,254,237.13
112,254,236.43
113,254,231.68
114,254,228.79
115,254,226.63
116,254,231.72
117,254,229.7
118,254,230.78
119,254,235.8
120,254,232.47
121,254,226.76
122,254,224.62
123,254,231.1
124,254,229.15
125,254,234.74
126,254,229.98
127,254,235.94
128,254,229.59
129,254,230.71
130,254,235.37
131,254,234.28
132,254,238.67
133,254,233.84
134,254,228.95
135,254,227.01
136,254,232.88
137,254,234.62
138,254,229.34
139,254,228.78
140,254,234.85
141,254,226.08
142,254,228.2
143,254,225.7
144,254,227.69
145,254,231.93
146,254,232.19
147,254,232.3
148,254,235.15
149,254,232.63
150,254,236.72
151,254,235.49
152,254,234.97
153,254,232.96
154,254,232.68
155,254,231.18
156,254,232.89
157,254,239.58
158,254,237.25
159,254,231.8
160,254,238.45
161,254,238.3
162,254,231.94
163,254,237.77
164,254,231.95
165,254,232.58
166,254,233.42
167,254,231.76
168,254,228.65
169,254,236.46
170,254,237.13
171,254,232.37
172,254,233.7
173,254,238.45
174,254,235
175,254,234.73
176,254,237.11
177,254,234.19
178,254,234.17
179,254,237.47
180,254,236.14
181,254,236.79
182,254,236.01
183,254,240.58
184,254,239.61
185,254,236.27
186,254,236.95
187,254,232.31
188,254,240.46
189,254,236.21
190,254,235.98
191,254,235.94
192,254,232.78
193,254,226.77
194,254,233.66
195,254,230.62
196,254,239.07
197,254,233.86
198,254,237.5
199,254,236.29
200,254,237.14
201,254,239.74
202,254,228.24
203,254,234.02
204,254,232.92
205,254,231.8
206,254,235.11
207,254,233.59
208,254,238.01
209,254,232.15
210,254,231.59
211,254,231.15
212,254,234.7
213,254,233
214,254,237.56
215,254,235.07
216,254,230.91
217,254,235.53
218,254,239.77
219,254,239.41
220,254,238.56
221,254,243.31
222,254,238.07
223,254,237.97
224,254,234.52
225,254,235.87
226,254,233.84
227,254,233.17
228,254,231.86
229,254,228.77
230,254,229.04
231,254,234.35
232,254,227.95
233,254,236.12
234,254,235.95
235,254,227.69
236,254,233.71
237,254,229.95
238,254,229.59
239,254,230.14
240,254,236.03
241,254,232.55
242,254,231.34
243,254,227.98
244,254,229.8
245,254,227.63
246,254,228.87
247,254,229.38
248,254,223.17
249,254,224.03
250,254,227.74
251,254,224.65
252,254,222.32
253,254,223.72
254,254,223.27
255,254,229.51
256,254,224.13
257,254,226.47
258,254,220.8
259,254,229.41
260,254,231
261,254,232.08
262,254,233.39
263,254,237.6
264,254,231.36
265,254,233.86
266,254,233.75
267,254,232.14
268,254,233.51
269,254,235.23
270,254,222.42
271,254,226.56
272,254,227.44
273,254,224.18
274,254,227.42
275,254,231.64
276,254,227.93
277,254,228.11
278,254,236.92
279,254,232
280,254,235.04
281,254,237.61
282,254,233.5
283,254,236.61
284,254,230.13
285,254,233.91
286,254,227.45
287,254,234.96
288,254,232.09
289,254,235.17
290,254,234.3
291,254,234.89
292,254,238.23
293,254,240.35
294,254,225.53
295,254,234.09
296,254,235.34
297,254,238.53
298,254,236.04
299,254,236.17
Population size,100
Crossover rate,0.51
Mutation rate,0.79
Random selection portion,0.03
Selection method,AForge.Genetic.RankSelection
Diversity check,True
Iteration,FitnessMax,FitnessAvg
0,254,142.91
1,254,170.31
2,254,202.42
3,254,207.88
4,254,211.2
5,254,213.7
6,254,230.26
7,254,233.18
8,254,229.75
9,254,236.14
10,254,232.73
11,254,233.88
12,254,239.05
13,254,237.1
14,254,232.82
15,254,228.87
16,254,232.54
17,254,232.08
18,254,233.21
19,254,226.82
20,254,229.78
21,254,235.97
22,254,235.07
23,254,232.39
24,254,238.79
25,254,238.84
26,254,241.28
27,254,231.34
28,254,227.68
29,254,231.57
30,254,227.74
31,254,225.64
32,254,226.49
33,254,233.45
34,254,229.64
35,254,222.82
36,254,232.95
37,254,236.05
38,254,233.28
39,254,236.12
40,254,236.56
41,254,236.64
42,254,234.42
43,254,233.34
44,254,235.84
45,254,239.5
46,254,236.62
47,254,233.05
48,254,228.89
49,254,237.48
50,254,230.89
51,254,232.54
52,254,236.51
53,254,240.11
54,254,229.96
55,254,236.82
56,254,233.63
57,254,241.76
58,254,234.3
59,254,234.92
60,254,232.02
61,254,233.22
62,254,231.84
63,254,228.13
64,254,227.54
65,254,233.29
66,254,234.24
67,254,239.92
68,254,235.65
69,254,228.75
70,254,236.96
71,254,231.45
72,254,224.83
73,254,225.36
74,254,231.16
75,254,232.71
76,254,237.6
77,254,229.26
78,254,230.41
79,254,231.71
80,254,230.71
81,254,234.28
82,254,236.6
83,254,235.78
84,254,234.01
85,254,228.04
86,254,235.17
87,254,230.5
88,254,230.87
89,254,222.52
90,254,222.82
91,254,236.4
92,254,240.41
93,254,229.96
94,254,230.79
95,254,237.1
96,254,229.68
97,254,230.12
98,254,224.32
99,254,222.21
100,254,231.8
101,254,237.93
102,254,231.38
103,254,236.31
104,254,234.08
105,254,236.89
106,254,239.65
107,254,236.82
108,254,235.3
109,254,239.99
110,254,234.12
111,254,235.3
112,254,228.95
113,254,225.04
114,254,226.73
115,254,236.49
116,254,237.32
117,254,235.5
118,254,232.97
119,254,229.13
120,254,223.17
121,254,231.05
122,254,236.05
123,254,234.23
124,254,230.96
125,254,232.84
126,254,230.32
127,254,223.46
128,254,231.96
129,254,239.23
130,254,239.98
131,254,231.59
132,254,226.8
133,254,226.3
134,254,228.4
135,254,233.65
136,254,225.7
137,254,232.15
138,254,236.47
139,254,235.94
140,254,232.65
141,254,235.21
142,254,236.37
143,254,237.5
144,254,233.87
145,254,232.59
146,254,233.05
147,254,227.1
148,254,222.27
149,254,222.11
150,254,231.31
151,254,229.01
152,254,236.88
153,254,234.15
154,254,224.69
155,254,234.84
156,254,232.98
157,254,237.78
158,254,228.41
159,254,232.16
160,254,235.35
161,254,234.46
162,254,227.3
163,254,233.61
164,254,232.53
165,254,236.78
166,254,233.19
167,254,225.59
168,254,229.99
169,254,235.05
170,254,232.08
171,254,217.66
172,254,235.07
173,254,232.38
174,254,226.83
175,254,235.54
176,254,234.06
177,254,240.19
178,254,231.84
179,254,225.88
180,254,230.65
181,254,228.44
182,254,223.2
183,254,236.74
184,254,241.59
185,254,232.6
186,254,233.23
187,254,239.66
188,254,237.13
189,254,237.04
190,254,228.08
191,254,228.97
192,254,227.2
193,254,230.48
194,254,225.92
195,254,229.33
196,254,232.38
197,254,234.08
198,254,229.55
199,254,231.47
200,254,232.39
201,254,235
202,254,235.26
203,254,240.17
204,254,232.47
205,254,231.56
206,254,239.79
207,254,240.94
208,254,237.96
209,254,234.08
210,254,228.63
211,254,223.75
212,254,235.62
213,254,237.36
214,254,233.9
215,254,231.36
216,254,225.46
217,254,224.78
218,254,218.11
219,254,214.56
220,254,225.5
221,254,229.87
222,254,229.29
223,254,232.67
224,254,231.51
225,254,229.47
226,254,227.22
227,254,220.8
228,254,226.34
229,254,237.47
230,254,236.69
231,254,233.47
232,254,232.43
233,254,235.36
234,254,234.89
235,254,234.39
236,254,236.66
237,254,236.04
238,254,229.87
239,254,227.53
240,254,237.63
241,254,238.04
242,254,230.89
243,254,227.7
244,254,232.9
245,254,226.09
246,254,227.89
247,254,232.77
248,254,237.25
249,254,246.09
250,254,235.33
251,254,239.1
252,254,238.41
253,254,220.83
254,254,232.58
255,254,230.8
256,254,240.13
257,254,230.77
258,254,218.83
259,254,226.2
260,254,228.52
261,254,226.52
262,254,224.49
263,254,227.02
264,254,236.63
265,254,242.36
266,254,229.11
267,254,238.2
268,254,233.79
269,254,224.59
270,254,232.26
271,254,227.07
272,254,223.47
273,254,219.23
274,254,217.56
275,254,221.51
276,254,230.98
277,254,218.41
278,254,233.06
279,254,231.37
280,254,231.13
281,254,227.43
282,254,232.51
283,254,235.61
284,254,215.24
285,254,205.24
286,254,214.05
287,254,235.45
288,254,236.5
289,254,238.98
290,254,240.24
291,254,243.6
292,254,242.76
293,254,237.02
294,254,235.97
295,254,229.31
296,254,236.76
297,254,231.84
298,254,235.95
299,254,237.2
Population size,100
Crossover rate,0.51
Mutation rate,0.79
Random selection portion,0.03
Selection method,AForge.Genetic.RankSelection
Diversity check,False
Iteration,FitnessMax,FitnessAvg
0,254,131.54
1,254,162.74
2,254,189.03
3,254,211.8
4,254,219.81
5,254,229.47
6,254,227.56
7,254,224.49
8,254,224.46
9,254,227.23
10,254,219.14
11,254,218.24
12,254,229.08
13,254,219.78
14,254,227.83
15,254,224.45
16,254,233.65
17,254,233.24
18,254,233.24
19,254,234.43
20,254,233
21,254,224.2
22,254,233.97
23,254,232.08
24,254,233.49
25,254,232.74
26,254,235.79
27,254,229.55
28,254,235.53
29,254,227.16
30,254,235.64
31,254,234.44
32,254,234.94
33,254,238.34
34,254,235.54
35,254,233.26
36,254,238.17
37,254,234.46
38,254,225.66
39,254,230.93
40,254,234.86
41,254,237.98
42,254,233.89
43,254,225.25
44,254,227.89
45,254,234.59
46,254,233.47
47,254,243.92
48,254,227.21
49,254,227.93
50,254,236.26
51,254,225.99
52,254,218.62
53,254,217.2
54,254,223.55
55,254,232.2
56,254,234.76
57,254,221.94
58,254,220.95
59,254,225.25
60,254,230.63
61,254,238.85
62,254,232.91
63,254,230.1
64,254,223.69
65,254,237.31
66,254,227.51
67,254,236.03
68,254,235.4
69,254,244.05
70,254,243.55
71,254,240.59
72,254,243.49
73,254,240.62
74,254,231.83
75,254,235.68
76,254,236.42
77,254,225.01
78,254,227.6
79,254,224.29
80,254,229.82
81,254,230.49
82,254,234.39
83,254,214.58
84,254,214.43
85,254,228.51
86,254,237.8
87,254,231.51
88,254,232.56
89,254,235.88
90,254,235.78
91,254,217.48
92,254,233.91
93,254,235.19
94,254,232.2
95,254,222.55
96,254,225.96
97,254,221.92
98,254,227.13
99,254,228.4
100,254,235
101,254,242
102,254,236.82
103,254,232.49
104,254,234.07
105,254,241.45
106,254,237.08
107,254,234.45
108,254,228.12
109,254,236.12
110,254,231.21
111,254,215.04
112,254,216.99
113,254,224.49
114,254,220.99
115,254,223.95
116,254,241.23
117,254,234.1
118,254,244.92
119,254,237.32
120,254,229.93
121,254,231.69
122,254,240.56
123,254,234.82
124,254,237.59
125,254,242.83
126,254,237.06
127,254,235.73
128,254,224.18
129,254,233.88
130,254,232.91
131,254,234.12
132,254,230.53
133,254,239.23
134,254,230.57
135,254,231.3
136,254,227.39
137,254,232.97
138,254,234.49
139,254,234.57
140,254,229.31
141,254,230.97
142,254,235.86
143,254,235.6
144,254,233.16
145,254,235.43
146,254,243.63
147,254,238.06
148,254,236.05
149,254,242.2
150,254,233.1
151,254,234.37
152,254,234.52
153,254,233.18
154,254,235.05
155,254,224.89
156,254,230.77
157,254,229.2
158,254,222.92
159,254,224.76
160,254,240.24
161,254,230.23
162,254,228.3
163,254,219.79
164,254,222.83
165,254,224.78
166,254,231.46
167,254,227.14
168,254,233.07
169,254,225.99
170,254,230.09
171,254,228.68
172,254,234.86
173,254,233.45
174,254,220.55
175,254,226.34
176,254,230.72
177,254,226.19
178,254,229.03
179,254,229.06
180,254,232.63
181,254,209.81
182,254,227.61
183,254,229.97
184,254,231.16
185,254,227.89
186,254,239.58
187,254,240.49
188,254,229.02
189,254,228.84
190,254,229.88
191,254,215.22
192,254,234.42
193,254,227.51
194,254,224.65
195,254,228.89
196,254,234.9
197,254,230.57
198,254,237.86
199,254,235.49
200,254,230.54
201,254,231.66
202,254,230.06
203,254,224.79
204,254,228.11
205,254,234.67
206,254,230.8
207,254,232.3
208,254,220.65
209,254,221.49
210,254,231.9
211,254,241.81
212,254,231.84
213,254,232.71
214,254,239.84
215,254,238.85
216,254,237.56
217,254,236.88
218,254,235.78
219,254,228.73
220,254,232.71
221,254,239.31
222,254,238.78
223,254,238.73
224,254,230.91
225,254,240.26
226,254,230.5
227,254,225.53
228,254,217.25
229,254,221.42
230,254,226.03
231,254,227.78
232,254,231.91
233,254,228.34
234,254,234.96
235,254,230.38
236,254,224.51
237,254,221.86
238,254,217.21
239,254,234.44
240,254,232.76
241,254,228.91
242,254,231.62
243,254,221.6
244,254,223.84
245,254,232.33
246,254,228.32
247,254,224.65
248,254,221.64
249,254,228.11
250,254,226.56
251,254,228.66
252,254,225.11
253,254,234.31
254,254,234.96
255,254,225.51
256,254,230.71
257,254,239.39
258,254,241.72
259,254,236.93
260,254,231.92
261,254,238.76
262,254,236.09
263,254,228.29
264,254,234.05
265,254,234.77
266,254,229.89
267,254,229.42
268,254,235.6
269,254,233.54
270,254,234.29
271,254,237.6
272,254,227.9
273,254,235.06
274,254,239.63
275,254,233.35
276,254,237.91
277,254,241.41
278,254,235.81
279,254,234.48
280,254,239.34
281,254,232.31
282,254,235.24
283,254,239.19
284,254,236.46
285,254,240.82
286,254,232.83
287,254,239.11
288,254,228.53
289,254,229.01
290,254,231.29
291,254,231.98
292,254,237.16
293,254,234.46
294,254,238.31
295,254,238.26
296,254,232.9
297,254,231.64
298,254,234.92
299,254,236.96
Population size,100
Crossover rate,0.22
Mutation rate,0.87
Random selection portion,0.03
Selection method,AForge.Genetic.EliteSelection
Diversity check,False
Iteration,FitnessMax,FitnessAvg
0,254,150.09
1,254,208.28
2,254,232.22
3,254,245.85
4,254,250.45
5,254,253.38
6,254,247.71
7,254,246.49
8,254,249.54
9,254,249.34
10,254,248.41
11,254,250.84
12,254,250.16
13,254,250.87
14,254,249.74
15,254,249.54
16,254,250.44
17,254,249.63
18,254,248.33
19,254,249.34
20,254,246.89
21,254,247.31
22,254,247.82
23,254,247.82
24,254,249.34
25,254,246.38
26,254,247.82
27,254,249.63
28,254,247
29,254,248.41
30,254,250.25
31,254,249.32
32,254,246.38
33,254,246.49
34,254,249.34
35,254,249.63
36,254,249.32
37,254,249.23
38,254,249.26
39,254,249.74
40,254,250.95
41,254,249.03
42,254,249.34
43,254,248.92
44,254,250.95
45,254,246.49
46,254,246.49
47,254,248.22
48,254,247.71
49,254,246.49
50,254,249.03
51,254,249.12
52,254,248.81
53,254,248.22
54,254,249.43
55,254,251.46
56,254,251.77
57,254,248.41
58,254,248.81
59,254,249.74
60,254,249.74
61,254,248.52
62,254,249.74
63,254,251.35
64,254,247.82
65,254,248.92
66,254,249.43
67,254,251.57
68,254,249.04
69,254,250.73
70,254,247.62
71,254,251.07
72,254,249.23
73,254,248.64
74,254,250.33
75,254,246.38
76,254,249.12
77,254,251.07
78,254,250.73
79,254,248.3
80,254,248.92
81,254,249.06
82,254,246.38
83,254,249.85
84,254,247.71
85,254,251.58
86,254,247.71
87,254,249.54
88,254,248.81
89,254,248.81
90,254,248.24
91,254,249.32
92,254,248.24
93,254,250.76
94,254,247
95,254,249.74
96,254,249.85
97,254,249.15
98,254,248.24
99,254,247.82
100,254,249.03
101,254,249.03
102,254,250.73
103,254,246.89
104,254,247.42
105,254,246.38
106,254,247.11
107,254,248.41
108,254,250.84
109,254,249.03
110,254,250.25
111,254,247.62
112,254,248.53
113,254,248.13
114,254,246.38
115,254,246.38
116,254,247.11
117,254,246.89
118,254,248.41
119,254,248.22
120,254,252.28
121,254,248.92
122,254,248.81
123,254,252.28
124,254,247.2
125,254,249.85
126,254,249.04
127,254,248.63
128,254,249.32
129,254,249.34
130,254,249.12
131,254,246.38
132,254,253.27
133,254,249.85
134,254,246.89
135,254,246.38
136,254,247.71
137,254,248.24
138,254,250.14
139,254,246.89
140,254,249.03
141,254,250.95
142,254,249.32
143,254,246.49
144,254,248.75
145,254,246.38
146,254,251.24
147,254,248.81
148,254,247
149,254,252.68
150,254,249.86
151,254,249.23
152,254,248.64
153,254,248.84
154,254,250.84
155,254,248.92
156,254,247.93
157,254,246.6
158,254,246.6
159,254,249.74
160,254,247.2
161,254,249.63
162,254,246.38
163,254,250.84
164,254,251.46
165,254,247.42
166,254,250.95
167,254,251.35
168,254,251.35
169,254,248.41
170,254,248.41
171,254,248.64
172,254,248.52
173,254,250.25
174,254,247.2
175,254,251.35
176,254,250.36
177,254,246.38
178,254,249.32
179,254,251.77
180,254,253.49
181,254,246.38
182,254,249.54
183,254,246.38
184,254,247.62
185,254,246.38
186,254,246.38
187,254,247
188,254,251.77
189,254,248.52
190,254,251.77
191,254,247.31
192,254,249.85
193,254,249.85
194,254,250.33
195,254,249.43
196,254,248.3
197,254,247
198,254,249.43
199,254,247.42
200,254,247.2
201,254,248.3
202,254,252.36
203,254,249.94
204,254,248.81
205,254,250.56
206,254,247.42
207,254,247.11
208,254,250.44
209,254,249.85
210,254,248.3
211,254,249.85
212,254,247.42
213,254,250.73
214,254,248.81
215,254,250.22
216,254,251.15
217,254,246.49
218,254,253.38
219,254,248.81
220,254,249.74
221,254,247.71
222,254,249.03
223,254,249.63
224,254,247
225,254,248.92
226,254,250.76
227,254,248.41
228,254,249.12
229,254,251.06
230,254,249.63
231,254,253.27
232,254,248.92
233,254,248.92
234,254,249.43
235,254,249.74
236,254,247.62
237,254,247
238,254,250.05
239,254,247.71
240,254,250.22
241,254,246.38
242,254,249.12
243,254,247.2
244,254,246.38
245,254,250.95
246,254,248.92
247,254,247.2
248,254,250.67
249,254,248.3
250,254,252.28
251,254,251.75
252,254,247.82
253,254,249.43
254,254,246.38
255,254,248.92
256,254,247.82
257,254,248.24
258,254,247.42
259,254,250.22
260,254,246.38
261,254,247
262,254,248.22
263,254,248.41
264,254,248.13
265,254,252.47
266,254,248.92
267,254,250.25
268,254,247.93
269,254,251.35
270,254,249.85
271,254,249.74
272,254,246.38
273,254,247.31
274,254,248.41
275,254,246.49
276,254,248.81
277,254,248.55
278,254,249.03
279,254,248.81
280,254,248.13
281,254,247.2
282,254,251.35
283,254,248.3
284,254,247.11
285,254,250.44
286,254,248.41
287,254,249.04
288,254,251.47
289,254,249.43
290,254,250.95
291,254,248.41
292,254,248.02
293,254,249.54
294,254,248.41
295,254,249.43
296,254,247.31
297,254,249.43
298,254,248.02
299,254,246.38
Population size,100
Crossover rate,0.22
Mutation rate,0.87
Random selection portion,0.03
Selection method,AForge.Genetic.EliteSelection
Diversity check,True
Iteration,FitnessMax,FitnessAvg
0,254,164.79
1,254,210.96
2,254,234.79
3,254,245.52
4,254,246.61
5,254,168.77
6,254,213.31
7,254,238.21
8,254,244.67
9,254,246.01
10,254,247
11,254,155.7
12,254,199.05
13,254,232.96
14,254,245.71
15,254,247.71
16,254,166.12
17,254,215.89
18,254,230.19
19,254,244.7
20,254,250.12
21,254,153.17
22,254,203.65
23,254,226.7
24,254,244.86
25,254,246.5
26,254,142.87
27,254,178.64
28,254,221.67
29,254,236.99
30,254,245.84
31,254,249.12
32,254,149.3
33,254,187.46
34,254,226.32
35,254,239.8
36,254,244.23
37,254,249.54
38,254,164.85
39,254,207.34
40,254,229.84
41,254,245.58
42,254,248.42
43,254,168.06
44,254,221.17
45,254,237.22
46,254,244.19
47,254,244.73
48,254,249.63
49,254,171.1
50,254,223.57
51,254,242.59
52,254,246.72
53,254,156.51
54,254,212.05
55,254,234.83
56,254,243.57
57,254,250.85
58,254,154.91
59,254,213.6
60,254,234.7
61,254,245.18
62,254,244.62
63,254,247.86
64,254,165.62
65,254,215.6
66,254,237.78
67,254,245.05
68,254,247.4
69,254,136.85
70,254,189.35
71,254,230.06
72,254,243.04
73,254,248.71
74,254,158.85
75,254,202.97
76,254,229.68
77,254,244.46
78,254,245.29
79,254,248.24
80,254,160.53
81,254,211.45
82,254,237.25
83,254,246.33
84,254,247.42
85,254,154.17
86,254,214.36
87,254,233.75
88,254,245.23
89,254,245.13
90,254,247.82
91,254,166.25
92,254,213.63
93,254,229.2
94,254,244.9
95,254,249.08
96,254,163.2
97,254,219.9
98,254,236.31
99,254,243.35
100,254,247.71
101,254,164.07
102,254,214.89
103,254,235.19
104,254,246.28
105,254,251.26
106,254,154.32
107,254,203.53
108,254,228.78
109,254,245.18
110,254,246.43
111,254,168.85
112,254,216.19
113,254,240.86
114,254,244.94
115,254,246.21
116,254,247.31
117,254,148.83
118,254,192.84
119,254,216.21
120,254,235.96
121,254,244.08
122,254,246.01
123,254,248.92
124,254,155.98
125,254,211.47
126,254,231.24
127,254,244.26
128,254,245.71
129,254,245.88
130,254,249.04
131,254,150.6
132,254,195.32
133,254,226.65
134,254,243.24
135,254,247.49
136,254,133.02
137,254,175.02
138,254,213.87
139,254,229.81
140,254,242.09
141,254,246.79
142,254,172.84
143,254,205.66
144,254,232.02
145,254,243.64
146,254,245.02
147,254,247.09
148,254,176.05
149,254,226.67
150,254,241.64
151,254,248.16
152,254,182.4
153,254,222.88
154,254,244.36
155,254,244.63
156,254,246.76
157,254,179.24
158,254,221.66
159,254,240.09
160,254,245.62
161,254,248.27
162,254,166.84
163,254,216.84
164,254,237.88
165,254,243.55
166,254,247.89
167,254,172.61
168,254,213.29
169,254,233
170,254,244.7
171,254,246.94
172,254,173.29
173,254,225.39
174,254,243.71
175,254,247.1
176,254,161.17
177,254,217.82
178,254,238.43
179,254,247.41
180,254,153.85
181,254,211.71
182,254,236.27
183,254,246.53
184,254,155.59
185,254,195.03
186,254,230.71
187,254,241.55
188,254,243.08
189,254,247.27
190,254,165.87
191,254,209.07
192,254,232.93
193,254,246.22
194,254,249.41
195,254,159.26
196,254,199.66
197,254,225.76
198,254,244.17
199,254,247.9
200,254,152.48
201,254,206.15
202,254,230.53
203,254,243.64
204,254,248.2
205,254,160.24
206,254,209.72
207,254,234.46
208,254,244.56
209,254,249.04
210,254,156.23
211,254,192.46
212,254,218.25
213,254,235.1
214,254,247.45
215,254,152.65
216,254,206.16
217,254,235.42
218,254,248.14
219,254,164.35
220,254,214.24
221,254,236.58
222,254,247.28
223,254,155.01
224,254,198.96
225,254,230.29
226,254,245.51
227,254,248.26
228,254,171.36
229,254,221.09
230,254,237.06
231,254,245.58
232,254,247.05
233,254,145.41
234,254,194.8
235,254,227.22
236,254,243.86
237,254,244.23
238,254,251.07
239,254,159.35
240,254,204.93
241,254,234.62
242,254,246.33
243,254,247.94
244,254,179.82
245,254,229.65
246,254,245.85
247,254,247.05
248,254,172.26
249,254,217.99
250,254,231.74
251,254,242.43
252,254,246
253,254,247.87
254,254,156.07
255,254,198.45
256,254,226.92
257,254,246.22
258,254,245.13
259,254,248.81
260,254,155.86
261,254,206.33
262,254,236.83
263,254,245.62
264,254,247.93
265,254,157.74
266,254,204.93
267,254,230.39
268,254,243.46
269,254,244.85
270,254,247.87
271,254,164.76
272,254,209.39
273,254,226.14
274,254,243.48
275,254,245.66
276,254,250.14
277,254,144.25
278,254,186.66
279,254,217.25
280,254,240.72
281,254,244.14
282,254,249.72
283,254,160.02
284,254,206.37
285,254,233.19
286,254,243.51
287,254,245.29
288,254,247.56
289,254,156.03
290,254,211.98
291,254,242.43
292,254,247.36
293,254,172.82
294,254,215.89
295,254,237.55
296,254,242.49
297,254,246.99
298,254,163.72
299,254,209.99
Population size,100
Crossover rate,0.22
Mutation rate,0.87
Random selection portion,0.03
Selection method,AForge.Genetic.EliteSelection
Diversity check,True
Iteration,FitnessMax,FitnessAvg
0,254,147.99
1,254,202.38
2,254,237.95
3,254,244.67
4,254,246.65
5,254,172.19
6,254,225.68
7,254,245.3
8,254,244.69
9,254,251.31
10,254,173.03
11,254,223.34
12,254,241.32
13,254,244.89
14,254,249.23
15,254,193.36
16,254,226.02
17,254,238.47
18,254,246.04
19,254,246.1
20,254,249.54
21,254,173.69
22,254,214.08
23,254,227.96
24,254,248.17
25,254,140.49
26,254,185.26
27,254,225.83
28,254,240.15
29,254,246.81
30,254,155.65
31,254,201.72
32,254,225.04
33,254,238.07
34,254,243.46
35,254,249.77
36,254,151.23
37,254,203.61
38,254,227.7
39,254,242.8
40,254,249.9
41,254,171.39
42,254,206.8
43,254,227.34
44,254,244.52
45,254,244.91
46,254,247.31
47,254,157.05
48,254,214.15
49,254,240.08
Population size,100
Crossover rate,0.22
Mutation rate,0.87
Random selection portion,0.03
Selection method,AForge.Genetic.EliteSelection
Diversity check,True
Iteration,FitnessMax,FitnessAvg
0,254,176.31
1,254,227.66
2,254,242.48
3,254,247.32
4,254,149.66
5,254,192.93
6,254,223.1
7,254,242.54
8,254,242.97
9,254,246.85
10,254,173.86
11,254,218.54
12,254,240.86
13,254,244.9
14,254,246.43
15,254,142.16
16,254,196.16
17,254,223.13
18,254,241.43
19,254,246.84
20,254,159.75
21,254,210.51
22,254,235.67
23,254,245.36
24,254,248.46
25,254,158.3
26,254,206.92
27,254,235.8
28,254,246.77
29,254,185.36
