Population size,100
Crossover rate,0.66
Mutation rate,0.34
Random selection portion,0.03
Selection method,AForge.Genetic.RouletteWheelSelection
Diversity check,False
Iteration,FitnessMax,FitnessAvg
0,235,212.14
1,235,214.15
2,235,216.13
3,235,215.15
4,235,212.32
5,235,215.9
6,235,212.58
7,235,215.49
8,235,216.85
9,235,219.98
10,235,216.28
11,235,215.16
12,235,215.15
13,235,216.86
14,235,214.29
15,235,217.5
16,235,215.33
17,235,214.43
18,235,216.41
19,235,216.41
20,235,214.2
21,235,215.95
22,235,213.79
23,224,213.68
24,235,218.08
25,235,216.67
26,235,216.37
27,235,215.89
28,224,213.38
29,224,213.2
30,224,214.68
31,224,212.96
32,224,213
33,224,215.42
34,224,213.56
35,224,215.5
36,224,213.6
37,224,213.68
38,224,216.08
39,224,213.84
40,224,213.92
41,224,213.84
42,224,217.78
43,235,216.15
44,235,216.23
45,235,213.25
46,235,214.89
47,224,215.22
48,224,212.94
49,224,215.66
50,224,213.68
51,224,215.62
52,224,213.42
53,224,215.36
54,235,215.31
55,224,217.88
56,224,215.72
57,224,213.3
58,224,215.54
59,224,215.28
60,235,215.09
61,235,215.69
62,235,212.64
63,235,215.39
64,224,212.96
65,235,211.99
66,224,211.1
67,224,214.64
68,224,213.22
69,224,213.52
70,224,213.3
71,224,215.16
72,224,215.64
73,224,215.12
74,224,213.18
75,224,214.6
76,235,213.74
77,235,213.7
78,235,217.95
79,224,215.64
80,224,215.64
81,224,213.48
82,220,213.4
83,224,215.64
84,220,213.4
85,220,213.4
86,235,220.64
87,235,216.5
88,235,214.3
89,235,218.55
90,235,216.24
91,235,215.38
92,235,217.43
93,235,213.33
94,224,212.92
95,220,215.08
96,220,217.54
97,220,213.14
98,235,215.49
99,224,215.38
100,224,212.66
101,235,215.49
102,220,214.82
103,235,215.23
104,220,215.34
105,220,215.6
106,224,215.64
107,224,213.18
108,224,215.12
109,220,213.14
110,220,213.4
111,224,217.62
112,224,215.42
113,224,213.6
114,224,215.96
115,235,216.07
116,235,215.77
117,235,215.91
118,224,215.68
119,224,215.84
120,224,213.68
121,224,212.98
122,224,215.1
123,224,213.16
124,235,215.85
125,235,218.05
126,235,215.89
127,224,215.9
128,224,213.76
129,224,213.68
130,224,213.56
131,235,220.27
132,235,217.81
133,235,213.33
134,235,218.14
135,235,215.83
136,220,215.6
137,220,213.4
138,235,215.49
139,220,213.14
140,235,215.64
141,220,215.34
142,235,218.1
143,235,213.55
144,235,213.55
145,220,213.4
146,220,213.4
147,220,213.4
148,220,213.4
149,235,215.75
150,235,217.99
151,235,213.59
152,224,213.44
153,220,213.4
154,220,213.4
155,220,215.6
156,220,213.4
157,224,215.68
158,235,217.95
159,235,213.55
160,220,213.4
161,220,215.6
162,235,217.95
163,235,213.55
164,235,215.79
165,235,218.25
166,235,215.64
167,235,215.23
168,235,212.7
169,235,215.42
170,220,213.14
171,224,215.12
172,220,213.14
173,220,215.34
174,220,213.14
175,224,215.64
176,235,218.1
177,235,217.95
178,235,215.79
179,235,220.04
180,235,215.49
181,235,215.64
182,235,215.38
183,235,214.75
184,235,212.44
185,235,213.07
186,235,213.03
187,220,215.08
188,220,215.08
189,220,212.36
190,220,212.36
191,224,216.84
192,235,217.62
193,235,215.8
194,235,213.78
195,220,213.4
196,235,215.75
197,235,215.9
198,235,213.55
199,220,213.4
200,220,213.4
201,224,217.88
202,224,213.44
203,220,213.14
204,220,213.4
205,220,215.34
206,224,217.88
207,224,213.44
208,224,215.64
209,220,213.4
210,220,213.4
211,220,215.6
212,220,215.34
213,235,217.32
214,235,214.97
215,224,216.54
216,224,214.08
217,224,212.14
218,224,214.86
219,235,214.97
220,235,217.21
221,220,213.4
222,224,215.72
223,224,214.42
224,224,211.96
225,224,212.52
226,224,213.9
227,224,214.62
228,224,212.12
229,224,219.02
230,224,213.04
231,224,215.96
232,224,213.8
233,224,213.88
234,235,218.74
235,235,214.19
236,224,215.9
237,224,215.9
238,235,215.55
239,235,216.23
240,235,216.31
241,235,216.27
242,224,215.86
243,224,215.78
244,224,213.84
245,224,213.5
246,224,217.94
247,224,215.78
248,235,220.33
249,235,216.11
250,224,213.92
251,224,213.8
252,224,213.62
253,224,213.82
254,224,218.12
255,235,217.58
256,235,213.86
257,235,213.73
258,224,219.02
259,224,214.56
260,224,214.52
261,224,215.36
262,224,213.2
263,224,217.24
264,235,215.35
265,235,212.97
266,224,215.16
267,224,213.98
268,224,214.32
269,224,214.8
270,224,216.46
271,235,216.71
272,235,214.48
273,224,215.36
274,224,215.44
275,224,215.36
276,224,217.3
277,224,217.54
278,224,219.36
279,224,215.08
280,224,214.3
281,224,216.16
282,224,216.44
283,224,216.38
284,235,216.64
285,235,217.3
286,235,217.34
287,235,219.84
288,235,219.85
289,235,219.73
290,235,218.06
291,235,218.35
292,235,221.65
293,235,217.21
294,235,219.75
295,235,220.11
296,235,220.84
297,235,221.14
298,235,221.18
299,235,218.81
Population size,100
Crossover rate,0.66
Mutation rate,0.34
Random selection portion,0.03
Selection method,AForge.Genetic.RouletteWheelSelection
Diversity check,True
Iteration,FitnessMax,FitnessAvg
0,235,212.37
1,235,213.36
2,235,214.44
3,235,218.72
4,235,216.9
5,235,218.78
6,235,218.62
7,235,217.05
8,235,218.26
9,235,217.81
10,235,216.94
11,235,218.55
12,235,220.93
13,235,221.44
14,235,218.95
15,235,216.77
16,235,217.79
17,235,221.65
18,235,220.45
19,235,217.89
20,235,220.55
21,235,222.42
22,235,220.35
23,235,221.76
24,235,219.47
25,235,219.24
26,235,217.05
27,235,216.74
28,235,221.52
29,235,219.73
30,235,220.32
31,235,218.64
32,235,221.25
33,235,221.53
34,235,219.87
35,235,224.52
36,235,221.89
37,235,220.33
38,235,218.63
39,235,219.05
40,235,221.4
41,235,219.2
42,235,221.35
43,235,221.83
44,235,221.28
45,235,220.76
46,235,220.19
47,235,220.16
48,235,222.2
49,235,219.15
50,235,218.97
51,235,216.05
52,235,216.41
53,235,219.11
54,235,219.33
55,235,219.1
56,235,216.55
57,235,218.85
58,235,218.22
59,235,217.98
60,235,217.59
61,235,215.15
62,235,216.26
63,235,216.92
64,235,215.07
65,235,214.59
66,235,215.86
67,235,213.02
68,235,212.53
69,224,215.24
70,224,213.38
71,224,218.04
72,235,217.94
73,235,219.46
74,235,221.8
75,235,223.77
76,235,224.63
77,235,226.61
78,235,227.59
79,235,229.65
80,235,212.2
81,235,214.4
82,235,216.83
83,235,218.91
84,235,218.77
85,235,218.11
86,235,213.13
87,235,221.83
88,235,218.56
89,235,220.99
90,235,224.06
91,235,222.53
92,235,225.95
93,235,227.32
94,235,224.57
95,235,224.24
96,235,230.77
97,235,221.46
98,235,220.2
99,235,221
100,235,222.9
101,235,220.81
102,235,220.33
103,235,220.95
104,235,221.39
105,235,223.65
106,235,219.26
107,235,220.86
108,235,219.71
109,235,217.73
110,235,220.4
111,235,217.85
112,235,219.41
113,235,217.02
114,235,217.04
115,235,217.23
116,235,217.61
117,235,218.09
118,235,217.98
119,235,219.11
120,235,216.99
121,235,219.12
122,235,217.48
123,235,218.19
124,235,219.76
125,235,219.43
126,235,217.26
127,235,217.42
128,235,222.05
129,224,221.34
130,235,217.21
131,235,218.18
132,235,220.01
133,235,226.31
134,235,225.57
135,235,224.59
136,235,227.32
137,235,227.73
138,235,227.73
139,235,226.85
140,235,229.23
141,235,214.29
142,235,219.47
143,235,216.15
144,235,217.8
145,235,221.71
146,235,219.08
147,235,218.08
148,235,217.66
149,235,220.12
150,235,221.77
151,235,224.09
152,235,217.22
153,235,217.64
154,235,219.98
155,235,217.86
156,235,218.42
157,235,218.27
158,235,220.71
159,235,221.55
160,235,221.96
161,235,223.09
162,235,223.38
163,235,227.25
164,235,222.22
165,235,224.43
166,235,222.01
167,235,223.48
168,235,221.38
169,235,221.13
170,235,220.8
171,235,221.02
172,235,221.02
173,235,221.57
174,235,223.59
175,235,221.57
176,235,223.4
177,235,220.28
178,235,220.91
179,235,220.91
180,235,223.29
181,235,223.14
182,235,219.88
183,235,221.09
184,235,218.05
185,235,223.19
186,235,218.71
187,235,221.39
188,235,218.38
189,235,219.66
190,235,221.79
191,235,217.53
192,235,216.18
193,235,216.59
194,235,219.95
195,235,217.86
196,235,220.51
197,235,220.4
198,235,217.94
199,235,222.2
200,224,219.48
201,235,218.83
202,235,220.56
203,235,219.97
204,235,223.25
205,235,223
206,235,224.76
207,235,227.79
208,235,222.85
209,235,225.9
210,235,228.43
211,235,214.83
212,235,221.48
213,235,216.8
214,235,220.43
215,235,221.57
216,235,217.29
217,235,220.25
218,235,218.1
219,235,217.79
220,235,218.08
221,235,218.14
222,235,219.02
223,235,221.05
224,235,220.84
225,235,220.73
226,235,218.38
227,235,220.4
228,235,217.94
229,235,222.34
230,235,217.45
231,235,220.4
232,235,222.82
233,235,218.05
234,235,217.72
235,235,217.61
236,235,219.96
237,235,217.72
238,235,219.85
239,235,217.39
240,224,217.28
241,235,217.9
242,235,222.36
243,235,222.21
244,235,222.68
245,235,225.02
246,235,223.74
247,235,224.13
248,235,223.98
249,235,225.92
250,235,229.23
251,235,208.96
252,235,212.67
253,235,215.97
254,235,214.01
255,235,216.74
256,235,216
257,235,217.48
258,235,221.88
259,235,219.6
260,235,220.13
261,235,219.83
262,235,220.17
263,235,220.8
264,235,221.05
265,235,219.22
266,235,223.55
267,235,219.11
268,235,221.17
269,235,220.03
270,235,219.48
271,235,222.48
272,235,218.27
273,235,218.71
274,235,220.8
275,235,220.95
276,235,218.16
277,235,220.18
278,235,219.88
279,235,219.77
280,235,217.83
281,235,219.85
282,235,219.74
283,235,218.05
284,235,222.64
285,235,218.05
286,235,222.71
287,235,220.32
288,235,217.86
289,235,220.69
290,235,220.95
291,235,220.62
292,235,219.36
293,235,217.2
294,235,219.55
295,235,219.96
296,235,217.72
297,235,217.5
298,235,219.44
299,235,219.85
Population size,100
Crossover rate,0.51
Mutation rate,0.79
Random selection portion,0.03
Selection method,AForge.Genetic.RankSelection
Diversity check,True
Iteration,FitnessMax,FitnessAvg
0,235,98.12
1,235,132
2,235,133.99
3,235,152.72
4,235,168.05
5,235,160.92
6,235,162.59
7,235,188.71
8,235,171.67
9,235,165.74
10,235,159.97
11,235,147.6
12,235,153.54
13,235,164.4
14,235,159.92
15,235,179.5
16,235,170.06
17,235,174.02
18,235,161.96
19,235,158.51
20,235,184.62
21,235,185.97
22,235,190.03
23,235,181.6
24,235,195.37
25,235,178.62
26,235,179.61
27,235,175.02
28,235,174.05
29,235,186.81
30,235,158.76
31,235,160.89
32,235,169.48
33,235,157.47
34,235,162.05
35,235,175.74
36,235,176.67
37,235,192.78
38,235,193.52
39,235,164.05
40,235,171.55
41,235,164.88
42,235,178.8
43,235,164.62
44,235,165.03
45,235,173.46
46,235,163.42
47,235,175.65
48,235,191.32
49,235,185.35
50,235,168.38
51,235,182.33
52,235,184.76
53,235,186.63
54,235,194.12
55,235,196.29
56,235,178.57
57,235,175.62
58,235,177.22
59,235,179.34
60,235,178.15
61,235,163.98
62,235,170.18
63,235,164.17
64,235,168.42
65,235,169.46
66,235,197.85
67,235,198.04
68,235,191.07
69,235,174.92
70,235,186.11
71,235,189.2
72,235,182.41
73,235,156.89
74,235,140.22
75,235,181.21
76,235,170.54
77,235,178.04
78,235,169.05
79,235,177.82
80,235,179.57
81,235,170.99
82,235,187.44
83,235,189.05
84,235,161.26
85,235,155.75
86,235,164.77
87,235,170
88,235,172.32
89,235,168.9
90,235,157.96
91,235,152.95
92,235,167.23
93,235,164.03
94,235,159.7
95,235,152.77
96,235,176.82
97,235,172.71
98,235,177.15
99,235,176.78
100,235,183.87
101,235,168.35
102,235,186.41
103,235,185.18
104,235,176.9
105,235,178.13
106,235,180.47
107,235,175.62
108,235,160.92
109,235,169.8
110,235,182.22
111,235,173.49
112,235,173.53
113,235,170.88
114,235,170.32
115,235,188.94
116,235,171.97
117,235,158.17
118,235,178.48
119,235,168.07
120,235,162.17
121,235,159.59
122,235,172.12
123,235,185.56
124,235,186.04
125,235,166.42
126,235,182.35
127,235,168.1
128,235,173.1
129,235,179.51
130,235,156.08
131,235,158.73
132,235,172.94
133,235,165.18
134,235,165.55
135,235,154.32
136,235,167.53
137,235,169.25
138,235,171.05
139,235,154.4
140,235,171.89
141,235,170.18
142,235,175.29
143,235,201.9
144,235,194.5
145,235,197.26
146,235,174.28
147,235,177.59
148,235,184.27
149,235,190.69
150,235,171.11
151,235,175.48
152,235,169.21
153,235,176.89
154,235,174.16
155,235,167.56
156,235,158.31
157,235,163.53
158,235,171.03
159,235,179.2
160,235,186.51
161,235,191.17
162,235,176.81
163,235,182.22
164,235,183.75
165,235,175.1
166,235,156.04
167,235,162.87
168,235,166.11
169,235,168.53
170,235,157.04
171,235,165.77
172,235,196.66
173,235,198.78
174,235,180.24
175,235,186.43
176,235,181.92
177,235,178.19
178,235,158.68
179,235,141.9
180,235,166.49
181,235,189.24
182,235,167.97
183,235,160.66
184,235,172.22
185,235,196.54
186,235,166.59
187,235,172.71
188,235,171.6
189,235,157.94
190,235,171.59
191,235,176.51
192,235,195.39
193,235,189.2
194,235,173.01
195,235,158.87
196,235,166.11
197,235,154.81
198,235,164.21
199,235,179.46
200,235,185.24
201,235,168.68
202,235,164.13
203,235,156.41
204,235,161.63
205,235,167.19
206,235,179.46
207,235,182.11
208,235,157.38
209,235,158.62
210,235,175.51
211,235,174.58
212,235,176.59
213,235,190.69
214,235,186.81
215,235,192.85
216,235,191.03
217,235,198.26
218,235,183.79
219,235,174.69
220,235,174.8
221,235,182.07
222,235,194.19
223,235,183.82
224,235,172.33
225,235,170.17
226,235,163.08
227,235,181.48
228,235,160.67
229,235,158.09
230,235,171.68
231,235,173.54
232,235,159.77
233,235,169.1
234,235,158.31
235,235,184.35
236,235,185.02
237,235,189.68
238,235,184.42
239,235,163.42
240,235,165.77
241,235,187.11
242,235,176.96
243,235,172.48
244,235,181.88
245,235,204.56
246,235,198.74
247,235,181.92
248,235,195.53
249,235,176.43
250,235,177.82
251,235,168.79
252,235,180.43
253,235,177.93
254,235,182.59
255,235,172.26
256,235,171.25
257,235,185.58
258,235,190.43
259,235,181.44
260,235,178.13
261,235,184.02
262,235,185.81
263,235,178.5
264,235,165.25
265,235,163.12
266,235,179.35
267,235,192.03
268,235,191.06
269,235,182.48
270,235,165.88
271,235,144.73
272,235,159.24
273,235,158.49
274,235,174.57
275,235,187.14
276,235,191.54
277,235,198.78
278,235,177.93
279,235,171.52
280,235,165.1
281,235,139.92
282,235,157.08
283,235,147.13
284,235,166.56
285,235,184.2
286,235,200.43
287,235,173.54
288,235,160.18
289,235,182.07
290,235,177.37
291,235,160.77
292,235,170.28
293,235,165.88
294,235,159.35
295,235,172.63
296,235,182.78
297,235,177.82
298,235,171.14
299,235,173.64
Population size,100
Crossover rate,0.51
Mutation rate,0.79
Random selection portion,0.03
Selection method,AForge.Genetic.RankSelection
Diversity check,False
Iteration,FitnessMax,FitnessAvg
0,235,88.84
1,235,120
2,235,126
3,235,152.35
4,235,161.33
5,235,154.44
6,235,147.06
7,235,160.04
8,235,179.34
9,235,161.47
10,235,172.61
11,235,165.53
12,235,159.85
13,235,162.99
14,235,163.77
15,235,175.29
16,235,189.99
17,235,183.54
18,235,172.31
19,235,184.8
20,235,184.54
21,235,168.42
22,235,168.23
23,235,184.27
24,235,152.5
25,235,165.19
26,235,176.78
27,235,170.66
28,235,187.26
29,235,197.7
30,235,182.52
31,235,181.1
32,235,178.71
33,235,175.24
34,235,180.58
35,235,175.73
36,235,162.34
37,235,169.54
38,235,154.88
39,235,157.12
40,235,163.53
41,235,143.98
42,235,156.63
43,235,156.78
44,235,161.37
45,235,160.73
46,235,173.23
47,235,163.13
48,235,158.73
49,235,160.85
50,235,176.14
51,235,167.9
52,235,180.29
53,235,170.74
54,235,177.27
55,235,172.79
56,235,192.33
57,235,196.47
58,235,192.14
59,235,173.19
60,235,202.99
61,235,189.57
62,235,194.34
63,235,170.43
64,235,196.06
65,235,177.75
66,235,186.81
67,235,172.82
68,235,161.37
69,235,180.85
70,235,190.74
71,235,184.17
72,235,193.94
73,235,183.88
74,235,157.8
75,235,176.46
76,235,183.91
77,235,172.6
78,235,187.64
79,235,187.97
80,235,165.26
81,235,177.56
82,235,179.98
83,235,188.38
84,235,179.91
85,235,180.73
86,235,192.11
87,235,184.2
88,235,181.89
89,235,156.37
90,235,144.17
91,235,154.17
92,235,160.89
93,235,180.22
94,235,179.51
95,235,179.84
96,235,178.23
97,235,173.16
98,235,191.36
99,235,173.08
100,235,180.05
101,235,168.42
102,235,169.39
103,235,167.19
104,235,194.09
105,235,190.24
106,235,183.75
107,235,177.41
108,235,179.8
109,235,180.74
110,235,189.66
111,235,197.98
112,235,183.84
113,235,172.41
114,235,172.63
115,235,184.42
116,235,184.98
117,235,183
118,235,166.7
119,235,164.24
120,235,185.84
121,235,165.06
122,235,178.12
123,235,167.34
124,235,155.07
125,235,150.78
126,235,160.25
127,235,137.57
128,235,139.33
129,235,161.07
130,235,175.21
131,235,170.77
132,235,189.38
133,235,189.91
134,235,189.98
135,235,182.48
136,235,173.49
137,235,181.36
138,235,170.99
139,235,168.49
140,235,172.52
141,235,180.5
142,235,146.89
143,235,173.86
144,235,162.37
145,235,182.89
146,235,174.91
147,235,190.02
148,235,194.57
149,235,196.73
150,235,187.85
151,235,178.34
152,235,170.95
153,235,172.89
154,235,170.73
155,235,156.85
156,235,158.64
157,235,172.48
158,235,173.83
159,235,177.11
160,235,184.16
161,235,163.02
162,235,172.86
163,235,169.05
164,235,174.91
165,235,191.21
166,235,180.8
167,235,194.49
168,235,199.04
169,235,166.44
170,235,161.74
171,235,197.48
172,235,175.21
173,235,186.99
174,235,182.18
175,235,179.57
176,235,172.15
177,235,185.88
178,235,152.12
179,235,178.16
180,235,177.45
181,235,175.51
182,235,189.72
183,235,208.93
184,235,196.7
185,235,190.02
186,235,177.86
187,235,171.29
188,235,182.93
189,235,196.28
190,235,172.52
191,235,184.23
192,235,192.85
193,235,179.24
194,235,179.95
195,235,189.27
196,235,191.92
197,235,186.03
198,235,191.77
199,235,196.77
200,235,183.19
201,235,175.84
202,235,182.89
203,235,182.15
204,235,170.74
205,235,173.12
206,235,182.22
207,235,180.99
208,235,174.36
209,235,184.39
210,235,174.28
211,235,164.36
212,235,168.98
213,235,175.63
214,235,179.21
215,235,188.15
216,235,175.69
217,235,164.13
218,235,168.72
219,235,205.31
220,235,188.71
221,235,179.09
222,235,184.46
223,235,182.78
224,235,192.29
225,235,191.73
226,235,173.49
227,235,176.1
228,235,185.43
229,235,173.34
230,235,192.25
231,235,187.4
232,235,191.62
233,235,184.46
234,235,179.87
235,235,191.18
236,235,160.41
237,235,177.83
238,235,179.58
239,235,176.44
240,235,186.74
241,235,187.15
242,235,191.36
243,235,179.98
244,235,175.07
245,235,164.96
246,235,144.7
247,235,165.11
248,235,174.88
249,235,175.95
250,235,180.39
251,235,181.55
252,235,202.29
253,235,195.05
254,235,183.3
255,235,176.25
256,235,177.78
257,235,200.65
258,235,186.7
259,235,177.93
260,235,180.32
261,235,170.47
262,235,186.36
263,235,182.63
264,235,183.3
265,235,161.93
266,235,182.97
267,235,180.43
268,235,176.1
269,235,185.54
270,235,182.56
271,235,180.73
272,235,185.02
273,235,184.94
274,235,186.92
275,235,186.29
276,235,167.75
277,235,174.8
278,235,142.42
279,235,155.55
280,235,155.4
281,235,187.63
282,235,177.18
283,235,189.79
284,235,190.87
285,235,191.43
286,235,168.34
287,235,162.93
288,235,163.19
289,235,175.21
290,235,166.03
291,235,176.59
292,235,164.09
293,235,144.06
294,235,169.54
295,235,171.33
296,235,176.89
297,235,163.94
298,235,173.27
299,235,194.01
Population size,100
Crossover rate,0.22
Mutation rate,0.87
Random selection portion,0.03
Selection method,AForge.Genetic.EliteSelection
Diversity check,False
Iteration,FitnessMax,FitnessAvg
0,235,115.8
1,235,166.76
2,235,214.81
3,235,221.3
4,235,224.7
5,235,222.65
6,235,225.9
7,235,224.76
8,235,225.86
9,235,229.45
10,235,230.15
11,235,227.95
12,235,227.95
13,235,230.3
14,235,229.89
15,235,230.19
16,235,230.3
17,235,227.95
18,235,230.3
19,235,230.15
20,235,230.15
21,235,230.19
22,235,229.89
23,235,230.19
24,235,229.89
25,235,230.3
26,235,230.19
27,235,227.95
28,235,230.3
29,235,227.95
30,235,227.95
31,235,230.15
32,235,229.89
33,235,227.95
34,235,232.35
35,235,227.95
36,235,230.3
37,235,227.95
38,235,227.95
39,235,227.95
40,235,232.5
41,235,227.95
42,235,227.95
43,235,227.95
44,235,229.89
45,235,230.15
46,235,227.95
47,235,227.95
48,235,232.65
49,235,227.95
50,235,227.95
51,235,230.3
52,235,227.95
53,235,232.65
54,235,230.3
55,235,227.95
56,235,230.3
57,235,227.95
58,235,232.5
59,235,230.15
60,235,230.3
61,235,227.95
62,235,230.19
63,235,227.95
64,235,230.15
65,235,227.95
66,235,232.09
67,235,227.95
68,235,232.24
69,235,230.15
70,235,232.54
71,235,232.39
72,235,232.35
73,235,232.13
74,235,230.15
75,235,230.19
76,235,227.95
77,235,232.5
78,235,229.89
79,235,232.5
80,235,227.95
81,235,230.15
82,235,232.5
83,235,230.15
84,235,232.24
85,235,230.3
86,235,229.89
87,235,232.13
88,235,227.95
89,235,227.95
90,235,227.95
91,235,227.95
92,235,230.15
93,235,227.95
94,235,227.95
95,235,230.19
96,235,232.65
97,235,227.95
98,235,230.3
99,235,230.15
100,235,229.89
101,235,229.89
102,235,230.15
103,235,232.54
104,235,227.95
105,235,227.95
106,235,227.95
107,235,229.89
108,235,227.95
109,235,227.95
110,235,227.95
111,235,232.13
112,235,230.15
113,235,227.95
114,235,227.95
115,235,227.95
116,235,227.95
117,235,230.19
118,235,227.95
119,235,227.95
120,235,230.19
121,235,227.95
122,235,227.95
123,235,227.95
124,235,232.5
125,235,227.95
126,235,227.95
127,235,232.5
128,235,227.95
129,235,230.19
130,235,227.95
131,235,232.09
132,235,227.95
133,235,230.19
134,235,230.15
135,235,227.95
136,235,230.19
137,235,230.3
138,235,230.15
139,235,227.95
140,235,230.3
141,235,230.19
142,235,230.19
143,235,227.95
144,235,229.89
145,235,227.95
146,235,230.15
147,235,232.5
148,235,229.89
149,235,227.95
150,235,227.95
151,235,227.95
152,235,229.89
153,235,227.95
154,235,227.95
155,235,230.15
156,235,227.95
157,235,230.15
158,235,232.5
159,235,230.3
160,235,230.19
161,235,230.15
162,235,227.95
163,235,232.5
164,235,227.95
165,235,227.95
166,235,227.95
167,235,230.19
168,235,230.15
169,235,227.95
170,235,227.95
171,235,229.89
172,235,227.95
173,235,227.95
174,235,230.3
175,235,227.95
176,235,229.89
177,235,227.95
178,235,230.19
179,235,227.95
180,235,232.5
181,235,230.15
182,235,229.89
183,235,227.95
184,235,230.3
185,235,227.95
186,235,227.95
187,235,230.19
188,235,230.19
189,235,227.95
190,235,230.3
191,235,230.15
192,235,227.95
193,235,230.19
194,235,229.89
195,235,230.15
196,235,232.13
197,235,227.95
198,235,227.95
199,235,232.5
200,235,227.95
201,235,227.95
202,235,229.89
203,235,227.95
204,235,230.19
205,235,227.95
206,235,227.95
207,235,230.15
208,235,227.95
209,235,232.13
210,235,230.3
211,235,230.15
212,235,232.5
213,235,230.19
214,235,230.19
215,235,227.95
216,235,230.15
217,235,227.95
218,235,227.95
219,235,227.95
220,235,232.09
221,235,230.3
222,235,227.95
223,235,227.95
224,235,230.15
225,235,227.95
226,235,227.95
227,235,230.3
228,235,232.65
229,235,232.65
230,235,230.15
231,235,227.95
232,235,227.95
233,235,232.35
234,235,229.89
235,235,230.15
236,235,230.15
237,235,229.89
238,235,227.95
239,235,227.95
240,235,227.95
241,235,227.95
242,235,230.3
243,235,230.19
244,235,232.5
245,235,230.3
246,235,227.95
247,235,229.89
248,235,227.95
249,235,229.89
250,235,230.19
251,235,227.95
252,235,232.65
253,235,231.83
254,235,229.89
255,235,232.24
256,235,230.19
257,235,232.13
258,235,232.5
259,235,230.15
260,235,227.95
261,235,227.95
262,235,229.89
263,235,234.74
264,235,227.95
265,235,227.95
266,235,227.95
267,235,232.5
268,235,230.3
269,235,229.89
270,235,227.95
271,235,232.24
272,235,227.95
273,235,230.3
274,235,232.5
275,235,227.95
276,235,227.95
277,235,232.24
278,235,230.3
279,235,232.5
280,235,227.95
281,235,232.09
282,235,232.24
283,235,230.3
284,235,230.15
285,235,229.89
286,235,229.89
287,235,230.19
288,235,230.19
289,235,232.13
290,235,227.95
291,235,227.95
292,235,230.19
293,235,230.19
294,235,227.95
295,235,230.15
296,235,227.95
297,235,227.95
298,235,230.15
299,235,227.95
Population size,100
Crossover rate,0.22
Mutation rate,0.87
Random selection portion,0.03
Selection method,AForge.Genetic.EliteSelection
Diversity check,True
Iteration,FitnessMax,FitnessAvg
0,235,131.31
1,235,173.1
2,235,217.34
3,235,219.02
4,235,226.93
5,235,223.59
6,235,222.49
7,235,226.19
8,235,225.09
9,235,226.08
10,235,227.95
11,235,232.35
12,235,105.7
13,235,145.77
14,235,180.84
15,235,217.25
16,235,219.98
17,235,220.54
18,235,222.05
19,235,223.42
20,235,221.68
21,235,224.47
22,235,223.55
23,235,225.64
24,235,226.85
25,235,227.95
26,235,230.3
27,235,118.72
28,235,170.32
29,235,209.94
30,235,213.75
31,235,218.78
32,235,221.64
33,235,222.9
34,235,221.68
35,235,221.9
36,235,222.67
37,235,223.99
38,235,225.64
39,235,226.63
40,235,230.15
41,235,93.65
42,235,146.07
43,235,210.06
44,235,220.07
45,235,222.1
46,235,221.68
47,235,222.45
48,235,225.13
49,235,225.64
50,235,226.78
51,235,225.31
52,235,226.3
53,235,230.3
54,235,117.49
55,235,161.37
56,235,206.92
57,235,219.61
58,235,218.27
59,235,220.63
60,235,221.2
61,235,222.13
62,235,220.58
63,235,223.81
64,235,227.59
65,235,226.26
66,235,228.32
67,235,120.43
68,235,179.71
69,235,214.18
70,235,218.02
71,235,221.53
72,235,222.22
73,235,223.88
74,235,224.76
75,235,225.9
76,235,229.71
77,235,119.86
78,235,169.85
79,235,213.64
80,235,221.18
81,235,221.27
82,235,224.75
83,235,221.75
84,235,223.11
85,235,231.33
86,235,115.95
87,235,169.49
88,235,208.82
89,235,217.81
90,235,219.64
91,235,222.11
92,235,221.13
93,235,222.34
94,235,227.7
95,235,224.21
96,235,225.2
97,235,228.32
98,235,124.68
99,235,181.2
100,235,220.59
101,235,218.91
102,235,223.39
103,235,224.45
104,235,225.69
105,235,229.97
106,235,94.16
107,235,145.87
108,235,197.88
109,235,213.07
110,235,214.83
111,235,220.32
112,235,219.7
113,235,220.39
114,235,221.35
115,235,224.91
116,235,225.27
117,235,225.2
118,235,227.51
119,235,227.95
120,235,230.19
121,235,100.43
122,235,161.02
123,235,195.27
124,235,213.4
125,235,217.87
126,235,220.24
127,235,221.47
128,235,220.15
129,235,220.58
130,235,223.26
131,235,226.3
132,235,223.11
133,235,225.6
134,235,225.64
135,235,229.82
136,235,120.28
137,235,158.11
138,235,210.68
139,235,221.01
140,235,219.93
141,235,222.22
142,235,221.08
143,235,221.93
144,235,227.15
145,235,227.92
146,235,228.28
147,235,129.1
148,235,161.15
149,235,189.8
150,235,213.04
151,235,216.36
152,235,221.14
153,235,220.54
154,235,221.04
155,235,223.92
156,235,225.24
157,235,226.7
158,235,225.86
159,235,231.44
160,235,114.39
161,235,159.05
162,235,193.86
163,235,215.39
164,235,221.25
165,235,224.23
166,235,225.27
167,235,224.54
168,235,229.96
169,235,99.91
170,235,142.58
171,235,184.4
172,235,215.66
173,235,218.87
174,235,220.43
175,235,226.24
176,235,222.45
177,235,227.81
178,235,224.21
179,235,229.79
180,235,135.61
181,235,181.46
182,235,218.62
183,235,221.04
184,235,223.06
185,235,224.58
186,235,226.04
187,235,225.53
188,235,227.84
189,235,230.15
190,235,120.8
191,235,167.43
192,235,212.46
193,235,217.16
194,235,220.93
195,235,221.19
196,235,222.03
197,235,225.4
198,235,228.9
199,235,104.42
200,235,144.94
201,235,188.56
202,235,216.35
203,235,217.62
204,235,218.29
205,235,219.02
206,235,224.26
207,235,223.29
208,235,228.54
209,235,109.01
210,235,145.94
211,235,193.81
212,235,214.89
213,235,214.74
214,235,221.8
215,235,222.52
216,235,221.91
217,235,222.89
218,235,230.3
219,235,109.91
220,235,166.69
221,235,199.45
222,235,218.59
223,235,219.26
224,235,226.32
225,235,223.55
226,235,227
227,235,226.85
228,235,227.95
229,235,230.19
230,235,130.09
231,235,182.93
232,235,214.68
233,235,217.14
234,235,221.75
235,235,220.88
236,235,221.79
237,235,225.35
238,235,224.43
239,235,229.3
240,235,124.45
241,235,179.37
242,235,210.03
243,235,218.87
244,235,220.96
245,235,219.79
246,235,220.18
247,235,221.08
248,235,222.67
249,235,223.55
250,235,224.98
251,235,225.86
252,235,230.3
253,235,132.83
254,235,203.8
255,235,221.07
256,235,222.65
257,235,223.54
258,235,224.21
259,235,223
260,235,223.66
261,235,227.18
262,235,226.3
263,235,227.95
264,235,227.95
265,235,230.15
266,235,140.09
267,235,181.88
268,235,210.49
269,235,217.95
270,235,223.44
271,235,222.28
272,235,221.79
273,235,224.58
274,235,225.53
275,235,226.74
276,235,225.97
277,235,227.07
278,235,227.95
279,235,229.89
280,235,115.21
281,235,157.22
282,235,216.09
283,235,218.07
284,235,222.52
285,235,221.72
286,235,222.37
287,235,226.15
288,235,227.29
289,235,228.5
290,235,109.58
291,235,143.35
292,235,202.48
293,235,219.76
294,235,225.92
295,235,222.34
296,235,223.44
297,235,227.44
298,235,226.41
299,235,230.15
Population size,100
Crossover rate,0.22
Mutation rate,0.87
Random selection portion,0.03
Selection method,AForge.Genetic.EliteSelection
Diversity check,True
Iteration,FitnessMax,FitnessAvg
0,235,120.99
1,235,178.38
2,235,215.17
3,235,214.2
4,235,218.46
5,235,220.86
6,235,223.94
7,235,222.89
8,235,223.99
9,235,225.42
10,235,229.6
11,235,118.08
12,235,152.78
13,235,175.09
14,235,214.98
15,235,221.96
16,235,220.96
17,235,224.3
18,235,222.89
19,235,226.01
20,235,226.63
21,235,226.63
22,235,227.95
23,235,227.95
24,235,230.15
25,235,123.59
26,235,174.95
27,235,212.4
28,235,213.7
29,235,218.21
30,235,224.14
31,235,220.12
32,235,221.14
33,235,222.99
34,235,228.34
35,235,105.07
36,235,151.82
37,235,193.61
38,235,215.62
39,235,224.21
40,235,222.59
41,235,221.68
42,235,222.56
43,235,225.46
44,235,229.57
45,235,130.32
46,235,173.63
47,235,215.41
48,235,214.85
49,235,219.65
Population size,100
Crossover rate,0.22
Mutation rate,0.87
Random selection portion,0.03
Selection method,AForge.Genetic.EliteSelection
Diversity check,True
Iteration,FitnessMax,FitnessAvg
0,235,106.07
1,235,164.42
2,235,213.66
3,235,214.22
4,235,219.48
5,235,220.24
6,235,224.37
7,235,225.35
8,235,225.68
9,235,224.65
10,235,230.29
11,235,119.19
12,235,155.79
13,235,198.24
14,235,213.58
15,235,219.66
16,235,222.65
17,235,224.2
18,235,224.32
19,235,226.89
20,235,226.08
21,235,231.21
22,235,121.84
23,235,165.23
24,235,213.47
25,235,218.99
26,235,219.68
27,235,221.97
28,235,222.56
29,235,223.69
