Population size,100
Crossover rate,0.66
Mutation rate,0.34
Random selection portion,0.03
Selection method,AForge.Genetic.RouletteWheelSelection
Diversity check,False
Iteration,FitnessMax,FitnessAvg
0,3456,2419.03
1,3407,2441.29
2,3407,2440.79
3,3407,2537.91
4,3407,2565.68
5,3407,2667.86
6,3407,2729.04
7,3406,2784.52
8,3406,2843.39
9,3406,2838.69
10,3409,2830.61
11,3588,2810.87
12,3588,2838.26
13,3630,2879.79
14,3630,2990.65
15,3694,3022.34
16,3751,2942.3
17,3751,3017.25
18,3630,3065.52
19,3630,3031.6
20,3606,3010.18
21,3620,3020.82
22,3620,2966.03
23,3690,3027.77
24,3671,3028.81
25,3678,3086.46
26,3690,3145.69
27,3690,3145.67
28,3690,3166.78
29,3702,3176.98
30,3702,3110.25
31,3702,3172.95
32,3702,3187.3
33,3702,3167.97
34,3702,3192.48
35,3683,3170.87
36,3683,3209.31
37,3683,3240.7
38,3683,3240.04
39,3690,3211.96
40,3683,3179.7
41,3675,3161.71
42,3682,3170
43,3675,3200.25
44,3690,3145.77
45,3714,3154.13
46,3714,3112.48
47,3689,3071.26
48,3682,3072.24
49,3682,3093.24
50,3659,3059.03
51,3659,3055.59
52,3707,3077.01
53,3659,3033.63
54,3659,2936.03
55,3659,2992.8
56,3659,3009.36
57,3724,3118.61
58,3724,3070.47
59,3616,3092.93
60,3696,3087.69
61,3696,3120.28
62,3703,3156.24
63,3696,3201.79
64,3703,3174.04
65,3732,3259.4
66,3732,3313.54
67,3732,3250.82
68,3816,3240.83
69,3752,3232.1
70,3778,3231.77
71,3754,3236.48
72,3754,3197.12
73,3754,3252.23
74,3754,3266.81
75,3739,3191.41
76,3689,3184.06
77,3689,3149.3
78,3710,3115.48
79,3531,3042.17
80,3512,3025.98
81,3528,2992.83
82,3645,2942.86
83,3645,2978.03
84,3645,3030.26
85,3631,3017.27
86,3631,3036.21
87,3624,3091.43
88,3670,3130.48
89,3653,3148.7
90,3653,3186.28
91,3624,3138.21
92,3624,3147.94
93,3624,3087.86
94,3624,3033.28
95,3624,3075.06
96,3680,3030.81
97,3553,3008.46
98,3484,3062.64
99,3689,3045.86
100,3689,2949.83
101,3689,3001.48
102,3689,2976.06
103,3689,2987.17
104,3531,2973.38
105,3531,2978.89
106,3592,2992.54
107,3592,2943.61
108,3592,2960.69
109,3592,2968.04
110,3575,2944.69
111,3565,3003.52
112,3552,2947.69
113,3552,2910.56
114,3503,2909.26
115,3503,2904.67
116,3628,2863.11
117,3628,2838.58
118,3628,2865.83
119,3628,2876
120,3628,2968
121,3555,2957.38
122,3555,2901.08
123,3555,2946.06
124,3335,2907.99
125,3512,2953.73
126,3682,2931.98
127,3682,2991.6
128,3682,2989.1
129,3512,2961.16
130,3526,2908.12
131,3519,2987.19
132,3519,2967.55
133,3526,2939.13
134,3519,2927.1
135,3519,2901.48
136,3637,2864.43
137,3346,2852
138,3429,2855.88
139,3478,2843.35
140,3478,2870.68
141,3506,2885.55
142,3478,2876.98
143,3653,2869.83
144,3433,2859
145,3588,2865.15
146,3539,2879.76
147,3513,2914.59
148,3513,2919.55
149,3497,2947.28
150,3506,2964.88
151,3664,2961.33
152,3637,2896.93
153,3653,2864.48
154,3653,2941.73
155,3653,2947.07
156,3653,2927.99
157,3653,2885.49
158,3653,2851.06
159,3588,2947.49
160,3516,2904.09
161,3465,2898.29
162,3508,2913.22
163,3573,2892.4
164,3573,2921.84
165,3595,2903.83
166,3573,2913.88
167,3467,2880.84
168,3457,2918.56
169,3456,2929.84
170,3456,2934.87
171,3456,2893.48
172,3456,2936.11
173,3456,2917.8
174,3506,2898.98
175,3478,2912.6
176,3461,2859.09
177,3507,2901.31
178,3682,2929.33
179,3461,2837.38
180,3461,2869.56
181,3463,2923.07
182,3463,2969.36
183,3482,2931.17
184,3482,2887.41
185,3562,2910.3
186,3521,2881.1
187,3485,2909.74
188,3603,2939.03
189,3603,2958.02
190,3603,2970.52
191,3603,3038.37
192,3603,3092.96
193,3625,3030.23
194,3625,3030.73
195,3625,3033.81
196,3625,2998.67
197,3594,2930.99
198,3550,2886.04
199,3560,2823.86
200,3560,2840.41
201,3531,2940.66
202,3531,3051.75
203,3664,3068.05
204,3664,3009.8
205,3664,2977.61
206,3664,2978.13
207,3664,2987.04
208,3729,3022.33
209,3729,3004.49
210,3616,2953.66
211,3616,2883.26
212,3616,2924.72
213,3643,2918.32
214,3643,2881.37
215,3643,2818.83
216,3643,2923.49
217,3643,2947.38
218,3643,2929.32
219,3643,2891.46
220,3643,2954.84
221,3643,2925.6
222,3477,2902.74
223,3477,2930.3
224,3439,2899.27
225,3510,2838.31
226,3510,2846.75
227,3510,2803.7
228,3510,2842.39
229,3668,2828.02
230,3668,2855.63
231,3638,2859.82
232,3649,2902.42
233,3649,2940.09
234,3649,2953.73
235,3642,2983.87
236,3653,3015.25
237,3653,3076.04
238,3675,3105.77
239,3638,3090.91
240,3616,3132.39
241,3749,3156.92
242,3749,3158.66
243,3749,3164.04
244,3749,3155.8
245,3749,3183.67
246,3749,3195.5
247,3749,3223.26
248,3684,3191.6
249,3684,3190.79
250,3684,3174.93
251,3713,3156.76
252,3713,3189.34
253,3749,3125.37
254,3749,3130.83
255,3749,3158.38
256,3749,3135.35
257,3749,3175.87
258,3749,3159.34
259,3749,3153.18
260,3749,3124.27
261,3749,3153.37
262,3749,3181.06
263,3749,3221.29
264,3749,3148.05
265,3684,3156.43
266,3684,3180.8
267,3684,3239.43
268,3604,3224.49
269,3611,3241.35
270,3728,3252.93
271,3819,3154.78
272,3827,3158.98
273,3786,3192.34
274,3614,3139.19
275,3706,3229.53
276,3673,3193.56
277,3673,3238.99
278,3679,3211.39
279,3738,3208.26
280,3738,3158.18
281,3808,3172.41
282,3808,3172.56
283,3760,3160.52
284,3760,3223.49
285,3778,3193.31
286,3778,3206.17
287,3767,3124.27
288,3749,3143.61
289,3749,3134.44
290,3749,3078.64
291,3726,3076.34
292,3726,3099.21
293,3711,3123.96
294,3711,3110.19
295,3712,3156.16
296,3712,3157.79
297,3712,3143.7
298,3712,3164.23
299,3712,3144.11
Population size,100
Crossover rate,0.66
Mutation rate,0.34
Random selection portion,0.03
Selection method,AForge.Genetic.RouletteWheelSelection
Diversity check,True
Iteration,FitnessMax,FitnessAvg
0,3391,2392.39
1,3391,2448.84
2,3391,2462.1
3,3063,2433.96
4,3215,2504.79
5,3215,2536.08
6,3215,2558.4
7,3222,2582.57
8,3222,2628.82
9,3222,2585.29
10,3245,2681.39
11,3534,2679.95
12,3380,2671.11
13,3354,2679.35
14,3427,2742.07
15,3405,2734.58
16,3510,2728.15
17,3381,2687.15
18,3381,2721.02
19,3437,2772.03
20,3501,2754.22
21,3593,2752.72
22,3472,2776.44
23,3523,2859.02
24,3523,2859.78
25,3472,2905.91
26,3472,2882.57
27,3591,2808.8
28,3591,2848.07
29,3591,2859.96
30,3591,2810.27
31,3613,2913.72
32,3613,2927.25
33,3591,2875.97
34,3591,2868.71
35,3613,2939.36
36,3591,2988.9
37,3591,3010.87
38,3670,3003.87
39,3813,3043.25
40,3685,3035.72
41,3685,3054.58
42,3670,3037.74
43,3597,3070.84
44,3590,3067
45,3680,3033.34
46,3680,3080.22
47,3639,3078.97
48,3639,3086.49
49,3716,3121.8
50,3602,3115.42
51,3566,3175.46
52,3614,3162.31
53,3616,3147.66
54,3650,3145.08
55,3650,3060.72
56,3650,3115.03
57,3721,3108.14
58,3721,3132.91
59,3781,3180.53
60,3721,3124.23
61,3721,3113.69
62,3721,3140.75
63,3721,3156.99
64,3781,3205.71
65,3781,3166.18
66,3762,3115.28
67,3762,3097.12
68,3777,3113.98
69,3755,3118.6
70,3781,3082.7
71,3781,3124.24
72,3762,3146.44
73,3602,3068.15
74,3602,3018.65
75,3558,2970.67
76,3571,3004.16
77,3576,2970.69
78,3576,2924.14
79,3503,2997.34
80,3503,2988.36
81,3637,3031.62
82,3637,3008.22
83,3718,2996.92
84,3503,2981.68
85,3503,3010.25
86,3503,3009.24
87,3503,2960.67
88,3693,3037.91
89,3693,3053.59
90,3693,3085.8
91,3693,3068.98
92,3747,3064.41
93,3747,3051.85
94,3747,3076.28
95,3747,3085.83
96,3747,3111.88
97,3747,3132.61
98,3643,3148.2
99,3643,3177.72
100,3643,3161.94
101,3643,3044.02
102,3643,3021.37
103,3643,3078.26
104,3654,3052.84
105,3658,3053.77
106,3658,3136.74
107,3581,3164.31
108,3581,3186.68
109,3646,3132.16
110,3667,3153.03
111,3667,3102.79
112,3631,3100.95
113,3646,3138.7
114,3643,3138.58
115,3643,3083.53
116,3651,3119.73
117,3643,3150.89
118,3713,3160.09
119,3713,3153.98
120,3713,3200.97
121,3658,3220.12
122,3658,3208.79
123,3617,3141.02
124,3675,3072.85
125,3675,3096.47
126,3675,3129.12
127,3675,3095.63
128,3675,3064.28
129,3576,3048.52
130,3651,3087.31
131,3576,3084.79
132,3639,3113.65
133,3704,3055.63
134,3533,2996.41
135,3533,2992.99
136,3533,2925.71
137,3520,2889.85
138,3786,2930.78
139,3786,2963.77
140,3696,3011.71
141,3696,3048
142,3777,3001.38
143,3794,2952.27
144,3777,3040.85
145,3777,3074.39
146,3816,3079.69
147,3784,3007.31
148,3784,3074.16
149,3784,3107.45
150,3816,3048.03
151,3632,2975.67
152,3631,3008.66
153,3631,3026.81
154,3631,3022.28
155,3661,3015.54
156,3585,3025.8
157,3585,3019.05
158,3612,3014.77
159,3583,3033.81
160,3520,3047.93
161,3520,3057.03
162,3631,3053.56
163,3533,3005.6
164,3613,2970.55
165,3598,3027.92
166,3606,3044.1
167,3654,3015.46
168,3555,2938.81
169,3555,2870.05
170,3555,2894.94
171,3549,2904.68
172,3517,2969.63
173,3517,2932.55
174,3534,2958.44
175,3534,3015.05
176,3534,2988.74
177,3534,3015.94
178,3534,2933.39
179,3523,2966.54
180,3508,2982.28
181,3610,2920.72
182,3508,2951.36
183,3560,2952.92
184,3560,2928.01
185,3625,2874.68
186,3500,2861.66
187,3500,2900.89
188,3619,2869.66
189,3514,2887.74
190,3514,2938.89
191,3583,2955.17
192,3496,2909.96
193,3468,2877.61
194,3558,2888.44
195,3519,2923.37
196,3505,2951.97
197,3505,2943.4
198,3505,2949.61
199,3644,2988.94
200,3553,2966.92
201,3553,2941.03
202,3588,2979.19
203,3690,2954.75
204,3690,2935.02
205,3659,2923.63
206,3661,2975.74
207,3815,3005.95
208,3815,3045.66
209,3815,2982.3
210,3815,3022.24
211,3815,2997.17
212,3659,2998.96
213,3541,3035.24
214,3721,3018.1
215,3721,3073.18
216,3721,3079.88
217,3721,3121.18
218,3721,3151.46
219,3721,3126.87
220,3721,3100.26
221,3709,3039.19
222,3611,3079.61
223,3625,3143.07
224,3580,3168.68
225,3679,3185.52
226,3679,3210.23
227,3679,3176.68
228,3679,3185.58
229,3755,3173.28
230,3755,3179.67
231,3755,3156.88
232,3830,3228.71
233,3755,3221.25
234,3755,3262.72
235,3755,3217.4
236,3755,3254.29
237,3755,3258.16
238,3770,3251.41
239,3770,3214.82
240,3770,3238.05
241,3770,3219.25
242,3770,3189.29
243,3718,3209.23
244,3718,3182.35
245,3722,3172.49
246,3722,3186.44
247,3718,3188.87
248,3696,3198.81
249,3696,3199.86
250,3696,3153.73
251,3635,3182.88
252,3659,3174.78
253,3659,3209.96
254,3766,3240.8
255,3766,3219.92
256,3839,3243.13
257,3839,3195.91
258,3839,3215.34
259,3787,3245.94
260,3792,3187.43
261,3792,3186.66
262,3792,3234.91
263,3792,3295.01
264,3809,3247.11
265,3792,3180.2
266,3811,3207.08
267,3730,3207.91
268,3735,3209.4
269,3735,3171.27
270,3735,3213.45
271,3724,3195.98
272,3720,3180.68
273,3705,3189.76
274,3701,3148.83
275,3789,3158.06
276,3789,3126.68
277,3789,3124.22
278,3789,3190.72
279,3788,3118.71
280,3788,3111.27
281,3788,3164.57
282,3804,3098.86
283,3788,3089.6
284,3804,3108.37
285,3804,3177.86
286,3810,3243.98
287,3804,3219.9
288,3804,3176.43
289,3804,3161.42
290,3789,3194.07
291,3830,3209.72
292,3830,3243.2
293,3817,3301.6
294,3766,3283.25
295,3792,3309.8
296,3781,3264.18
297,3781,3229.41
298,3766,3227.82
299,3804,3266.4
Population size,100
Crossover rate,0.51
Mutation rate,0.79
Random selection portion,0.03
Selection method,AForge.Genetic.RankSelection
Diversity check,True
Iteration,FitnessMax,FitnessAvg
0,3128,2533.17
1,3180,2736.04
2,3294,2913.65
3,3420,2969.86
4,3420,3076.62
5,3483,3097.64
6,3481,3185.22
7,3550,3190.58
8,3612,3265.53
9,3627,3314.24
10,3612,3318.43
11,3660,3337.68
12,3660,3292.01
13,3705,3314.77
14,3705,3420.37
15,3705,3383.96
16,3664,3428.74
17,3725,3496.39
18,3822,3537.1
19,3725,3506.85
20,3759,3546.13
21,3759,3445.18
22,3792,3450.02
23,3792,3459.43
24,3774,3539.34
25,3774,3544.69
26,3880,3578.19
27,3833,3530.56
28,3876,3559.68
29,3876,3603.99
30,3880,3552.98
31,3876,3549.24
32,3876,3594.16
33,3876,3653.4
34,3876,3628.6
35,3847,3657.58
36,3862,3637.34
37,3862,3701.78
38,3862,3617.96
39,3862,3626.96
40,3862,3697.18
41,3862,3670.34
42,3865,3722.1
43,3865,3649.04
44,3865,3672.61
45,3880,3702.6
46,3880,3673.6
47,3880,3556.9
48,3865,3668.44
49,3865,3667.96
50,3865,3715.83
51,3865,3664.11
52,3880,3677.26
53,3865,3651.84
54,3880,3714.89
55,3865,3616.15
56,3865,3626.12
57,3880,3653.2
58,3880,3668.73
59,3880,3652.92
60,3892,3682.65
61,3892,3718.68
62,3892,3648.99
63,3892,3638.16
64,3892,3661.43
65,3892,3669.66
66,3892,3648.03
67,3907,3739.75
68,3907,3734.26
69,3907,3664.53
70,3907,3753.28
71,3907,3738.82
72,3892,3725.08
73,3907,3683.42
74,3907,3714.78
75,3907,3754.4
76,3907,3752.26
77,3907,3769.52
78,3907,3713.49
79,3907,3742.23
80,3907,3771.86
81,3907,3746.42
82,3892,3723.37
83,3892,3625.27
84,3907,3687.73
85,3907,3701.19
86,3907,3630.45
87,3907,3674.31
88,3907,3644.09
89,3907,3704.03
90,3907,3759.51
91,3907,3746.29
92,3907,3742.15
93,3907,3724.59
94,3907,3752.92
95,3907,3635.22
96,3907,3702.55
97,3907,3777.53
98,3907,3745.28
99,3907,3763.78
100,3907,3694.25
101,3907,3718.55
102,3907,3771.81
103,3907,3747.69
104,3907,3817.41
105,3907,2398.87
106,3279,2565.07
107,3279,2679.76
108,3279,2665.06
109,3355,2804.68
110,3563,2870.65
111,3563,3007.67
112,3563,3118.48
113,3551,3186.95
114,3578,3237.82
115,3640,3290.25
116,3643,3289.77
117,3664,3225.94
118,3664,3258.43
119,3664,3254.96
120,3684,3375.15
121,3684,3325.93
122,3722,3358.09
123,3722,3347.15
124,3722,3354.54
125,3722,3241.91
126,3722,3290.91
127,3756,3333.06
128,3756,3403.24
129,3730,3448.13
130,3763,3438.63
131,3763,3422.95
132,3763,3459.07
133,3763,3521.59
134,3800,3579.05
135,3800,3568.61
136,3800,3588.05
137,3800,3602.25
138,3782,3558.79
139,3766,3613.71
140,3792,3592.2
141,3766,3558.38
142,3814,3580.02
143,3814,3604.84
144,3814,3539.98
145,3814,3550.13
146,3814,3599.68
147,3814,3600.69
148,3814,3593.51
149,3814,3572.97
150,3814,3670.23
151,3788,3606.82
152,3788,3647.5
153,3814,3618.31
154,3787,3515.58
155,3787,3642.64
156,3787,3631.32
157,3787,3632.1
158,3814,3586.22
159,3814,3640.72
160,3814,3566.63
161,3809,3596.5
162,3814,3628.85
163,3824,3635.15
164,3824,3600.17
165,3824,3638.76
166,3824,3699.55
167,3824,3654.98
168,3824,3666.88
169,3824,3663.47
170,3824,3596.72
171,3824,3681.64
172,3824,3722.34
173,3824,2478.1
174,3402,2761.2
175,3437,2909.09
176,3437,3047.09
177,3486,3090.13
178,3604,3138.69
179,3720,3202.49
180,3720,3257.15
181,3779,3339.81
182,3779,3335.05
183,3670,3410.09
184,3779,3447.22
185,3779,3479.42
186,3779,3473.54
187,3779,3456.27
188,3857,3521.02
189,3857,3471.08
190,3857,3436.11
191,3857,3529.36
192,3857,3588.66
193,3862,3506.88
194,3847,3571.21
195,3869,3606.92
196,3869,3577.96
197,3895,3563.71
198,3895,3624.41
199,3895,3661.97
200,3895,3696.42
201,3895,3620.3
202,3895,3662.43
203,3895,3631.92
204,3895,3724.57
205,3895,3736.47
206,3895,3698.16
207,3895,3647.16
208,3895,3689.65
209,3895,3721.3
210,3895,3630.77
211,3895,3747.61
212,3895,3722.45
213,3895,3745.38
214,3895,3587.96
215,3895,3716.09
216,3895,3716.04
217,3895,3758.18
218,3895,3674.3
219,3895,3762.68
220,3895,3705.71
221,3895,3750.05
222,3895,3756.35
223,3895,3736.3
224,3895,3730.12
225,3895,3745.69
226,3895,3788.71
227,3193,2386.76
228,3120,2603.13
229,3423,2710.6
230,3423,2801.07
231,3385,2892.12
232,3391,2975.63
233,3530,3013.35
234,3603,2971.65
235,3603,3104.36
236,3581,3179.65
237,3687,3260.25
238,3673,3333.37
239,3690,3384.17
240,3762,3424.1
241,3705,3444.28
242,3711,3406.94
243,3755,3503.05
244,3793,3425.47
245,3793,3442.6
246,3793,3559.42
247,3793,3554.77
248,3793,3568.83
249,3822,3619.04
250,3820,3596.85
251,3813,3605.08
252,3813,3590.84
253,3829,3630.18
254,3856,3611.65
255,3867,3628.97
256,3867,3647.42
257,3867,3635.22
258,3844,3584.58
259,3844,3628.99
260,3844,3687.21
261,3855,3645.65
262,3869,3604.09
263,3854,3620.47
264,3869,3672.1
265,3869,3708.27
266,3869,3694.39
267,3872,3651.14
268,3872,3719.43
269,3885,3723.06
270,3885,3653.57
271,3913,3714.84
272,3913,3719.09
273,3913,3723.53
274,3924,3759.84
275,3898,3709.66
276,3894,3660.49
277,3898,3708.18
278,3894,3758.42
279,3906,3700.14
280,3906,3688.53
281,3906,3676.6
282,3906,3742.85
283,3906,3624.96
284,3906,3693.01
285,3906,3740.72
286,3906,3701.1
287,3913,3565.87
288,3913,3726.66
289,3913,3739.91
290,3913,3743.87
291,3913,3774.79
292,3913,3747.91
293,3913,3740.08
294,3913,3785.73
295,3913,3762.5
296,3913,3794.59
297,3913,3741.22
298,3913,3776.09
299,3913,3737.67
Population size,100
Crossover rate,0.51
Mutation rate,0.79
Random selection portion,0.03
Selection method,AForge.Genetic.RankSelection
Diversity check,False
Iteration,FitnessMax,FitnessAvg
0,3381,2377.35
1,3381,2531.62
2,3381,2725.92
3,3457,2885.19
4,3600,2999.02
5,3600,3083.82
6,3600,3169.41
7,3620,3246.33
8,3641,3222.76
9,3641,3337.29
10,3731,3429.82
11,3731,3364.56
12,3698,3442.56
13,3706,3468.85
14,3706,3396.79
15,3731,3495.07
16,3790,3427.52
17,3790,3454.99
18,3847,3442.93
19,3847,3503.71
20,3847,3513.21
21,3869,3541.98
22,3847,3516.35
23,3869,3573.32
24,3847,3610.91
25,3884,3605.34
26,3884,3546.33
27,3847,3537.8
28,3846,3538.42
29,3887,3546.15
30,3887,3617.96
31,3887,3617.8
32,3887,3605.37
33,3887,3682.98
34,3894,3659.76
35,3894,3583.82
36,3894,3696.83
37,3913,3698.83
38,3913,3661.37
39,3913,3677.66
40,3913,3725.65
41,3913,3717.04
42,3909,3681.74
43,3909,3689.46
44,3913,3674
45,3913,3682.09
46,3913,3603.38
47,3909,3711.68
48,3909,3689.76
49,3909,3706.66
50,3909,3724.21
51,3909,3777.7
52,3909,3762.18
53,3909,3741.11
54,3909,3757.47
55,3909,3747.74
56,3909,3742.08
57,3909,3809.66
58,3909,3722.29
59,3909,3772.03
60,3909,3735.08
61,3909,3821.01
62,3909,3709.63
63,3909,3799.37
64,3909,3810.28
65,3909,3794.18
66,3909,3815.42
67,3909,3744.65
68,3909,3804.32
69,3909,3836.21
70,3909,3806.85
71,3909,3800.07
72,3909,3829.23
73,3909,3770.43
74,3909,3820.4
75,3909,3703.99
76,3909,3727.47
77,3909,3836.42
78,3909,3806.94
79,3909,3730.82
80,3909,3651.04
81,3909,3729.37
82,3909,3765.18
83,3909,3719.99
84,3909,3711.48
85,3909,3727.86
86,3909,3668.38
87,3909,3754.12
88,3909,3685.45
89,3909,3762.23
90,3909,3802.6
91,3909,3721.32
92,3909,3776.63
93,3909,3782.69
94,3909,3824.24
95,3909,3823.4
96,3909,3795.42
97,3909,3817.57
98,3909,3801.37
99,3909,3773.21
100,3909,3785.5
101,3909,3783.94
102,3909,3799.73
103,3909,3784.06
104,3909,3808.52
105,3909,3822.03
106,3909,3776.58
107,3909,3810.91
108,3909,3783.3
109,3909,3733.55
110,3909,3753.81
111,3909,3797.02
112,3909,3820.02
113,3909,3796.05
114,3909,3812.03
115,3909,3756.92
116,3909,3822.16
117,3909,3818.4
118,3909,3752.71
119,3909,3792.89
120,3909,3691.2
121,3909,3748.91
122,3909,3748.48
123,3909,3703.62
124,3909,3726.7
125,3909,3787
126,3909,3777.36
127,3909,3810.07
128,3909,3740.56
129,3909,3729.86
130,3909,3720.85
131,3909,3779.11
132,3909,3784.42
133,3909,3820.39
134,3909,3789.95
135,3909,3723.05
136,3909,3780.19
137,3909,3784.92
138,3909,3839.04
139,3909,3798.77
140,3909,3834.05
141,3909,3777.28
142,3909,3770.33
143,3909,3751.78
144,3909,3808.4
145,3909,3771.33
146,3909,3807.16
147,3909,3823.26
148,3909,3803.92
149,3909,3808.37
150,3909,3748.84
151,3909,3756.46
152,3909,3809.62
153,3909,3817.73
154,3909,3825.08
155,3909,3772.67
156,3909,3695.96
157,3909,3789.37
158,3909,3810.92
159,3909,3756.24
160,3909,3793.2
161,3909,3701.82
162,3909,3768.52
163,3909,3796.27
164,3909,3766.71
165,3909,3802.95
166,3909,3738.33
167,3909,3818.2
168,3909,3733.64
169,3909,3792.77
170,3909,3801.18
171,3909,3790.46
172,3909,3794.16
173,3909,3781.7
174,3909,3799.14
175,3909,3748.2
176,3909,3749.66
177,3909,3803.14
178,3909,3749.26
179,3909,3747.84
180,3909,3833.95
181,3909,3772.45
182,3909,3792.22
183,3909,3834.81
184,3909,3756.66
185,3909,3675.33
186,3909,3771.06
187,3909,3829.68
188,3909,3739.42
189,3909,3661.9
190,3909,3802.84
191,3909,3768.83
192,3909,3832
193,3909,3817.2
194,3909,3703.84
195,3909,3746.9
196,3909,3730.1
197,3909,3766.12
198,3909,3797.1
199,3909,3733.81
200,3909,3735.13
201,3909,3764.72
202,3909,3735.81
203,3909,3780.91
204,3909,3814.04
205,3909,3787.56
206,3909,3767.28
207,3909,3820.65
208,3909,3804.64
209,3909,3838.8
210,3909,3821.4
211,3909,3820.55
212,3909,3703.68
213,3909,3777.77
214,3909,3827.83
215,3909,3791.1
216,3909,3831.72
217,3909,3720.64
218,3909,3819.75
219,3909,3815.29
220,3909,3805.88
221,3909,3798.3
222,3909,3775.58
223,3909,3841.13
224,3909,3831.07
225,3909,3813.15
226,3909,3723.94
227,3909,3766.16
228,3909,3786.83
229,3909,3773.29
230,3909,3750.28
231,3909,3806.75
232,3909,3800.47
233,3909,3766.88
234,3909,3679.03
235,3909,3786.1
236,3909,3777.71
237,3909,3736.87
238,3909,3696.77
239,3909,3761.69
240,3909,3803.26
241,3909,3790.38
242,3909,3814.73
243,3909,3744.51
244,3909,3792.84
245,3909,3749.98
246,3909,3795.66
247,3909,3660
248,3909,3770.28
249,3909,3760.79
250,3909,3806.65
251,3909,3794.1
252,3909,3818.78
253,3909,3769.3
254,3909,3764.39
255,3909,3767.41
256,3909,3764.81
257,3909,3819.49
258,3909,3777.04
259,3909,3728.82
260,3909,3746.22
261,3909,3753.63
262,3909,3787.87
263,3909,3690.11
264,3909,3759.63
265,3909,3712.16
266,3909,3667.79
267,3909,3719.18
268,3909,3740.6
269,3909,3706
270,3909,3772.34
271,3909,3804.94
272,3909,3774.52
273,3909,3820.94
274,3909,3809.88
275,3909,3808.65
276,3909,3832.13
277,3909,3699.69
278,3909,3790.73
279,3909,3814.14
280,3909,3753.68
281,3909,3815.62
282,3909,3748.79
283,3909,3798.48
284,3909,3796.87
285,3909,3753.86
286,3909,3713.56
287,3909,3683.65
288,3909,3787.93
289,3909,3748.26
290,3909,3792.54
291,3909,3798.76
292,3909,3788.02
293,3909,3800.12
294,3909,3769.77
295,3909,3765.47
296,3909,3762.1
297,3909,3781.22
298,3909,3774.03
299,3909,3820.37
Population size,100
Crossover rate,0.22
Mutation rate,0.87
Random selection portion,0.03
Selection method,AForge.Genetic.EliteSelection
Diversity check,False
Iteration,FitnessMax,FitnessAvg
0,3302,2559.88
1,3302,2740.41
2,3731,2890.88
3,3796,3032.74
4,3796,3092.04
5,3796,3214.33
6,3796,3293.7
7,3796,3344.14
8,3796,3442.3
9,3811,3515.44
10,3811,3559.38
11,3811,3563.69
12,3847,3644.4
13,3847,3666.74
14,3847,3676.7
15,3898,3734.78
16,3898,3749.28
17,3916,3754.18
18,3916,3745.56
19,3916,3766.35
20,3916,3763.33
21,3916,3772.19
22,3916,3761.14
23,3916,3760.29
24,3916,3783.56
25,3916,3790.88
26,3916,3792.34
27,3916,3797.66
28,3916,3797.56
29,3916,3821.74
30,3916,3813.88
31,3916,3821.09
32,3916,3819.36
33,3916,3805.26
34,3916,3831.2
35,3916,3821.61
36,3916,3831.95
37,3916,3835.9
38,3916,3825.11
39,3916,3827.41
40,3916,3839.3
41,3916,3846.65
42,3916,3852.48
43,3916,3827.38
44,3916,3840.08
45,3916,3845.51
46,3916,3843.12
47,3916,3849.52
48,3916,3852.78
49,3916,3781.78
50,3916,3841.03
51,3916,3827.26
52,3916,3854.63
53,3916,3843.73
54,3916,3845.59
55,3916,3846.74
56,3916,3828.56
57,3916,3842.87
58,3916,3833.89
59,3916,3859.41
60,3916,3854.48
61,3916,3841.38
62,3916,3836.45
63,3916,3863.67
64,3916,3850.91
65,3916,3815.25
66,3916,3865.19
67,3916,3854.38
68,3916,3841.96
69,3916,3863.7
70,3916,3854.11
71,3916,3833.69
72,3916,3860.15
73,3916,3853.63
74,3916,3835.35
75,3916,3875.19
76,3916,3858.08
77,3916,3859.73
78,3916,3859.01
79,3916,3820.55
80,3916,3862.85
81,3916,3863.41
82,3916,3873.15
83,3916,3871.96
84,3916,3819.19
85,3916,3868.93
86,3916,3877.58
87,3916,3862.95
88,3916,3877.33
89,3916,3877.71
90,3916,3867.7
91,3916,3858.31
92,3916,3852.76
93,3916,3864.88
94,3916,3816.66
95,3916,3851.7
96,3916,3886.31
97,3916,3873.06
98,3916,3846.45
99,3916,3877.77
100,3916,3838.82
101,3916,3855.33
102,3916,3875.62
103,3916,3849.52
104,3916,3871.55
105,3916,3870.35
106,3916,3857.11
107,3916,3835.21
108,3916,3873.23
109,3916,3821.96
110,3916,3867.03
111,3916,3872.68
112,3916,3862.78
113,3916,3863.68
114,3916,3834.29
115,3916,3842.98
116,3916,3842.12
117,3916,3872.33
118,3916,3854.15
119,3916,3871.6
120,3916,3870.17
121,3916,3872.04
122,3916,3862.9
123,3916,3869.54
124,3916,3867.71
125,3916,3845.83
126,3916,3835.32
127,3916,3871.09
128,3916,3864.94
129,3916,3829.88
130,3916,3863.5
131,3916,3866.08
132,3916,3866.28
133,3916,3867.18
134,3916,3840.24
135,3916,3877.17
136,3916,3880.67
137,3916,3849.02
138,3916,3865.83
139,3916,3822.11
140,3916,3853.13
141,3916,3846.81
142,3916,3855.92
143,3916,3868.12
144,3916,3842.28
145,3916,3841.41
146,3916,3866.67
147,3916,3846.56
148,3916,3834.7
149,3916,3876.28
150,3916,3869.51
151,3916,3882.52
152,3916,3872.47
153,3916,3861.99
154,3916,3833.65
155,3916,3875.97
156,3916,3876.92
157,3916,3872.57
158,3916,3838.98
159,3916,3877.3
160,3916,3853.22
161,3916,3876.89
162,3916,3856.93
163,3916,3845.48
164,3916,3867.79
165,3916,3856.79
166,3916,3839.13
167,3916,3865.73
168,3916,3861.22
169,3916,3850.7
170,3916,3865.18
171,3916,3867.99
172,3916,3866.97
173,3916,3873.26
174,3916,3865.48
175,3916,3865.15
176,3916,3865.89
177,3916,3854.96
178,3916,3857.9
179,3916,3856.23
180,3916,3874.91
181,3916,3868.03
182,3916,3822.44
183,3916,3842.67
184,3916,3858.34
185,3916,3863.45
186,3916,3864.65
187,3916,3843.76
188,3916,3849.16
189,3916,3878.55
190,3916,3870.75
191,3916,3847.21
192,3916,3853.6
193,3916,3884.58
194,3916,3850.4
195,3916,3844.88
196,3916,3846.15
197,3916,3844.55
198,3916,3853.98
199,3916,3862.48
200,3916,3872.02
201,3916,3870.43
202,3916,3865.43
203,3916,3846.8
204,3916,3849.82
205,3916,3865.6
206,3916,3869.49
207,3916,3873.14
208,3916,3856.02
209,3916,3841.59
210,3916,3873.47
211,3916,3840.99
212,3916,3866.51
213,3916,3868.49
214,3916,3874.59
215,3916,3874.2
216,3916,3848
217,3916,3860.32
218,3916,3868.91
219,3916,3882.04
220,3916,3854.08
221,3916,3835.63
222,3916,3877.92
223,3916,3866.17
224,3916,3865.12
225,3916,3844.4
226,3916,3861.73
227,3916,3875.96
228,3916,3865.22
229,3916,3866.24
230,3916,3864.7
231,3916,3872.68
232,3916,3873.69
233,3916,3861.85
234,3916,3871.55
235,3916,3869.96
236,3916,3849.82
237,3916,3864.05
238,3916,3864.93
239,3916,3856.49
240,3916,3845.26
241,3916,3832.45
242,3916,3853.17
243,3916,3845.16
244,3916,3856.05
245,3916,3875.01
246,3916,3841.33
247,3916,3849.04
248,3916,3859.93
249,3916,3867.58
250,3916,3845.56
251,3916,3862.02
252,3916,3853.39
253,3916,3847.06
254,3916,3846.23
255,3916,3873.74
256,3916,3858.27
257,3916,3873.27
258,3916,3879.15
259,3916,3862.34
260,3916,3841.94
261,3916,3835.64
262,3916,3863.12
263,3916,3866.98
264,3916,3858.3
265,3916,3868.69
266,3916,3869.73
267,3916,3832.83
268,3916,3845.25
269,3916,3862.94
270,3916,3858.09
271,3916,3872.03
272,3916,3841.35
273,3916,3837.85
274,3916,3873.16
275,3916,3849.82
276,3916,3862.94
277,3916,3839.83
278,3916,3876.19
279,3916,3861.15
280,3916,3848.57
281,3916,3863.51
282,3916,3836.65
283,3916,3870.83
284,3916,3870
285,3916,3842.44
286,3916,3869.03
287,3916,3873.7
288,3916,3858.13
289,3916,3864.4
290,3916,3821.6
291,3916,3853.81
292,3916,3867.11
293,3916,3879.58
294,3916,3869.09
295,3916,3868.91
296,3916,3863.95
297,3916,3837.9
298,3916,3866.42
299,3916,3837.68
Population size,100
Crossover rate,0.22
Mutation rate,0.87
Random selection portion,0.03
Selection method,AForge.Genetic.EliteSelection
Diversity check,True
Iteration,FitnessMax,FitnessAvg
0,3144,2548.84
1,3144,2685.65
2,3209,2829.09
3,3209,2901.1
4,3368,2994.7
5,3383,3070.46
6,3389,3102.47
7,3457,3205.53
8,3573,3265.34
9,3734,3300.95
10,3734,3368.66
11,3734,3434.06
12,3734,3466.74
13,3778,3516.62
14,3792,3529.74
15,3847,3557.33
16,3847,3620.7
17,3847,3615.59
18,3847,3630.98
19,3847,3616
20,3869,3667.85
21,3869,3668.9
22,3884,3706.24
23,3884,3730.12
24,3884,3700.02
25,3884,3714.97
26,3884,3718.45
27,3884,3743.52
28,3898,3736.23
29,3898,3768.51
30,3898,3759.46
31,3898,3780.5
32,3898,3786.46
33,3898,2620.07
34,3898,2773.56
35,3898,2927.1
36,3898,3044.21
37,3898,3150.26
38,3898,3284.6
39,3898,3419.19
40,3898,3528.86
41,3898,3639.57
42,3898,3688.94
43,3898,3706.3
44,3898,3741.75
45,3898,3792.69
46,3898,2714.61
47,3898,2863.18
48,3898,2967.3
49,3898,3069.23
50,3898,3135.53
51,3898,3251.2
52,3898,3336
53,3898,3423.52
54,3898,3488.04
55,3898,3542.95
56,3898,3625.46
57,3898,3658.99
58,3898,3667.27
59,3898,3704.45
60,3898,3766.97
61,3898,3778.24
62,3898,3786.5
63,3898,2636.83
64,3898,2872.4
65,3898,3012.68
66,3917,3112.28
67,3917,3276.66
68,3917,3389.15
69,3917,3519.13
70,3917,3622.71
71,3917,3725.95
72,3917,3724.16
73,3917,3760.83
74,3917,3783.11
75,3917,3805.58
76,3917,2637.33
77,3917,2791.97
78,3917,2943.35
79,3917,3072.99
80,3917,3172.53
81,3917,3300.61
82,3917,3429.27
83,3917,3545.31
84,3917,3611.01
85,3917,3657.93
86,3917,3667.92
87,3917,3706.76
88,3917,3737.15
89,3917,3764.4
90,3917,3788.77
91,3917,3807.77
92,3917,2586.85
93,3917,2837.52
94,3917,2973.88
95,3917,3122.89
96,3917,3231.16
97,3917,3324.95
98,3917,3417.41
99,3917,3513.98
100,3917,3556.46
101,3917,3651.07
102,3917,3660.18
103,3917,3733.07
104,3917,3749.92
105,3917,3779.93
106,3917,3797.66
107,3925,3817.48
108,3925,2649.46
109,3925,2812.71
110,3925,2981.91
111,3925,3066.44
112,3925,3190.42
113,3925,3300.19
114,3925,3410.84
115,3925,3545.39
116,3925,3615.31
117,3925,3696.35
118,3925,3725.4
119,3925,3752.94
120,3925,3759.74
121,3925,3773.54
122,3925,3820.52
123,3925,2573.8
124,3925,2763.59
125,3925,2858.94
126,3925,3014.55
127,3925,3129.26
128,3925,3237.38
129,3925,3332.17
130,3925,3420.94
131,3925,3503.87
132,3925,3565.23
133,3925,3607.91
134,3925,3652.85
135,3925,3691.64
136,3925,3723.73
137,3925,3753.91
138,3925,3794.64
139,3925,3818.35
140,3925,2582.9
141,3925,2804.02
142,3925,2969.04
143,3925,3085.19
144,3925,3181.25
145,3925,3287.18
146,3925,3419.08
147,3925,3517.97
148,3925,3623.04
149,3925,3697.86
150,3925,3742.01
151,3925,3778.92
152,3925,3783.86
153,3925,3822.01
154,3925,2672.16
155,3925,2858.43
156,3925,3005.13
157,3925,3079.95
158,3925,3248.27
159,3925,3384.25
160,3925,3468.68
161,3925,3562.62
162,3925,3623.7
163,3925,3649.47
164,3925,3652.68
165,3925,3716.28
166,3925,3719.21
167,3925,3740.18
168,3925,3754.83
169,3925,3782.03
170,3925,3791.34
171,3925,3791.04
172,3925,3817.94
173,3925,2562.32
174,3925,2707.12
175,3925,2868.99
176,3925,3018.34
177,3925,3134.33
178,3925,3220.4
179,3925,3330.81
180,3925,3431.47
181,3925,3513.03
182,3925,3573.95
183,3925,3652.85
184,3925,3713.68
185,3925,3763.43
186,3925,3779.91
187,3925,3834.02
188,3925,2610.46
189,3925,2759.92
190,3925,2915.3
191,3925,3062.32
192,3925,3223.24
193,3925,3329.59
194,3925,3424.18
195,3925,3504.49
196,3925,3550.13
197,3925,3640.18
198,3925,3658.36
199,3925,3687.59
200,3925,3756.77
201,3925,3777.45
202,3925,3796.85
203,3925,3796.6
204,3925,3812.64
205,3925,2648.6
206,3925,2824.05
207,3925,2947.37
208,3925,3089.51
209,3925,3123.38
210,3925,3247.24
211,3925,3272.99
212,3925,3391.07
213,3925,3441.9
214,3925,3521.72
215,3925,3548.21
216,3925,3650.79
217,3925,3686.92
218,3925,3725.04
219,3925,3764.67
220,3925,3779.42
221,3925,3798.95
222,3925,3745.45
223,3925,3838.11
224,3925,2636.48
225,3925,2791.48
226,3925,2975.94
227,3925,3104.44
228,3925,3242.75
229,3925,3350.3
230,3925,3437.12
231,3925,3505.12
232,3925,3615.24
233,3925,3700.55
234,3925,3697.89
235,3925,3774.36
236,3925,3789.19
237,3925,3811.87
238,3925,2740.1
239,3925,2890.16
240,3925,3012.61
241,3925,3148.4
242,3925,3233.51
243,3925,3336.62
244,3925,3453.1
245,3925,3502.25
246,3925,3565.93
247,3925,3599.16
248,3925,3644.3
249,3925,3664.42
250,3925,3668.29
251,3925,3720.2
252,3925,3732.93
253,3925,3757.93
254,3925,3760.79
255,3925,3776.61
256,3925,3801.42
257,3925,3820.06
258,3925,2723.69
259,3925,2936.24
260,3925,3073.95
261,3925,3188.84
262,3925,3268.03
263,3925,3347.74
264,3925,3376.35
265,3925,3467.04
266,3925,3512.02
267,3925,3582.23
268,3925,3621.08
269,3925,3671.11
270,3925,3738.86
271,3925,3777.98
272,3925,3791.39
273,3925,3805.48
274,3925,3829.64
275,3925,2529.32
276,3925,2770.96
277,3925,2930.94
278,3925,3073.16
279,3925,3150.34
280,3925,3245.98
281,3925,3370.53
282,3925,3454.45
283,3925,3544.1
284,3925,3623.3
285,3925,3676.05
286,3925,3697.03
287,3925,3760.97
288,3925,3763.29
289,3925,3781.83
290,3925,3812.03
291,3925,2622.08
292,3925,2785.2
293,3925,2920.26
294,3925,3023.92
295,3925,3113.97
296,3925,3245.89
297,3925,3395.94
298,3925,3526.41
299,3925,3613.83
Population size,100
Crossover rate,0.22
Mutation rate,0.87
Random selection portion,0.03
Selection method,AForge.Genetic.EliteSelection
Diversity check,True
Iteration,FitnessMax,FitnessAvg
0,3549,2585.36
1,3549,2816.15
2,3549,2983.2
3,3569,3098.67
4,3569,3208.24
5,3569,3318.06
6,3688,3387.51
7,3716,3438.46
8,3721,3461.11
9,3750,3470.63
10,3750,3520.37
11,3750,3554.41
12,3750,3528.9
13,3779,3586.74
14,3843,3601.11
15,3843,3626.38
16,3847,3624.14
17,3847,3647.25
18,3862,3649.28
19,3862,3692.16
20,3862,3685.59
21,3862,3715.52
22,3895,3726.62
23,3895,3708.97
24,3895,3748.98
25,3895,3730.22
26,3895,3748.13
27,3895,3746.02
28,3916,3772.62
29,3916,3723.66
30,3916,3774.6
31,3916,3768.14
32,3916,3770.93
33,3916,3802.41
34,3916,2587.81
35,3916,2768.81
36,3916,2909.51
37,3916,2989.95
38,3916,3092.58
39,3916,3183.37
40,3916,3220.4
41,3916,3302.07
42,3916,3407.52
43,3916,3472.71
44,3916,3583.32
45,3916,3618.35
46,3916,3671.35
47,3916,3711.65
48,3916,3727.13
49,3916,3720.97
Population size,100
Crossover rate,0.22
Mutation rate,0.87
Random selection portion,0.03
Selection method,AForge.Genetic.EliteSelection
Diversity check,True
Iteration,FitnessMax,FitnessAvg
0,3471,2557.86
1,3471,2753.2
2,3471,2902.8
3,3471,3018.9
4,3471,3059.41
5,3583,3143.33
6,3583,3228.48
7,3583,3271.3
8,3597,3296.94
9,3597,3354.75
10,3619,3399.75
11,3693,3434.57
12,3744,3474.57
13,3744,3510.6
14,3806,3543.19
15,3806,3580.77
16,3806,3598.43
17,3833,3620.71
18,3833,3617.29
19,3833,3646.32
20,3833,3665.94
21,3833,3659.2
22,3833,3675.72
23,3848,3717.59
24,3860,3741.97
25,3884,3739.52
26,3884,3749.22
27,3884,3738.63
28,3884,3740.84
29,3884,3753.21
