Population size,100
Crossover rate,0.66
Mutation rate,0.34
Random selection portion,0.03
Selection method,AForge.Genetic.RouletteWheelSelection
Diversity check,False
Iteration,FitnessMax,FitnessAvg
0,314,215.54
1,314,257.67
2,314,265.07
3,314,273.69
4,314,278.7
5,314,272.42
6,314,283.59
7,314,276.43
8,314,274.69
9,314,283.95
10,314,291.63
11,314,289.07
12,314,287.59
13,314,276.35
14,314,272.47
15,314,281.47
16,314,289.07
17,314,286.43
18,314,290.6
19,314,281.7
20,314,286.87
21,314,284.17
22,314,276.56
23,314,283.01
24,314,281.92
25,314,283.24
26,314,285.14
27,314,289.23
28,314,293.32
29,314,286.96
30,314,294.48
31,314,285.2
32,314,288.12
33,314,289.15
34,314,282.5
35,314,285.72
36,314,291.79
37,314,290.39
38,314,292.66
39,314,289.89
40,314,283.74
41,314,272.06
42,314,279.66
43,314,283.38
44,314,281.42
45,314,281.13
46,314,277.62
47,314,280.69
48,314,284.12
49,314,286.89
50,314,286.81
51,314,292.22
52,314,289.73
53,314,286.07
54,314,291.92
55,314,289.15
56,314,285.98
57,314,272.55
58,314,279.49
59,314,284.27
60,314,288.21
61,314,280.32
62,314,282.52
63,314,280.54
64,314,294.57
65,314,301.71
66,314,293.66
67,314,292.2
68,314,279.35
69,314,279.25
70,314,287.22
71,314,289.12
72,314,293.79
73,314,283.43
74,314,278.99
75,314,283.75
76,314,284.98
77,314,289.39
78,314,288.79
79,314,280.1
80,314,282.21
81,314,287.09
82,314,288.25
83,314,288.7
84,314,289.44
85,314,285.72
86,314,289.15
87,314,287.33
88,314,277.33
89,314,284.49
90,314,284.64
91,314,277.6
92,314,274.69
93,314,287.46
94,314,293.74
95,314,295.19
96,314,294.37
97,314,285.45
98,314,295.04
99,314,289.12
100,314,285.98
101,314,299.78
102,314,302.63
103,314,296.06
104,314,290.73
105,314,290.36
106,314,288.83
107,314,292.13
108,314,281.39
109,314,289.65
110,314,289.29
111,314,281.6
112,314,282.92
113,314,276.43
114,314,283.53
115,314,289.94
116,314,287.3
117,314,284.4
118,314,278.05
119,314,270.15
120,314,272.42
121,314,275.93
122,314,279.52
123,314,279.76
124,314,276.99
125,314,278
126,314,277.71
127,314,288.29
128,314,283.4
129,314,283.4
130,314,281.05
131,314,283.66
132,314,278.54
133,314,278.7
134,314,282.5
135,314,283.61
136,314,288.36
137,314,285.01
138,314,283.32
139,314,291.26
140,314,293.09
141,314,288.86
142,314,290.76
143,314,284.4
144,314,282.95
145,314,285.51
146,314,289.45
147,314,274.26
148,314,286.31
149,314,286.3
150,314,280.76
151,314,287.62
152,314,273.77
153,314,266.49
154,314,263.77
155,314,262.37
156,314,261.63
157,314,269.28
158,314,278.54
159,314,285.56
160,314,291.34
161,314,290.55
162,314,291.21
163,314,287.99
164,314,286.75
165,314,288.57
166,314,290.71
167,314,286.54
168,314,287.41
169,314,282.98
170,314,286.17
171,314,288.52
172,314,280.63
173,314,277.71
174,314,281.29
175,314,288.23
176,314,281.74
177,314,277.37
178,314,281.48
179,314,276.87
180,314,281.37
181,314,280.79
182,314,280.34
183,314,273.77
184,314,274.4
185,314,276.75
186,314,278.15
187,314,278.3
188,314,270.85
189,314,275.64
190,314,272.51
191,314,271.55
192,314,284.84
193,314,278.62
194,314,292.5
195,314,288.78
196,314,291.11
197,314,270.67
198,314,277.44
199,314,284.61
200,314,283.29
201,314,286.07
202,314,287.89
203,314,286.8
204,314,283.58
205,314,295.72
206,314,293.83
207,314,287.55
208,314,290.69
209,314,294.56
210,314,291.35
211,314,286.15
212,314,278.41
213,314,282.53
214,314,279.71
215,314,282.03
216,314,281.3
217,314,290.19
218,314,282.16
219,314,284.27
220,314,288.73
221,314,286.75
222,314,284.69
223,314,287.01
224,314,293.37
225,314,288.54
226,314,291.84
227,314,289.65
228,314,285.56
229,314,279.28
230,314,282.26
231,314,290.16
232,314,281.98
233,314,279.28
234,314,271.84
235,314,277.75
236,314,273.37
237,314,270.52
238,314,278.41
239,314,280.02
240,314,281.34
241,314,283.32
242,314,285.14
243,314,282.87
244,314,282.5
245,314,283.29
246,314,281.76
247,314,287.26
248,314,286.43
249,314,289.73
250,314,288.91
251,314,290.36
252,314,284.45
253,314,282.55
254,314,287.96
255,314,289.86
256,314,284.82
257,314,286.27
258,314,286.73
259,314,283.66
260,314,278.49
261,314,280.89
262,314,282.45
263,314,276.25
264,314,282.03
265,314,279.6
266,314,278.36
267,314,277.34
268,314,275.22
269,314,271.84
270,314,285.01
271,314,284.8
272,314,288.68
273,314,279.76
274,314,280.85
275,314,284.2
276,314,285.17
277,314,285.54
278,314,281.88
279,314,271.21
280,314,262.16
281,314,274.56
282,314,279.39
283,314,279.31
284,314,282.96
285,314,278.57
286,314,288.07
287,314,281.42
288,314,285.43
289,314,283.32
290,314,287.12
291,314,288.73
292,314,286.83
293,314,282.95
294,314,273.32
295,314,274.91
296,314,269.24
297,314,269.68
298,314,276.87
299,314,277.79
Population size,100
Crossover rate,0.66
Mutation rate,0.34
Random selection portion,0.03
Selection method,AForge.Genetic.RouletteWheelSelection
Diversity check,True
Iteration,FitnessMax,FitnessAvg
0,314,220.99
1,314,260.25
2,314,267.25
3,314,266.45
4,314,282.3
5,314,286.09
6,314,290.97
7,314,281.76
8,314,276.78
9,314,282.95
10,314,286.83
11,314,278.86
12,314,289.95
13,314,283.74
14,314,291.05
15,314,291.35
16,314,285.43
17,314,287.78
18,314,282.3
19,314,284.56
20,314,287.04
21,314,296.1
22,314,289.39
23,314,287.78
24,314,288.23
25,314,283.64
26,314,283.99
27,314,276.26
28,314,282.31
29,314,279.62
30,314,282.89
31,314,277.92
32,314,284.05
33,314,284.27
34,314,280.78
35,314,291.59
36,314,285.59
37,314,287.91
38,314,281.71
39,314,278.36
40,314,270.44
41,314,275.98
42,314,271.23
43,314,267.93
44,314,288.91
45,314,276.06
46,314,284.67
47,314,279.78
48,314,283.13
49,314,287.01
50,314,272.47
51,314,287.01
52,314,292.27
53,314,285.71
54,314,291.98
55,314,286.22
56,314,285.77
57,314,289.44
58,314,293.66
59,314,279.07
60,314,280.02
61,314,288.86
62,314,292.37
63,314,286.3
64,314,276.01
65,314,276.75
66,314,281.87
67,314,278.81
68,314,282.24
69,314,276.67
70,314,284.77
71,314,290.47
72,314,274.32
73,314,270.81
74,314,279.13
75,314,286.44
76,314,284.84
77,314,277.91
78,314,289.44
79,314,285.19
80,314,291.47
81,314,295.43
82,314,292.42
83,314,294.19
84,314,282.45
85,314,290.05
86,314,291.58
87,314,285.72
88,314,279.15
89,314,282.43
90,314,290.55
91,314,285.3
92,314,286.01
93,314,284.9
94,314,285.43
95,314,291.05
96,314,287.25
97,314,290.6
98,314,285.11
99,314,293.45
100,314,292.5
101,314,291.55
102,314,287.99
103,314,279.52
104,314,288.28
105,314,281.55
106,314,286.23
107,314,285.93
108,314,290.02
109,314,278.99
110,314,292.05
111,314,292.72
112,314,288.78
113,314,285.43
114,314,276.89
115,314,281.76
116,314,281.6
117,314,275.69
118,314,280.6
119,314,280.6
120,314,279.81
121,314,283.75
122,314,284.4
123,314,287.02
124,314,290.39
125,314,279.81
126,314,288.36
127,314,281.42
128,314,283.53
129,314,280.31
130,314,284.03
131,314,290.6
132,314,289.07
133,314,288.91
134,314,290.97
135,314,288.41
136,314,285.19
137,314,293.79
138,314,291.76
139,314,294.69
140,314,282.5
141,314,278.49
142,314,280.68
143,314,285.93
144,314,281.39
145,314,283.9
146,314,280.61
147,314,275.94
148,314,284.06
149,314,287.2
150,314,284.22
151,314,282.61
152,314,279.68
153,314,277.2
154,314,284.09
155,314,282.4
156,314,281.29
157,314,285.75
158,314,290.13
159,314,276.75
160,314,278.86
161,314,288.7
162,314,285.98
163,314,291.47
164,314,285.19
165,314,275.85
166,314,272.72
167,314,277.75
168,314,268.62
169,314,287.49
170,314,280.84
171,314,277.91
172,314,286.44
173,314,285.99
174,314,288.62
175,314,284.77
176,314,278.04
177,314,290.68
178,314,288.41
179,314,283.74
180,314,288.34
181,314,285.64
182,314,277.75
183,314,286.88
184,314,284.4
185,314,288.78
186,314,277.46
187,314,271.26
188,314,285.06
189,314,296.3
190,314,289.07
191,314,287.96
192,314,289.05
193,314,289.21
194,314,294.24
195,314,290.97
196,314,288.7
197,314,294.91
198,314,288.33
199,314,288.78
200,314,287.7
201,314,277.63
202,314,285.17
203,314,284.45
204,314,281
205,314,291
206,314,283.82
207,314,279.81
208,314,275.22
209,314,274.56
210,314,275.89
211,314,279.23
212,314,287.62
213,314,285.22
214,314,286.62
215,314,280.97
216,314,287.6
217,314,283.8
218,314,282.71
219,314,282.58
220,314,286.96
221,314,280.23
222,314,276.43
223,314,273.08
224,314,274.09
225,314,270.97
226,314,288.41
227,314,282.87
228,314,289.65
229,314,297.76
230,314,291.26
231,314,289.29
232,314,292.21
233,314,282.72
234,314,279.68
235,314,282.53
236,314,279.31
237,314,278.36
238,314,277.91
239,314,282
240,314,284.56
241,314,281.72
242,314,282.16
243,314,285.88
244,314,284.06
245,314,282.74
246,314,290.68
247,314,288.62
248,314,285.77
249,314,283.58
250,314,293.01
251,314,296.8
252,314,290.89
253,314,287.89
254,314,294.4
255,314,287.68
256,314,282.63
257,314,280.32
258,314,287.62
259,314,285.22
260,314,284.96
261,314,282.54
262,314,282.45
263,314,276.67
264,314,273.82
265,314,276.96
266,314,279.95
267,314,278.41
268,314,288.49
269,314,294.19
270,314,292.5
271,314,290.23
272,314,293.96
273,314,292.35
274,314,289.65
275,314,282
276,314,288.63
277,314,275.25
278,314,288.38
279,314,279.84
280,314,281.24
281,314,285.4
282,314,287.3
283,314,285.27
284,314,282.05
285,314,280.65
286,314,282.55
287,314,287.88
288,314,286.14
289,314,287.46
290,314,291.18
291,314,293.95
292,314,292.13
293,314,287.96
294,314,283
295,314,281.55
296,314,286.6
297,314,285.64
298,314,280.02
299,314,276.59
Population size,100
Crossover rate,0.51
Mutation rate,0.79
Random selection portion,0.03
Selection method,AForge.Genetic.RankSelection
Diversity check,True
Iteration,FitnessMax,FitnessAvg
0,314,166
1,314,213.26
2,314,251.84
3,314,277.91
4,314,282.72
5,314,290.15
6,314,269.62
7,314,274.66
8,314,272.18
9,314,269.18
10,314,272.69
11,314,272.97
12,314,279.04
13,314,282.84
14,314,278.22
15,314,263.31
16,314,273.39
17,314,277.72
18,314,281.89
19,314,292.4
20,314,283.34
21,314,281.07
22,314,285.54
23,314,293.79
24,314,279.99
25,314,279.99
26,314,288.91
27,314,272.32
28,314,281.44
29,314,270.58
30,314,279.87
31,314,280.31
32,314,287.1
33,314,284.82
34,314,283.13
35,314,289.99
36,314,280.07
37,314,280.44
38,314,293.59
39,314,290.44
40,314,285.61
41,314,285.77
42,314,285.11
43,314,288.25
44,314,274.95
45,314,285.33
46,314,278.89
47,314,288.47
48,314,287.81
49,314,282.05
50,314,287.59
51,314,289.49
52,314,293.8
53,314,283.87
54,314,276.27
55,314,277.15
56,314,281.97
57,314,279.12
58,314,281.69
59,314,293.88
60,314,283.06
61,314,285.9
62,314,286.85
63,314,290.94
64,314,278.67
65,314,277.35
66,314,289.49
67,314,301.68
68,314,296.56
69,314,293.13
70,314,286.48
71,314,282.1
72,314,283.13
73,314,284.96
74,314,286.14
75,314,289.57
76,314,277.01
77,314,273.71
78,314,280.65
79,314,282.47
80,314,271.52
81,314,286.65
82,314,274.46
83,314,283.21
84,314,281.1
85,314,277.96
86,314,280.52
87,314,284.32
88,314,280.52
89,314,279.78
90,314,274.21
91,314,286.64
92,314,277.35
93,314,285.91
94,314,280.13
95,314,288.75
96,314,296.64
97,314,292.55
98,314,293.79
99,314,275.24
100,314,277.96
101,314,287.83
102,314,280.36
103,314,281.89
104,314,292.11
105,314,291.6
106,314,285.82
107,314,278.38
108,314,268.31
109,314,279.54
110,314,284.87
111,314,291.18
112,314,277.96
113,314,277.01
114,314,275.9
115,314,275.98
116,314,281.47
117,314,283.15
118,314,279.7
119,314,275.19
120,314,276.35
121,314,276.2
122,314,283.66
123,314,278.46
124,314,271.58
125,314,268.52
126,314,282.32
127,314,284.96
128,314,276.19
129,314,283.79
130,314,292.05
131,314,265.53
132,314,275.16
133,314,275.45
134,314,280.78
135,314,279.76
136,314,293.35
137,314,284.95
138,314,286.64
139,314,283.36
140,314,280.36
141,314,277.72
142,314,271.28
143,314,268.93
144,314,277.64
145,314,295.24
146,314,294
147,314,291.23
148,314,291.47
149,314,277.3
150,314,270.41
151,314,279.54
152,314,282.4
153,314,281.44
154,314,276.99
155,314,277.36
156,314,277.06
157,314,293.58
158,314,294.74
159,314,291.89
160,314,293.88
161,314,288.91
162,314,286.43
163,314,282.92
164,314,272.6
165,314,265.66
166,314,265.08
167,314,282.39
168,314,275.82
169,314,291.84
170,314,286.27
171,314,282.48
172,314,288.09
173,314,289.78
174,314,281.6
175,314,276.4
176,314,282.1
177,314,266.48
178,314,268.75
179,314,286.51
180,314,286.14
181,314,288.91
182,314,293.74
183,314,282.55
184,314,274.58
185,314,281.38
186,314,291.6
187,314,280.94
188,314,288.25
189,314,287.75
190,314,280.08
191,314,290.53
192,314,287.38
193,314,282.1
194,314,277.51
195,314,284.45
196,314,290.87
197,314,292.18
198,314,289.78
199,314,286.19
200,314,278.1
201,314,277.66
202,314,284.88
203,314,279.7
204,314,273.63
205,314,276.85
206,314,287.14
207,314,285.83
208,314,281.07
209,314,283.71
210,314,299.49
211,314,299.28
212,314,298.46
213,314,291.89
214,314,293.71
215,314,278.3
216,314,288.17
217,314,274.08
218,314,286.06
219,314,277.88
220,314,294.98
221,314,294.45
222,314,296.35
223,314,288.17
224,314,291.52
225,314,284.3
226,314,290.87
227,314,296.35
228,314,291.98
229,314,275.98
230,314,273.34
231,314,278.46
232,314,285.16
233,314,279.25
234,314,290.21
235,314,285.61
236,314,277.64
237,314,290.15
238,314,293.58
239,314,274.29
240,314,277.22
241,314,278.75
242,314,284.45
243,314,293.73
244,314,286.2
245,314,283.14
246,314,279.78
247,314,275.24
248,314,276.11
249,314,278.33
250,314,279.99
251,314,293.58
252,314,292.55
253,314,290.65
254,314,289.99
255,314,277.43
256,314,278.39
257,314,277.43
258,314,280.94
259,314,281.52
260,314,279.17
261,314,283.26
262,314,286.99
263,314,288.46
264,314,277.51
265,314,280.94
266,314,286.56
267,314,292.84
268,314,283.55
269,314,283.56
270,314,284.38
271,314,287.38
272,314,291.47
273,314,287.22
274,314,297.59
275,314,298.47
276,314,290.58
277,314,281.52
278,314,273.26
279,314,280.21
280,314,285.19
281,314,273.79
282,314,285.32
283,314,283.71
284,314,271.95
285,314,275.45
286,314,275.45
287,314,265.74
288,314,274.83
289,314,283.03
290,314,286.14
291,314,294.82
292,314,294.74
293,314,287.51
294,314,280.65
295,314,291.39
296,314,286.27
297,314,283.37
298,314,279.91
299,314,291.6
Population size,100
Crossover rate,0.51
Mutation rate,0.79
Random selection portion,0.03
Selection method,AForge.Genetic.RankSelection
Diversity check,False
Iteration,FitnessMax,FitnessAvg
0,314,134.63
1,314,179.76
2,314,212.13
3,314,254.71
4,314,281.27
5,314,281.19
6,314,287.47
7,314,278.83
8,314,285.77
9,314,285.69
10,314,284.74
11,314,287.22
12,314,284.08
13,314,286.35
14,314,287.51
15,314,291.31
16,314,295.7
17,314,284.95
18,314,286.93
19,314,293.43
20,314,289.05
21,314,275.16
22,314,286.27
23,314,299.92
24,314,290.94
25,314,280.86
26,314,293
27,314,288.46
28,314,275.82
29,314,277.3
30,314,280.49
31,314,284.88
32,314,278.75
33,314,275.32
34,314,284.66
35,314,283.58
36,314,272.97
37,314,264.5
38,314,282.55
39,314,284.16
40,314,280.44
41,314,285.32
42,314,290.08
43,314,284.95
44,314,282.39
45,314,297.72
46,314,289.04
47,314,285.61
48,314,274.29
49,314,272.52
50,314,274.05
51,314,289.91
52,314,295.11
53,314,291.39
54,314,279.06
55,314,277.97
56,314,277.51
57,314,278.91
58,314,267.72
59,314,271.15
60,314,277.28
61,314,290.28
62,314,280.87
63,314,287.59
64,314,285.61
65,314,274.87
66,314,286.85
67,314,276.27
68,314,278.46
69,314,279.54
70,314,288.76
71,314,286.72
72,314,290.65
73,314,294.53
74,314,288.25
75,314,285.9
76,314,292.26
77,314,275.9
78,314,277.59
79,314,273.8
80,314,276.93
81,314,280.81
82,314,283.13
83,314,284.3
84,314,276.77
85,314,282.76
86,314,266.9
87,314,263.1
88,314,280.15
89,314,284.16
90,314,285.11
91,314,288.04
92,314,290.15
93,314,281.81
94,314,278.38
95,314,282.55
96,314,276.64
97,314,294.9
98,314,299.92
99,314,291.74
100,314,285.75
101,314,282.98
102,314,286.72
103,314,287.67
104,314,280.07
105,314,279.49
106,314,263.76
107,314,279.33
108,314,275.04
109,314,279.57
110,314,284.38
111,314,284.4
112,314,279.78
113,314,289.78
114,314,283.64
115,314,281.52
116,314,278.55
117,314,287.75
118,314,285.11
119,314,281.23
120,314,282.26
121,314,284.82
122,314,286.35
123,314,277.52
124,314,280.23
125,314,282.71
126,314,283.5
127,314,273.71
128,314,281.89
129,314,281.6
130,314,278.46
131,314,280.81
132,314,291.31
133,314,285.9
134,314,284
135,314,287.72
136,314,287.35
137,314,285.16
138,314,278.14
139,314,275.95
140,314,275.37
141,314,293.42
142,314,284.37
143,314,292.77
144,314,290.78
145,314,292.55
146,314,285.9
147,314,294.82
148,314,290.44
149,314,292.34
150,314,293.5
151,314,295.7
152,314,291.47
153,314,284.66
154,314,285.03
155,314,281.24
156,314,285.69
157,314,274.29
158,314,279.25
159,314,282.24
160,314,292.92
161,314,281.65
162,314,282.32
163,314,275.74
164,314,284.8
165,314,291.76
166,314,295.61
167,314,286.11
168,314,277.35
169,314,279.83
170,314,277.27
171,314,279.1
172,314,281.52
173,314,284.74
174,314,275.98
175,314,289.62
176,314,293.21
177,314,291.24
178,314,294.82
179,314,289.49
180,314,284.08
181,314,281.61
182,314,280.66
183,314,277.29
184,314,284.37
185,314,282.84
186,314,285.25
187,314,284.66
188,314,278.67
189,314,277.88
190,314,287.14
191,314,280.2
192,314,281.02
193,314,276.12
194,314,287.22
195,314,290.44
196,314,287.01
197,314,283.72
198,314,284.37
199,314,294.16
200,314,287.81
201,314,286.86
202,314,281.73
203,314,271.44
204,314,276.57
205,314,266.49
206,314,274.46
207,314,290.15
208,314,290.15
209,314,287.8
210,314,285.4
211,314,290
212,314,277.8
213,314,285.03
214,314,276.86
215,314,268.59
216,314,287.3
217,314,287.44
218,314,276.99
219,314,277.86
220,314,288.67
221,314,281.6
222,314,280.58
223,314,265.24
224,314,274
225,314,273.13
226,314,281.81
227,314,282.34
228,314,283.21
229,314,280.58
230,314,275.98
231,314,278.62
232,314,279.49
233,314,284.69
234,314,294.82
235,314,284.53
236,314,282.84
237,314,292.84
238,314,287.85
239,314,284
240,314,278.97
241,314,282.72
242,314,289.94
243,314,287.88
244,314,292.85
245,314,286.73
246,314,275.9
247,314,290.07
248,314,290.66
249,314,285.69
250,314,289.49
251,314,286.72
252,314,290.29
253,314,289.99
254,314,285.69
255,314,291.47
256,314,293.5
257,314,290.36
258,314,284.6
259,314,282.55
260,314,279.62
261,314,271.29
262,314,282.02
263,314,271.86
264,314,286.98
265,314,286.69
266,314,281.07
267,314,284.87
268,314,266.69
269,314,267.35
270,314,275.69
271,314,270.49
272,314,277.43
273,314,282.48
274,314,273.42
275,314,275.03
276,314,272.27
277,314,289.44
278,314,283.8
279,314,275.61
280,314,254.52
281,314,277.23
282,314,271.16
283,314,282.72
284,314,280.36
285,314,278.18
286,314,288.09
287,314,280.41
288,314,278.67
289,314,279.94
290,314,284.95
291,314,292.1
292,314,279.17
293,314,288.46
294,314,274.5
295,314,290.65
296,314,294.53
297,314,288.67
298,314,293.5
299,314,284
Population size,100
Crossover rate,0.22
Mutation rate,0.87
Random selection portion,0.03
Selection method,AForge.Genetic.EliteSelection
Diversity check,False
Iteration,FitnessMax,FitnessAvg
0,314,165.71
1,314,245.98
2,314,283.98
3,314,299.02
4,314,303.01
5,314,304.58
6,314,306.77
7,314,307.06
8,314,308.31
9,314,307.43
10,314,305.46
11,314,306.77
12,314,305.53
13,314,304.58
14,314,304.58
15,314,309.55
16,314,307.36
17,314,306.77
18,314,304.87
19,314,306.48
20,314,305.75
21,314,308.38
22,314,304.58
23,314,304.58
24,314,304.58
25,314,309.25
26,314,308.96
27,314,310.86
28,314,305.82
29,314,305.82
30,314,308.96
31,314,304.58
32,314,307.72
33,314,305.53
34,314,305.46
35,314,308.67
36,314,305.82
37,314,307.72
38,314,308.96
39,314,308.67
40,314,304.58
41,314,307.72
42,314,310.5
43,314,304.58
44,314,308.96
45,314,308.67
46,314,308.67
47,314,308.01
48,314,304.58
49,314,304.58
50,314,306.48
51,314,306.77
52,314,308.6
53,314,307.72
54,314,307.06
55,314,308.67
56,314,305.46
57,314,304.87
58,314,305.82
59,314,307.06
60,314,304.58
61,314,308.67
62,314,306.77
63,314,309.62
64,314,306.34
65,314,304.87
66,314,311.81
67,314,307.72
68,314,309.91
69,314,306.41
70,314,304.58
71,314,309.62
72,314,306.77
73,314,307.43
74,314,309.62
75,314,309.91
76,314,305.53
77,314,309.91
78,314,309.62
79,314,308.01
80,314,307.72
81,314,304.58
82,314,309.33
83,314,308.01
84,314,304.58
85,314,305.53
86,314,304.58
87,314,304.58
88,314,307.06
89,314,309.25
90,314,304.58
91,314,308.6
92,314,306.77
93,314,304.58
94,314,307.65
95,314,308.96
96,314,308.67
97,314,306.48
98,314,305.46
99,314,304.87
100,314,309.62
101,314,306.77
102,314,304.58
103,314,307.72
104,314,308.67
105,314,306.11
106,314,308.89
107,314,306.48
108,314,307.72
109,314,307.43
110,314,304.87
111,314,306.48
112,314,306.77
113,314,307.72
114,314,304.87
115,314,308.38
116,314,309.33
117,314,304.58
118,314,306.11
119,314,306.7
120,314,307.43
121,314,307.72
122,314,307.36
123,314,308.67
124,314,309.33
125,314,306.77
126,314,307.36
127,314,306.77
128,314,304.58
129,314,307.65
130,314,305.46
131,314,308.89
132,314,308.01
133,314,306.77
134,314,304.87
135,314,304.87
136,314,308.67
137,314,305.75
138,314,309.62
139,314,311.45
140,314,308.67
141,314,310.2
142,314,308.67
143,314,310.86
144,314,307.72
145,314,304.58
146,314,304.58
147,314,310.57
148,314,306.77
149,314,308.6
150,314,308.38
151,314,312.47
152,314,306.77
153,314,307.43
154,314,305.46
155,314,306.77
156,314,308.38
157,314,306.77
158,314,307.65
159,314,313.42
160,314,306.48
161,314,308.01
162,314,305.82
163,314,307.43
164,314,306.77
165,314,311.52
166,314,308.38
167,314,306.48
168,314,306.41
169,314,305.46
170,314,304.58
171,314,308.67
172,314,304.58
173,314,307.06
174,314,305.75
175,314,306.99
176,314,306.48
177,314,304.58
178,314,304.87
179,314,309.62
180,314,310.57
181,314,310.86
182,314,305.82
183,314,307.43
184,314,308.38
185,314,305.82
186,314,308.6
187,314,313.42
188,314,305.53
189,314,306.77
190,314,309.62
191,314,306.48
192,314,307.72
193,314,309.33
194,314,306.48
195,314,305.82
196,314,309.62
197,314,305.82
198,314,307.72
199,314,307.72
200,314,308.01
201,314,307.65
202,314,307.36
203,314,307.36
204,314,311.15
205,314,306.48
206,314,307.72
207,314,307.72
208,314,306.48
209,314,304.87
210,314,305.53
211,314,306.4
212,314,304.87
213,314,306.34
214,314,307.43
215,314,306.41
216,314,306.48
217,314,307.72
218,314,307.72
219,314,304.58
220,314,306.77
221,314,308.31
222,314,306.77
223,314,307.72
224,314,305.46
225,314,307.72
226,314,307.72
227,314,306.48
228,314,308.24
229,314,305.46
230,314,304.58
231,314,304.58
232,314,309.91
233,314,304.87
234,314,304.58
235,314,304.58
236,314,311.81
237,314,309.62
238,314,306.11
239,314,304.58
240,314,309.62
241,314,306.77
242,314,308.96
243,314,308.67
244,314,308.96
245,314,308.01
246,314,306.48
247,314,309.33
248,314,308.6
249,314,304.58
250,314,305.82
251,314,305.53
252,314,306.77
253,314,305.53
254,314,307.58
255,314,305.46
256,314,306.77
257,314,304.58
258,314,307.72
259,314,307.43
260,314,307.72
261,314,306.77
262,314,308.96
263,314,307.72
264,314,304.58
265,314,304.87
266,314,308.67
267,314,308.6
268,314,309.33
269,314,304.58
270,314,308.96
271,314,306.48
272,314,305.82
273,314,308.6
274,314,307.06
275,314,304.87
276,314,307.72
277,314,304.87
278,314,306.48
279,314,305.82
280,314,307.65
281,314,306.11
282,314,305.53
283,314,306.77
284,314,305.46
285,314,304.87
286,314,304.87
287,314,304.87
288,314,304.58
289,314,306.48
290,314,304.58
291,314,307.36
292,314,309.84
293,314,306.11
294,314,306.48
295,314,305.46
296,314,310.57
297,314,305.53
298,314,306.41
299,314,304.58
Population size,100
Crossover rate,0.22
Mutation rate,0.87
Random selection portion,0.03
Selection method,AForge.Genetic.EliteSelection
Diversity check,True
Iteration,FitnessMax,FitnessAvg
0,314,157.6
1,314,223.76
2,314,268.46
3,314,298.81
4,314,301.39
5,314,308.31
6,314,198.79
7,314,275.56
8,314,298.37
9,314,304.82
10,314,176.48
11,314,247.97
12,314,278.2
13,314,295.38
14,314,299.07
15,314,307.72
16,314,190.22
17,314,254.9
18,314,278.49
19,314,302.74
20,314,305.98
21,314,188.11
22,314,261.55
23,314,293.19
24,314,306.56
25,314,186.24
26,314,251.13
27,314,278.07
28,314,296.84
29,314,300.52
30,314,304.29
31,314,304.58
32,314,305.82
33,314,187.64
34,314,256.09
35,314,287.94
36,314,298.28
37,314,308.75
38,314,187.37
39,314,260.47
40,314,295.54
41,314,300.68
42,314,307.14
43,314,177.45
44,314,238.41
45,314,265.93
46,314,294.23
47,314,302.79
48,314,305.16
49,314,182.23
50,314,250.97
51,314,284.14
52,314,300.34
53,314,306.64
54,314,162.65
55,314,236.98
56,314,279
57,314,299.02
58,314,305.24
59,314,196.8
60,314,253.53
61,314,290.87
62,314,296.76
63,314,303.42
64,314,307.06
65,314,142.81
66,314,233.95
67,314,267.91
68,314,294.3
69,314,299.81
70,314,305.69
71,314,223.19
72,314,277.83
73,314,298.21
74,314,303.71
75,314,307.72
76,314,164.16
77,314,241.85
78,314,280.26
79,314,299.97
80,314,307.09
81,314,175.75
82,314,251.5
83,314,287.23
84,314,298.15
85,314,306.8
86,314,157.49
87,314,228.88
88,314,278.65
89,314,300.76
90,314,305.82
91,314,196.91
92,314,266.38
93,314,292.99
94,314,299.73
95,314,305.32
96,314,166.75
97,314,255.35
98,314,297
99,314,303.46
100,314,304.58
101,314,306.11
102,314,154.22
103,314,227.14
104,314,278.94
105,314,298
106,314,305.4
107,314,178.25
108,314,246.08
109,314,279.02
110,314,297.28
111,314,300.81
112,314,305.53
113,314,173.35
114,314,239.57
115,314,277.55
116,314,295.96
117,314,302.27
118,314,309.19
119,314,192.64
120,314,260.97
121,314,292.11
122,314,301.05
123,314,309.99
124,314,194.09
125,314,252.29
126,314,287.57
127,314,297.49
128,314,302.34
129,314,307.65
130,314,178.17
131,314,254.85
132,314,289.34
133,314,295.59
134,314,308.46
135,314,195.52
136,314,260.34
137,314,291.11
138,314,294.44
139,314,304.04
140,314,307.72
141,314,162.38
142,314,234.29
143,314,288.74
144,314,299.36
145,314,305.24
146,314,191.68
147,314,259.24
148,314,289.34
149,314,298.73
150,314,303.43
151,314,304.58
152,314,305.82
153,314,183.07
154,314,252.05
155,314,281.5
156,314,296.54
157,314,304.46
158,314,307.36
159,314,179.93
160,314,247.25
161,314,285.17
162,314,299.18
163,314,305.93
164,314,168.85
165,314,233.45
166,314,269.52
167,314,294.38
168,314,298.2
169,314,306.85
170,314,177.13
171,314,250.31
172,314,276.83
173,314,300.47
174,314,305.83
175,314,171.86
176,314,253.59
177,314,279.31
178,314,297.44
179,314,301.48
180,314,309.62
181,314,169.59
182,314,244.75
183,314,274.32
184,314,299.91
185,314,304.74
186,314,167.5
187,314,238.38
188,314,278.13
189,314,300.18
190,314,305.69
191,314,177.16
192,314,253.41
193,314,284.81
194,314,297.78
195,314,301.11
196,314,306.77
197,314,175.16
198,314,245.88
199,314,282.4
200,314,298.81
201,314,302.84
202,314,309.91
203,314,171.59
204,314,232.31
205,314,280.31
206,314,303.53
207,314,305.82
208,314,173.29
209,314,244.7
210,314,283.06
211,314,300.55
212,314,304.74
213,314,190.89
214,314,269.52
215,314,299.03
216,314,300.81
217,314,306.77
218,314,165.35
219,314,240.28
220,314,292.4
221,314,300.97
222,314,305.82
223,314,170.18
224,314,252.13
225,314,287.12
226,314,299.31
227,314,302.26
228,314,308.38
229,314,182.23
230,314,250.87
231,314,282.56
232,314,298.97
233,314,300.1
234,314,306.42
235,314,158.01
236,314,237.01
237,314,280.55
238,314,298.44
239,314,305.11
240,314,185.35
241,314,246.37
242,314,274.4
243,314,296.86
244,314,300.18
245,314,306.77
246,314,196.29
247,314,253.61
248,314,290.66
249,314,300.55
250,314,308.17
251,314,176.92
252,314,257.62
253,314,290.37
254,314,300.92
255,314,301.18
256,314,306.48
257,314,181.97
258,314,253.9
259,314,284.52
260,314,298.89
261,314,303.21
262,314,306.48
263,314,165.95
264,314,233.29
265,314,275.96
266,314,296.04
267,314,305.11
268,314,196.69
269,314,256.75
270,314,291.4
271,314,299.52
272,314,301.97
273,314,304.58
274,314,307.72
275,314,164.97
276,314,244.66
277,314,284.27
278,314,299.44
279,314,303.13
280,314,307.36
281,314,205.02
282,314,275.07
283,314,296.33
284,314,304.25
285,314,308.96
286,314,169.12
287,314,229.39
288,314,273.53
289,314,297.65
290,314,303.13
291,314,304.58
292,314,304.87
293,314,161.05
294,314,236.14
295,314,282.03
296,314,299.19
297,314,310.73
298,314,209.49
299,314,278.12
Population size,100
Crossover rate,0.22
Mutation rate,0.87
Random selection portion,0.03
Selection method,AForge.Genetic.EliteSelection
Diversity check,True
Iteration,FitnessMax,FitnessAvg
0,314,184.25
1,314,251.92
2,314,288.52
3,314,301.21
4,314,305.04
5,314,193.3
6,314,269.02
7,314,294.72
8,314,301.76
9,314,307.65
10,314,180.67
11,314,261.85
12,314,292.98
13,314,302.79
14,314,304.88
15,314,172.15
16,314,244.03
17,314,276.38
18,314,294.43
19,314,300.52
20,314,308.96
21,314,167.94
22,314,243.14
23,314,280.84
24,314,305.64
25,314,211.97
26,314,261.97
27,314,287.2
28,314,295.88
29,314,304.82
30,314,193
31,314,256.33
32,314,295.25
33,314,300.81
34,314,307.43
35,314,160.97
36,314,233.05
37,314,274.03
38,314,295.46
39,314,304.16
40,314,309.62
41,314,171.71
42,314,239.42
43,314,278.86
44,314,298.21
45,314,302.26
46,314,306.48
47,314,184.24
48,314,245.32
49,314,281.92
Population size,100
Crossover rate,0.22
Mutation rate,0.87
Random selection portion,0.03
Selection method,AForge.Genetic.EliteSelection
Diversity check,True
Iteration,FitnessMax,FitnessAvg
0,314,187.87
1,314,258.2
2,314,289.26
3,314,301.21
4,314,307.36
5,314,200.61
6,314,259.29
7,314,276.83
8,314,295.75
9,314,299.66
10,314,304.29
11,314,305.82
12,314,175.15
13,314,247.88
14,314,280.97
15,314,298.49
16,314,308.31
17,314,171.38
18,314,247.75
19,314,288.48
20,314,298.21
21,314,301.39
22,314,305.75
23,314,191.75
24,314,253.16
25,314,287.28
26,314,304.85
27,314,193.96
28,314,260.26
29,314,295.04
