Population size,100
Crossover rate,0.66
Mutation rate,0.34
Random selection portion,0.03
Selection method,AForge.Genetic.RouletteWheelSelection
Diversity check,False
Iteration,FitnessMax,FitnessAvg
0,3232,2314.12
1,3232,2456.51
2,3105,2493.06
3,3216,2545.81
4,3216,2539.28
5,3187,2558.88
6,3137,2545.86
7,3189,2561.49
8,3189,2577.75
9,3237,2635.52
10,3237,2678.26
11,3266,2641.37
12,3286,2658.02
13,3257,2702.19
14,3257,2721.6
15,3257,2707.44
16,3361,2664.29
17,3257,2682.89
18,3325,2666.75
19,3224,2622.95
20,3224,2618.13
21,3224,2660.56
22,3232,2721.43
23,3183,2675.61
24,3274,2714.75
25,3330,2824.83
26,3370,2810.87
27,3378,2823.47
28,3330,2798.98
29,3327,2778.84
30,3327,2757.82
31,3327,2795.87
32,3483,2779.19
33,3483,2759.49
34,3634,2890.01
35,3483,2895.41
36,3483,2910.06
37,3587,2919.61
38,3261,2928.47
39,3505,2901.09
40,3505,2882.34
41,3596,2870.29
42,3427,2871.4
43,3423,2887.04
44,3444,2922.2
45,3531,2876.56
46,3531,2891.29
47,3689,2811.87
48,3689,2880.47
49,3663,2883.25
50,3590,2921.19
51,3597,2961.14
52,3597,2904.06
53,3561,2896.98
54,3561,2957.46
55,3690,2963.24
56,3682,2937.33
57,3682,3001.79
58,3600,3002.4
59,3665,2986.48
60,3714,2983.1
61,3716,3026.52
62,3800,3009.48
63,3800,3069.18
64,3800,3129.47
65,3800,3175.91
66,3847,3177.9
67,3808,3182.86
68,3776,3136.71
69,3776,3115.5
70,3747,3113.27
71,3680,3126.7
72,3841,3101.55
73,3841,3224.66
74,3841,3235.4
75,3841,3238.83
76,3841,3230.89
77,3841,3277.24
78,3841,3342.52
79,3857,3312.13
80,3869,3288.39
81,3869,3277.28
82,3869,3300.31
83,3751,3276.84
84,3847,3341.79
85,3751,3294.25
86,3700,3217.4
87,3700,3217.07
88,3902,3262.46
89,3902,3213.92
90,3902,3254.06
91,3725,3252.8
92,3769,3202.94
93,3828,3239.07
94,3898,3196.6
95,3898,3180.2
96,3913,3219.7
97,3898,3235.14
98,3840,3241.76
99,3840,3161
100,3848,3195.37
101,3920,3159.12
102,3816,3166.44
103,3816,3182.68
104,3754,3176.62
105,3832,3149.92
106,3851,3191.18
107,3816,3153.83
108,3816,3122.43
109,3686,3127.13
110,3686,3184.62
111,3612,3132.63
112,3612,3086.75
113,3727,3084.61
114,3727,3116.53
115,3727,3170.18
116,3686,3186.28
117,3714,3149.22
118,3642,3180.67
119,3642,3234.11
120,3687,3239.8
121,3703,3262.63
122,3703,3206.07
123,3719,3169.42
124,3703,3254.66
125,3684,3261.59
126,3684,3282.52
127,3684,3267.03
128,3767,3225.3
129,3767,3266.72
130,3903,3188.12
131,3803,3149.72
132,3803,3184.63
133,3803,3116.92
134,3921,3217.6
135,3921,3270.97
136,3921,3205.56
137,3794,3260.18
138,3818,3289.68
139,3713,3267.77
140,3786,3256.4
141,3768,3284.7
142,3768,3298.05
143,3768,3274.07
144,3768,3304.16
145,3768,3318.58
146,3695,3300.51
147,3776,3275.89
148,3880,3262.14
149,3880,3265.69
150,3832,3247.24
151,3825,3217.73
152,3779,3176.12
153,3760,3217.89
154,3857,3161.84
155,3857,3176.63
156,3891,3213.22
157,3891,3160.8
158,3891,3206.02
159,3891,3201.77
160,3743,3250.03
161,3792,3229.16
162,3792,3185.51
163,3792,3173.18
164,3792,3238.44
165,3792,3286.2
166,3792,3252.48
167,3799,3278.9
168,3808,3237.51
169,3926,3249.89
170,3926,3286.28
171,3926,3309
172,3926,3353.55
173,3925,3324.61
174,3925,3338.26
175,3782,3312.87
176,3782,3407.41
177,3841,3363.3
178,3841,3343.8
179,3841,3330.42
180,3841,3297.55
181,3868,3318.17
182,3895,3304.25
183,3895,3344.25
184,3895,3338.04
185,3895,3315.06
186,3895,3236.35
187,3895,3222.9
188,3895,3256.43
189,3895,3232.76
190,3887,3317.35
191,3887,3336.51
192,3887,3327.26
193,3887,3288.86
194,3887,3280.81
195,3887,3302.08
196,3887,3307.58
197,3866,3249.13
198,3791,3218.54
199,3791,3222.39
200,3647,3149.13
201,3676,3153.48
202,3704,3194.58
203,3789,3154.09
204,3914,3162.06
205,3914,3169.72
206,3914,3129.33
207,3914,3147.04
208,3679,3164.42
209,3783,3177.13
210,3718,3137.45
211,3692,3146.74
212,3848,3177.6
213,3848,3178.58
214,3848,3169.13
215,3829,3186.1
216,3829,3194.12
217,3829,3154.27
218,3848,3180.6
219,3829,3160.73
220,3829,3194.32
221,3829,3205.61
222,3837,3280.38
223,3829,3261.18
224,3829,3209.91
225,3843,3294.3
226,3843,3315.11
227,3931,3335.83
228,3931,3334.11
229,3931,3297.22
230,3814,3291.2
231,3923,3278.51
232,3923,3307.24
233,3945,3320.27
234,3814,3322.49
235,3814,3318.95
236,3832,3333.92
237,3832,3300.63
238,3832,3330.76
239,3899,3401.04
240,3899,3410.29
241,3899,3441.37
242,3988,3446.46
243,3913,3407.89
244,3970,3431.88
245,3822,3439.18
246,3822,3429.76
247,3813,3355.39
248,3939,3393.39
249,3939,3404.29
250,3939,3351.88
251,3837,3344.82
252,3939,3393.42
253,3939,3430.45
254,3955,3431.65
255,3955,3450.67
256,3885,3416.52
257,3885,3425.2
258,3885,3439.55
259,3935,3397.89
260,3935,3409.83
261,3935,3365.37
262,3935,3392.06
263,3870,3353.35
264,3870,3409.44
265,3913,3462.28
266,3854,3453.16
267,3854,3461.57
268,3854,3439.42
269,3900,3402.85
270,3854,3394.08
271,3870,3396.41
272,3870,3367.6
273,3870,3380
274,3870,3427.8
275,3870,3422.37
276,3829,3438
277,3829,3429.55
278,3829,3426.9
279,3854,3355.53
280,3829,3375.97
281,3836,3397.36
282,3836,3411.52
283,3836,3326.52
284,3810,3307.61
285,3837,3276.19
286,3837,3255.47
287,3837,3247.21
288,3837,3190.89
289,3837,3217.02
290,3837,3221.02
291,3837,3220.85
292,3837,3221.34
293,3733,3199.96
294,3709,3234.95
295,3793,3199.6
296,3809,3207.88
297,3896,3211.34
298,3896,3232.27
299,3896,3211.58
Population size,100
Crossover rate,0.66
Mutation rate,0.34
Random selection portion,0.03
Selection method,AForge.Genetic.RouletteWheelSelection
Diversity check,True
Iteration,FitnessMax,FitnessAvg
0,3127,2255.57
1,2975,2237.62
2,2975,2283.3
3,3102,2296.05
4,3167,2432.76
5,3243,2463.17
6,3379,2581.39
7,3379,2531.33
8,3379,2570.74
9,3354,2618.56
10,3553,2657.19
11,3235,2669.33
12,3509,2613.89
13,3509,2694.01
14,3509,2721.81
15,3509,2676.52
16,3509,2685.96
17,3509,2690.87
18,3339,2657.73
19,3551,2667.46
20,3551,2726.08
21,3551,2743.74
22,3402,2753.15
23,3317,2667.3
24,3334,2675.15
25,3416,2639.03
26,3416,2676.1
27,3447,2753.3
28,3398,2721.53
29,3471,2748.54
30,3324,2766.74
31,3495,2779.6
32,3599,2771.44
33,3599,2742.98
34,3495,2812.47
35,3495,2830.33
36,3680,2867.46
37,3680,2868.86
38,3599,2882.32
39,3534,2877.82
40,3607,2865.25
41,3607,2904.91
42,3607,2892.78
43,3495,2929.73
44,3601,3005.95
45,3601,3005.26
46,3601,3007.87
47,3630,3059.59
48,3630,3110.09
49,3689,3072.34
50,3621,3053.71
51,3623,3001.68
52,3755,3065.9
53,3755,3080.34
54,3755,3023.61
55,3755,3033.52
56,3755,3049.76
57,3763,3150.39
58,3763,3175.33
59,3755,3151.12
60,3763,3189.1
61,3763,3205.77
62,3763,3217.52
63,3817,3190.96
64,3763,3196.32
65,3667,3169.19
66,3813,3117.28
67,3813,3189.84
68,3831,3248.45
69,3813,3235.84
70,3813,3154.66
71,3813,3101.37
72,3813,3114.44
73,3813,3047.59
74,3813,3110.83
75,3813,3169.47
76,3813,3198.43
77,3813,3242.5
78,3813,3231.74
79,3813,3205.42
80,3652,3148.9
81,3630,3129.17
82,3626,3140.6
83,3651,3149.38
84,3708,3180.81
85,3708,3197.86
86,3708,3227.66
87,3708,3160.65
88,3712,3122.11
89,3712,3132.69
90,3712,3157.3
91,3712,3198.25
92,3708,3197.07
93,3831,3174.86
94,3831,3172.36
95,3847,3081.41
96,3715,3111.91
97,3669,3092.94
98,3640,3077.64
99,3651,3110.83
100,3560,3102.79
101,3611,3063.37
102,3620,3047.48
103,3620,3024.61
104,3802,3015.67
105,3802,3085.4
106,3610,3089.26
107,3610,3110.95
108,3610,3086.45
109,3662,3074.5
110,3694,3057.26
111,3694,3064.53
112,3694,3125.45
113,3810,3142.32
114,3662,3086.47
115,3662,3066.47
116,3662,3099.34
117,3763,3153.25
118,3662,3060.58
119,3749,3098.77
120,3765,3141.48
121,3692,3115.57
122,3620,3102.79
123,3798,3119.94
124,3816,3152.41
125,3816,3170.65
126,3816,3140.05
127,3816,3140.3
128,3816,3137.14
129,3816,3127.74
130,3816,3230.05
131,3816,3248.14
132,3816,3221.72
133,3816,3220.53
134,3809,3242.26
135,3861,3236.84
136,3861,3191.01
137,3861,3152.87
138,3861,3107.52
139,3877,3160.36
140,3877,3148.89
141,3774,3104.68
142,3922,3145.67
143,3922,3188.73
144,3922,3141.65
145,3922,3136.15
146,3774,3160.51
147,3774,3247.19
148,3774,3236.44
149,3774,3289.12
150,3829,3268.22
151,3854,3309.15
152,3854,3296.64
153,3854,3206.64
154,3854,3193.89
155,3817,3191.89
156,3817,3219.26
157,3817,3135.73
158,3817,3178.74
159,3817,3158.52
160,3817,3136.93
161,3817,3174.97
162,3817,3120.37
163,3817,3070.56
164,3817,3123.68
165,3817,3127.76
166,3839,3125.53
167,3839,3203.16
168,3726,3155.89
169,3826,3200.33
170,3726,3225.6
171,3726,3222.9
172,3871,3197.19
173,3726,3224.72
174,3726,3207.13
175,3844,3219.07
176,3773,3238.53
177,3767,3243.56
178,3767,3263.08
179,3775,3253.68
180,3778,3221.53
181,3768,3226.82
182,3768,3253.15
183,3830,3265.79
184,3845,3248.75
185,3806,3209.81
186,3806,3196.59
187,3806,3220.14
188,3796,3221.99
189,3884,3214.17
190,4053,3286.51
191,4053,3349.61
192,4053,3302.92
193,4053,3323.24
194,4053,3314.08
195,4053,3259.1
196,4053,3289.36
197,4053,3201.42
198,3859,3145.07
199,3790,3165.35
200,3790,3166.16
201,3790,3157.24
202,3711,3182.13
203,3734,3203.16
204,3734,3214.34
205,3734,3261.24
206,3732,3252.85
207,3755,3216.59
208,3755,3148.73
209,3755,3151.03
210,3757,3138.43
211,3757,3149.72
212,3757,3126.24
213,3757,3181.28
214,3757,3207.17
215,3757,3183.4
216,3696,3148.92
217,3744,3171.35
218,3744,3174.06
219,3744,3163.77
220,3744,3173.69
221,3800,3151.61
222,3800,3192.29
223,3931,3171.5
224,3712,3116.96
225,3712,3101.78
226,3720,3128.62
227,3599,3049.75
228,3624,3070.12
229,3628,3118.28
230,3628,3142.58
231,3644,3064.77
232,3644,3097.78
233,3644,3080.16
234,3637,3042.06
235,3644,3120.38
236,3644,3131.41
237,3644,3123.45
238,3755,3113.27
239,3755,3193.44
240,3755,3135.02
241,3755,3192.08
242,3670,3149.5
243,3644,3143.24
244,3727,3205.87
245,3727,3165.08
246,3727,3122.08
247,3733,3121.27
248,3733,3184.94
249,3763,3207.28
250,3808,3256.04
251,3773,3297.4
252,3763,3268.2
253,3751,3333.3
254,3743,3317.63
255,3934,3298.71
256,3795,3271.4
257,3795,3350.86
258,3920,3322.43
259,3920,3291.73
260,3920,3249.89
261,3840,3300
262,3795,3249.8
263,3795,3232.76
264,3795,3198.18
265,3813,3129.56
266,3813,3200.27
267,4012,3228.63
268,3757,3211.47
269,3741,3280.35
270,3719,3233.5
271,3751,3262.76
272,3759,3249.28
273,3759,3248.92
274,3759,3254.18
275,3884,3230.29
276,3761,3227.31
277,3761,3202.21
278,3821,3220.02
279,3821,3254.23
280,3821,3269.59
281,3713,3264.31
282,3805,3229.87
283,3768,3216.37
284,3705,3151.43
285,3777,3145.72
286,3777,3141.27
287,3777,3099.74
288,3777,3078.46
289,3777,3087.73
290,3619,3111.89
291,3685,3123.94
292,3811,3198.24
293,3804,3128.44
294,3879,3148.61
295,3879,3180.76
296,3804,3162.79
297,3666,3143
298,3666,3102.56
299,3590,3071.01
Population size,100
Crossover rate,0.51
Mutation rate,0.79
Random selection portion,0.03
Selection method,AForge.Genetic.RankSelection
Diversity check,True
Iteration,FitnessMax,FitnessAvg
0,3123,2455.2
1,3242,2654.69
2,3242,2804.73
3,3608,2855.94
4,3608,2912.63
5,3608,2985.3
6,3373,3076.29
7,3509,3120.21
8,3588,3095.35
9,3604,3162.5
10,3773,3200.74
11,3773,3242.17
12,3993,3355.84
13,3993,3389.6
14,3993,3478.57
15,3873,3498.17
16,3873,3521.71
17,3895,3558.72
18,3908,3552.55
19,3873,3638.57
20,3887,3644.66
21,3985,3701.02
22,3985,3682.89
23,3985,3746.14
24,3985,3773.52
25,4009,3800.87
26,4009,3716.07
27,4009,3720.56
28,4066,3694.13
29,4066,3801.58
30,4066,3852.4
31,4066,3875.75
32,4066,3811.8
33,4066,3857.21
34,4066,3792.64
35,4066,3843.34
36,4066,3850.51
37,4066,3905
38,4066,3862.5
39,4066,3758.48
40,4066,3860.46
41,4072,3878.69
42,4072,3911.8
43,4080,3928.05
44,4090,3918.59
45,4090,3924.57
46,4090,3946.29
47,4098,3899.93
48,4098,3887.8
49,4098,3948.49
50,4090,3956.3
51,4098,3958.32
52,4098,3920.75
53,4098,3930.36
54,4098,3975.13
55,4098,2294.52
56,4098,2546.46
57,4098,2819.07
58,4098,2962.69
59,4098,3112.47
60,4098,3288.72
61,4098,3515.38
62,4098,3538.62
63,4098,3710.01
64,4098,3724.88
65,4098,3794.69
66,4098,3820.13
67,4098,3882.93
68,4098,3868.73
69,4098,3851.24
70,4098,3862.61
71,4098,3914.61
72,4098,3887.48
73,4098,3915.57
74,4098,3928.83
75,4098,3940.26
76,4098,3942.28
77,4098,3966.11
78,4098,3969.67
79,4098,3986.01
80,2952,2418.85
81,3108,2603.55
82,3180,2701.64
83,3180,2804.28
84,3216,2884.13
85,3344,2934.72
86,3384,2959.75
87,3384,2961.26
88,3577,3049.83
89,3488,3141.59
90,3554,3162.94
91,3554,3225.3
92,3705,3249.98
93,3723,3298.21
94,3736,3341.94
95,3723,3422.16
96,3723,3436.02
97,3722,3495.52
98,3858,3490.17
99,3861,3563.9
100,3861,3587.51
101,3861,3620.64
102,3927,3508.37
103,3927,3604.13
104,3927,3635.47
105,3928,3688.29
106,3928,3715.74
107,3928,3655.1
108,3928,3734.35
109,3928,3742.53
110,3928,3741.33
111,3928,3766.82
112,3941,3775.45
113,3941,3755.44
114,3941,3766.96
115,3941,3785.26
116,3941,3762.74
117,3941,3780.14
118,3941,3669.28
119,3941,3739.18
120,4024,3661.81
121,4024,3792.04
122,4024,3767.73
123,4024,3703.29
124,3941,3773.64
125,3941,3793.02
126,3945,3795.11
127,3945,3780.13
128,3941,3811.43
129,4024,3790.94
130,4024,3748.46
131,4024,3751.02
132,4024,3779.19
133,4024,3724.29
134,4024,3763.79
135,4024,3710.44
136,4024,3744.84
137,4042,3753.86
138,4042,3875.89
139,4042,3774.44
140,4032,3776.23
141,4042,3817.13
142,4042,3827.04
143,4042,3819.51
144,4042,3861.78
145,4042,3727.29
146,4042,3869.31
147,4042,3858.84
148,4042,3841.55
149,4042,3809.81
150,4042,3839.46
151,4042,3838.28
152,4042,3888.89
153,4042,3817.45
154,4042,3854.29
155,4042,3783.48
156,4060,3909.45
157,4042,3887.28
158,4072,3914.9
159,4072,3851.34
160,4042,3817.88
161,4042,3860.25
162,4042,3930.08
163,4042,2442.65
164,4042,2599.54
165,3899,2683.57
166,3795,2807.73
167,3803,2914.98
168,3698,2956.69
169,3698,3063.59
170,3540,3132.27
171,3534,3221.22
172,3672,3260.21
173,3630,3344.23
174,3630,3289.53
175,3735,3395.31
176,3749,3400.2
177,3820,3448.55
178,3749,3489.09
179,3802,3482.33
180,3802,3442.07
181,3802,3537.86
182,3945,3521.97
183,3918,3555.2
184,3936,3579.23
185,3981,3582.33
186,3981,3639.87
187,3981,3675.89
188,4062,3597.37
189,4062,3717.93
190,4062,3689.14
191,4062,3786.11
192,4062,3779.32
193,4062,3727.67
194,4062,3843.09
195,4062,3782.73
196,4062,3850.66
197,4016,3844.19
198,4067,3892.58
199,4067,3894.38
200,4067,3904.03
201,4067,3909.01
202,4067,3898.89
203,4067,3903.2
204,4067,3873.02
205,4067,3911.43
206,4067,3882.38
207,4072,3881.02
208,4067,3950.41
209,4067,2378.59
210,4067,2583.26
211,4051,2737.11
212,3833,2886.11
213,3833,3031.35
214,3833,3160.97
215,3860,3357.36
216,3878,3460.03
217,3877,3483.56
218,3919,3613.77
219,3892,3671.81
220,3892,3670.98
221,3919,3752.94
222,3976,3682.13
223,4009,3797.41
224,4009,3793.36
225,4043,3785.53
226,4043,3799.97
227,4043,3829.21
228,4043,3848.83
229,4043,3860.95
230,4043,3813.59
231,4043,3836.57
232,4044,3871.74
233,4044,3855.83
234,4044,3869.38
235,4044,3808.96
236,4043,3888.66
237,4083,3943.08
238,4067,3889.97
239,4057,3864.62
240,4057,3841.77
241,4057,3802.91
242,4057,3889.77
243,4057,3947.53
244,4057,2414.47
245,4057,2551.42
246,4057,2788.46
247,4057,3023.92
248,4057,3183.06
249,4057,3363.06
250,4057,3513.99
251,4057,3644.24
252,4057,3694.59
253,4057,3706.2
254,4057,3796.72
255,4057,3778.35
256,4057,3845.5
257,4057,3819.65
258,4057,3884.47
259,4057,3865.13
260,4057,3806.69
261,4057,3965.55
262,3006,2345
263,3077,2548.93
264,3118,2666.01
265,3192,2715.65
266,3196,2836.01
267,3266,2943.67
268,3397,3007.8
269,3372,2985.77
270,3430,3062.36
271,3405,3025.4
272,3405,3084.06
273,3458,3074.8
274,3514,3166.38
275,3514,3199.62
276,3514,3208.05
277,3573,3229.46
278,3591,3246.53
279,3598,3294.18
280,3620,3348.8
281,3796,3239.43
282,3796,3321.08
283,3762,3331.46
284,3762,3491.34
285,3799,3525.86
286,3903,3510.64
287,3923,3573.08
288,3903,3537.09
289,3955,3618.67
290,4020,3678.41
291,4054,3624.23
292,4054,3643.72
293,4054,3646.93
294,4054,3751.86
295,4054,3624.9
296,4054,3660.4
297,4054,3689.28
298,4054,3721.02
299,4054,3620.42
Population size,100
Crossover rate,0.51
Mutation rate,0.79
Random selection portion,0.03
Selection method,AForge.Genetic.RankSelection
Diversity check,False
Iteration,FitnessMax,FitnessAvg
0,3207,2455.79
1,3207,2669.32
2,3243,2791.86
3,3648,2913.23
4,3583,2940.5
5,3583,3076.82
6,3591,3141.74
7,3642,3229.61
8,3675,3318.16
9,3675,3368.43
10,3750,3358.43
11,3742,3428.68
12,3742,3384.48
13,3745,3412.17
14,3909,3553.1
15,3925,3579.04
16,3925,3556.72
17,3925,3645.05
18,4068,3660.29
19,4068,3676.28
20,4054,3629.25
21,4068,3686.23
22,4068,3621.6
23,4068,3676.29
24,4068,3785.66
25,4068,3820.05
26,4068,3866.08
27,4068,3838.83
28,4068,3919.65
29,4068,3930.21
30,4068,3952.13
31,4068,3924.24
32,4068,3973.85
33,4068,3963.95
34,4068,3883.41
35,4068,3961.26
36,4068,3846.92
37,4068,3851.89
38,4068,3961.24
39,4068,3949.19
40,4068,3829.72
41,4068,3929
42,4068,3964.57
43,4068,3887.42
44,4068,3949.97
45,4068,3907.36
46,4068,3889.17
47,4068,3893.33
48,4068,3928.43
49,4068,3964.08
50,4068,3919.95
51,4068,3936.05
52,4068,3974.25
53,4068,3931.33
54,4068,3841.47
55,4068,3884.93
56,4068,3920.87
57,4068,3926.75
58,4068,3935.61
59,4068,3932.74
60,4068,3926.3
61,4068,3956.58
62,4068,3915.29
63,4068,3919.9
64,4068,3950.52
65,4068,3948.06
66,4068,3872.95
67,4068,3906.9
68,4068,3962.1
69,4068,3883.31
70,4068,3970.2
71,4068,3981.29
72,4068,3943.23
73,4068,3933.8
74,4068,3888.45
75,4068,3838.91
76,4068,3915.8
77,4068,3941.2
78,4068,3889.36
79,4068,3958.59
80,4068,3985.18
81,4068,3980.87
82,4068,3978.52
83,4068,3936.43
84,4068,3983.49
85,4068,3958.18
86,4068,3976.32
87,4068,3859.14
88,4068,3948.54
89,4068,3851.38
90,4068,3909.31
91,4068,3925.18
92,4068,3909
93,4068,3980.37
94,4068,3906.81
95,4068,3925.2
96,4068,3892.92
97,4068,3896.08
98,4068,3922.12
99,4068,3927.22
100,4068,3915.91
101,4068,3889.51
102,4068,3899.69
103,4068,3943.2
104,4068,3908.74
105,4068,3923.31
106,4068,3951.93
107,4068,3879.85
108,4068,3902.53
109,4068,3875.08
110,4068,3895.42
111,4068,3857.83
112,4068,3783.8
113,4068,3871.31
114,4068,3852.59
115,4068,3892.92
116,4068,3969.44
117,4068,3977.09
118,4068,3927.99
119,4068,3915.86
120,4068,3983.04
121,4068,3992.62
122,4068,4001.47
123,4068,3945.28
124,4068,3953.97
125,4068,3935.29
126,4068,3917.66
127,4068,3913.22
128,4080,3974.63
129,4088,3984.49
130,4088,3953.72
131,4088,3960.39
132,4088,3834.14
133,4088,3903.51
134,4088,3940.15
135,4088,3838.43
136,4088,3941.41
137,4088,3982.62
138,4088,3918.85
139,4080,3855.04
140,4080,3916.01
141,4080,3926.1
142,4080,3910.61
143,4090,3953
144,4090,3855.91
145,4080,3877.86
146,4080,3863.12
147,4080,3944.25
148,4080,3946.11
149,4080,3897.39
150,4080,3941.85
151,4080,3945.38
152,4080,3856.95
153,4080,3880.12
154,4080,3884.21
155,4080,3946.39
156,4088,3893.94
157,4088,3901.63
158,4088,3946.12
159,4088,3860.84
160,4088,3802.38
161,4088,3918.72
162,4088,3944.75
163,4088,3958.34
164,4088,3902.75
165,4088,3879.08
166,4088,3922.68
167,4088,3913.32
168,4088,3920.81
169,4088,3861.82
170,4088,3856.81
171,4088,3861.94
172,4090,3936.22
173,4088,3964.57
174,4090,3899.6
175,4090,3963.94
176,4090,3822.4
177,4088,3816.42
178,4090,3976.7
179,4090,3943.97
180,4090,3886.44
181,4090,3799.83
182,4088,3859.8
183,4088,3944.61
184,4088,3951.11
185,4088,3958.3
186,4088,3887.98
187,4088,3929.57
188,4088,3960.32
189,4088,3901.74
190,4088,3969.44
191,4088,4001.13
192,4088,3953.74
193,4088,3938.55
194,4088,3979.19
195,4088,3932.11
196,4088,3964.7
197,4088,3955.57
198,4088,3963.86
199,4088,3835.39
200,4088,3920.58
201,4088,4004.93
202,4088,3896.16
203,4088,3983.67
204,4088,3938
205,4088,3949.99
206,4088,3959.68
207,4088,3988.57
208,4088,3940.18
209,4088,3997.58
210,4088,3901
211,4094,3964.66
212,4094,3989.53
213,4094,4013.82
214,4094,3948.37
215,4094,3846.98
216,4094,4000.07
217,4094,3947.02
218,4094,3931.6
219,4094,3999.32
220,4094,3943.72
221,4094,3958.62
222,4094,3945.53
223,4094,3914.99
224,4094,3920.15
225,4094,3983.16
226,4094,3973.26
227,4094,3994.38
228,4094,3939.84
229,4094,3948.79
230,4094,3999.38
231,4094,3983.89
232,4094,3945.66
233,4094,3948.2
234,4094,3978.55
235,4094,3965.99
236,4094,3986.72
237,4094,3967.56
238,4094,3998.62
239,4094,3956.78
240,4094,3945.03
241,4094,3994.71
242,4094,3991.17
243,4094,3922.31
244,4094,3951.3
245,4094,3992.51
246,4094,3963.42
247,4094,3896.34
248,4094,3957.22
249,4094,3901.59
250,4094,3908.42
251,4094,3959.7
252,4094,3894.25
253,4094,3989
254,4094,3993.08
255,4094,4010.57
256,4094,3985.76
257,4094,3940.26
258,4094,3976.53
259,4094,3986.85
260,4094,3933.81
261,4094,3939.57
262,4094,3878.53
263,4094,3929.88
264,4094,3983.02
265,4094,3974.12
266,4094,3953.51
267,4094,3993.53
268,4094,3919.02
269,4094,3960.07
270,4094,3991.28
271,4094,3962.85
272,4094,3942.28
273,4094,3955.38
274,4094,3954.15
275,4094,3977.29
276,4094,3924.85
277,4094,3914.77
278,4094,3959.27
279,4094,4006.24
280,4094,3987.96
281,4094,3885.74
282,4094,3891.18
283,4094,3963.17
284,4094,3959.33
285,4094,3889.07
286,4094,3953.04
287,4094,3980.44
288,4094,3984.69
289,4094,3912.13
290,4094,3994.5
291,4094,3920.4
292,4094,3951.23
293,4094,3986.88
294,4094,3934.69
295,4094,3984.3
296,4094,3932.06
297,4094,3971.82
298,4094,3943.87
299,4094,3891.41
Population size,100
Crossover rate,0.22
Mutation rate,0.87
Random selection portion,0.03
Selection method,AForge.Genetic.EliteSelection
Diversity check,False
Iteration,FitnessMax,FitnessAvg
0,3061,2436.57
1,3118,2658.87
2,3302,2806.17
3,3320,2935.42
4,3448,3040.09
5,3448,3119.79
6,3448,3182.45
7,3519,3227.61
8,3519,3276.32
9,3572,3329.46
10,3614,3370.29
11,3639,3392.3
12,3723,3447.43
13,3766,3496.44
14,3967,3557.84
15,3967,3597.92
16,4034,3670.93
17,4034,3680.78
18,4034,3726.33
19,4034,3750.48
20,4042,3799.32
21,4042,3821.23
22,4042,3843.62
23,4050,3875.55
24,4050,3873.74
25,4050,3879.21
26,4058,3887.85
27,4058,3924.23
28,4058,3912.67
29,4068,3906.95
30,4068,3903.09
31,4068,3957.86
32,4068,3973
33,4068,3995.52
34,4068,3983.12
35,4068,3996.39
36,4068,3999.28
37,4068,3997.37
38,4068,3999.31
39,4068,4007.41
40,4068,4009.54
41,4068,4010.01
42,4068,4008.6
43,4068,4006.49
44,4068,4013.07
45,4068,4007.49
46,4068,4009.05
47,4068,4013.4
48,4068,4003.68
49,4068,4013.85
50,4068,4012.08
51,4068,4014.13
52,4068,3995.21
53,4068,4003.29
54,4068,3993.05
55,4068,4005.81
56,4068,4017.45
57,4068,4003.9
58,4068,3986.3
59,4068,4019.3
60,4068,4011.37
61,4068,4000.29
62,4068,4019.36
63,4068,3985.79
64,4068,4018.61
65,4068,4014.59
66,4068,4010.23
67,4068,4020.57
68,4068,4009.89
69,4068,4004.72
70,4068,4011.62
71,4068,4015.38
72,4068,4010.9
73,4068,4029.37
74,4068,4014.67
75,4068,3986.43
76,4068,4027.61
77,4068,4003.86
78,4068,4008.78
79,4068,3999.77
80,4068,3984.89
81,4068,3986.17
82,4068,3986.93
83,4068,4016.34
84,4068,4018.44
85,4068,4010.97
86,4068,4015.27
87,4068,4020.82
88,4068,3987.39
89,4068,4012.44
90,4068,4020.05
91,4068,4007.1
92,4068,4019.4
93,4068,3986.98
94,4068,4024.06
95,4068,4012.06
96,4068,4013.95
97,4068,4010.81
98,4068,4005.76
99,4068,4009.36
100,4068,3989.48
101,4068,3991.16
102,4068,4005.48
103,4068,4016.8
104,4068,4008.73
105,4068,4012.83
106,4068,4013.22
107,4068,4002.01
108,4068,4002.36
109,4068,3984.68
110,4068,4018.03
111,4068,3986.85
112,4068,4005.67
113,4068,4009.11
114,4068,3970.16
115,4068,4018.66
116,4068,4006.7
117,4068,4002.29
118,4068,4014.51
119,4068,4013.31
120,4068,4008.94
121,4068,4018.92
122,4068,4019.41
123,4068,3999.3
124,4068,3981.58
125,4068,4018.35
126,4068,4015.91
127,4068,4010.16
128,4068,4030.58
129,4068,3977.16
130,4068,4012.72
131,4068,4013.5
132,4068,4020.77
133,4068,4005.93
134,4068,4007.12
135,4068,4002.27
136,4068,4013.6
137,4068,4013.55
138,4068,4019.12
139,4068,4018.86
140,4068,4018.4
141,4068,3993.26
142,4068,3993.09
143,4068,4000.26
144,4068,4018.31
145,4068,4018.86
146,4068,4028.02
147,4068,4013.65
148,4068,4002.32
149,4068,4028.4
150,4068,4003.99
151,4068,4005.98
152,4068,4015.95
153,4068,4007.73
154,4068,4005.59
155,4068,4012.1
156,4068,4015.55
157,4068,4003.25
158,4068,4012.09
159,4068,4018.52
160,4068,4010.83
161,4068,4015.86
162,4068,4011.67
163,4068,4010.28
164,4068,4003.89
165,4068,3999.07
166,4068,4007.97
167,4068,3965.55
168,4068,3998.78
169,4068,4015.37
170,4068,4000.06
171,4068,4008.15
172,4068,3997.84
173,4068,4010.04
174,4068,3997.04
175,4068,4007.16
176,4068,4013.61
177,4068,4008.11
178,4068,4009.78
179,4068,4013.6
180,4068,4002.05
181,4068,4005.36
182,4068,3986.36
183,4068,4015.31
184,4068,3991.72
185,4068,4015.83
186,4068,4012.98
187,4068,4000.63
188,4068,4013.57
189,4068,4003.69
190,4068,4016.3
191,4068,4008.04
192,4068,4011.68
193,4068,4005.85
194,4068,4026.01
195,4068,4004.22
196,4068,3991.62
197,4068,4017.26
198,4068,3986.02
199,4068,4010.43
200,4068,4021.44
201,4068,4014.99
202,4068,4022.81
203,4068,4013.78
204,4068,4006.88
205,4068,4003.77
206,4068,4008.8
207,4068,4001.7
208,4068,4018.02
209,4068,4000.84
210,4068,4011.54
211,4068,4013.4
212,4068,4013.68
213,4068,4010.33
214,4068,3996.31
215,4068,4002.75
216,4068,3989.02
217,4068,4018.72
218,4068,4008.07
219,4068,4011.54
220,4068,4010.03
221,4068,3996.39
222,4068,4018.77
223,4068,4019.88
224,4068,4004.48
225,4068,4004.29
226,4068,4015.08
227,4068,3989.21
228,4068,3990.86
229,4068,4010.92
230,4068,4006.13
231,4068,4006.85
232,4068,4020.57
233,4068,3994.6
234,4068,4018.48
235,4068,4009.34
236,4068,4014.55
237,4068,4020.57
238,4068,4016.27
239,4068,4014.36
240,4068,3985.73
241,4068,4019.12
242,4068,4017.16
243,4068,3988.08
244,4068,4021.55
245,4068,4008.65
246,4068,3998.14
247,4068,4014.54
248,4068,4021.58
249,4068,3960.17
250,4068,4023.28
251,4068,4002.95
252,4068,4010.2
253,4068,4022.18
254,4068,4012.94
255,4068,4011.95
256,4068,4015.92
257,4068,4013.63
258,4068,3996.84
259,4068,4018.62
260,4068,4000.84
261,4068,3994.37
262,4068,4018.16
263,4068,4007.07
264,4068,4002.82
265,4068,4018.53
266,4068,3988.63
267,4068,3983.33
268,4068,4012.35
269,4068,4016.02
270,4068,3999.62
271,4068,4016.97
272,4068,4007.06
273,4068,3996.16
274,4068,4017.77
275,4068,3988.51
276,4068,4020.69
277,4068,4013.9
278,4068,3999.03
279,4068,3984.02
280,4068,4012.28
281,4068,4005.96
282,4068,3987.62
283,4068,4016.22
284,4068,4011.7
285,4068,4017.81
286,4068,4018.21
287,4068,3997.47
288,4068,4013.08
289,4068,4021.1
290,4068,4006.04
291,4068,4007.42
292,4068,4018.81
293,4068,4002.59
294,4068,4014.61
295,4068,4016.43
296,4068,3984.56
297,4068,4022.24
298,4068,4017.4
299,4068,4009.8
Population size,100
Crossover rate,0.22
Mutation rate,0.87
Random selection portion,0.03
Selection method,AForge.Genetic.EliteSelection
Diversity check,True
Iteration,FitnessMax,FitnessAvg
0,3402,2580.57
1,3505,2799.5
2,3505,2950.85
3,3682,3099.05
4,3909,3234.13
5,3909,3338.47
6,3909,3432.82
7,3909,3534.25
8,3909,3613.32
9,3909,3646.43
10,3909,3701.7
11,3921,3730.25
12,3921,3752.86
13,3948,3790.73
14,3967,3815.78
15,3986,3843.05
16,3986,3844.02
17,3986,3855.08
18,4055,3862.78
19,4055,3849.17
20,4055,3879.99
21,4055,3893.87
22,4055,3908.4
23,4055,3893.81
24,4055,3904.52
25,4055,3928.05
26,4094,3931.23
27,4094,3951.06
28,4094,3962.98
29,4094,3940.69
30,4094,3965.53
31,4094,3975.01
32,4094,2537.27
33,4094,2756.63
34,4094,2910.03
35,4094,3032.84
36,4094,3154
37,4094,3284.29
38,4094,3429.08
39,4094,3575.05
40,4094,3697.06
41,4094,3767.99
42,4094,3799.31
43,4094,3847.3
44,4094,3870.06
45,4094,3893.09
46,4094,3913.85
47,4094,3930
48,4094,3954.01
49,4094,3946.71
50,4094,3987.56
51,4094,2508.54
52,4094,2747.05
53,4094,2947.04
54,4094,3107.81
55,4094,3259.92
56,4094,3405.57
57,4094,3559.54
58,4094,3699.9
59,4094,3797.07
60,4094,3818.85
61,4094,3846.9
62,4094,3888.74
63,4094,3896.7
64,4094,3910.02
65,4094,3945.78
66,4094,3976.12
67,4094,2457.72
68,4094,2638.33
69,4094,2816.66
70,4094,2965.45
71,4094,3101.73
72,4094,3307.05
73,4094,3466.09
74,4094,3655.04
75,4094,3781.77
76,4094,3819.88
77,4094,3903.66
78,4094,3917.36
79,4094,3957.55
80,4094,3949.78
81,4094,3985.66
82,4094,2535.82
83,4094,2717.83
84,4094,2875.88
85,4094,3003.36
86,4094,3095.43
87,4094,3189.28
88,4094,3327.17
89,4094,3450.43
90,4094,3644.75
91,4094,3719.82
92,4094,3807.45
93,4094,3880.49
94,4094,3919.17
95,4094,3944.67
96,4094,3967.44
97,4094,3956.61
98,4094,4002.99
99,4094,2433.02
100,4094,2646.33
101,4094,2790.73
102,4094,2962.96
103,4094,3107.11
104,4094,3244.37
105,4094,3412.98
106,4098,3550.19
107,4098,3651.4
108,4098,3750.61
109,4098,3779.6
110,4098,3837.94
111,4098,3883.59
112,4098,3926.99
113,4098,3951.11
114,4098,3962.87
115,4098,3971.98
116,4098,4021.2
117,4098,2440.1
118,4098,2628.58
119,4098,2766.24
120,4098,2928.94
121,4098,3063.6
122,4098,3220.23
123,4098,3364.6
124,4098,3586.54
125,4098,3748.85
126,4098,3813.54
127,4098,3866.42
128,4098,3893.97
129,4098,3933.64
130,4098,3936.9
131,4098,3978.56
132,4098,2569
133,4098,2761.36
134,4098,2901.66
135,4098,3047.12
136,4098,3178.68
137,4098,3326.48
138,4098,3434.78
139,4098,3671.88
140,4098,3822.16
141,4098,3859.58
142,4098,3875.64
143,4098,3925.86
144,4098,3934.78
145,4098,3970.46
146,4098,3968.69
147,4098,3984
148,4098,2532.98
149,4098,2734.21
150,4098,2882.16
151,4098,3035.04
152,4098,3247.48
153,4098,3428.31
154,4098,3634.65
155,4098,3750.36
156,4098,3826.15
157,4098,3892.63
158,4098,3922.65
159,4098,3936.46
160,4098,3972.62
161,4098,3971.58
162,4098,3975.09
163,4098,2539.07
164,4098,2716.54
165,4098,2883.96
166,4098,3025.4
167,4098,3154.74
168,4098,3287.89
169,4098,3456.77
170,4098,3624.46
171,4098,3738.22
172,4098,3798.39
173,4098,3834
174,4098,3868.12
175,4098,3884.71
176,4098,3912.53
177,4098,3943.46
178,4098,3942.34
179,4098,3975.14
180,4098,2455.05
181,4098,2653.48
182,4098,2838.49
183,4098,3022.97
184,4098,3213.38
185,4098,3472.73
186,4098,3685.19
187,4098,3773.93
188,4098,3840.1
189,4098,3899.21
190,4098,3921.04
191,4098,3942.51
192,4098,3985.92
193,4098,2539.71
194,4098,2768.59
195,4098,2911.03
196,4098,3024.65
197,4098,3147.06
198,4098,3278.73
199,4098,3473.73
200,4098,3699.65
201,4098,3790.07
202,4098,3837.17
203,4098,3856.95
204,4098,3907.1
205,4098,3937.78
206,4098,3969.7
207,4098,3986.98
208,4098,2531.08
209,4098,2701.16
210,4098,2874.28
211,4098,2977.36
212,4098,3078.75
213,4098,3190
214,4098,3339.39
215,4098,3494.4
216,4098,3620.98
217,4098,3719.94
218,4098,3776.28
219,4098,3819.79
220,4098,3858.8
221,4098,3912.93
222,4098,3931.85
223,4098,3940.65
224,4098,3954.8
225,4098,3965.91
226,4098,3973.89
227,4098,3977.53
228,4098,2564.63
229,4098,2763.68
230,4098,2907.73
231,4098,3034.61
232,4098,3143.42
233,4098,3275.39
234,4098,3436.44
235,4098,3599.53
236,4098,3723.52
237,4098,3813.16
238,4098,3872.3
239,4098,3904.56
240,4098,3910.76
241,4098,3954.53
242,4098,3978.88
243,4098,2587.11
244,4098,2762.02
245,4098,2865.05
246,4098,2997.25
247,4098,3092.66
248,4098,3186.81
249,4098,3287.86
250,4098,3401.5
251,4098,3598.1
252,4098,3742.55
253,4098,3831.55
254,4098,3850.63
255,4098,3886.65
256,4098,3941.76
257,4098,3950.02
258,4098,3969
259,4098,3981.21
260,4098,2608.94
261,4098,2733.45
262,4098,2889.32
263,4098,3036.66
264,4098,3205.07
265,4098,3361.67
266,4098,3573
267,4098,3744.85
268,4098,3801.44
269,4098,3837.9
270,4098,3862.13
271,4098,3917.86
272,4098,3936.07
273,4098,3952.44
274,4098,3949.45
275,4098,3973.82
276,4098,3987.97
277,4098,2451.11
278,4098,2643.43
279,4098,2796.78
280,4098,2943.07
281,4098,3059.62
282,4098,3259.23
283,4098,3484.66
284,4098,3689.37
285,4098,3821.11
286,4098,3894.3
287,4098,3925.2
288,4098,3942.28
289,4098,3981.33
290,4098,2480.56
291,4098,2677.47
292,4098,2839.4
293,4098,2982.68
294,4098,3133.75
295,4098,3249.14
296,4098,3402.81
297,4098,3548.45
298,4098,3669.6
299,4098,3790.15
Population size,100
Crossover rate,0.22
Mutation rate,0.87
Random selection portion,0.03
Selection method,AForge.Genetic.EliteSelection
Diversity check,True
Iteration,FitnessMax,FitnessAvg
0,3473,2501.12
1,3473,2645.63
2,3648,2786.36
3,3648,2921.63
4,3648,3035.54
5,3685,3161.11
6,3685,3259.18
7,3735,3311.73
8,3735,3410.82
9,3828,3455.47
10,3864,3494.24
11,3864,3541.21
12,3864,3618.9
13,3914,3640.29
14,3914,3657.38
15,4054,3698.25
16,4054,3717.23
17,4054,3763.31
18,4054,3789
19,4054,3798.14
20,4072,3822.49
21,4072,3831.98
22,4072,3858.87
23,4072,3885.91
24,4072,3885.04
25,4072,3912.11
26,4088,3911.29
27,4094,3951.08
28,4094,3954.27
29,4094,3985.93
30,4094,2465.65
31,4094,2685.31
32,4094,2844.08
33,4094,3011.32
34,4094,3165.84
35,4094,3385.72
36,4094,3562.24
37,4094,3715.45
38,4094,3807.9
39,4094,3859.9
40,4094,3903.72
41,4098,3932.8
42,4098,3947.53
43,4098,3961.79
44,4098,3997.52
45,4098,2483.93
46,4098,2699.26
47,4098,2854.22
48,4098,2996.97
49,4098,3130.16
Population size,100
Crossover rate,0.22
Mutation rate,0.87
Random selection portion,0.03
Selection method,AForge.Genetic.EliteSelection
Diversity check,True
Iteration,FitnessMax,FitnessAvg
0,3129,2483.83
1,3199,2640.42
2,3199,2734.55
3,3331,2862.72
4,3384,2973.55
5,3384,3056.7
6,3385,3138.58
7,3596,3206.27
8,3596,3280.86
9,3596,3312.62
10,3743,3373.36
11,3857,3403.76
12,3857,3472.64
13,3857,3532.81
14,3973,3565.08
15,3973,3598.71
16,3973,3655.96
17,3973,3702.1
18,3973,3715.66
19,3973,3756.01
20,3973,3770.97
21,4006,3799.75
22,4006,3814.33
23,4006,3838.46
24,4006,3845.76
25,4072,3863.66
26,4072,3867.72
27,4072,3874.13
28,4072,3903.1
29,4072,3914.15
