Population size,100
Crossover rate,0.66
Mutation rate,0.34
Random selection portion,0.03
Selection method,AForge.Genetic.RouletteWheelSelection
Diversity check,False
Iteration,FitnessMax,FitnessAvg
0,1904,1136.68
1,1904,1172.03
2,1904,1198.05
3,1904,1256.83
4,1904,1298.09
5,1748,1340.54
6,1707,1355.21
7,1794,1353.54
8,1729,1342.35
9,1729,1335.41
10,1707,1338.12
11,1743,1323.71
12,1707,1355.92
13,1781,1350.78
14,1820,1385.89
15,1820,1383.97
16,1904,1373.39
17,1820,1415.16
18,1904,1437.18
19,1918,1464.73
20,1918,1420.94
21,1918,1471.07
22,1918,1526.93
23,1918,1549.27
24,1918,1559.96
25,1913,1571.24
26,2008,1548.53
27,2008,1568.08
28,2008,1526.23
29,2021,1525.59
30,2021,1539.93
31,2021,1554.86
32,2021,1589.88
33,1918,1573.36
34,2008,1570.03
35,2008,1598.89
36,1918,1602.5
37,1918,1599.36
38,2008,1574.18
39,2003,1552.92
40,1918,1508.45
41,1918,1496.12
42,2008,1558.89
43,2008,1532.49
44,1918,1538.74
45,1918,1612.32
46,1918,1617.64
47,1918,1614.07
48,1918,1610
49,1918,1592.29
50,1918,1616
51,1918,1607.54
52,1918,1597.49
53,1918,1588.67
54,1918,1613.04
55,1918,1629.48
56,2003,1612.05
57,2003,1608.38
58,2016,1592.76
59,2021,1587.67
60,2003,1627.19
61,2008,1608.45
62,2016,1636.15
63,2016,1625.12
64,2016,1655.47
65,2008,1610.56
66,2008,1588.23
67,2008,1638.37
68,2008,1664.16
69,2008,1643.88
70,1912,1614.04
71,1918,1611.96
72,1918,1598.38
73,1918,1611.89
74,1918,1621.14
75,1918,1622.82
76,1918,1617.32
77,2008,1663.16
78,2008,1682.77
79,2008,1690.69
80,2016,1640.34
81,2016,1647.45
82,2016,1655.72
83,2016,1668.09
84,1904,1622.93
85,1904,1615.48
86,1917,1593.69
87,1917,1643.27
88,1917,1618.42
89,1917,1600.47
90,2008,1583.89
91,2008,1634.98
92,2008,1649.44
93,2008,1660.39
94,2008,1632.16
95,1917,1639.73
96,1917,1648.13
97,1917,1652.81
98,1917,1664.5
99,1917,1636.65
100,2008,1619.79
101,2008,1611.21
102,2003,1576.52
103,2003,1541.22
104,2008,1537.24
105,2016,1602.6
106,2016,1629.8
107,2016,1692.98
108,2016,1676.81
109,2016,1682.5
110,2016,1673.82
111,2021,1708.31
112,2021,1690.89
113,2021,1750.94
114,2021,1743.93
115,2021,1748.69
116,2016,1690.76
117,2016,1712.35
118,2021,1724.06
119,2021,1742.9
120,2016,1734.64
121,2016,1741.64
122,2021,1736.07
123,2021,1749.77
124,2021,1724.87
125,2021,1741.89
126,2021,1738.38
127,2021,1734.87
128,2021,1761.78
129,2021,1739.69
130,2021,1722.59
131,2021,1761.36
132,2016,1705.32
133,2021,1698.16
134,2008,1769.17
135,2016,1780.15
136,2008,1719.07
137,2008,1759.43
138,2008,1734.44
139,2008,1729.6
140,2008,1748.21
141,2008,1704.19
142,2016,1677.46
143,2008,1684.06
144,2016,1735.56
145,2016,1751.59
146,2008,1711.89
147,2021,1709.37
148,2021,1688.94
149,2021,1667.29
150,2021,1672.95
151,2021,1671.15
152,2021,1690.73
153,2021,1714.4
154,2016,1679.59
155,2016,1694.28
156,2003,1685.04
157,2003,1659.84
158,2021,1637.33
159,2021,1642.98
160,2021,1655.75
161,2021,1661.86
162,2021,1656.57
163,2021,1632.03
164,2021,1625.55
165,2021,1631.43
166,2021,1602.79
167,2021,1615.77
168,2021,1622.54
169,2021,1617.91
170,2021,1578.14
171,2021,1587.02
172,2021,1594.77
173,2021,1593.42
174,2021,1644.34
175,2021,1675.09
176,2021,1658.34
177,2008,1665.98
178,2008,1675.8
179,2016,1676.86
180,2021,1658.13
181,2016,1629.45
182,2016,1631.91
183,2016,1601.5
184,2016,1620.89
185,2016,1581.87
186,2016,1618.59
187,2021,1626.85
188,2021,1627.06
189,2021,1644.25
190,2021,1689.57
191,2021,1673.3
192,2021,1701.18
193,2021,1694.2
194,2021,1656.8
195,2021,1630
196,2021,1595.17
197,2021,1585.08
198,2021,1605.69
199,2021,1618.08
200,2021,1605.58
201,2021,1599.83
202,2021,1666.53
203,2021,1703.67
204,2021,1740.26
205,2021,1696.91
206,2021,1703.79
207,2021,1748.08
208,2021,1763.38
209,2016,1748.59
210,2016,1743.46
211,2016,1703.84
212,2016,1743.31
213,2016,1765.43
214,2016,1746.32
215,2016,1701.01
216,2021,1739.95
217,2016,1689.83
218,2016,1653.88
219,2021,1634.99
220,2021,1613.09
221,2021,1604.04
222,2008,1599.09
223,2008,1545.05
224,2008,1576.56
225,2021,1606.32
226,2021,1662.13
227,2021,1661.84
228,2021,1644.5
229,2008,1654.25
230,2016,1644.36
231,2016,1675.32
232,2021,1652.33
233,2021,1649.49
234,2021,1620.02
235,2021,1572.9
236,2016,1574.6
237,2016,1617.3
238,2021,1615.34
239,2021,1675.74
240,2021,1648.56
241,2021,1709.7
242,2021,1725.22
243,2021,1750.56
244,2021,1788.39
245,2021,1736.25
246,2021,1722.52
247,2021,1695.46
248,2021,1692.68
249,2021,1716.71
250,2021,1702.8
251,2016,1753
252,2016,1768
253,2016,1811.02
254,2008,1823.56
255,2008,1798.13
256,2016,1783.19
257,2016,1752.52
258,2016,1756.76
259,2016,1804.17
260,2021,1776.51
261,2021,1758.33
262,2021,1735.62
263,2021,1772.27
264,2021,1727.34
265,2021,1733.09
266,2021,1742.77
267,2021,1751.53
268,2021,1730.44
269,2021,1710.75
270,2021,1709.6
271,2021,1687.09
272,2021,1690.83
273,2021,1674.91
274,2021,1662.64
275,2021,1668.52
276,2021,1607.93
277,2021,1579.13
278,2021,1590.94
279,2008,1582.2
280,2021,1566.24
281,2021,1578.17
282,2021,1577.31
283,2021,1596.48
284,2021,1582.72
285,2021,1576.59
286,2021,1577.96
287,2021,1570.8
288,2021,1592.62
289,2021,1606.08
290,1904,1621.74
291,2008,1598.71
292,2008,1576.44
293,2008,1561.82
294,2008,1576.31
295,2008,1547.5
296,2021,1604.28
297,2008,1624.91
298,2003,1612.4
299,2003,1637.04
Population size,100
Crossover rate,0.66
Mutation rate,0.34
Random selection portion,0.03
Selection method,AForge.Genetic.RouletteWheelSelection
Diversity check,True
Iteration,FitnessMax,FitnessAvg
0,1525,1051.93
1,1558,1103.9
2,1529,1162.71
3,1660,1214.79
4,1611,1238.68
5,1683,1218.84
6,1899,1283.52
7,1899,1297.32
8,1899,1343.74
9,1899,1367.98
10,1899,1412.07
11,1899,1439.71
12,1899,1464.68
13,1913,1511.59
14,1913,1534.04
15,2003,1573.37
16,2016,1559.06
17,2003,1581.25
18,2016,1600.57
19,2003,1576.28
20,2003,1571.67
21,2003,1577.44
22,2003,1582.08
23,2003,1573.31
24,2003,1554.15
25,2003,1571.6
26,1899,1566.08
27,1918,1542.34
28,1899,1530.29
29,1899,1510.78
30,1913,1531.48
31,1899,1543.87
32,1899,1517.87
33,1899,1536.99
34,1913,1540.14
35,1876,1512.83
36,2016,1544.45
37,2016,1530.42
38,2016,1548.41
39,2003,1548.03
40,2003,1533.82
41,2021,1566.71
42,2021,1589.46
43,2016,1616.73
44,1904,1615.55
45,1904,1589.47
46,2003,1604.99
47,2003,1641.75
48,2016,1626.04
49,2016,1613.19
50,2016,1647.46
51,2016,1618.94
52,2016,1585.45
53,2016,1642.69
54,2016,1666.08
55,2021,1663.63
56,2016,1658.64
57,2021,1659.28
58,2008,1662.14
59,2008,1713.41
60,2008,1749.36
61,2016,1699.16
62,2008,1704.23
63,2016,1705.88
64,2016,1725.35
65,2016,1773.45
66,2021,1771.56
67,2021,1775.94
68,2021,1792.82
69,2021,1738.76
70,2021,1706.1
71,2021,1696.49
72,2021,1753.69
73,2021,1728.32
74,2021,1727.54
75,2021,1726.12
76,2021,1699.74
77,2021,1722.04
78,2021,1721.24
79,2021,1714.78
80,2016,1729.81
81,2021,1705.12
82,2016,1725.99
83,2021,1685.51
84,2021,1658.93
85,2021,1681.54
86,2008,1685.05
87,2008,1655.39
88,2008,1692.48
89,2008,1677.47
90,2008,1681.23
91,2008,1661.45
92,2008,1676.89
93,2016,1678.96
94,2016,1684.72
95,2016,1709.1
96,2016,1737.08
97,2021,1786.68
98,2008,1761.62
99,2016,1739.19
100,2008,1719.49
101,2008,1667.44
102,2016,1682.67
103,2016,1692.04
104,2008,1689.34
105,2021,1649.17
106,2021,1627.43
107,2021,1610.15
108,2021,1583
109,2021,1542.48
110,1889,1552.61
111,2021,1571.04
112,2021,1581.95
113,2021,1574.51
114,2021,1524.09
115,2008,1519.84
116,2016,1554.73
117,2021,1575.58
118,2021,1555.23
119,2021,1552.45
120,2021,1569.95
121,2021,1539.35
122,2016,1559.14
123,2021,1606.65
124,2021,1607.52
125,2021,1675.94
126,2021,1673.68
127,2021,1662.11
128,2021,1674.92
129,2008,1693.71
130,2008,1686.49
131,2008,1616.45
132,2008,1649.63
133,2008,1645.98
134,2008,1619.7
135,2008,1627.43
136,2021,1665.85
137,2021,1652.94
138,2021,1667.55
139,2016,1648.36
140,2008,1653.05
141,2008,1652.84
142,2021,1715.04
143,2021,1708.17
144,2021,1708.47
145,2021,1715.46
146,2021,1747.7
147,2021,1753.77
148,2021,1774.42
149,2021,1790.89
150,2021,1753.41
151,2021,1716.75
152,2021,1769.05
153,2021,1744.52
154,2021,1736.37
155,2021,1741.86
156,2021,1742.56
157,2021,1767.31
158,2021,1762.71
159,2021,1744.67
160,2021,1703.94
161,2021,1657.01
162,2021,1625.79
163,2021,1633.65
164,2021,1629.51
165,2021,1615.4
166,2021,1693.25
167,2021,1725.8
168,2021,1726.42
169,2021,1736.7
170,2021,1761
171,2021,1747.72
172,2021,1789.41
173,2021,1736.96
174,2008,1711.4
175,2021,1713.47
176,2021,1721.67
177,2021,1696.54
178,2021,1709.75
179,2008,1701.09
180,2021,1679.83
181,2021,1674.46
182,2008,1687.06
183,2021,1695.03
184,2021,1737.42
185,2021,1756.77
186,2021,1747.08
187,2021,1727.21
188,2021,1721.98
189,2021,1721.15
190,2021,1716.43
191,2021,1721.94
192,2021,1743.46
193,2016,1690.79
194,2008,1683.3
195,2021,1692.52
196,2021,1679.61
197,2021,1664.15
198,2021,1689.12
199,2021,1749.85
200,2021,1732.29
201,2021,1737.13
202,2021,1743.13
203,2021,1788.08
204,2021,1804.5
205,2021,1776.24
206,2021,1746.2
207,2021,1785.73
208,2021,1738.83
209,2021,1749.99
210,2021,1749.57
211,2021,1742.85
212,2021,1759.1
213,2021,1708.55
214,2021,1709.36
215,2021,1660.12
216,2021,1682.15
217,2021,1688.62
218,2021,1675.77
219,2021,1637.15
220,2021,1633.73
221,2021,1660.08
222,2021,1675.27
223,2021,1662.29
224,2021,1683.67
225,2021,1687.4
226,2021,1714.5
227,2021,1728.32
228,2021,1768.66
229,2021,1779.96
230,2021,1740.82
231,2021,1703.78
232,2021,1744.11
233,2021,1743.16
234,2021,1724.92
235,2021,1723.25
236,2021,1706.29
237,2021,1670.64
238,2021,1720.23
239,2021,1693.7
240,2021,1721
241,2021,1720.87
242,2021,1736.37
243,2021,1685.65
244,2021,1722.31
245,2021,1733.69
246,2021,1789.42
247,2021,1773.8
248,2021,1734.13
249,2021,1731.82
250,2021,1714.28
251,2021,1708.42
252,2021,1681.81
253,2021,1663.55
254,2021,1695.67
255,2021,1683.25
256,2021,1726.36
257,2021,1687.66
258,2021,1712.12
259,2021,1682.7
260,2021,1702.8
261,2021,1714.53
262,2021,1700.66
263,2021,1716.98
264,2021,1697.26
265,2021,1692.75
266,2021,1706.36
267,2021,1702.9
268,2021,1646.32
269,2021,1674.5
270,2016,1688.31
271,2021,1702.5
272,2021,1694.02
273,2021,1694.21
274,2021,1687.15
275,2016,1720.68
276,2021,1744.35
277,2021,1725.52
278,2021,1740.32
279,2016,1723.49
280,2016,1711.92
281,2021,1705.24
282,2021,1696.74
283,2021,1691.64
284,2021,1706.68
285,2021,1717.57
286,2021,1735.03
287,2021,1708.41
288,2021,1737.86
289,2021,1735.01
290,2016,1715.89
291,2021,1774.77
292,2021,1766.87
293,2021,1773.57
294,2021,1737.55
295,2021,1745.54
296,2021,1739.21
297,2021,1706.23
298,2021,1740.56
299,2021,1728.85
Population size,100
Crossover rate,0.51
Mutation rate,0.79
Random selection portion,0.03
Selection method,AForge.Genetic.RankSelection
Diversity check,True
Iteration,FitnessMax,FitnessAvg
0,1747,1174.58
1,1747,1264.51
2,1876,1330.17
3,1876,1396.31
4,1889,1481.61
5,1898,1558.83
6,1898,1611.96
7,2008,1658.76
8,1889,1689.04
9,2021,1720.16
10,2021,1755.52
11,2021,1805.71
12,2021,1823.73
13,2021,1844.02
14,2021,1866.36
15,2021,1885.65
16,2021,1891.24
17,2021,1923.06
18,2021,1923.01
19,2021,1940.39
20,2021,1945.85
21,2021,1927.88
22,2021,1926.37
23,2021,1951.56
24,2021,1950.9
25,2021,1966.89
26,2021,1244
27,1898,1357.31
28,1761,1399.81
29,1826,1451.84
30,1826,1513.79
31,1827,1554.55
32,1904,1620.61
33,1918,1687.35
34,1918,1689.42
35,2016,1749.03
36,2003,1784.97
37,2008,1780.47
38,2021,1819.68
39,2021,1829.65
40,2021,1876.45
41,2021,1890.25
42,2021,1903.82
43,2021,1913.04
44,2021,1937.45
45,2021,1949.53
46,2021,1944.83
47,2021,1937.09
48,2021,1932.98
49,2021,1970.37
50,1703,1133.48
51,1715,1253.88
52,1898,1356.7
53,1898,1444.91
54,1898,1524.39
55,2021,1591.24
56,2021,1683.33
57,2021,1705.59
58,2021,1746.65
59,2021,1747.26
60,2021,1793.09
61,2021,1857.59
62,2021,1869.07
63,2021,1912.6
64,2021,1942.63
65,2021,1943.98
66,2021,1966.33
67,2021,1228.02
68,2021,1384.6
69,2021,1468.74
70,2021,1567.19
71,2021,1623.96
72,2016,1653.36
73,2016,1677.78
74,2021,1709.06
75,2021,1736.98
76,2021,1736.76
77,2021,1787.31
78,2021,1813.51
79,2021,1857.76
80,2021,1882.12
81,2021,1909.08
82,2021,1894.03
83,2021,1921.39
84,2021,1924.73
85,2021,1911.33
86,2021,1932.55
87,2021,1924.39
88,2021,1932.24
89,2021,1947.7
90,2021,1959.05
91,2021,1963.33
92,2021,1139.86
93,1675,1187.03
94,1675,1299.13
95,1675,1368.49
96,1811,1434.36
97,1813,1520.74
98,1860,1571.57
99,1846,1599.23
100,1846,1626.34
101,1865,1656.07
102,2021,1700.47
103,2021,1746.86
104,2021,1748.75
105,2021,1785.97
106,2021,1837.87
107,2021,1847.64
108,2021,1854.26
109,2021,1881.93
110,2021,1915.19
111,2021,1944.45
112,2021,1940.97
113,2021,1960.86
114,2021,1161.97
115,2021,1327.67
116,2021,1452.55
117,2021,1564.67
118,2021,1681.33
119,2021,1737.96
120,2021,1793.51
121,2021,1847.29
122,2021,1860.62
123,2021,1854.69
124,2021,1898.14
125,2021,1917.59
126,2021,1936.08
127,2021,1938.86
128,2021,1952.14
129,2021,1954.99
130,2021,1934.62
131,2021,1933.62
132,2021,1944.06
133,2021,1959.33
134,2021,1970.72
135,1651,1155.37
136,1585,1235.23
137,1822,1335.41
138,1822,1435.16
139,2016,1506.79
140,2016,1597.92
141,2016,1618.63
142,2016,1696.93
143,2016,1743.73
144,2016,1778.2
145,2016,1812.96
146,2021,1848.77
147,2021,1884.26
148,2021,1902.97
149,2021,1933.49
150,2021,1921.82
151,2021,1937.98
152,2021,1944.35
153,2021,1947.49
154,2021,1923.85
155,2021,1917.5
156,2021,1928.93
157,2021,1949.69
158,2021,1963.66
159,2021,1198.19
160,1917,1296.31
161,1770,1393.45
162,1741,1448.17
163,1729,1470.88
164,1869,1516.27
165,1869,1569.07
166,2016,1627.53
167,2021,1691.45
168,2021,1730.23
169,2021,1776.78
170,2021,1802.03
171,2021,1838.43
172,2021,1873.68
173,2021,1900.21
174,2021,1918.13
175,2021,1930.09
176,2021,1922.23
177,2021,1936.53
178,2021,1944.66
179,2021,1930.11
180,2021,1935.04
181,2021,1954.04
182,2021,1929.3
183,2021,1944.97
184,2021,1951.92
185,2021,1937.08
186,2021,1947.27
187,2021,1946.91
188,2021,1960.89
189,2021,1204.11
190,2008,1374.5
191,2008,1468.3
192,2008,1606.36
193,2008,1648.3
194,2016,1687.59
195,2008,1706.51
196,2021,1754.01
197,2016,1770.2
198,2008,1825.62
199,2008,1863.74
200,2008,1862.14
201,2016,1871.88
202,2016,1896.35
203,2016,1917.28
204,2021,1934.35
205,2021,1940.75
206,2021,1945.3
207,2021,1934.67
208,2021,1952.47
209,2021,1937.29
210,2021,1939.67
211,2021,1957.29
212,2021,1941.91
213,2021,1961.86
214,2021,1219.68
215,1898,1377.2
216,1898,1501.22
217,2021,1577.34
218,2021,1599.28
219,2021,1660.64
220,2021,1724.77
221,2021,1756.26
222,2021,1794.54
223,2021,1810.45
224,2021,1815.29
225,2021,1852.67
226,2021,1889.26
227,2021,1912.59
228,2021,1938.72
229,2021,1962.23
230,2021,1212.71
231,2021,1336.55
232,2021,1402.4
233,2021,1450.14
234,2021,1511.22
235,2021,1564.98
236,2021,1596.83
237,2021,1668.53
238,2021,1743.85
239,2021,1761.36
240,2021,1812.1
241,2021,1823.73
242,2021,1871.79
243,2021,1911.8
244,2021,1919.79
245,2021,1928.62
246,2021,1924.41
247,2021,1950.93
248,2021,1948.69
249,2021,1969.04
250,2021,1203.21
251,1751,1276.31
252,1751,1362.23
253,1751,1448.09
254,1751,1485.73
255,1860,1563.34
256,1898,1617.1
257,2016,1681.08
258,2016,1730.37
259,2021,1773.68
260,2021,1780.58
261,2021,1798.27
262,2021,1785.32
263,2021,1797.73
264,2021,1810.54
265,2021,1852.12
266,2021,1864.36
267,2021,1918.66
268,2021,1917.71
269,2021,1907.43
270,2021,1928.19
271,2021,1934.36
272,2021,1938.99
273,2021,1946.48
274,2021,1932.91
275,2021,1950.09
276,2021,1946.12
277,2021,1937.4
278,2021,1931.4
279,2021,1927.04
280,2021,1943.17
281,2021,1930.23
282,2021,1935.04
283,2021,1951.47
284,2021,1953.44
285,2021,1968.83
286,1629,1201.6
287,1648,1352.84
288,1678,1413.57
289,1859,1508.9
290,1864,1575.49
291,2021,1648.59
292,2021,1689.42
293,2021,1715.32
294,2016,1729.29
295,2021,1768.95
296,2021,1796.7
297,2021,1837.13
298,2021,1885
299,2021,1887.25
Population size,100
Crossover rate,0.51
Mutation rate,0.79
Random selection portion,0.03
Selection method,AForge.Genetic.RankSelection
Diversity check,False
Iteration,FitnessMax,FitnessAvg
0,1718,1235.13
1,1722,1355.49
2,1856,1431.94
3,1833,1488.97
4,1917,1508.73
5,2021,1586.05
6,2021,1608.03
7,2021,1676.7
8,2021,1708.31
9,2021,1769.9
10,2021,1786.83
11,2021,1815.68
12,2021,1822.04
13,2021,1848.56
14,2021,1889.21
15,2021,1891.37
16,2021,1887.98
17,2021,1903.44
18,2021,1924.59
19,2021,1929.55
20,2021,1955.73
21,2021,1957.01
22,2021,1944.16
23,2021,1939.87
24,2021,1942.32
25,2021,1949.17
26,2021,1938.06
27,2021,1951.03
28,2021,1942.8
29,2021,1947.22
30,2021,1930.01
31,2021,1951.25
32,2021,1922.89
33,2021,1956.35
34,2021,1966.23
35,2021,1953.83
36,2021,1947.34
37,2021,1954.64
38,2021,1945.22
39,2021,1948.71
40,2021,1941.44
41,2021,1945.4
42,2021,1933.73
43,2021,1923.4
44,2021,1947.8
45,2021,1939.04
46,2021,1949.53
47,2021,1959.81
48,2021,1957.99
49,2021,1962.66
50,2021,1946.88
51,2021,1966.85
52,2021,1973.63
53,2021,1962.47
54,2021,1962.08
55,2021,1973.67
56,2021,1945.05
57,2021,1936.62
58,2021,1942.17
59,2021,1955.59
60,2021,1900.9
61,2021,1940.29
62,2021,1950.95
63,2021,1924.44
64,2021,1953.87
65,2021,1934.53
66,2021,1949.4
67,2021,1952.76
68,2021,1937.43
69,2021,1967.31
70,2021,1963.66
71,2021,1941.51
72,2021,1941.55
73,2021,1925.63
74,2021,1909.74
75,2021,1959.25
76,2021,1944.4
77,2021,1934.78
78,2021,1948.28
79,2021,1921.81
80,2021,1941.14
81,2021,1932.54
82,2021,1916.05
83,2021,1942.57
84,2021,1901.05
85,2021,1924.65
86,2021,1954.7
87,2021,1952.89
88,2021,1966.01
89,2021,1968.56
90,2021,1955.52
91,2021,1957.41
92,2021,1956.2
93,2021,1964.92
94,2021,1966.45
95,2021,1946.24
96,2021,1948.48
97,2021,1952.23
98,2021,1954.8
99,2021,1932.18
100,2021,1949.17
101,2021,1953.22
102,2021,1935.45
103,2021,1959.13
104,2021,1960.72
105,2021,1963.54
106,2021,1967.95
107,2021,1954.58
108,2021,1957.49
109,2021,1957.6
110,2021,1954.44
111,2021,1962.5
112,2021,1960.06
113,2021,1959.26
114,2021,1956.64
115,2021,1946.51
116,2021,1958.93
117,2021,1956.81
118,2021,1944.54
119,2021,1950.16
120,2021,1950.27
121,2021,1958.2
122,2021,1969.78
123,2021,1939.72
124,2021,1953.06
125,2021,1953.95
126,2021,1966.32
127,2021,1932.95
128,2021,1962.71
129,2021,1963.53
130,2021,1956.84
131,2021,1954.94
132,2021,1969.05
133,2021,1959.9
134,2021,1971.43
135,2021,1978.87
136,2021,1936.67
137,2021,1968.15
138,2021,1952.19
139,2021,1976.24
140,2021,1956.87
141,2021,1979.27
142,2021,1977.68
143,2021,1968.51
144,2021,1960.47
145,2021,1940.76
146,2021,1954.22
147,2021,1946.9
148,2021,1932.64
149,2021,1958.01
150,2021,1959.62
151,2021,1948.44
152,2021,1939.62
153,2021,1955.62
154,2021,1952.17
155,2021,1925.45
156,2021,1949.29
157,2021,1949.12
158,2021,1953.51
159,2021,1967.77
160,2021,1964.09
161,2021,1958.75
162,2021,1935.01
163,2021,1961.78
164,2021,1971.37
165,2021,1942.81
166,2021,1952.28
167,2021,1948.17
168,2021,1943.36
169,2021,1935.57
170,2021,1947.59
171,2021,1963.3
172,2021,1973.46
173,2021,1971.7
174,2021,1968.19
175,2021,1961.75
176,2021,1958.55
177,2021,1957.73
178,2021,1973.39
179,2021,1947.31
180,2021,1945.42
181,2021,1952.32
182,2021,1962.44
183,2021,1963.19
184,2021,1956.3
185,2021,1974.27
186,2021,1939.19
187,2021,1947.13
188,2021,1944.45
189,2021,1941.27
190,2021,1954.88
191,2021,1947.58
192,2021,1944.45
193,2021,1949.08
194,2021,1952.23
195,2021,1947.86
196,2021,1952.25
197,2021,1957.31
198,2021,1950.25
199,2021,1958.01
200,2021,1937.12
201,2021,1952.01
202,2021,1951.6
203,2021,1962.89
204,2021,1954.87
205,2021,1973.79
206,2021,1966.2
207,2021,1962.63
208,2021,1959.45
209,2021,1953.05
210,2021,1953.31
211,2021,1953.77
212,2021,1940.61
213,2021,1963.29
214,2021,1932.96
215,2021,1956.05
216,2021,1956.97
217,2021,1949.12
218,2021,1940.48
219,2021,1955.07
220,2021,1960.66
221,2021,1945.96
222,2021,1949.62
223,2021,1954.11
224,2021,1937.79
225,2021,1967.52
226,2021,1955.95
227,2021,1956.19
228,2021,1955.68
229,2021,1957.35
230,2021,1949.95
231,2021,1955.03
232,2021,1942.67
233,2021,1944.34
234,2021,1955.72
235,2021,1944.17
236,2021,1926.72
237,2021,1946.33
238,2021,1959.05
239,2021,1959.42
240,2021,1967.99
241,2021,1960.98
242,2021,1953.58
243,2021,1957.06
244,2021,1958.82
245,2021,1967.01
246,2021,1968.16
247,2021,1963.35
248,2021,1957.29
249,2021,1950.43
250,2021,1943.94
251,2021,1947.3
252,2021,1943.67
253,2021,1940.88
254,2021,1949.53
255,2021,1957.13
256,2021,1962.65
257,2021,1971.27
258,2021,1967
259,2021,1965.11
260,2021,1943.17
261,2021,1953.4
262,2021,1953.51
263,2021,1961.13
264,2021,1968.44
265,2021,1963.86
266,2021,1958.09
267,2021,1904.37
268,2021,1938.97
269,2021,1936.1
270,2021,1963.3
271,2021,1966.09
272,2021,1957.41
273,2021,1957.98
274,2021,1958.77
275,2021,1946.52
276,2021,1964.34
277,2021,1959.88
278,2021,1921.52
279,2021,1952.54
280,2021,1944.15
281,2021,1958.1
282,2021,1945.02
283,2021,1961.42
284,2021,1959.83
285,2021,1968.81
286,2021,1958.42
287,2021,1957.6
288,2021,1949.86
289,2021,1958.65
290,2021,1965.32
291,2021,1961.9
292,2021,1946.19
293,2021,1940.44
294,2021,1946.66
295,2021,1949.81
296,2021,1953.96
297,2021,1960.33
298,2021,1968.6
299,2021,1954.73
Population size,100
Crossover rate,0.22
Mutation rate,0.87
Random selection portion,0.03
Selection method,AForge.Genetic.EliteSelection
Diversity check,False
Iteration,FitnessMax,FitnessAvg
0,1780,1279.97
1,1797,1438.8
2,2003,1580.95
3,2003,1655.12
4,2016,1718.16
5,2016,1780.39
6,2021,1827.95
7,2021,1878.64
8,2021,1909.36
9,2021,1940.63
10,2021,1964.2
11,2021,1983.66
12,2021,1984.32
13,2021,1985.23
14,2021,1982.39
15,2021,1998.12
16,2021,1992.48
17,2021,1997.63
18,2021,1999.33
19,2021,1987.85
20,2021,1990.92
21,2021,1999.61
22,2021,1992.7
23,2021,1994.45
24,2021,1990.79
25,2021,1984.37
26,2021,1986
27,2021,1998.36
28,2021,1995.26
29,2021,1987.37
30,2021,1985.6
31,2021,1987.97
32,2021,1988.23
33,2021,1993.63
34,2021,1980.79
35,2021,1992.94
36,2021,1985.24
37,2021,1992.16
38,2021,1995.78
39,2021,1989.29
40,2021,1992.49
41,2021,1988.61
42,2021,1990.33
43,2021,1984.92
44,2021,1992.26
45,2021,1992.05
46,2021,1985.53
47,2021,1997.27
48,2021,1992.52
49,2021,1986.79
50,2021,1988.25
51,2021,1986.08
52,2021,1999.12
53,2021,1985.9
54,2021,1994.88
55,2021,1993.99
56,2021,1990.8
57,2021,1991.7
58,2021,1991.76
59,2021,2000.47
60,2021,1990.53
61,2021,1996.94
62,2021,1996.53
63,2021,1988.65
64,2021,1988.13
65,2021,1986.56
66,2021,1998.91
67,2021,1989.75
68,2021,1991.51
69,2021,1990.46
70,2021,1989.42
71,2021,1991.1
72,2021,1990.88
73,2021,1984.63
74,2021,1994.85
75,2021,1998.82
76,2021,1993.48
77,2021,1991.52
78,2021,1991.23
79,2021,1992.37
80,2021,1986.71
81,2021,1991.99
82,2021,1995.46
83,2021,1985.07
84,2021,1995.46
85,2021,1993.86
86,2021,1991.64
87,2021,1991.68
88,2021,1989.19
89,2021,1992.84
90,2021,1991.28
91,2021,1980.52
92,2021,1989.95
93,2021,1994.76
94,2021,1988.63
95,2021,1987.15
96,2021,1985.43
97,2021,1996.99
98,2021,1993.16
99,2021,1994.06
100,2021,1995.94
101,2021,1987.57
102,2021,1980.68
103,2021,1996.22
104,2021,1990.51
105,2021,1989.76
106,2021,1988.79
107,2021,1991.96
108,2021,1986.3
109,2021,1995.13
110,2021,1998.45
111,2021,1980.74
112,2021,1994.48
113,2021,1978.49
114,2021,1993.85
115,2021,1989.82
116,2021,1995.62
117,2021,1990.41
118,2021,1991.63
119,2021,1993.27
120,2021,1994.62
121,2021,1985.32
122,2021,1988.51
123,2021,1984.68
124,2021,1993.51
125,2021,1992.94
126,2021,1993.61
127,2021,1995.87
128,2021,1990.72
129,2021,1979.74
130,2021,1997
131,2021,1986.01
132,2021,1988.55
133,2021,2003.37
134,2021,1987.13
135,2021,1993.36
136,2021,1992.2
137,2021,1988.52
138,2021,1996.04
139,2021,1979.86
140,2021,1990.66
141,2021,1988.68
142,2021,1992.53
143,2021,1994.58
144,2021,1987.27
145,2021,1985.36
146,2021,1984.12
147,2021,1988.85
148,2021,1984.29
149,2021,1989.57
150,2021,1986.33
151,2021,1989.31
152,2021,1989.21
153,2021,1986.61
154,2021,1983.62
155,2021,1993.56
156,2021,1990.58
157,2021,2000.17
158,2021,1984.84
159,2021,1980.62
160,2021,1991.45
161,2021,1989.55
162,2021,1991.78
163,2021,1991.04
164,2021,1993.37
165,2021,1986.02
166,2021,1984.59
167,2021,1994.66
168,2021,1989.29
169,2021,1991.08
170,2021,1978.23
171,2021,1987.03
172,2021,1989.86
173,2021,1993.76
174,2021,1995.78
175,2021,1993.88
176,2021,2000.97
177,2021,1990.42
178,2021,1984.01
179,2021,1995.74
180,2021,1993.78
181,2021,1992
182,2021,1994.22
183,2021,1991.4
184,2021,1980.79
185,2021,1990.66
186,2021,1984.41
187,2021,2001.33
188,2021,1990.95
189,2021,1983.27
190,2021,1990.43
191,2021,1993.52
192,2021,1991.7
193,2021,1984.98
194,2021,1999.01
195,2021,1986.74
196,2021,1989
197,2021,1999.47
198,2021,1985.7
199,2021,1989.03
200,2021,1979.85
201,2021,1994.02
202,2021,1980.67
203,2021,1983.35
204,2021,1988.5
205,2021,1999.03
206,2021,1986.39
207,2021,1981.75
208,2021,1990.47
209,2021,1989.13
210,2021,1993.37
211,2021,1990.16
212,2021,1991.13
213,2021,1997.51
214,2021,1990.14
215,2021,1982.58
216,2021,1988.05
217,2021,1984.07
218,2021,1997.03
219,2021,1990.96
220,2021,1993.24
221,2021,1989.18
222,2021,1987.81
223,2021,1993.15
224,2021,1995.32
225,2021,1991.92
226,2021,1986.47
227,2021,1981.71
228,2021,1986.61
229,2021,1984.1
230,2021,1997.58
231,2021,1985.95
232,2021,1989.65
233,2021,1988.7
234,2021,1999.12
235,2021,1987.93
236,2021,1998.71
237,2021,1990.46
238,2021,1992.59
239,2021,1986.64
240,2021,1986.95
241,2021,1987.55
242,2021,1995.56
243,2021,2001.17
244,2021,1992.97
245,2021,1991.34
246,2021,2002.49
247,2021,1987.57
248,2021,1993.16
249,2021,1983.58
250,2021,1985.8
251,2021,1994.66
252,2021,1999.37
253,2021,1992.76
254,2021,1992.51
255,2021,1992.79
256,2021,1984.75
257,2021,1986.7
258,2021,1998.74
259,2021,1989.64
260,2021,1990.07
261,2021,1992.12
262,2021,1996.17
263,2021,1990.36
264,2021,1996
265,2021,1987.36
266,2021,1984.68
267,2021,1994.2
268,2021,2001.65
269,2021,1987.39
270,2021,1991.41
271,2021,1989.94
272,2021,2001.18
273,2021,1982.24
274,2021,1989.36
275,2021,1987.66
276,2021,1997.7
277,2021,1989.26
278,2021,1984.1
279,2021,1992.21
280,2021,1990.81
281,2021,1990.35
282,2021,1990.94
283,2021,1985.25
284,2021,1994.58
285,2021,1982.1
286,2021,1990.07
287,2021,1984.21
288,2021,1991.55
289,2021,1995.75
290,2021,2006.07
291,2021,1984.42
292,2021,1989.02
293,2021,1988.51
294,2021,1988.17
295,2021,1994.52
296,2021,1983.74
297,2021,1978.65
298,2021,1987.81
299,2021,1988.91
Population size,100
Crossover rate,0.22
Mutation rate,0.87
Random selection portion,0.03
Selection method,AForge.Genetic.EliteSelection
Diversity check,True
Iteration,FitnessMax,FitnessAvg
0,1574,1275.53
1,1720,1415.72
2,1775,1491.69
3,1824,1564.74
4,1878,1633.68
5,1918,1697.19
6,2021,1760.33
7,2021,1792.99
8,2021,1833.42
9,2021,1872.28
10,2021,1909.45
11,2021,1929.08
12,2021,1954.65
13,2021,1989.17
14,2021,1266.29
15,2021,1415.65
16,2021,1545.74
17,2021,1639.49
18,2021,1733.46
19,2021,1788.44
20,2021,1867.72
21,2021,1910.35
22,2021,1934.82
23,2021,1970.87
24,2021,1262.48
25,2021,1387.85
26,2021,1503.41
27,2021,1614
28,2021,1710.19
29,2021,1763.36
30,2021,1816.53
31,2021,1854.18
32,2021,1897.96
33,2021,1935.74
34,2021,1979.55
35,2021,1268.15
36,2021,1399.77
37,2021,1501.58
38,2021,1595.46
39,2021,1683.26
40,2021,1755.27
41,2021,1814.25
42,2021,1853.16
43,2021,1890.95
44,2021,1929.83
45,2021,1949.15
46,2021,1972.41
47,2021,1267.26
48,2021,1401.38
49,2021,1491.72
50,2021,1573.04
51,2021,1629.58
52,2021,1686.39
53,2021,1742.42
54,2021,1797.24
55,2021,1843.83
56,2021,1876.94
57,2021,1907.14
58,2021,1941.68
59,2021,1959.86
60,2021,1985.81
61,2021,1299.14
62,2021,1475.01
63,2021,1583.03
64,2021,1676.29
65,2021,1750.29
66,2021,1798.17
67,2021,1833.47
68,2021,1866.67
69,2021,1889.57
70,2021,1909.28
71,2021,1941.9
72,2021,1959.61
73,2021,1973.63
74,2021,1261.65
75,2021,1416.28
76,2021,1523.92
77,2021,1610.72
78,2021,1664.63
79,2021,1738.31
80,2021,1789.71
81,2021,1835.25
82,2021,1874.15
83,2021,1900.15
84,2021,1939.83
85,2021,1957.33
86,2021,1975.04
87,2021,1238.23
88,2021,1392.11
89,2021,1512.25
90,2021,1595.17
91,2021,1663.19
92,2021,1731.01
93,2021,1799.8
94,2021,1846.33
95,2021,1879.95
96,2021,1909.34
97,2021,1932.18
98,2021,1943.85
99,2021,1965.65
100,2021,1317.57
101,2021,1439.25
102,2021,1513.86
103,2021,1621.99
104,2021,1681.66
105,2021,1738.52
106,2021,1788.71
107,2021,1856.02
108,2021,1901.77
109,2021,1928.57
110,2021,1959.9
111,2021,1988
112,2021,1243.79
113,2021,1360.69
114,2021,1480.16
115,2021,1560.43
116,2021,1620.11
117,2021,1687.95
118,2021,1755.6
119,2021,1815.53
120,2021,1838.63
121,2021,1870.1
122,2021,1890.64
123,2021,1930.32
124,2021,1942.5
125,2021,1965.39
126,2021,1247.68
127,2021,1404.13
128,2021,1557.64
129,2021,1658.74
130,2021,1737.45
131,2021,1805.9
132,2021,1845.67
133,2021,1884.18
134,2021,1926.98
135,2021,1945.56
136,2021,1963.96
137,2021,1269.67
138,2021,1409.22
139,2021,1507.75
140,2021,1580.4
141,2021,1667.49
142,2021,1750.57
143,2021,1808.09
144,2021,1842.22
145,2021,1868.81
146,2021,1909.35
147,2021,1944.47
148,2021,1967.11
149,2021,1231.45
150,2021,1366.24
151,2021,1478.14
152,2021,1563.07
153,2021,1654.86
154,2021,1748.89
155,2021,1827.62
156,2021,1872.9
157,2021,1922.49
158,2021,1957.85
159,2021,1978.66
160,2021,1254.58
161,2021,1414.58
162,2021,1523.99
163,2021,1604.85
164,2021,1688.74
165,2021,1758.95
166,2021,1839.35
167,2021,1857.53
168,2021,1873.24
169,2021,1914.13
170,2021,1947.41
171,2021,1958.27
172,2021,1979.73
173,2021,1262.72
174,2021,1397.33
175,2021,1493.06
176,2021,1578.54
177,2021,1658.69
178,2021,1710.61
179,2021,1768.51
180,2021,1789.54
181,2021,1816.84
182,2021,1853.77
183,2021,1885.03
184,2021,1919.72
185,2021,1945.36
186,2021,1958.3
187,2021,1977.88
188,2021,1271.58
189,2021,1420.86
190,2021,1555.42
191,2021,1682.72
192,2021,1775.72
193,2021,1819.86
194,2021,1849.78
195,2021,1883.07
196,2021,1897.89
197,2021,1927.21
198,2021,1948.9
199,2021,1974.06
200,2021,1281.06
201,2021,1418.3
202,2021,1533.13
203,2021,1617.49
204,2021,1694.23
205,2021,1760.69
206,2021,1814.34
207,2021,1859.05
208,2021,1906.69
209,2021,1940.57
210,2021,1972.12
211,2021,1259.99
212,2021,1402.89
213,2021,1504.39
214,2021,1594.3
215,2021,1663.27
216,2021,1726
217,2021,1781.75
218,2021,1823.42
219,2021,1853.57
220,2021,1892.81
221,2021,1901.51
222,2021,1922.8
223,2021,1939.44
224,2021,1976.43
225,2021,1232.74
226,2021,1373.85
227,2021,1500.1
228,2021,1593.19
229,2021,1663.21
230,2021,1735.65
231,2021,1790.33
232,2021,1860.92
233,2021,1895.11
234,2021,1933.25
235,2021,1952.37
236,2021,1969.44
237,2021,1266.04
238,2021,1390.51
239,2021,1487.91
240,2021,1563.5
241,2021,1644.98
242,2021,1730
243,2021,1779.09
244,2021,1833.17
245,2021,1863.57
246,2021,1893.84
247,2021,1907.29
248,2021,1952.11
249,2021,1980.15
250,2021,1272.9
251,2021,1403.78
252,2021,1498.84
253,2021,1591.35
254,2021,1672.61
255,2021,1742.61
256,2021,1798.93
257,2021,1858.9
258,2021,1900.66
259,2021,1935.09
260,2021,1947.93
261,2021,1965.19
262,2021,1232.61
263,2021,1370.45
264,2021,1478.46
265,2021,1597.25
266,2021,1682.27
267,2021,1748.08
268,2021,1812.16
269,2021,1851.93
270,2021,1899.93
271,2021,1905.18
272,2021,1950.02
273,2021,1970.1
274,2021,1196.73
275,2021,1318.6
276,2021,1432.62
277,2021,1516.1
278,2021,1613.13
279,2021,1711.38
280,2021,1759.32
281,2021,1809.35
282,2021,1848.67
283,2021,1878.35
284,2021,1901.49
285,2021,1930.13
286,2021,1963.82
287,2021,1278.6
288,2021,1431.15
289,2021,1544.85
290,2021,1618.48
291,2021,1671.96
292,2021,1748.28
293,2021,1802.31
294,2021,1834.42
295,2021,1870.99
296,2021,1909.93
297,2021,1949.74
298,2021,1979.25
299,2021,1235.36
Population size,100
Crossover rate,0.22
Mutation rate,0.87
Random selection portion,0.03
Selection method,AForge.Genetic.EliteSelection
Diversity check,True
Iteration,FitnessMax,FitnessAvg
0,1808,1218.05
1,1808,1359.6
2,1825,1457.78
3,1860,1516
4,1860,1593.2
5,1880,1639.68
6,2008,1705.33
7,2021,1747.75
8,2021,1798.01
9,2021,1833.66
10,2021,1860.7
11,2021,1904.02
12,2021,1927.36
13,2021,1951.7
14,2021,1973.75
15,2021,1313.2
16,2021,1469.06
17,2021,1588.82
18,2021,1655.01
19,2021,1726.2
20,2021,1777.96
21,2021,1814.14
22,2021,1837.19
23,2021,1858.9
24,2021,1895.54
25,2021,1914.42
26,2021,1942.3
27,2021,1964.22
28,2021,1244.51
29,2021,1368.07
30,2021,1476.92
31,2021,1567.64
32,2021,1644.78
33,2021,1736.19
34,2021,1788.45
35,2021,1828.8
36,2021,1880.25
37,2021,1889.59
38,2021,1924.01
39,2021,1933.34
40,2021,1955.22
41,2021,1970.02
42,2021,1241
43,2021,1365.32
44,2021,1479.24
45,2021,1552.77
46,2021,1636.54
47,2021,1693.57
48,2021,1764.9
49,2021,1808.26
Population size,100
Crossover rate,0.22
Mutation rate,0.87
Random selection portion,0.03
Selection method,AForge.Genetic.EliteSelection
Diversity check,True
Iteration,FitnessMax,FitnessAvg
0,1819,1232.99
1,1819,1365.03
2,1819,1482.59
3,1819,1573.03
4,1856,1637.49
5,1904,1670.72
6,2016,1737.56
7,2016,1789.12
8,2016,1841.28
9,2016,1879.11
10,2016,1916.68
11,2021,1932.34
12,2021,1957.23
13,2021,1981.39
14,2021,1238.45
15,2021,1390.24
16,2021,1474.29
17,2021,1564.49
18,2021,1646.78
19,2021,1715.83
20,2021,1783.19
21,2021,1820.8
22,2021,1853.74
23,2021,1905.3
24,2021,1941.35
25,2021,1979.28
26,2021,1329.39
27,2021,1475.73
28,2021,1582.85
29,2021,1660.99
