Population size,100
Crossover rate,0.66
Mutation rate,0.34
Random selection portion,0.03
Selection method,AForge.Genetic.RouletteWheelSelection
Diversity check,False
Iteration,FitnessMax,FitnessAvg
0,2146,1449.89
1,2146,1512.59
2,2146,1609.3
3,2147,1654.96
4,2147,1651.35
5,2147,1669.56
6,2189,1674.72
7,2253,1693.9
8,2253,1791.9
9,2330,1825.33
10,2380,1842.2
11,2416,1851.07
12,2416,1843.64
13,2416,1864.92
14,2348,1786.25
15,2351,1785.5
16,2351,1779.21
17,2351,1792.71
18,2252,1826.71
19,2252,1830.84
20,2252,1870.68
21,2345,1931.84
22,2345,1918.53
23,2462,1935.17
24,2327,1948.07
25,2327,1912.41
26,2341,1902.3
27,2380,1968.7
28,2565,1964.5
29,2508,1969.09
30,2433,2053.63
31,2356,1996.84
32,2433,2052.04
33,2483,2042.25
34,2483,2043.5
35,2483,2071.34
36,2435,2044.9
37,2399,2046.92
38,2399,2005.73
39,2515,1950.96
40,2565,2000.03
41,2399,1927.61
42,2399,1946.81
43,2472,1961.44
44,2472,1978.67
45,2525,1971.13
46,2525,1994.85
47,2485,1947.85
48,2529,1932.01
49,2529,2003.09
50,2529,2071.93
51,2529,2035.1
52,2529,2129
53,2529,2130.88
54,2551,2095.4
55,2551,2147.02
56,2551,2143.34
57,2501,2093.3
58,2523,2072.59
59,2523,2092.4
60,2485,2058.6
61,2533,2060.92
62,2533,2037.29
63,2533,2078.77
64,2533,2062.25
65,2533,2075.77
66,2533,2059.2
67,2533,2039.74
68,2523,2031.44
69,2523,1996.08
70,2521,2040.45
71,2516,2029.23
72,2516,2012.29
73,2516,1993.95
74,2473,2049.17
75,2473,2005.18
76,2473,2007.44
77,2449,2035.79
78,2551,2054.07
79,2565,2040.24
80,2565,2073.39
81,2565,2128.44
82,2565,2092.75
83,2565,2086.15
84,2565,2008.02
85,2565,2046.19
86,2551,2053.97
87,2521,2079.4
88,2517,2094.24
89,2517,2069.54
90,2565,2083.38
91,2565,2099.39
92,2517,2158.23
93,2517,2147.65
94,2517,2144.38
95,2533,2143.24
96,2517,2129.09
97,2517,2170.28
98,2517,2158.66
99,2518,2203.08
100,2518,2161.66
101,2518,2154.14
102,2530,2190.14
103,2514,2202.47
104,2517,2247.17
105,2501,2179.03
106,2517,2190.63
107,2523,2190.08
108,2523,2228.55
109,2517,2232.06
110,2502,2255.65
111,2517,2250.77
112,2517,2284.65
113,2502,2254.97
114,2515,2253.52
115,2517,2212.93
116,2502,2216.22
117,2502,2237.15
118,2502,2227.94
119,2497,2199.78
120,2515,2171.97
121,2515,2154.74
122,2517,2161.83
123,2517,2179.45
124,2530,2167.15
125,2565,2168.31
126,2530,2197.75
127,2530,2196.37
128,2530,2224.27
129,2530,2281.43
130,2517,2244.24
131,2530,2238.13
132,2565,2211.13
133,2533,2245.45
134,2565,2240
135,2565,2218.85
136,2565,2267.73
137,2565,2227.69
138,2565,2231.95
139,2565,2235.46
140,2565,2172.4
141,2565,2194.08
142,2565,2193.07
143,2565,2252.4
144,2565,2241.41
145,2565,2200.61
146,2565,2214.58
147,2565,2199.24
148,2565,2213.1
149,2565,2211.29
150,2565,2202.38
151,2617,2236.18
152,2584,2230.57
153,2565,2238.34
154,2565,2218.07
155,2565,2245.06
156,2565,2250.9
157,2565,2230.26
158,2565,2255.66
159,2565,2193.73
160,2565,2251.98
161,2565,2215.95
162,2580,2243.59
163,2565,2273.63
164,2565,2235.2
165,2565,2239.24
166,2565,2252.86
167,2565,2231.34
168,2565,2265.89
169,2565,2270.88
170,2565,2262.43
171,2565,2266.6
172,2565,2258.03
173,2565,2220.49
174,2565,2222.32
175,2565,2254.56
176,2565,2266.75
177,2565,2251.43
178,2565,2300.01
179,2565,2234.08
180,2565,2254.88
181,2565,2249.8
182,2565,2262.52
183,2565,2249.45
184,2565,2255.96
185,2565,2194.55
186,2565,2269.11
187,2565,2186.37
188,2565,2180.29
189,2533,2123.56
190,2533,2153.88
191,2565,2160.04
192,2565,2182.33
193,2480,2230.15
194,2480,2183.24
195,2518,2133.22
196,2533,2145.41
197,2565,2180.15
198,2565,2178.71
199,2565,2156.52
200,2565,2153.15
201,2565,2180.38
202,2533,2187.8
203,2533,2231.23
204,2533,2158.56
205,2556,2140.06
206,2533,2141.76
207,2533,2097.66
208,2575,2147.42
209,2550,2104.06
210,2533,2075.64
211,2533,2121.45
212,2533,2172.42
213,2533,2130.34
214,2533,2173.5
215,2533,2121.93
216,2533,2121.52
217,2533,2142.84
218,2533,2142.3
219,2533,2154
220,2533,2163.93
221,2533,2097.25
222,2533,2073.54
223,2540,2095.25
224,2533,2038.84
225,2565,2026.89
226,2565,2059.72
227,2565,2078.64
228,2533,2101.82
229,2511,2103.56
230,2511,2111.76
231,2511,2160.15
232,2533,2141.77
233,2533,2133.81
234,2506,2116.1
235,2511,2135.84
236,2506,2105.18
237,2511,2096.9
238,2511,2088.76
239,2474,2143.29
240,2540,2074.22
241,2540,2081.04
242,2540,2068.91
243,2655,2066.91
244,2655,2068.78
245,2605,2114.9
246,2605,2101.8
247,2605,2155.56
248,2605,2162.39
249,2655,2169.9
250,2533,2155.36
251,2519,2203
252,2556,2167.32
253,2655,2140.93
254,2550,2194.15
255,2655,2150.92
256,2565,2184.35
257,2550,2149.81
258,2565,2152.77
259,2534,2087.65
260,2515,2064.85
261,2518,2121.38
262,2534,2085.24
263,2534,2070.83
264,2534,2062.64
265,2534,2050.81
266,2556,2092.27
267,2556,2117.04
268,2556,2123.62
269,2556,2151.01
270,2556,2179.97
271,2534,2129.74
272,2563,2106.6
273,2563,2119.76
274,2563,2081
275,2534,2095.79
276,2563,2070.71
277,2563,2082.33
278,2563,2103.06
279,2563,2054.2
280,2496,2083.7
281,2483,2055.63
282,2454,2064.62
283,2483,2056.81
284,2483,2071.52
285,2518,2089.97
286,2518,2072.45
287,2584,2096.23
288,2453,2062.86
289,2453,2076.07
290,2487,2035.77
291,2496,2033.49
292,2487,2103.17
293,2525,2125.55
294,2525,2075.9
295,2562,2070.26
296,2525,2075.33
297,2525,2101.59
298,2525,2094.25
299,2562,2070.13
Population size,100
Crossover rate,0.66
Mutation rate,0.34
Random selection portion,0.03
Selection method,AForge.Genetic.RouletteWheelSelection
Diversity check,True
Iteration,FitnessMax,FitnessAvg
0,2209,1455.57
1,2209,1457.39
2,2209,1469.73
3,2084,1554.6
4,2084,1637.63
5,2084,1615.4
6,2161,1658.71
7,2257,1688.99
8,2257,1682.68
9,2305,1704.11
10,2305,1720.18
11,2305,1706.15
12,2305,1756.26
13,2411,1776.32
14,2411,1821.75
15,2411,1819.39
16,2305,1897.11
17,2305,1911.82
18,2343,1888.13
19,2343,1931.93
20,2343,1893.94
21,2343,1939.48
22,2343,1979.33
23,2334,1931.44
24,2327,1909.02
25,2305,1898.98
26,2305,1886.3
27,2305,1940.09
28,2334,1930.88
29,2334,1964.9
30,2351,1949.91
31,2351,1943.15
32,2351,1930.36
33,2351,1928.65
34,2351,1963.01
35,2351,1907.71
36,2351,1964.9
37,2351,1937.95
38,2351,1898.43
39,2351,1908.9
40,2305,1950.07
41,2411,1907.31
42,2333,1932.26
43,2333,1936.83
44,2333,1972.93
45,2362,1967.02
46,2362,1957.02
47,2333,1924.93
48,2333,1930.64
49,2333,1941.07
50,2333,1898.48
51,2333,1952.96
52,2333,1931.17
53,2337,1896.43
54,2435,1970.48
55,2435,1959.24
56,2540,1974.18
57,2540,2013.81
58,2540,1988.9
59,2540,1985.13
60,2477,2014.68
61,2477,2028.85
62,2472,2062.72
63,2474,2046.95
64,2650,2063.81
65,2472,2087.31
66,2477,2085.96
67,2477,2089.2
68,2525,2051.15
69,2540,2115.31
70,2496,2123.21
71,2496,2123.63
72,2582,2108.68
73,2572,2123.86
74,2572,2149.54
75,2572,2134.72
76,2572,2137.05
77,2572,2122.85
78,2477,2107.42
79,2572,2084.54
80,2525,2077.59
81,2525,2155.23
82,2525,2145.37
83,2525,2088.91
84,2528,2148.59
85,2528,2133.72
86,2540,2173.12
87,2557,2194.12
88,2557,2180.24
89,2572,2199.62
90,2572,2185.71
91,2572,2138.24
92,2528,2153.31
93,2557,2134.81
94,2650,2170.72
95,2557,2160.02
96,2557,2211.27
97,2528,2182.7
98,2557,2221.37
99,2572,2232.41
100,2557,2206.52
101,2572,2194.55
102,2540,2157.26
103,2540,2142.61
104,2560,2127.31
105,2650,2136.72
106,2650,2121.1
107,2650,2147.48
108,2650,2186.88
109,2557,2163.63
110,2557,2142.43
111,2557,2147.15
112,2557,2121.41
113,2557,2160.99
114,2527,2175.03
115,2650,2155.83
116,2527,2151.63
117,2527,2133.13
118,2487,2140.98
119,2500,2135.61
120,2527,2151.8
121,2527,2128.5
122,2527,2087.11
123,2472,2017.07
124,2472,2047.03
125,2472,2090.63
126,2481,2112.4
127,2481,2093.2
128,2564,2140.62
129,2481,2109.32
130,2557,2161.27
131,2557,2122.79
132,2478,2093.11
133,2478,2147.36
134,2557,2139.74
135,2504,2135.3
136,2478,2151.85
137,2557,2127.23
138,2557,2128.65
139,2572,2090.8
140,2572,2091.79
141,2524,2075.3
142,2524,2097.94
143,2498,2028.06
144,2563,2106.5
145,2572,2159.73
146,2563,2163.62
147,2563,2208.77
148,2563,2258.38
149,2563,2251.29
150,2563,2192.44
151,2525,2169.11
152,2563,2237.8
153,2525,2220.42
154,2655,2240.15
155,2655,2273.9
156,2591,2220.4
157,2655,2193.73
158,2655,2249.57
159,2655,2254.98
160,2655,2214.15
161,2655,2239.57
162,2655,2243.23
163,2655,2167.66
164,2655,2225.58
165,2591,2150.22
166,2591,2180.35
167,2580,2172.53
168,2557,2223.07
169,2563,2207.31
170,2563,2197.9
171,2563,2214.79
172,2563,2151.43
173,2655,2181.84
174,2655,2189.19
175,2655,2136.97
176,2655,2239.81
177,2655,2184.75
178,2655,2173.4
179,2591,2180.15
180,2591,2203.76
181,2591,2143.11
182,2591,2149.66
183,2591,2137.88
184,2591,2145.34
185,2591,2142.66
186,2525,2109.8
187,2580,2099.52
188,2580,2123.82
189,2580,2077
190,2580,2117.55
191,2591,2069.22
192,2591,2096.41
193,2591,2110.25
194,2591,2109.1
195,2557,2113.03
196,2557,2077.44
197,2557,2090.55
198,2557,2087.71
199,2528,2161.4
200,2563,2123.08
201,2580,2158.69
202,2580,2173.34
203,2580,2188.64
204,2563,2204.66
205,2563,2204.13
206,2563,2219.39
207,2580,2209.52
208,2563,2124.27
209,2563,2195.95
210,2563,2195.15
211,2563,2214.71
212,2580,2255.78
213,2572,2250.69
214,2530,2228.54
215,2591,2223.93
216,2591,2140.44
217,2591,2177.58
218,2591,2134.91
219,2591,2186.33
220,2591,2170.92
221,2538,2081.29
222,2538,2134.26
223,2591,2117.63
224,2591,2124.01
225,2541,2100.73
226,2508,2099.26
227,2497,2110.39
228,2591,2091.73
229,2591,2094.8
230,2591,2056.13
231,2468,2071.64
232,2472,2059.24
233,2472,2045.14
234,2538,2093.63
235,2472,2009.74
236,2472,2051.8
237,2483,2038.45
238,2483,2010.01
239,2420,2019.9
240,2468,2051.2
241,2469,2043.69
242,2469,2079.92
243,2469,2116.2
244,2469,2126.17
245,2469,2065.03
246,2468,2087.92
247,2591,2064.25
248,2591,2122.29
249,2591,2123.66
250,2591,2141.52
251,2541,2129.45
252,2541,2162.62
253,2468,2166.31
254,2468,2200.2
255,2483,2165.6
256,2591,2184.13
257,2591,2193.57
258,2483,2139.57
259,2483,2170.9
260,2483,2176.94
261,2591,2163.63
262,2483,2199.61
263,2492,2166.53
264,2591,2174.16
265,2591,2156.62
266,2468,2134.37
267,2468,2119.6
268,2468,2083.99
269,2468,2085.8
270,2468,2125.36
271,2580,2187.89
272,2580,2152.01
273,2580,2119.95
274,2580,2112.85
275,2580,2092.75
276,2580,2104.82
277,2468,2038.72
278,2468,2062.13
279,2493,2095.02
280,2493,2155.39
281,2493,2131.25
282,2420,2068.35
283,2447,2087.16
284,2468,2093.29
285,2468,2052.09
286,2433,2072.28
287,2466,2047.27
288,2534,2045.94
289,2534,2038.23
290,2468,2093.17
291,2468,2086.79
292,2543,2066.72
293,2591,2025.19
294,2591,2061.92
295,2477,2032.68
296,2477,2060.7
297,2455,2054.96
298,2455,2083.38
299,2490,2136.17
Population size,100
Crossover rate,0.51
Mutation rate,0.79
Random selection portion,0.03
Selection method,AForge.Genetic.RankSelection
Diversity check,True
Iteration,FitnessMax,FitnessAvg
0,2113,1298.13
1,2113,1558.09
2,2105,1612.64
3,2146,1781.4
4,2146,1789.56
5,2146,1892.38
6,2152,1918.71
7,2208,1927.72
8,2263,1909.84
9,2304,1907.67
10,2304,1952.34
11,2427,2072.33
12,2459,2049.02
13,2459,2143.07
14,2474,2152.35
15,2474,2184.79
16,2474,2227.32
17,2480,2247.83
18,2464,2263.75
19,2514,2260.1
20,2514,2279.16
21,2486,2307.6
22,2514,2273.98
23,2605,2331.84
24,2605,2338.14
25,2605,2369.3
26,2605,2365.13
27,2605,2323.5
28,2605,2362.21
29,2605,2297.18
30,2655,2404.45
31,2655,2438.29
32,2655,2348.9
33,2655,2336.37
34,2655,2428.22
35,2655,2463.68
36,2655,2475.29
37,2655,2516.02
38,2655,2507.48
39,2655,2512.58
40,2655,2430.39
41,2655,2504.02
42,2655,2522.02
43,2655,2458.86
44,2655,2522.84
45,2655,2533.02
46,2655,2545.42
47,2655,2566.42
48,2655,2495.66
49,2655,2535.33
50,2655,2490.17
51,2655,2481.52
52,2655,2517.29
53,2655,2510.56
54,2655,2457.65
55,2655,2545.64
56,2655,2534.56
57,2655,2540.89
58,2655,2565.87
59,2655,2580.67
60,2119,1410.24
61,2119,1584.15
62,2132,1631.7
63,2132,1694.85
64,2157,1755.26
65,2160,1798.03
66,2255,1852.22
67,2296,1958.07
68,2327,1954.12
69,2309,1996.46
70,2309,2056.7
71,2491,2060.18
72,2491,2149.85
73,2491,2138.99
74,2491,2113.71
75,2491,2165.93
76,2491,2209.58
77,2491,2248.73
78,2491,2297.75
79,2551,2296.67
80,2551,2284.59
81,2565,2261.87
82,2565,2293.5
83,2565,2323.06
84,2565,2293.31
85,2551,2365.39
86,2551,2368.31
87,2584,2317.74
88,2584,2386.89
89,2584,2423.95
90,2584,2399.3
91,2584,2378.44
92,2584,2386.72
93,2584,2430.36
94,2584,2419.56
95,2584,2479.76
96,2584,2410.77
97,2584,2509.01
98,2135,1471.18
99,2135,1651.11
100,2226,1762.09
101,2163,1829.33
102,2183,1888.68
103,2189,1893.98
104,2264,1983.32
105,2347,1929.4
106,2347,2048.98
107,2405,2076.79
108,2347,2075.08
109,2380,2105.32
110,2380,2136.1
111,2453,2144.51
112,2453,2107.11
113,2485,2162.2
114,2485,2172.74
115,2453,2231.96
116,2529,2232.58
117,2506,2255.41
118,2509,2215.53
119,2540,2267.45
120,2540,2279.81
121,2540,2290.6
122,2650,2344.23
123,2650,2376.17
124,2650,2339.86
125,2650,2267.1
126,2650,2266.76
127,2650,2313.29
128,2650,2375.77
129,2650,2381.44
130,2650,2430.72
131,2650,2402.82
132,2650,2463.02
133,2650,2490.33
134,2650,2515.81
135,2650,2518.43
136,2650,2515.27
137,2650,2503.28
138,2650,2493.06
139,2650,2534.79
140,2650,2505.94
141,2650,2437.21
142,2650,2488.92
143,2650,2529.35
144,2650,2531.71
145,2650,2474.98
146,2650,2406.9
147,2650,2477.7
148,2650,2559.73
149,2650,2518.95
150,2650,2494.26
151,2650,2507.84
152,2650,2506.87
153,2650,2405.88
154,2650,2439.93
155,2650,2501.91
156,2650,2520.79
157,2650,2452.94
158,2650,2513.81
159,2650,2477.48
160,2650,2507.5
161,2650,2468.72
162,2650,2452.43
163,2650,2487.41
164,2650,2505.2
165,2650,2462.79
166,2650,2411.21
167,2650,2441.32
168,2650,2510.93
169,2650,2448.79
170,2650,2527.51
171,2650,2548
172,2650,2524.55
173,2650,2506.89
174,2650,2565.4
175,2650,2524.84
176,2650,2559.2
177,2655,2513.82
178,2655,2506.99
179,2650,2535.94
180,2650,2525.29
181,2650,2474.19
182,2650,2520.78
183,2650,2516.92
184,2650,2465.41
185,2650,2396.11
186,2650,2494.43
187,2650,2528.31
188,2650,2542.65
189,2650,2471.48
190,2650,2463.48
191,2650,2537.06
192,2655,2528.21
193,2655,2550.09
194,2655,2536.17
195,2650,2537.38
196,2650,2548.97
197,2650,2478.19
198,2650,2507.27
199,2650,2507.15
200,2650,2490.19
201,2650,2530.92
202,2650,2522.34
203,2650,2528
204,2650,2389.85
205,2650,2478.07
206,2650,2486.72
207,2650,2550.05
208,2655,2483.84
209,2655,2515.29
210,2655,2545.24
211,2655,2491.82
212,2655,2492.23
213,2655,2511.56
214,2655,2513.42
215,2655,2515.49
216,2655,2478.07
217,2655,2514.95
218,2655,2550.51
219,2655,2550.55
220,2655,2541.59
221,2655,2519.45
222,2655,2537.69
223,2655,2558.4
224,2655,2497.74
225,2655,2580.01
226,2005,1262.03
227,2005,1537.51
228,2020,1619.86
229,2091,1684.93
230,2080,1690.42
231,2174,1777.12
232,2174,1808.49
233,2174,1843.32
234,2209,1919.06
235,2348,2000.15
236,2386,2020.99
237,2449,1959.84
238,2455,2045.4
239,2455,2109.7
240,2502,2141.32
241,2502,2106.79
242,2502,2266.04
243,2526,2279.03
244,2526,2345.86
245,2526,2328.3
246,2526,2316.41
247,2526,2317.43
248,2617,2388.63
249,2617,2378.63
250,2617,2358.84
251,2617,2387.69
252,2617,2391.66
253,2617,2421.2
254,2617,2413.56
255,2655,2385.18
256,2655,2388.15
257,2655,2373.02
258,2650,2388.39
259,2655,2446.99
260,2655,2489.44
261,2655,2498.51
262,2655,2492.33
263,2655,2534.55
264,2655,2523.12
265,2655,2516.72
266,2655,2492.47
267,2655,2514.26
268,2655,2437.1
269,2655,2514.12
270,2655,2492.12
271,2655,2541.01
272,2655,2506.25
273,2655,2525.71
274,2655,2458.46
275,2655,2397.57
276,2655,2483.83
277,2655,2516.4
278,2655,2563.23
279,2655,2464.64
280,2655,2445.15
281,2655,2439.2
282,2655,2525.86
283,2655,2473.15
284,2655,2473.41
285,2655,2518.96
286,2655,2555.12
287,2655,2571.08
288,2655,2509.54
289,2655,2493.36
290,2655,2509.98
291,2655,2458.1
292,2655,2425.36
293,2655,2372.46
294,2655,2551.48
295,2655,2563.36
296,2655,2506.77
297,2655,2545.82
298,2655,2524.69
299,2655,2526.95
Population size,100
Crossover rate,0.51
Mutation rate,0.79
Random selection portion,0.03
Selection method,AForge.Genetic.RankSelection
Diversity check,False
Iteration,FitnessMax,FitnessAvg
0,1947,1402.16
1,2067,1564.17
2,1985,1702.54
3,2031,1752.11
4,2151,1778.74
5,2143,1827.56
6,2143,1866.11
7,2180,1866.1
8,2260,1882.52
9,2260,1881.58
10,2260,1939.11
11,2386,1906.11
12,2441,2001.15
13,2441,2029.3
14,2442,2058.81
15,2442,2136.09
16,2492,2179.94
17,2465,2157.47
18,2465,2156.46
19,2516,2199.15
20,2516,2234.24
21,2516,2243.65
22,2465,2304.35
23,2516,2232.88
24,2552,2317.6
25,2516,2332.67
26,2552,2343.52
27,2552,2289.62
28,2552,2297.86
29,2552,2280.63
30,2552,2364.49
31,2582,2370.64
32,2582,2352.61
33,2582,2391.72
34,2532,2364.74
35,2582,2369.45
36,2582,2392.38
37,2582,2364.87
38,2516,2369.41
39,2516,2397.29
40,2516,2397.93
41,2516,2389.65
42,2516,2302.9
43,2575,2384.64
44,2575,2343.08
45,2575,2335.67
46,2575,2284.21
47,2575,2345.14
48,2575,2441.98
49,2575,2351.98
50,2575,2328.23
51,2575,2333.74
52,2575,2312.41
53,2575,2389.95
54,2575,2394.82
55,2575,2398.72
56,2516,2445.96
57,2516,2351.12
58,2516,2428.25
59,2516,2430.16
60,2516,2336.11
61,2516,2408
62,2516,2427.69
63,2516,2388.88
64,2516,2436.49
65,2516,2394.01
66,2516,2407.04
67,2516,2364.69
68,2516,2383.86
69,2516,2404.15
70,2516,2427.82
71,2516,2350.04
72,2516,2341.33
73,2516,2310.17
74,2516,2384.93
75,2516,2403.88
76,2516,2446.91
77,2516,2397.47
78,2655,2418.63
79,2655,2400.01
80,2655,2444.2
81,2655,2409.46
82,2655,2338.76
83,2532,2368.2
84,2532,2410.39
85,2532,2345.78
86,2532,2437.11
87,2516,2451.42
88,2516,2387.21
89,2516,2384.46
90,2655,2369.49
91,2655,2420.25
92,2655,2384.8
93,2582,2427.32
94,2582,2421.4
95,2582,2353.36
96,2575,2369.99
97,2575,2333.85
98,2575,2387.8
99,2575,2440.46
100,2575,2440.6
101,2575,2398.19
102,2575,2348.16
103,2575,2397.16
104,2575,2362.78
105,2575,2281.93
106,2575,2434.42
107,2582,2406.99
108,2582,2448.62
109,2582,2386.85
110,2582,2383.45
111,2582,2271.28
112,2582,2399.35
113,2582,2430.55
114,2582,2371.76
115,2582,2405.44
116,2582,2427.06
117,2582,2405.75
118,2582,2446.32
119,2582,2385.24
120,2582,2403.06
121,2582,2447.39
122,2582,2403.61
123,2655,2428.66
124,2655,2481.92
125,2655,2429.08
126,2655,2428.08
127,2655,2358.27
128,2655,2383.57
129,2655,2413.22
130,2655,2351.84
131,2655,2275.89
132,2655,2332.5
133,2655,2405
134,2655,2371.48
135,2655,2473.22
136,2655,2403.01
137,2655,2463.77
138,2655,2383.89
139,2655,2431.44
140,2655,2408.1
141,2655,2416.78
142,2655,2481.58
143,2655,2420.67
144,2655,2372.96
145,2655,2500.12
146,2655,2442.25
147,2655,2481.73
148,2655,2549.19
149,2655,2557.23
150,2655,2555.72
151,2655,2540.77
152,2655,2553.16
153,2655,2515.74
154,2655,2480.14
155,2655,2455.97
156,2655,2527.14
157,2655,2491.03
158,2655,2581.75
159,2655,2556.48
160,2655,2561.84
161,2655,2571.97
162,2655,2522.24
163,2655,2486.24
164,2655,2534.75
165,2655,2551.04
166,2655,2529.45
167,2655,2566.53
168,2655,2505.19
169,2655,2466.62
170,2655,2463.95
171,2655,2501.78
172,2655,2476.5
173,2655,2489.3
174,2655,2545.86
175,2655,2466.62
176,2655,2529.48
177,2655,2542.47
178,2655,2550.05
179,2655,2464.06
180,2655,2463.05
181,2655,2544.17
182,2655,2527.74
183,2655,2558.69
184,2655,2553.58
185,2655,2561.7
186,2655,2560.48
187,2655,2473.14
188,2655,2455.06
189,2655,2460.31
190,2655,2436.08
191,2655,2525.4
192,2655,2550.08
193,2655,2531.04
194,2655,2538.36
195,2655,2465.77
196,2655,2331.23
197,2655,2287.14
198,2655,2500.52
199,2655,2536.65
200,2655,2427.39
201,2655,2471.18
202,2655,2533.48
203,2655,2504.55
204,2655,2544.49
205,2655,2521.72
206,2655,2510.02
207,2655,2556.22
208,2655,2544.57
209,2655,2465.77
210,2655,2486.39
211,2655,2559.58
212,2655,2564.61
213,2655,2563.97
214,2655,2479.79
215,2655,2516.78
216,2655,2430.13
217,2655,2362.2
218,2655,2542.79
219,2655,2511.55
220,2655,2401.43
221,2655,2447.95
222,2655,2511.79
223,2655,2530.7
224,2655,2529.75
225,2655,2484.22
226,2655,2484.74
227,2655,2544.56
228,2655,2515.39
229,2655,2527.53
230,2655,2538.73
231,2655,2536.95
232,2655,2559.56
233,2655,2565.75
234,2655,2559.44
235,2655,2493.58
236,2655,2539.64
237,2655,2475.38
238,2655,2539
239,2655,2459.05
240,2655,2418.5
241,2655,2433.65
242,2655,2537.13
243,2655,2510.41
244,2655,2569.94
245,2655,2451.63
246,2655,2533.4
247,2655,2463.61
248,2655,2493.75
249,2655,2516.36
250,2655,2504.09
251,2655,2534.4
252,2655,2542.28
253,2655,2483.64
254,2655,2507.56
255,2655,2545.47
256,2655,2509.18
257,2655,2530.24
258,2655,2562.95
259,2655,2540.3
260,2655,2583.91
261,2655,2551.15
262,2655,2536.94
263,2655,2568.07
264,2655,2532.2
265,2655,2532.16
266,2655,2530.73
267,2655,2560.89
268,2655,2506.74
269,2655,2520.56
270,2655,2545.77
271,2655,2520.49
272,2655,2516.6
273,2655,2490.14
274,2655,2463.24
275,2655,2502.69
276,2655,2498.68
277,2655,2383.39
278,2655,2509.24
279,2655,2487.88
280,2655,2495.88
281,2655,2417.49
282,2655,2500.42
283,2655,2438.1
284,2655,2501.55
285,2655,2501.34
286,2655,2547.38
287,2655,2503.77
288,2655,2513.56
289,2655,2488.13
290,2655,2551.5
291,2655,2488.68
292,2655,2500.27
293,2655,2471.99
294,2655,2456.79
295,2655,2452.58
296,2655,2550.8
297,2655,2532.08
298,2655,2523.04
299,2655,2517.36
Population size,100
Crossover rate,0.22
Mutation rate,0.87
Random selection portion,0.03
Selection method,AForge.Genetic.EliteSelection
Diversity check,False
Iteration,FitnessMax,FitnessAvg
0,2069,1585.21
1,2069,1709.38
2,2174,1772.23
3,2311,1869.61
4,2369,1934.48
5,2373,2020.62
6,2485,2093.01
7,2514,2182.03
8,2517,2216.28
9,2517,2253.28
10,2525,2300.22
11,2531,2328.85
12,2547,2385.35
13,2650,2415.09
14,2650,2429.21
15,2655,2474.79
16,2655,2471.22
17,2655,2497.65
18,2655,2481.53
19,2655,2514.68
20,2655,2519.74
21,2655,2544.83
22,2655,2531.08
23,2655,2557.73
24,2655,2585.77
25,2655,2598.16
26,2655,2588.69
27,2655,2597.23
28,2655,2587.65
29,2655,2621.35
30,2655,2615.91
31,2655,2622.23
32,2655,2588.71
33,2655,2590.82
34,2655,2608.61
35,2655,2612.27
36,2655,2614.03
37,2655,2614.91
38,2655,2610.05
39,2655,2616.21
40,2655,2600.12
41,2655,2613.19
42,2655,2601.28
43,2655,2620.56
44,2655,2612.96
45,2655,2612.51
46,2655,2615.44
47,2655,2613.92
48,2655,2606.14
49,2655,2619.45
50,2655,2606.06
51,2655,2619.47
52,2655,2618.81
53,2655,2600.23
54,2655,2614.1
55,2655,2606.06
56,2655,2597.48
57,2655,2599.73
58,2655,2608.58
59,2655,2589.73
60,2655,2602.46
61,2655,2603.74
62,2655,2618.26
63,2655,2600.38
64,2655,2602.42
65,2655,2621.55
66,2655,2608.03
67,2655,2583.74
68,2655,2609.93
69,2655,2587.43
70,2655,2605.03
71,2655,2600.61
72,2655,2611.43
73,2655,2624.55
74,2655,2615.78
75,2655,2602.93
76,2655,2610.84
77,2655,2603.84
78,2655,2624.78
79,2655,2603.41
80,2655,2603.5
81,2655,2598.6
82,2655,2608.6
83,2655,2588.92
84,2655,2623.45
85,2655,2586.52
86,2655,2613.29
87,2655,2604.22
88,2655,2612.72
89,2655,2618.88
90,2655,2575.35
91,2655,2600.5
92,2655,2591.52
93,2655,2611.19
94,2655,2618.81
95,2655,2607.03
96,2655,2584.21
97,2655,2602.42
98,2655,2616.3
99,2655,2609.93
100,2655,2594.39
101,2655,2618.62
102,2655,2592.18
103,2655,2608.56
104,2655,2622.74
105,2655,2587.64
106,2655,2592.93
107,2655,2588.23
108,2655,2601.41
109,2655,2604.26
110,2655,2616.13
111,2655,2628.64
112,2655,2598.4
113,2655,2630.5
114,2655,2614.94
115,2655,2586.68
116,2655,2596.7
117,2655,2621.62
118,2655,2602.44
119,2655,2606.18
120,2655,2617.7
121,2655,2600.13
122,2655,2624.97
123,2655,2585.62
124,2655,2613.88
125,2655,2607.36
126,2655,2587.82
127,2655,2605.37
128,2655,2593.94
129,2655,2587.8
130,2655,2623.06
131,2655,2605.35
132,2655,2609.59
133,2655,2618.52
134,2655,2606.86
135,2655,2604.35
136,2655,2610.66
137,2655,2619.28
138,2655,2604.87
139,2655,2606.25
140,2655,2575.35
141,2655,2613.29
142,2655,2626.22
143,2655,2597.2
144,2655,2604.57
145,2655,2587.04
146,2655,2615.37
147,2655,2604.84
148,2655,2608.25
149,2655,2617.53
150,2655,2587.98
151,2655,2626.05
152,2655,2612.67
153,2655,2614.8
154,2655,2604.6
155,2655,2612.58
156,2655,2610.43
157,2655,2591.81
158,2655,2583.29
159,2655,2608.83
160,2655,2620.79
161,2655,2615.56
162,2655,2603.42
163,2655,2625.98
164,2655,2618.66
165,2655,2614.15
166,2655,2614.06
167,2655,2610.3
168,2655,2608.01
169,2655,2600.47
170,2655,2590.78
171,2655,2598.33
172,2655,2616.19
173,2655,2608.23
174,2655,2606.55
175,2655,2616.44
176,2655,2586.81
177,2655,2584.91
178,2655,2607.14
179,2655,2592.76
180,2655,2604.12
181,2655,2590.51
182,2655,2600.73
183,2655,2608.29
184,2655,2621.29
185,2655,2608.53
186,2655,2604.47
187,2655,2614.21
188,2655,2595.52
189,2655,2604.01
190,2655,2607.4
191,2655,2600.82
192,2655,2626.58
193,2655,2590.93
194,2655,2606.31
195,2655,2610.2
196,2655,2598.08
197,2655,2615.44
198,2655,2618.88
199,2655,2617.87
200,2655,2596.88
201,2655,2601.03
202,2655,2618.3
203,2655,2627.81
204,2655,2604.91
205,2655,2614.95
206,2655,2589.48
207,2655,2592.47
208,2655,2605.03
209,2655,2606.63
210,2655,2587.13
211,2655,2618.4
212,2655,2588.28
213,2655,2622.1
214,2655,2609.08
215,2655,2598.9
216,2655,2619.08
217,2655,2614.51
218,2655,2620.64
219,2655,2600.01
220,2655,2622.56
221,2655,2597.69
222,2655,2588.33
223,2655,2604.2
224,2655,2619.46
225,2655,2604.65
226,2655,2585.13
227,2655,2617.93
228,2655,2588.33
229,2655,2597.9
230,2655,2596.51
231,2655,2604.38
232,2655,2622.47
233,2655,2622.26
234,2655,2589.32
235,2655,2618.61
236,2655,2616.69
237,2655,2623.18
238,2655,2615.28
239,2655,2624.01
240,2655,2616.87
241,2655,2621.17
242,2655,2590.43
243,2655,2603.85
244,2655,2628.07
245,2655,2617.6
246,2655,2606.79
247,2655,2604.55
248,2655,2617.75
249,2655,2611.86
250,2655,2604.85
251,2655,2606.9
252,2655,2602.13
253,2655,2621.67
254,2655,2588.82
255,2655,2586.72
256,2655,2617.86
257,2655,2611.75
258,2655,2633.85
259,2655,2593.81
260,2655,2615.48
261,2655,2603.83
262,2655,2606.69
263,2655,2607.18
264,2655,2602.35
265,2655,2610.67
266,2655,2619.19
267,2655,2609.75
268,2655,2601.66
269,2655,2614.59
270,2655,2618.89
271,2655,2604.98
272,2655,2595
273,2655,2591.06
274,2655,2616.97
275,2655,2619.82
276,2655,2606.01
277,2655,2621.62
278,2655,2600.47
279,2655,2606.67
280,2655,2608.19
281,2655,2598.06
282,2655,2604.19
283,2655,2596.92
284,2655,2606.76
285,2655,2627.47
286,2655,2604.78
287,2655,2618.3
288,2655,2585.86
289,2655,2616.69
290,2655,2597.5
291,2655,2619.21
292,2655,2602.15
293,2655,2624.71
294,2655,2597.62
295,2655,2615.77
296,2655,2617.2
297,2655,2611.48
298,2655,2591.12
299,2655,2597.63
Population size,100
Crossover rate,0.22
Mutation rate,0.87
Random selection portion,0.03
Selection method,AForge.Genetic.EliteSelection
Diversity check,True
Iteration,FitnessMax,FitnessAvg
0,2045,1545.19
1,2242,1710.08
2,2242,1798.2
3,2242,1889.67
4,2333,1976.19
5,2350,2058.66
6,2353,2101.07
7,2353,2124.27
8,2432,2157.85
9,2465,2232.44
10,2485,2236.86
11,2485,2269.15
12,2485,2277.43
13,2542,2318.06
14,2567,2342.89
15,2617,2373.86
16,2617,2362.25
17,2617,2401.89
18,2617,2381.41
19,2617,2444.7
20,2617,2448.57
21,2617,2454.65
22,2650,2477.16
23,2650,2494.42
24,2650,2492.07
25,2650,2492.36
26,2655,2499.27
27,2655,2504.85
28,2655,2507.51
29,2655,2506.51
30,2655,2523.97
31,2655,2541.1
32,2655,2530.03
33,2655,2549.61
34,2655,2561.45
35,2655,2528.21
36,2655,2569.79
37,2655,2553.26
38,2655,2567.75
39,2655,2557.4
40,2655,2594.21
41,2655,1556.54
42,2655,1687.78
43,2655,1803.18
44,2655,1900.01
45,2655,1957.23
46,2655,2081.22
47,2655,2184.16
48,2655,2306.05
49,2655,2380.19
50,2655,2397.57
51,2655,2454.58
52,2655,2481.21
53,2655,2497.8
54,2655,2531.04
55,2655,2532.22
56,2655,2559.17
57,2655,2541.37
58,2655,2586.31
59,2655,1598.56
60,2655,1714.76
61,2655,1856.81
62,2655,1909.55
63,2655,1991.91
64,2655,2051.43
65,2655,2093.58
66,2655,2157.6
67,2655,2220.51
68,2655,2289.9
69,2655,2339.6
70,2655,2384.25
71,2655,2415.88
72,2655,2422.96
73,2655,2470.96
74,2655,2484.49
75,2655,2499.1
76,2655,2524.41
77,2655,2517.57
78,2655,2538.05
79,2655,2553.63
80,2655,2570.71
81,2655,2583.83
82,2655,1536.35
83,2655,1715.77
84,2655,1788.22
85,2655,1853.54
86,2655,1961.85
87,2655,2049.71
88,2655,2149.05
89,2655,2215.68
90,2655,2291.05
91,2655,2392.42
92,2655,2402.8
93,2655,2457.59
94,2655,2491.4
95,2655,2506.46
96,2655,2531.27
97,2655,2550.32
98,2655,2565.58
99,2655,2593.88
100,2655,1631.15
101,2655,1789.81
102,2655,1869.96
103,2655,1969.52
104,2655,2038.8
105,2655,2110.26
106,2655,2196.58
107,2655,2272.84
108,2655,2342.6
109,2655,2382.31
110,2655,2454.8
111,2655,2488.53
112,2655,2515.14
113,2655,2514.55
114,2655,2545.99
115,2655,2569.65
116,2655,2580.08
117,2655,1595.44
118,2655,1752.04
119,2655,1875.89
120,2655,1977.81
121,2655,2084.27
122,2655,2178.27
123,2655,2281.72
124,2655,2392.12
125,2655,2447.95
126,2655,2474.83
127,2655,2536.76
128,2655,2557.17
129,2655,2575.53
130,2655,1560.15
131,2655,1744.91
132,2655,1866.25
133,2655,1938.19
134,2655,2020.21
135,2655,2109.81
136,2655,2184.85
137,2655,2231.59
138,2655,2309.32
139,2655,2381.07
140,2655,2438.12
141,2655,2437.13
142,2655,2478.08
143,2655,2491.05
144,2655,2513.61
145,2655,2528.6
146,2655,2562.18
147,2655,2573.04
148,2655,2573.88
149,2655,2579.23
150,2655,1628.35
151,2655,1803.24
152,2655,1896.79
153,2655,1981.45
154,2655,2044.94
155,2655,2112.89
156,2655,2192.78
157,2655,2269.69
158,2655,2333.8
159,2655,2390.45
160,2655,2421.94
161,2655,2437.94
162,2655,2470
163,2655,2504.75
164,2655,2535.36
165,2655,2541.13
166,2655,2543.38
167,2655,2543.13
168,2655,2531.32
169,2655,2589.16
170,2655,1586.4
171,2655,1711.61
172,2655,1803.47
173,2655,1918.53
174,2655,1996.75
175,2655,2035.21
176,2655,2093.95
177,2655,2158.83
178,2655,2202.24
179,2655,2239.98
180,2655,2278.44
181,2655,2322.4
182,2655,2354.54
183,2655,2388.4
184,2655,2428.28
185,2655,2443.65
186,2655,2470.54
187,2655,2499.73
188,2655,2504.94
189,2655,2508.53
190,2655,2530.61
191,2655,2565.76
192,2655,2562.68
193,2655,2583.39
194,2655,1530.8
195,2655,1689.48
196,2655,1775.64
197,2655,1882.29
198,2655,1907.67
199,2655,1996.95
200,2655,2047.74
201,2655,2104.78
202,2655,2180.06
203,2655,2231.38
204,2655,2286.06
205,2655,2329.72
206,2655,2363.78
207,2655,2398.4
208,2655,2456.4
209,2655,2472.68
210,2655,2508.08
211,2655,2505.54
212,2655,2525.45
213,2655,2536.52
214,2655,2566.87
215,2655,2563.97
216,2655,2585.85
217,2655,1601.59
218,2655,1773.12
219,2655,1915.24
220,2655,1999.8
221,2655,2073.74
222,2655,2126.27
223,2655,2172.9
224,2655,2208.63
225,2655,2244.13
226,2655,2321.92
227,2655,2369.65
228,2655,2405.81
229,2655,2442.34
230,2655,2466.67
231,2655,2513.52
232,2655,2505.91
233,2655,2544.67
234,2655,2549.28
235,2655,2571.73
236,2655,2579.21
237,2655,1613.7
238,2655,1739.95
239,2655,1825
240,2655,1925.69
241,2655,2033.38
242,2655,2091.64
243,2655,2185.94
244,2655,2286.05
245,2655,2357.36
246,2655,2406.13
247,2655,2491.72
248,2655,2525.35
249,2655,2544.13
250,2655,2531.76
251,2655,2563.62
252,2655,2583.43
253,2655,1634.64
254,2655,1757.81
255,2655,1846.93
256,2655,1930.4
257,2655,1969.21
258,2655,2040.48
259,2655,2123.08
260,2655,2166.36
261,2655,2247.55
262,2655,2296.38
263,2655,2352.23
264,2655,2395.53
265,2655,2428.44
266,2655,2452.43
267,2655,2484.2
268,2655,2496.72
269,2655,2519.69
270,2655,2529.23
271,2655,2522.77
272,2655,2562.85
273,2655,2575.1
274,2655,2595.78
275,2655,1513.49
276,2655,1710.68
277,2655,1841.92
278,2655,1909.67
279,2655,1983.76
280,2655,2061.14
281,2655,2157.75
282,2655,2233.9
283,2655,2303.19
284,2655,2354.54
285,2655,2380.52
286,2655,2419.08
287,2655,2451.12
288,2655,2473.75
289,2655,2488.02
290,2655,2508.13
291,2655,2518.62
292,2655,2558.11
293,2655,2573.05
294,2655,2588.07
295,2655,1552.54
296,2655,1666.83
297,2655,1774.37
298,2655,1875.04
299,2655,1994.95
Population size,100
Crossover rate,0.22
Mutation rate,0.87
Random selection portion,0.03
Selection method,AForge.Genetic.EliteSelection
Diversity check,True
Iteration,FitnessMax,FitnessAvg
0,2191,1551.89
1,2191,1733.92
2,2224,1833.57
3,2266,1923.09
4,2294,2017.73
5,2330,2054.03
6,2330,2116.1
7,2344,2152.6
8,2379,2194.31
9,2383,2224.92
10,2476,2214.57
11,2476,2262.04
12,2538,2289.1
13,2538,2320.35
14,2541,2341.68
15,2541,2339.28
16,2541,2364.68
17,2553,2378.22
18,2591,2401.73
19,2591,2402.35
20,2591,2457.47
21,2591,2464.1
22,2655,2479.93
23,2655,2465.69
24,2655,2499.69
25,2655,2479.84
26,2655,2524
27,2655,2525.08
28,2655,2512.63
29,2655,2492.68
30,2655,2546.34
31,2655,2555.88
32,2655,2542.93
33,2655,2553.07
34,2655,2546.75
35,2655,2559.66
36,2655,2540.31
37,2655,2544.68
38,2655,2516.72
39,2655,2545.86
40,2655,2565.53
41,2655,2559.22
42,2655,2563.76
43,2655,2571.58
44,2655,2577.09
45,2655,1549.59
46,2655,1702.84
47,2655,1826.54
48,2655,1915.71
49,2655,2022.19
Population size,100
Crossover rate,0.22
Mutation rate,0.87
Random selection portion,0.03
Selection method,AForge.Genetic.EliteSelection
Diversity check,True
Iteration,FitnessMax,FitnessAvg
0,2122,1594.87
1,2122,1692.88
2,2134,1773.07
3,2154,1901.17
4,2262,1945.65
5,2262,1985.42
6,2344,2025.81
7,2344,2053.56
8,2402,2095.65
9,2402,2145.9
10,2449,2169.76
11,2459,2216.03
12,2482,2258.66
13,2482,2295.69
14,2562,2313.73
15,2582,2349.65
16,2617,2371.81
17,2617,2370.82
18,2617,2409.02
19,2617,2408.43
20,2617,2416.04
21,2617,2443.93
22,2655,2443.77
23,2655,2481.68
24,2655,2492.81
25,2655,2488.34
26,2655,2515.26
27,2655,2519.63
28,2655,2518.37
29,2655,2515.66
