Population size,100
Crossover rate,0.66
Mutation rate,0.34
Random selection portion,0.03
Selection method,AForge.Genetic.RouletteWheelSelection
Diversity check,False
Iteration,FitnessMax,FitnessAvg
0,1689,1205.9
1,1768,1210.13
2,1758,1222.48
3,1758,1218.58
4,1758,1213.9
5,1758,1289.75
6,1840,1331.99
7,1840,1363.82
8,1876,1397.22
9,1905,1426.1
10,1974,1460.9
11,2018,1523.89
12,1974,1532.17
13,2049,1538.84
14,2049,1565.97
15,2049,1577.54
16,2112,1644.93
17,2154,1642.65
18,2050,1689.26
19,2050,1675.18
20,2050,1675.87
21,2112,1679.44
22,2112,1699.39
23,2112,1699.8
24,2112,1713.24
25,2123,1738.7
26,2112,1738.77
27,2112,1725.51
28,2112,1671.09
29,2126,1740.2
30,2216,1719.81
31,2216,1741.78
32,2069,1747.97
33,2069,1771.65
34,2093,1765.42
35,2100,1769.98
36,2108,1776.78
37,2108,1781.12
38,2088,1831.6
39,2161,1838.18
40,2161,1795.91
41,2151,1812.2
42,2138,1783.92
43,2138,1802.35
44,2156,1796.78
45,2156,1803.75
46,2184,1781.6
47,2184,1754.83
48,2184,1747.81
49,2099,1743.1
50,2056,1802.73
51,2069,1765.03
52,2094,1734.89
53,2094,1701.13
54,2056,1694.24
55,2051,1665.59
56,2089,1633.45
57,2169,1676.17
58,2071,1662.04
59,2070,1701.72
60,2070,1716.33
61,2184,1691.15
62,2184,1739.65
63,2045,1757.16
64,2076,1746.1
65,2076,1721.98
66,2076,1691.57
67,2076,1714.2
68,2076,1741.19
69,1985,1742.05
70,2184,1747.92
71,1985,1728.38
72,2038,1736.83
73,2038,1744.72
74,2028,1730.07
75,2184,1716.18
76,2184,1738.44
77,2184,1733.13
78,2184,1742.95
79,2184,1710.84
80,2056,1674.34
81,2038,1710.59
82,2038,1731.74
83,2020,1718.92
84,2184,1682.03
85,2184,1730.92
86,2064,1703.87
87,2064,1737.4
88,1979,1715.7
89,2010,1724.99
90,2010,1709.87
91,2045,1658.75
92,2065,1722.75
93,2025,1734.51
94,2125,1734.08
95,2125,1775.78
96,2184,1808.17
97,2228,1797.83
98,2153,1787.78
99,2184,1793.29
100,2184,1794.07
101,2150,1780.57
102,2132,1826.19
103,2184,1847.91
104,2173,1801.42
105,2271,1833.19
106,2271,1838.44
107,2271,1857.91
108,2271,1845.98
109,2271,1841.95
110,2271,1833.51
111,2271,1867.08
112,2271,1883.66
113,2271,1901.33
114,2271,1854.36
115,2271,1914.35
116,2271,1921.57
117,2271,1922.16
118,2271,1870.33
119,2247,1857.95
120,2271,1847.96
121,2271,1864.67
122,2271,1894.4
123,2271,1874.15
124,2271,1863.99
125,2271,1858.15
126,2271,1853.66
127,2271,1873.13
128,2271,1878.65
129,2271,1888.3
130,2271,1890.38
131,2306,1865.69
132,2184,1835.31
133,2184,1880.1
134,2184,1839.35
135,2184,1833.35
136,2184,1861.09
137,2184,1836.18
138,2184,1809.12
139,2184,1828.43
140,2184,1839.34
141,2184,1885.34
142,2184,1858.99
143,2184,1845.77
144,2184,1845.8
145,2184,1883.85
146,2184,1874.12
147,2184,1883.26
148,2216,1889.61
149,2216,1892.37
150,2216,1924.65
151,2216,1889.02
152,2216,1869.35
153,2216,1861.46
154,2216,1890.14
155,2216,1838.63
156,2216,1883.46
157,2216,1892.54
158,2184,1862.49
159,2216,1865.38
160,2216,1846.01
161,2216,1832.38
162,2184,1877.07
163,2216,1844.59
164,2216,1816.17
165,2216,1823.75
166,2216,1863.81
167,2216,1859.16
168,2216,1884.45
169,2184,1864.54
170,2184,1864.08
171,2184,1889.36
172,2184,1893.06
173,2216,1889.53
174,2184,1877.97
175,2184,1883.21
176,2161,1831.78
177,2161,1811.69
178,2161,1799.49
179,2213,1704.91
180,2213,1713.95
181,2213,1726.04
182,2213,1713.62
183,2035,1679.15
184,2126,1738.55
185,2126,1729.83
186,2126,1743.06
187,2100,1746.73
188,2116,1755.8
189,2118,1750.56
190,2118,1729.18
191,2118,1765.65
192,2118,1760.79
193,2279,1748.91
194,2095,1763.5
195,2094,1707.21
196,2081,1692.09
197,2154,1706.7
198,2169,1718.49
199,2169,1708.23
200,2169,1704.74
201,2169,1719.39
202,2169,1702.4
203,2169,1707
204,2169,1686.23
205,2169,1694.44
206,2169,1675.13
207,2169,1701.41
208,2169,1667.93
209,2071,1672.29
210,2021,1665.24
211,2057,1631.2
212,2057,1617.87
213,2057,1642.28
214,2186,1681.77
215,2185,1690.36
216,2150,1719.37
217,2224,1734.54
218,2126,1718.19
219,2126,1708.27
220,2126,1701.92
221,2126,1681.28
222,2126,1693.24
223,2126,1701.72
224,2126,1732.62
225,2198,1725
226,2198,1749.38
227,2247,1760.28
228,2224,1773.8
229,2224,1812.01
230,2224,1839.79
231,2224,1841.76
232,2224,1814.99
233,2224,1851.73
234,2140,1812.04
235,2140,1814.6
236,2140,1801.55
237,2183,1755.82
238,2163,1736.27
239,2140,1773.92
240,2155,1836.01
241,2155,1847.49
242,2248,1854.35
243,2248,1830.35
244,2248,1817.75
245,2248,1848.58
246,2248,1819.78
247,2248,1821.59
248,2248,1800.64
249,2248,1800.63
250,2248,1815.32
251,2155,1784.18
252,2139,1802.82
253,2155,1748.48
254,2155,1766.13
255,2197,1789.42
256,2155,1749.12
257,2155,1758.17
258,2186,1736.83
259,2186,1731.2
260,2185,1687.97
261,2153,1709.58
262,2153,1717.66
263,2089,1766.09
264,2112,1771.95
265,2112,1780.33
266,2112,1723.72
267,2112,1741.05
268,2174,1773.28
269,2174,1775.73
270,2174,1803.08
271,2174,1858.61
272,2174,1814.11
273,2174,1828.45
274,2178,1833.11
275,2240,1873.79
276,2174,1911.92
277,2213,1926.74
278,2213,1916.6
279,2306,1904.82
280,2306,1903.28
281,2306,1844.54
282,2283,1841.15
283,2283,1830.2
284,2283,1820.04
285,2283,1835.04
286,2338,1826.81
287,2283,1837.43
288,2221,1831.53
289,2153,1768.48
290,2185,1796.18
291,2210,1809.7
292,2185,1765.64
293,2184,1760.7
294,2197,1767.71
295,2197,1786.6
296,2197,1804.68
297,2197,1834.62
298,2197,1841.14
299,2197,1826.14
Population size,100
Crossover rate,0.66
Mutation rate,0.34
Random selection portion,0.03
Selection method,AForge.Genetic.RouletteWheelSelection
Diversity check,True
Iteration,FitnessMax,FitnessAvg
0,1778,1213.32
1,1778,1301.54
2,1778,1348.04
3,2037,1433.07
4,2037,1404.89
5,2037,1447.84
6,1937,1434.03
7,1937,1439.63
8,1991,1442.36
9,1958,1480.86
10,2011,1491.83
11,2115,1470.2
12,2115,1473.9
13,2109,1480.96
14,2213,1519.14
15,2213,1516.43
16,2213,1618.88
17,2109,1620.98
18,2109,1604.39
19,2109,1572.26
20,2151,1589.66
21,2213,1613.78
22,2213,1587.24
23,2213,1617.74
24,2102,1690.07
25,2217,1695.17
26,2217,1688.54
27,2217,1657.83
28,2217,1660.72
29,2217,1701.67
30,2213,1697.87
31,2213,1708.04
32,2303,1708.51
33,2303,1754.81
34,2303,1668.69
35,2195,1644.54
36,2195,1662.23
37,2218,1670.41
38,2218,1723.59
39,2218,1761.81
40,2218,1750.33
41,2218,1743.28
42,2228,1750.87
43,2218,1712.28
44,2205,1691.64
45,2205,1658.89
46,2303,1681.67
47,2303,1702.96
48,2303,1764.8
49,2303,1842.86
50,2303,1846.02
51,2303,1883.26
52,2303,1912.49
53,2303,1861.31
54,2303,1844.38
55,2303,1844.58
56,2303,1855.75
57,2303,1846.8
58,2303,1817.92
59,2338,1896.54
60,2338,1915.26
61,2338,1879.49
62,2306,1901.68
63,2303,1950.96
64,2303,1919.34
65,2303,1943.11
66,2303,1911.25
67,2303,1934.04
68,2303,1927.02
69,2303,1906.25
70,2248,1925.78
71,2216,1934.22
72,2248,1934.88
73,2248,1923.93
74,2303,1924.92
75,2303,1955.78
76,2303,1916.4
77,2303,1977.77
78,2303,1942.67
79,2303,1973.55
80,2303,1975.73
81,2303,1952.7
82,2283,1949.13
83,2283,1952.3
84,2283,1911.47
85,2248,1969.7
86,2248,1972.56
87,2248,1975.56
88,2303,2006.36
89,2303,1998.57
90,2303,2004.76
91,2303,1995.94
92,2303,1929.89
93,2338,1938.47
94,2338,1973.86
95,2338,1954.4
96,2338,1931.79
97,2338,1924.49
98,2338,1887.98
99,2338,1888.06
100,2248,1931.34
101,2303,1953.06
102,2338,1956.5
103,2338,1952.19
104,2338,1884.15
105,2338,1939.57
106,2338,1928.96
107,2306,1945.36
108,2306,1936.7
109,2306,1978.6
110,2306,1945.62
111,2306,1918.7
112,2306,1947.46
113,2306,1980.98
114,2306,1929.58
115,2306,1928.39
116,2306,1935.17
117,2306,1921.67
118,2306,1875.44
119,2283,1866.18
120,2306,1838.26
121,2306,1860.26
122,2273,1832.41
123,2271,1871.21
124,2271,1889.72
125,2271,1907.16
126,2283,1934.27
127,2283,1925.67
128,2283,1908.57
129,2221,1921.5
130,2306,1955.09
131,2306,1926.85
132,2306,1931.43
133,2306,1909.41
134,2306,1864.74
135,2306,1870.6
136,2306,1862.75
137,2306,1908.49
138,2306,1917.68
139,2306,1924.26
140,2283,1883.34
141,2306,1885.54
142,2283,1872.69
143,2306,1858.75
144,2283,1862.72
145,2271,1885.7
146,2271,1893.21
147,2271,1919.73
148,2276,1929.84
149,2306,1939.52
150,2306,1950.35
151,2306,1939.61
152,2306,1961.76
153,2276,1929.91
154,2306,1919.91
155,2283,1968.11
156,2283,1963.36
157,2271,1961.19
158,2271,1927.33
159,2271,1958.23
160,2306,1979.37
161,2306,1985.09
162,2306,1967.19
163,2306,1931.5
164,2306,1947.54
165,2306,1928.73
166,2306,1925.71
167,2306,1962.51
168,2306,1996.77
169,2306,2027.71
170,2306,1997.32
171,2306,1969.55
172,2306,1956.7
173,2306,2002.05
174,2306,1973.57
175,2306,1908.72
176,2306,1981.97
177,2306,1901.36
178,2306,1907.49
179,2306,1933.31
180,2306,1973.77
181,2306,1946.4
182,2338,1943.61
183,2338,1972.88
184,2338,1959.65
185,2338,1978.81
186,2338,1941.29
187,2338,1926.88
188,2338,1954.21
189,2338,1933.92
190,2306,1933.28
191,2306,1907.22
192,2306,1864.79
193,2306,1840.32
194,2306,1819.01
195,2306,1838.82
196,2306,1885.71
197,2306,1885.57
198,2283,1883.97
199,2306,1911.63
200,2306,1922.94
201,2306,1944.17
202,2306,1884.98
203,2306,1919.95
204,2306,1877.25
205,2306,1909.48
206,2306,1908.89
207,2306,1886.66
208,2306,1932.27
209,2306,1872.53
210,2306,1898.94
211,2306,1945.48
212,2306,1892.18
213,2306,1954.47
214,2306,1936.82
215,2306,1975.92
216,2306,1994.26
217,2306,1980.73
218,2306,1951.07
219,2306,1960.54
220,2306,1935.71
221,2234,1895.14
222,2306,1903.31
223,2306,1973.74
224,2306,1883.88
225,2306,1930.94
226,2338,1899.08
227,2338,1894.39
228,2234,1879.4
229,2228,1861.89
230,2228,1857.17
231,2279,1851.71
232,2271,1842.42
233,2271,1892.4
234,2283,1897.47
235,2271,1887.83
236,2271,1864.7
237,2271,1812.19
238,2271,1854.66
239,2271,1864.13
240,2283,1843.93
241,2303,1866.01
242,2303,1856.18
243,2283,1814.73
244,2283,1833.78
245,2283,1887.01
246,2283,1898.1
247,2283,1961.64
248,2306,1915.52
249,2273,1981.87
250,2273,1973.19
251,2283,1937.59
252,2283,1880.82
253,2283,1889.97
254,2247,1865.58
255,2247,1903.03
256,2247,1874.05
257,2230,1914.88
258,2338,1922.84
259,2338,1960.61
260,2247,1937.3
261,2276,1925.21
262,2306,1947.11
263,2306,1922.13
264,2306,1957.4
265,2306,1974.91
266,2306,1920.4
267,2306,1891.05
268,2306,1926.46
269,2306,1909.81
270,2306,1897.91
271,2244,1898.22
272,2244,1868.39
273,2244,1879.59
274,2306,1879.11
275,2306,1863
276,2306,1844.97
277,2306,1856.26
278,2306,1860.69
279,2306,1864.29
280,2306,1870.05
281,2273,1872.13
282,2244,1898.53
283,2248,1887.72
284,2248,1871.51
285,2240,1856.37
286,2240,1817.26
287,2240,1770.55
288,2131,1792.86
289,2155,1766.55
290,2181,1782.21
291,2216,1831.67
292,2216,1817.82
293,2216,1827.64
294,2216,1768.62
295,2216,1820.34
296,2216,1800.35
297,2216,1793
298,2216,1813.55
299,2193,1796.53
Population size,100
Crossover rate,0.51
Mutation rate,0.79
Random selection portion,0.03
Selection method,AForge.Genetic.RankSelection
Diversity check,True
Iteration,FitnessMax,FitnessAvg
0,1753,1163.58
1,1811,1361.66
2,1970,1467.95
3,1970,1535.04
4,2107,1627.86
5,2107,1699
6,2107,1732
7,2107,1790.29
8,2084,1814.38
9,2131,1852.96
10,2217,1898.92
11,2217,1919.22
12,2248,1981.23
13,2240,1968.75
14,2272,2032.72
15,2272,2051.77
16,2338,2068.58
17,2338,2065.44
18,2338,2098.29
19,2338,2101.96
20,2338,2133.71
21,2338,2157.42
22,2338,2111.11
23,2338,2140.78
24,2338,2138.06
25,2338,2192.04
26,2338,2173.82
27,2338,2170.94
28,2338,2209.04
29,2338,2231.44
30,2338,2114.79
31,2338,2165.3
32,2338,2090.61
33,2338,2137.43
34,2338,2215.98
35,2338,2201.42
36,2338,2247.67
37,2338,2239.71
38,2338,2250.55
39,2338,2237.95
40,2338,2254.55
41,2338,2238.03
42,2338,2227.33
43,2338,2193.07
44,2338,2212.39
45,2338,2184.67
46,2338,2190.81
47,2338,2197.63
48,2338,2219.74
49,2338,2223.46
50,2338,2233.09
51,2338,2267.7
52,2338,2244.58
53,2338,2198.85
54,2338,2206.9
55,2338,2227.15
56,2338,2223.9
57,2338,2228.69
58,2338,2184.59
59,2338,2194.91
60,2338,2212.01
61,2338,2204.44
62,2338,2171.85
63,2338,2233.43
64,2338,2226.1
65,2338,2234.39
66,2338,2179.09
67,2338,2198.67
68,2338,2219.65
69,2338,2189.35
70,2338,2251.95
71,2338,2235.61
72,2338,2191.92
73,2338,2160.66
74,2338,2258.64
75,2338,2272.65
76,1878,1240.84
77,1821,1399.61
78,2023,1497.06
79,2009,1569.96
80,2053,1612.93
81,2139,1615.4
82,2046,1669.21
83,2046,1726.5
84,2050,1801.19
85,2046,1809.56
86,2062,1793.57
87,2123,1843.97
88,2145,1871.47
89,2152,1877.83
90,2224,1911.26
91,2224,1922.92
92,2249,1943.05
93,2248,1973.83
94,2249,2014.62
95,2279,2031.71
96,2279,2074.36
97,2279,2058.92
98,2279,2104.36
99,2279,2084.82
100,2279,2105.71
101,2279,2114.92
102,2279,2124.26
103,2279,2140.24
104,2279,2151.08
105,2279,2148.32
106,2279,2119.63
107,2279,2121.67
108,2279,2111.17
109,2279,2155.85
110,2279,2154.57
111,2279,2086.63
112,2279,2135.46
113,2279,2126.96
114,2279,2165.53
115,2279,2145.9
116,2279,2191.78
117,2279,2167.47
118,2279,2159.97
119,2279,2176.51
120,2279,2194.1
121,2279,2177.19
122,2279,2132.95
123,2279,2144.87
124,2338,2182.09
125,2338,2157.1
126,2279,2218.31
127,2279,1249.66
128,2279,1452.92
129,2279,1563.25
130,2248,1658.29
131,2248,1730.8
132,2279,1754.01
133,2279,1827.79
134,2279,1867.1
135,2279,1923.84
136,2279,1926.08
137,2272,1988.79
138,2189,1949.28
139,2248,1933.66
140,2338,1960.95
141,2338,1981.67
142,2338,2031.22
143,2338,1958.03
144,2338,2068.51
145,2338,2095.23
146,2338,2158.58
147,2338,2119.68
148,2338,2121.3
149,2338,2129.08
150,2338,2171.16
151,2338,2152.49
152,2338,2181.35
153,2338,2186.83
154,2338,2239.6
155,2338,2236.54
156,2338,2262.47
157,2338,2241.92
158,2338,2247.87
159,2338,2223.95
160,2338,2230.29
161,2338,2237.12
162,2338,2244.98
163,2338,2201.96
164,2338,2121.36
165,2338,2153.34
166,2338,2165.86
167,2338,2193.31
168,2338,2215.2
169,2338,2262.7
170,2338,2250.14
171,2338,2247.16
172,2338,2206.46
173,2338,2263.11
174,2338,2248.14
175,2338,2213.3
176,2338,2137.39
177,2338,2179.47
178,2338,2205.19
179,2338,2159.98
180,2338,2229.46
181,2338,2235.24
182,2338,2212.83
183,2338,2229.23
184,2338,2190.6
185,2338,2221.91
186,2338,2240.18
187,2338,2221.71
188,2338,2226.18
189,2338,2236.12
190,2338,2255.45
191,2338,2258.48
192,2338,2231.92
193,2338,2223.68
194,2338,2220.93
195,2338,2261.67
196,2338,2202
197,2338,2232.4
198,2338,2256.6
199,2338,2233.6
200,2338,2228.55
201,2338,2255.67
202,2338,2185.24
203,2338,2222.55
204,2338,2230.21
205,2338,2233.84
206,2338,2201.76
207,2338,2263.03
208,2338,2261.76
209,2338,2219.44
210,2338,2230.34
211,2338,2272.86
212,2338,1191.9
213,2338,1373.12
214,2338,1484.2
215,2338,1551.56
216,2338,1621.87
217,2338,1695.54
218,2338,1782.2
219,2338,1801.27
220,2338,1856.34
221,2230,1927.74
222,2283,1961.74
223,2338,1970.37
224,2338,2022.33
225,2338,2052.59
226,2338,2037.86
227,2338,2133.08
228,2338,2141.98
229,2338,2129.85
230,2338,2194.44
231,2338,2166.8
232,2338,2201.68
233,2338,2177.64
234,2338,2146.84
235,2338,2217.84
236,2338,2146.09
237,2338,2164.17
238,2338,2109.69
239,2338,2201.1
240,2338,2218.24
241,2338,2201.91
242,2338,2250.61
243,2338,2195.26
244,2338,2164.57
245,2338,2207.53
246,2338,2259.06
247,2338,2271.09
248,1959,1160.99
249,2024,1373.96
250,2055,1497.07
251,2024,1601.1
252,1987,1647.43
253,2244,1742.74
254,2244,1738.11
255,2283,1823.24
256,2283,1824.73
257,2306,1889.33
258,2338,1862.85
259,2338,1897.97
260,2338,1954.72
261,2338,1966.81
262,2338,1991.44
263,2338,2029.3
264,2338,2025.5
265,2338,2088.87
266,2338,2105.08
267,2306,2102.76
268,2306,2102.41
269,2306,2123.97
270,2338,2125.13
271,2338,2132.47
272,2338,2127.31
273,2338,2108.63
274,2338,2175.87
275,2338,2165.26
276,2338,2136.91
277,2338,2201.28
278,2338,2205.07
279,2338,2189.87
280,2338,2201.12
281,2338,2213.46
282,2338,2217.97
283,2338,2182.84
284,2338,2217.64
285,2338,2247.32
286,2338,2199.1
287,2338,2199.03
288,2338,2229.5
289,2338,2232.63
290,2338,2232.16
291,2338,2248
292,2338,2204.24
293,2338,2220.08
294,2338,2236.98
295,2338,2222.17
296,2338,2213.82
297,2338,2208.68
298,2338,2220.95
299,2338,2235.74
Population size,100
Crossover rate,0.51
Mutation rate,0.79
Random selection portion,0.03
Selection method,AForge.Genetic.RankSelection
Diversity check,False
Iteration,FitnessMax,FitnessAvg
0,2036,1393.54
1,2036,1493.2
2,1981,1559.77
3,2045,1586.15
4,1981,1613.01
5,2122,1687.95
6,2184,1740.04
7,2184,1768.47
8,2184,1744.28
9,2184,1799.25
10,2130,1864.98
11,2184,1893.26
12,2184,1922.91
13,2248,1967.81
14,2283,1999
15,2283,2025.72
16,2283,2069.06
17,2283,2034.99
18,2283,2046.49
19,2283,2084.35
20,2283,2083.74
21,2283,2105.3
22,2338,2098.98
23,2338,2089.16
24,2338,2093.84
25,2338,2114.13
26,2338,2112.1
27,2338,2124.61
28,2338,2119.49
29,2338,2115.84
30,2338,2158.32
31,2338,2167.32
32,2338,2133.16
33,2338,2132.94
34,2338,2071.35
35,2338,2123.61
36,2338,2143.54
37,2338,2165.85
38,2338,2165.22
39,2338,2158.22
40,2338,2172.66
41,2338,2173.91
42,2338,2183.8
43,2338,2195.84
44,2338,2152.87
45,2338,2189.81
46,2338,2121.56
47,2338,2142.83
48,2338,2202.71
49,2338,2178.9
50,2338,2206.09
51,2338,2227.26
52,2338,2276.8
53,2338,2268.72
54,2338,2215.01
55,2338,2230.4
56,2338,2189.16
57,2338,2240.9
58,2338,2240.88
59,2338,2229.61
60,2338,2281.68
61,2338,2261.88
62,2338,2262.85
63,2338,2232.54
64,2338,2156.4
65,2338,2206.45
66,2338,2215.38
67,2338,2219.71
68,2338,2235.79
69,2338,2213.07
70,2338,2186.38
71,2338,2238.71
72,2338,2276.56
73,2338,2249.91
74,2338,2241.99
75,2338,2243.84
76,2338,2224.45
77,2338,2237.47
78,2338,2185.86
79,2338,2248.57
80,2338,2263.29
81,2338,2244.01
82,2338,2255.85
83,2338,2212.4
84,2338,2218.43
85,2338,2241.74
86,2338,2241.77
87,2338,2205.84
88,2338,2187.41
89,2338,2255.46
90,2338,2264.13
91,2338,2223.02
92,2338,2255.5
93,2338,2236.81
94,2338,2221.58
95,2338,2207.54
96,2338,2195.28
97,2338,2222.15
98,2338,2263.32
99,2338,2251.79
100,2338,2220.77
101,2338,2202.3
102,2338,2252.1
103,2338,2230.51
104,2338,2227.74
105,2338,2252.44
106,2338,2234.35
107,2338,2174.23
108,2338,2194.89
109,2338,2228.46
110,2338,2218.47
111,2338,2258.86
112,2338,2264.65
113,2338,2246.26
114,2338,2219.23
115,2338,2228.06
116,2338,2217.57
117,2338,2233.02
118,2338,2256.95
119,2338,2239.67
120,2338,2219.13
121,2338,2173.16
122,2338,2210.83
123,2338,2230.48
124,2338,2227.41
125,2338,2192.51
126,2338,2186.71
127,2338,2159.42
128,2338,2167.64
129,2338,2204.84
130,2338,2210.26
131,2338,2098.35
132,2338,2157.92
133,2338,2207.93
134,2338,2217.17
135,2338,2186.51
136,2338,2158.66
137,2338,2253.24
138,2338,2236.82
139,2338,2224.25
140,2338,2168.93
141,2338,2208.34
142,2338,2249.83
143,2338,2211.76
144,2338,2244.41
145,2338,2243.67
146,2338,2226.44
147,2338,2226.95
148,2338,2270.88
149,2338,2245.12
150,2338,2251.82
151,2338,2210.69
152,2338,2204.54
153,2338,2242.32
154,2338,2220.65
155,2338,2211.47
156,2338,2254.17
157,2338,2237.99
158,2338,2222.64
159,2338,2192.7
160,2338,2176.34
161,2338,2254.03
162,2338,2226.76
163,2338,2242.59
164,2338,2226.82
165,2338,2264.13
166,2338,2215.43
167,2338,2197.49
168,2338,2220.15
169,2338,2223.24
170,2338,2243.14
171,2338,2224.46
172,2338,2215.93
173,2338,2236.27
174,2338,2270.09
175,2338,2256.06
176,2338,2263.53
177,2338,2246.07
178,2338,2222.65
179,2338,2222.69
180,2338,2223.45
181,2338,2244.29
182,2338,2259.31
183,2338,2154.59
184,2338,2217.96
185,2338,2244.52
186,2338,2241.53
187,2338,2252.35
188,2338,2184.36
189,2338,2245.61
190,2338,2229.97
191,2338,2204.52
192,2338,2223.3
193,2338,2196.91
194,2338,2217.11
195,2338,2240.21
196,2338,2187.26
197,2338,2195.28
198,2338,2224.11
199,2338,2153.68
200,2338,2234.38
201,2338,2198.44
202,2338,2228.82
203,2338,2197.65
204,2338,2231.43
205,2338,2190.66
206,2338,2194.1
207,2338,2215.93
208,2338,2227.75
209,2338,2244.94
210,2338,2254.85
211,2338,2249.13
212,2338,2212.67
213,2338,2239.42
214,2338,2252.49
215,2338,2230.02
216,2338,2180.57
217,2338,2223.89
218,2338,2214.66
219,2338,2263.08
220,2338,2230.91
221,2338,2215.63
222,2338,2255.33
223,2338,2218.61
224,2338,2236.51
225,2338,2254.71
226,2338,2198
227,2338,2206.59
228,2338,2230.87
229,2338,2211.02
230,2338,2234.32
231,2338,2203.26
232,2338,2215.75
233,2338,2245.8
234,2338,2260.44
235,2338,2251.72
236,2338,2188.83
237,2338,2174.42
238,2338,2231.64
239,2338,2224.72
240,2338,2249.5
241,2338,2226.81
242,2338,2234.58
243,2338,2186.36
244,2338,2233.71
245,2338,2148.47
246,2338,2194.96
247,2338,2252.25
248,2338,2232.24
249,2338,2236.13
250,2338,2228.57
251,2338,2190
252,2338,2228.81
253,2338,2197.08
254,2338,2160.5
255,2338,2253.11
256,2338,2210.84
257,2338,2249.78
258,2338,2239.71
259,2338,2257.85
260,2338,2255.87
261,2338,2186.53
262,2338,2209.3
263,2338,2244.04
264,2338,2230.47
265,2338,2264.57
266,2338,2263.58
267,2338,2272.59
268,2338,2219.88
269,2338,2194.43
270,2338,2209.14
271,2338,2201.82
272,2338,2209.33
273,2338,2183.56
274,2338,2199.35
275,2338,2214.09
276,2338,2234.35
277,2338,2235.05
278,2338,2258.13
279,2338,2250.95
280,2338,2257.62
281,2338,2229.24
282,2338,2239.74
283,2338,2239.35
284,2338,2242.58
285,2338,2212.5
286,2338,2242.35
287,2338,2246.47
288,2338,2237.02
289,2338,2254.08
290,2338,2258.91
291,2338,2263.52
292,2338,2256.66
293,2338,2253.36
294,2338,2200.24
295,2338,2237.75
296,2338,2231.41
297,2338,2202.28
298,2338,2243.44
299,2338,2242.49
Population size,100
Crossover rate,0.22
Mutation rate,0.87
Random selection portion,0.03
Selection method,AForge.Genetic.EliteSelection
Diversity check,False
Iteration,FitnessMax,FitnessAvg
0,2117,1412.04
1,2117,1548.12
2,2117,1654.22
3,2117,1758.04
4,2151,1805.39
5,2151,1847.33
6,2151,1910.65
7,2306,1975.18
8,2306,2006.75
9,2306,2029.51
10,2306,2059.24
11,2306,2090.54
12,2306,2108.54
13,2306,2129.25
14,2306,2152.43
15,2338,2135.82
16,2338,2165.27
17,2338,2176.69
18,2338,2196.14
19,2338,2214.57
20,2338,2256.01
21,2338,2270
22,2338,2250.63
23,2338,2274.15
24,2338,2276.48
25,2338,2265.12
26,2338,2288.44
27,2338,2291.65
28,2338,2263.06
29,2338,2302.45
30,2338,2303.81
31,2338,2287.95
32,2338,2296.62
33,2338,2278.09
34,2338,2302.37
35,2338,2299.34
36,2338,2302.31
37,2338,2295.14
38,2338,2316.37
39,2338,2288.85
40,2338,2289.71
41,2338,2306.11
42,2338,2284.67
43,2338,2283.17
44,2338,2313.66
45,2338,2288.89
46,2338,2294.1
47,2338,2306.95
48,2338,2295.7
49,2338,2293.9
50,2338,2299.38
51,2338,2291.33
52,2338,2318.88
53,2338,2279.94
54,2338,2292.41
55,2338,2283.33
56,2338,2281.12
57,2338,2307.51
58,2338,2304.99
59,2338,2307.4
60,2338,2296.4
61,2338,2309.87
62,2338,2304.42
63,2338,2304.25
64,2338,2291.16
65,2338,2301.73
66,2338,2308.14
67,2338,2310.72
68,2338,2307.04
69,2338,2304.52
70,2338,2281.7
71,2338,2308.32
72,2338,2309.23
73,2338,2293.83
74,2338,2306.7
75,2338,2311.42
76,2338,2287.18
77,2338,2307.15
78,2338,2284.73
79,2338,2298.74
80,2338,2303.02
81,2338,2308.23
82,2338,2295.86
83,2338,2297.37
84,2338,2287.86
85,2338,2301.5
86,2338,2298.49
87,2338,2292.68
88,2338,2294.87
89,2338,2319.81
90,2338,2292.48
91,2338,2308.36
92,2338,2304.71
93,2338,2288.88
94,2338,2285.27
95,2338,2312.24
96,2338,2308.3
97,2338,2291.56
98,2338,2298.37
99,2338,2284.22
100,2338,2279.18
101,2338,2302.55
102,2338,2288.54
103,2338,2305.43
104,2338,2306.26
105,2338,2300.53
106,2338,2303.62
107,2338,2282.62
108,2338,2309.26
109,2338,2290.36
110,2338,2305.5
111,2338,2298.44
112,2338,2300.45
113,2338,2275.22
114,2338,2291.82
115,2338,2302.38
116,2338,2292.12
117,2338,2307.1
118,2338,2282.52
119,2338,2293.33
120,2338,2290.01
121,2338,2299.31
122,2338,2292.07
123,2338,2302.02
124,2338,2288.21
125,2338,2291.93
126,2338,2280.99
127,2338,2309.49
128,2338,2289.59
129,2338,2304.02
130,2338,2306.8
131,2338,2304.26
132,2338,2308.54
133,2338,2289.12
134,2338,2307.62
135,2338,2297.34
136,2338,2291.54
137,2338,2277.25
138,2338,2304.36
139,2338,2291.67
140,2338,2275.53
141,2338,2295.35
142,2338,2291.76
143,2338,2282.72
144,2338,2290.06
145,2338,2307.58
146,2338,2299.33
147,2338,2303.84
148,2338,2279.49
149,2338,2287.43
150,2338,2301.12
151,2338,2286.08
152,2338,2309.06
153,2338,2287.98
154,2338,2313.55
155,2338,2305.14
156,2338,2285.69
157,2338,2306.42
158,2338,2306
159,2338,2283.96
160,2338,2305.4
161,2338,2289.37
162,2338,2282.57
163,2338,2308.36
164,2338,2303.19
165,2338,2313.06
166,2338,2289.16
167,2338,2291.25
168,2338,2316.89
169,2338,2283.11
170,2338,2312.7
171,2338,2299.69
172,2338,2311.96
173,2338,2314.26
174,2338,2291.16
175,2338,2304.72
176,2338,2284.57
177,2338,2297.26
178,2338,2309.13
179,2338,2307.45
180,2338,2294.06
181,2338,2267.86
182,2338,2311.71
183,2338,2267.86
184,2338,2298.25
185,2338,2307.34
186,2338,2279.78
187,2338,2292.42
188,2338,2301.22
189,2338,2292.91
190,2338,2299.8
191,2338,2309.31
192,2338,2296.98
193,2338,2302.86
194,2338,2309.71
195,2338,2293.3
196,2338,2291.19
197,2338,2283.75
198,2338,2295.29
199,2338,2297.13
200,2338,2312.29
201,2338,2280.88
202,2338,2289.13
203,2338,2285.81
204,2338,2299.91
205,2338,2289.31
206,2338,2299.99
207,2338,2299.19
208,2338,2292.07
209,2338,2292.11
210,2338,2295.44
211,2338,2298.38
212,2338,2291.3
213,2338,2310.3
214,2338,2310.85
215,2338,2298.3
216,2338,2295.44
217,2338,2303.06
218,2338,2285.32
219,2338,2308.56
220,2338,2291.42
221,2338,2291.13
222,2338,2303.27
223,2338,2303.2
224,2338,2283.1
225,2338,2291.33
226,2338,2289.28
227,2338,2282.38
228,2338,2280.45
229,2338,2309.69
230,2338,2311.01
231,2338,2299.41
232,2338,2306.79
233,2338,2281.53
234,2338,2282.06
235,2338,2294.77
236,2338,2287.93
237,2338,2277.6
238,2338,2298.58
239,2338,2302.38
240,2338,2294.36
241,2338,2302.65
242,2338,2301.92
243,2338,2291.01
244,2338,2295.56
245,2338,2282.75
246,2338,2290.46
247,2338,2293.44
248,2338,2288.55
249,2338,2302.77
250,2338,2297.77
251,2338,2307.72
252,2338,2299.82
253,2338,2308.56
254,2338,2293.33
255,2338,2284.24
256,2338,2288.09
257,2338,2301.56
258,2338,2299.45
259,2338,2291.78
260,2338,2297.91
261,2338,2304.17
262,2338,2288.02
263,2338,2287.47
264,2338,2302.9
265,2338,2290.69
266,2338,2298.75
267,2338,2290.96
268,2338,2290.04
269,2338,2289.65
270,2338,2297.43
271,2338,2308.55
272,2338,2291.14
273,2338,2306.86
274,2338,2311.74
275,2338,2305.65
276,2338,2296.76
277,2338,2294.5
278,2338,2291.39
279,2338,2285.53
280,2338,2304.16
281,2338,2289.08
282,2338,2267.86
283,2338,2286.23
284,2338,2293.48
285,2338,2279.48
286,2338,2300.91
287,2338,2289.91
288,2338,2305.04
289,2338,2311.19
290,2338,2295.93
291,2338,2302.57
292,2338,2289.31
293,2338,2282.52
294,2338,2291.72
295,2338,2309.62
296,2338,2282.74
297,2338,2299.99
298,2338,2302.74
299,2338,2296.32
Population size,100
Crossover rate,0.22
Mutation rate,0.87
Random selection portion,0.03
Selection method,AForge.Genetic.EliteSelection
Diversity check,True
Iteration,FitnessMax,FitnessAvg
0,1876,1371.62
1,1876,1523.06
2,1985,1652.35
3,2023,1718.58
4,2149,1791.12
5,2149,1840.28
6,2211,1917.31
7,2211,1954.76
8,2211,1975.31
9,2272,2021.55
10,2272,2090.73
11,2272,2099.37
12,2283,2144.94
13,2283,2141.35
14,2338,2168.59
15,2338,2175.6
16,2338,2184.52
17,2338,2185.01
18,2338,2211.62
19,2338,2216
20,2338,2233.78
21,2338,2250.69
22,2338,2269.83
23,2338,1337.39
24,2338,1470.05
25,2338,1547.26
26,2338,1628.77
27,2338,1776.68
28,2338,1863.63
29,2338,1902.21
30,2338,1978.45
31,2338,2025.03
32,2338,2067.84
33,2338,2074.37
34,2338,2108.36
35,2338,2158.21
36,2338,2188.13
37,2338,2195.04
38,2338,2220.16
39,2338,2240.86
40,2338,2252.61
41,2338,2250.16
42,2338,2259.52
43,2338,2288.85
44,2338,1411.85
45,2338,1514.47
46,2338,1630.5
47,2338,1777.83
48,2338,1842.26
49,2338,1911.09
50,2338,1945.28
51,2338,2026.29
52,2338,2069.34
53,2338,2104.98
54,2338,2183.77
55,2338,2200.79
56,2338,2228.28
57,2338,2252.3
58,2338,2277.34
59,2338,1428.41
60,2338,1605.13
61,2338,1672.05
62,2338,1768.05
63,2338,1827.09
64,2338,1915.25
65,2338,1969.44
66,2338,2020
67,2338,2065.81
68,2338,2121.07
69,2338,2172.08
70,2338,2189.9
71,2338,2214.36
72,2338,2237.26
73,2338,2261.57
74,2338,2286.61
75,2338,1453.24
76,2338,1595.99
77,2338,1671.05
78,2338,1752.52
79,2338,1821.43
80,2338,1905.96
81,2338,1976.08
82,2338,2028.79
83,2338,2080.51
84,2338,2140.94
85,2338,2175.8
86,2338,2217.06
87,2338,2219.05
88,2338,2231.33
89,2338,2263.7
90,2338,2261.72
91,2338,2277.8
92,2338,1364.98
93,2338,1511.46
94,2338,1627.46
95,2338,1706.84
96,2338,1855.53
97,2338,1957.47
98,2338,1994.75
99,2338,2100.23
100,2338,2130.07
101,2338,2198.41
102,2338,2233.15
103,2338,2267.38
104,2338,2261.08
105,2338,2256.21
106,2338,2273.84
107,2338,1334.84
108,2338,1494.28
109,2338,1596.71
110,2338,1689.95
111,2338,1788.27
112,2338,1865.1
113,2338,1931.4
114,2338,2026.67
115,2338,2056.87
116,2338,2123.9
117,2338,2160.13
118,2338,2183.66
119,2338,2203.58
120,2338,2228.74
121,2338,2232.49
122,2338,2266.25
123,2338,2265.58
124,2338,2283.25
125,2338,1371.11
126,2338,1523.38
127,2338,1652.81
128,2338,1719.96
129,2338,1808.68
130,2338,1877.82
131,2338,1963.21
132,2338,2056.49
133,2338,2094.28
134,2338,2130.36
135,2338,2169.7
136,2338,2207.68
137,2338,2216.46
138,2338,2243.51
139,2338,2264.89
140,2338,2261.31
141,2338,2288.78
142,2338,1425.61
143,2338,1535.41
144,2338,1630.36
145,2338,1707.33
146,2338,1798.63
147,2338,1880.99
148,2338,1921.1
149,2338,2016.1
150,2338,2073.76
151,2338,2109.97
152,2338,2162.82
153,2338,2191.94
154,2338,2225.21
155,2338,2261.35
156,2338,2244.17
157,2338,2268.13
158,2338,1378.51
159,2338,1491.77
160,2338,1594.82
161,2338,1702.11
162,2338,1791.76
163,2338,1877.51
164,2338,1955.54
165,2338,2017.17
166,2338,2063.55
167,2338,2110.03
168,2338,2149.28
169,2338,2203.55
170,2338,2219.34
171,2338,2235.66
172,2338,2238.22
173,2338,2265.28
174,2338,2246.31
175,2338,2265.71
176,2338,2283.01
177,2338,1315.46
178,2338,1483.31
179,2338,1635.01
180,2338,1755.1
181,2338,1875.59
182,2338,1933.19
183,2338,1966.61
184,2338,2060.5
185,2338,2107
186,2338,2140.08
187,2338,2171.18
188,2338,2173.16
189,2338,2206.94
190,2338,2210.55
191,2338,2249.48
192,2338,2268.12
193,2338,1423.54
194,2338,1555.82
195,2338,1640.49
196,2338,1721.93
197,2338,1795.48
198,2338,1867.33
199,2338,1911.72
200,2338,1958.26
201,2338,2011.05
202,2338,2058.99
203,2338,2102.56
204,2338,2131.93
205,2338,2150.69
206,2338,2184.47
207,2338,2217.28
208,2338,2220.66
209,2338,2258.97
210,2338,2274.46
211,2338,1392.43
212,2338,1533.52
213,2338,1657.87
214,2338,1755.47
215,2338,1838.22
216,2338,1900.73
217,2338,1945.41
218,2338,2005.8
219,2338,2066.11
220,2338,2096.14
221,2338,2126.74
222,2338,2158.43
223,2338,2167.84
224,2338,2210.15
225,2338,2234.99
226,2338,2231.28
227,2338,2238.13
228,2338,2260.21
229,2338,2284.43
230,2338,1371.72
231,2338,1526.51
232,2338,1624.2
233,2338,1739.89
234,2338,1783.5
235,2338,1831.47
236,2338,1920.93
237,2338,1998.07
238,2338,2078.77
239,2338,2115.65
240,2338,2148.39
241,2338,2169.51
242,2338,2186.19
243,2338,2212.59
244,2338,2244.6
245,2338,2258.46
246,2338,2286.24
247,2338,1443.77
248,2338,1531.66
249,2338,1673.97
250,2338,1795.73
251,2338,1862.02
252,2338,1961.94
253,2338,1997.67
254,2338,2086.12
255,2338,2120.56
256,2338,2149.21
257,2338,2163.53
258,2338,2186.03
259,2338,2219.95
260,2338,2215.78
261,2338,2250.36
262,2338,2259.13
263,2338,2266.03
264,2338,2293.41
265,2338,1380.7
266,2338,1564.08
267,2338,1688.31
268,2338,1792.09
269,2338,1892.75
270,2338,1961.34
271,2338,2052.5
272,2338,2096.56
273,2338,2144.53
274,2338,2178.77
275,2338,2203.1
276,2338,2215.51
277,2338,2232.31
278,2338,2228.79
279,2338,2237.62
280,2338,2267.92
281,2338,1350.52
282,2338,1528.72
283,2338,1681.14
284,2338,1802.9
285,2338,1879.06
286,2338,1976.9
287,2338,2000.67
288,2338,2066.07
289,2338,2090.68
290,2338,2122.49
291,2338,2139.5
292,2338,2186.3
293,2338,2198.21
294,2338,2227.01
295,2338,2236.14
296,2338,2249.26
297,2338,2249.3
298,2338,2281.3
299,2338,1399.43
Population size,100
Crossover rate,0.22
Mutation rate,0.87
Random selection portion,0.03
Selection method,AForge.Genetic.EliteSelection
Diversity check,True
Iteration,FitnessMax,FitnessAvg
0,1965,1335.71
1,1965,1488.26
2,1968,1591.29
3,2114,1708.28
4,2114,1790.21
5,2114,1847.42
6,2134,1872.6
7,2178,1920.15
8,2218,1948.67
9,2218,1992.87
10,2306,2030.73
11,2306,2068.53
12,2306,2084.09
13,2306,2087.35
14,2338,2130.63
15,2338,2146.65
16,2338,2147.54
17,2338,2147.91
18,2338,2178.27
19,2338,2200.14
20,2338,2228.89
21,2338,2214.31
22,2338,2239.01
23,2338,2240.99
24,2338,2253.75
25,2338,2258.94
26,2338,2258.6
27,2338,2275.52
28,2338,1326.71
29,2338,1484.34
30,2338,1561.74
31,2338,1663.11
32,2338,1689.93
33,2338,1791.3
34,2338,1850.31
35,2338,1901.75
36,2338,1947.5
37,2338,1986.25
38,2338,2014.24
39,2338,2074.62
40,2338,2086.28
41,2338,2118.12
42,2338,2137.06
43,2338,2166.54
44,2338,2160.62
45,2338,2199.37
46,2338,2199.79
47,2338,2232.07
48,2338,2232.01
49,2338,2245.26
Population size,100
Crossover rate,0.22
Mutation rate,0.87
Random selection portion,0.03
Selection method,AForge.Genetic.EliteSelection
Diversity check,True
Iteration,FitnessMax,FitnessAvg
0,1931,1323.07
1,1931,1452.3
2,2064,1540.73
3,2064,1617.51
4,2064,1689.97
5,2065,1770.89
6,2067,1840.42
7,2096,1890.63
8,2213,1946.18
9,2213,1979.56
10,2241,1998.43
11,2249,2039.64
12,2249,2047.18
13,2303,2085.52
14,2303,2097.07
15,2303,2133.97
16,2303,2140.9
17,2303,2168.69
18,2303,2181.28
19,2303,2185.84
20,2338,2218.36
21,2338,2244.99
22,2338,2237.39
23,2338,2260.76
24,2338,2255.47
25,2338,2262.02
26,2338,2261.96
27,2338,2262.79
28,2338,2253.95
29,2338,2273.15
