Population size,100
Crossover rate,0.66
Mutation rate,0.34
Random selection portion,0.03
Selection method,AForge.Genetic.RouletteWheelSelection
Diversity check,False
Iteration,FitnessMax,FitnessAvg
0,1168,631.69
1,1168,673.89
2,1168,747.9
3,1168,794.88
4,1168,832.39
5,1168,894.87
6,1168,882.46
7,1168,865.15
8,1168,879.86
9,1168,898.34
10,1168,917.73
11,1168,911.37
12,1168,917.96
13,1168,927.81
14,1168,933.35
15,1168,945.53
16,1168,950.34
17,1168,952.62
18,1168,975.33
19,1168,961.88
20,1168,981.23
21,1168,965.16
22,1168,969.68
23,1168,967.57
24,1168,1013.48
25,1168,1028.7
26,1168,1009.86
27,1168,1015.52
28,1168,1024.83
29,1168,992.21
30,1168,1002.33
31,1168,1018.74
32,1168,1049.39
33,1168,1043.21
34,1168,1022.11
35,1168,1038.83
36,1168,1033.77
37,1168,1049.04
38,1168,1060.81
39,1168,1060.13
40,1168,1031.86
41,1168,1043.61
42,1168,1056.04
43,1168,1050.37
44,1168,1027.06
45,1168,1010
46,1168,1024.41
47,1168,1034.51
48,1168,1040.56
49,1168,1062.37
50,1168,1064.87
51,1168,1040.68
52,1168,1044.41
53,1168,1011.32
54,1168,1001.36
55,1168,1030.71
56,1168,1006.27
57,1168,1008.09
58,1168,1012.55
59,1168,1018.93
60,1168,1022.15
61,1168,1043.75
62,1168,1058.12
63,1168,1044.3
64,1168,1044.59
65,1168,1021.45
66,1168,1038.24
67,1168,1049.45
68,1168,1017.27
69,1168,992.26
70,1168,1007.12
71,1168,1008.57
72,1168,1042.08
73,1168,1067.71
74,1168,1069.67
75,1168,1090.88
76,1168,1077.1
77,1168,1083.22
78,1168,1076.57
79,1168,1063.03
80,1168,1020.76
81,1168,1032.03
82,1168,1020.11
83,1168,1021.08
84,1168,1027.99
85,1168,1030.24
86,1168,1043.73
87,1168,1052.79
88,1168,1047.69
89,1168,1031.44
90,1168,1040.12
91,1168,1037.75
92,1168,1033.97
93,1168,1024.88
94,1168,1021.09
95,1168,1016.33
96,1168,1016.28
97,1168,1021.26
98,1168,1040.71
99,1168,1057.29
100,1168,1052.38
101,1168,1081.5
102,1168,1070.76
103,1168,1043.59
104,1168,1022.94
105,1168,1006.19
106,1168,1024.03
107,1168,1034.26
108,1168,1002.12
109,1168,1019.48
110,1168,1046.33
111,1168,1051.47
112,1168,1029.14
113,1168,1039.26
114,1168,1064
115,1168,1077.85
116,1168,1038.33
117,1168,1062.38
118,1168,1064.03
119,1168,1054.97
120,1168,1052.51
121,1168,1014.9
122,1168,991.8
123,1168,1004.34
124,1168,1002.85
125,1168,1004.5
126,1168,1005.89
127,1168,1017.71
128,1168,1039.96
129,1168,1014.98
130,1168,1004.07
131,1168,993.42
132,1168,1033.57
133,1168,1045.73
134,1168,1054.18
135,1168,1026.01
136,1168,1023.38
137,1168,1039.04
138,1168,1040.66
139,1168,1032.86
140,1168,1048.9
141,1168,1029.26
142,1168,1038.81
143,1168,1020.3
144,1168,1041.23
145,1168,1029.47
146,1168,997.97
147,1168,979.7
148,1168,1005.4
149,1168,1012.97
150,1168,981.7
151,1168,998.61
152,1168,969.98
153,1168,985.64
154,1168,947.94
155,1168,927.05
156,1168,932.35
157,1168,947.09
158,1168,915.23
159,1168,906.78
160,1168,881.47
161,1168,921.77
162,1168,932.71
163,1168,970.66
164,1168,986.09
165,1168,973.04
166,1168,989.04
167,1168,992.71
168,1168,992.52
169,1168,994.56
170,1168,1006.35
171,1168,1017.74
172,1168,1024
173,1168,1012.66
174,1168,1031.25
175,1168,1030.52
176,1168,1022.61
177,1168,1021.54
178,1168,1027.73
179,1168,1009.36
180,1168,984.99
181,1168,985.3
182,1168,970.56
183,1168,989.24
184,1168,1005.65
185,1168,1024.83
186,1168,1009.13
187,1168,994.18
188,1168,975.22
189,1168,978.8
190,1168,965.07
191,1168,982.11
192,1168,973.17
193,1168,992.17
194,1168,986.68
195,1168,995.17
196,1168,981.65
197,1168,972.54
198,1168,979.88
199,1168,972.39
200,1168,979.38
201,1168,991.23
202,1168,991.41
203,1168,967.12
204,1168,953.93
205,1168,950.12
206,1168,971.67
207,1168,963.66
208,1168,947.62
209,1168,974.85
210,1168,991.34
211,1168,985.42
212,1168,987.97
213,1168,1026.41
214,1168,1040.6
215,1168,1066.68
216,1168,1072.42
217,1168,1061.87
218,1168,1043.66
219,1168,1056.3
220,1168,1039.24
221,1168,1025.32
222,1168,1033.44
223,1168,1020.89
224,1168,1045.18
225,1168,1055.35
226,1168,1017.54
227,1168,1037.47
228,1168,1023.09
229,1168,1032.64
230,1168,1035.33
231,1168,1050.72
232,1168,1057.5
233,1168,1047.94
234,1168,1051.73
235,1168,1091.44
236,1168,1047.4
237,1168,1064.22
238,1168,1032.4
239,1168,1054.66
240,1168,1036.59
241,1168,1053.94
242,1168,1041.11
243,1168,1042.28
244,1168,1035.62
245,1168,1029.05
246,1168,1040.82
247,1168,1024.68
248,1168,1017.86
249,1168,1025.59
250,1168,1017.02
251,1168,1048.8
252,1168,1055.22
253,1168,1028.11
254,1168,1020.68
255,1168,1032.52
256,1168,1035.85
257,1168,1015.88
258,1168,1027.74
259,1168,1031.74
260,1168,1046.31
261,1168,1063.79
262,1168,1045.6
263,1168,1050.39
264,1168,1022.5
265,1168,993.27
266,1168,1032.42
267,1168,1028
268,1168,1041.07
269,1168,1048.67
270,1168,1056.79
271,1168,1056.81
272,1168,1069.17
273,1168,1052.75
274,1168,1018.32
275,1168,1042.09
276,1168,1062.44
277,1168,1092.61
278,1168,1101.6
279,1168,1058.68
280,1168,1053.87
281,1168,1059.73
282,1168,1063.47
283,1168,1030.34
284,1168,1011.85
285,1168,1018.69
286,1168,1046.66
287,1168,1056.88
288,1168,1049.52
289,1168,1052.04
290,1168,1047.22
291,1168,1041.76
292,1168,1045.63
293,1168,1055.22
294,1168,1034.38
295,1168,1073
296,1168,1081.54
297,1168,1069.89
298,1168,1073.87
299,1168,1076.95
Population size,100
Crossover rate,0.66
Mutation rate,0.34
Random selection portion,0.03
Selection method,AForge.Genetic.RouletteWheelSelection
Diversity check,True
Iteration,FitnessMax,FitnessAvg
0,1057,684.39
1,997,707.32
2,1097,748
3,1168,790.98
4,1168,809.95
5,1168,812.6
6,1168,852.78
7,1168,848.18
8,1168,857.39
9,1168,885.12
10,1168,911.57
11,1168,899.25
12,1168,916.77
13,1168,924.56
14,1168,962.25
15,1168,957.21
16,1168,934.47
17,1168,934.06
18,1168,943.1
19,1168,959.92
20,1168,961.18
21,1168,963.56
22,1168,965.25
23,1168,920.4
24,1168,937.92
25,1168,952.24
26,1168,949.55
27,1168,956.24
28,1168,937.77
29,1168,962.58
30,1168,954.77
31,1168,961.4
32,1168,962.93
33,1168,966.84
34,1168,976.12
35,1168,939.95
36,1168,955.82
37,1168,997.04
38,1168,994.64
39,1168,995.86
40,1168,995.27
41,1168,980.08
42,1168,982.1
43,1168,1007.31
44,1168,1033.19
45,1168,1008.77
46,1168,1019.02
47,1168,1022.43
48,1168,1039.28
49,1168,1060.23
50,1168,1036.93
51,1168,1043.72
52,1168,1002.58
53,1168,1029.92
54,1168,1022.63
55,1168,1019.8
56,1168,1025
57,1168,1011.92
58,1168,1006.85
59,1168,1007.65
60,1168,990.58
61,1168,1000.34
62,1168,984.3
63,1168,1005.46
64,1168,1040.28
65,1168,1059.94
66,1168,1046.92
67,1168,1057.89
68,1168,1059.73
69,1168,1045.8
70,1168,1048.51
71,1168,1053.17
72,1168,1051.3
73,1168,1010.24
74,1168,997.55
75,1168,1012.44
76,1168,1000.19
77,1168,977.6
78,1168,999.02
79,1168,1007.01
80,1168,1015.25
81,1168,1011.19
82,1168,1006.45
83,1168,991.41
84,1168,991.66
85,1168,1019.81
86,1168,1003.49
87,1168,1018.83
88,1168,1039.44
89,1168,1027.27
90,1168,1028.42
91,1168,1032.86
92,1168,1040.05
93,1168,1046.95
94,1168,1040.56
95,1168,1050
96,1168,1042.1
97,1168,1036
98,1168,1034.85
99,1168,1020.09
100,1168,1069.5
101,1168,1074.65
102,1168,1065.5
103,1168,1055.78
104,1168,1045.22
105,1168,1044.67
106,1168,1044.92
107,1168,1031.39
108,1168,1018.75
109,1168,996.73
110,1168,1040.44
111,1168,1029.53
112,1168,1040.82
113,1168,1042.34
114,1168,1041.82
115,1168,1066.48
116,1168,1070.91
117,1168,1075.57
118,1168,1054.04
119,1168,1039.99
120,1168,1007.04
121,1168,1007.25
122,1168,1024.26
123,1168,1032.02
124,1168,1007.15
125,1168,1001.74
126,1168,1037.12
127,1168,993.83
128,1168,1030.1
129,1168,1055.97
130,1168,1028.65
131,1168,992.53
132,1168,1023.73
133,1168,1040.21
134,1168,1040.93
135,1168,1065.85
136,1168,1069.4
137,1168,1050.38
138,1168,1073.64
139,1168,1045.76
140,1168,1024.23
141,1168,1061.09
142,1168,1040.53
143,1168,1064.22
144,1168,1070.45
145,1168,1067.94
146,1168,1065.15
147,1168,1065.09
148,1168,1070.82
149,1168,1025.55
150,1168,1050.19
151,1168,1034.09
152,1168,1017.26
153,1168,1057.21
154,1168,1068.45
155,1168,1045.09
156,1168,1032.5
157,1168,1049.59
158,1168,1056.61
159,1168,1065.87
160,1168,1084.01
161,1168,1074.95
162,1168,1068.52
163,1168,1067.34
164,1168,1045.67
165,1168,1024.33
166,1168,992.21
167,1168,1010.53
168,1168,993.83
169,1168,1007.65
170,1168,1015.22
171,1168,1000.5
172,1168,1016.68
173,1168,990.45
174,1168,955.55
175,1168,928.45
176,1168,954.77
177,1168,962.51
178,1168,990.06
179,1168,1017.76
180,1168,1001.8
181,1168,1010.29
182,1168,1008.91
183,1168,1042.9
184,1168,1017.21
185,1168,1034.98
186,1168,1027.99
187,1168,1062.86
188,1168,1077.16
189,1168,1067.87
190,1168,1045.81
191,1168,1043.68
192,1168,1053.71
193,1168,1002.57
194,1168,988.7
195,1168,982.3
196,1168,1022.53
197,1168,1021.68
198,1168,1027.52
199,1168,1048.42
200,1168,1066.4
201,1168,1074.98
202,1168,1041.77
203,1168,1081.13
204,1168,1084.39
205,1168,1068.32
206,1168,1068.69
207,1168,1084.16
208,1168,1073.33
209,1168,1102.71
210,1168,1075.79
211,1168,1076.88
212,1168,1061.05
213,1168,1076.52
214,1168,1037.17
215,1168,1007.84
216,1168,1020.24
217,1168,1031.84
218,1168,989.47
219,1168,994.06
220,1168,1012.07
221,1168,997.83
222,1168,978.92
223,1168,986.2
224,1168,1000.31
225,1168,1012.56
226,1168,1020.1
227,1168,990.23
228,1168,981.79
229,1168,962.77
230,1168,962.97
231,1168,949.17
232,1168,967.35
233,1168,1008.09
234,1168,1002.85
235,1168,992.89
236,1168,1033.67
237,1168,1037.05
238,1168,1033.35
239,1168,1049.46
240,1168,1027.62
241,1168,1053.1
242,1168,1039.88
243,1168,1015.46
244,1168,1004.79
245,1168,990.35
246,1168,986.25
247,1168,984.87
248,1168,981.71
249,1168,1002.14
250,1168,1027.43
251,1168,1021.51
252,1168,1012.64
253,1168,1004.62
254,1168,1053.1
255,1168,1069.69
256,1168,1046.23
257,1168,1042.69
258,1168,1031
259,1168,1016.14
260,1168,1012.12
261,1168,1025.83
262,1168,1026.91
263,1168,1028.83
264,1168,1016.49
265,1168,1025.02
266,1168,1009.95
267,1168,997.65
268,1168,989.61
269,1168,1006.07
270,1168,1009.36
271,1168,1069.93
272,1168,1075.33
273,1168,1078
274,1168,1035.37
275,1168,1036.33
276,1168,1024.8
277,1168,1022.53
278,1168,1007.24
279,1168,997.13
280,1168,984.56
281,1168,1002.32
282,1168,1037.91
283,1168,1016.85
284,1168,1011.36
285,1168,1014.21
286,1168,1028.86
287,1168,1037.86
288,1168,1043.95
289,1168,1098.54
290,1168,1080.52
291,1168,1078.05
292,1168,1070.81
293,1168,1061.09
294,1168,1067.48
295,1168,1066.44
296,1168,1066.78
297,1168,1061.2
298,1168,1054.04
299,1168,1037.22
Population size,100
Crossover rate,0.51
Mutation rate,0.79
Random selection portion,0.03
Selection method,AForge.Genetic.RankSelection
Diversity check,True
Iteration,FitnessMax,FitnessAvg
0,1168,359.63
1,1168,511.72
2,1168,581.93
3,1168,724.91
4,1097,778.59
5,1168,850.5
6,1168,903.2
7,1168,923.99
8,1168,931.08
9,1168,935.55
10,1168,993.98
11,1168,985.35
12,1168,958.32
13,1168,900.52
14,1168,974.74
15,1168,927.34
16,1168,972.75
17,1168,980.27
18,1168,984.53
19,1168,1007.28
20,1168,1034.08
21,1168,1006.32
22,1168,1039.31
23,1168,1031.38
24,1168,1042.44
25,1168,1027
26,1168,1033.8
27,1168,970.94
28,1168,1022.31
29,1168,1040.83
30,1168,1033.76
31,1168,999.87
32,1168,987.5
33,1168,991.87
34,1168,1020.35
35,1168,938.04
36,1168,966.8
37,1168,955.4
38,1168,1035.1
39,1168,993.44
40,1168,987.45
41,1168,1019.34
42,1168,1019.44
43,1168,985.86
44,1168,1010.06
45,1168,1032.81
46,1168,1010.44
47,1168,1025.37
48,1168,986.45
49,1168,1008
50,1168,1001.34
51,1168,1001.04
52,1168,983.81
53,1168,974.83
54,1168,1016.6
55,1168,1001.12
56,1168,1005.11
57,1168,997.2
58,1168,998.03
59,1168,1019.82
60,1168,1000.63
61,1168,1021.21
62,1168,1045.57
63,1168,969.4
64,1168,1012.27
65,1168,992.5
66,1168,1054.63
67,1168,991.11
68,1168,1000.45
69,1168,1028.44
70,1168,1024.82
71,1168,1034.93
72,1168,1032.2
73,1168,1018.54
74,1168,989.27
75,1168,1027.23
76,1168,1010.88
77,1168,1058.97
78,1168,1031.41
79,1168,1044.02
80,1168,983.4
81,1168,1007.24
82,1168,994.42
83,1168,1048.29
84,1168,1021.4
85,1168,1024.13
86,1168,1038.6
87,1168,1053.54
88,1168,1035.41
89,1168,1056.58
90,1168,1049.86
91,1168,1015.19
92,1168,1048.45
93,1168,1043.34
94,1168,1029.04
95,1168,1016.69
96,1168,1059.8
97,1168,1050.5
98,1168,1041.6
99,1168,1030.18
100,1168,1064.41
101,1168,1035.73
102,1168,1055.93
103,1168,1012.32
104,1168,1066.38
105,1168,1049.67
106,1168,1045.96
107,1168,1046.33
108,1168,980.81
109,1168,1081.35
110,1168,1032.69
111,1168,1022.24
112,1168,1002.72
113,1168,967.02
114,1168,955.15
115,1168,1011.75
116,1168,1033.24
117,1168,1015.32
118,1168,1030.12
119,1168,983.04
120,1168,1061.4
121,1168,1006.44
122,1168,1003.02
123,1168,1023.8
124,1168,974.64
125,1168,988.6
126,1168,945.26
127,1168,981.33
128,1168,998.65
129,1168,990.72
130,1168,1027.04
131,1168,1002.12
132,1168,946.9
133,1168,1036.41
134,1168,1038.03
135,1168,998.37
136,1168,1020.19
137,1168,1040.88
138,1168,1023.53
139,1168,1058.34
140,1168,1063.51
141,1168,1059.82
142,1168,1074.93
143,1168,1012.89
144,1168,1005.51
145,1168,1014.54
146,1168,963.6
147,1168,1005.8
148,1168,1000.95
149,1168,1055.49
150,1168,1040.56
151,1168,966.66
152,1168,1000.55
153,1168,990.24
154,1168,992.32
155,1168,1047.02
156,1168,1037.28
157,1168,1027.13
158,1168,1030.6
159,1168,1061.24
160,1168,1017.36
161,1168,978.15
162,1168,943.63
163,1168,983.01
164,1168,995.14
165,1168,1037.76
166,1168,1016.11
167,1168,1039.97
168,1168,1073.51
169,1168,1025.51
170,1168,1045.7
171,1168,1091.59
172,1168,1043.09
173,1168,1026.35
174,1168,1037.25
175,1168,1061.2
176,1168,1053.23
177,1168,1076.25
178,1168,1065.33
179,1168,991.27
180,1168,1006.14
181,1168,1022.36
182,1168,1057.31
183,1168,1054.19
184,1168,1016.32
185,1168,1070.26
186,1168,1052.51
187,1168,1022.61
188,1168,1050.3
189,1168,998.25
190,1168,1018.03
191,1168,949.39
192,1168,1007.29
193,1168,1024.15
194,1168,994.92
195,1168,1012.23
196,1168,1022.73
197,1168,1003.37
198,1168,1004.55
199,1168,982.95
200,1168,1013.41
201,1168,994.42
202,1168,1003.55
203,1168,986.11
204,1168,942.16
205,1168,886.27
206,1168,957.1
207,1168,895.35
208,1168,931.59
209,1168,892.27
210,1168,976.86
211,1168,981.79
212,1168,1002.24
213,1168,1024.87
214,1168,1039.89
215,1168,1000.07
216,1168,949.08
217,1168,1014.97
218,1168,1030.22
219,1168,1032.9
220,1168,995.53
221,1168,1060.95
222,1168,1022.23
223,1168,1020.38
224,1168,938.17
225,1168,1007.98
226,1168,1028.3
227,1168,1071.23
228,1168,1036.28
229,1168,1047.06
230,1168,1005.54
231,1168,1021.89
232,1168,1054.25
233,1168,1020.12
234,1168,978.27
235,1168,1004.84
236,1168,1010.21
237,1168,1040.51
238,1168,1063.23
239,1168,1043.84
240,1168,1058.25
241,1168,1055.34
242,1168,1027.41
243,1168,1018.1
244,1168,980.79
245,1168,992.15
246,1168,999.39
247,1168,1012.58
248,1168,1000.78
249,1168,1011.69
250,1168,1031.09
251,1168,1017.17
252,1168,992.32
253,1168,992.05
254,1168,980.48
255,1168,1001.95
256,1168,1040.98
257,1168,1015.26
258,1168,1034.73
259,1168,1006.71
260,1168,1025.39
261,1168,996.02
262,1168,1026.48
263,1168,1053.76
264,1168,1045.68
265,1168,1044.24
266,1168,1056.57
267,1168,1063
268,1168,1048.39
269,1168,1035.07
270,1168,1030.65
271,1168,989.26
272,1168,994.35
273,1168,950.68
274,1168,1006.28
275,1168,1032.24
276,1168,1001.73
277,1168,1025.82
278,1168,956.21
279,1168,1026.53
280,1168,1043.12
281,1168,1047.21
282,1168,1044.46
283,1168,1025.4
284,1168,1083.49
285,1168,1049.45
286,1168,1062.13
287,1168,1024.72
288,1168,1015.95
289,1168,1018.84
290,1168,968.38
291,1168,986.48
292,1168,979.68
293,1168,964.36
294,1168,943.16
295,1168,1011.53
296,1168,1026.75
297,1168,1040.05
298,1168,1045.77
299,1168,1044.38
Population size,100
Crossover rate,0.51
Mutation rate,0.79
Random selection portion,0.03
Selection method,AForge.Genetic.RankSelection
Diversity check,False
Iteration,FitnessMax,FitnessAvg
0,922,256.45
1,1168,412.97
2,1168,527.64
3,1168,643.12
4,1057,713.62
5,1168,789.14
6,1168,791.03
7,1168,761.75
8,1168,784.13
9,1168,775.66
10,1168,799.68
11,1168,807.54
12,1168,858.49
13,1168,846.84
14,1168,887.83
15,1168,943.21
16,1168,938.04
17,1168,970.89
18,1168,910.64
19,1168,931.46
20,1168,921.67
21,1168,923.86
22,1168,914.03
23,1168,902.4
24,1168,911.1
25,1168,948.19
26,1168,951.67
27,1168,1031.63
28,1168,1051.37
29,1168,1026.94
30,1168,974.59
31,1168,986.94
32,1168,974.71
33,1168,1053.44
34,1168,1023.16
35,1168,1028.9
36,1168,1036.54
37,1168,1009.9
38,1168,933.49
39,1168,971.43
40,1168,993.28
41,1168,968.76
42,1168,980.14
43,1168,982.29
44,1168,1011.62
45,1168,1014.93
46,1168,1028.08
47,1168,1014.5
48,1168,984.96
49,1168,1015.18
50,1168,1030.2
51,1168,1031.7
52,1168,1014.57
53,1168,1009.05
54,1168,1029.99
55,1168,1036.44
56,1168,1027.61
57,1168,997.08
58,1168,988.24
59,1168,1018.04
60,1168,1040.08
61,1168,1033.52
62,1168,1009.82
63,1168,1025.34
64,1168,1018.84
65,1168,971.21
66,1168,1024.69
67,1168,1051.29
68,1168,1022.1
69,1168,1067
70,1168,1045.84
71,1168,1045.38
72,1168,1042.97
73,1168,1003.42
74,1168,993.31
75,1168,1016
76,1168,1017.31
77,1168,967.3
78,1168,1006.57
79,1168,1004.45
80,1168,984.67
81,1168,987.53
82,1168,1015.35
83,1168,1038.93
84,1168,1038.87
85,1168,1004.83
86,1168,994.81
87,1168,1017.81
88,1168,1041.12
89,1168,1068.61
90,1168,1017.02
91,1168,1018.07
92,1168,1051.36
93,1168,1039.43
94,1168,1056.91
95,1168,1053
96,1168,1064.6
97,1168,1019.64
98,1168,952.3
99,1168,1023.59
100,1168,1048.31
101,1168,1006.75
102,1168,1037.37
103,1168,1073.01
104,1168,1063.51
105,1168,1062.2
106,1168,1037.39
107,1168,1044.92
108,1168,1022.57
109,1168,1005.26
110,1168,996.78
111,1168,984.32
112,1168,985.9
113,1168,959.34
114,1168,954.82
115,1168,974.54
116,1168,1013.33
117,1168,1045.74
118,1168,1047.08
119,1168,1047.75
120,1168,1019.98
121,1168,1041.24
122,1168,1032.75
123,1168,986.11
124,1168,1018.06
125,1168,998.12
126,1168,995.32
127,1168,1028.59
128,1168,994.64
129,1168,1027.24
130,1168,1081.16
131,1168,1065.15
132,1168,1030.99
133,1168,992.62
134,1168,1036.39
135,1168,1053.57
136,1168,1083.4
137,1168,1032.21
138,1168,1040.21
139,1168,1052.23
140,1168,1061.79
141,1168,1073.76
142,1168,990
143,1168,984.49
144,1168,996.53
145,1168,990.36
146,1168,961.72
147,1168,971.92
148,1168,1018.27
149,1168,1031.56
150,1168,1008.55
151,1168,1016.14
152,1168,1042.34
153,1168,1040.59
154,1168,1054.53
155,1168,1011.62
156,1168,1022.58
157,1168,1036.48
158,1168,1050.1
159,1168,1014.2
160,1168,1044.89
161,1168,1041.06
162,1168,1036.01
163,1168,1003.08
164,1168,1078.59
165,1168,1008.73
166,1168,994.91
167,1168,922.88
168,1168,1024.81
169,1168,969.97
170,1168,998.49
171,1168,1042.2
172,1168,993.02
173,1168,999.45
174,1168,973.41
175,1168,1023.16
176,1168,1012.95
177,1168,1018
178,1168,1056.65
179,1168,1010.85
180,1168,1006.79
181,1168,1025.47
182,1168,998.39
183,1168,1034.96
184,1168,1015.36
185,1168,1048.99
186,1168,1060.34
187,1168,1013.72
188,1168,993.99
189,1168,1047.45
190,1168,1048.6
191,1168,1058.1
192,1168,1037.77
193,1168,1009.89
194,1168,1062.31
195,1168,1048.75
196,1168,1047.08
197,1168,1045.21
198,1168,1001.76
199,1168,984.22
200,1168,1016.18
201,1168,961.63
202,1168,957.35
203,1168,1000.08
204,1168,1036.26
205,1168,1008.12
206,1168,977.87
207,1168,977.39
208,1168,1011.58
209,1168,1033.62
210,1168,1008
211,1168,1009.01
212,1168,1039.09
213,1168,993.61
214,1168,1015.08
215,1168,1020
216,1168,1046.43
217,1168,1046.54
218,1168,1032.89
219,1168,1033.27
220,1168,995.43
221,1168,987.68
222,1168,1014.99
223,1168,996.22
224,1168,1005.44
225,1168,1004.34
226,1168,1014.19
227,1168,964.9
228,1168,1045.13
229,1168,1034
230,1168,1055.35
231,1168,1051.31
232,1168,1043.27
233,1168,1083.72
234,1168,1003.16
235,1168,1054.41
236,1168,1041.57
237,1168,1036.72
238,1168,1046.7
239,1168,970.2
240,1168,1000.32
241,1168,980.54
242,1168,984.09
243,1168,1045.53
244,1168,1015.37
245,1168,984.64
246,1168,1056.4
247,1168,1059.73
248,1168,1071.24
249,1168,1052
250,1168,1047.39
251,1168,1023.16
252,1168,959.37
253,1168,992.97
254,1168,965.9
255,1168,1004.68
256,1168,1031.95
257,1168,1012.42
258,1168,984.38
259,1168,1006.53
260,1168,983.78
261,1168,992.93
262,1168,1050.47
263,1168,1043.95
264,1168,1027.18
265,1168,1026.67
266,1168,976.77
267,1168,1043.01
268,1168,1076.64
269,1168,1053.84
270,1168,1035.82
271,1168,1037.32
272,1168,1029.18
273,1168,1056.01
274,1168,1035.1
275,1168,1019.35
276,1168,1044.57
277,1168,992.85
278,1168,1041.69
279,1168,966.6
280,1168,926
281,1168,947.62
282,1168,959.22
283,1168,975.67
284,1168,994.94
285,1168,964.81
286,1168,994.15
287,1168,931.49
288,1168,1003.79
289,1168,967.42
290,1168,1004.79
291,1168,968.41
292,1168,995.18
293,1168,975.23
294,1168,1010.71
295,1168,981.23
296,1168,940.09
297,1168,975.57
298,1168,1013.48
299,1168,1002.43
Population size,100
Crossover rate,0.22
Mutation rate,0.87
Random selection portion,0.03
Selection method,AForge.Genetic.EliteSelection
Diversity check,False
Iteration,FitnessMax,FitnessAvg
0,1168,357.52
1,1168,633.65
2,1168,754.13
3,1168,836.84
4,1168,894.26
5,1168,961.19
6,1168,989.66
7,1168,1000.15
8,1168,1021.2
9,1168,1033.29
10,1168,1053.65
11,1168,1049.78
12,1168,1061.12
13,1168,1073.27
14,1168,1087.37
15,1168,1080.55
16,1168,1103.42
17,1168,1101.63
18,1168,1115.21
19,1168,1121.6
20,1168,1132.96
21,1168,1146.18
22,1168,1132.96
23,1168,1137.25
24,1168,1152.56
25,1168,1132.96
26,1168,1137.84
27,1168,1138.2
28,1168,1133.61
29,1168,1132.96
30,1168,1134.4
31,1168,1140.34
32,1168,1135.94
33,1168,1137.63
34,1168,1144.66
35,1168,1135.9
36,1168,1132.96
37,1168,1142.56
38,1168,1132.96
39,1168,1141.53
40,1168,1132.96
41,1168,1132.96
42,1168,1132.96
43,1168,1132.96
44,1168,1132.96
45,1168,1138.78
46,1168,1137.25
47,1168,1132.96
48,1168,1145.35
49,1168,1133.65
50,1168,1137.96
51,1168,1145.15
52,1168,1132.96
53,1168,1132.96
54,1168,1143.36
55,1168,1142.79
56,1168,1141.03
57,1168,1134.74
58,1168,1139.07
59,1168,1140.16
60,1168,1132.96
61,1168,1139.41
62,1168,1155.62
63,1168,1132.96
64,1168,1141.22
65,1168,1149.25
66,1168,1144.4
67,1168,1132.96
68,1168,1138.4
69,1168,1144.64
70,1168,1138.82
71,1168,1144.45
72,1168,1132.96
73,1168,1139.66
74,1168,1138.82
75,1168,1143.46
76,1168,1132.96
77,1168,1137.63
78,1168,1132.96
79,1168,1132.96
80,1168,1142.82
81,1168,1139.45
82,1168,1139.66
83,1168,1132.96
84,1168,1135.51
85,1168,1138.17
86,1168,1141.72
87,1168,1147.71
88,1168,1132.96
89,1168,1137.53
90,1168,1134.32
91,1168,1150.43
92,1168,1132.96
93,1168,1138.97
94,1168,1139.45
95,1168,1136.72
96,1168,1132.96
97,1168,1132.96
98,1168,1136.84
99,1168,1140.66
100,1168,1144.18
101,1168,1132.96
102,1168,1132.96
103,1168,1138.51
104,1168,1139.05
105,1168,1141.66
106,1168,1142.6
107,1168,1137.49
108,1168,1138.97
109,1168,1132.96
110,1168,1132.96
111,1168,1139.47
112,1168,1132.96
113,1168,1132.96
114,1168,1139.22
115,1168,1132.96
116,1168,1143.82
117,1168,1132.96
118,1168,1138.85
119,1168,1138.76
120,1168,1137.3
121,1168,1132.96
122,1168,1140.51
123,1168,1145.06
124,1168,1132.96
125,1168,1142.18
126,1168,1141.04
127,1168,1147.92
128,1168,1132.96
129,1168,1139.67
130,1168,1139.23
131,1168,1132.96
132,1168,1138.53
133,1168,1143.43
134,1168,1132.96
135,1168,1141.66
136,1168,1132.96
137,1168,1137.65
138,1168,1143.39
139,1168,1132.96
140,1168,1138.38
141,1168,1136.57
142,1168,1143.69
143,1168,1132.96
144,1168,1132.96
145,1168,1132.96
146,1168,1132.96
147,1168,1143.73
148,1168,1139.68
149,1168,1132.96
150,1168,1141.49
151,1168,1132.96
152,1168,1139.22
153,1168,1132.96
154,1168,1149.46
155,1168,1138.82
156,1168,1147.95
157,1168,1136.8
158,1168,1133.67
159,1168,1144.3
160,1168,1140.36
161,1168,1136.76
162,1168,1153.92
163,1168,1132.96
164,1168,1149.02
165,1168,1141.68
166,1168,1136.13
167,1168,1138.09
168,1168,1141.09
169,1168,1142.31
170,1168,1139.32
171,1168,1132.96
172,1168,1136.78
173,1168,1139.07
174,1168,1138.59
175,1168,1132.96
176,1168,1145.39
177,1168,1132.96
178,1168,1132.96
179,1168,1143.18
180,1168,1132.96
181,1168,1132.96
182,1168,1136.65
183,1168,1140.64
184,1168,1134.32
185,1168,1132.96
186,1168,1132.96
187,1168,1146.55
188,1168,1140.97
189,1168,1137.83
190,1168,1137.69
191,1168,1132.96
192,1168,1132.96
193,1168,1133.61
194,1168,1139.5
195,1168,1142.13
196,1168,1132.96
197,1168,1141.25
198,1168,1142.86
199,1168,1132.96
200,1168,1140.49
201,1168,1137.78
202,1168,1138.47
203,1168,1146.94
204,1168,1139.28
205,1168,1132.96
206,1168,1139.32
207,1168,1140.37
208,1168,1138.16
209,1168,1144.47
210,1168,1132.96
211,1168,1140.29
212,1168,1140.91
213,1168,1144.48
214,1168,1139.49
215,1168,1142.63
216,1168,1145.99
217,1168,1136.61
218,1168,1132.96
219,1168,1132.96
220,1168,1140.35
221,1168,1140.26
222,1168,1151.01
223,1168,1142.37
224,1168,1142.56
225,1168,1145.77
226,1168,1138.11
227,1168,1132.96
228,1168,1132.96
229,1168,1135
230,1168,1143.49
231,1168,1132.96
232,1168,1139.91
233,1168,1140.97
234,1168,1137.45
235,1168,1139.72
236,1168,1149.13
237,1168,1135.49
238,1168,1141.47
239,1168,1141.53
240,1168,1132.96
241,1168,1132.96
242,1168,1138.11
243,1168,1138.53
244,1168,1143.79
245,1168,1132.96
246,1168,1146.04
247,1168,1141.22
248,1168,1138.49
249,1168,1134.32
250,1168,1137.46
251,1168,1136.49
252,1168,1142.05
253,1168,1132.96
254,1168,1139.47
255,1168,1132.96
256,1168,1136.8
257,1168,1136.4
258,1168,1136.17
259,1168,1137.53
260,1168,1132.96
261,1168,1141.6
262,1168,1132.96
263,1168,1132.96
264,1168,1132.96
265,1168,1149.87
266,1168,1132.96
267,1168,1139.67
268,1168,1132.96
269,1168,1143.31
270,1168,1138.76
271,1168,1135.43
272,1168,1140.55
273,1168,1139.99
274,1168,1143.9
275,1168,1132.96
276,1168,1132.96
277,1168,1137.46
278,1168,1132.96
279,1168,1138.15
280,1168,1141.91
281,1168,1136.8
282,1168,1135.9
283,1168,1133.63
284,1168,1152.59
285,1168,1135.67
286,1168,1132.96
287,1168,1143.88
288,1168,1134.8
289,1168,1132.96
290,1168,1138.34
291,1168,1134.8
292,1168,1132.96
293,1168,1132.96
294,1168,1138.76
295,1168,1132.96
296,1168,1149.51
297,1168,1141.72
298,1168,1132.96
299,1168,1132.96
Population size,100
Crossover rate,0.22
Mutation rate,0.87
Random selection portion,0.03
Selection method,AForge.Genetic.EliteSelection
Diversity check,True
Iteration,FitnessMax,FitnessAvg
0,1057,374.6
1,1057,620
2,1097,759.27
3,1168,838.29
4,1168,892.48
5,1168,929.79
6,1168,972.84
7,1168,1000.34
8,1168,1019.94
9,1168,1036.73
10,1168,1046.09
11,1168,1064.58
12,1168,1049.29
13,1168,1061.35
14,1168,1056.24
15,1168,1067.98
16,1168,1070.57
17,1168,1074.17
18,1168,1072.99
19,1168,1081.25
20,1168,1103.02
21,1168,1105.83
22,1168,1107.45
23,1168,1108.11
24,1168,1116.63
25,1168,1140.05
26,1168,499.81
27,1168,685.29
28,1168,805.6
29,1168,878.3
30,1168,903.52
31,1168,956.99
32,1168,990.54
33,1168,1002.1
34,1168,1019.47
35,1168,1031.43
36,1168,1048.94
37,1168,1046.45
38,1168,1046.19
39,1168,1044.72
40,1168,1058.36
41,1168,1049.94
42,1168,1059.71
43,1168,1054.96
44,1168,1057.58
45,1168,1065.08
46,1168,1064.51
47,1168,1073.3
48,1168,1093.56
49,1168,1093.83
50,1168,1111.23
51,1168,1105.82
52,1168,1108.23
53,1168,1105.98
54,1168,1121.43
55,1168,1125.77
56,1168,1141.77
57,1168,401.93
58,1168,616.36
59,1168,711.38
60,1168,774.46
61,1168,845.88
62,1168,887.52
63,1168,949.88
64,1168,978.67
65,1168,1008.26
66,1168,1017.66
67,1168,1036.57
68,1168,1053.73
69,1168,1086.51
70,1168,1083.4
71,1168,1086.46
72,1168,1098.86
73,1168,1111.33
74,1168,1121.43
75,1168,1132.96
76,1168,481.52
77,1168,736.94
78,1168,857.23
79,1168,909.04
80,1168,965.37
81,1168,998.71
82,1168,1007.43
83,1168,1029.38
84,1168,1035.03
85,1168,1049.61
86,1168,1041.63
87,1168,1050.42
88,1168,1049.26
89,1168,1045.58
90,1168,1055.81
91,1168,1054.25
92,1168,1051.21
93,1168,1056.6
94,1168,1063.94
95,1168,1065.29
96,1168,1073.02
97,1168,1084.61
98,1168,1097.3
99,1168,1092.05
100,1168,1091.07
101,1168,1102.07
102,1168,1119.42
103,1168,1107.4
104,1168,1121.47
105,1168,1125.15
106,1168,1141.99
107,1168,385.92
108,1168,643.77
109,1168,757.62
110,1168,831.04
111,1168,888.38
112,1168,918.5
113,1168,944.2
114,1168,983.36
115,1168,994.1
116,1168,1012.96
117,1168,1014.82
118,1168,1031.61
119,1168,1035.81
120,1168,1043.98
121,1168,1045.22
122,1168,1049.74
123,1168,1056.82
124,1168,1062.68
125,1168,1070.48
126,1168,1072.01
127,1168,1084.1
128,1168,1087.11
129,1168,1095.68
130,1168,1113.72
131,1168,1124.7
132,1168,1125.86
133,1168,1140.81
134,1168,444.47
135,1168,681.5
136,1168,801.61
137,1168,851.87
138,1168,899.97
139,1168,931.21
140,1168,973.07
141,1168,985.39
142,1168,1008.38
143,1168,1028.59
144,1168,1045.21
145,1168,1059.82
146,1168,1065.61
147,1168,1079.65
148,1168,1077.99
149,1168,1086.27
150,1168,1092.4
151,1168,1099
152,1168,1099.59
153,1168,1106.69
154,1168,1125.06
155,1168,1136.99
156,1168,500.1
157,1168,681.67
158,1168,781.42
159,1168,849.4
160,1168,878.67
161,1168,936.82
162,1168,945.73
163,1168,957.19
164,1168,988.19
165,1168,1006.92
166,1168,1020.05
167,1168,1026.03
168,1168,1027.39
169,1168,1042.15
170,1168,1047.9
171,1168,1050.37
172,1168,1062.21
173,1168,1069.1
174,1168,1060.47
175,1168,1063.39
176,1168,1082.27
177,1168,1078.36
178,1168,1081.27
179,1168,1081.96
180,1168,1089.29
181,1168,1102.46
182,1168,1118.39
183,1168,1109.53
184,1168,1125.49
185,1168,1129.41
186,1168,1147.54
187,1168,389.95
188,1168,634.27
189,1168,764.79
190,1168,865.69
191,1168,949.96
192,1168,984.56
193,1168,1009.74
194,1168,1015.94
195,1168,1031.69
196,1168,1037.88
197,1168,1047.02
198,1168,1039.67
199,1168,1050.52
200,1168,1054.3
201,1168,1057.79
202,1168,1073.51
203,1168,1073.05
204,1168,1074.6
205,1168,1086.57
206,1168,1085.68
207,1168,1096.99
208,1168,1094.47
209,1168,1093.91
210,1168,1100.3
211,1168,1113.14
212,1168,1119.63
213,1168,1120.89
214,1168,1131.54
215,1168,1132.96
216,1168,397
217,1168,598.99
218,1168,716.94
219,1168,804.14
220,1168,855.04
221,1168,910.11
222,1168,951.43
223,1168,987.43
224,1168,1013.1
225,1168,1013.47
226,1168,1015.58
227,1168,1021.45
228,1168,1025.4
229,1168,1031.68
230,1168,1043.98
231,1168,1046.16
232,1168,1045.38
233,1168,1047.77
234,1168,1040.32
235,1168,1057.96
236,1168,1041.64
237,1168,1042.84
238,1168,1046.44
239,1168,1048.84
240,1168,1056.19
241,1168,1061.92
242,1168,1067.01
243,1168,1068.26
244,1168,1069.06
245,1168,1070.48
246,1168,1077.94
247,1168,1071.9
248,1168,1076.16
249,1168,1080.86
250,1168,1079.31
251,1168,1088.59
252,1168,1076.87
253,1168,1084.07
254,1168,1082.55
255,1168,1087.52
256,1168,1091.78
257,1168,1107.88
258,1168,1113.57
259,1168,1105.27
260,1168,1109.53
261,1168,1119.47
262,1168,1123.73
263,1168,1139.18
264,1168,275.13
265,1168,541.27
266,1168,716.99
267,1168,818.23
268,1168,887.65
269,1168,942.96
270,1168,983.48
271,1168,1006.61
272,1168,1024.4
273,1168,1038.71
274,1168,1035.52
275,1168,1051.37
276,1168,1056.42
277,1168,1065.8
278,1168,1058.88
279,1168,1084.9
280,1168,1079.6
281,1168,1085.37
282,1168,1094.29
283,1168,1098.02
284,1168,1106.33
285,1168,1110.46
286,1168,1115.48
287,1168,1121.6
288,1168,1143.31
289,1168,358.91
290,1168,577.12
291,1168,701.54
292,1168,805.11
293,1168,874.71
294,1168,913.81
295,1168,948
296,1168,979.91
297,1168,1008.84
298,1168,1024.13
299,1168,1032.92
Population size,100
Crossover rate,0.22
Mutation rate,0.87
Random selection portion,0.03
Selection method,AForge.Genetic.EliteSelection
Diversity check,True
Iteration,FitnessMax,FitnessAvg
0,966,332.58
1,997,610.33
2,1049,755.88
3,1168,814.43
4,1168,902.99
5,1168,933.02
6,1168,960.83
7,1168,980.55
8,1168,999.71
9,1168,1012.99
10,1168,1025.69
11,1168,1033.49
12,1168,1038.04
13,1168,1050.77
14,1168,1048.54
15,1168,1053.8
16,1168,1075.14
17,1168,1068.94
18,1168,1078.71
19,1168,1084.68
20,1168,1094.94
21,1168,1097.36
22,1168,1095.33
23,1168,1108.38
24,1168,1112.37
25,1168,1117.34
26,1168,1128.62
27,1168,1141.04
28,1168,383.48
29,1168,627.4
30,1168,719.57
31,1168,789.83
32,1168,854.1
33,1168,895.45
34,1168,924.02
35,1168,961.7
36,1168,992.68
37,1168,1011.62
38,1168,1028.02
39,1168,1033.22
40,1168,1038.39
41,1168,1051.68
42,1168,1054.39
43,1168,1053.91
44,1168,1066.21
45,1168,1060.25
46,1168,1059.99
47,1168,1072.79
48,1168,1081.14
49,1168,1074.03
Population size,100
Crossover rate,0.22
Mutation rate,0.87
Random selection portion,0.03
Selection method,AForge.Genetic.EliteSelection
Diversity check,True
Iteration,FitnessMax,FitnessAvg
0,1168,435.04
1,1168,715.79
2,1168,814.38
3,1168,878.43
4,1168,954.14
5,1168,968
6,1168,988.44
7,1168,1012.65
8,1168,1029.08
9,1168,1033.75
10,1168,1035.57
11,1168,1053.15
12,1168,1053.48
13,1168,1071.98
14,1168,1071.95
15,1168,1070.75
16,1168,1065.75
17,1168,1069.48
18,1168,1077.52
19,1168,1078.43
20,1168,1090.84
21,1168,1090.27
22,1168,1101.44
23,1168,1097.46
24,1168,1105.97
25,1168,1117.83
26,1168,1120.18
27,1168,1136.57
28,1168,431.44
29,1168,700.12
