Population size,100
Crossover rate,0.66
Mutation rate,0.34
Random selection portion,0.03
Selection method,AForge.Genetic.RouletteWheelSelection
Diversity check,False
Iteration,FitnessMax,FitnessAvg
0,917,548.83
1,917,571.69
2,917,614.84
3,917,674.39
4,917,661.2
5,917,678.93
6,917,689.44
7,917,711.1
8,917,727.48
9,917,750.67
10,917,751.13
11,917,781.43
12,917,768.55
13,917,748.81
14,917,761.09
15,917,759.46
16,917,733.85
17,917,744.77
18,917,741.14
19,917,755.36
20,917,748.36
21,917,746.14
22,917,758.67
23,917,749.87
24,917,740.35
25,917,755.81
26,917,760.47
27,917,748.54
28,917,732.96
29,917,732.76
30,917,753.51
31,917,722.86
32,917,715.28
33,917,730.6
34,917,750.09
35,917,754.95
36,917,756.67
37,917,746.16
38,917,748.01
39,917,775.67
40,875,750.43
41,875,748.64
42,917,734.86
43,917,730.3
44,917,742.1
45,917,709.59
46,875,724.69
47,917,716.64
48,917,721.61
49,917,724.78
50,917,738.3
51,917,738.93
52,917,750.78
53,917,755.68
54,917,758.32
55,917,753.6
56,917,751.27
57,917,723.25
58,917,738.14
59,917,757.51
60,917,744.02
61,917,760.88
62,917,753.44
63,917,789.26
64,917,791.77
65,917,778.5
66,917,780.89
67,917,761.49
68,917,801.76
69,917,784.15
70,917,786.47
71,917,768.22
72,917,755.68
73,917,763.36
74,917,778.15
75,917,773.45
76,917,785.73
77,917,782.73
78,917,804.24
79,917,818.2
80,917,798.27
81,917,809.78
82,917,795.66
83,917,809.68
84,917,815.82
85,917,809.56
86,917,806.54
87,917,805.84
88,917,793.47
89,917,804.54
90,917,813.54
91,917,814.54
92,917,814.41
93,917,817.98
94,917,820.71
95,917,817.05
96,917,818.58
97,917,813.7
98,917,812.81
99,917,803.85
100,917,836.8
101,917,850.32
102,917,848.08
103,917,846.47
104,917,829.09
105,917,841.16
106,917,853.7
107,917,835.04
108,917,823.47
109,917,812.46
110,917,821.33
111,917,835.06
112,917,836.3
113,917,825.62
114,917,825.63
115,917,825.72
116,917,812.41
117,917,828.34
118,917,829.9
119,917,815.72
120,917,833.75
121,917,840.2
122,917,839.44
123,917,825.21
124,917,801.8
125,917,809.52
126,917,789.54
127,917,785.52
128,917,811.98
129,917,825.48
130,917,813.2
131,917,806.57
132,917,807.67
133,917,808.17
134,917,809.41
135,917,808.33
136,917,794.2
137,917,795.04
138,917,798.07
139,917,806.67
140,917,810.7
141,917,827.8
142,917,812.03
143,917,813.79
144,917,822.04
145,917,795.17
146,917,804.4
147,917,811.63
148,917,807.43
149,917,799.56
150,917,789.83
151,917,786.52
152,917,783
153,917,784.85
154,917,800.3
155,917,795.46
156,917,793.35
157,917,795.89
158,917,812.65
159,917,823.22
160,917,819.02
161,917,823.59
162,917,821.03
163,917,812.1
164,917,823.91
165,917,795.25
166,917,782.66
167,917,790.17
168,917,793.13
169,917,781.75
170,917,798.55
171,917,805.43
172,917,817.22
173,917,812.7
174,917,810.21
175,917,815.15
176,917,800.28
177,917,820.31
178,917,811.45
179,917,812.44
180,917,798.12
181,917,805.67
182,917,818.08
183,917,810.52
184,917,821.92
185,917,846.23
186,917,845.19
187,917,831.41
188,917,838.28
189,917,842.22
190,917,832.44
191,917,841.31
192,917,836.46
193,917,809.83
194,917,796.46
195,917,792.38
196,917,790.79
197,917,795.77
198,917,810.46
199,917,814.38
200,917,808.77
201,917,816.16
202,917,832.89
203,917,793.42
204,917,798.58
205,917,807.19
206,917,823.95
207,917,825.99
208,917,811.33
209,917,803.9
210,917,801.96
211,917,830.04
212,917,807.69
213,917,829.48
214,917,800.82
215,917,794.75
216,917,818.72
217,917,785.42
218,917,789.42
219,917,783.79
220,917,774.32
221,917,773.07
222,917,788.92
223,917,798.15
224,917,833.04
225,917,789.66
226,917,793.61
227,917,804.99
228,917,837.6
229,917,833.17
230,917,846.9
231,917,815.82
232,917,836.39
233,917,826.43
234,917,825.81
235,917,834.49
236,917,830.45
237,917,825.74
238,917,832.59
239,917,817.89
240,917,793.12
241,917,815.59
242,917,811.23
243,917,787.1
244,917,818.42
245,917,821.59
246,917,825.02
247,917,824.58
248,917,813.56
249,917,808.07
250,917,829.81
251,917,835.18
252,917,811.14
253,917,800.11
254,917,799.52
255,917,790.58
256,917,804.03
257,917,795.34
258,917,800.3
259,917,797.9
260,917,793.65
261,917,794.09
262,917,779.88
263,917,785.97
264,917,785.33
265,917,803.33
266,917,813.07
267,917,813.29
268,917,800.48
269,917,810.09
270,917,809.11
271,917,826.29
272,917,839.64
273,917,821.03
274,917,823.52
275,917,822.37
276,917,824.13
277,917,824.6
278,917,838.5
279,917,834.32
280,917,831.1
281,917,838.3
282,917,817.76
283,917,827.25
284,917,818.11
285,917,803.26
286,917,809.35
287,917,821.46
288,917,793.24
289,917,802.12
290,917,797.34
291,917,793.32
292,917,807.5
293,917,798.54
294,917,782.88
295,917,799.28
296,917,801.45
297,917,816.2
298,917,811.5
299,917,797.55
Population size,100
Crossover rate,0.66
Mutation rate,0.34
Random selection portion,0.03
Selection method,AForge.Genetic.RouletteWheelSelection
Diversity check,True
Iteration,FitnessMax,FitnessAvg
0,917,521.18
1,917,522.15
2,917,532.53
3,917,562.45
4,917,582.63
5,917,631.8
6,917,669.81
7,917,653.45
8,917,677.06
9,917,687.22
10,917,676.46
11,917,723.51
12,917,757.5
13,917,765.31
14,917,769.19
15,917,773.65
16,917,785.35
17,917,796.37
18,917,791.94
19,917,770.1
20,917,757.62
21,917,751.28
22,917,766.91
23,917,776.25
24,917,781.03
25,917,785.13
26,917,823.25
27,917,823.43
28,917,815.11
29,917,812.73
30,917,806.21
31,917,804.68
32,917,789.82
33,917,803.41
34,917,786.75
35,917,780.14
36,917,772.46
37,917,758.94
38,917,774.25
39,917,792.09
40,917,789.52
41,917,803.38
42,917,799.52
43,917,814.41
44,917,846.85
45,917,832.86
46,917,826.96
47,917,831.64
48,917,833.41
49,917,838.62
50,917,832.68
51,917,828.38
52,917,838.02
53,917,826.69
54,917,821.95
55,917,827.35
56,917,819.16
57,917,834.17
58,917,823.74
59,917,812.54
60,917,826.83
61,917,815.99
62,917,828.91
63,917,818.39
64,917,812.68
65,917,817.19
66,917,821.91
67,917,829.92
68,917,822.1
69,917,820.61
70,917,830.22
71,917,823.13
72,917,809.23
73,917,823.65
74,917,794.32
75,917,815
76,917,807.03
77,917,778.18
78,917,783.21
79,917,828.64
80,917,826.89
81,917,820.97
82,917,836.57
83,917,833.73
84,917,803.63
85,917,821.26
86,917,830.96
87,917,836.02
88,917,830.22
89,917,815.67
90,917,799.67
91,917,770.53
92,917,770.51
93,917,761.53
94,917,784.55
95,917,765.28
96,917,815.3
97,917,820.73
98,917,838.64
99,917,834.16
100,917,822.77
101,917,829.25
102,917,804.69
103,917,786.37
104,917,783.11
105,917,786.97
106,917,799.92
107,917,801.01
108,917,837.01
109,917,833.16
110,917,802.72
111,917,801.22
112,917,803.13
113,917,807.18
114,917,821.32
115,917,829.73
116,917,817.38
117,917,800.67
118,917,807.43
119,917,812.64
120,917,833.6
121,917,839.99
122,917,843.14
123,917,839.54
124,917,836.01
125,917,821.18
126,917,826.24
127,917,837.34
128,917,840.96
129,917,840.46
130,917,825.79
131,917,810.85
132,917,803.76
133,917,804.07
134,917,818.89
135,917,801.8
136,917,774.27
137,917,807.76
138,917,833.73
139,917,826.05
140,917,836.81
141,917,814.28
142,917,819.91
143,917,806.27
144,917,792.4
145,917,768.61
146,917,790.54
147,917,796.35
148,917,782.18
149,917,775.04
150,917,779.27
151,917,777.39
152,917,768.52
153,917,786.35
154,917,778.45
155,917,784.94
156,917,826.46
157,917,835.6
158,917,835.96
159,917,814.66
160,917,813.96
161,917,827.67
162,917,805.92
163,917,789.66
164,917,773.42
165,917,768.65
166,917,784.96
167,917,802.47
168,917,801.95
169,917,823.34
170,917,808.53
171,917,803.65
172,917,803.71
173,917,798.31
174,917,800.48
175,917,802.28
176,917,830.53
177,917,836.96
178,917,838.18
179,917,839.27
180,917,820.8
181,917,818.26
182,917,787.08
183,917,803.29
184,917,795.25
185,917,804.36
186,917,815.7
187,917,819.14
188,917,811.84
189,917,786.89
190,917,778.69
191,917,798.87
192,917,811.22
193,917,799.54
194,917,792.64
195,917,797.31
196,917,798.98
197,917,809.27
198,917,794.8
199,917,801.44
200,917,810.15
201,917,812.12
202,917,794.74
203,917,797.09
204,917,797.77
205,917,788.14
206,917,808.49
207,917,797.37
208,917,768.11
209,917,787.85
210,917,817.74
211,917,817.97
212,917,832.22
213,917,819.83
214,917,821.21
215,917,790.61
216,917,787.58
217,917,799.08
218,917,806.5
219,917,816.51
220,917,814.03
221,917,831.25
222,917,823.1
223,917,825.56
224,917,829.6
225,917,820.27
226,917,812.91
227,917,825.39
228,917,837.28
229,917,830.72
230,917,836.32
231,917,837.12
232,917,845.59
233,917,811.27
234,917,796.91
235,917,802.58
236,917,777.84
237,917,801.94
238,917,789.11
239,917,793.04
240,917,778.85
241,917,792.02
242,917,778.33
243,917,790.44
244,917,778.88
245,917,784.71
246,917,785.55
247,917,792.45
248,917,802.35
249,917,792.71
250,917,801.79
251,917,798.78
252,917,792.31
253,917,796.26
254,917,795.71
255,917,797.35
256,917,799.04
257,917,816.59
258,917,809.12
259,917,802.26
260,917,799.57
261,917,803.5
262,917,817.64
263,917,805.58
264,917,812.2
265,917,789.88
266,917,798.38
267,917,796.87
268,917,776.27
269,917,769.73
270,917,768.3
271,917,776.66
272,917,778.11
273,917,746
274,917,755.27
275,917,769.9
276,917,763.6
277,917,787.03
278,917,775.28
279,917,782.08
280,917,781.89
281,917,766.07
282,917,762.11
283,917,770.73
284,917,785.89
285,917,794.71
286,917,796.31
287,917,811.8
288,917,811.44
289,917,800.86
290,917,786.54
291,917,786.92
292,917,805.73
293,917,796.18
294,917,795.6
295,917,784.87
296,917,788.86
297,917,801.99
298,917,785.14
299,917,806.07
Population size,100
Crossover rate,0.51
Mutation rate,0.79
Random selection portion,0.03
Selection method,AForge.Genetic.RankSelection
Diversity check,True
Iteration,FitnessMax,FitnessAvg
0,687,317.28
1,694,424.25
2,712,502.99
3,839,519.72
4,917,576.19
5,917,600.07
6,917,588.65
7,917,646.91
8,917,652.59
9,917,691.89
10,917,704.4
11,917,722.35
12,917,748.14
13,917,758.83
14,917,740.36
15,917,759.21
16,917,802.15
17,917,805.56
18,917,780.14
19,917,802.5
20,917,807.57
21,917,798.12
22,917,805.49
23,917,803.57
24,917,806.92
25,917,795.69
26,917,809.82
27,917,782.33
28,917,765.74
29,917,793.49
30,917,758.72
31,917,780.14
32,917,807.15
33,917,819.38
34,917,796.34
35,917,761.43
36,917,803.2
37,917,804.81
38,917,841.12
39,917,821.29
40,917,843.43
41,917,801.63
42,917,792.99
43,917,801.22
44,917,811.83
45,917,805.62
46,917,814.97
47,917,814.13
48,917,821.56
49,917,816.28
50,917,822.77
51,917,827.73
52,917,830.18
53,917,823.45
54,917,832.68
55,917,818.55
56,917,805.22
57,917,814.68
58,917,810.66
59,917,800.82
60,917,806.51
61,917,812.03
62,917,836.18
63,917,814.44
64,917,805.85
65,917,832.49
66,917,810.77
67,917,793.63
68,917,795.92
69,917,835.79
70,917,807.31
71,917,785.71
72,917,835.78
73,917,846.67
74,917,846.55
75,917,826.64
76,917,844.88
77,917,834.8
78,917,819.34
79,917,827.4
80,917,826.16
81,917,832.17
82,917,799.27
83,917,811.5
84,917,751.17
85,917,796.52
86,917,809.58
87,917,811.22
88,917,755.66
89,917,812.67
90,917,829.54
91,917,804.11
92,917,803.77
93,917,812
94,917,834.99
95,917,816.34
96,917,827.01
97,917,808.01
98,917,812.69
99,917,824.15
100,917,841.42
101,917,799.18
102,917,802.75
103,917,821.31
104,917,821.47
105,917,791.65
106,917,790.12
107,917,789.44
108,917,800.62
109,917,803.91
110,917,791.29
111,917,781.43
112,917,800.3
113,917,820.76
114,917,826.63
115,917,861.03
116,917,828.23
117,917,793.1
118,917,822.69
119,917,837.09
120,917,793.16
121,917,815.05
122,917,828.17
123,917,847.91
124,917,830.38
125,917,849.12
126,917,845.61
127,917,832.48
128,917,845.89
129,917,843.76
130,917,844.66
131,917,841.51
132,917,841.95
133,917,807.96
134,917,808.3
135,917,828.7
136,917,817.38
137,917,841.84
138,917,825.78
139,917,818.93
140,917,818.45
141,917,844.38
142,917,836.24
143,917,798.93
144,917,798.63
145,917,825.69
146,917,853.07
147,917,825.52
148,917,861.3
149,917,841.95
150,917,841.11
151,917,814.24
152,917,759.65
153,917,799.11
154,917,834.31
155,917,787.89
156,917,852.35
157,917,797.29
158,917,827.92
159,917,827.36
160,917,782.21
161,917,825.73
162,917,809.96
163,917,814.07
164,917,824.97
165,917,782.06
166,917,800.88
167,917,793.01
168,917,791.21
169,917,821.27
170,917,820.02
171,917,821.99
172,917,803.02
173,917,842.04
174,917,857.59
175,917,829.68
176,917,854.8
177,917,797.76
178,917,787.11
179,917,845.52
180,917,824.28
181,917,842.79
182,917,846.39
183,917,829.83
184,917,829.44
185,917,831.78
186,917,816.1
187,917,826.69
188,917,863.47
189,917,837.27
190,917,832.5
191,917,806.02
192,917,814.69
193,917,814.03
194,917,802.13
195,917,839.33
196,917,850.98
197,917,854.57
198,917,806.87
199,917,814.01
200,917,832.5
201,917,838.17
202,917,844.71
203,917,827.15
204,917,849.73
205,917,824.65
206,917,807.5
207,917,800.84
208,917,779.97
209,917,813.77
210,917,792.31
211,917,819.61
212,917,827.35
213,917,825.23
214,917,834.85
215,917,829.99
216,917,785.01
217,917,781.65
218,917,807.62
219,917,847.06
220,917,851.8
221,917,841.77
222,917,806.32
223,917,829.18
224,917,834.08
225,917,863.8
226,917,850.36
227,917,881.21
228,917,868.8
229,917,852.65
230,917,857.58
231,917,803.74
232,917,786.42
233,917,813.1
234,917,826.43
235,917,833.15
236,917,820.95
237,917,838.28
238,917,847.82
239,917,836.23
240,917,839.41
241,917,841.86
242,917,831.85
243,917,836.68
244,917,787.94
245,917,810.88
246,917,822.56
247,917,784.88
248,917,825.39
249,917,807.11
250,917,837.11
251,917,842.5
252,917,837.94
253,917,793.79
254,917,808.95
255,917,797.8
256,917,822.33
257,917,839.67
258,917,819.91
259,917,860.36
260,917,804.93
261,917,830.46
262,917,837.4
263,917,849.34
264,917,840.73
265,917,811.63
266,917,826.63
267,917,803.5
268,917,788
269,917,750.16
270,917,792.46
271,917,810.12
272,917,826.03
273,917,780.44
274,917,822.07
275,917,820.5
276,917,824.05
277,917,823.53
278,917,814.97
279,917,836.21
280,917,850.67
281,917,844.89
282,917,827.02
283,917,833.24
284,917,817.5
285,917,833.83
286,917,842.76
287,917,799.77
288,917,803.42
289,917,840.22
290,917,834.52
291,917,842.48
292,917,843.45
293,917,837.18
294,917,825.93
295,917,839.08
296,917,868.81
297,917,826.51
298,917,818.89
299,917,837.31
Population size,100
Crossover rate,0.51
Mutation rate,0.79
Random selection portion,0.03
Selection method,AForge.Genetic.RankSelection
Diversity check,False
Iteration,FitnessMax,FitnessAvg
0,875,393.96
1,842,478.9
2,875,514.69
3,875,569.13
4,875,615.23
5,875,610.44
6,875,642.56
7,917,624.27
8,917,725.27
9,917,720.77
10,917,736.98
11,917,747.09
12,917,760.34
13,917,749.81
14,917,753.25
15,917,762.45
16,917,747.76
17,917,792.21
18,917,794.93
19,917,759.22
20,917,752.57
21,917,775.78
22,917,762.55
23,917,808.16
24,917,782.85
25,917,781.58
26,917,793.33
27,917,806.35
28,917,803.62
29,917,806.14
30,917,804.65
31,917,771.15
32,917,819.44
33,917,819.33
34,917,784.36
35,917,814.81
36,917,821.07
37,917,824.37
38,917,796.16
39,917,820.14
40,917,808.29
41,917,810.99
42,917,791.33
43,917,810.73
44,917,815.62
45,917,820.64
46,875,789.83
47,875,807.09
48,875,800.55
49,875,800.64
50,875,812.25
51,875,777.33
52,875,776.25
53,875,744.3
54,875,771.97
55,875,804.52
56,875,803.58
57,875,813.42
58,875,804.09
59,875,819.8
60,875,823.43
61,875,807.49
62,875,822.13
63,875,830.02
64,875,824.12
65,875,810.32
66,875,802.66
67,875,816.3
68,875,809.16
69,875,805.16
70,875,789.36
71,875,766.93
72,875,806.69
73,875,778.49
74,875,785.45
75,875,799.32
76,875,797.6
77,875,785.81
78,875,784.11
79,875,755.45
80,875,780.67
81,875,819.06
82,875,813.09
83,875,799.62
84,875,803.66
85,875,821.54
86,875,805.3
87,875,770.74
88,875,767.71
89,875,802.14
90,875,800.55
91,875,792.31
92,875,780.94
93,875,803.01
94,875,801.51
95,875,777.86
96,875,781.74
97,875,783.75
98,875,806.91
99,875,790.54
100,875,787.23
101,875,803.88
102,875,822.24
103,875,822.23
104,917,815.01
105,875,789.33
106,875,783.61
107,875,804.98
108,875,773.47
109,875,777.91
110,875,797.03
111,875,775.91
112,875,788.22
113,875,810.31
114,875,785.05
115,875,783.4
116,875,769.97
117,875,789.94
118,875,806.17
119,875,797.93
120,875,790.2
121,875,789.31
122,875,820.73
123,875,815.01
124,875,785.08
125,875,778.35
126,875,796.08
127,875,792.56
128,875,793.2
129,875,805.09
130,875,794.95
131,875,782.95
132,875,788.26
133,875,811.28
134,875,803.88
135,875,811.61
136,875,813.87
137,875,825.32
138,875,813.11
139,875,808.29
140,875,794.03
141,875,792.73
142,875,809.85
143,917,800.76
144,917,782.57
145,917,797.42
146,917,792.5
147,917,779.44
148,917,781.23
149,917,813.79
150,917,768.48
151,917,789.85
152,875,801.96
153,875,776.14
154,875,763.12
155,875,767.23
156,875,786.27
157,875,788.94
158,875,809.7
159,875,802.35
160,875,821.07
161,875,804.98
162,875,797.56
163,875,809.16
164,875,793.06
165,875,792.19
166,875,794.46
167,875,778.07
168,875,772.14
169,875,786.44
170,875,817.44
171,875,803.97
172,875,817.8
173,875,788.29
174,875,804.89
175,875,777.35
176,875,772.11
177,875,771.17
178,875,787.65
179,875,772.15
180,875,796
181,875,801.92
182,875,802.55
183,875,819.39
184,875,812.88
185,875,793.73
186,875,805.13
187,875,803.07
188,875,800.23
189,875,788.29
190,875,779.21
191,875,789.37
192,875,806.88
193,875,821.75
194,875,823.06
195,875,795.23
196,875,810.61
197,875,817.28
198,875,792.18
199,875,794.11
200,875,798.74
201,875,821.07
202,875,797.21
203,875,802.94
204,875,793.5
205,875,798.01
206,875,812.55
207,875,832.22
208,875,815.07
209,875,778.85
210,875,811.14
211,875,827.45
212,875,831.4
213,875,818.31
214,875,821.98
215,875,797.6
216,875,803.67
217,875,812.53
218,875,813.27
219,875,787.65
220,875,805.72
221,875,802.08
222,875,780.55
223,875,790.33
224,875,811.4
225,875,816.15
226,875,796.7
227,875,800.02
228,875,777.35
229,875,783.66
230,875,811.42
231,875,767.44
232,875,820.39
233,875,813.85
234,875,812.24
235,875,774.71
236,875,793.86
237,875,790.01
238,875,813.94
239,875,800.94
240,875,798.75
241,875,798.35
242,875,793.16
243,875,774.79
244,875,797.56
245,875,766.61
246,875,778.01
247,875,780.77
248,875,809.91
249,875,805.92
250,875,799.29
251,875,818.12
252,875,789.84
253,875,800.97
254,875,772.15
255,875,779.89
256,875,806.04
257,875,795.92
258,875,801.21
259,875,775.11
260,875,774.26
261,875,789.08
262,875,774.29
263,875,807.18
264,875,817.01
265,875,800.51
266,875,806.42
267,875,833.86
268,875,812.81
269,875,808.41
270,875,819.46
271,875,797.27
272,875,772.22
273,875,771.36
274,875,807.56
275,875,793.04
276,875,819.01
277,875,822.53
278,875,828.59
279,875,802.92
280,875,754.77
281,875,803.88
282,875,818.02
283,875,816.14
284,875,818.67
285,875,827.73
286,875,805.56
287,875,814.11
288,875,815.48
289,875,782.38
290,875,805.34
291,875,820.36
292,875,824.86
293,875,811.75
294,875,812.55
295,875,818.41
296,875,787.96
297,875,812.58
298,875,828.28
299,875,835.51
Population size,100
Crossover rate,0.22
Mutation rate,0.87
Random selection portion,0.03
Selection method,AForge.Genetic.EliteSelection
Diversity check,False
Iteration,FitnessMax,FitnessAvg
0,839,463.42
1,839,598.85
2,875,665.45
3,875,694.89
4,875,723.73
5,875,743.96
6,917,765.11
7,917,775.02
8,917,790.46
9,917,810.04
10,917,823.32
11,917,841.28
12,917,852.54
13,917,861.83
14,917,862.76
15,917,875.2
16,917,883.24
17,917,876.47
18,917,877.86
19,917,882.84
20,917,881.99
21,917,887.61
22,917,888.65
23,917,902.33
24,917,898.69
25,917,898.85
26,917,889.49
27,917,889.49
28,917,900.92
29,917,889.49
30,917,901.38
31,917,889.49
32,917,896.29
33,917,893.49
34,917,898.23
35,917,902.19
36,917,894.37
37,917,897.55
38,917,905.17
39,917,894.11
40,917,895.38
41,917,899.44
42,917,889.49
43,917,889.49
44,917,889.49
45,917,898.79
46,917,900.52
47,917,895.26
48,917,901.84
49,917,889.49
50,917,898.81
51,917,893.54
52,917,894.91
53,917,896.11
54,917,892.74
55,917,895.14
56,917,889.49
57,917,897.15
58,917,889.49
59,917,889.49
60,917,899.75
61,917,889.49
62,917,889.49
63,917,895.28
64,917,889.49
65,917,895.65
66,917,895.02
67,917,889.49
68,917,893.67
69,917,889.49
70,917,900.5
71,917,901.57
72,917,892.39
73,917,889.49
74,917,889.49
75,917,889.49
76,917,900.87
77,917,893.75
78,917,895.85
79,917,901.08
80,917,889.49
81,917,895.64
82,917,894.11
83,917,898.83
84,917,893.14
85,917,894.16
86,917,898.49
87,917,893.88
88,917,889.49
89,917,900.14
90,917,896.74
91,917,900.43
92,917,895.24
93,917,895.54
94,917,893.91
95,917,904.61
96,917,889.49
97,917,910.65
98,917,895.14
99,917,889.49
100,917,893.75
101,917,897.49
102,917,895.54
103,917,889.49
104,917,904.87
105,917,900.83
106,917,896.29
107,917,900.65
108,917,900.3
109,917,889.49
110,917,898.49
111,917,889.49
112,917,898.11
113,917,894.99
114,917,889.49
115,917,900.09
116,917,905.54
117,917,894.62
118,917,892.5
119,917,895.93
120,917,901.14
121,917,894.58
122,917,900.06
123,917,889.49
124,917,902.22
125,917,892.52
126,917,889.49
127,917,898.78
128,917,889.49
129,917,889.49
130,917,893.65
131,917,901.18
132,917,901.86
133,917,889.49
134,917,894.02
135,917,893.22
136,917,896.76
137,917,899.59
138,917,901.67
139,917,894.04
140,917,893.04
141,917,889.49
142,917,905.49
143,917,889.49
144,917,893.38
145,917,901.06
146,917,896.19
147,917,895.34
148,917,894.27
149,917,889.49
150,917,896.77
151,917,889.49
152,917,894.01
153,917,896.2
154,917,907.95
155,917,889.49
156,917,901.04
157,917,893.89
158,917,900.19
159,917,897.79
160,917,892.91
161,917,889.49
162,917,898.93
163,917,894.61
164,917,909.2
165,917,903.89
166,917,898.95
167,917,889.49
168,917,889.49
169,917,889.49
170,917,895.17
171,917,902.09
172,917,894.24
173,917,889.49
174,917,901.28
175,917,894.62
176,917,889.49
177,917,903.17
178,917,895.89
179,917,889.49
180,917,889.49
181,917,893.71
182,917,900.44
183,917,899.94
184,917,893.71
185,917,904.59
186,917,889.49
187,917,892.51
188,917,895.79
189,917,896.36
190,917,894.63
191,917,893.33
192,917,894.46
193,917,901.6
194,917,889.49
195,917,889.49
196,917,894.27
197,917,889.49
198,917,896.03
199,917,889.49
200,917,897.99
201,917,893.14
202,917,889.49
203,917,889.49
204,917,896.03
205,917,903.37
206,917,901.14
207,917,889.49
208,917,895.13
209,917,891.96
210,917,901.68
211,917,894.51
212,917,899.89
213,917,894.04
214,917,899.3
215,917,889.49
216,917,893.71
217,917,899.05
218,917,893.71
219,917,889.49
220,917,907.47
221,917,898.31
222,917,901.66
223,917,899.23
224,917,889.49
225,917,893.71
226,917,900.83
227,917,896.08
228,917,904.91
229,917,900.31
230,917,893.2
231,917,897.64
232,917,901.35
233,917,898.75
234,917,891.98
235,917,900.35
236,917,893.62
237,917,889.49
238,917,900.07
239,917,889.49
240,917,902.08
241,917,897.55
242,917,895.13
243,917,895.46
244,917,892.58
245,917,893
246,917,889.49
247,917,897.53
248,917,893.62
249,917,903.15
250,917,897.85
251,917,893.67
252,917,893.27
253,917,899.35
254,917,894.57
255,917,896.12
256,917,889.49
257,917,894.11
258,917,895.74
259,917,895.13
260,917,893.9
261,917,890.99
262,917,895.28
263,917,889.49
264,917,893.36
265,917,895.21
266,917,901.81
267,917,889.49
268,917,898.04
269,917,889.49
270,917,889.49
271,917,894.78
272,917,895.39
273,917,895.13
274,917,889.49
275,917,889.49
276,917,903.28
277,917,893.75
278,917,899.63
279,917,889.49
280,917,889.49
281,917,895.04
282,917,899.31
283,917,906.81
284,917,895.28
285,917,894.42
286,917,889.49
287,917,894.18
288,917,895.41
289,917,902.23
290,917,889.49
291,917,893.91
292,917,892.09
293,917,889.49
294,917,906.17
295,917,896.61
296,917,892.28
297,917,889.49
298,917,894.66
299,917,893.66
Population size,100
Crossover rate,0.22
Mutation rate,0.87
Random selection portion,0.03
Selection method,AForge.Genetic.EliteSelection
Diversity check,True
Iteration,FitnessMax,FitnessAvg
0,917,313.51
1,917,527.72
2,917,609.01
3,917,652.42
4,917,689.1
5,917,736.7
6,917,759.73
7,917,769.76
8,917,791.57
9,917,816.58
10,917,828.66
11,917,844.47
12,917,849.62
13,917,859.9
14,917,880.81
15,917,893.7
16,917,416.85
17,917,563.18
18,917,634.39
19,917,672.51
20,917,714.73
21,917,732.62
22,917,772.37
23,917,795.45
24,917,801.77
25,917,821.1
26,917,831.51
27,917,839.1
28,917,843.92
29,917,855.26
30,917,859.47
31,917,862.88
32,917,880.62
33,917,881.97
34,917,883.97
35,917,900.21
36,917,314.31
37,917,538.86
38,917,615.37
39,917,683.93
40,917,716.24
41,917,759.22
42,917,791.84
43,917,805.12
44,917,832.32
45,917,860.92
46,917,872.51
47,917,884.31
48,917,892.65
49,917,450.23
50,917,600.3
51,917,658.04
52,917,695.78
53,917,739.12
54,917,778.64
55,917,794.63
56,917,814.97
57,917,828.82
58,917,846.39
59,917,854.78
60,917,873.45
61,917,879.72
62,917,890.86
63,917,380.84
64,917,550.86
65,917,608.67
66,917,662.02
67,917,695.71
68,917,722.01
69,917,750.77
70,917,759.14
71,917,777.29
72,917,799.56
73,917,824.93
74,917,840.19
75,917,839.75
76,917,851.88
77,917,854.73
78,917,863.2
79,917,875.39
80,917,870.86
81,917,897.95
82,917,318.76
83,917,551.69
84,917,636.11
85,917,665.67
86,917,697.86
87,917,733.54
88,917,758.53
89,917,792.96
90,917,808.35
91,917,826.05
92,917,823.19
93,917,832.95
94,917,837.33
95,917,856.58
96,917,864.4
97,917,872.02
98,917,869.59
99,917,873.98
100,917,866.81
101,917,872.25
102,917,873.53
103,917,889.42
104,917,896.12
105,917,460.31
106,917,596.66
107,917,656.51
108,917,700.98
109,917,729.67
110,917,763.57
111,917,796.51
112,917,806.36
113,917,813.87
114,917,829.99
115,917,838.86
116,917,851.83
117,917,853.46
118,917,861.08
119,917,855.89
120,917,863.96
121,917,860.26
122,917,864.04
123,917,863.1
124,917,860.09
125,917,863.07
126,917,871.57
127,917,876.74
128,917,876.68
129,917,879.84
130,917,873.53
131,917,880.25
132,917,882.77
133,917,893.73
134,917,299.31
135,917,522.1
136,917,584.69
137,917,639.22
138,917,671.61
139,917,721.43
140,917,761.78
141,917,785.21
142,917,807.44
143,917,830.83
144,917,844.88
145,917,847.08
146,917,855.95
147,917,863.77
148,917,863.96
149,917,878.43
150,917,882.41
151,917,891.77
152,917,373.93
153,917,582.07
154,917,632.03
155,917,675.96
156,917,719.42
157,917,757.48
158,917,777.53
159,917,797.41
160,917,820.23
161,917,827.46
162,917,835.06
163,917,833.79
164,917,842.6
165,917,852.97
166,917,851.63
167,917,853.76
168,917,862.19
169,917,870.86
170,917,882.81
171,917,875.47
172,917,871.76
173,917,887.92
174,917,876.89
175,917,879.83
176,917,887.05
177,917,891.08
178,917,442.52
179,917,563.73
180,917,626.96
181,917,658.62
182,917,702.11
183,917,729.55
184,917,772.1
185,917,792.91
186,917,806.86
187,917,823.35
188,917,850.8
189,917,860.2
190,917,875.44
191,917,879.02
192,917,893.8
193,917,446.43
194,917,605.45
195,917,672.12
196,917,708.16
197,917,754.12
198,917,784.26
199,917,812.47
200,917,823.29
201,917,841.39
202,917,853.78
203,917,871.15
204,917,876.99
205,917,878.88
206,917,891.19
207,917,325.49
208,917,540.9
209,917,620.37
210,917,668.7
211,917,714.37
212,917,787.67
213,917,792.26
214,917,823.51
215,917,834.7
216,917,860.15
217,917,862.41
218,917,869.57
219,917,884.39
220,917,881.8
221,917,886.13
222,917,894.99
223,917,381.47
224,917,539.9
225,917,614.47
226,917,659.7
227,917,690.02
228,917,711.28
229,917,741.87
230,917,766.57
231,917,785.18
232,917,810.42
233,917,818.76
234,917,829.12
235,917,848.14
236,917,855.47
237,917,865.64
238,917,871.36
239,917,872.27
240,917,885.48
241,917,889.33
242,917,886.13
243,917,901.84
244,917,332.64
245,917,523.99
246,917,625.83
247,917,668.3
248,917,700.7
249,917,736.67
250,917,758.64
251,917,768.27
252,917,793.26
253,917,809.42
254,917,820.16
255,917,828.76
256,917,844.27
257,917,861.73
258,917,868
259,917,876.84
260,917,885.64
261,917,883.96
262,917,892.02
263,917,463.62
264,917,600.85
265,917,674.42
266,917,732.37
267,917,756.25
268,917,781.57
269,917,801.73
270,917,817.9
271,917,822.48
272,917,841.34
273,917,852.5
274,917,851.75
275,917,860.05
276,917,858.43
277,917,860.02
278,917,856.22
279,917,867.98
280,917,856.31
281,917,864.21
282,917,857.57
283,917,857.99
284,917,861.23
285,917,859.67
286,917,864.82
287,917,862.19
288,917,873.65
289,917,866.39
290,917,874.01
291,917,882.89
292,917,887.5
293,917,888.36
294,917,889.49
295,917,361.36
296,917,548.74
297,917,629.11
298,917,665.41
299,917,702.9
Population size,100
Crossover rate,0.22
Mutation rate,0.87
Random selection portion,0.03
Selection method,AForge.Genetic.EliteSelection
Diversity check,True
Iteration,FitnessMax,FitnessAvg
0,842,393.95
1,842,570.54
2,842,617.4
3,917,666.51
4,917,696.72
5,917,721.15
6,917,738.18
7,917,755.6
8,917,779.62
9,917,790.2
10,917,825.02
11,917,837.97
12,917,851.62
13,917,848.15
14,917,852.35
15,917,862.44
16,917,885.94
17,917,890.51
18,917,383.14
19,917,556.63
20,917,629.15
21,917,678.49
22,917,709.76
23,917,749.18
24,917,779.53
25,917,805.59
26,917,822.88
27,917,839.85
28,917,861.09
29,917,871.29
30,917,882.98
31,917,893.13
32,917,443.49
33,917,549.78
34,917,609.39
35,917,653.34
36,917,688.4
37,917,714.62
38,917,751.09
39,917,752.1
40,917,782.66
41,917,804.95
42,917,820.33
43,917,857
44,917,855.76
45,917,864.8
46,917,880.22
47,917,897.46
48,917,429.67
49,917,575.8
Population size,100
Crossover rate,0.22
Mutation rate,0.87
Random selection portion,0.03
Selection method,AForge.Genetic.EliteSelection
Diversity check,True
Iteration,FitnessMax,FitnessAvg
0,800,370.5
1,839,557.25
2,839,611.85
3,839,653.94
4,917,693.6
5,917,739.75
6,917,755.19
7,917,776.93
8,917,800.66
9,917,819.31
10,917,840.27
11,917,847.16
12,917,850.6
13,917,858.71
14,917,867.96
15,917,869.03
16,917,870.12
17,917,878.31
18,917,876.82
19,917,891.5
20,917,427.77
21,917,565.96
22,917,633.43
23,917,696.11
24,917,736.69
25,917,772.76
26,917,786.87
27,917,805.26
28,917,832.28
29,917,840.99
