Population size,100
Crossover rate,0.66
Mutation rate,0.34
Random selection portion,0.03
Selection method,AForge.Genetic.RouletteWheelSelection
Diversity check,False
Iteration,FitnessMax,FitnessAvg
0,483,305.01
1,483,358.22
2,483,391.86
3,483,408.74
4,483,414.07
5,483,413.7
6,483,416.84
7,483,400.77
8,483,399.34
9,483,407.08
10,483,415.81
11,483,414.1
12,483,421.59
13,483,427.04
14,483,427.27
15,483,424.52
16,483,432.35
17,483,440.17
18,483,438.97
19,483,429.2
20,483,423.9
21,483,423.31
22,483,427.19
23,483,433.35
24,483,441.68
25,483,433.93
26,483,430.67
27,483,432.59
28,483,426.55
29,483,426.39
30,483,416.75
31,483,413.26
32,483,418.72
33,483,422.59
34,483,419.07
35,483,428.01
36,483,405.57
37,483,416.92
38,483,421.29
39,483,435.97
40,483,448.91
41,483,431.86
42,483,428.51
43,483,445.44
44,483,437.34
45,483,435.97
46,483,427.65
47,483,434.7
48,483,448.71
49,483,440.71
50,483,459.66
51,483,434.16
52,483,407.12
53,483,412.55
54,483,420.63
55,483,425.74
56,483,418.93
57,483,420.02
58,483,430.77
59,483,409.87
60,483,419.41
61,483,429.06
62,483,416.12
63,483,427.02
64,483,416.86
65,483,403.74
66,483,409.29
67,483,413.11
68,483,413.95
69,483,410.07
70,483,414.32
71,483,411.09
72,483,410.97
73,483,422.52
74,483,424.71
75,483,414.96
76,483,427.03
77,483,445.16
78,483,438.39
79,483,437.08
80,483,433.57
81,483,434.94
82,483,436.87
83,483,431.06
84,483,429.09
85,483,429.59
86,483,431.68
87,483,418.86
88,483,421.12
89,483,418.22
90,483,421.84
91,483,420.05
92,483,428.49
93,483,417.52
94,483,422.34
95,483,430.91
96,483,440.48
97,483,436.12
98,483,425.51
99,483,416.9
100,483,431.41
101,483,436.46
102,483,437.9
103,483,448.16
104,483,416.63
105,483,422.93
106,483,416.19
107,483,439.98
108,483,428.62
109,483,431.14
110,483,435.61
111,483,426.76
112,483,427.95
113,483,433.27
114,483,431.6
115,483,438.99
116,483,434.53
117,483,443.71
118,483,430.17
119,483,430.5
120,483,419.03
121,483,416.39
122,483,424.73
123,483,430.57
124,483,436.97
125,483,429.97
126,483,427.67
127,483,442.29
128,483,432.62
129,483,417.52
130,483,424.13
131,483,406.12
132,483,398.87
133,483,414.8
134,483,409.38
135,483,408.69
136,483,427.91
137,483,437.9
138,483,440.07
139,483,452.32
140,483,426.94
141,483,433.03
142,483,435.36
143,483,448.54
144,483,444.7
145,483,432.98
146,483,442.9
147,483,446.16
148,483,466.82
149,483,448.24
150,483,449.64
151,483,446.88
152,483,441.2
153,483,443.46
154,483,443.69
155,483,442.74
156,483,434.79
157,483,439.62
158,483,449.61
159,483,422.08
160,483,429.68
161,483,431.29
162,483,440.71
163,483,446.66
164,483,458.31
165,483,438.04
166,483,419.91
167,483,428.6
168,483,411.35
169,483,430.53
170,483,406
171,483,423.17
172,483,427.64
173,483,431.12
174,483,432.01
175,483,435.89
176,483,439.64
177,483,437.11
178,483,433.85
179,483,424.19
180,483,438.31
181,483,432.03
182,483,427.54
183,483,431.28
184,483,429.6
185,483,425.38
186,483,414.03
187,483,418.73
188,483,417.28
189,483,430.19
190,483,447.66
191,483,436.76
192,483,427.19
193,483,417.78
194,483,426.09
195,483,431.07
196,483,418.4
197,483,419.47
198,483,420.23
199,483,426.65
200,483,432.45
201,483,437.05
202,483,425.43
203,483,439.94
204,483,427.98
205,483,420.38
206,483,415.79
207,483,418.11
208,483,426.45
209,483,436.83
210,483,430.33
211,483,430.44
212,483,434.17
213,483,446.85
214,483,441.9
215,483,432.59
216,483,427.19
217,483,434.78
218,483,426.83
219,483,414.31
220,483,429.49
221,483,405.71
222,483,418.63
223,483,435.93
224,483,436.88
225,483,421.65
226,483,433.26
227,483,431.09
228,483,435.3
229,483,429.85
230,483,430.08
231,483,432.84
232,483,427.04
233,483,432.57
234,483,429.11
235,483,431.52
236,483,429.6
237,483,442.5
238,483,444.17
239,483,454.23
240,483,448.94
241,483,448.43
242,483,443.25
243,483,456.5
244,483,442.61
245,483,438.5
246,483,440.75
247,483,428.63
248,483,432.5
249,483,434.68
250,483,456.06
251,483,449.18
252,483,426.84
253,483,433.09
254,483,428.14
255,483,432.48
256,483,438.44
257,483,437.48
258,483,435.17
259,483,431.67
260,483,439.14
261,483,429.85
262,483,423.55
263,483,438.56
264,483,429.65
265,483,446.29
266,483,426.48
267,483,423.41
268,483,432.11
269,483,442.85
270,483,448.8
271,483,442.98
272,483,438.85
273,483,420.97
274,483,435.61
275,483,417.75
276,483,421.31
277,483,430.72
278,483,424.18
279,483,425.52
280,483,422.49
281,483,434.67
282,483,424.43
283,483,431.79
284,483,432.76
285,483,432.2
286,483,429.09
287,483,435.63
288,483,424.5
289,483,410.41
290,483,419.69
291,483,414.14
292,483,417.27
293,483,418.62
294,483,425.48
295,483,433.1
296,483,451.36
297,483,436.02
298,483,430.68
299,483,442.87
Population size,100
Crossover rate,0.66
Mutation rate,0.34
Random selection portion,0.03
Selection method,AForge.Genetic.RouletteWheelSelection
Diversity check,True
Iteration,FitnessMax,FitnessAvg
0,483,329.44
1,483,341.6
2,483,357.08
3,483,367.5
4,483,396.76
5,483,402.35
6,483,401.02
7,483,420.1
8,483,408.03
9,483,431.7
10,483,424.87
11,483,423.41
12,483,427.97
13,483,419.12
14,483,431.93
15,483,431.37
16,483,416.96
17,483,420.71
18,483,426.8
19,483,424.99
20,483,428.84
21,483,437.26
22,483,440.77
23,483,425.58
24,483,414.72
25,483,422.2
26,483,433.69
27,483,454.34
28,483,438.55
29,483,440.7
30,483,449.14
31,483,438.28
32,483,431.49
33,483,438.16
34,483,438.03
35,483,431.27
36,483,444.44
37,483,424.85
38,483,422.72
39,483,432.46
40,483,427.61
41,483,424.8
42,483,413.33
43,483,410.24
44,483,416.99
45,483,434.15
46,483,438.02
47,483,430.06
48,483,435.15
49,483,435.75
50,483,455.44
51,483,429.85
52,483,420.63
53,483,414.24
54,483,437.17
55,483,442.24
56,483,449.15
57,483,437.91
58,483,443.8
59,483,431.6
60,483,446.71
61,483,438.02
62,483,436.1
63,483,434.2
64,483,434.79
65,483,450.75
66,483,445.56
67,483,440.23
68,483,429.49
69,483,434.18
70,483,436.37
71,483,428.42
72,483,446.15
73,483,427.69
74,483,418.32
75,483,435.84
76,483,439.49
77,483,440.46
78,483,432.6
79,483,441.2
80,483,445.19
81,483,442.54
82,483,444.22
83,483,439.63
84,483,420.93
85,483,419.58
86,483,427.65
87,483,446.62
88,483,434.54
89,483,428.95
90,483,426.09
91,483,426.32
92,483,428.14
93,483,431.16
94,483,420.29
95,483,430.18
96,483,434.41
97,483,427.29
98,483,428.03
99,483,410.64
100,483,433.82
101,483,419.44
102,483,422.63
103,483,425.38
104,483,426.71
105,483,420.92
106,483,427.29
107,483,422.56
108,483,441.04
109,483,438.02
110,483,437.32
111,483,449.87
112,483,436.09
113,483,427.66
114,483,436.24
115,483,439.51
116,483,443.51
117,483,437.81
118,483,418.85
119,483,423.91
120,483,435.4
121,483,428.4
122,483,424.15
123,483,426.07
124,483,424.48
125,483,420.72
126,483,426.64
127,483,440.68
128,483,431.14
129,483,431.87
130,483,440.07
131,483,439.7
132,483,436.06
133,483,426.3
134,483,430.3
135,483,414.37
136,483,420.56
137,483,415.12
138,483,428.05
139,483,432.99
140,483,434.8
141,483,441.4
142,483,426.21
143,483,425.75
144,483,436.82
145,483,431.4
146,483,421.41
147,483,413.68
148,483,408.64
149,483,415.74
150,483,416.21
151,483,430.31
152,483,439.11
153,483,434.54
154,483,424.05
155,483,418.87
156,483,418.48
157,483,407.74
158,483,417.37
159,483,431.87
160,483,452.39
161,483,451.09
162,483,453.27
163,483,448.93
164,483,436.97
165,483,437.59
166,483,435.77
167,483,444.46
168,483,436.37
169,483,432.26
170,483,425.36
171,483,427.68
172,483,429.58
173,483,444.81
174,483,442.4
175,483,423.53
176,483,435.13
177,483,428.35
178,483,428.69
179,483,424.74
180,483,426.29
181,483,422.81
182,483,424.4
183,483,414.11
184,483,411.35
185,483,404.36
186,483,417.15
187,483,423.12
188,483,422.89
189,483,423.48
190,483,421.33
191,483,425.45
192,483,386.6
193,483,410.01
194,483,408.45
195,483,428.79
196,483,437.48
197,483,442.9
198,483,437.82
199,483,414.24
200,483,432.7
201,483,448.76
202,483,449.37
203,483,437.64
204,483,433.58
205,483,431.89
206,483,444.58
207,483,446.5
208,483,452.66
209,483,440.59
210,483,433.58
211,483,419.59
212,483,430.57
213,483,431.91
214,483,420.31
215,483,431.42
216,483,434.16
217,483,431.29
218,483,430.68
219,483,422.36
220,483,412.1
221,483,436.86
222,483,441.45
223,483,438.54
224,483,441.07
225,483,436.22
226,483,438.52
227,483,425.95
228,483,416.18
229,483,425.71
230,483,416.91
231,483,416.79
232,483,431.48
233,483,437.73
234,483,442.5
235,483,435.26
236,483,445.44
237,483,437.84
238,483,437.81
239,483,442.41
240,483,458.93
241,483,451.72
242,483,439.86
243,483,429.71
244,483,436.73
245,483,428.38
246,483,437.67
247,483,435.38
248,483,429.57
249,483,430.07
250,483,439.24
251,483,445.64
252,483,441.16
253,483,445.87
254,483,450.85
255,483,442.53
256,483,440.22
257,483,431.3
258,483,436.74
259,483,443.84
260,483,436.72
261,483,440.2
262,483,444.79
263,483,435.25
264,483,420.4
265,483,430.16
266,483,417.46
267,483,421.04
268,483,427.47
269,483,424.08
270,483,420.96
271,483,430.16
272,483,427.74
273,483,407.37
274,483,417.6
275,483,427.01
276,483,426.78
277,483,434.05
278,483,433.57
279,483,434.06
280,483,423.69
281,483,432.38
282,483,426.46
283,483,438.26
284,483,442.74
285,483,443.24
286,483,445.27
287,483,440.31
288,483,444.57
289,483,447.66
290,483,443.49
291,483,435.38
292,483,435.87
293,483,449.76
294,483,445.04
295,483,451.44
296,483,447.84
297,483,455.67
298,483,455.55
299,483,433.92
Population size,100
Crossover rate,0.51
Mutation rate,0.79
Random selection portion,0.03
Selection method,AForge.Genetic.RankSelection
Diversity check,True
Iteration,FitnessMax,FitnessAvg
0,483,207.56
1,483,269.02
2,483,316.2
3,483,368.68
4,483,401.2
5,483,399.73
6,483,419.63
7,483,423.92
8,483,434.42
9,483,434.92
10,483,401.18
11,483,409.53
12,483,426.46
13,483,429.31
14,483,435.61
15,483,423.46
16,483,432.61
17,483,445.06
18,483,434.93
19,483,437.2
20,483,428.03
21,483,430.89
22,483,433.54
23,483,437.69
24,483,428.9
25,483,426.34
26,483,432.01
27,483,422.48
28,483,424.75
29,483,441.78
30,483,452.41
31,483,437.44
32,483,444.45
33,483,441.42
34,483,441.07
35,483,434.55
36,483,421.86
37,483,426.71
38,483,421.39
39,483,409.41
40,483,418.48
41,483,438.62
42,483,430.78
43,483,437.57
44,483,429.73
45,483,427.2
46,483,438.16
47,483,437.94
48,483,450
49,483,433.09
50,483,435
51,483,435.37
52,483,428.77
53,483,413.06
54,483,430.71
55,483,436.36
56,483,431.54
57,483,435.51
58,483,430.43
59,483,426.92
60,483,424.27
61,483,426.22
62,483,446.23
63,483,431.89
64,483,424.77
65,483,419.2
66,483,433.23
67,483,422.58
68,483,432.72
69,483,439.73
70,483,430.17
71,483,409.52
72,483,425.07
73,483,424.85
74,483,423.98
75,483,407.37
76,483,423.55
77,483,430.43
78,483,440.37
79,483,436.02
80,483,433.82
81,483,436.95
82,483,426.9
83,483,427.64
84,483,440.58
85,483,433.23
86,483,428.51
87,483,436.02
88,483,444.59
89,483,435.86
90,483,431.25
91,483,415.09
92,483,410.99
93,483,413.53
94,483,421.85
95,483,422.95
96,483,415.95
97,483,429.98
98,483,433.91
99,483,432.12
100,483,439.98
101,483,440.83
102,483,432.63
103,483,429.25
104,483,416.21
105,483,427.4
106,483,427.92
107,483,410.52
108,483,430.44
109,483,435.61
110,483,454.33
111,483,450.36
112,483,443.97
113,483,429.62
114,483,434.35
115,483,434.32
116,483,433.85
117,483,436.72
118,483,437.07
119,483,424
120,483,430.43
121,483,434.03
122,483,444.05
123,483,436.31
124,483,431.48
125,483,441.88
126,483,436.71
127,483,435.05
128,483,419.23
129,483,424.9
130,483,430.3
131,483,447.22
132,483,433.23
133,483,444.1
134,483,433.35
135,483,434.79
136,483,434.89
137,483,428.36
138,483,409.55
139,483,411.35
140,483,425.86
141,483,428.12
142,483,434.05
143,483,423.65
144,483,433.56
145,483,443.62
146,483,441.3
147,483,422.58
148,483,442.26
149,483,430.05
150,483,439.73
151,483,447.7
152,483,438.29
153,483,453.4
154,483,445.08
155,483,430.47
156,483,415.13
157,483,436.49
158,483,456.3
159,483,440.72
160,483,440.96
161,483,432.36
162,483,434.8
163,483,429.6
164,483,425.64
165,483,416.1
166,483,432.5
167,483,420.66
168,483,435.15
169,483,416.55
170,483,428.49
171,483,418.38
172,483,421.16
173,483,439.38
174,483,423.57
175,483,416.8
176,483,444.21
177,483,427.57
178,483,418.6
179,483,415.93
180,483,413.5
181,483,440.35
182,483,432.74
183,483,444.69
184,483,432.61
185,483,432
186,483,437.07
187,483,424.17
188,483,431.54
189,483,408.71
190,483,419.09
191,483,431.6
192,483,420.15
193,483,420.75
194,483,424.87
195,483,433.43
196,483,421.98
197,483,436.85
198,483,431.77
199,483,435.01
200,483,419.55
201,483,414.22
202,483,436.1
203,483,434.78
204,483,447.69
205,483,440
206,483,426.91
207,483,426.79
208,483,428.83
209,483,431.4
210,483,423.79
211,483,430.3
212,483,427.26
213,483,432.71
214,483,442.89
215,483,442.88
216,483,431.62
217,483,428.5
218,483,440.92
219,483,442.03
220,483,431.9
221,483,435.51
222,483,415.71
223,483,413.55
224,483,440.09
225,483,420.42
226,483,444.09
227,483,436.61
228,483,419.6
229,483,426.11
230,483,428.51
231,483,435.03
232,483,444.34
233,483,432.26
234,483,445.05
235,483,436.64
236,483,438.92
237,483,418.64
238,483,399.19
239,483,401.09
240,483,418.97
241,483,426.34
242,483,446.06
243,483,421.74
244,483,436.12
245,483,450.25
246,483,440.71
247,483,421.14
248,483,438.29
249,483,439.38
250,483,422.98
251,483,426.5
252,483,438.66
253,483,429.13
254,483,427.3
255,483,435.87
256,483,424.14
257,483,443
258,483,448.57
259,483,444.11
260,483,420.45
261,483,439.23
262,483,437.54
263,483,437.91
264,483,429.81
265,483,444.8
266,483,422.46
267,483,442.28
268,483,436.03
269,483,439.87
270,483,428.38
271,483,433.31
272,483,410.4
273,483,406.88
274,483,424.52
275,483,426.56
276,483,440.68
277,483,432.25
278,483,418.99
279,483,426.72
280,483,427.8
281,483,414.3
282,483,414.31
283,483,417.92
284,483,449.53
285,483,429.87
286,483,412.58
287,483,416.95
288,483,409.06
289,483,446.12
290,483,434.53
291,483,445.63
292,483,446.15
293,483,430.33
294,483,433.09
295,483,422.13
296,483,425.01
297,483,433.95
298,483,427.93
299,483,433.6
Population size,100
Crossover rate,0.51
Mutation rate,0.79
Random selection portion,0.03
Selection method,AForge.Genetic.RankSelection
Diversity check,False
Iteration,FitnessMax,FitnessAvg
0,483,174.94
1,483,234.25
2,483,280.94
3,483,344.88
4,483,362.96
5,483,400.14
6,483,425.54
7,483,416
8,483,424.48
9,483,432.01
10,483,445.9
11,483,431.04
12,483,426.59
13,483,429.48
14,483,433.21
15,483,439.86
16,483,424.64
17,483,422.21
18,483,437.82
19,483,445.55
20,483,440.44
21,483,435.83
22,483,422.08
23,483,429.84
24,483,438.89
25,483,436.62
26,483,423.44
27,483,413.19
28,483,426.11
29,483,434.56
30,483,446.16
31,483,439.64
32,483,437.22
33,483,418.01
34,483,411.98
35,483,420.91
36,483,439.01
37,483,444.44
38,483,434.54
39,483,426.7
40,483,421.36
41,483,440.71
42,483,437.29
43,483,444.54
44,483,439.12
45,483,423.54
46,483,421.25
47,483,409.16
48,483,429.45
49,483,422.58
50,483,421.58
51,483,432.47
52,483,425.24
53,483,443.49
54,483,428.76
55,483,429.48
56,483,442.39
57,483,417.52
58,483,422.23
59,483,412.71
60,483,425.97
61,483,435.4
62,483,434.41
63,483,434.19
64,483,431.42
65,483,434.92
66,483,441.08
67,483,447.1
68,483,448.08
69,483,442.65
70,483,443.84
71,483,447.1
72,483,441.58
73,483,434.7
74,483,427.32
75,483,435.75
76,483,441.9
77,483,444.31
78,483,430.55
79,483,428.47
80,483,427.76
81,483,428.13
82,483,421.14
83,483,406.16
84,483,429.85
85,483,423.17
86,483,420.65
87,483,435.85
88,483,432.84
89,483,419.32
90,483,429.92
91,483,438.97
92,483,441.53
93,483,427.04
94,483,428.64
95,483,410.64
96,483,428.77
97,483,423.08
98,483,431.17
99,483,435.38
100,483,403.78
101,483,415.24
102,483,425.26
103,483,415.25
104,483,430.1
105,483,429.15
106,483,425.12
107,483,421.62
108,483,435.98
109,483,414.86
110,483,434.19
111,483,431.29
112,483,437.92
113,483,440.58
114,483,438.29
115,483,437.93
116,483,429.74
117,483,420.33
118,483,432.75
119,483,443.12
120,483,444.7
121,483,436.13
122,483,432
123,483,436.8
124,483,434.42
125,483,424.44
126,483,434.68
127,483,424.67
128,483,419.71
129,483,420.65
130,483,438.99
131,483,425.84
132,483,440.93
133,483,421.11
134,483,427.4
135,483,412.71
136,483,399.91
137,483,428.29
138,483,433.72
139,483,429.48
140,483,413.17
141,483,435.87
142,483,431.03
143,483,436.72
144,483,421.86
145,483,415.24
146,483,439.22
147,483,424.98
148,483,418.58
149,483,426.82
150,483,416.32
151,483,427.43
152,483,422.58
153,483,422.53
154,483,425.95
155,483,432.12
156,483,413.77
157,483,430.78
158,483,432
159,483,425.7
160,483,439.82
161,483,428.38
162,483,422.72
163,483,420.68
164,483,422.99
165,483,441.79
166,483,435.87
167,483,428.25
168,483,422.56
169,483,430.65
170,483,428.97
171,483,426.11
172,483,436.5
173,483,431.89
174,483,433.69
175,483,424.09
176,483,429.02
177,483,434.8
178,483,432.03
179,483,412.57
180,483,425.48
181,483,444.18
182,483,422.81
183,483,445.41
184,483,444.07
185,483,429.32
186,483,413.88
187,483,423.78
188,483,407.95
189,483,416.62
190,483,421.37
191,483,416.29
192,483,425.47
193,483,438.3
194,483,430.8
195,483,440.19
196,483,417.52
197,483,430.56
198,483,431.52
199,483,432.88
200,483,429.22
201,483,412.22
202,483,422
203,483,436.61
204,483,430.09
205,483,425.85
206,483,414.14
207,483,402.89
208,483,423.18
209,483,436.72
210,483,429.46
211,483,435.01
212,483,429.74
213,483,434.58
214,483,422.87
215,483,421.63
216,483,418.23
217,483,427.79
218,483,429.59
219,483,428.25
220,483,434.43
221,483,443.73
222,483,419.44
223,483,429.36
224,483,441.06
225,483,441.7
226,483,446.29
227,483,422.13
228,483,438.32
229,483,441.44
230,483,419.61
231,483,426.12
232,483,423.94
233,483,426.92
234,483,425.48
235,483,426.11
236,483,438.66
237,483,447.57
238,483,438.62
239,483,437.81
240,483,432.97
241,483,430.08
242,483,434.68
243,483,425.59
244,483,422.11
245,483,445.64
246,483,441.68
247,483,422.96
248,483,417.51
249,483,433.84
250,483,435.25
251,483,432.49
252,483,412.22
253,483,426.81
254,483,427.17
255,483,432.71
256,483,431.02
257,483,446.03
258,483,456.64
259,483,454.25
260,483,439.61
261,483,435.87
262,483,454.22
263,483,439.27
264,483,445.16
265,483,449.05
266,483,427.93
267,483,436.01
268,483,431.78
269,483,436.84
270,483,429.01
271,483,428.76
272,483,435.64
273,483,418.99
274,483,414.54
275,483,421.32
276,483,440.96
277,483,429.33
278,483,426.29
279,483,425.82
280,483,430.44
281,483,423.56
282,483,423.91
283,483,442.46
284,483,440.92
285,483,432.49
286,483,430.69
287,483,447.35
288,483,433.35
289,483,443.96
290,483,446.85
291,483,425.45
292,483,425.84
293,483,425.38
294,483,437.79
295,483,431.19
296,483,446.01
297,483,422.48
298,483,436.26
299,483,454.1
Population size,100
Crossover rate,0.22
Mutation rate,0.87
Random selection portion,0.03
Selection method,AForge.Genetic.EliteSelection
Diversity check,False
Iteration,FitnessMax,FitnessAvg
0,483,287.48
1,483,371.76
2,483,433.22
3,483,454.93
4,483,476.23
5,483,470.08
6,483,472.37
7,483,473.34
8,483,470.8
9,483,478.17
10,483,468.51
11,483,472.37
12,483,468.51
13,483,468.51
14,483,472.98
15,483,471.77
16,483,470.45
17,483,472.74
18,483,472.37
19,483,472.37
20,483,474.55
21,483,473.34
22,483,470.69
23,483,473.94
24,483,472.26
25,483,475.88
26,483,468.51
27,483,470.8
28,483,472.37
29,483,472.87
30,483,474.91
31,483,476.23
32,483,472.37
33,483,472.74
34,483,470.8
35,483,470.08
36,483,471.77
37,483,470.8
38,483,473.34
39,483,470.8
40,483,478.52
41,483,470.08
42,483,468.51
43,483,468.51
44,483,473.34
45,483,471.66
46,483,471.05
47,483,474.91
48,483,474.66
49,483,473.23
50,483,474.91
51,483,472.62
52,483,468.51
53,483,470.8
54,483,471.05
55,483,474.91
56,483,468.51
57,483,476.6
58,483,468.51
59,483,470.69
60,483,472.98
61,483,471.77
62,483,471.77
63,483,474.31
64,483,469.48
65,483,470.69
66,483,470.69
67,483,472.98
68,483,472.37
69,483,470.8
70,483,468.51
71,483,471.05
72,483,473.34
73,483,474.66
74,483,471.05
75,483,473.95
76,483,470.8
77,483,480.35
78,483,477.45
79,483,471.66
80,483,474.91
81,483,470.69
82,483,473.23
83,483,474.55
84,483,472.62
85,483,475.52
86,483,468.51
87,483,471.77
88,483,469.48
89,483,471.77
90,483,471.05
91,483,468.51
92,483,468.51
93,483,470.08
94,483,477.7
95,483,476.6
96,483,473.34
97,483,468.51
98,483,469.48
99,483,468.51
100,483,471.77
101,483,474.66
102,483,473.34
103,483,470.08
104,483,478.42
105,483,477.2
106,483,468.51
107,483,474.31
108,483,468.51
109,483,470.08
110,483,473.34
111,483,470.69
112,483,470.69
113,483,473.23
114,483,473.84
115,483,473.34
116,483,476.6
117,483,470.69
118,483,473.23
119,483,469.48
120,483,474.06
121,483,473.59
122,483,478.52
123,483,470.69
124,483,474.55
125,483,473.59
126,483,468.51
127,483,475.88
128,483,470.69
129,483,470.69
130,483,473.94
131,483,473.09
132,483,471.77
133,483,471.77
134,483,472.62
135,483,468.51
136,483,473.23
137,483,475.88
138,483,478.17
139,483,469.48
140,483,468.51
141,483,469.48
142,483,474.06
143,483,470.69
144,483,470.8
145,483,474.91
146,483,476.6
147,483,469.48
148,483,473.34
149,483,471.77
150,483,472.37
151,483,469.48
152,483,471.66
153,483,478.17
154,483,473.34
155,483,480.46
156,483,470.8
157,483,471.05
158,483,468.51
159,483,468.51
160,483,470.69
161,483,473.34
162,483,472.26
163,483,474.31
164,483,472.02
165,483,470.8
166,483,475.52
167,483,470.8
168,483,472.02
169,483,469.48
170,483,473.95
171,483,474.31
172,483,473.34
173,483,471.05
174,483,471.05
175,483,472.37
176,483,468.51
177,483,468.51
178,483,468.51
179,483,474.55
180,483,476.95
181,483,472.74
182,483,468.51
183,483,469.48
184,483,470.69
185,483,471.77
186,483,471.66
187,483,478.17
188,483,471.05
189,483,472.37
190,483,468.51
191,483,475.03
192,483,471.77
193,483,481.43
194,483,470.8
195,483,477.57
196,483,469.48
197,483,471.77
198,483,472.37
199,483,475.88
200,483,471.05
201,483,473.34
202,483,469.48
203,483,474.91
204,483,477.09
205,483,470.69
206,483,470.69
207,483,471.05
208,483,470.08
209,483,474.91
210,483,473.23
211,483,468.51
212,483,473.94
213,483,472.87
214,483,470.08
215,483,468.51
216,483,470.69
217,483,472.37
218,483,473.34
219,483,472.37
220,483,469.48
221,483,471.77
222,483,473.71
223,483,468.51
224,483,477.21
225,483,472.74
226,483,468.51
227,483,471.05
228,483,477.2
229,483,471.05
230,483,468.51
231,483,471.77
232,483,474.31
233,483,475.63
234,483,475.41
235,483,470.8
236,483,473.23
237,483,477.57
238,483,469.48
239,483,468.51
240,483,474.06
241,483,474.91
242,483,476.85
243,483,477.57
244,483,469.48
245,483,474.06
246,483,479.49
247,483,476.12
248,483,470.69
249,483,473.09
250,483,468.51
251,483,475.03
252,483,468.51
253,483,474.06
254,483,473.34
255,483,470.69
256,483,479.14
257,483,473.34
258,483,469.48
259,483,471.77
260,483,470.8
261,483,473.34
262,483,478.17
263,483,471.77
264,483,469.48
265,483,473.34
266,483,473.95
267,483,478.89
268,483,476.84
269,483,475.41
270,483,471.77
271,483,468.51
272,483,472.26
273,483,475.52
274,483,468.51
275,483,474.91
276,483,473.95
277,483,468.51
278,483,472.37
279,483,471.77
280,483,472.26
281,483,470.69
282,483,473.95
283,483,471.77
284,483,479.49
285,483,470.08
286,483,474.55
287,483,473.23
288,483,477.92
289,483,473.34
290,483,473.34
291,483,480.71
292,483,479.14
293,483,470.08
294,483,474.31
295,483,472.37
296,483,468.51
297,483,474.91
298,483,475.63
299,483,471.05
Population size,100
Crossover rate,0.22
Mutation rate,0.87
Random selection portion,0.03
Selection method,AForge.Genetic.EliteSelection
Diversity check,True
Iteration,FitnessMax,FitnessAvg
0,483,255.5
1,483,335.18
2,483,399.56
3,483,438.68
4,483,466.79
5,483,474.66
6,483,252.99
7,483,334.56
8,483,408.25
9,483,443.25
10,483,460.35
11,483,473.95
12,483,264.51
13,483,348.92
14,483,410.02
15,483,441.7
16,483,464.01
17,483,474.06
18,483,265.08
19,483,348.6
20,483,410.52
21,483,437.47
22,483,460.75
23,483,471.77
24,483,303.18
25,483,357.89
26,483,432.86
27,483,447.17
28,483,464.63
29,483,472.74
30,483,279.39
31,483,368.86
32,483,412.84
33,483,445.93
34,483,457.11
35,483,475.52
36,483,298.42
37,483,377.85
38,483,411.84
39,483,444.86
40,483,466.57
41,483,476.48
42,483,267.43
43,483,365.59
44,483,435.63
45,483,455.9
46,483,471.66
47,483,295.7
48,483,362.68
49,483,418.84
50,483,448.12
51,483,462.69
52,483,469.48
53,483,280.49
54,483,343.49
55,483,406.19
56,483,439.39
57,483,460
58,483,474.19
59,483,264.3
60,483,338.9
61,483,383.17
62,483,428.51
63,483,460.62
64,483,476.48
65,483,260.21
66,483,346.83
67,483,409.89
68,483,434.19
69,483,459.76
70,483,470.8
71,483,283.12
72,483,366.71
73,483,432.05
74,483,445.23
75,483,469.46
76,483,249.4
77,483,339.64
78,483,411.73
79,483,452.35
80,483,463.9
81,483,469.48
82,483,251.32
83,483,345.62
84,483,415.5
85,483,445.21
86,483,471.05
87,483,279.61
88,483,350.57
89,483,421.8
90,483,443.88
91,483,466.9
92,483,468.51
93,483,473.09
94,483,253.88
95,483,338.73
96,483,415.56
97,483,446.8
98,483,463.29
99,483,471.66
100,483,269.12
101,483,349.17
102,483,411.59
103,483,436.13
104,483,452.26
105,483,467.17
106,483,474.06
107,483,268.6
108,483,339.14
109,483,400.14
110,483,429.69
111,483,448.12
112,483,467.78
113,483,470.8
114,483,274.8
115,483,364.07
116,483,422.97
117,483,448.74
118,483,470.92
119,483,256.69
120,483,346.05
121,483,422.72
122,483,454.91
123,483,470.8
124,483,302.76
125,483,369.74
126,483,421.52
127,483,462.65
128,483,468.51
129,483,473.34
130,483,305.08
131,483,387.71
132,483,431.5
133,483,448.12
134,483,474.31
135,483,255.25
136,483,341.63
137,483,381.95
138,483,423.66
139,483,447.15
140,483,468.86
141,483,325.33
142,483,412.86
143,483,453.34
144,483,471.77
145,483,276.97
146,483,340.5
147,483,417.98
148,483,460.13
149,483,472.26
150,483,272.35
151,483,364.05
152,483,409.7
153,483,433.22
154,483,462.9
155,483,472.37
156,483,283.54
157,483,363.49
158,483,427.83
159,483,457.22
160,483,470.08
161,483,270.22
162,483,357.98
163,483,408.98
164,483,439.76
165,483,464.87
166,483,471.05
167,483,288.88
168,483,382.73
169,483,441.08
170,483,466.9
171,483,475.03
172,483,326.56
173,483,399.65
174,483,434.18
175,483,452.62
176,483,469.48
177,483,290.09
178,483,359.28
179,483,409.67
180,483,452.99
181,483,472.37
182,483,304.76
183,483,368.84
184,483,422.83
185,483,448.14
186,483,471.05
187,483,307.1
188,483,376.32
189,483,430.68
190,483,450.68
191,483,467.54
192,483,468.51
193,483,476.23
194,483,273.17
195,483,347.08
196,483,405.45
197,483,441.68
198,483,458.81
199,483,475.63
200,483,317.55
201,483,393.53
202,483,435.4
203,483,449.11
204,483,464.61
205,483,472.87
206,483,272.58
207,483,361.59
208,483,423.93
209,483,446.18
210,483,467.17
211,483,473.23
212,483,268.02
213,483,339.19
214,483,409.08
215,483,442.92
216,483,459.76
217,483,473.34
218,483,274.07
219,483,350.72
220,483,406.54
221,483,428.12
222,483,455.17
223,483,476.49
224,483,246.86
225,483,342.31
226,483,398.68
227,483,433.1
228,483,447.77
229,483,466.2
230,483,472.62
231,483,270.99
232,483,351.32
233,483,402.43
234,483,440.73
235,483,466.57
236,483,472.62
237,483,281.98
238,483,365.23
239,483,414.61
240,483,447.04
241,483,473.34
242,483,252.84
243,483,326.08
244,483,388.1
245,483,431.65
246,483,456.48
247,483,473.34
248,483,283.17
249,483,362.94
250,483,428.88
251,483,458.44
252,483,471.77
253,483,282.21
254,483,348.05
255,483,395.73
256,483,441.33
257,483,459.76
258,483,471.77
259,483,300.81
260,483,387.84
261,483,426.18
262,483,447.04
263,483,463.64
264,483,472.37
265,483,287.67
266,483,376.54
267,483,428.72
268,483,454.29
269,483,475.88
270,483,298.94
271,483,369.2
272,483,429.48
273,483,452.97
274,483,470.68
275,483,263.72
276,483,354.29
277,483,417.31
278,483,451.03
279,483,473.34
280,483,260.52
281,483,330.24
282,483,397.53
283,483,443.62
284,483,465.56
285,483,475.52
286,483,248.73
287,483,319.97
288,483,389.49
289,483,434.56
290,483,462.32
291,483,473.34
292,483,261.37
293,483,347.54
294,483,405.31
295,483,437.2
296,483,452.02
297,483,471.05
298,483,315.45
299,483,379.24
Population size,100
Crossover rate,0.22
Mutation rate,0.87
Random selection portion,0.03
Selection method,AForge.Genetic.EliteSelection
Diversity check,True
Iteration,FitnessMax,FitnessAvg
0,483,282.81
1,483,367.29
2,483,420.78
3,483,446.8
4,483,472
5,483,326.74
6,483,378.71
7,483,439.74
8,483,460.73
9,483,472.62
10,483,274.44
11,483,348.58
12,483,414.15
13,483,442.56
14,483,465.6
15,483,471.05
16,483,269.26
17,483,343.46
18,483,409.84
19,483,458.54
20,483,470.8
21,483,301.42
22,483,384.77
23,483,429.71
24,483,457.2
25,483,470.8
26,483,246.21
27,483,329.13
28,483,394.49
29,483,441.68
30,483,461.94
31,483,471.77
32,483,275.84
33,483,355.15
34,483,414.18
35,483,452.35
36,483,470.69
37,483,290.69
38,483,362.49
39,483,427.92
40,483,457.8
41,483,475.63
42,483,278.5
43,483,362.01
44,483,427.83
45,483,456.87
46,483,473.95
47,483,253.67
48,483,336.65
49,483,400.5
Population size,100
Crossover rate,0.22
Mutation rate,0.87
Random selection portion,0.03
Selection method,AForge.Genetic.EliteSelection
Diversity check,True
Iteration,FitnessMax,FitnessAvg
0,483,286
1,483,367.56
2,483,426.21
3,483,447.17
4,483,471.77
5,483,286.14
6,483,377.23
7,483,436.5
8,483,456.85
9,483,468.38
10,483,475.88
11,483,253.19
12,483,340.54
13,483,408.75
14,483,443.27
15,483,465.95
16,483,473.34
17,483,275.15
18,483,356.19
19,483,422.67
20,483,443.27
21,483,462.91
22,483,473.84
23,483,285.5
24,483,349.77
25,483,412.45
26,483,451.87
27,483,466.57
28,483,475.63
29,483,299.46
