Population size,100
Crossover rate,0.66
Mutation rate,0.34
Random selection portion,0.03
Selection method,AForge.Genetic.RouletteWheelSelection
Diversity check,False
Iteration,FitnessMax,FitnessAvg
0,756,455.23
1,784,492.7
2,756,520.94
3,756,563.82
4,784,562.55
5,784,572.46
6,784,596.77
7,784,614.35
8,784,629.05
9,784,625.18
10,784,656.85
11,784,637.86
12,784,642.22
13,784,645.02
14,784,645.21
15,784,652.77
16,784,646.03
17,784,667.49
18,784,678.5
19,784,674.63
20,784,678.98
21,784,683.43
22,784,659.48
23,784,664.26
24,784,664.22
25,784,662.75
26,784,664.65
27,784,669.77
28,784,651.41
29,784,641.76
30,784,644.16
31,784,640.53
32,784,650.95
33,784,642.34
34,784,648.07
35,784,653.26
36,784,647.56
37,784,656.1
38,784,638.32
39,784,621.22
40,784,634.22
41,784,647.31
42,784,604.28
43,784,610.48
44,784,621.32
45,784,628.79
46,784,640.63
47,784,633.83
48,784,612.06
49,784,613.85
50,784,614.5
51,784,629.51
52,784,624.41
53,784,631.81
54,784,630.34
55,784,644.6
56,784,631.85
57,784,630.77
58,756,617.27
59,756,628.92
60,784,634.98
61,784,659.7
62,784,666.92
63,784,674.4
64,784,676.27
65,784,680.74
66,784,681.89
67,784,669.23
68,784,669.37
69,784,661.62
70,784,669.37
71,784,682.26
72,784,674.79
73,784,680.53
74,784,669.16
75,784,656.29
76,784,641.03
77,784,636.91
78,784,652.22
79,784,641.98
80,784,625.3
81,784,637.92
82,784,634
83,784,630.83
84,784,627.52
85,784,631.73
86,784,644.56
87,784,647.71
88,784,637.64
89,784,616.87
90,784,624.14
91,784,619.56
92,784,629.61
93,784,633.42
94,784,614.19
95,784,625.85
96,784,627.63
97,784,615.88
98,784,618.06
99,784,613.11
100,784,630.65
101,784,613.55
102,784,618.87
103,784,625.61
104,784,627.65
105,784,637.17
106,784,639.87
107,784,640.84
108,784,661.58
109,784,652.67
110,784,650.17
111,784,652.36
112,784,653.21
113,784,636.78
114,784,621.8
115,784,628.08
116,784,637.54
117,784,612.45
118,784,619.88
119,784,637.23
120,784,637.17
121,784,649.24
122,784,676.3
123,784,654.65
124,784,655.52
125,784,657.05
126,784,666.5
127,784,657.37
128,784,660.47
129,784,661.11
130,784,657.77
131,784,665.01
132,784,668.99
133,784,657.59
134,784,656.64
135,756,655.27
136,756,651.53
137,756,653.41
138,756,653.31
139,756,654.82
140,756,654.22
141,756,643.32
142,756,643.24
143,756,645.12
144,756,648.97
145,784,652.81
146,784,664.71
147,784,657.75
148,784,663.13
149,756,649.99
150,756,641
151,756,640.33
152,756,661.22
153,784,646.35
154,784,649.29
155,756,658.01
156,756,647.78
157,756,661.67
158,756,658.31
159,756,669.52
160,756,637.88
161,756,656.05
162,756,657.76
163,756,651.94
164,756,648.43
165,756,648.57
166,756,657.88
167,756,664.97
168,756,669.11
169,756,662.65
170,784,668.35
171,756,646.62
172,756,650.19
173,756,649.51
174,756,665.29
175,756,657.89
176,756,665.82
177,756,664.59
178,756,649.47
179,756,637.46
180,756,648.89
181,756,645.21
182,784,639.56
183,756,645.16
184,756,666.64
185,756,653.18
186,756,648.79
187,756,645.68
188,756,646.09
189,756,656.3
190,756,648.5
191,756,644.31
192,784,655.55
193,756,634.52
194,756,623.93
195,784,646.97
196,784,643.02
197,784,644.56
198,756,634.66
199,756,635.5
200,756,644.49
201,756,652.67
202,756,659.86
203,756,659.19
204,756,670.96
205,756,662.94
206,756,647.38
207,756,657.9
208,756,648.67
209,756,646.58
210,756,645.64
211,784,635.02
212,784,657.76
213,784,647.28
214,756,650.4
215,756,651.15
216,756,663.36
217,756,667.77
218,756,662.05
219,756,673.05
220,756,643.58
221,756,648.07
222,756,645.05
223,756,646.77
224,756,632.69
225,756,637.87
226,756,639.14
227,756,663.55
228,756,677.98
229,784,670.91
230,784,672.88
231,784,677.65
232,784,666.74
233,784,680.01
234,784,664.71
235,784,661.66
236,784,680.23
237,784,660.6
238,756,649.92
239,784,645.25
240,756,643.88
241,756,643.27
242,756,652.51
243,756,661.26
244,756,660.43
245,756,646.01
246,756,653
247,756,661.44
248,756,663.56
249,756,654.85
250,756,652.73
251,756,654.79
252,756,669.21
253,756,662.28
254,756,671.24
255,756,658.17
256,756,654.63
257,756,669.8
258,756,670.73
259,756,685.9
260,756,688.38
261,756,693.03
262,756,671.17
263,756,668.53
264,756,677.53
265,756,681.88
266,784,676.24
267,784,676.41
268,784,679.48
269,784,675.99
270,784,675.59
271,756,687.29
272,756,658.74
273,756,660.67
274,756,648.87
275,756,664.56
276,756,657.21
277,756,634.29
278,756,644.03
279,756,642.81
280,784,668.04
281,784,661.04
282,784,662.22
283,784,660.36
284,784,665.8
285,784,677.76
286,756,676.73
287,756,676.8
288,756,680.06
289,756,665.97
290,756,663.21
291,756,674.9
292,756,682.48
293,756,666.44
294,756,676.05
295,756,663.89
296,756,675.26
297,756,683.83
298,756,662.92
299,756,659.51
Population size,100
Crossover rate,0.66
Mutation rate,0.34
Random selection portion,0.03
Selection method,AForge.Genetic.RouletteWheelSelection
Diversity check,True
Iteration,FitnessMax,FitnessAvg
0,784,443.51
1,784,497.56
2,784,547.18
3,784,575.75
4,784,586.44
5,784,600.62
6,784,610.42
7,784,599.23
8,756,598.04
9,756,595.35
10,756,586.14
11,756,597.96
12,756,615.58
13,756,630.94
14,756,615.48
15,756,621.48
16,756,616.08
17,756,620.86
18,756,619.9
19,743,613.24
20,743,620
21,743,623.38
22,743,610.33
23,756,605.1
24,756,621.76
25,756,607.12
26,756,618.23
27,756,629.28
28,756,611.7
29,784,607.99
30,784,608.21
31,784,614.25
32,756,624.22
33,756,630.64
34,756,623.39
35,784,628.98
36,784,627.54
37,756,622.03
38,756,618.43
39,756,612.01
40,784,643.73
41,784,649.89
42,784,660.27
43,784,663.25
44,784,665.59
45,784,659.25
46,784,638.17
47,756,656.21
48,784,665.55
49,784,648.14
50,784,627.88
51,784,637.13
52,784,645.11
53,784,652.02
54,784,645.6
55,756,648.88
56,756,665.58
57,756,664.89
58,756,668.76
59,756,680.38
60,756,674.55
61,756,662.91
62,756,656.84
63,756,683.5
64,756,672.4
65,756,668.06
66,756,676.52
67,756,683.02
68,756,685.15
69,756,673.84
70,756,680.51
71,756,699.33
72,756,698.01
73,756,696.93
74,756,699.88
75,756,703.98
76,756,684.68
77,756,681.89
78,756,665.22
79,756,638.01
80,756,636.54
81,756,656.8
82,756,656.11
83,756,643.45
84,756,648.49
85,756,664.71
86,756,657.27
87,756,665.42
88,756,671.59
89,756,657.6
90,784,649.38
91,784,661.8
92,784,662.65
93,784,664.78
94,756,662.36
95,756,648.89
96,756,631.38
97,756,648.65
98,756,641.16
99,756,653.99
100,784,634.61
101,784,647.2
102,784,636.06
103,756,638.94
104,756,627.51
105,784,646.08
106,756,660.67
107,756,650.73
108,756,667.77
109,756,673.76
110,756,678.21
111,756,678.33
112,756,670.27
113,756,657.11
114,756,632.85
115,756,642.78
116,756,643.58
117,756,637.33
118,756,643.34
119,756,659.06
120,756,647.79
121,756,640.74
122,784,648.35
123,784,645.21
124,756,632.93
125,756,645.14
126,756,634.63
127,756,664.33
128,756,653.92
129,756,650.44
130,756,647.3
131,756,642.86
132,756,634.89
133,756,642.58
134,784,651.54
135,784,637.07
136,756,636.36
137,756,646.05
138,756,636.16
139,756,640.54
140,756,644.31
141,756,629.6
142,784,650.22
143,784,652.74
144,784,662.62
145,784,652.18
146,784,666.72
147,784,660.65
148,784,659.7
149,756,645.98
150,756,644.89
151,756,656.89
152,784,654.68
153,784,660.21
154,784,662.92
155,756,671.15
156,756,648.04
157,756,685.3
158,756,663.34
159,756,682.02
160,756,666.28
161,756,667.54
162,784,659.39
163,756,663.99
164,756,674.43
165,756,677.04
166,756,693.69
167,756,690.54
168,756,676.06
169,756,676.97
170,756,673.28
171,756,666.06
172,756,666.06
173,756,667.2
174,756,676.59
175,756,670.82
176,756,686.17
177,756,680.12
178,756,656.48
179,756,681.15
180,756,679.72
181,756,676.18
182,756,668.93
183,756,666
184,756,675.3
185,756,679.39
186,756,682.81
187,756,670.52
188,756,698.5
189,756,670.02
190,756,687.3
191,756,679.28
192,756,694.45
193,756,694.02
194,756,692.85
195,756,683.18
196,756,678.27
197,756,685.22
198,756,697.41
199,756,694.98
200,756,679.46
201,756,689.91
202,756,686.26
203,756,680.44
204,756,682.47
205,756,673.74
206,756,676.29
207,756,666.12
208,756,662.86
209,756,649.99
210,756,662.56
211,756,688.12
212,756,673.5
213,756,662.78
214,756,664.94
215,756,662.31
216,756,666.57
217,756,645.76
218,756,659.4
219,756,667.55
220,756,655.83
221,756,678.73
222,756,673.99
223,756,670.41
224,784,682.69
225,784,669.13
226,784,679.16
227,784,681.33
228,756,674.12
229,756,677.42
230,756,659.83
231,756,682.68
232,756,696.04
233,756,683.22
234,756,680.68
235,756,675.92
236,756,680.27
237,756,688.47
238,756,661.26
239,756,633.45
240,756,650.6
241,756,661.98
242,756,673.41
243,756,677.27
244,756,660.61
245,756,669.98
246,756,661.79
247,756,660.9
248,756,671.56
249,756,690.83
250,756,678.94
251,756,673.95
252,756,667.84
253,756,684.02
254,756,681.38
255,756,661.67
256,756,666.32
257,756,666.06
258,756,666.67
259,756,659.23
260,756,665.14
261,756,670.76
262,756,666.87
263,784,679.9
264,756,684.78
265,756,676.34
266,756,680.58
267,756,687.05
268,756,690
269,756,692.03
270,756,678.2
271,756,678.86
272,756,689.89
273,756,690.06
274,756,694.54
275,756,689.14
276,756,670.62
277,756,674.46
278,756,655.42
279,756,657.72
280,756,635.17
281,756,656.99
282,756,646.45
283,756,640.95
284,756,657.49
285,756,656.79
286,756,662.26
287,756,645.57
288,756,638.45
289,756,649.67
290,756,655.58
291,756,661.3
292,756,671.31
293,756,658.68
294,756,664.87
295,756,667.17
296,756,653.09
297,756,642.42
298,756,631.05
299,756,651.4
Population size,100
Crossover rate,0.51
Mutation rate,0.79
Random selection portion,0.03
Selection method,AForge.Genetic.RankSelection
Diversity check,True
Iteration,FitnessMax,FitnessAvg
0,737,249.89
1,737,364.27
2,737,423.45
3,784,470.5
4,784,538.46
5,784,584.61
6,784,611.98
7,784,633.32
8,784,610.28
9,784,633.27
10,784,634.73
11,784,629.71
12,784,662.03
13,784,685.55
14,784,690.38
15,784,690.95
16,784,677.29
17,784,685.54
18,784,676.96
19,756,670.19
20,756,688.23
21,784,698.44
22,756,708.06
23,756,705.4
24,756,708.88
25,756,698.19
26,756,699.99
27,756,717.43
28,756,727.49
29,756,700.59
30,756,713.69
31,756,694.51
32,756,714.28
33,756,716.26
34,756,709.85
35,756,711.89
36,756,706.55
37,756,703.99
38,756,708.94
39,756,700.09
40,756,683.03
41,756,701.78
42,756,719.36
43,756,692.98
44,756,705.89
45,756,697.34
46,756,708.52
47,756,673.15
48,756,707.95
49,756,704.1
50,756,700.05
51,756,705.21
52,756,710.48
53,756,725.83
54,756,718.75
55,756,717.79
56,756,698.89
57,756,700.9
58,756,717.19
59,756,693.19
60,756,699.09
61,756,699.01
62,756,714.7
63,756,699.42
64,756,690.82
65,756,703.75
66,756,708.22
67,756,713.65
68,756,719.4
69,756,702.54
70,756,703.25
71,756,694.5
72,756,705.31
73,756,685.23
74,756,683.31
75,756,716.03
76,756,686.68
77,756,713.72
78,756,697.31
79,756,683.97
80,756,693.05
81,756,698.78
82,756,693.59
83,756,696.33
84,756,697.26
85,756,689.61
86,756,687.84
87,756,690.21
88,756,700.88
89,756,704.66
90,756,699.24
91,756,685.93
92,756,680.92
93,756,690.55
94,756,688.5
95,756,727.49
96,756,710.48
97,756,689.03
98,756,704.8
99,756,720.81
100,756,710.9
101,756,706.43
102,756,693.51
103,756,687.83
104,756,714.8
105,756,725.7
106,756,686.37
107,756,683.21
108,756,680.87
109,756,708.42
110,756,701.53
111,756,704.98
112,784,711.38
113,756,714.46
114,756,705.45
115,756,697.07
116,756,718.15
117,756,699.21
118,756,698.67
119,756,709.36
120,756,710.26
121,756,714.16
122,756,695.23
123,756,708.85
124,756,690.55
125,756,703.01
126,756,698.72
127,756,696.59
128,756,698.29
129,756,684.18
130,756,694.91
131,756,692.56
132,756,704.63
133,756,711.49
134,756,715.17
135,756,694.38
136,756,692.99
137,756,698.69
138,756,673.33
139,756,704.81
140,756,715.41
141,756,699.12
142,784,719.04
143,784,706.98
144,784,695
145,784,702.01
146,784,710.25
147,784,704.87
148,784,695.03
149,784,715.93
150,784,696.38
151,784,724.9
152,784,690.92
153,784,685.21
154,784,673.28
155,784,704.29
156,784,708.46
157,784,714.3
158,784,701.14
159,784,701.85
160,784,709.11
161,784,720.22
162,784,717.91
163,784,688.86
164,784,675.43
165,784,705.83
166,784,718.56
167,784,693.1
168,784,705.73
169,784,692.52
170,784,681.69
171,784,680.78
172,784,693.01
173,756,688.11
174,756,686.9
175,756,687.96
176,756,694.67
177,756,704.59
178,756,693.87
179,756,678.31
180,756,692.86
181,756,701.86
182,756,696.7
183,784,692.76
184,784,697.2
185,756,702.93
186,756,699.54
187,756,700.18
188,756,689.54
189,756,700.52
190,756,708.63
191,756,697.46
192,756,697.77
193,756,695.41
194,756,658.69
195,756,672.59
196,784,708.53
197,756,690.93
198,756,709.98
199,756,714.06
200,756,707.48
201,756,688.61
202,756,687.49
203,756,705.11
204,756,690.32
205,756,709.47
206,756,707.7
207,756,707.31
208,756,693.77
209,756,667.91
210,756,669.43
211,756,673.65
212,756,708.36
213,756,704.88
214,756,705.9
215,756,699.27
216,756,712.87
217,756,695.93
218,756,683.13
219,756,701.11
220,756,693.11
221,756,701.41
222,784,676.16
223,756,697.98
224,756,696.84
225,756,688.87
226,756,682.01
227,756,697.33
228,756,676.16
229,756,680.13
230,756,702.93
231,756,664.34
232,756,683.07
233,756,703.67
234,756,693.79
235,756,703.16
236,784,720.67
237,784,714.94
238,756,707.88
239,756,695.05
240,756,688.6
241,756,697.89
242,756,709.27
243,756,705.89
244,756,709.19
245,756,708.23
246,756,698.06
247,756,723.31
248,756,699.92
249,756,701.9
250,756,709.51
251,756,718.91
252,756,704.16
253,756,722.6
254,756,688
255,756,703.28
256,756,712.03
257,756,683.01
258,756,707.98
259,756,706.26
260,756,684.83
261,756,723.4
262,756,699.62
263,756,706.57
264,756,699.94
265,756,691.25
266,756,698.18
267,756,698.49
268,756,704.12
269,756,704.87
270,756,701.05
271,756,696.05
272,756,704.83
273,756,692.68
274,756,681.33
275,756,688.08
276,756,700.58
277,756,690.21
278,756,700.25
279,756,711.88
280,756,708.61
281,756,667.83
282,756,666.92
283,756,691.08
284,756,699.34
285,756,710.82
286,756,688.58
287,756,681.53
288,756,696.22
289,756,699.21
290,756,705.91
291,756,698.33
292,756,717.17
293,756,686.38
294,756,704.44
295,756,685.78
296,756,721.32
297,756,699.32
298,756,708.14
299,756,690.85
Population size,100
Crossover rate,0.51
Mutation rate,0.79
Random selection portion,0.03
Selection method,AForge.Genetic.RankSelection
Diversity check,False
Iteration,FitnessMax,FitnessAvg
0,743,232.1
1,677,329.83
2,756,402
3,756,492.04
4,756,542.9
5,756,560.07
6,756,603.96
7,756,587.54
8,784,615.96
9,784,639.76
10,756,666.04
11,784,643.79
12,784,650.23
13,784,652.01
14,784,649.43
15,784,687.29
16,784,679.08
17,784,691.82
18,784,673.6
19,784,663.28
20,784,662.14
21,784,679.34
22,784,696.2
23,784,692.85
24,784,696.23
25,784,697.15
26,784,705.1
27,784,720.51
28,784,686.02
29,784,710.75
30,784,694.23
31,784,697.45
32,784,719.7
33,784,703.89
34,784,735.24
35,784,724.17
36,784,728.48
37,784,692.06
38,784,728.57
39,784,719.36
40,784,716.22
41,784,700.28
42,784,727.54
43,784,699.97
44,784,692.98
45,784,723.83
46,784,725.15
47,784,735.54
48,784,715.12
49,784,708.19
50,784,717.84
51,784,687.81
52,784,690.38
53,784,711.08
54,784,714.38
55,784,707.67
56,784,707.6
57,784,666
58,784,659.46
59,784,660.11
60,784,694.48
61,784,691.86
62,784,676.5
63,784,708.75
64,784,697.57
65,784,723.02
66,784,724.64
67,784,706.52
68,784,714.25
69,784,693.85
70,784,721.97
71,784,723.45
72,784,705.63
73,784,733.92
74,784,728.22
75,784,716.38
76,784,716.5
77,784,728.59
78,784,735.86
79,784,710.5
80,784,734.83
81,784,703.24
82,784,723.58
83,784,731.05
84,784,694.06
85,784,694.68
86,784,702.54
87,784,707.18
88,784,700.03
89,784,704.7
90,784,694.79
91,784,709.43
92,784,721.97
93,784,736.79
94,784,701.61
95,784,705.75
96,784,694.83
97,784,698.53
98,784,680.35
99,784,669.23
100,784,691.3
101,784,691.13
102,784,681.37
103,784,692.9
104,784,681.9
105,784,696.98
106,784,704.95
107,784,716.65
108,784,725.31
109,784,709.62
110,784,710.78
111,784,739.25
112,784,723.53
113,784,727.2
114,784,710.83
115,784,719.92
116,784,725.79
117,784,725.71
118,784,709.84
119,784,730.44
120,784,730.9
121,784,725.6
122,784,700.2
123,784,723.03
124,784,726.28
125,784,685.11
126,784,703.4
127,784,695.16
128,784,683.05
129,784,683.02
130,784,715.48
131,784,718.9
132,784,737.93
133,784,717.42
134,784,734.33
135,784,708.51
136,784,729.29
137,784,714.32
138,784,700.71
139,784,709.04
140,784,704.28
141,784,706.16
142,784,714.94
143,784,693.97
144,784,699.93
145,784,681.62
146,784,684.18
147,784,675.75
148,784,706.25
149,784,685.83
150,784,666.34
151,784,685.02
152,784,702.01
153,784,682.97
154,784,714.13
155,784,729.21
156,784,727.41
157,784,735.83
158,784,712.13
159,784,688.35
160,784,705.79
161,784,716.05
162,784,704.29
163,784,685.72
164,784,685.61
165,784,696.6
166,784,689.73
167,784,727.79
168,784,715.32
169,784,678.21
170,784,695.72
171,784,735.71
172,784,734.75
173,784,738.02
174,784,705.9
175,784,704.08
176,784,719.98
177,784,716.94
178,784,721.72
179,784,692.82
180,784,678.81
181,784,703.44
182,784,697.52
183,784,722.7
184,784,713.99
185,784,726.18
186,784,721.13
187,784,726.65
188,784,703.85
189,784,687.67
190,784,717.06
191,784,703.47
192,784,669.94
193,784,689.06
194,784,694.08
195,784,719.31
196,784,714.9
197,784,725.63
198,784,724.73
199,784,699.66
200,784,717.77
201,784,717.55
202,784,735.14
203,784,683.38
204,784,701.33
205,784,728.94
206,784,706.26
207,784,722.54
208,784,727.65
209,784,723.68
210,784,719.47
211,784,735.56
212,784,716.19
213,784,726.05
214,784,732.97
215,784,705.94
216,784,680.08
217,784,698.24
218,784,698.22
219,784,714.62
220,784,726.68
221,784,716.67
222,784,716.71
223,784,688.3
224,784,718.77
225,784,699.91
226,784,687.04
227,784,702.9
228,784,693.86
229,784,698.6
230,784,716.87
231,784,691.35
232,784,721.71
233,784,720.04
234,784,722.41
235,784,710.1
236,784,716.48
237,784,720.89
238,784,699.87
239,784,680.51
240,784,712.5
241,784,707.23
242,784,680.2
243,784,705.03
244,784,714.37
245,784,666.55
246,784,710.17
247,784,707.73
248,784,708.01
249,784,698
250,784,702.19
251,784,693.86
252,784,688.16
253,784,698.08
254,784,695.02
255,784,702
256,784,716.23
257,784,714.81
258,784,728.26
259,784,719.71
260,784,718.41
261,784,740.31
262,784,751.55
263,784,725.74
264,784,713.8
265,784,719.55
266,784,713.66
267,784,731.47
268,784,731.43
269,784,704.15
270,784,705.11
271,784,723.37
272,784,710.53
273,784,702.83
274,784,715.56
275,784,718.65
276,784,706.93
277,784,719.8
278,784,687.08
279,784,704.35
280,784,709.35
281,784,719.87
282,784,711.24
283,784,685.72
284,784,714.87
285,784,714.57
286,784,674.8
287,784,697.53
288,784,722.59
289,784,713.93
290,784,700.97
291,784,686.3
292,784,709.64
293,784,711.7
294,784,690.56
295,784,716.21
296,784,712.24
297,784,722.98
298,784,693.12
299,784,697.48
Population size,100
Crossover rate,0.22
Mutation rate,0.87
Random selection portion,0.03
Selection method,AForge.Genetic.EliteSelection
Diversity check,False
Iteration,FitnessMax,FitnessAvg
0,784,354.41
1,784,487.12
2,784,559.22
3,784,608.79
4,784,647.76
5,784,681.77
6,784,711.45
7,784,715.68
8,784,728.78
9,784,726.79
10,784,739.35
11,784,739.91
12,784,743.99
13,784,754.14
14,784,755.52
15,784,756
16,784,760.48
17,784,770.06
18,784,761.27
19,784,768.38
20,784,760.48
21,784,776.39
22,784,767.1
23,784,771.22
24,784,767.06
25,784,764.51
26,784,760.48
27,784,768.27
28,784,766
29,784,764.58
30,784,762.94
31,784,764.26
32,784,766.13
33,784,766.43
34,784,760.48
35,784,762.38
36,784,760.48
37,784,765.17
38,784,764.26
39,784,765.68
40,784,760.48
41,784,766.71
42,784,763.91
43,784,768.77
44,784,765.49
45,784,763.66
46,784,760.48
47,784,760.48
48,784,762.19
49,784,760.48
50,784,762.79
51,784,760.48
52,784,764.6
53,784,767.48
54,784,766.27
55,784,769.09
56,784,771.11
57,784,767.53
58,784,765.14
59,784,763.57
60,784,773.32
61,784,764.07
62,784,762.88
63,784,771.22
64,784,763.91
65,784,770.78
66,784,764.79
67,784,762.44
68,784,765.45
69,784,760.48
70,784,760.48
71,784,763.26
72,784,760.48
73,784,767.44
74,784,765.61
75,784,766.15
76,784,765.26
77,784,763.54
78,784,766.85
79,784,764.48
80,784,766.37
81,784,760.48
82,784,763.22
83,784,760.48
84,784,763.45
85,784,765.71
86,784,764.14
87,784,764.73
88,784,764.64
89,784,763.85
90,784,768.58
91,784,763.45
92,784,767.63
93,784,766.9
94,784,767.85
95,784,760.48
96,784,768.23
97,784,769
98,784,767.24
99,784,763.13
100,784,769.43
101,784,764.42
102,784,760.48
103,784,760.48
104,784,760.48
105,784,765.11
106,784,760.48
107,784,765.06
108,784,763.41
109,784,770.48
110,784,763.94
111,784,760.48
112,784,760.48
113,784,767.76
114,784,760.48
115,784,775.26
116,784,765.08
117,784,760.48
118,784,760.48
119,784,765.99
120,784,765.3
121,784,762.47
122,784,767.11
123,784,763.73
124,784,769.4
125,784,765.66
126,784,763.91
127,784,766.9
128,784,766.87
129,784,762.98
130,784,769.59
131,784,760.48
132,784,765.24
133,784,765.27
134,784,760.48
135,784,760.48
136,784,761.93
137,784,767.09
138,784,760.48
139,784,771.91
140,784,767.03
141,784,763.35
142,784,760.48
143,784,771.91
144,784,766.81
145,784,766.69
146,784,766.25
147,784,760.48
148,784,762.6
149,784,765.8
150,784,765.4
151,784,765.34
152,784,774.5
153,784,766.46
154,784,764.79
155,784,761.68
156,784,766.08
157,784,766.62
158,784,763.45
159,784,760.48
160,784,766.3
161,784,763.03
162,784,766.96
163,784,760.48
164,784,764.73
165,784,766.43
166,784,765.9
167,784,762.62
168,784,765.17
169,784,769.46
170,784,760.48
171,784,764.51
172,784,763.35
173,784,770.8
174,784,771.44
175,784,773.4
176,784,770.59
177,784,764.49
178,784,765.77
179,784,766.53
180,784,764.23
181,784,765.43
182,784,760.48
183,784,760.48
184,784,771.45
185,784,766.78
186,784,770.21
187,784,766.84
188,784,764.73
189,784,760.48
190,784,768.88
191,784,760.48
192,784,760.48
193,784,762.31
194,784,769.84
195,784,772.43
196,784,775.5
197,784,776.88
198,784,768.52
199,784,764.13
200,784,760.48
201,784,771.25
202,784,770.17
203,784,770.4
204,784,764.26
205,784,762.88
206,784,766.62
207,784,763.22
208,784,760.48
209,784,765.78
210,784,762.28
211,784,767.19
212,784,760.48
213,784,765.68
214,784,760.48
215,784,760.48
216,784,764.48
217,784,768.1
218,784,764.14
219,784,764.64
220,784,764.73
221,784,762.66
222,784,764.54
223,784,764.26
224,784,767.31
225,784,770.12
226,784,767.09
227,784,766.62
228,784,768.33
229,784,763.91
230,784,764.89
231,784,762.52
232,784,763.25
233,784,772.05
234,784,762.79
235,784,760.48
236,784,762.44
237,784,764.74
238,784,773.45
239,784,765.11
240,784,760.48
241,784,765.71
242,784,760.48
243,784,766.9
244,784,760.48
245,784,760.48
246,784,760.48
247,784,760.48
248,784,765.61
249,784,766.3
250,784,766.71
251,784,772.8
252,784,765.86
253,784,760.48
254,784,767.71
255,784,769.3
256,784,760.48
257,784,763.53
258,784,766.49
259,784,760.48
260,784,760.48
261,784,764.58
262,784,774.24
263,784,765.39
264,784,760.48
265,784,773.39
266,784,763.04
267,784,769.02
268,784,764.16
269,784,762.03
270,784,771.37
271,784,764.76
272,784,772.04
273,784,765.51
274,784,761.68
275,784,760.48
276,784,771.71
277,784,768.04
278,784,769.81
279,784,764.52
280,784,768.59
281,784,768.7
282,784,764.29
283,784,768.37
284,784,772.94
285,784,761.9
286,784,762.19
287,784,762.62
288,784,768.43
289,784,762.66
290,784,760.48
291,784,760.48
292,784,763.07
293,784,763.66
294,784,765.21
295,784,763.29
296,784,764.48
297,784,763.89
298,784,769.37
299,784,770.62
Population size,100
Crossover rate,0.22
Mutation rate,0.87
Random selection portion,0.03
Selection method,AForge.Genetic.EliteSelection
Diversity check,True
Iteration,FitnessMax,FitnessAvg
0,715,305.81
1,784,454.35
2,784,553.91
3,784,626.53
4,784,657.13
5,784,685.86
6,784,695.87
7,784,711.71
8,784,724.43
9,784,720.5
10,784,726.73
11,784,738.32
12,784,743.38
13,784,740.7
14,784,749.07
15,784,745.08
16,784,746.2
17,784,753.48
18,784,750.68
19,784,761.01
20,784,314.41
21,784,459.11
22,784,543.16
23,784,599.47
24,784,633.14
25,784,664.08
26,784,690.17
27,784,704.39
28,784,710.9
29,784,719.18
30,784,732.18
31,784,730.42
32,784,735.48
33,784,741.56
34,784,746.76
35,784,747.47
36,784,743.96
37,784,748.62
38,784,755.74
39,784,750.28
40,784,760.92
41,784,261.86
42,784,433.9
43,784,539.12
44,784,599.23
45,784,632.46
46,784,667.52
47,784,683.39
48,784,699.78
49,784,701.38
50,784,715.94
51,784,717.61
52,784,724.7
53,784,723.69
54,784,728.61
55,784,736.22
56,784,736.76
57,784,750.12
58,784,750.61
59,784,750.87
60,784,752.44
61,784,744.24
62,784,751.34
63,784,762.19
64,784,356.76
65,784,519.01
66,784,600.93
67,784,654.66
68,784,694.37
69,784,707.77
70,784,723.97
71,784,722.19
72,784,727.57
73,784,734.23
74,784,743.29
75,784,741.8
76,784,744.99
77,784,750.2
78,784,743.34
79,784,752.77
80,784,753.44
81,784,745.95
82,784,750.1
83,784,762.6
84,784,307.02
85,784,457.61
86,784,549.41
87,784,619.38
88,784,661.54
89,784,680.85
90,784,703.64
91,784,725.79
92,784,718.41
93,784,732
94,784,735.99
95,784,736.98
96,784,735.93
97,784,756.24
98,784,745.56
99,784,740.04
100,784,745.26
101,784,741.16
102,784,741.63
103,784,748.34
104,784,744.26
105,784,747.52
106,784,755.42
107,784,746.48
108,784,756.78
109,784,750.68
110,784,757.77
111,784,761.37
112,784,278.66
113,784,456.3
114,784,549.11
115,784,588.83
116,784,625.12
117,784,672.83
118,784,705.3
119,784,701.7
120,784,713.14
121,784,722.09
122,784,729.04
123,784,730.46
124,784,733.62
125,784,736.05
126,784,745.52
127,784,744.22
128,784,749.11
129,784,753.28
130,784,749.66
131,784,757.13
132,784,753.05
133,784,761.69
134,784,329.3
135,784,482.37
136,784,570.17
137,784,628.8
138,784,661.31
139,784,690.46
140,784,707.86
141,784,723.68
142,784,721.86
143,784,727.1
144,784,737.01
145,784,738.21
146,784,745.79
147,784,745.8
148,784,756.87
149,784,756.84
150,784,769.82
151,784,394.81
152,784,529.52
153,784,589.77
154,784,640.95
155,784,669.17
156,784,688.12
157,784,695.87
158,784,710.93
159,784,717.6
160,784,721.79
161,784,720.1
162,784,727.31
163,784,734.07
164,784,738.74
165,784,738.34
166,784,734.89
167,784,738.62
168,784,735.84
169,784,743.65
170,784,747.56
171,784,740.34
172,784,742.63
173,784,744.57
174,784,741.65
175,784,740.93
176,784,740.79
177,784,750.05
178,784,738.08
179,784,748.17
180,784,741.45
181,784,750.2
182,784,750.27
183,784,749.59
184,784,740.04
185,784,747.29
186,784,742.84
187,784,744.24
188,784,746.76
189,784,751.47
190,784,759.31
191,784,753.66
192,784,764.5
193,784,341.02
194,784,468.51
195,784,559.03
196,784,611.43
197,784,655.33
198,784,687.38
199,784,705
200,784,710.02
201,784,711.83
202,784,726.57
203,784,732.34
204,784,732.07
205,784,736.19
206,784,737.6
207,784,740.36
208,784,740.55
209,784,736.96
210,784,749.49
211,784,746.07
212,784,741.11
213,784,742.18
214,784,743.22
215,784,742.08
216,784,743.85
217,784,742.26
218,784,742.98
219,784,739.48
220,784,740.89
221,784,750.68
222,784,747.44
223,784,741.44
224,784,745.37
225,784,749.52
226,784,748.55
227,784,743.12
228,784,751.39
229,784,752.51
230,784,756.67
231,784,754.52
232,784,749.28
233,784,752.92
234,784,762.34
235,784,374.59
236,784,525.55
237,784,599.54
238,784,647.87
239,784,677.9
240,784,692.74
241,784,704.9
242,784,712.27
243,784,715.51
244,784,736.35
245,784,726.5
246,784,737.95
247,784,734.14
248,784,747.18
249,784,740.74
250,784,743.85
251,784,748.26
252,784,754.04
253,784,760.74
254,784,295.87
255,784,476.07
256,784,539.05
257,784,575.95
258,784,631.11
259,784,665.08
260,784,685.57
261,784,695.49
262,784,719.37
263,784,719.3
264,784,726.36
265,784,732.16
266,784,734.39
267,784,745.9
268,784,742.96
269,784,748.43
270,784,750.53
271,784,760.38
272,784,757.28
273,784,755.16
274,784,767.01
275,784,358.75
276,784,492
277,784,565.19
278,784,622.51
279,784,657.32
280,784,686.96
281,784,706.9
282,784,714.46
283,784,724.29
284,784,743.6
285,784,735.96
286,784,739.79
287,784,747.07
288,784,745.18
289,784,748.04
290,784,749.99
291,784,750.77
292,784,748.44
293,784,757.92
294,784,753.76
295,784,773.66
296,784,233.09
297,784,424.96
298,784,531.96
299,784,592.43
Population size,100
Crossover rate,0.22
Mutation rate,0.87
Random selection portion,0.03
Selection method,AForge.Genetic.EliteSelection
Diversity check,True
Iteration,FitnessMax,FitnessAvg
0,756,293.89
1,784,476.68
2,784,554.38
3,784,600.88
4,784,646.1
5,784,680.23
6,784,691.56
7,784,715.61
8,784,716.27
9,784,718.97
10,784,725.79
11,784,742.72
12,784,744.96
13,784,752.73
14,784,751.21
15,784,752.08
16,784,765.94
17,784,350.86
18,784,449.61
19,784,527.24
20,784,578.03
21,784,634.99
22,784,654.75
23,784,675.36
24,784,689.69
25,784,704.63
26,784,715.14
27,784,726.32
28,784,723.91
29,784,732.82
30,784,739.53
31,784,743.85
32,784,753.48
33,784,759.4
34,784,758.52
35,784,767.44
36,784,347.09
37,784,499.19
38,784,569.49
39,784,625.15
40,784,664.48
41,784,691.85
42,784,703.23
43,784,722.02
44,784,722.35
45,784,728.6
46,784,729.26
47,784,745.29
48,784,740
49,784,748.46
Population size,100
Crossover rate,0.22
Mutation rate,0.87
Random selection portion,0.03
Selection method,AForge.Genetic.EliteSelection
Diversity check,True
Iteration,FitnessMax,FitnessAvg
0,737,310.36
1,756,498.69
2,756,573.76
3,756,617.83
4,756,657.13
5,784,678.87
6,784,704.97
7,784,702.4
8,784,710.03
9,784,722.19
10,784,723.7
11,784,734.88
12,784,733.86
13,784,737.68
14,784,737.52
15,784,740.98
16,784,737.8
17,784,740.72
18,784,740.27
19,784,740.32
20,784,742.81
21,784,753.3
22,784,754.9
23,784,751.49
24,784,750.94
25,784,758.5
26,784,760.15
27,784,763.93
28,784,339.11
29,784,472.44
