Population size,100
Crossover rate,0.66
Mutation rate,0.34
Random selection portion,0.03
Selection method,AForge.Genetic.RouletteWheelSelection
Diversity check,False
Iteration,FitnessMax,FitnessAvg
0,1993,1404.42
1,2082,1491.41
2,2043,1600.69
3,2087,1642.33
4,2087,1623.45
5,2168,1662.22
6,2168,1692.84
7,2168,1706.15
8,2171,1742.59
9,2379,1736.09
10,2194,1781.62
11,2220,1812.76
12,2220,1845.79
13,2241,1860.46
14,2241,1880.27
15,2336,1903.03
16,2336,1895.52
17,2302,1921.66
18,2336,1947.14
19,2336,1940.51
20,2336,1963.84
21,2364,1934.59
22,2338,1928.89
23,2338,1871.25
24,2252,1904.14
25,2252,1902.31
26,2252,1929.37
27,2268,1928.55
28,2268,1898.24
29,2268,1901.5
30,2361,1948.92
31,2329,1963.49
32,2329,1960.44
33,2329,1949.04
34,2327,1916.36
35,2327,1905.69
36,2327,1889.37
37,2327,1950.28
38,2271,1944.65
39,2242,1938.18
40,2309,1948.68
41,2285,1975.09
42,2251,1954.53
43,2297,1965.66
44,2324,1985.34
45,2324,2003.84
46,2290,2065.29
47,2413,2069.66
48,2434,2110.43
49,2434,2073.03
50,2434,2074.88
51,2410,2120.62
52,2410,2117.02
53,2410,2131.58
54,2410,2117.33
55,2410,2101.27
56,2422,2104.32
57,2483,2116.62
58,2400,2132.72
59,2459,2135.04
60,2459,2128.53
61,2505,2122.2
62,2505,2064.3
63,2505,2037.94
64,2505,2038.24
65,2431,2044.01
66,2431,2018.66
67,2431,2121.35
68,2431,2134.7
69,2478,2100.26
70,2391,2097.09
71,2458,2116.76
72,2458,2127.68
73,2400,2105.12
74,2391,2065.45
75,2396,2049.25
76,2391,2015.63
77,2391,2003.61
78,2436,2029.13
79,2475,2011.77
80,2475,1982.7
81,2475,1989
82,2470,2073.48
83,2475,2060.31
84,2475,2091.56
85,2470,2090.12
86,2427,2070.27
87,2427,2084.57
88,2427,2080.32
89,2427,2087.9
90,2427,2084.35
91,2451,2052.78
92,2451,2099.87
93,2451,2079.21
94,2457,2091.51
95,2482,2098.64
96,2431,2073.86
97,2431,2074.13
98,2470,2088.14
99,2470,2118.4
100,2470,2084.47
101,2491,2084.21
102,2491,2048.26
103,2421,1990.47
104,2452,2024.41
105,2452,2053.35
106,2431,2058.92
107,2452,2051.94
108,2431,2014.15
109,2436,1994.13
110,2436,1903
111,2467,1919.32
112,2467,1934.7
113,2462,1964.18
114,2462,2000.08
115,2462,1968.52
116,2470,1998.82
117,2470,1973.51
118,2431,2009.04
119,2431,2076.38
120,2492,2094.48
121,2458,2096.86
122,2492,2119.88
123,2519,2172.91
124,2513,2143.69
125,2513,2119.06
126,2513,2166.98
127,2510,2172.08
128,2470,2135.63
129,2458,2143.87
130,2458,2107.28
131,2510,2060.56
132,2510,2035.84
133,2510,2077.03
134,2510,2038
135,2449,2102.36
136,2449,2065.51
137,2385,2071.19
138,2419,2039.85
139,2419,2040.12
140,2459,2038.33
141,2458,2057.17
142,2458,2044.52
143,2458,2056.25
144,2458,2070.18
145,2458,2063.02
146,2497,2069.49
147,2471,2117.09
148,2446,2129.66
149,2519,2093.86
150,2519,2080.33
151,2519,2050.99
152,2519,2089.73
153,2434,2115.77
154,2450,2154.54
155,2480,2150.66
156,2450,2146.22
157,2450,2136.51
158,2497,2139.71
159,2450,2106.6
160,2428,2041.09
161,2446,2006.3
162,2464,2045.38
163,2461,2093.97
164,2461,2114.5
165,2461,2117.78
166,2468,2123.96
167,2474,2144.58
168,2468,2149.13
169,2468,2148.82
170,2491,2146.23
171,2491,2129.93
172,2491,2123.94
173,2494,2127.3
174,2494,2139.21
175,2456,2131.83
176,2416,2154.46
177,2416,2094.05
178,2416,2085.38
179,2376,2041.48
180,2461,2037.66
181,2461,2067.97
182,2373,2101.07
183,2403,2076.75
184,2461,2065.42
185,2461,2121.34
186,2461,2092.58
187,2461,2095.23
188,2422,2077.25
189,2422,2064.61
190,2503,2061.41
191,2446,2071.76
192,2422,2076.93
193,2422,2048.66
194,2440,2051.43
195,2440,2065.19
196,2422,2030.86
197,2464,2008.79
198,2464,1970.27
199,2397,1962.21
200,2411,1958.87
201,2411,1940.5
202,2411,1938.02
203,2411,1929.32
204,2411,1956.66
205,2332,1915.1
206,2377,1914.62
207,2435,1940.08
208,2448,1944.66
209,2375,1969.57
210,2390,1973.29
211,2390,1985.87
212,2390,2043.31
213,2388,2076.1
214,2456,2085.35
215,2406,2108.32
216,2430,2104.19
217,2430,2110.18
218,2411,2096.07
219,2463,2083.37
220,2423,2102.18
221,2423,2088.96
222,2442,2064.03
223,2453,2062.41
224,2453,2061.54
225,2454,2059.7
226,2454,2088.02
227,2448,2110.85
228,2448,2121.85
229,2448,2128.34
230,2448,2120.53
231,2448,2134.26
232,2448,2109.3
233,2421,2057.32
234,2423,2091.39
235,2483,2122.6
236,2483,2143.32
237,2483,2110.75
238,2483,2168.76
239,2460,2149.95
240,2502,2142.36
241,2502,2139.01
242,2502,2108.13
243,2457,2053.39
244,2457,2086.73
245,2423,2047.71
246,2430,2040.72
247,2430,2051.84
248,2434,2061.74
249,2522,2047.63
250,2522,1997.65
251,2522,2037.49
252,2527,1999.64
253,2527,2024.71
254,2527,2029.48
255,2527,2051.23
256,2527,2072.68
257,2527,2081.4
258,2466,2084.45
259,2466,2105.32
260,2469,2143.86
261,2461,2120.94
262,2461,2115.55
263,2461,2125.69
264,2481,2132.33
265,2481,2119.06
266,2461,2131.78
267,2447,2155.49
268,2454,2144.72
269,2481,2101
270,2454,2085.94
271,2454,2087.98
272,2457,2080.66
273,2457,2064.28
274,2457,2070.04
275,2475,2118.87
276,2475,2101.24
277,2475,2134.12
278,2475,2126.13
279,2475,2115.82
280,2475,2130.01
281,2475,2145.6
282,2475,2122.45
283,2475,2154.1
284,2475,2133.56
285,2453,2117.82
286,2453,2155.27
287,2469,2144.73
288,2509,2101.47
289,2509,2126.61
290,2469,2158.71
291,2469,2128
292,2469,2118.43
293,2518,2120.69
294,2469,2151.85
295,2496,2154.42
296,2478,2169.43
297,2475,2131.46
298,2465,2136.72
299,2509,2123.99
Population size,100
Crossover rate,0.66
Mutation rate,0.34
Random selection portion,0.03
Selection method,AForge.Genetic.RouletteWheelSelection
Diversity check,True
Iteration,FitnessMax,FitnessAvg
0,2343,1428.9
1,2325,1458.86
2,2325,1503.55
3,2325,1572.35
4,2325,1569.92
5,2343,1591.64
6,2355,1638.2
7,2382,1644.82
8,2409,1650.75
9,2217,1700.65
10,2361,1679.62
11,2078,1713.59
12,2280,1698.82
13,2116,1727.58
14,2186,1704.11
15,2203,1745.65
16,2157,1768.47
17,2139,1774.45
18,2240,1745.72
19,2405,1764.62
20,2405,1816.82
21,2405,1849.7
22,2398,1880.71
23,2398,1948.31
24,2398,1934.35
25,2322,1962.3
26,2322,1963.61
27,2322,1969.62
28,2307,2027.88
29,2442,2012.9
30,2442,2008.15
31,2387,1968.99
32,2343,1992.25
33,2401,2032.83
34,2505,2062.78
35,2505,2088.92
36,2505,2081.28
37,2490,2041.03
38,2505,2035.48
39,2505,2011.97
40,2505,2051.84
41,2490,2003.12
42,2490,1955.05
43,2469,1962.86
44,2430,1924.77
45,2457,1937.6
46,2350,1933.93
47,2350,1919.32
48,2316,1890.87
49,2367,1915.09
50,2367,1925.65
51,2346,1898.58
52,2293,1920.15
53,2342,1969.57
54,2395,1946.73
55,2372,1991.89
56,2410,2001.44
57,2330,2012.97
58,2379,2004.3
59,2379,1981.53
60,2379,1981.1
61,2375,2001.47
62,2375,1977.52
63,2375,1964.62
64,2428,2003.09
65,2385,2009.06
66,2362,2011.38
67,2362,2007.53
68,2410,1982.45
69,2361,1939.02
70,2345,1929.85
71,2379,1977.49
72,2327,1934.98
73,2327,1922.94
74,2385,1972.42
75,2306,2024.5
76,2300,2006.39
77,2333,1969.46
78,2300,1982.72
79,2310,2004.97
80,2370,1949.75
81,2396,1974.5
82,2339,1965.98
83,2344,1934.45
84,2323,1950.45
85,2340,1948.67
86,2416,1999.96
87,2455,2017.46
88,2455,2013.85
89,2455,2016.53
90,2447,2071.54
91,2447,2110.06
92,2447,2099.24
93,2437,2096.5
94,2416,2087.03
95,2416,2065.83
96,2416,2057.2
97,2416,2080.7
98,2447,2082.19
99,2447,2107.77
100,2451,2127.48
101,2455,2125.02
102,2395,2127.82
103,2397,2062.14
104,2379,2081.38
105,2400,2042.71
106,2400,2073.26
107,2363,2050.87
108,2377,2038.81
109,2376,2048.42
110,2379,2009.34
111,2362,2014.3
112,2362,2023.75
113,2362,2029.92
114,2362,2065.92
115,2358,2078.58
116,2416,2082.68
117,2325,2057.53
118,2434,2070.91
119,2434,2015.23
120,2464,2025.96
121,2464,2097.71
122,2464,2078.6
123,2464,2065.44
124,2403,2078.88
125,2429,2064.87
126,2442,2044.4
127,2437,2033.62
128,2437,2061.86
129,2417,2070.61
130,2417,2068.27
131,2382,2081.22
132,2464,2106.12
133,2442,2126.42
134,2402,2136.71
135,2415,2159.97
136,2415,2132.7
137,2434,2101.36
138,2421,2115.78
139,2421,2112.32
140,2391,2077.51
141,2391,2061.44
142,2436,2044.88
143,2418,2063.05
144,2442,2093.12
145,2448,2101.84
146,2448,2083.43
147,2448,2082.56
148,2448,2083.42
149,2448,2099.22
150,2448,2088.74
151,2417,2091.86
152,2478,2063.04
153,2474,2090.75
154,2463,2101.48
155,2478,2134.28
156,2463,2132.52
157,2463,2159.42
158,2472,2148.56
159,2463,2157.25
160,2490,2144.62
161,2490,2090.68
162,2490,2105.05
163,2490,2129.05
164,2490,2134.91
165,2490,2131.66
166,2449,2120.57
167,2421,2114.76
168,2443,2090.77
169,2443,2111.48
170,2455,2132.11
171,2467,2117.8
172,2480,2116.51
173,2472,2142.39
174,2480,2154.49
175,2480,2164.12
176,2499,2167.41
177,2480,2172.59
178,2477,2156.81
179,2472,2151.05
180,2455,2146.06
181,2478,2175.72
182,2478,2163.53
183,2451,2162.72
184,2421,2165.49
185,2427,2195.14
186,2483,2171.82
187,2429,2198.03
188,2447,2173.67
189,2478,2179.5
190,2499,2123.03
191,2447,2110.05
192,2461,2078.9
193,2443,2093.76
194,2443,2054.54
195,2393,2053.38
196,2443,2062.36
197,2443,2053.45
198,2465,2054.41
199,2425,2058.43
200,2471,2057.46
201,2471,2038.46
202,2471,2076.63
203,2532,2060
204,2532,2038.25
205,2474,2038.41
206,2471,2052.51
207,2483,2049.86
208,2483,2037.74
209,2476,2060.41
210,2478,2101.97
211,2478,2085.88
212,2478,2094.66
213,2478,2082.94
214,2478,2107.61
215,2451,2084.8
216,2451,2068.59
217,2451,2047.99
218,2451,2087.7
219,2509,2081.68
220,2509,2079.84
221,2509,2109.96
222,2544,2112.02
223,2532,2089.17
224,2532,2096.05
225,2544,2098.75
226,2544,2064.26
227,2544,2052.24
228,2507,2092.13
229,2507,2116.18
230,2505,2106.84
231,2509,2106.37
232,2509,2166.42
233,2509,2157.48
234,2509,2148.83
235,2502,2131.62
236,2502,2162.3
237,2502,2153.69
238,2502,2175.79
239,2502,2141.93
240,2502,2155.09
241,2507,2122
242,2502,2107.83
243,2502,2138.7
244,2481,2108.51
245,2481,2074.8
246,2502,2098.29
247,2502,2071.29
248,2502,2043.45
249,2502,2026.71
250,2502,1942.49
251,2502,1953.38
252,2502,1963.37
253,2502,1978.44
254,2370,1967.88
255,2355,1922.49
256,2412,1896.89
257,2412,1906.16
258,2412,1905.7
259,2439,1947.89
260,2439,1918.94
261,2324,1894.33
262,2309,1918.63
263,2385,1907.76
264,2417,1948.62
265,2444,1951.59
266,2444,1944.95
267,2444,1969.32
268,2462,1947.51
269,2477,1956.82
270,2477,1896.16
271,2444,1887.84
272,2444,1914.27
273,2437,1955.66
274,2437,1974.87
275,2411,1975.93
276,2480,2008.66
277,2480,2026.48
278,2480,2050.78
279,2507,2053.83
280,2507,2078.63
281,2507,2101.62
282,2462,2136.41
283,2457,2160.46
284,2505,2161.83
285,2478,2150.32
286,2478,2142.93
287,2478,2116.53
288,2478,2052.24
289,2429,2068.14
290,2429,2049.19
291,2471,2067.93
292,2553,2067.47
293,2553,2053.67
294,2553,2040.32
295,2426,2051.11
296,2493,2085.09
297,2453,2088.7
298,2453,2032.73
299,2453,2053.91
Population size,100
Crossover rate,0.51
Mutation rate,0.79
Random selection portion,0.03
Selection method,AForge.Genetic.RankSelection
Diversity check,True
Iteration,FitnessMax,FitnessAvg
0,2301,1492.23
1,2301,1667.87
2,2377,1782.31
3,2377,1890.37
4,2391,1966.2
5,2345,2028.11
6,2345,2077.69
7,2324,2111.69
8,2471,2140.77
9,2476,2196.24
10,2494,2214.38
11,2494,2235.18
12,2494,2255.57
13,2494,2298.58
14,2494,2318.25
15,2494,2336.19
16,2494,2340.15
17,2500,2395.12
18,2494,2389.27
19,2494,2396.2
20,2499,2360.49
21,2518,2408.42
22,2518,2391
23,2526,2400.32
24,2518,2410.44
25,2518,2394.1
26,2518,2411.77
27,2518,2410.15
28,2518,2406.84
29,2518,2405.14
30,2518,2393.31
31,2518,2353.1
32,2518,2349.95
33,2518,2351.79
34,2518,2415.75
35,2518,2402.84
36,2518,2393.75
37,2518,2441.31
38,2527,2389.79
39,2531,2404.52
40,2518,2420.23
41,2518,2408.25
42,2518,2375.97
43,2518,2432.73
44,2518,2431.75
45,2553,2418.35
46,2527,2409.14
47,2527,2459.41
48,2527,1494.29
49,2527,1571.58
50,2527,1727.84
51,2527,1802.27
52,2527,1885.32
53,2527,1950.09
54,2527,1998.31
55,2527,2025.36
56,2527,2109.42
57,2527,2143.75
58,2527,2199.17
59,2522,2219.72
60,2522,2243.06
61,2469,2260.03
62,2473,2292.6
63,2527,2318.54
64,2473,2338.38
65,2510,2369.22
66,2510,2356
67,2527,2387.67
68,2527,2295.22
69,2493,2318.92
70,2493,2317.29
71,2473,2290.4
72,2523,2346.32
73,2523,2317.53
74,2487,2391.67
75,2527,2339.46
76,2527,2409.37
77,2527,2384.28
78,2500,2386.57
79,2494,2357.89
80,2500,2387.37
81,2500,2398.67
82,2494,2400
83,2527,2402.48
84,2527,2411.3
85,2527,2414.06
86,2527,2409.73
87,2527,2397.69
88,2527,2366.76
89,2494,2392.16
90,2494,2380.24
91,2517,2406.57
92,2517,2370.6
93,2500,2408.26
94,2487,2415.53
95,1988,1555.09
96,2092,1701.92
97,2249,1838.17
98,2283,1885.3
99,2256,1871.99
100,2249,1964.87
101,2279,2000.44
102,2278,2018.29
103,2394,2038.07
104,2394,2082.57
105,2428,2061.77
106,2428,2112.56
107,2428,2152.55
108,2531,2166.1
109,2531,2178.65
110,2531,2241.63
111,2531,2275.58
112,2531,2288.62
113,2531,2331.36
114,2531,2346.92
115,2531,2354.24
116,2531,2358.52
117,2532,2359.26
118,2532,2398.42
119,2532,2395.08
120,2544,2354.52
121,2544,2412.61
122,2544,2424.61
123,2544,2395.31
124,2544,2427.88
125,2544,2438.04
126,2544,2459.9
127,2544,2429.45
128,2544,2456.69
129,2544,2444.86
130,2544,2475.46
131,2544,1451.78
132,2544,1588.01
133,2544,1750.71
134,2544,1817.41
135,2544,1904.99
136,2544,1983.6
137,2544,2037.71
138,2544,2128.51
139,2544,2185.06
140,2544,2285.3
141,2544,2313.25
142,2544,2316.86
143,2544,2384.72
144,2544,2362.61
145,2544,2332
146,2544,2388.9
147,2544,2428.88
148,2544,2437.98
149,2544,2435.38
150,2544,2436.23
151,2544,2441.76
152,2544,2420.77
153,2553,2451.21
154,2553,2416.27
155,2553,2471.37
156,2553,2423.26
157,2553,2477.05
158,2128,1487.88
159,2285,1642.04
160,2285,1748.01
161,2285,1844.28
162,2285,1920.44
163,2285,1983.62
164,2285,2023.16
165,2328,2047.13
166,2367,2041.71
167,2367,2067.41
168,2367,2151.33
169,2482,2158.42
170,2450,2141.67
171,2453,2196.55
172,2482,2208.76
173,2478,2254.3
174,2462,2249.89
175,2458,2295.29
176,2458,2314.48
177,2472,2248.19
178,2471,2327.4
179,2471,2337.24
180,2471,2277.79
181,2516,2311.57
182,2516,2355.38
183,2518,2349.36
184,2498,2251.16
185,2487,2323.8
186,2487,2322.57
187,2487,2336.09
188,2487,2357
189,2505,2380.06
190,2516,2351.52
191,2494,2345.03
192,2494,2414.46
193,2505,2368.68
194,2505,2330.59
195,2506,2382.07
196,2506,2362.77
197,2505,2330
198,2517,2372.73
199,2517,2405.35
200,2531,2397.16
201,2531,2417.35
202,2531,2422.65
203,2531,2415.28
204,2531,2378.21
205,2531,2368.51
206,2531,2394.29
207,2518,2429.66
208,2518,2446.34
209,2090,1605.19
210,2090,1726.3
211,2113,1800.81
212,2396,1887.47
213,2396,1978.62
214,2396,2051.95
215,2396,2113.14
216,2396,2138.54
217,2471,2179.48
218,2471,2213.52
219,2418,2247.06
220,2465,2266.78
221,2465,2281.13
222,2488,2277.1
223,2489,2242.36
224,2492,2305.32
225,2488,2310.49
226,2488,2315.22
227,2488,2348.87
228,2488,2309.95
229,2488,2333.68
230,2504,2386.56
231,2504,2359.34
232,2509,2372.02
233,2509,2387.78
234,2509,2390
235,2509,2384.05
236,2507,2379.84
237,2507,2402.16
238,2507,2356.58
239,2507,2413.12
240,2507,2397.86
241,2507,2373.66
242,2513,2382.9
243,2513,2411.82
244,2513,2415.83
245,2513,2428.4
246,2513,2398.7
247,2513,2405.59
248,2514,2401.95
249,2514,2418.83
250,2513,2384.36
251,2513,2425.65
252,2513,2434.57
253,2513,2438.4
254,2513,1520.47
255,2513,1621.39
256,2513,1763.91
257,2513,1900.72
258,2495,1916.44
259,2495,1982.51
260,2495,2060.42
261,2507,2107.14
262,2507,2141.1
263,2507,2186.88
264,2507,2191.57
265,2507,2190.99
266,2507,2242.16
267,2507,2288.92
268,2507,2276.78
269,2507,2334.77
270,2524,2339.08
271,2524,2324.65
272,2524,2285.25
273,2504,2354.14
274,2507,2370.23
275,2504,2356.61
276,2492,2348.6
277,2492,2355.52
278,2492,2346.45
279,2507,2389.17
280,2513,2385.74
281,2513,2374.48
282,2513,2357.07
283,2519,2376.77
284,2519,2409.07
285,2519,2368.54
286,2519,2386.76
287,2519,2422.5
288,2519,2395.31
289,2519,2385.73
290,2519,2375.17
291,2553,2336.82
292,2553,2373.5
293,2553,2405.86
294,2531,2416.8
295,2531,2443.87
296,2553,2407.21
297,2553,2405.44
298,2553,2395.95
299,2553,2401.83
Population size,100
Crossover rate,0.51
Mutation rate,0.79
Random selection portion,0.03
Selection method,AForge.Genetic.RankSelection
Diversity check,False
Iteration,FitnessMax,FitnessAvg
0,2087,1550.45
1,2099,1678.57
2,2180,1794.62
3,2132,1881.48
4,2349,1937.65
5,2349,1990.96
6,2421,2024.56
7,2364,2059.1
8,2456,2089.95
9,2440,2145.04
10,2440,2178.58
11,2445,2240.4
12,2475,2246.66
13,2475,2309.69
14,2506,2314.17
15,2506,2350.86
16,2506,2367.62
17,2504,2350.83
18,2512,2350.13
19,2512,2373.27
20,2504,2372.46
21,2512,2368.68
22,2512,2365.87
23,2504,2371.89
24,2512,2377.7
25,2512,2403.54
26,2512,2400.43
27,2512,2385.16
28,2512,2382.72
29,2512,2330.9
30,2512,2383.51
31,2512,2409.7
32,2512,2409.81
33,2543,2402.7
34,2543,2390.24
35,2543,2374.64
36,2543,2424.34
37,2543,2401.09
38,2543,2418.73
39,2543,2407.97
40,2543,2387.66
41,2543,2432.35
42,2543,2439.2
43,2543,2406.58
44,2543,2440.84
45,2543,2426.24
46,2543,2448.87
47,2543,2412.92
48,2543,2433.6
49,2543,2448.86
50,2543,2433.57
51,2543,2456.19
52,2543,2424.57
53,2543,2441.07
54,2543,2475.87
55,2543,2466.84
56,2543,2470.19
57,2543,2473.58
58,2543,2465.44
59,2543,2500.03
60,2543,2455.57
61,2543,2467.1
62,2543,2470.34
63,2543,2445.35
64,2543,2480.04
65,2543,2483.04
66,2543,2435.93
67,2543,2453.56
68,2543,2451.8
69,2543,2427.36
70,2543,2443.65
71,2543,2474.75
72,2543,2441.22
73,2543,2480.11
74,2543,2442.78
75,2543,2433.69
76,2543,2444.12
77,2543,2456.56
78,2543,2459.39
79,2543,2437.98
80,2543,2467.21
81,2543,2471
82,2543,2426.94
83,2543,2441.64
84,2543,2481.94
85,2543,2461.34
86,2543,2427.73
87,2543,2447.25
88,2543,2436.28
89,2543,2477.28
90,2543,2396.73
91,2543,2478.4
92,2543,2433.53
93,2543,2448.4
94,2543,2466.9
95,2543,2473.07
96,2543,2475.61
97,2543,2472.75
98,2543,2453.57
99,2543,2467.31
100,2543,2420.59
101,2543,2434.48
102,2543,2430.94
103,2543,2465.94
104,2543,2434.49
105,2543,2439.58
106,2543,2467.72
107,2543,2462.97
108,2543,2442.84
109,2543,2431.55
110,2543,2429.36
111,2543,2433.86
112,2543,2449.9
113,2543,2447.57
114,2544,2474.21
115,2544,2485.96
116,2543,2460.45
117,2543,2447.37
118,2543,2456.65
119,2543,2425.51
120,2543,2451.77
121,2543,2411.02
122,2543,2439.65
123,2543,2441.17
124,2543,2466.95
125,2543,2477.72
126,2543,2468.67
127,2543,2444.42
128,2543,2415.54
129,2543,2470.46
130,2543,2478.74
131,2543,2470.98
132,2543,2487.62
133,2543,2424.6
134,2543,2452.52
135,2543,2455.9
136,2543,2434.56
137,2543,2440.99
138,2543,2437.16
139,2543,2417.9
140,2543,2389.49
141,2543,2466.82
142,2543,2443.04
143,2543,2464.68
144,2543,2422.14
145,2543,2466.82
146,2543,2472.09
147,2544,2480.77
148,2544,2457.03
149,2543,2422.98
150,2543,2480.46
151,2543,2455.51
152,2543,2419.87
153,2543,2439.2
154,2543,2478.59
155,2543,2464.93
156,2543,2458.22
157,2543,2459.16
158,2543,2490.47
159,2543,2467.53
160,2544,2461.47
161,2543,2421.15
162,2543,2437.57
163,2544,2447.47
164,2544,2468.72
165,2544,2474.44
166,2544,2429.75
167,2544,2367.33
168,2544,2416.03
169,2544,2456.25
170,2544,2412.84
171,2544,2431.75
172,2544,2455.07
173,2544,2442.49
174,2544,2457.21
175,2544,2442.31
176,2544,2426.58
177,2544,2432.57
178,2544,2453.5
179,2544,2422.48
180,2544,2441.24
181,2544,2456.53
182,2544,2431.65
183,2544,2463.1
184,2544,2446.63
185,2544,2447.45
186,2544,2460.91
187,2544,2422.84
188,2544,2460.12
189,2553,2447.39
190,2553,2485.5
191,2553,2393.17
192,2553,2430.5
193,2553,2482.13
194,2553,2470.31
195,2553,2455.97
196,2553,2429.95
197,2553,2452.5
198,2553,2482.6
199,2553,2430.82
200,2553,2450.39
201,2553,2435.83
202,2553,2407.68
203,2553,2460.57
204,2553,2460.07
205,2550,2452.34
206,2553,2455.42
207,2553,2454.82
208,2553,2429.52
209,2553,2419.16
210,2553,2475.93
211,2553,2435.46
212,2553,2486.68
213,2550,2458.52
214,2550,2454.2
215,2553,2471.68
216,2553,2469.43
217,2553,2457.7
218,2553,2421.96
219,2553,2451.74
220,2553,2469.41
221,2553,2469.7
222,2553,2456.34
223,2553,2478.03
224,2553,2471.55
225,2553,2467.33
226,2553,2430.01
227,2553,2436.8
228,2553,2434.83
229,2553,2440.89
230,2553,2449.61
231,2553,2422.08
232,2553,2457.27
233,2553,2440.26
234,2553,2373.99
235,2553,2376.96
236,2553,2434.78
237,2553,2478.07
238,2553,2431.4
239,2553,2486.63
240,2553,2462.87
241,2553,2443.93
242,2553,2458.86
243,2553,2473.89
244,2553,2434.92
245,2553,2429.98
246,2553,2463.08
247,2553,2470.47
248,2553,2485.79
249,2553,2457
250,2553,2488.72
251,2553,2442.94
252,2553,2443.33
253,2553,2462.15
254,2553,2462.2
255,2553,2438.63
256,2553,2439.81
257,2553,2482.22
258,2553,2458.96
259,2553,2430.35
260,2553,2403.4
261,2553,2420.41
262,2553,2453.15
263,2553,2470.82
264,2553,2478.66
265,2553,2466
266,2553,2469.02
267,2553,2452.73
268,2553,2474.54
269,2553,2462.05
270,2553,2482.71
271,2553,2464.17
272,2553,2486.18
273,2553,2487.96
274,2553,2486.01
275,2553,2397.82
276,2553,2474.9
277,2553,2440.03
278,2553,2466.82
279,2553,2460.75
280,2553,2452.91
281,2553,2487.07
282,2553,2457.4
283,2553,2432.47
284,2553,2488.56
285,2553,2479.41
286,2553,2473.29
287,2553,2462
288,2553,2493.27
289,2553,2475.7
290,2553,2488.77
291,2553,2504.25
292,2553,2480.73
293,2553,2483.57
294,2553,2458.29
295,2553,2426.14
296,2553,2443.88
297,2553,2442.03
298,2553,2445.27
299,2553,2471.89
Population size,100
Crossover rate,0.22
Mutation rate,0.87
Random selection portion,0.03
Selection method,AForge.Genetic.EliteSelection
Diversity check,False
Iteration,FitnessMax,FitnessAvg
0,2360,1667.23
1,2360,1804.57
2,2360,1937.5
3,2418,2057.17
4,2426,2133.62
5,2426,2191.26
6,2472,2258.12
7,2491,2304.23
8,2491,2337.35
9,2502,2364.54
10,2502,2374.18
11,2518,2395.55
12,2527,2405.34
13,2527,2412.66
14,2527,2422.01
15,2527,2435.6
16,2527,2435.93
17,2527,2453.04
18,2527,2451.08
19,2527,2443.44
20,2527,2450.29
21,2527,2468.39
22,2527,2462.95
23,2527,2457.42
24,2527,2468.59
25,2527,2480.23
26,2527,2463.95
27,2527,2481.25
28,2527,2464.71
29,2527,2480.91
30,2527,2481.11
31,2527,2486.77
32,2527,2487.88
33,2527,2487.64
34,2527,2488.31
35,2527,2486.64
36,2527,2481.95
37,2527,2494.39
38,2527,2494.15
39,2527,2492.79
40,2527,2487.6
41,2527,2489.77
42,2527,2487.82
43,2527,2495.72
44,2527,2490.42
45,2527,2488.01
46,2527,2501.75
47,2527,2485.82
48,2527,2486.06
49,2527,2494.03
50,2527,2496.94
51,2527,2494.13
52,2527,2473.35
53,2527,2496.07
54,2527,2485.61
55,2527,2492.81
56,2527,2495.14
57,2527,2495.75
58,2527,2491.94
59,2527,2497.16
60,2527,2491.64
61,2527,2487.93
62,2527,2493.93
63,2527,2477.68
64,2527,2487.4
65,2527,2491.49
66,2527,2495.11
67,2527,2492.75
68,2527,2483.24
69,2527,2489.5
70,2527,2493.95
71,2527,2494.27
72,2527,2481.81
73,2527,2494.42
74,2527,2481.29
75,2527,2493.6
76,2527,2483.55
77,2527,2484.11
78,2527,2497.29
79,2527,2496.91
80,2527,2502.79
81,2527,2495.91
82,2527,2497
83,2527,2487.11
84,2527,2490.48
85,2527,2490.55
86,2527,2492.22
87,2527,2494.89
88,2527,2498.52
89,2527,2485.95
90,2527,2494.3
91,2527,2493.22
92,2527,2494.95
93,2527,2486.72
94,2527,2491.3
95,2527,2489.39
96,2527,2487.02
97,2527,2502.37
98,2527,2489.53
99,2527,2496.52
100,2527,2489.24
101,2527,2492.72
102,2527,2489.41
103,2527,2479.89
104,2527,2487.17
105,2527,2501.53
106,2527,2488.63
107,2527,2486.86
108,2527,2491.08
109,2527,2491.98
110,2527,2494.69
111,2527,2502.64
112,2527,2492.28
113,2527,2492.15
114,2527,2487.46
115,2527,2489.8
116,2527,2501.41
117,2527,2491.43
118,2527,2490.66
119,2527,2494.19
120,2527,2491.73
121,2527,2489.35
122,2527,2496.61
123,2527,2496.62
124,2527,2481.6
125,2527,2493.01
126,2527,2492.54
127,2527,2479.49
128,2527,2483.07
129,2527,2482.11
130,2527,2495.77
131,2527,2486.51
132,2527,2489.03
133,2527,2495.14
134,2527,2497.17
135,2527,2495.98
136,2527,2492.66
137,2527,2499.61
138,2527,2490.37
139,2527,2490.64
140,2527,2474.71
141,2527,2481.2
142,2527,2485.63
143,2527,2484.74
144,2527,2492.62
145,2527,2494.02
146,2527,2489.03
147,2527,2492.48
148,2527,2493.69
149,2527,2493.78
150,2527,2484.6
151,2527,2493.65
152,2527,2494.47
153,2527,2487.19
154,2527,2497.42
155,2527,2495.84
156,2527,2477.32
157,2527,2484.91
158,2527,2484.07
159,2527,2492.24
160,2527,2494.63
161,2527,2491.79
162,2527,2488.9
163,2527,2490.43
164,2527,2485.9
165,2527,2485.11
166,2527,2489.84
167,2527,2472.42
168,2527,2481.92
169,2527,2491.39
170,2527,2490.9
171,2527,2489.91
172,2527,2489.43
173,2527,2488.24
174,2527,2494.81
175,2527,2489.43
176,2527,2494.05
177,2527,2491.99
178,2527,2496.21
179,2527,2493.83
180,2527,2484.05
181,2527,2499.39
182,2527,2491.38
183,2527,2487.11
184,2527,2497.24
185,2527,2498.66
186,2527,2497.8
187,2527,2491.53
188,2527,2494.61
189,2527,2498.42
190,2527,2490.13
191,2527,2499.61
192,2527,2482.12
193,2527,2500.11
194,2527,2493.57
195,2527,2493.23
196,2527,2493.33
197,2527,2499.51
198,2527,2488.29
199,2527,2493.88
200,2527,2498.17
201,2527,2481.49
202,2527,2490.06
203,2527,2489.1
204,2527,2495.33
205,2527,2488.36
206,2527,2497.34
207,2527,2503.89
208,2527,2488.17
209,2527,2501.96
210,2527,2493.31
211,2527,2494.91
212,2527,2493.94
213,2527,2487.49
214,2527,2502.95
215,2527,2500.61
216,2527,2498.05
217,2527,2484.86
218,2527,2485.02
219,2527,2493.64
220,2527,2485.71
221,2527,2493.02
222,2527,2489.37
223,2527,2489.13
224,2527,2501.14
225,2527,2492.48
226,2527,2486.23
227,2527,2488.03
228,2527,2484.95
229,2527,2497.45
230,2527,2490.87
231,2527,2486.65
232,2527,2494.71
233,2527,2492.36
234,2527,2492.76
235,2527,2488.36
236,2527,2495.9
237,2527,2500.54
238,2527,2497.88
239,2527,2488.4
240,2527,2491.03
241,2527,2493.26
242,2527,2487.43
243,2527,2496.01
244,2527,2481.62
245,2527,2497.65
246,2527,2497.8
247,2527,2491.6
248,2527,2491.76
249,2527,2491.56
250,2527,2484.05
251,2527,2502.79
252,2527,2495.78
253,2527,2496.21
254,2527,2494.62
255,2527,2482.16
256,2527,2487.62
257,2527,2489.96
258,2527,2495.62
259,2527,2486.17
260,2527,2498.88
261,2527,2503.8
262,2527,2489.92
263,2527,2484.78
264,2527,2504.58
265,2527,2497.51
266,2527,2493.07
267,2527,2490.76
268,2527,2495
269,2527,2498.41
270,2527,2500.49
271,2527,2479.75
272,2527,2490.34
273,2527,2491.58
274,2527,2491.78
275,2527,2492.27
276,2527,2493.46
277,2527,2492.41
278,2527,2499.07
279,2527,2497.14
280,2527,2493.29
281,2527,2498.68
282,2527,2498.09
283,2527,2488.12
284,2527,2491.25
285,2527,2491.32
286,2527,2488.32
287,2527,2493.14
288,2527,2494.35
289,2527,2499.66
290,2527,2492.61
291,2527,2485.72
292,2527,2491.86
293,2527,2489.46
294,2527,2485.56
295,2527,2484.78
296,2527,2509.8
297,2527,2490.14
298,2527,2497.54
299,2527,2490.53
Population size,100
Crossover rate,0.22
Mutation rate,0.87
Random selection portion,0.03
Selection method,AForge.Genetic.EliteSelection
Diversity check,True
Iteration,FitnessMax,FitnessAvg
0,2184,1652.64
1,2184,1771.74
2,2184,1882.85
3,2251,1991.97
4,2285,2049.47
5,2285,2105.55
6,2388,2150.02
7,2419,2190.81
8,2448,2247.35
9,2448,2279.74
10,2460,2307.25
11,2485,2333.7
12,2498,2363.9
13,2518,2379.78
14,2522,2392.32
15,2522,2417.38
16,2532,2431.54
17,2532,2437.98
18,2532,2455.37
19,2532,2458.8
20,2532,1650.47
21,2532,1797.74
22,2532,1904.63
23,2532,1999.86
24,2532,2080.23
25,2532,2140.46
26,2532,2240.67
27,2532,2293.16
28,2532,2365.81
29,2532,2380.56
30,2532,2407.92
31,2532,2419.01
32,2532,2446.91
33,2550,2458.79
34,2550,2466.7
35,2553,2464.21
36,2553,2486.1
37,2553,1593.95
38,2553,1742.01
39,2553,1840.69
40,2553,1934.19
41,2553,2010.12
42,2553,2096.71
43,2553,2176.47
44,2553,2265.92
45,2553,2299.11
46,2553,2332.15
47,2553,2381.88
48,2553,2403.26
49,2553,2430.98
50,2553,2446.16
51,2553,2452.66
52,2553,2468.88
53,2553,2471.3
54,2553,2483.52
55,2553,1673.85
56,2553,1805.15
57,2553,1945.45
58,2553,2027.4
59,2553,2141.62
60,2553,2231.57
61,2553,2280.62
62,2553,2335.52
63,2553,2391.9
64,2553,2419.12
65,2553,2421.68
66,2553,2445.04
67,2553,2457.18
68,2553,2470.13
69,2553,2484.22
70,2553,1716.91
71,2553,1886.95
72,2553,2005.7
73,2553,2078.56
74,2553,2161.07
75,2553,2209.5
76,2553,2282.03
77,2553,2343.52
78,2553,2373.09
79,2553,2406.56
80,2553,2418.91
81,2553,2433.45
82,2553,2457.07
83,2553,2460.84
84,2553,2477.01
85,2553,1674.75
86,2553,1830.73
87,2553,1946.54
88,2553,2021.26
89,2553,2107.88
90,2553,2184.6
91,2553,2265.79
92,2553,2314.26
93,2553,2353.53
94,2553,2394.6
95,2553,2414.38
96,2553,2432.45
97,2553,2444.7
98,2553,2449.91
99,2553,2462.48
100,2553,2485.7
101,2553,1610.49
102,2553,1780.51
103,2553,1902.34
104,2553,1973.22
105,2553,2120.18
106,2553,2209.49
107,2553,2315.95
108,2553,2385.74
109,2553,2417.69
110,2553,2442.28
111,2553,2458.69
112,2553,2471.44
113,2553,2482.35
114,2553,1635.62
115,2553,1808.78
116,2553,1922.6
117,2553,2032.94
118,2553,2105.28
119,2553,2160.26
120,2553,2187.71
121,2553,2243.85
122,2553,2276.33
123,2553,2307.48
124,2553,2360.71
125,2553,2378.21
126,2553,2416.2
127,2553,2426.05
128,2553,2451.87
129,2553,2465.93
130,2553,2473.69
131,2553,2480.44
132,2553,1674.7
133,2553,1844.9
134,2553,1942.25
135,2553,2040.31
136,2553,2110.83
137,2553,2181.2
138,2553,2244.54
139,2553,2317.62
140,2553,2369.58
141,2553,2396.13
142,2553,2425.66
143,2553,2452.35
144,2553,2467.6
145,2553,2473.86
146,2553,2470.77
147,2553,2485.5
148,2553,1653.69
149,2553,1828.94
150,2553,1926.83
151,2553,2039.76
152,2553,2091.11
153,2553,2195.37
154,2553,2279.22
155,2553,2342.53
156,2553,2364.74
157,2553,2396.39
158,2553,2424.44
159,2553,2435.69
160,2553,2453.87
161,2553,2456.72
162,2553,2476.71
163,2553,1589.9
164,2553,1751.65
165,2553,1865.74
166,2553,1969.44
167,2553,2040.6
168,2553,2127.45
169,2553,2196.69
170,2553,2248
171,2553,2302.79
172,2553,2349.3
173,2553,2378.54
174,2553,2412.69
175,2553,2427.48
176,2553,2445.98
177,2553,2468.13
178,2553,2483.75
179,2553,1630.55
180,2553,1769.71
181,2553,1908.06
182,2553,2005.39
183,2553,2079.64
184,2553,2165.53
185,2553,2211.64
186,2553,2299.05
187,2553,2334.95
188,2553,2378.71
189,2553,2400.93
190,2553,2422.14
191,2553,2438.9
192,2553,2453.43
193,2553,2472.87
194,2553,2474.57
195,2553,2495.84
196,2553,1659.99
197,2553,1810.32
198,2553,1929.48
199,2553,2030.85
200,2553,2133.5
201,2553,2210.11
202,2553,2282.73
203,2553,2331.41
204,2553,2382.64
205,2553,2413.09
206,2553,2431.99
207,2553,2457.41
208,2553,2472.49
209,2553,2484.8
210,2553,1605.6
211,2553,1763.82
212,2553,1890.45
213,2553,1987.81
214,2553,2076.55
215,2553,2145.67
216,2553,2203.63
217,2553,2248.61
218,2553,2307.4
219,2553,2365.61
220,2553,2383.3
221,2553,2408.07
222,2553,2433.5
223,2553,2455.08
224,2553,2451.44
225,2553,2471.36
226,2553,2486.58
227,2553,1643.46
228,2553,1794.49
229,2553,1912.18
230,2553,1990.54
231,2553,2066.54
232,2553,2160.28
233,2553,2241.09
234,2553,2303.11
235,2553,2366.78
236,2553,2394.68
237,2553,2422.48
238,2553,2439.3
239,2553,2455.18
240,2553,2451.89
241,2553,2473.42
242,2553,2487.25
243,2553,1676.01
244,2553,1791.81
245,2553,1890.48
246,2553,1976.18
247,2553,2033.11
248,2553,2118.59
249,2553,2204.92
250,2553,2270.94
251,2553,2299.01
252,2553,2359.62
253,2553,2388.21
254,2553,2411.61
255,2553,2433.04
256,2553,2448.75
257,2553,2466.42
258,2553,2468.71
259,2553,2487.55
260,2553,1696.33
261,2553,1853.01
262,2553,1965.55
263,2553,2030.49
264,2553,2156.48
265,2553,2224.81
266,2553,2291.41
267,2553,2344.22
268,2553,2380.98
269,2553,2406.76
270,2553,2429.71
271,2553,2451.57
272,2553,2463.99
273,2553,2467.09
274,2553,2477.97
275,2553,1658.97
276,2553,1800.69
277,2553,1909.49
278,2553,1985.53
279,2553,2100.92
280,2553,2183.57
281,2553,2260.81
282,2553,2318.77
283,2553,2375.41
284,2553,2392.74
285,2553,2413.38
286,2553,2426.4
287,2553,2443.38
288,2553,2448.89
289,2553,2467.25
290,2553,2474.94
291,2553,2484.48
292,2553,1649.27
293,2553,1816.24
294,2553,1939.97
295,2553,2071.53
296,2553,2190.29
297,2553,2298
298,2553,2340.81
299,2553,2387.08
Population size,100
Crossover rate,0.22
Mutation rate,0.87
Random selection portion,0.03
Selection method,AForge.Genetic.EliteSelection
Diversity check,True
Iteration,FitnessMax,FitnessAvg
0,2175,1632.17
1,2175,1775.24
2,2230,1904
3,2342,2003.8
4,2342,2080.19
5,2342,2118.4
6,2365,2159.81
7,2396,2210.03
8,2416,2223.74
9,2429,2259.41
10,2491,2284.44
11,2492,2318.3
12,2492,2339.23
13,2492,2361.32
14,2492,2371.68
15,2515,2384.81
16,2515,2405.45
17,2515,2408.35
18,2527,2402.35
19,2527,2441.02
20,2527,2453.12
21,2527,1601.57
22,2527,1759.04
23,2527,1884.68
24,2527,1994.2
25,2527,2101.92
26,2527,2197.08
27,2527,2247.54
28,2527,2312.66
29,2527,2366.39
30,2527,2400.45
31,2527,2417.46
32,2550,2431.63
33,2550,2451.26
34,2550,2439.67
35,2550,2458.5
36,2550,2463.14
37,2550,2476.04
38,2550,1615.32
39,2550,1791.2
40,2550,1927.82
41,2550,2026.7
42,2550,2106.61
43,2550,2174.24
44,2550,2226.4
45,2550,2280.07
46,2550,2322.38
47,2550,2338.07
48,2550,2374.1
49,2550,2390.53
Population size,100
Crossover rate,0.22
Mutation rate,0.87
Random selection portion,0.03
Selection method,AForge.Genetic.EliteSelection
Diversity check,True
Iteration,FitnessMax,FitnessAvg
0,2093,1632.47
1,2178,1796.49
2,2178,1902.68
3,2317,1974.17
4,2375,2047.02
5,2389,2121.5
6,2390,2184.96
7,2400,2238.64
8,2418,2271.35
9,2447,2308.43
10,2500,2337.71
11,2500,2360.68
12,2500,2358.62
13,2500,2383.99
14,2500,2392.06
15,2518,2412.78
16,2518,2409.5
17,2518,2419.32
18,2553,2442.69
19,2553,2451.85
20,2553,2455.23
21,2553,2454.87
22,2553,2467.57
23,2553,2466.8
24,2553,2459.45
25,2553,2460.28
26,2553,2472.12
27,2553,2475.01
28,2553,2476.67
29,2553,1646.19
