Population size,30
Crossover rate,0.1
Mutation rate,0.1
Random selection portion,0
Selection method,AForge.Genetic.RouletteWheelSelection
Iteration,FitnessMax,FitnessAvg
0,2686,2108.46666666667
1,2686,2098.96666666667
2,2686,2161.43333333333
3,2686,2212.13333333333
4,2686,2322.93333333333
5,2686,2326.86666666667
6,2686,2315.26666666667
7,2686,2392.23333333333
8,2812,2389.6
9,2812,2512.86666666667
10,2812,2577.5
11,2842,2553.3
12,2842,2535.2
13,2842,2566.66666666667
14,2842,2608.06666666667
15,2842,2515.73333333333
16,2842,2617.9
17,2842,2609.06666666667
18,2842,2631.2
19,2842,2649.66666666667
20,2920,2687.7
21,2920,2708.06666666667
22,2998,2746.9
23,2998,2786.66666666667
24,2995,2760.13333333333
25,2995,2711.23333333333
26,2995,2748.2
27,3097,2786.1
28,3097,2827.63333333333
29,3097,2824.1
30,3097,2800.36666666667
31,3097,2874.5
32,3112,2888.56666666667
33,3097,2894.33333333333
34,3097,2943.96666666667
35,3097,2971.1
36,3097,2978
37,3097,2993.13333333333
38,3097,3006.76666666667
39,3097,2989.4
40,3097,2990.16666666667
41,3097,2973.46666666667
42,3097,2965.33333333333
43,3097,2984.43333333333
44,3097,2959.06666666667
45,3185,2998.5
46,3185,2984.4
47,3185,3039.43333333333
48,3185,3035.66666666667
49,3189,3060.2
50,3189,3016.26666666667
51,3189,3016.03333333333
52,3208,2973.43333333333
53,3189,3024.6
54,3189,2988.8
55,3189,3020.33333333333
56,3189,2989.13333333333
57,3189,2979.96666666667
58,3189,2985.83333333333
59,3189,3048.23333333333
60,3189,3055.96666666667
61,3189,3066.76666666667
62,3189,3068.5
63,3107,3060.86666666667
64,3159,3067.53333333333
65,3097,3062.16666666667
66,3097,3061.7
67,3097,3048.16666666667
68,3097,3061.7
69,3097,3035.4
70,3097,3029.63333333333
71,3097,3007.73333333333
72,3097,3005
73,3189,3011.93333333333
74,3189,3010.53333333333
75,3097,2988.03333333333
76,3097,3019.86666666667
77,3128,3001.1
78,3128,2983.96666666667
79,3128,2988.33333333333
80,3128,3030.56666666667
81,3128,3046.96666666667
82,3128,3071.4
83,3128,3079.73333333333
84,3097,3078.4
85,3097,3080.03333333333
86,3097,3076.93333333333
87,3141,3086.26666666667
88,3097,3074.13333333333
89,3208,3068.93333333333
90,3208,3008.8
91,3208,3001.5
92,3208,2988.1
93,3208,2992.43333333333
94,3208,2972.83333333333
95,3208,2908.16666666667
96,3208,2877.96666666667
97,3097,2889.66666666667
98,3097,2842.86666666667
99,3097,2839.7
Population size,30
Crossover rate,0.2
Mutation rate,0.1
Random selection portion,0
Selection method,AForge.Genetic.RouletteWheelSelection
Iteration,FitnessMax,FitnessAvg
0,2889,2237.4
1,2771,2198.23333333333
2,2771,2174.46666666667
3,2771,2167.43333333333
4,2675,2152.2
5,2675,2192.23333333333
6,2675,2237.93333333333
7,2675,2295.86666666667
8,2680,2378.46666666667
9,2680,2469.13333333333
10,2680,2515.6
11,2713,2481.6
12,2713,2510.86666666667
13,2713,2483.7
14,2918,2457.96666666667
15,2918,2480.53333333333
16,2713,2462.03333333333
17,2947,2480.66666666667
18,2947,2555.5
19,2713,2481.8
20,2713,2440.16666666667
21,2944,2433.06666666667
22,2944,2505.1
23,2944,2442.76666666667
24,2944,2499.46666666667
25,2944,2485.3
26,2944,2495.2
27,2866,2478.66666666667
28,2866,2521.4
29,2866,2480.73333333333
30,2866,2476.6
31,2866,2443.33333333333
32,2866,2474.93333333333
33,2899,2529.73333333333
34,2899,2530.13333333333
35,2899,2559.1
36,2866,2531.8
37,2866,2560.2
38,2866,2524.06666666667
39,2866,2580.53333333333
40,2866,2655.26666666667
41,2866,2653.66666666667
42,2866,2668.26666666667
43,3001,2701.5
44,2879,2672.8
45,2879,2702.2
46,2879,2665.03333333333
47,2879,2646.9
48,2879,2653.96666666667
49,2879,2645.6
50,2879,2647.66666666667
51,2879,2623.7
52,2879,2604.4
53,2879,2599.76666666667
54,2879,2573.86666666667
55,2879,2624.76666666667
56,2896,2638.96666666667
57,2896,2653.3
58,2896,2654.36666666667
59,2896,2706.83333333333
60,2896,2725.9
61,2896,2710.7
62,2896,2701.46666666667
63,2896,2707.3
64,2896,2711.36666666667
65,2909,2722.16666666667
66,2905,2676.53333333333
67,2905,2741.43333333333
68,3000,2725.7
69,2905,2712.93333333333
70,2909,2707.6
71,2905,2692.96666666667
72,2941,2719.63333333333
73,2941,2697.23333333333
74,2941,2749.8
75,2941,2758.06666666667
76,2905,2777.36666666667
77,2869,2784.76666666667
78,2869,2788.53333333333
79,2990,2784.56666666667
80,2990,2793.33333333333
81,2990,2841.86666666667
82,2990,2847.93333333333
83,2904,2848.03333333333
84,2904,2816.46666666667
85,2904,2830.53333333333
86,3070,2844.9
87,3070,2875.83333333333
88,3070,2858.23333333333
89,3092,2869.43333333333
90,3092,2841.13333333333
91,3092,2854.06666666667
92,3105,2862
93,3105,2848.93333333333
94,3105,2866.8
95,3105,2879.66666666667
96,3105,2877.9
97,3092,2902.46666666667
98,3092,2885.03333333333
99,3092,2875.16666666667
Population size,30
Crossover rate,0.3
Mutation rate,0.1
Random selection portion,0
Selection method,AForge.Genetic.RouletteWheelSelection
Iteration,FitnessMax,FitnessAvg
0,2893,2117.46666666667
1,2893,2122.53333333333
2,2893,2141.86666666667
3,2893,2300.93333333333
4,2893,2369.16666666667
5,2893,2342
6,2893,2489.8
7,2919,2531.53333333333
8,3017,2611.06666666667
9,2919,2665.33333333333
10,2919,2662.33333333333
11,2919,2663.23333333333
12,2926,2707.1
13,2919,2696.23333333333
14,2919,2735.46666666667
15,3004,2750.1
16,3004,2791
17,3004,2762.43333333333
18,3004,2804.03333333333
19,3030,2816.36666666667
20,3030,2797.93333333333
21,3138,2813.26666666667
22,3138,2848.23333333333
23,3138,2822.7
24,3138,2769.73333333333
25,3138,2854.53333333333
26,3183,2915.56666666667
27,3183,2889.4
28,3216,2944.7
29,3216,2961.5
30,3216,2990.9
31,3216,2998.43333333333
32,3183,2928.73333333333
33,3275,3018.53333333333
34,3275,2977.86666666667
35,3275,2972.86666666667
36,3275,2988.9
37,3275,3078.26666666667
38,3275,3092.86666666667
39,3275,3114
40,3275,3132.66666666667
41,3275,3141.36666666667
42,3275,3123.9
43,3275,3113.1
44,3275,3111.73333333333
45,3275,3123.83333333333
46,3275,3051.56666666667
47,3275,3077.96666666667
48,3275,3108.3
49,3183,3123.06666666667
50,3166,3111.53333333333
51,3166,3093.76666666667
52,3166,3086.5
53,3192,3079.9
54,3309,3044.63333333333
55,3183,3063.06666666667
56,3183,3005.6
57,3166,3005.83333333333
58,3166,3028.73333333333
59,3212,3052.5
60,3225,3087.4
61,3225,3082.76666666667
62,3199,3053.33333333333
63,3199,3067.26666666667
64,3199,3074.9
65,3199,3067.43333333333
66,3199,3076.06666666667
67,3199,3066.5
68,3199,3047.93333333333
69,3199,3036.63333333333
70,3199,3024.96666666667
71,3199,3009.63333333333
72,3199,3025.73333333333
73,3199,3002.66666666667
74,3199,2982
75,3199,3006.43333333333
76,3212,3017.46666666667
77,3212,3031.26666666667
78,3212,3045.26666666667
79,3311,3015
80,3311,3061.76666666667
81,3278,3020.13333333333
82,3263,3056.86666666667
83,3263,3085.73333333333
84,3263,3099.2
85,3263,3126.6
86,3263,3138.03333333333
87,3230,3157.83333333333
88,3263,3166.1
89,3406,3189.8
90,3406,3184.1
91,3438,3156.63333333333
92,3230,3142.4
93,3278,3132.23333333333
94,3278,3135.3
95,3313,3165.5
96,3313,3164.13333333333
97,3278,3165.6
98,3313,3158.5
99,3313,3172.96666666667
Population size,30
Crossover rate,0.4
Mutation rate,0.1
Random selection portion,0
Selection method,AForge.Genetic.RouletteWheelSelection
Iteration,FitnessMax,FitnessAvg
0,2643,1873.2
1,2643,1938.23333333333
2,2643,2018.3
3,2643,2138.36666666667
4,2643,2233.5
5,2643,2245.16666666667
6,2706,2288.06666666667
7,2631,2261.2
8,2706,2300.6
9,2706,2344.13333333333
10,2706,2356.83333333333
11,2676,2419.5
12,2676,2379.76666666667
13,2676,2428.4
14,2676,2470.56666666667
15,2736,2490.33333333333
16,2631,2497.53333333333
17,2631,2485.1
18,2618,2491.36666666667
19,2629,2499.43333333333
20,2629,2490.56666666667
21,2629,2460.06666666667
22,2629,2471.76666666667
23,2687,2467.6
24,2687,2448.83333333333
25,2699,2482.13333333333
26,2830,2565.4
27,2830,2592.86666666667
28,2830,2577.13333333333
29,2830,2619.9
30,2830,2564.16666666667
31,2830,2525.6
32,2830,2525.13333333333
33,2830,2598.33333333333
34,2830,2559.13333333333
35,2830,2583.8
36,2830,2576.2
37,2756,2534.7
38,2756,2534.16666666667
39,2756,2579.23333333333
40,2830,2524.63333333333
41,2804,2518.96666666667
42,2909,2521.6
43,2909,2535.7
44,2909,2517.23333333333
45,2756,2543.6
46,2983,2559.76666666667
47,2983,2575.63333333333
48,2842,2564.63333333333
49,2802,2585.56666666667
50,2802,2623.7
51,3039,2606.56666666667
52,2842,2616.36666666667
53,2842,2634.86666666667
54,2886,2658.13333333333
55,2886,2673.36666666667
56,2961,2671.2
57,2886,2688.6
58,2895,2701.53333333333
59,3039,2731.63333333333
60,3039,2734.3
61,2888,2677.2
62,2888,2683.4
63,2888,2689.93333333333
64,2888,2646.73333333333
65,2771,2632.9
66,2711,2620.06666666667
67,2685,2612.43333333333
68,2746,2639.76666666667
69,2746,2637.46666666667
70,2746,2635.76666666667
71,2746,2637.23333333333
72,2746,2661.43333333333
73,2746,2677.3
74,2746,2679.96666666667
75,2746,2684.46666666667
76,2746,2657.73333333333
77,2746,2670.66666666667
78,2746,2680.76666666667
79,2772,2681.5
80,2746,2651.13333333333
81,2746,2665.46666666667
82,2746,2671.3
83,2775,2682.1
84,2775,2651.7
85,2775,2671.5
86,2775,2680.5
87,2775,2678.7
88,2916,2683.23333333333
89,2775,2677.86666666667
90,2877,2681.53333333333
91,2877,2676.66666666667
92,3030,2705
93,3030,2711.1
94,2969,2701.1
95,2969,2703.76666666667
96,2995,2751.43333333333
97,3112,2747.53333333333
98,3112,2769.53333333333
99,3201,2767.16666666667
Population size,30
Crossover rate,0.5
Mutation rate,0.1
Random selection portion,0
Selection method,AForge.Genetic.RouletteWheelSelection
Iteration,FitnessMax,FitnessAvg
0,2774,2091.33333333333
1,2774,2237.1
2,2774,2216.5
3,2774,2184.5
4,2669,2144.06666666667
5,2686,2295.63333333333
6,2686,2215.83333333333
7,2686,2338.06666666667
8,2633,2333.56666666667
9,2762,2464.43333333333
10,2776,2428.76666666667
11,2776,2399.3
12,2915,2418.63333333333
13,2915,2388.9
14,2915,2397.46666666667
15,2567,2325.33333333333
16,2611,2345.06666666667
17,2672,2345.96666666667
18,2672,2292.6
19,2698,2305.36666666667
20,2698,2321.4
21,2672,2308.06666666667
22,2672,2339.36666666667
23,2672,2391.96666666667
24,2672,2428.13333333333
25,2768,2487.8
26,2768,2527.8
27,2768,2480.33333333333
28,2686,2486.9
29,2686,2502.3
30,2686,2533.63333333333
31,2699,2529.66666666667
32,2672,2561.3
33,2672,2541.86666666667
34,2685,2543.06666666667
35,2685,2537.5
36,2685,2531.83333333333
37,2685,2532.83333333333
38,2685,2553.5
39,2685,2566.2
40,2685,2594.63333333333
41,2685,2592.86666666667
42,2672,2578.7
43,2871,2600.8
44,2871,2599.5
45,2871,2548.96666666667
46,2688,2538.9
47,2688,2534.46666666667
48,2672,2514.33333333333
49,2685,2513.6
50,2685,2498.83333333333
51,2657,2477.6
52,2657,2443.23333333333
53,2672,2442.13333333333
54,2672,2423.66666666667
55,2685,2521.73333333333
56,2685,2513.26666666667
57,2685,2497.93333333333
58,2657,2507.46666666667
59,2858,2555.26666666667
60,2858,2560.7
61,2657,2579.96666666667
62,2685,2569.56666666667
63,2672,2554.7
64,2672,2566.66666666667
65,2672,2551.86666666667
66,2657,2545.6
67,2672,2567.76666666667
68,2673,2580.83333333333
69,2672,2600.06666666667
70,2858,2614.56666666667
71,2858,2628
72,2858,2642.66666666667
73,2858,2647.03333333333
74,2858,2645.7
75,2858,2645.33333333333
76,2858,2662.43333333333
77,2828,2660.63333333333
78,2828,2656.3
79,2858,2659.7
80,2858,2678.56666666667
81,2818,2666.83333333333
82,2828,2671.3
83,2858,2690.73333333333
84,2858,2720.86666666667
85,2858,2716.46666666667
86,2858,2687.33333333333
87,2858,2697.3
88,2858,2690.4
89,2858,2717.46666666667
90,2858,2730.83333333333
91,2914,2753.3
92,2914,2752
93,2924,2775.63333333333
94,2924,2795.1
95,3027,2843.93333333333
96,3027,2837.23333333333
97,3040,2835.63333333333
98,3040,2852.93333333333
99,3030,2854.46666666667
Population size,30
Crossover rate,0.6
Mutation rate,0.1
Random selection portion,0
Selection method,AForge.Genetic.RouletteWheelSelection
Iteration,FitnessMax,FitnessAvg
0,2838,2034.8
1,2847,2081.96666666667
2,2847,2280.66666666667
3,2851,2384.96666666667
4,2851,2405.93333333333
5,3043,2532.76666666667
6,3064,2668.5
7,3064,2707.5
8,3159,2656.56666666667
9,3257,2669.76666666667
10,3257,2657.93333333333
11,3257,2611.43333333333
12,3257,2622.63333333333
13,3257,2680.16666666667
14,3257,2672.06666666667
15,3257,2669.66666666667
16,3257,2660.73333333333
17,3257,2649.6
18,3257,2661.6
19,3257,2686.43333333333
20,3243,2653.56666666667
21,3243,2718.46666666667
22,3243,2659.5
23,3243,2656.43333333333
24,3243,2616.9
25,2886,2557.43333333333
26,2852,2592.1
27,2933,2612.4
28,2933,2601.8
29,2933,2586.83333333333
30,2946,2555.9
31,2946,2578.56666666667
32,2738,2556.13333333333
33,2813,2576
34,2719,2518.53333333333
35,2745,2528.43333333333
36,2745,2550.36666666667
37,2745,2533.63333333333
38,2750,2565.83333333333
39,2805,2632.36666666667
40,2805,2661.06666666667
41,2836,2646.53333333333
42,2897,2700.33333333333
43,2836,2661
44,2866,2659.5
45,2932,2636.36666666667
46,2932,2641.9
47,2932,2668.03333333333
48,2932,2652.03333333333
49,3035,2687.83333333333
50,3035,2694.53333333333
51,2932,2747.73333333333
52,2932,2704.73333333333
53,2901,2668.4
54,2901,2694.36666666667
55,2901,2662.4
56,2901,2681
57,2901,2664.83333333333
58,2916,2695.5
59,2916,2716.9
60,2866,2653.53333333333
61,2866,2638.6
62,2918,2615.23333333333
63,3004,2633.86666666667
64,3004,2596.16666666667
65,3004,2610.06666666667
66,3004,2650.06666666667
67,3004,2649.73333333333
68,3043,2653.7
69,3061,2709.43333333333
70,3061,2748.56666666667
71,3061,2734.53333333333
72,3061,2753.56666666667
73,3061,2728.56666666667
74,2957,2661.73333333333
75,2991,2695.73333333333
76,2991,2710.26666666667
77,2991,2687.26666666667
78,3074,2696.8
79,3074,2658.13333333333
80,3004,2653.3
81,3004,2613
82,3004,2658.4
83,3004,2744.76666666667
84,3035,2755.9
85,3004,2701.3
86,3004,2700.66666666667
87,3020,2725.9
88,2836,2698.53333333333
89,3035,2678.83333333333
90,2836,2624.26666666667
91,2844,2667.9
92,2844,2720.96666666667
93,2844,2735.7
94,2844,2757.7
95,2844,2761.13333333333
96,2844,2767.26666666667
97,2844,2741.83333333333
98,2983,2769.6
99,2983,2796.53333333333
Population size,30
Crossover rate,0.7
Mutation rate,0.1
Random selection portion,0
Selection method,AForge.Genetic.RouletteWheelSelection
Iteration,FitnessMax,FitnessAvg
0,2652,2045.23333333333
1,2652,2159.03333333333
2,2652,2236.43333333333
3,2652,2313.2
4,2652,2335.36666666667
5,2770,2358.8
6,2770,2295.4
7,2785,2369.16666666667
8,2762,2330.9
9,2727,2402.96666666667
10,2727,2405.2
11,2655,2405.36666666667
12,2762,2445.23333333333
13,2762,2419
14,2762,2442.8
15,2762,2454.6
16,2771,2477.73333333333
17,2771,2467.13333333333
18,2771,2493.93333333333
19,2771,2468.16666666667
20,2771,2486.36666666667
21,2690,2458.76666666667
22,2714,2506.23333333333
23,2882,2523.7
24,2882,2563.63333333333
25,2882,2543
26,2897,2595.03333333333
27,2932,2648.13333333333
28,2932,2666.96666666667
29,2932,2640.86666666667
30,2882,2608.86666666667
31,2882,2636.63333333333
32,2882,2640.23333333333
33,2882,2596.8
34,2882,2618.2
35,2882,2658.13333333333
36,2882,2651.43333333333
37,2882,2637.73333333333
38,2849,2628.06666666667
39,2849,2622.93333333333
40,2690,2617.76666666667
41,2837,2620.23333333333
42,2837,2596.8
43,2837,2596.43333333333
44,2804,2580.16666666667
45,2979,2605.63333333333
46,2823,2612.53333333333
47,2823,2622.1
48,2823,2651.86666666667
49,2823,2652.26666666667
50,2882,2659.23333333333
51,2856,2675.26666666667
52,2856,2677
53,2856,2656.23333333333
54,2856,2704.7
55,2856,2711.7
56,2856,2733.53333333333
57,3003,2774.76666666667
58,3003,2773.8
59,2882,2742.96666666667
60,2882,2724.73333333333
61,2882,2726.33333333333
62,2882,2715.83333333333
63,2856,2720.16666666667
64,2856,2702.26666666667
65,2856,2721.26666666667
66,2856,2721.7
67,2882,2707.36666666667
68,2856,2666.7
69,2930,2683.76666666667
70,2930,2636.83333333333
71,2930,2651.06666666667
72,2930,2652.86666666667
73,2834,2613.03333333333
74,2961,2663.16666666667
75,2961,2661.33333333333
76,3009,2671.6
77,2882,2694.53333333333
78,2882,2638.9
79,2882,2693.73333333333
80,3029,2740.16666666667
81,2899,2645.56666666667
82,2895,2626.83333333333
83,2882,2660.86666666667
84,2882,2733.2
85,2882,2726.26666666667
86,2895,2730.7
87,2931,2738.3
88,2931,2727.76666666667
89,2899,2726.46666666667
90,2899,2768.5
91,2899,2768.73333333333
92,2899,2725.93333333333
93,2899,2730.06666666667
94,2882,2742.2
95,3029,2748.83333333333
96,3029,2768.36666666667
97,3029,2787.63333333333
98,3029,2809.23333333333
99,3003,2831.7
Population size,30
Crossover rate,0.8
Mutation rate,0.1
Random selection portion,0
Selection method,AForge.Genetic.RouletteWheelSelection
Iteration,FitnessMax,FitnessAvg
0,2655,1978.4
1,2579,2021.36666666667
2,2504,2035.5
3,2472,2087.2
4,2530,2169.73333333333
5,2671,2292.36666666667
6,2671,2307.96666666667
7,2671,2369.73333333333
8,2831,2429.7
9,2831,2500.63333333333
10,2880,2615.46666666667
11,2893,2649.96666666667
12,2862,2619.9
13,3025,2640.1
14,2923,2679.33333333333
15,2887,2672.46666666667
16,3040,2677.56666666667
17,2963,2674.4
18,2963,2664.4
19,2963,2655.23333333333
20,2963,2619.36666666667
21,2810,2593.4
22,2810,2591.6
23,2836,2614.56666666667
24,2810,2591.66666666667
25,2810,2598.7
26,2810,2580.2
27,3000,2600.06666666667
28,2986,2615.4
29,2810,2663.1
30,2810,2656.93333333333
31,2986,2687.1
32,2986,2667.23333333333
33,2986,2616.76666666667
34,2986,2652.3
35,2986,2625.06666666667
36,2951,2599.56666666667
37,2951,2651.1
38,2951,2666.26666666667
39,2984,2638.23333333333
40,2984,2654.93333333333
41,2984,2701.86666666667
42,2984,2749.63333333333
43,2984,2774.5
44,2984,2827.9
45,2997,2869.2
46,3004,2864.2
47,3004,2835.96666666667
48,2986,2830.56666666667
49,2986,2799.26666666667
50,2986,2802.43333333333
51,2988,2798.5
52,3098,2837.5
53,3131,2819.6
54,3131,2859.03333333333
55,3250,2869.1
56,3250,2905.16666666667
57,3098,2968.16666666667
58,3133,2961.43333333333
59,3133,2998.43333333333
60,3133,2976.83333333333
61,3133,2987.8
62,3133,2974
63,3133,3007.06666666667
64,3146,2987.56666666667
65,3133,3009.86666666667
66,3133,3018.26666666667
67,3133,3020.86666666667
68,3133,3009.03333333333
69,3133,3025.83333333333
70,3146,3016.16666666667
71,3146,2996.06666666667
72,3146,3008.86666666667
73,3146,3025.73333333333
74,3133,3033.5
75,3133,3044.03333333333
76,3133,3053.13333333333
77,3133,3041.7
78,3133,3059.66666666667
79,3146,3087.36666666667
80,3146,3078.4
81,3146,3101
82,3146,3102.83333333333
83,3146,3100.86666666667
84,3146,3103.43333333333
85,3146,3104.16666666667
86,3146,3092.93333333333
87,3146,3095.1
88,3146,3096.9
89,3146,3107.26666666667
90,3146,3114.93333333333
91,3146,3115.93333333333
92,3146,3118.23333333333
93,3146,3121.86666666667
94,3146,3090.56666666667
95,3146,3051.46666666667
96,3146,3056.56666666667
97,3146,3062.9
98,3146,3067.3
99,3146,3067.3
Population size,30
Crossover rate,0.9
Mutation rate,0.1
Random selection portion,0
Selection method,AForge.Genetic.RouletteWheelSelection
Iteration,FitnessMax,FitnessAvg
0,2682,1997.46666666667
1,2936,2066.56666666667
2,2936,2302.13333333333
3,2936,2475.33333333333
4,3167,2539.96666666667
5,3167,2631.4
6,3167,2701.16666666667
7,3167,2815.83333333333
8,3167,2946.9
9,3301,2969.2
10,3301,3013.13333333333
11,3167,3014.16666666667
12,3167,3009.03333333333
13,3167,3048.7
14,3182,3055.1
15,3182,3047.03333333333
16,3167,3015.43333333333
17,3182,3031.7
18,3182,3082.56666666667
19,3167,3043.6
20,3215,3099.23333333333
21,3259,3119.56666666667
22,3167,3130.7
23,3314,3133.66666666667
24,3314,3165.5
25,3314,3178.5
26,3314,3187.46666666667
27,3314,3181.7
28,3314,3171.9
29,3314,3176.8
30,3314,3176.8
31,3314,3171.9
32,3167,3166.56666666667
33,3167,3165.03333333333
34,3182,3161.8
35,3182,3158.9
36,3182,3155.56666666667
37,3182,3145
38,3182,3146.53333333333
39,3167,3142.6
40,3288,3123.53333333333
41,3197,3144
42,3197,3143.56666666667
43,3314,3149.9
44,3314,3160.43333333333
45,3197,3113.8
46,3167,3117.66666666667
47,3167,3115.13333333333
48,3215,3135.6
49,3167,3123.76666666667
50,3167,3105.73333333333
51,3182,3109.86666666667
52,3182,3111.86666666667
53,3182,3122.16666666667
54,3182,3104.3
55,3167,3041
56,3202,3029.06666666667
57,3268,3062.86666666667
58,3268,3030.93333333333
59,3169,2981.96666666667
60,3169,2995.46666666667
61,3154,2977.9
62,3167,2991.13333333333
63,3167,2973.16666666667
64,3167,2966.1
65,3167,2948.53333333333
66,3167,2936.5
67,3180,2943.23333333333
68,3154,2927.16666666667
69,3079,2919.96666666667
70,3079,2904.13333333333
71,3018,2895.3
72,2983,2884.46666666667
73,2983,2883.96666666667
74,2968,2874.36666666667
75,2968,2858.13333333333
76,3067,2863.06666666667
77,3067,2870.06666666667
78,3067,2895.3
79,3067,2911.76666666667
80,3067,2923.86666666667
81,3019,2862
82,2968,2845
83,3093,2906.73333333333
84,3093,2945.96666666667
85,3093,2933.26666666667
86,3093,2941.5
87,3093,2942.93333333333
88,3093,2945.56666666667
89,3086,2945.96666666667
90,3045,2923.5
91,3086,2953.46666666667
92,3086,2932.43333333333
93,3093,2978.93333333333
94,3093,3019.7
95,3205,3023.76666666667
96,3205,3013.96666666667
97,3205,3039.1
98,3205,3070.9
99,3205,3058.7
