Population size,100
Crossover rate,0.66
Mutation rate,0.34
Random selection portion,0.03
Selection method,AForge.Genetic.RouletteWheelSelection
Diversity check,False
Iteration,FitnessMax,FitnessAvg
0,2425,1833.67
1,2556,1886.92
2,2581,1936.75
3,2793,2031.47
4,2659,2058.53
5,2655,2066.71
6,2655,2084.51
7,2581,2123.69
8,2620,2166.38
9,2601,2181.48
10,2681,2162.9
11,2900,2236.72
12,2851,2216.4
13,2851,2309.44
14,2923,2287.63
15,3015,2265.97
16,2851,2248.48
17,2851,2264.27
18,2909,2312.31
19,3073,2400.19
20,2936,2365.15
21,2936,2387.98
22,3073,2391.02
23,2792,2386.33
24,2900,2395.08
25,2938,2396.79
26,2938,2418.38
27,2938,2412.79
28,2938,2361.27
29,2938,2339.49
30,2938,2371.27
31,2938,2395.49
32,2938,2351.2
33,2907,2333.03
34,2815,2321.9
35,2807,2320.82
36,2773,2319.06
37,2997,2344.94
38,2997,2385.3
39,2997,2370.8
40,2997,2384.13
41,2997,2345.57
42,2997,2367.32
43,2961,2356.22
44,3054,2347.81
45,2900,2369.12
46,2900,2425.83
47,2955,2406.77
48,2772,2408.91
49,2853,2391.08
50,2853,2361.43
51,2853,2377.45
52,2811,2355.07
53,2740,2314.86
54,2740,2360.16
55,2823,2441.49
56,3084,2398.01
57,2823,2419.34
58,2823,2452.98
59,2863,2438.52
60,2863,2442.68
61,2913,2428.62
62,2920,2394.87
63,2920,2393.14
64,2920,2440.72
65,2920,2419.86
66,2839,2436.36
67,2852,2422.57
68,2948,2421.68
69,2948,2386.06
70,2948,2414.67
71,2897,2389.56
72,2897,2382.71
73,2852,2356.76
74,2852,2390.2
75,2873,2383.78
76,2872,2438.04
77,2964,2409.5
78,2964,2406.45
79,2936,2387.95
80,2936,2375.34
81,2936,2394.95
82,2941,2437.58
83,2941,2371.89
84,2941,2380.41
85,2878,2401.3
86,2910,2332.96
87,2910,2333.06
88,2959,2353.9
89,3032,2409.7
90,3032,2451.13
91,3042,2463.36
92,3042,2459.3
93,3042,2476.31
94,3042,2487.11
95,3070,2529.59
96,3070,2533.46
97,3083,2481.96
98,3083,2520.9
99,3042,2478.87
100,3070,2476.81
101,3083,2454.79
102,3100,2435.41
103,3100,2436.75
104,3100,2474.87
105,3100,2439.22
106,3070,2465.82
107,3128,2519.85
108,3128,2582.72
109,3128,2517.02
110,3172,2523.39
111,3128,2522.8
112,3200,2528.73
113,3200,2497.93
114,3200,2519.72
115,3200,2608.72
116,3128,2587.24
117,3172,2561.44
118,3030,2594.26
119,3036,2665.07
120,3018,2628.97
121,3018,2589.49
122,3036,2536.11
123,3105,2580.52
124,3104,2597
125,3104,2605.46
126,3075,2639.71
127,3220,2615.95
128,3220,2582.68
129,2998,2515.74
130,2998,2595.86
131,2998,2571.15
132,2998,2551.57
133,2924,2532.38
134,3036,2549.7
135,2872,2510.45
136,3066,2546.03
137,2998,2562.44
138,3090,2550.59
139,2901,2520.76
140,2905,2451.07
141,2985,2503.68
142,2984,2442.23
143,2984,2415.43
144,2931,2408.33
145,2931,2448.85
146,2991,2419.9
147,2991,2458.93
148,2991,2450.01
149,2991,2508.13
150,3097,2532.45
151,2978,2566.36
152,3078,2554.17
153,3078,2581.01
154,3078,2595.73
155,3035,2533.7
156,3035,2559.58
157,3110,2557.96
158,3110,2591.27
159,2988,2573.72
160,3066,2618.86
161,3066,2645.24
162,3066,2584.02
163,3066,2607.68
164,3120,2591.4
165,3220,2609.91
166,3220,2627.96
167,3149,2662.75
168,3149,2611.29
169,3149,2563.97
170,3077,2528.18
171,3055,2559.09
172,3029,2544.86
173,3029,2498.14
174,3029,2522.59
175,3029,2520.7
176,3087,2531.72
177,2979,2460.66
178,2979,2442.83
179,2981,2468.19
180,2981,2455.88
181,2981,2474.29
182,2981,2444.23
183,2969,2432.42
184,2953,2438
185,2927,2494.84
186,2902,2472.7
187,2943,2509.67
188,3081,2500.16
189,3081,2548.82
190,3081,2540.27
191,3081,2491
192,3081,2506.49
193,3081,2461.43
194,2901,2430.27
195,2994,2388.67
196,2974,2429.78
197,3036,2410.97
198,3036,2452.34
199,2940,2463.57
200,2940,2485.69
201,2942,2496.79
202,2942,2492.88
203,2925,2464.32
204,2954,2502.58
205,3017,2442.27
206,3074,2473.76
207,3115,2476.52
208,3115,2440.67
209,3074,2430.66
210,3037,2380.54
211,3037,2375.42
212,3037,2358.93
213,3037,2411.29
214,3037,2410.05
215,3058,2400.13
216,3058,2421.55
217,3058,2419.86
218,3074,2444.27
219,3037,2480.65
220,3037,2463.08
221,3037,2497.01
222,3037,2481.84
223,3191,2518.55
224,3191,2534.77
225,3191,2495.65
226,3012,2464.78
227,3108,2442.09
228,2992,2480.2
229,2989,2477.63
230,3021,2472.55
231,3014,2408.5
232,3191,2394.61
233,3014,2416.43
234,3014,2456.71
235,2919,2459.1
236,3191,2456.53
237,2909,2450.94
238,2902,2442.06
239,3001,2403.53
240,2878,2366.2
241,2903,2417.43
242,3032,2418.85
243,3008,2426.07
244,3008,2443.33
245,3021,2426.82
246,2947,2403.6
247,2947,2405.27
248,2947,2423.28
249,2947,2436.61
250,2947,2475.55
251,3122,2462.57
252,3050,2428.94
253,3050,2530.04
254,3050,2549.42
255,3098,2532.96
256,3073,2508.93
257,3050,2470.08
258,2915,2447.87
259,3013,2474.41
260,3024,2508.07
261,3042,2503.32
262,3075,2540.97
263,3075,2476.34
264,3127,2516.69
265,3127,2562.55
266,3127,2550.42
267,3127,2562.35
268,3210,2551.93
269,3210,2507.45
270,3210,2496.98
271,3210,2507.01
272,3167,2505.37
273,3168,2518.69
274,3042,2537.87
275,3085,2602.71
276,3085,2557.65
277,3098,2584.86
278,3098,2595.01
279,3098,2618.02
280,3098,2623.43
281,3098,2651.64
282,3116,2649.33
283,3098,2667.5
284,3180,2676.7
285,3137,2609.05
286,3137,2642.56
287,3178,2574.28
288,3178,2541.02
289,3167,2522.33
290,3190,2532.04
291,3180,2577.19
292,3180,2606.17
293,3167,2609.18
294,3180,2636.11
295,3167,2623.31
296,3177,2648.81
297,3177,2617.01
298,3177,2559.27
299,3177,2608.86
Population size,100
Crossover rate,0.66
Mutation rate,0.34
Random selection portion,0.03
Selection method,AForge.Genetic.RouletteWheelSelection
Diversity check,True
Iteration,FitnessMax,FitnessAvg
0,2463,1746.04
1,2658,1923.03
2,2587,1929.35
3,2587,1945.13
4,2623,2037.43
5,2608,2097.81
6,2936,2128.79
7,2638,2130.35
8,2651,2133.19
9,2651,2172.53
10,2638,2145.23
11,2707,2163.5
12,2707,2180.01
13,2765,2251.45
14,2765,2303.62
15,2855,2313.41
16,2868,2364.99
17,2858,2361.36
18,2859,2349.17
19,2858,2346.31
20,2818,2283.11
21,2818,2283.75
22,2818,2267.3
23,2882,2234.1
24,2855,2200.72
25,2937,2154.37
26,2844,2170.05
27,2844,2213.95
28,2861,2273.64
29,3080,2314.35
30,3080,2346.53
31,3080,2367.51
32,3018,2385.82
33,3049,2403.49
34,3072,2469.2
35,3072,2500.85
36,3072,2573.2
37,3202,2647.03
38,3202,2646.49
39,3202,2658.71
40,3202,2589.71
41,3066,2569.56
42,3066,2599.68
43,3066,2641.78
44,3129,2618.4
45,3049,2659.61
46,3049,2595.44
47,3170,2680.39
48,3170,2712.69
49,3125,2679.47
50,3125,2744.83
51,3098,2710.52
52,3098,2708.77
53,3125,2701.48
54,3049,2696.98
55,3129,2796.78
56,3160,2785.3
57,3160,2733.21
58,3130,2732.92
59,3130,2706.07
60,3100,2673.84
61,3050,2654.47
62,3050,2706.13
63,3050,2670.27
64,3081,2665.87
65,3081,2640.64
66,3081,2667.25
67,3090,2666.57
68,3081,2655
69,3081,2654.94
70,3081,2621.36
71,3081,2609.83
72,3081,2569.38
73,3081,2605.33
74,3081,2607.68
75,3081,2606.68
76,3081,2524.07
77,2964,2552.07
78,3049,2503.42
79,3068,2454.21
80,3068,2454.35
81,2958,2449.62
82,3054,2487.74
83,3054,2486.65
84,2979,2517.28
85,2979,2493.94
86,2979,2551.2
87,3008,2605.46
88,3048,2599.07
89,3048,2608.26
90,3048,2575.36
91,3048,2594.59
92,3080,2566.78
93,3080,2568.01
94,2958,2566.92
95,3162,2564.85
96,3162,2572.3
97,2983,2508.37
98,3008,2527.01
99,3032,2544.61
100,3008,2523.26
101,3008,2521.15
102,2998,2522.72
103,3039,2565.28
104,3039,2547.68
105,3083,2539.77
106,3083,2551.23
107,3059,2492.95
108,3059,2528.38
109,3059,2492.94
110,3059,2535.79
111,3118,2589.56
112,3059,2569.68
113,3059,2548.52
114,3059,2578.18
115,3059,2560.11
116,3049,2544.25
117,3059,2548.46
118,3059,2570.5
119,3059,2552.57
120,3059,2515.83
121,3059,2564.64
122,3111,2586.05
123,3017,2588.09
124,2964,2590.68
125,3011,2604.9
126,3011,2573.49
127,2988,2506.81
128,2988,2472.4
129,2988,2529.52
130,2964,2532.46
131,3036,2558.9
132,3060,2559.24
133,3060,2529.96
134,3094,2515.38
135,3060,2523.83
136,3001,2520.21
137,2988,2520.32
138,2988,2546.44
139,2988,2542.55
140,3037,2569.65
141,3037,2617.89
142,2998,2593.4
143,3041,2586.75
144,3041,2565.06
145,3041,2517.48
146,3009,2542.23
147,2955,2498.67
148,2982,2443.91
149,3085,2456.5
150,3085,2482.31
151,3085,2485.01
152,3085,2465.47
153,3035,2442.57
154,3035,2408.08
155,3035,2428.6
156,3035,2431.78
157,3035,2464.45
158,3035,2438.16
159,2879,2431.58
160,2879,2392.38
161,2982,2407.89
162,2982,2421.51
163,2934,2464.34
164,2865,2434.26
165,2922,2455.7
166,2953,2482.74
167,2922,2464.91
168,2922,2451.13
169,2893,2479.52
170,2909,2498.64
171,3008,2438.75
172,3008,2437.65
173,3058,2436.82
174,3058,2436.18
175,3018,2480.42
176,3058,2509.97
177,3058,2519.57
178,2990,2468.16
179,2990,2535.42
180,2944,2512.79
181,2944,2581.97
182,2965,2581.71
183,2965,2588.48
184,3018,2578.2
185,3018,2543.11
186,3035,2545.15
187,3018,2556.34
188,3018,2589.39
189,3061,2550.14
190,3022,2564.85
191,3053,2584.34
192,3022,2575.2
193,3022,2553.91
194,3035,2522.65
195,3035,2544.12
196,3053,2601.42
197,3078,2617.47
198,3078,2685.75
199,3035,2701.54
200,3053,2666.35
201,3053,2638.35
202,3060,2641.58
203,3132,2636.83
204,3132,2639.06
205,3132,2590.35
206,3044,2569.56
207,3044,2525.72
208,3045,2520.86
209,3044,2498.66
210,3019,2532.62
211,3029,2529.09
212,3029,2539.13
213,3021,2543.83
214,3021,2548.07
215,3050,2562.88
216,3021,2586.74
217,3021,2537.75
218,2967,2537.02
219,2967,2496.02
220,2967,2513
221,2918,2529.03
222,2918,2568.64
223,2943,2531.94
224,3084,2457.16
225,2952,2496.8
226,3045,2480.01
227,3035,2435.06
228,2942,2440.62
229,2915,2451.56
230,2915,2485.09
231,2961,2454.19
232,2915,2422.62
233,2915,2446.44
234,2918,2436.28
235,2918,2374.22
236,2918,2362.69
237,2918,2390.07
238,2819,2397.03
239,2972,2400.39
240,2972,2388.08
241,2913,2360.34
242,2783,2340.54
243,2742,2323.22
244,2787,2311.64
245,2811,2333.75
246,2881,2379.13
247,2881,2391.64
248,2738,2365.18
249,2878,2350.2
250,2878,2337.59
251,2878,2366.94
252,2878,2428.81
253,2886,2405.52
254,2878,2393.42
255,2878,2351.43
256,2878,2378.72
257,2892,2435.2
258,2954,2449.63
259,2902,2473.63
260,2892,2485.2
261,2938,2558.1
262,3027,2620.92
263,3092,2558.14
264,3027,2524.55
265,3092,2557.06
266,3092,2536.45
267,3092,2540.01
268,3092,2505.51
269,3129,2551.2
270,3008,2532.01
271,2999,2489.65
272,2969,2560.08
273,3049,2557.36
274,3121,2580.99
275,3121,2524.89
276,3057,2527.01
277,3020,2564.41
278,3020,2549.45
279,3007,2566.28
280,2957,2530.08
281,2957,2503.8
282,2957,2520.68
283,2875,2539.57
284,2938,2546.16
285,2897,2517.65
286,2972,2489.02
287,2955,2504.55
288,2955,2473.33
289,2955,2524.02
290,2994,2477.94
291,2994,2478.46
292,2994,2498.82
293,2994,2497.37
294,2878,2428.15
295,3014,2453.8
296,3014,2440.2
297,2977,2449.87
298,2977,2435.97
299,2955,2440.77
Population size,100
Crossover rate,0.51
Mutation rate,0.79
Random selection portion,0.03
Selection method,AForge.Genetic.RankSelection
Diversity check,True
Iteration,FitnessMax,FitnessAvg
0,2585,1949.94
1,2590,2081.94
2,2590,2190.63
3,2731,2313.87
4,2997,2376.71
5,2886,2461.89
6,3003,2509.24
7,3003,2546.62
8,3061,2637.31
9,3116,2662.06
10,3116,2710.06
11,3116,2759.35
12,3116,2783.69
13,3116,2759.55
14,3116,2821.12
15,3116,2896.54
16,3116,2860.98
17,3116,2896.04
18,3175,2883.1
19,3175,2896.6
20,3175,2904.5
21,3175,2932.67
22,3175,2947.88
23,3175,2932.92
24,3175,2920.73
25,3220,2992.71
26,3220,3042.69
27,3261,2999.1
28,3261,2949.41
29,3261,3080.47
30,3261,3010.14
31,3261,2995.9
32,3261,3035.79
33,3261,3044.5
34,3261,3106.09
35,3261,3080.64
36,3261,3081.72
37,3261,3101.96
38,3261,3108.37
39,3261,3151.36
40,3261,3112.39
41,3261,3138.1
42,3261,3159.47
43,3261,3149.83
44,3261,3143.89
45,3261,3114.35
46,3261,3165.01
47,3261,1925.01
48,3261,2037.64
49,3261,2196.09
50,3261,2266.24
51,3261,2325.36
52,3261,2416.83
53,3261,2485.92
54,3261,2542.19
55,3261,2613.99
56,3261,2660.37
57,3261,2755.57
58,3261,2862.79
59,3261,2906.57
60,3261,2893.53
61,3261,2953.92
62,3261,3010.86
63,3261,3018.23
64,3261,3085.31
65,3261,3112.76
66,3261,3088.44
67,3261,3032.99
68,3261,3067.86
69,3261,3086.83
70,3261,3141.1
71,3261,3144.23
72,3261,3145.22
73,3261,3080.73
74,3261,3085.4
75,3261,3085.63
76,3261,3111.91
77,3261,3127.18
78,3261,3129.4
79,3261,3121.3
80,3261,3105.61
81,3261,3137.23
82,3261,3162.3
83,3261,3109
84,3261,3118.94
85,3261,3109.07
86,3261,3123.2
87,3261,3119.87
88,3261,3156.67
89,3261,3144.73
90,3261,3159.69
91,3261,3123.61
92,3261,3099.84
93,3261,3170.33
94,3261,1917.47
95,3261,2090.9
96,3261,2248.86
97,3261,2355.44
98,3261,2505.34
99,3261,2642.46
100,3261,2777.64
101,3261,2869.46
102,3261,2969.2
103,3261,3086.77
104,3261,3074.88
105,3261,3151.2
106,3261,3147.09
107,3261,3114.19
108,3261,3179.56
109,3261,1880.71
110,3261,2056.47
111,3261,2201.21
112,3261,2374.68
113,3097,2453.49
114,3097,2566.42
115,3097,2638.49
116,3097,2711.81
117,3126,2774.47
118,3261,2845.62
119,3140,2879.86
120,3140,2909.36
121,3251,2909.04
122,3251,2968.83
123,3251,2905.75
124,3261,2907.11
125,3261,3028.87
126,3261,3038.74
127,3261,3060.22
128,3261,3036.41
129,3261,3068.99
130,3261,3087.06
131,3261,3070.35
132,3261,3079.25
133,3261,3106.78
134,3261,3161.97
135,3261,3164.45
136,2686,1956.34
137,2727,2110.69
138,2820,2258.33
139,2820,2311.84
140,3092,2330.86
141,3092,2514.3
142,3092,2528.43
143,3092,2635.78
144,3092,2692.25
145,3079,2738.04
146,3079,2801.01
147,3092,2834.6
148,3092,2804.79
149,3093,2870.72
150,3172,2867.67
151,3179,2915.88
152,3172,2850.84
153,3190,2927.63
154,3190,2956.79
155,3190,2953.04
156,3190,2949.76
157,3190,2958.67
158,3190,3012.11
159,3190,3004.38
160,3160,2959.05
161,3160,3005.21
162,3160,2940.7
163,3160,3010.92
164,3160,3019.47
165,3160,2976.57
166,3160,2872.71
167,3160,3053.51
168,3160,3039.09
169,3160,2996.79
170,3160,3066.45
171,2475,1917.78
172,2455,2061.95
173,2717,2200.13
174,2743,2288.46
175,2743,2344.29
176,2845,2392.46
177,2860,2470.43
178,2961,2543.73
179,2921,2574.72
180,2972,2594.5
181,2982,2603.62
182,3033,2653.76
183,3033,2705.79
184,3012,2748.51
185,3056,2761.92
186,3056,2759.71
187,3053,2816.51
188,3078,2849.65
189,3109,2865.31
190,3109,2835.76
191,3104,2862.74
192,3104,2855.23
193,3104,2874.82
194,3110,2908.62
195,3104,2929.26
196,3153,2901.77
197,3104,2937.75
198,3104,2945
199,3108,2969.14
200,3108,2937.08
201,3108,2971.85
202,3108,2956.99
203,3132,2932.14
204,3132,2961.97
205,3132,2916.45
206,3132,2964.74
207,3108,2836.74
208,3108,2903.93
209,3213,2953.94
210,3213,2983.62
211,3138,2978.95
212,3142,3004.48
213,3189,2982.86
214,3189,2981.6
215,3200,3030.18
216,3261,3029.54
217,3213,3012.37
218,3213,3035.49
219,3213,3042.33
220,3261,3003.16
221,3261,3004.49
222,3261,3050.92
223,3261,3043.43
224,3261,3046.86
225,3261,3081.57
226,3261,3079.62
227,3261,3047
228,3261,3089.15
229,3261,3094.42
230,3261,3120.71
231,3261,3048.2
232,3261,3117.39
233,3261,3084.72
234,3261,3120.51
235,3261,3075.74
236,3261,3143.54
237,3261,3126.25
238,3261,3086.34
239,3261,3083.44
240,3261,3067.25
241,3261,3095.48
242,3261,3087.93
243,3261,3024.04
244,3261,3111.63
245,3261,3150.54
246,3261,3081.65
247,3261,3136.38
248,3261,3157.73
249,3261,3098.9
250,3261,3105.99
251,3261,3134.89
252,3261,3108.83
253,3261,3157.2
254,3261,3141.75
255,3261,3124.6
256,3261,3142.43
257,3261,3153.17
258,3261,3107.71
259,3261,3143.78
260,3261,3161.55
261,3261,3134.3
262,3261,3132.87
263,3261,3138.44
264,3261,3138.03
265,3261,3155.68
266,3261,3115.91
267,3261,3152.74
268,3261,3177.42
269,3261,2031.75
270,3261,2173.31
271,3261,2260
272,3251,2424.15
273,3251,2521.07
274,3036,2575.11
275,3054,2634.96
276,3098,2690.43
277,3098,2707.22
278,3098,2737.85
279,3098,2744.06
280,3098,2731.93
281,3111,2840.54
282,3143,2910.14
283,3201,2895.73
284,3201,2909.72
285,3201,2953.19
286,3201,2938.24
287,3201,2933.33
288,3201,2933.07
289,3261,2984.15
290,3233,2985.03
291,3233,3034.2
292,3233,3025.99
293,3233,2978.86
294,3233,3042.82
295,3233,3045.52
296,3233,3058.06
297,3233,3042.55
298,3233,3048.58
299,3261,3084.21
Population size,100
Crossover rate,0.51
Mutation rate,0.79
Random selection portion,0.03
Selection method,AForge.Genetic.RankSelection
Diversity check,False
Iteration,FitnessMax,FitnessAvg
0,2860,1855.59
1,2870,2071.89
2,2735,2195.28
3,2889,2261.02
4,2889,2349.57
5,2889,2378.11
6,2889,2464.83
7,2882,2574.01
8,2936,2540.95
9,2936,2615.98
10,3042,2678.77
11,3043,2696.55
12,3043,2726.95
13,3053,2773.16
14,3073,2806.45
15,3053,2798.66
16,3077,2802.09
17,3077,2855.69
18,3077,2832.84
19,3137,2920.82
20,3137,2910.42
21,3220,2828.05
22,3261,2956.63
23,3261,2910.84
24,3261,2938.54
25,3261,2974.45
26,3261,2993.94
27,3261,3017.18
28,3261,2942.07
29,3261,3022.98
30,3261,3048.19
31,3261,3051.58
32,3261,3072.14
33,3261,3098.93
34,3261,3104.88
35,3261,3150.15
36,3261,3080.47
37,3261,3127.46
38,3261,3141.31
39,3261,3137.72
40,3261,3134.78
41,3261,3156.92
42,3261,3125.24
43,3261,3127.81
44,3261,3175.39
45,3261,3143.55
46,3261,3153.04
47,3261,3157.16
48,3261,3153.64
49,3261,3109.5
50,3261,3149.37
51,3261,3140.81
52,3261,3144.74
53,3261,3164.5
54,3261,3079.84
55,3261,3175.46
56,3261,3124.85
57,3261,3123.51
58,3261,3153.95
59,3261,3129.69
60,3261,3128.65
61,3261,3174.51
62,3261,3188.31
63,3261,3119.96
64,3261,3144.37
65,3261,3051.69
66,3261,3120.61
67,3261,3139.71
68,3261,3172.38
69,3261,3187.4
70,3261,3174.95
71,3261,3151.65
72,3261,3132.22
73,3261,3082.28
74,3261,3083.14
75,3261,3137.24
76,3261,3096.72
77,3261,3174.94
78,3261,3172.99
79,3261,3153.17
80,3261,3178.41
81,3261,3135.99
82,3261,3114.31
83,3261,3128.98
84,3261,3140.62
85,3261,3104.01
86,3261,3119.49
87,3261,3149.9
88,3261,3146.41
89,3261,3150.57
90,3261,3140.68
91,3261,3170.68
92,3261,3136.01
93,3261,3110.02
94,3261,3145.92
95,3261,3169.35
96,3261,3124.43
97,3261,3165.43
98,3261,3168.12
99,3261,3180.72
100,3261,3173.67
101,3261,3185.12
102,3261,3140.07
103,3261,3131.33
104,3261,3187.37
105,3261,3167.11
106,3261,3194.7
107,3261,3144.59
108,3261,3138.03
109,3261,3177.8
110,3261,3101.59
111,3261,3120.13
112,3261,3191.49
113,3261,3156.68
114,3261,3151.78
115,3261,3147.66
116,3261,3167.17
117,3261,3139.48
118,3261,3168.21
119,3261,3164.11
120,3261,3197.32
121,3261,3145.38
122,3261,3141.31
123,3261,3117.19
124,3261,3135.3
125,3261,3116.18
126,3261,3173.05
127,3261,3171.17
128,3261,3172.99
129,3261,3161.22
130,3261,3155.72
131,3261,3107.31
132,3261,3129.75
133,3261,3143.62
134,3261,3202.94
135,3261,3180.99
136,3261,3152.66
137,3261,3194.2
138,3261,3162.5
139,3261,3192.92
140,3261,3205.69
141,3261,3190
142,3261,3149.56
143,3261,3131.24
144,3261,3187.65
145,3261,3091.3
146,3261,3167.63
147,3261,3180.25
148,3261,3169
149,3261,3176.21
150,3261,3158.91
151,3261,3155.84
152,3261,3125.35
153,3261,3185.48
154,3261,3168.69
155,3261,3163.74
156,3261,3172.8
157,3261,3160.97
158,3261,3183
159,3261,3184.13
160,3261,3165.59
161,3261,3182.26
162,3261,3143.47
163,3261,3117.37
164,3261,3105.7
165,3261,3179.31
166,3261,3139.03
167,3261,3154.78
168,3261,3113.9
169,3261,3179.17
170,3261,3176.73
171,3261,3132.98
172,3261,3173.98
173,3261,3184.16
174,3261,3165.99
175,3261,3148.79
176,3261,3185.61
177,3261,3173.81
178,3261,3191.38
179,3261,3130.98
180,3261,3143.95
181,3261,3168.98
182,3261,3154.3
183,3261,3165.42
184,3261,3161.61
185,3261,3183.51
186,3261,3196.55
187,3261,3180.83
188,3261,3155.06
189,3261,3161.36
190,3261,3200.27
191,3261,3186.31
192,3261,3181.14
193,3261,3176.65
194,3261,3158.54
195,3261,3164.37
196,3261,3187.14
197,3261,3181.42
198,3261,3133.64
199,3261,3125.87
200,3261,3165.95
201,3261,3172.13
202,3261,3137.67
203,3261,3148.51
204,3261,3112.94
205,3261,3161.29
206,3261,3163.99
207,3261,3144.57
208,3261,3166.1
209,3261,3142.93
210,3261,3175.56
211,3261,3171.34
212,3261,3172.49
213,3261,3186.56
214,3261,3178.98
215,3261,3157.91
216,3261,3084.32
217,3261,3184.9
218,3261,3134.08
219,3261,3161.47
220,3261,3154.98
221,3261,3152.66
222,3261,3178.13
223,3261,3161.19
224,3261,3131.83
225,3261,3141.94
226,3261,3086.63
227,3261,3099.7
228,3261,3136.88
229,3261,3148.18
230,3261,3172.28
231,3261,3151.91
232,3261,3145.62
233,3261,3149.14
234,3261,3181.82
235,3261,3173.8
236,3261,3183.42
237,3261,3177.24
238,3261,3191.01
239,3261,3110.2
240,3261,3168.8
241,3261,3153.03
242,3261,3133.46
243,3261,3147.78
244,3261,3139.59
245,3261,3123.51
246,3261,3132.06
247,3261,3115.28
248,3261,3138.92
249,3261,3144.26
250,3261,3170.23
251,3261,3143.08
252,3261,3139.47
253,3261,3113.98
254,3261,3093.39
255,3261,3130.51
256,3261,3126.32
257,3261,3174.31
258,3261,3137.22
259,3261,3159.83
260,3261,3106.79
261,3261,3175.66
262,3261,3172.44
263,3261,3114.69
264,3261,3133.76
265,3261,3096.03
266,3261,3064.2
267,3261,3131.6
268,3261,3132.53
269,3261,3167.45
270,3261,3186.84
271,3261,3155.27
272,3261,3148.15
273,3261,3128.25
274,3261,3169.68
275,3261,3174.5
276,3261,3119.04
277,3261,3165.03
278,3261,3158.7
279,3261,3175.73
280,3261,3145.82
281,3261,3071.01
282,3261,3131.41
283,3261,3138.15
284,3261,3151.95
285,3261,3151.75
286,3261,3161.27
287,3261,3160.51
288,3261,3162.9
289,3261,3119.6
290,3261,3109.33
291,3261,3101.47
292,3261,3165.42
293,3261,3130.63
294,3261,3173.99
295,3261,3138.57
296,3261,3122.94
297,3261,3140.01
298,3261,3178.55
299,3261,3080.54
Population size,100
Crossover rate,0.22
Mutation rate,0.87
Random selection portion,0.03
Selection method,AForge.Genetic.EliteSelection
Diversity check,False
Iteration,FitnessMax,FitnessAvg
0,2850,2050.09
1,2890,2218.69
2,2890,2337.95
3,2890,2458.57
4,2890,2541.06
5,2942,2635.3
6,2989,2696.06
7,2989,2751.12
8,3038,2800.12
9,3038,2824.99
10,3172,2872.96
11,3172,2884
12,3172,2913.94
13,3251,2933.74
14,3251,2960.12
15,3251,2981.84
16,3251,3000.79
17,3251,3028.06
18,3251,3029.17
19,3251,3062.05
20,3251,3067.13
21,3251,3095.97
22,3251,3100.89
23,3251,3103.31
24,3251,3141.3
25,3251,3147.02
26,3251,3152.54
27,3251,3157.2
28,3261,3158.49
29,3261,3193.47
30,3261,3177.85
31,3261,3178.74
32,3261,3191.89
33,3261,3197.76
34,3261,3194.18
35,3261,3210.49
36,3261,3205.76
37,3261,3206.6
38,3261,3212.21
39,3261,3216.91
40,3261,3214.4
41,3261,3213.33
42,3261,3214.22
43,3261,3219.07
44,3261,3210.91
45,3261,3213.99
46,3261,3203.92
47,3261,3206.28
48,3261,3216.63
49,3261,3222.47
50,3261,3225.67
51,3261,3195.14
52,3261,3216.53
53,3261,3195.76
54,3261,3211.28
55,3261,3216.12
56,3261,3215.56
57,3261,3215.99
58,3261,3220.82
59,3261,3225.04
60,3261,3211.57
61,3261,3223.49
62,3261,3232.39
63,3261,3200.24
64,3261,3191.8
65,3261,3215.39
66,3261,3205.73
67,3261,3212.75
68,3261,3202.13
69,3261,3221.45
70,3261,3205.96
71,3261,3193.92
72,3261,3220.08
73,3261,3220.56
74,3261,3200.13
75,3261,3227.84
76,3261,3206.06
77,3261,3206.89
78,3261,3197.2
79,3261,3212.97
80,3261,3212.14
81,3261,3210.75
82,3261,3216.86
83,3261,3221.66
84,3261,3217.67
85,3261,3207.87
86,3261,3229.42
87,3261,3210.75
88,3261,3218.95
89,3261,3228.12
90,3261,3209.05
91,3261,3215.08
92,3261,3209.47
93,3261,3221.58
94,3261,3188.35
95,3261,3212.72
96,3261,3220.99
97,3261,3216.93
98,3261,3216.61
99,3261,3209.81
100,3261,3227.1
101,3261,3201.86
102,3261,3184.88
103,3261,3212.84
104,3261,3220.16
105,3261,3216.4
106,3261,3214.32
107,3261,3222.74
108,3261,3207.99
109,3261,3224.63
110,3261,3213.77
111,3261,3203.3
112,3261,3195.02
113,3261,3222.76
114,3261,3218.3
115,3261,3219.89
116,3261,3212.57
117,3261,3214.35
118,3261,3223.42
119,3261,3220.22
120,3261,3212.73
121,3261,3221.26
122,3261,3224.99
123,3261,3192.25
124,3261,3219.69
125,3261,3214.07
126,3261,3182.93
127,3261,3215.82
128,3261,3208.96
129,3261,3210.56
130,3261,3215.91
131,3261,3215.45
132,3261,3214.27
133,3261,3216.58
134,3261,3202.1
135,3261,3226.18
136,3261,3199.94
137,3261,3212.14
138,3261,3207.23
139,3261,3210.45
140,3261,3213.98
141,3261,3211.31
142,3261,3207.27
143,3261,3203.75
144,3261,3212.02
145,3261,3205.55
146,3261,3204.04
147,3261,3215.5
148,3261,3216.1
149,3261,3206.9
150,3261,3214.8
151,3261,3206.23
152,3261,3211.24
153,3261,3218.38
154,3261,3218.7
155,3261,3212.53
156,3261,3215.98
157,3261,3206.65
158,3261,3217.69
159,3261,3213.36
160,3261,3219.81
161,3261,3216.41
162,3261,3218.84
163,3261,3211.51
164,3261,3215.45
165,3261,3208.18
166,3261,3217.72
167,3261,3213.84
168,3261,3215.32
169,3261,3207.11
170,3261,3206.98
171,3261,3216.68
172,3261,3215.39
173,3261,3220.99
174,3261,3206.59
175,3261,3210.42
176,3261,3218.69
177,3261,3217.75
178,3261,3217.2
179,3261,3215.72
180,3261,3199.76
181,3261,3215.45
182,3261,3216.49
183,3261,3218.88
184,3261,3198.79
185,3261,3204.29
186,3261,3224.34
187,3261,3209.63
188,3261,3225.49
189,3261,3217.31
190,3261,3217.39
191,3261,3220.88
192,3261,3228.53
193,3261,3210.04
194,3261,3216.95
195,3261,3209.06
196,3261,3216.95
197,3261,3214.61
198,3261,3228.53
199,3261,3215.13
200,3261,3219.62
201,3261,3195.38
202,3261,3206.26
203,3261,3215.8
204,3261,3221.02
205,3261,3210.55
206,3261,3227.46
207,3261,3222.13
208,3261,3213.43
209,3261,3218.27
210,3261,3205.23
211,3261,3211.31
212,3261,3206.67
213,3261,3209.5
214,3261,3212.99
215,3261,3221.52
216,3261,3199.19
217,3261,3198.65
218,3261,3210.88
219,3261,3218.73
220,3261,3220.23
221,3261,3202.62
222,3261,3219.35
223,3261,3220.56
224,3261,3211.6
225,3261,3210.88
226,3261,3218.15
227,3261,3200.92
228,3261,3179.17
229,3261,3223.61
230,3261,3202.3
231,3261,3213.59
232,3261,3218.67
233,3261,3200.6
234,3261,3200.07
235,3261,3219.4
236,3261,3208.87
237,3261,3221.89
238,3261,3190.59
239,3261,3219.95
240,3261,3204.97
241,3261,3192.45
242,3261,3219.62
243,3261,3217.8
244,3261,3207.36
245,3261,3221.71
246,3261,3218.94
247,3261,3214.52
248,3261,3204.4
249,3261,3217.1
250,3261,3205.9
251,3261,3183.42
252,3261,3215.45
253,3261,3215.91
254,3261,3222.03
255,3261,3220.3
256,3261,3211.56
257,3261,3200.21
258,3261,3210.01
259,3261,3207.46
260,3261,3216.64
261,3261,3214.47
262,3261,3209.82
263,3261,3211.84
264,3261,3208.43
265,3261,3213.52
266,3261,3210.42
267,3261,3204.02
268,3261,3208.17
269,3261,3220.3
270,3261,3210.86
271,3261,3220.41
272,3261,3211.12
273,3261,3209.37
274,3261,3214.22
275,3261,3209.22
276,3261,3194.61
277,3261,3209.34
278,3261,3178.95
279,3261,3219.06
280,3261,3215.31
281,3261,3206.92
282,3261,3204.17
283,3261,3212.43
284,3261,3228.29
285,3261,3208.85
286,3261,3212.54
287,3261,3201.08
288,3261,3218.95
289,3261,3214.84
290,3261,3210.62
291,3261,3215.61
292,3261,3213.91
293,3261,3216.1
294,3261,3222.01
295,3261,3214.34
296,3261,3208.44
297,3261,3194.35
298,3261,3218.17
299,3261,3213.85
Population size,100
Crossover rate,0.22
Mutation rate,0.87
Random selection portion,0.03
Selection method,AForge.Genetic.EliteSelection
Diversity check,True
Iteration,FitnessMax,FitnessAvg
0,2503,1996.76
1,2503,2178.81
2,2629,2281.3
3,2938,2385.37
4,2938,2465.51
5,2938,2525.54
6,2938,2565.46
7,3059,2663.11
8,3059,2728.78
9,3098,2783.9
10,3109,2822.37
11,3150,2878.18
12,3150,2907.6
13,3150,2943.36
14,3150,2942.31
15,3150,2965.77
16,3220,3019.42
17,3220,3035.07
18,3233,3054.44
19,3261,3060.47
20,3261,3083.57
21,3261,3090.15
22,3261,3112.87
23,3261,3109.16
24,3261,3120.52
25,3261,3140.93
26,3261,3149.15
27,3261,3158.56
28,3261,3171.25
29,3261,2113.7
30,3261,2279.31
31,3261,2406.76
32,3261,2505.18
33,3261,2595.53
34,3261,2719.75
35,3261,2809.12
36,3261,2848.87
37,3261,2940.61
38,3261,2990.8
39,3261,3047.01
40,3261,3081.43
41,3261,3112.89
42,3261,3119.77
43,3261,3171.91
44,3261,2074.74
45,3261,2277.66
46,3261,2443.81
47,3261,2587.65
48,3261,2685.98
49,3261,2815.81
50,3261,2910.32
51,3261,2992.02
52,3261,3036.63
53,3261,3090.48
54,3261,3121.26
55,3261,3131.27
56,3261,3178.9
57,3261,2064.21
58,3261,2247.3
59,3261,2373.88
60,3261,2486.61
61,3261,2592.71
62,3261,2668.39
63,3261,2770.79
64,3261,2850.25
65,3261,2912.41
66,3261,2987.65
67,3261,3040.63
68,3261,3075.42
69,3261,3119.91
70,3261,3126.66
71,3261,3156.66
72,3261,3182.85
73,3261,2059.67
74,3261,2195.2
75,3261,2337.27
76,3261,2415.01
77,3261,2508.29
78,3261,2588.36
79,3261,2661.01
80,3261,2745.9
81,3261,2814.46
82,3261,2894.03
83,3261,2962.75
84,3261,3020.25
85,3261,3048.24
86,3261,3103.57
87,3261,3149.88
88,3261,3161.27
89,3261,3179.63
90,3261,2036.23
91,3261,2187.12
92,3261,2333.92
93,3261,2430.48
94,3261,2539.89
95,3261,2658.69
96,3261,2757.54
97,3261,2853.68
98,3261,2928.94
99,3261,2985.83
100,3261,3028.69
101,3261,3076.52
102,3261,3092.23
103,3261,3103.72
104,3261,3134.13
105,3261,3185.79
106,3261,2083.68
107,3261,2265.46
108,3261,2383.79
109,3261,2509.51
110,3261,2649.91
111,3261,2750.62
112,3261,2850.13
113,3261,2926.65
114,3261,2969.71
115,3261,3007.53
116,3261,3037.01
117,3261,3050.47
118,3261,3092.68
119,3261,3101.97
120,3261,3129.39
121,3261,3149.03
122,3261,3155.5
123,3261,3164.12
124,3261,2150.28
125,3261,2338.23
126,3261,2441.43
127,3261,2540.49
128,3261,2574.79
129,3261,2670.22
130,3261,2746.29
131,3261,2829.64
132,3261,2890.57
133,3261,2937.93
134,3261,2994.61
135,3261,3028.43
136,3261,3076.26
137,3261,3104.14
138,3261,3135.82
139,3261,3177.91
140,3261,2014.11
141,3261,2236.36
142,3261,2363.15
143,3261,2496.57
144,3261,2608.63
145,3261,2725.65
146,3261,2811.4
147,3261,2868.7
148,3261,2925.29
149,3261,2965.39
150,3261,3016.15
151,3261,3038.72
152,3261,3101.67
153,3261,3118.42
154,3261,3157.75
155,3261,3175.86
156,3261,2117.24
157,3261,2305.57
158,3261,2424.54
159,3261,2480.84
160,3261,2589.25
161,3261,2630
162,3261,2732.73
163,3261,2800.33
164,3261,2863.56
165,3261,2920.76
166,3261,2965.49
167,3261,2970.77
168,3261,3053.24
169,3261,3078.24
170,3261,3106.77
171,3261,3128.93
172,3261,3150.36
173,3261,3169.04
174,3261,2091.26
175,3261,2254.03
176,3261,2387.75
177,3261,2490.69
178,3261,2641.06
179,3261,2741.74
180,3261,2822.42
181,3261,2908.48
182,3261,2972.28
183,3261,3002
184,3261,3060.07
185,3261,3097.01
186,3261,3122.59
187,3261,3140.61
188,3261,3152.81
189,3261,3161.73
190,3261,3189.62
191,3261,2048.75
192,3261,2236.61
193,3261,2407.82
194,3261,2540.05
195,3261,2601.64
196,3261,2706.22
197,3261,2794.97
198,3261,2878.91
199,3261,2917.12
200,3261,2957.24
201,3261,3038.84
202,3261,3059.9
203,3261,3104.15
204,3261,3105.31
205,3261,3142.54
206,3261,3152.01
207,3261,3193.33
208,3261,2018.58
209,3261,2168.37
210,3261,2285.63
211,3261,2399.74
212,3261,2512.99
213,3261,2613.11
214,3261,2685.89
215,3261,2769.86
216,3261,2861.06
217,3261,2925.86
218,3261,2975.02
219,3261,3018.16
220,3261,3070.98
221,3261,3081.91
222,3261,3127.65
223,3261,3152
224,3261,3170.97
225,3261,2067.17
226,3261,2246.89
227,3261,2408.38
228,3261,2542.87
229,3261,2617.63
230,3261,2711.1
231,3261,2769.6
232,3261,2834.06
233,3261,2885.54
234,3261,2950.4
235,3261,2990.51
236,3261,3032.97
237,3261,3038.11
238,3261,3085.77
239,3261,3117.55
240,3261,3135.97
241,3261,3168.07
242,3261,2112.72
243,3261,2283.55
244,3261,2375.31
245,3261,2508.5
246,3261,2656.16
247,3261,2777.46
248,3261,2900.82
249,3261,2979.26
250,3261,3061.78
251,3261,3101.27
252,3261,3114.11
253,3261,3142.72
254,3261,3139.97
255,3261,3179.68
256,3261,2040.77
257,3261,2206.8
258,3261,2366.71
259,3261,2487.16
260,3261,2587.76
261,3261,2657.9
262,3261,2776.65
263,3261,2870.93
264,3261,2961.63
265,3261,3009.89
266,3261,3036.45
267,3261,3086.34
268,3261,3104.38
269,3261,3108.32
270,3261,3126.72
271,3261,3156.45
272,3261,3163.31
273,3261,2070.12
274,3261,2267.98
275,3261,2395.77
276,3261,2525.8
277,3261,2615.29
278,3261,2720.79
279,3261,2809.78
280,3261,2885.48
281,3261,2954.47
282,3261,2977.6
283,3261,3034.5
284,3261,3074.74
285,3261,3112.94
286,3261,3143.14
287,3261,3168.17
288,3261,2012.1
289,3261,2242.71
290,3261,2387.34
291,3261,2509.15
292,3261,2630.7
293,3261,2719.13
294,3261,2811.58
295,3261,2884.2
296,3261,2956.8
297,3261,2995.29
298,3261,3030.33
299,3261,3079.24
Population size,100
Crossover rate,0.22
Mutation rate,0.87
Random selection portion,0.03
Selection method,AForge.Genetic.EliteSelection
Diversity check,True
Iteration,FitnessMax,FitnessAvg
0,2727,2038.09
1,2727,2214.74
2,2779,2314.38
3,2779,2412.15
4,2787,2510.84
5,2896,2564.79
6,2911,2637.69
7,3032,2696.76
8,3064,2757.16
9,3091,2789.97
10,3091,2826.95
11,3091,2869.78
12,3101,2894.96
13,3101,2942.46
14,3160,2992.41
15,3160,2988.49
16,3223,3008.89
17,3223,3014.66
18,3223,3046.5
19,3223,3043.81
20,3223,3054.18
21,3223,3065.07
22,3223,3069.79
23,3233,3078.62
24,3233,3093.78
25,3233,3091.57
26,3233,3103.23
27,3233,3128.03
28,3233,3117.21
29,3233,3143.09
30,3233,2124.35
31,3233,2230.95
32,3233,2368.2
33,3233,2492.71
34,3233,2598.47
35,3233,2711.71
36,3233,2828.98
37,3233,2901.75
38,3233,2971.47
39,3233,3010.77
40,3233,3065.47
41,3233,3096.01
42,3233,3115.97
43,3233,3123.95
44,3233,3161.48
45,3233,2071.92
46,3233,2238.76
47,3233,2363.63
48,3233,2468.1
49,3233,2562.33
Population size,100
Crossover rate,0.22
Mutation rate,0.87
Random selection portion,0.03
Selection method,AForge.Genetic.EliteSelection
Diversity check,True
Iteration,FitnessMax,FitnessAvg
0,2719,2000.05
1,2719,2174.12
2,2723,2305.07
3,2784,2399.09
4,2784,2470.46
5,2843,2512.46
6,2963,2597.92
7,2963,2656.15
8,3076,2713.12
9,3076,2773.07
10,3076,2822.74
11,3076,2850.83
12,3117,2861.33
13,3117,2893.71
14,3117,2917.23
15,3220,2959.48
16,3220,2961
17,3220,3002.24
18,3220,3017.14
19,3220,3031.73
20,3220,3052.12
21,3220,3054.99
22,3220,3065.05
23,3233,3079.32
24,3233,3093.75
25,3233,3088.67
26,3233,3105.99
27,3233,3062.3
28,3261,3105.41
29,3261,3137.5
