Population size,30
Crossover rate,0.1
Mutation rate,0.1
Random selection portion,0
Selection method,AForge.Genetic.RouletteWheelSelection
Iteration,FitnessMax,FitnessAvg
0,3780,2822.96666666667
1,3792,2916.3
2,3792,3175.9
3,3958,3235.7
4,4010,3395.1
5,4010,3542.36666666667
6,3958,3553.3
7,4022,3601.96666666667
8,4022,3659.13333333333
9,4022,3720.36666666667
10,4022,3699.16666666667
11,4022,3659.66666666667
12,4022,3754.66666666667
13,4022,3780.3
14,4022,3813.7
15,4022,3833.86666666667
16,4022,3805.93333333333
17,4022,3814.8
18,4028,3860.7
19,4205,3891.06666666667
20,4022,3893.1
21,4190,3875.66666666667
22,4190,3918.53333333333
23,4190,3914.13333333333
24,4190,3938.6
25,4190,3909.06666666667
26,4190,3927.43333333333
27,4190,3916.7
28,4190,3877.96666666667
29,4190,3910.56666666667
30,4190,3974.66666666667
31,4190,3958.73333333333
32,4190,3959.5
33,4190,3947.76666666667
34,4190,3967
35,4190,3932.7
36,4190,3918.1
37,4190,3892.96666666667
38,4190,3859.36666666667
39,4190,3902.9
40,4190,3937.86666666667
41,4190,3968
42,4190,3983.53333333333
43,4190,4011.63333333333
44,4190,4040.63333333333
45,4190,4039.7
46,4190,4047.26666666667
47,4190,4038.4
48,4190,4016.56666666667
49,4190,4012.1
50,4190,3971.6
51,4123,3926.83333333333
52,4123,3922.66666666667
53,4022,3923.03333333333
54,4022,3894.6
55,4022,3900.13333333333
56,4022,3898.16666666667
57,4022,3915.6
58,4188,3943.33333333333
59,4188,3908.33333333333
60,4188,3915.6
61,4188,3911.9
62,4188,3885.13333333333
63,4188,3912.16666666667
64,4188,3927.86666666667
65,4188,3946.9
66,4188,3943.06666666667
67,4188,3916.16666666667
68,4188,3948.16666666667
69,4188,3952.86666666667
70,4188,3933.63333333333
71,4188,3919.36666666667
72,4188,3877.16666666667
73,4188,3889.46666666667
74,4188,3948.43333333333
75,4188,3920.53333333333
76,4188,3885.36666666667
77,4188,3910.83333333333
78,4188,3940.23333333333
79,4203,3961.76666666667
80,4203,3949.9
81,4188,3955.93333333333
82,4188,3970.83333333333
83,4203,3959.73333333333
84,4188,3931.4
85,4188,3963.43333333333
86,4097,3954.9
87,4097,3968.93333333333
88,4097,3959.76666666667
89,4097,3942.7
90,4265,3970.46666666667
91,4265,3985.56666666667
92,4183,3996.16666666667
93,4183,4002.3
94,4183,4027.6
95,4126,4012.83333333333
96,4126,4036.16666666667
97,4126,4006.16666666667
98,4126,4032.43333333333
99,4126,4037.5
Population size,30
Crossover rate,0.2
Mutation rate,0.1
Random selection portion,0
Selection method,AForge.Genetic.RouletteWheelSelection
Iteration,FitnessMax,FitnessAvg
0,3590,3047.76666666667
1,3781,2985.23333333333
2,3781,3127.8
3,3781,3086.86666666667
4,3739,2981.33333333333
5,3739,2979.7
6,3739,3011.86666666667
7,3739,3031.1
8,3761,3115
9,3942,3197.46666666667
10,3942,3160.76666666667
11,3739,3170.9
12,3739,3176.66666666667
13,3717,3207.36666666667
14,3717,3297.46666666667
15,3631,3400.63333333333
16,3746,3370.53333333333
17,3746,3358.8
18,3746,3360.36666666667
19,3746,3391.2
20,3931,3333.43333333333
21,3931,3346.1
22,3687,3338.76666666667
23,3729,3348.7
24,3833,3420.93333333333
25,3833,3420.9
26,3762,3388.86666666667
27,3762,3404.76666666667
28,3762,3348.03333333333
29,3762,3296.6
30,3762,3298.93333333333
31,4023,3582.66666666667
32,4023,3627.46666666667
33,4023,3672.4
34,4023,3716.43333333333
35,4023,3683.8
36,4023,3743.83333333333
37,4023,3730.36666666667
38,4028,3717.36666666667
39,4028,3679.96666666667
40,4028,3726.7
41,4028,3754.2
42,4028,3778.3
43,4182,3781.7
44,4028,3752.1
45,4028,3742.46666666667
46,4028,3708.23333333333
47,4028,3722.23333333333
48,4054,3779.56666666667
49,4054,3803.93333333333
50,4149,3863.16666666667
51,4149,3932.23333333333
52,4185,3940.5
53,4149,3912.36666666667
54,4149,3956.7
55,4149,3926.03333333333
56,4149,3910.6
57,4149,3911.5
58,4149,3894.36666666667
59,4149,3903.76666666667
60,4149,3916.76666666667
61,4212,3931.8
62,4149,3948.9
63,4352,4003.9
64,4149,4041.93333333333
65,4272,4060.93333333333
66,4272,4079.53333333333
67,4272,4058.06666666667
68,4290,4114.46666666667
69,4290,4114
70,4327,4116.06666666667
71,4244,4073.93333333333
72,4334,4107.9
73,4327,4099.93333333333
74,4327,4084.53333333333
75,4288,4048.43333333333
76,4288,4057.93333333333
77,4327,4069.6
78,4327,4106.7
79,4327,4084.53333333333
80,4327,4082.1
81,4327,4125.2
82,4327,4106.06666666667
83,4327,4099.76666666667
84,4327,4091.53333333333
85,4327,4105.43333333333
86,4327,4092.36666666667
87,4327,4089.63333333333
88,4415,4097.33333333333
89,4415,4089.5
90,4415,4122.46666666667
91,4415,4108.43333333333
92,4415,4077.96666666667
93,4415,4107.66666666667
94,4415,4074.5
95,4415,4043.93333333333
96,4415,4123.46666666667
97,4415,4189.1
98,4415,4175.36666666667
99,4415,4274.53333333333
Population size,30
Crossover rate,0.3
Mutation rate,0.1
Random selection portion,0
Selection method,AForge.Genetic.RouletteWheelSelection
Iteration,FitnessMax,FitnessAvg
0,4407,2875.96666666667
1,4407,2860.43333333333
2,3462,2970.36666666667
3,3411,3052.43333333333
4,3434,3087.16666666667
5,3592,3136.66666666667
6,3592,3194.5
7,3592,3201.3
8,3592,3239.03333333333
9,3592,3241.3
10,3746,3276.7
11,3746,3287.7
12,3746,3229.76666666667
13,3746,3319.03333333333
14,3746,3299
15,3589,3282.13333333333
16,3771,3297.3
17,3771,3395.1
18,3771,3435.86666666667
19,3903,3403.7
20,3863,3412.8
21,3799,3425
22,3799,3404.46666666667
23,3541,3355.86666666667
24,3579,3385.7
25,3579,3407.9
26,3682,3384.1
27,3617,3362.83333333333
28,3617,3381.43333333333
29,3625,3358.86666666667
30,3548,3331.13333333333
31,3548,3289.53333333333
32,3521,3280.6
33,3521,3341.53333333333
34,3526,3346.6
35,3666,3354.13333333333
36,3566,3354.16666666667
37,3566,3401.03333333333
38,3613,3452.86666666667
39,3751,3467.13333333333
40,3929,3488.33333333333
41,3929,3528.73333333333
42,3929,3523.1
43,3929,3564.7
44,3929,3591.26666666667
45,3929,3646.43333333333
46,3929,3742.86666666667
47,3929,3703.06666666667
48,3929,3742.83333333333
49,4286,3772.66666666667
50,4286,3823.76666666667
51,4286,3848.9
52,4286,3763.23333333333
53,4286,3850.96666666667
54,4286,3866.1
55,4286,3865.46666666667
56,4286,3903.33333333333
57,4286,3909.36666666667
58,4286,3985.46666666667
59,4286,3985.43333333333
60,4286,4037.46666666667
61,4286,3942.13333333333
62,4286,3965.6
63,4286,3987.56666666667
64,4286,4056.86666666667
65,4308,4018.5
66,4308,4016.43333333333
67,4308,4050.6
68,4308,4066.7
69,4308,4117.1
70,4308,4109.1
71,4380,4103.03333333333
72,4286,4090.96666666667
73,4286,4173.13333333333
74,4286,4109.4
75,4286,4128.36666666667
76,4286,4108.2
77,4286,4153.1
78,4351,4164.76666666667
79,4351,4197.03333333333
80,4286,4177.23333333333
81,4286,4194.53333333333
82,4286,4204.06666666667
83,4286,4225.16666666667
84,4286,4226.63333333333
85,4286,4201.06666666667
86,4286,4206.2
87,4286,4220.16666666667
88,4324,4243.26666666667
89,4324,4237.83333333333
90,4324,4233.53333333333
91,4324,4226.63333333333
92,4324,4192.96666666667
93,4324,4189.83333333333
94,4324,4177.26666666667
95,4324,4182.9
96,4324,4213.6
97,4324,4191.6
98,4350,4225.76666666667
99,4350,4209.1
Population size,30
Crossover rate,0.4
Mutation rate,0.1
Random selection portion,0
Selection method,AForge.Genetic.RouletteWheelSelection
Iteration,FitnessMax,FitnessAvg
0,3667,2899.8
1,3567,2960.66666666667
2,3567,3188.1
3,3567,3168.2
4,3739,3185.2
5,3567,3131.06666666667
6,3567,3165.6
7,3567,3168.06666666667
8,3567,3193.76666666667
9,3567,3165.5
10,3567,3187.63333333333
11,3567,3245.53333333333
12,3567,3333.56666666667
13,3567,3314.23333333333
14,3567,3316.43333333333
15,3567,3358.4
16,3567,3372.1
17,3585,3403.3
18,3717,3426.1
19,3633,3420.66666666667
20,3634,3407.76666666667
21,3634,3439.13333333333
22,3712,3460.53333333333
23,3712,3401.96666666667
24,3733,3441.16666666667
25,3987,3490.1
26,3684,3392.83333333333
27,3684,3380.76666666667
28,3684,3422.06666666667
29,3684,3406.06666666667
30,3839,3422.46666666667
31,3839,3436.13333333333
32,3839,3479.36666666667
33,3839,3477.4
34,3839,3488.13333333333
35,3839,3512.36666666667
36,3839,3541
37,3839,3558.03333333333
38,3839,3537.13333333333
39,3787,3525.7
40,3787,3570.03333333333
41,3787,3562.83333333333
42,3909,3592.2
43,3909,3644.4
44,3972,3731.16666666667
45,3909,3735.26666666667
46,3974,3752.86666666667
47,3981,3666.2
48,3981,3718.96666666667
49,3909,3694.13333333333
50,3909,3682.63333333333
51,3934,3704.66666666667
52,3934,3663.93333333333
53,3934,3675.6
54,3909,3702.06666666667
55,3909,3687.2
56,3981,3709.76666666667
57,3909,3742.63333333333
58,3909,3680.6
59,3973,3660.8
60,3909,3685.76666666667
61,3812,3688.5
62,4023,3712
63,3973,3704.43333333333
64,3973,3754.96666666667
65,4154,3762.93333333333
66,4154,3755.46666666667
67,4154,3752.43333333333
68,4154,3845.63333333333
69,4154,3852.23333333333
70,4154,3875.93333333333
71,4154,3910.66666666667
72,4154,3959.86666666667
73,4154,3982.13333333333
74,4154,3974.26666666667
75,4154,3971.1
76,4154,3954
77,4154,3835.33333333333
78,4154,3826.06666666667
79,4126,3833.7
80,4126,3859.03333333333
81,4126,3849.4
82,4126,3852.03333333333
83,4126,3835.53333333333
84,4126,3902.03333333333
85,4126,3863.26666666667
86,4154,3874.66666666667
87,4154,3948.16666666667
88,4154,3967.36666666667
89,4154,3968.43333333333
90,4154,3941.73333333333
91,4154,3932.4
92,4154,3930.36666666667
93,4154,3948.13333333333
94,4154,3960.16666666667
95,4154,3961.1
96,4154,3967.4
97,4154,3994.2
98,4154,3990.6
99,4154,3976.93333333333
Population size,30
Crossover rate,0.5
Mutation rate,0.1
Random selection portion,0
Selection method,AForge.Genetic.RouletteWheelSelection
Iteration,FitnessMax,FitnessAvg
0,3803,2906.13333333333
1,3760,2960.46666666667
2,3760,3106.66666666667
3,3578,3092.46666666667
4,3785,3106.33333333333
5,3760,3147.66666666667
6,3578,3141.33333333333
7,3578,3127.86666666667
8,3578,3272.7
9,3709,3291.8
10,3709,3320.03333333333
11,3835,3314.76666666667
12,3835,3271.16666666667
13,3835,3209.4
14,3770,3176.76666666667
15,3452,3098.76666666667
16,3455,3226.06666666667
17,3620,3234.5
18,3620,3259.96666666667
19,3620,3269.86666666667
20,3576,3335
21,3583,3345.06666666667
22,3709,3329.76666666667
23,3828,3369.2
24,3875,3420.86666666667
25,3875,3423.86666666667
26,3724,3401.83333333333
27,3842,3482.9
28,3842,3489.93333333333
29,3842,3497
30,3842,3554.23333333333
31,3842,3551.13333333333
32,3842,3584.53333333333
33,3842,3578.1
34,4045,3597.23333333333
35,4045,3603.93333333333
36,4045,3587.73333333333
37,4144,3552.76666666667
38,4144,3523.8
39,4144,3501.83333333333
40,4144,3580.73333333333
41,3892,3565.43333333333
42,3892,3504.46666666667
43,3884,3448.46666666667
44,3884,3442.56666666667
45,3884,3434.23333333333
46,3966,3450.43333333333
47,3966,3516.63333333333
48,3966,3547.13333333333
49,3966,3495
50,3966,3461.13333333333
51,3966,3522.9
52,3966,3520.03333333333
53,3966,3599.36666666667
54,3998,3577.8
55,3998,3518.73333333333
56,3998,3577.9
57,3998,3547.2
58,3966,3617.4
59,3965,3605.43333333333
60,3900,3610.43333333333
61,3860,3671.96666666667
62,3853,3672.8
63,3853,3663.5
64,3853,3703.63333333333
65,3853,3723.33333333333
66,3872,3680.83333333333
67,3876,3680.13333333333
68,3980,3683.16666666667
69,3980,3678.1
70,3980,3662.76666666667
71,3980,3668.1
72,3980,3631.03333333333
73,3980,3635.86666666667
74,3980,3634.23333333333
75,3980,3677.1
76,3990,3663.6
77,3990,3644.3
78,3990,3716.3
79,3990,3705.7
80,3990,3748.4
81,3990,3775.93333333333
82,3990,3841.53333333333
83,3990,3839.03333333333
84,3990,3834.8
85,3990,3853
86,3996,3871.56666666667
87,3996,3857.46666666667
88,3990,3861.8
89,3990,3885.2
90,3990,3890.73333333333
91,4018,3895.66666666667
92,3980,3857.6
93,3980,3849.13333333333
94,3980,3853.13333333333
95,3980,3846.23333333333
96,3990,3822
97,3990,3817.93333333333
98,3990,3790.5
99,4091,3849.63333333333
Population size,30
Crossover rate,0.6
Mutation rate,0.1
Random selection portion,0
Selection method,AForge.Genetic.RouletteWheelSelection
Iteration,FitnessMax,FitnessAvg
0,3730,2994.03333333333
1,3730,3035.8
2,3730,3208.96666666667
3,3730,3232.2
4,3730,3178.23333333333
5,3730,3065.9
6,3727,3223.5
7,3838,3305.13333333333
8,3866,3324.16666666667
9,3866,3522.93333333333
10,3875,3510.56666666667
11,3905,3652.3
12,3933,3632.26666666667
13,3933,3651.03333333333
14,3933,3657.93333333333
15,4044,3674.96666666667
16,3933,3732.76666666667
17,3933,3718.13333333333
18,4106,3714.33333333333
19,4106,3750.5
20,4106,3713.43333333333
21,4020,3737.66666666667
22,4020,3706.8
23,4015,3705.1
24,4015,3617.93333333333
25,4015,3705.73333333333
26,4134,3700.86666666667
27,4134,3742.76666666667
28,4044,3709.63333333333
29,4044,3667.16666666667
30,4044,3724.53333333333
31,4044,3741.16666666667
32,4198,3821.33333333333
33,4198,3805.16666666667
34,4198,3788.23333333333
35,4198,3796.43333333333
36,4198,3905.86666666667
37,4198,3940.93333333333
38,4198,3971.86666666667
39,4198,3984.96666666667
40,4198,3939.13333333333
41,4198,3993.23333333333
42,4337,3942.93333333333
43,4198,3901.16666666667
44,4198,3965.2
45,4198,3938.13333333333
46,4198,3966.9
47,4183,3931.73333333333
48,4230,3951.53333333333
49,4198,3959.26666666667
50,4183,3983.66666666667
51,4126,3964.43333333333
52,4275,3963.2
53,3995,3938.86666666667
54,4102,3935.83333333333
55,3995,3889.46666666667
56,4169,3910.56666666667
57,4169,3873.7
58,4169,3897.96666666667
59,3963,3904.7
60,3963,3908.6
61,3963,3925.5
62,3963,3931.63333333333
63,3963,3936.86666666667
64,3963,3940.46666666667
65,4180,3948
66,4180,3947.36666666667
67,4218,3946.2
68,3970,3916.83333333333
69,3970,3930.23333333333
70,4141,3942.86666666667
71,4119,3926.33333333333
72,4036,3920.73333333333
73,4036,3930.13333333333
74,4036,3933.9
75,4036,3924.4
76,4036,3931.63333333333
77,4036,3936.96666666667
78,4137,3953.9
79,4169,3979.73333333333
80,4137,3962.36666666667
81,4137,3941.76666666667
82,4137,3930.2
83,4137,3948.93333333333
84,4137,3921.66666666667
85,4137,3912.83333333333
86,4137,3914.36666666667
87,4137,3954.33333333333
88,4137,3940.2
89,4137,3940.6
90,4137,3946.4
91,4137,3977.46666666667
92,4137,3979.83333333333
93,4112,3942.4
94,4112,3944.3
95,4112,3968.23333333333
96,4112,3976.53333333333
97,4251,3955.3
98,4251,3941.63333333333
99,4251,3947.93333333333
Population size,30
Crossover rate,0.7
Mutation rate,0.1
Random selection portion,0
Selection method,AForge.Genetic.RouletteWheelSelection
Iteration,FitnessMax,FitnessAvg
0,3807,3069.9
1,3852,3168.03333333333
2,4134,3324.3
3,4134,3410.3
4,4134,3632.8
5,4134,3513.53333333333
6,4134,3441.2
7,4134,3518.33333333333
8,4134,3474.63333333333
9,4134,3506.73333333333
10,4134,3567.66666666667
11,4134,3449.16666666667
12,4145,3463.2
13,4067,3501.66666666667
14,4024,3562.23333333333
15,4024,3530.46666666667
16,4024,3479.66666666667
17,4024,3505.6
18,4024,3525.93333333333
19,4024,3499.63333333333
20,4024,3476.33333333333
21,4009,3456.2
22,4009,3519.63333333333
23,4009,3537.73333333333
24,4041,3544.5
25,4009,3517.96666666667
26,4009,3612.13333333333
27,4009,3634.26666666667
28,4009,3618.56666666667
29,3839,3527.4
30,3887,3532.43333333333
31,3893,3504.03333333333
32,3821,3549.9
33,3821,3503.3
34,3821,3510.76666666667
35,3722,3501.56666666667
36,3648,3498.36666666667
37,3699,3524.4
38,3699,3534.83333333333
39,3802,3505.06666666667
40,3802,3496.56666666667
41,3735,3482.73333333333
42,3776,3493.6
43,3802,3557.5
44,3776,3509.93333333333
45,3776,3459.33333333333
46,3776,3469.03333333333
47,3776,3490.13333333333
48,3776,3527.23333333333
49,3922,3580.66666666667
50,3922,3583.7
51,3922,3587.83333333333
52,3922,3591.03333333333
53,3922,3594.03333333333
54,3922,3556.36666666667
55,3815,3549.63333333333
56,3691,3491
57,3691,3486.26666666667
58,3645,3470.1
59,3645,3447.66666666667
60,3645,3451
61,3645,3439.53333333333
62,3645,3407.23333333333
63,3645,3417.2
64,3665,3390.46666666667
65,3561,3401.2
66,3576,3390.1
67,3576,3353
68,3576,3347.03333333333
69,3723,3352.23333333333
70,3723,3386.86666666667
71,3723,3433.7
72,3723,3405.3
73,3723,3394.73333333333
74,3723,3421.43333333333
75,3877,3448.03333333333
76,3877,3435.76666666667
77,3877,3473.33333333333
78,3877,3469.9
79,3877,3424.16666666667
80,3877,3533.2
81,3877,3554.7
82,4032,3581.56666666667
83,4032,3663.03333333333
84,4136,3666.06666666667
85,4136,3614.56666666667
86,4136,3588.3
87,4064,3611.7
88,4064,3679.76666666667
89,4064,3825.06666666667
90,4143,3860.7
91,4143,3838.73333333333
92,4143,3883.83333333333
93,4143,3946
94,4143,3970.93333333333
95,4143,3932.16666666667
96,4143,3945.16666666667
97,4143,3974.1
98,4148,3979.86666666667
99,4148,3974.3
Population size,30
Crossover rate,0.8
Mutation rate,0.1
Random selection portion,0
Selection method,AForge.Genetic.RouletteWheelSelection
Iteration,FitnessMax,FitnessAvg
0,3991,3028
1,3991,3073.03333333333
2,3991,3223.1
3,3991,3217.73333333333
4,3991,3270.56666666667
5,3991,3323.26666666667
6,3991,3355.4
7,3991,3352.26666666667
8,3991,3471.46666666667
9,4064,3538.76666666667
10,4064,3562.3
11,4064,3667.9
12,4064,3652.43333333333
13,4064,3602.2
14,4064,3538.53333333333
15,4064,3542.9
16,4064,3574.8
17,4165,3602.56666666667
18,4057,3684.4
19,4165,3713.93333333333
20,4064,3587.46666666667
21,4165,3637.16666666667
22,4064,3763.7
23,4224,3704.13333333333
24,4064,3770.6
25,4165,3777.33333333333
26,4165,3818.03333333333
27,4165,3865.16666666667
28,4165,3939.83333333333
29,4165,3865.36666666667
30,4165,3877.06666666667
31,4165,3867.43333333333
32,4165,3949.9
33,4165,4000.46666666667
34,4165,4001.6
35,4165,3996.83333333333
36,4165,3989.16666666667
37,4165,4014.83333333333
38,4165,4013.96666666667
39,4165,4028.23333333333
40,4165,4084.86666666667
41,4165,4076.06666666667
42,4196,4075.5
43,4165,4051.96666666667
44,4165,4011.5
45,4165,4009.8
46,4165,4024.06666666667
47,4230,4049.83333333333
48,4230,4043.1
49,4230,4041.43333333333
50,4230,4049.5
51,4165,4030.06666666667
52,4165,4029.33333333333
53,4165,3995.73333333333
54,4165,3991.1
55,4182,3948.46666666667
56,4165,3964.8
57,4165,4001.23333333333
58,4199,3982.96666666667
59,4199,4021.13333333333
60,4199,4028.53333333333
61,4199,4011.76666666667
62,4199,4013.93333333333
63,4165,4037.06666666667
64,4199,4065.8
65,4199,4064.9
66,4199,4058.53333333333
67,4199,4079.03333333333
68,4199,4076.73333333333
69,4199,4101.66666666667
70,4199,4116.33333333333
71,4165,4131.33333333333
72,4165,4139.23333333333
73,4165,4101.73333333333
74,4165,4122.36666666667
75,4165,4122.03333333333
76,4165,4113.13333333333
77,4165,4112.8
78,4165,4094.5
79,4165,4040.8
80,4165,4023.76666666667
81,4165,4012.7
82,4165,4009.93333333333
83,4165,3989.3
84,4165,3994.6
85,4165,3994.4
86,4165,3969.33333333333
87,4165,3987.56666666667
88,4165,3977.33333333333
89,4230,3959.6
90,4230,3972.56666666667
91,4230,3936.13333333333
92,4165,3897.36666666667
93,4119,3876.63333333333
94,4119,3891.76666666667
95,4119,3906.96666666667
96,4081,3889.1
97,4081,3860.53333333333
98,4081,3872.7
99,4239,3871.53333333333
Population size,30
Crossover rate,0.9
Mutation rate,0.1
Random selection portion,0
Selection method,AForge.Genetic.RouletteWheelSelection
Iteration,FitnessMax,FitnessAvg
0,3645,3042.13333333333
1,3705,3069.4
2,3705,3011.8
3,3705,3101.16666666667
4,3834,3188.33333333333
5,3834,3235.66666666667
6,3675,3245.46666666667
7,3961,3385.23333333333
8,4028,3356.33333333333
9,4028,3346.63333333333
10,4028,3346.83333333333
11,4028,3360.03333333333
12,4028,3298.2
13,4028,3292.03333333333
14,4028,3350.03333333333
15,4106,3348.43333333333
16,4106,3494.43333333333
17,4106,3593.56666666667
18,4106,3586
19,4044,3648.26666666667
20,4000,3676.43333333333
21,3947,3642.2
22,3930,3596
23,3857,3592.73333333333
24,3756,3610.4
25,3841,3605.03333333333
26,3841,3613.4
27,3841,3565.4
28,3841,3576.93333333333
29,3841,3588.23333333333
30,4044,3579.16666666667
31,4044,3620.6
32,4044,3609.46666666667
33,4044,3679.8
34,4044,3667.6
35,4044,3683.7
36,4044,3651.03333333333
37,4044,3683.3
38,4044,3743.23333333333
39,4044,3704.9
40,4044,3730.3
41,4044,3750.36666666667
42,4044,3730.8
43,4044,3738.63333333333
44,4044,3663.1
45,3841,3629.06666666667
46,3841,3670
47,3841,3696.06666666667
48,4044,3680.7
49,4044,3683.23333333333
50,4044,3671.76666666667
51,3841,3561.2
52,3841,3633.1
53,3841,3643.2
54,3997,3639.4
55,3997,3637.26666666667
56,3841,3651.16666666667
57,3841,3715.23333333333
58,3841,3711.93333333333
59,3841,3709.56666666667
60,3841,3720.76666666667
61,3923,3739.93333333333
62,3863,3764.26666666667
63,3841,3769.73333333333
64,3841,3781.33333333333
65,3841,3761.2
66,4044,3762.06666666667
67,4044,3778.83333333333
68,4044,3764.1
69,4044,3725.36666666667
70,3841,3678.06666666667
71,3841,3669.53333333333
72,3904,3690.9
73,3841,3703.3
74,3841,3708.73333333333
75,3905,3729.96666666667
76,3905,3753.06666666667
77,3905,3723.9
78,3942,3777.56666666667
79,3942,3758.5
80,3942,3767.13333333333
81,3942,3769.26666666667
82,3942,3741.36666666667
83,3942,3700.9
84,3942,3673.2
85,3942,3722.43333333333
86,3942,3692.6
87,3942,3729.7
88,3942,3731
89,3942,3795.46666666667
90,3942,3794.36666666667
91,3942,3787.3
92,4024,3811.06666666667
93,4024,3816.5
94,4024,3825.3
95,4024,3825.23333333333
96,4024,3871.16666666667
97,4024,3889.56666666667
98,4024,3918.03333333333
99,4024,3909.4
