Population size,30
Crossover rate,0.1
Mutation rate,0.1
Random selection portion,0
Selection method,AForge.Genetic.RouletteWheelSelection
Iteration,FitnessMax,FitnessAvg
0,2308,1837.16666666667
1,2308,1877.3
2,2308,1984.96666666667
3,2269,1962.4
4,2269,1986.23333333333
5,2269,1995.13333333333
6,2481,2045.63333333333
7,2481,2058.83333333333
8,2481,2052.53333333333
9,2481,2054.1
10,2481,2102.9
11,2481,2133
12,2481,2196.3
13,2481,2215.96666666667
14,2481,2152.4
15,2481,2160.7
16,2481,2173.13333333333
17,2481,2248.23333333333
18,2481,2303.1
19,2481,2326.06666666667
20,2481,2322.36666666667
21,2612,2303.4
22,2686,2336.03333333333
23,2686,2373.93333333333
24,2686,2361.13333333333
25,2686,2406.83333333333
26,2686,2432.53333333333
27,2722,2445.1
28,2722,2411.53333333333
29,2722,2393.8
30,2722,2418.86666666667
31,2517,2353.36666666667
32,2517,2304.16666666667
33,2517,2280.13333333333
34,2517,2271.43333333333
35,2517,2250.33333333333
36,2517,2204
37,2517,2220.16666666667
38,2517,2200.96666666667
39,2481,2202.7
40,2481,2261.2
41,2481,2239.8
42,2481,2235.93333333333
43,2481,2245.83333333333
44,2481,2262.63333333333
45,2481,2240.86666666667
46,2481,2276.96666666667
47,2481,2248.43333333333
48,2481,2269.73333333333
49,2378,2247.83333333333
50,2378,2229.83333333333
51,2378,2220.7
52,2378,2207.26666666667
53,2337,2225.9
54,2337,2244.4
55,2338,2248.36666666667
56,2338,2244.1
57,2379,2279.66666666667
58,2468,2277.03333333333
59,2539,2287.5
60,2539,2312.73333333333
61,2670,2328.63333333333
62,2539,2367.8
63,2617,2407.13333333333
64,2539,2391.7
65,2670,2386.13333333333
66,2670,2386.1
67,2670,2418.63333333333
68,2670,2428.8
69,2747,2456.3
70,2747,2440.13333333333
71,2539,2405.63333333333
72,2539,2424
73,2539,2446.8
74,2722,2452.6
75,2722,2437.7
76,2539,2400.56666666667
77,2539,2402.93333333333
78,2539,2368.43333333333
79,2613,2384.3
80,2539,2385.8
81,2623,2390.43333333333
82,2623,2399.53333333333
83,2623,2400.93333333333
84,2623,2461.43333333333
85,2623,2474.53333333333
86,2623,2454.86666666667
87,2660,2455.63333333333
88,2660,2511.6
89,2660,2510.63333333333
90,2734,2550.53333333333
91,2660,2564.5
92,2660,2585.43333333333
93,2660,2589.2
94,2660,2580.83333333333
95,2660,2587.2
96,2660,2575.5
97,2660,2565.83333333333
98,2660,2540.1
99,2660,2510.83333333333
Population size,30
Crossover rate,0.2
Mutation rate,0.1
Random selection portion,0
Selection method,AForge.Genetic.RouletteWheelSelection
Iteration,FitnessMax,FitnessAvg
0,2437,1807.33333333333
1,2437,1812.26666666667
2,2437,1928.53333333333
3,2437,2064.76666666667
4,2437,2228.36666666667
5,2711,2237.6
6,2711,2303.1
7,2711,2292.3
8,2559,2302.93333333333
9,2682,2324.13333333333
10,2682,2351.16666666667
11,2792,2365.9
12,2792,2340.2
13,2560,2365.06666666667
14,2560,2376.7
15,2560,2382.56666666667
16,2500,2346.7
17,2500,2329.86666666667
18,2676,2361.43333333333
19,2676,2349.56666666667
20,2711,2367.7
21,2711,2385.96666666667
22,2711,2370.56666666667
23,2711,2460.13333333333
24,2711,2477.73333333333
25,2746,2449.7
26,2746,2401.16666666667
27,2746,2354.4
28,2815,2438.36666666667
29,2938,2496.26666666667
30,2938,2560.43333333333
31,2938,2511.4
32,2821,2569.3
33,2821,2590.7
34,2815,2574.2
35,2815,2605.53333333333
36,2815,2630.76666666667
37,2815,2640.06666666667
38,2815,2665.83333333333
39,2815,2680.73333333333
40,2815,2673.96666666667
41,2815,2673.06666666667
42,2913,2702.63333333333
43,2913,2713.33333333333
44,3115,2718.2
45,3115,2808.36666666667
46,3115,2763.03333333333
47,3115,2794.3
48,3115,2819.56666666667
49,3115,2840.53333333333
50,3115,2861.36666666667
51,3115,2950.63333333333
52,3115,2929.53333333333
53,3115,2901.6
54,3200,2915.8
55,3200,2919.2
56,3115,2881.36666666667
57,3115,2915.23333333333
58,3115,2923.7
59,3115,2957.83333333333
60,3115,2958.3
61,3115,3004.73333333333
62,3115,3028.43333333333
63,3115,3030.8
64,3115,3045.86666666667
65,3115,3062.73333333333
66,3115,3045.86666666667
67,3115,3013.13333333333
68,3115,3034.83333333333
69,3115,3014.6
70,3115,2996.23333333333
71,3115,2963.43333333333
72,3115,2943.4
73,3115,2918.03333333333
74,3003,2905.96666666667
75,2999,2908.46666666667
76,3115,2915.53333333333
77,3115,2933.23333333333
78,3115,2911.1
79,2999,2915.86666666667
80,3062,2931.73333333333
81,3062,2921.2
82,3062,2965.6
83,3062,2972.46666666667
84,3062,2962.93333333333
85,3062,2989.4
86,3062,2997.56666666667
87,3062,3005.26666666667
88,3062,2987.16666666667
89,3062,2988.73333333333
90,3062,2980.3
91,3184,2974.3
92,3184,2984.36666666667
93,3123,2968.33333333333
94,3062,2957.66666666667
95,3062,2941.33333333333
96,3062,2960.7
97,3062,2974.96666666667
98,3062,2947.8
99,3062,2903.83333333333
Population size,30
Crossover rate,0.3
Mutation rate,0.1
Random selection portion,0
Selection method,AForge.Genetic.RouletteWheelSelection
Iteration,FitnessMax,FitnessAvg
0,2462,1871.06666666667
1,2412,1918.93333333333
2,2412,1947.3
3,2473,2012.3
4,2412,1994.76666666667
5,2377,2025.1
6,2359,2004.3
7,2359,1977.5
8,2359,1949.83333333333
9,2359,1955.36666666667
10,2359,2041.76666666667
11,2359,2059.13333333333
12,2359,2057.76666666667
13,2359,2066.1
14,2359,2046.03333333333
15,2311,2045.06666666667
16,2273,2001.53333333333
17,2236,1968.73333333333
18,2236,2014.33333333333
19,2246,1991.46666666667
20,2246,1992.73333333333
21,2246,1983.1
22,2246,1937.93333333333
23,2306,1960.6
24,2306,2006.13333333333
25,2454,2099.56666666667
26,2454,2121.13333333333
27,2454,2191.1
28,2454,2195.16666666667
29,2320,2188.33333333333
30,2481,2177.9
31,2481,2198.03333333333
32,2481,2218.83333333333
33,2481,2225.7
34,2481,2292.6
35,2569,2333.8
36,2569,2336.46666666667
37,2569,2322.43333333333
38,2689,2365.8
39,2689,2353.66666666667
40,2689,2355.96666666667
41,2777,2417.5
42,2777,2426.46666666667
43,2719,2351.86666666667
44,2689,2385.63333333333
45,2689,2344.23333333333
46,2667,2326.13333333333
47,2742,2372.6
48,2742,2355.2
49,2667,2292.3
50,2667,2323.76666666667
51,2667,2301.06666666667
52,2667,2306.36666666667
53,2667,2308.16666666667
54,2667,2343.96666666667
55,2675,2380.06666666667
56,2667,2397.96666666667
57,2667,2384.6
58,2570,2356.7
59,2693,2434.2
60,2693,2439.6
61,2693,2409.7
62,2693,2488.56666666667
63,2693,2548.43333333333
64,2693,2550.03333333333
65,2693,2563.56666666667
66,2693,2537.4
67,2693,2511.23333333333
68,2693,2533.56666666667
69,2693,2579.46666666667
70,2895,2528.73333333333
71,2895,2529.46666666667
72,2895,2529.5
73,2895,2630.4
74,2895,2675.33333333333
75,2895,2715.03333333333
76,2895,2741.16666666667
77,2895,2762.3
78,2895,2763.56666666667
79,2895,2772.26666666667
80,2901,2820.6
81,2901,2821.93333333333
82,2901,2825.03333333333
83,2895,2797.13333333333
84,2895,2789.53333333333
85,2927,2807.13333333333
86,2927,2797.26666666667
87,3058,2825.96666666667
88,3058,2790.16666666667
89,3058,2780.83333333333
90,3058,2773.7
91,3058,2802.26666666667
92,3058,2800.5
93,3058,2779.1
94,3058,2751
95,3058,2752.93333333333
96,3058,2758.36666666667
97,3058,2813.93333333333
98,3058,2804.26666666667
99,2938,2781.8
Population size,30
Crossover rate,0.4
Mutation rate,0.1
Random selection portion,0
Selection method,AForge.Genetic.RouletteWheelSelection
Iteration,FitnessMax,FitnessAvg
0,2440,1945
1,2440,1967.96666666667
2,2440,2026.6
3,2542,2132.06666666667
4,2429,2148.76666666667
5,2592,2239.66666666667
6,2592,2320.4
7,2592,2354.63333333333
8,2592,2369
9,2495,2363.03333333333
10,2495,2351.03333333333
11,2678,2414.36666666667
12,2703,2469.13333333333
13,2703,2459.4
14,2703,2447.06666666667
15,2703,2442.03333333333
16,2703,2427.2
17,2703,2373.03333333333
18,2703,2404.96666666667
19,2703,2412.26666666667
20,2703,2390.66666666667
21,2717,2474.96666666667
22,2717,2457.03333333333
23,2717,2403
24,2717,2458.53333333333
25,2606,2475.63333333333
26,2703,2508.66666666667
27,2718,2551.8
28,2703,2530.5
29,2703,2517.26666666667
30,2703,2504.9
31,2703,2513.4
32,2703,2499.16666666667
33,2703,2501.2
34,2703,2511.2
35,2703,2516.73333333333
36,2703,2531.46666666667
37,2703,2532.2
38,2703,2530.86666666667
39,2703,2535.93333333333
40,2668,2529.13333333333
41,2665,2523.5
42,2654,2514.6
43,2767,2474.86666666667
44,2654,2432.36666666667
45,2654,2476.86666666667
46,2654,2556.2
47,2654,2574.86666666667
48,2740,2588.1
49,2863,2609.96666666667
50,2863,2649.5
51,2863,2633.33333333333
52,2863,2648.86666666667
53,2863,2661.13333333333
54,2863,2696.56666666667
55,2863,2700.3
56,2863,2708.86666666667
57,2863,2707.56666666667
58,2863,2700.6
59,2863,2700
60,2863,2674
61,2863,2620.56666666667
62,2863,2574.83333333333
63,2863,2582.93333333333
64,2863,2620.96666666667
65,2863,2623.8
66,2863,2591.3
67,2863,2603.76666666667
68,2863,2561.06666666667
69,2863,2550.36666666667
70,2863,2578.8
71,2690,2552.4
72,2704,2549.23333333333
73,2704,2577.3
74,2704,2562.26666666667
75,2654,2557.63333333333
76,2675,2549.16666666667
77,2651,2528.43333333333
78,2651,2531.8
79,2651,2513.66666666667
80,2651,2535.5
81,2651,2536.1
82,2651,2522.7
83,2661,2538.36666666667
84,2651,2532.9
85,2675,2479.1
86,2651,2500.03333333333
87,2654,2508.73333333333
88,2651,2501.36666666667
89,2675,2520.83333333333
90,2675,2516.03333333333
91,2675,2500.76666666667
92,2675,2483.1
93,2675,2507.5
94,2687,2484.16666666667
95,2687,2486.1
96,2687,2476.16666666667
97,2687,2464.13333333333
98,2687,2475.2
99,2651,2427.96666666667
Population size,30
Crossover rate,0.5
Mutation rate,0.1
Random selection portion,0
Selection method,AForge.Genetic.RouletteWheelSelection
Iteration,FitnessMax,FitnessAvg
0,2403,1996.23333333333
1,2412,2081.26666666667
2,2403,2124.2
3,2375,2137.2
4,2525,2159.03333333333
5,2525,2089.53333333333
6,2350,2041.83333333333
7,2236,2049.6
8,2236,1972.96666666667
9,2247,1981.5
10,2424,2044.56666666667
11,2409,2073.43333333333
12,2472,2132.1
13,2339,2100.03333333333
14,2375,2043.26666666667
15,2375,2103.26666666667
16,2375,2154.3
17,2375,2163.06666666667
18,2375,2208.36666666667
19,2347,2198.16666666667
20,2339,2192.4
21,2339,2201.83333333333
22,2339,2225.56666666667
23,2370,2221.33333333333
24,2370,2192.43333333333
25,2392,2241.26666666667
26,2392,2278.23333333333
27,2392,2272.06666666667
28,2392,2269.76666666667
29,2392,2273.9
30,2398,2272.63333333333
31,2516,2258.4
32,2516,2259.66666666667
33,2516,2290.43333333333
34,2423,2250.96666666667
35,2423,2211.4
36,2507,2256.26666666667
37,2507,2247.7
38,2507,2247.5
39,2507,2219.43333333333
40,2507,2259.43333333333
41,2507,2214.03333333333
42,2507,2202.66666666667
43,2507,2273.8
44,2456,2249.9
45,2373,2232.23333333333
46,2373,2224.03333333333
47,2423,2230.06666666667
48,2478,2248.23333333333
49,2473,2216.5
50,2504,2230.83333333333
51,2504,2232.8
52,2409,2211.5
53,2446,2220.66666666667
54,2446,2239.23333333333
55,2409,2251.5
56,2409,2215.56666666667
57,2309,2203.46666666667
58,2278,2200.3
59,2328,2224.66666666667
60,2278,2242.03333333333
61,2314,2259
62,2413,2255.33333333333
63,2314,2265.3
64,2409,2256.53333333333
65,2552,2272.63333333333
66,2314,2283.6
67,2314,2281.5
68,2363,2280.93333333333
69,2363,2274.86666666667
70,2446,2259.8
71,2552,2301.13333333333
72,2552,2298.6
73,2446,2311.86666666667
74,2514,2315.3
75,2514,2294.5
76,2662,2355.83333333333
77,2662,2394
78,2715,2458.36666666667
79,2715,2536.56666666667
80,2715,2515.8
81,2715,2470.96666666667
82,2746,2498
83,2830,2544.26666666667
84,2746,2527.3
85,2746,2512.83333333333
86,2746,2511.26666666667
87,2746,2553.16666666667
88,2746,2604.53333333333
89,2746,2568.23333333333
90,2746,2607.73333333333
91,2746,2651.73333333333
92,2831,2649.73333333333
93,2831,2697.1
94,2831,2672.13333333333
95,2846,2703.83333333333
96,2846,2673.93333333333
97,2883,2695.6
98,2883,2682.73333333333
99,2900,2680.76666666667
Population size,30
Crossover rate,0.6
Mutation rate,0.1
Random selection portion,0
Selection method,AForge.Genetic.RouletteWheelSelection
Iteration,FitnessMax,FitnessAvg
0,2814,1994.4
1,2403,1960.2
2,2403,1955.83333333333
3,2403,2012.53333333333
4,2388,2059.63333333333
5,2496,2144.53333333333
6,2496,2156.6
7,2496,2209.8
8,2636,2233.06666666667
9,2606,2320.46666666667
10,2606,2338.36666666667
11,2606,2398.13333333333
12,2654,2377.43333333333
13,2730,2393.5
14,2730,2436.16666666667
15,2730,2523.23333333333
16,2606,2504.3
17,2681,2499.63333333333
18,2606,2427.13333333333
19,2606,2440.3
20,2606,2444.63333333333
21,2606,2488.7
22,2614,2532.66666666667
23,2614,2519.4
24,2606,2537.83333333333
25,2681,2543.33333333333
26,2606,2523.26666666667
27,2606,2508.5
28,2754,2512.76666666667
29,2754,2530.66666666667
30,2754,2529.23333333333
31,2754,2512.7
32,2718,2549.33333333333
33,2842,2533.46666666667
34,2842,2550.5
35,2842,2566.76666666667
36,2842,2570.03333333333
37,2879,2533.4
38,2879,2560.46666666667
39,2842,2537.86666666667
40,2769,2545.5
41,2769,2590.8
42,2842,2619.16666666667
43,2842,2641.26666666667
44,2842,2681.46666666667
45,2900,2654.66666666667
46,2900,2663.6
47,2990,2672.6
48,2990,2707.3
49,2917,2708.13333333333
50,2917,2688.76666666667
51,2917,2691.1
52,2917,2724.66666666667
53,2917,2712.93333333333
54,2966,2713.13333333333
55,2966,2679.6
56,2917,2675.1
57,2917,2681.23333333333
58,2917,2634.56666666667
59,2917,2629.2
60,2931,2650.86666666667
61,2917,2616.4
62,2843,2635
63,2917,2657.4
64,2917,2667.56666666667
65,3027,2719.03333333333
66,2931,2690.43333333333
67,3027,2669.96666666667
68,3065,2727.23333333333
69,3065,2773.13333333333
70,3065,2745.36666666667
71,3065,2738
72,3065,2774.76666666667
73,3175,2800.9
74,3175,2808.03333333333
75,3164,2753.26666666667
76,3175,2773.9
77,3175,2811.73333333333
78,3065,2754.23333333333
79,3002,2757.2
80,3002,2734.93333333333
81,3212,2747.33333333333
82,3212,2748.96666666667
83,3212,2731.8
84,2767,2724.5
85,2767,2735.8
86,2767,2734.83333333333
87,2767,2734.16666666667
88,2767,2736.33333333333
89,2767,2739.16666666667
90,2789,2740.36666666667
91,2828,2742.16666666667
92,2767,2738.43333333333
93,2966,2744.3
94,2767,2732.06666666667
95,2781,2744.43333333333
96,2781,2751.66666666667
97,2781,2746.8
98,2773,2737.96666666667
99,2767,2735.13333333333
Population size,30
Crossover rate,0.7
Mutation rate,0.1
Random selection portion,0
Selection method,AForge.Genetic.RouletteWheelSelection
Iteration,FitnessMax,FitnessAvg
0,2431,1945.46666666667
1,2379,1992.36666666667
2,2296,1961.7
3,2581,1962.83333333333
4,2581,1944.2
5,2592,2000.5
6,2581,2013.9
7,2581,2020.36666666667
8,2581,2026.73333333333
9,2666,2087.73333333333
10,2681,2137.4
11,2581,2159.7
12,2581,2142.1
13,2720,2155.06666666667
14,2720,2145.93333333333
15,2580,2129.03333333333
16,2280,2113.66666666667
17,2280,2093.6
18,2380,2131.7
19,2380,2147.93333333333
20,2380,2154.73333333333
21,2280,2182.56666666667
22,2280,2210.96666666667
23,2321,2179.03333333333
24,2321,2179.46666666667
25,2280,2189.26666666667
26,2280,2180.83333333333
27,2280,2197.43333333333
28,2280,2215.4
29,2280,2196.43333333333
30,2280,2147.53333333333
31,2280,2165.83333333333
32,2280,2170.16666666667
33,2280,2169.53333333333
34,2280,2180.2
35,2280,2152.33333333333
36,2280,2172.13333333333
37,2280,2201.3
38,2280,2189.86666666667
39,2280,2202.1
40,2280,2207.36666666667
41,2280,2185.83333333333
42,2280,2170.53333333333
43,2280,2148.23333333333
44,2280,2129.73333333333
45,2280,2160.53333333333
46,2280,2160.86666666667
47,2280,2190.4
48,2280,2189.9
49,2280,2204.76666666667
50,2280,2217.2
51,2280,2208.7
52,2280,2222.16666666667
53,2315,2240.93333333333
54,2315,2235.8
55,2315,2254.4
56,2315,2224.73333333333
57,2315,2202.03333333333
58,2315,2209.83333333333
59,2315,2200.26666666667
60,2315,2199.56666666667
61,2315,2192.8
62,2315,2188.03333333333
63,2315,2193.96666666667
64,2315,2196.33333333333
65,2315,2208.4
66,2315,2210.3
67,2315,2227.36666666667
68,2315,2218.5
69,2343,2232.86666666667
70,2315,2214.36666666667
71,2315,2231.03333333333
72,2315,2219.5
73,2315,2251.96666666667
74,2315,2260.8
75,2400,2254.73333333333
76,2400,2280.53333333333
77,2400,2271.66666666667
78,2400,2270.7
79,2400,2267.03333333333
80,2400,2260.6
81,2400,2248.56666666667
82,2400,2242.2
83,2400,2259.53333333333
84,2400,2282.73333333333
85,2400,2284.06666666667
86,2400,2282.83333333333
87,2400,2286.03333333333
88,2315,2255.03333333333
89,2470,2257.4
90,2470,2269.2
91,2315,2243.96666666667
92,2315,2203.66666666667
93,2315,2140.16666666667
94,2315,2111.46666666667
95,2315,2101.26666666667
96,2315,2101.13333333333
97,2419,2137.3
98,2309,2072.83333333333
99,2309,2066.33333333333
Population size,30
Crossover rate,0.8
Mutation rate,0.1
Random selection portion,0
Selection method,AForge.Genetic.RouletteWheelSelection
Iteration,FitnessMax,FitnessAvg
0,2614,1832.56666666667
1,2614,1698.3
2,2614,1775.03333333333
3,2614,1833.2
4,2614,1837.56666666667
5,2625,1931.96666666667
6,2756,2075.3
7,2629,2057.6
8,2625,2225.66666666667
9,2699,2306.56666666667
10,2699,2301.1
11,2699,2261.1
12,2699,2168.36666666667
13,2699,2282.3
14,2699,2299.73333333333
15,2659,2274.23333333333
16,2659,2305.53333333333
17,2659,2289.56666666667
18,2662,2299.6
19,2662,2343.1
20,2662,2483.23333333333
21,2793,2522.96666666667
22,2801,2603.56666666667
23,2801,2664.7
24,2812,2661.63333333333
25,2924,2649.4
26,2924,2640.9
27,2924,2664.36666666667
28,2924,2664
29,2924,2688.16666666667
30,2924,2674.4
31,2801,2671.23333333333
32,2793,2670.56666666667
33,2820,2672.03333333333
34,2793,2668.56666666667
35,2793,2664.13333333333
36,2793,2643.06666666667
37,2898,2681.13333333333
38,2898,2686.33333333333
39,2898,2708.5
40,2820,2730.9
41,2820,2727.06666666667
42,2898,2733.76666666667
43,2878,2724.8
44,2850,2717.2
45,2852,2701.86666666667
46,2852,2714
47,2852,2715.13333333333
48,2852,2742
49,2793,2718.13333333333
50,2889,2746.4
51,2941,2768.03333333333
52,2941,2744.66666666667
53,2878,2723.23333333333
54,2878,2718.16666666667
55,2878,2728.26666666667
56,2916,2728.6
57,2916,2741.73333333333
58,2991,2741.3
59,2991,2773.46666666667
60,2991,2770.7
61,2991,2775.7
62,2878,2763.2
63,2878,2758.26666666667
64,2980,2776.7
65,2936,2778.06666666667
66,2835,2784.16666666667
67,2835,2776.63333333333
68,2835,2768.36666666667
69,2835,2778.63333333333
70,2868,2785.56666666667
71,2833,2767.8
72,2833,2766.03333333333
73,2833,2755.93333333333
74,2833,2763.26666666667
75,2936,2748.23333333333
76,2936,2746.93333333333
77,2936,2752.63333333333
78,2936,2791.26666666667
79,2936,2788.46666666667
80,2936,2799.93333333333
81,2936,2819.16666666667
82,2936,2821.53333333333
83,2936,2820.73333333333
84,2936,2816.96666666667
85,2892,2808.46666666667
86,2892,2805.8
87,2892,2806.16666666667
88,2892,2807.7
89,2892,2800.43333333333
90,2892,2823.56666666667
91,2892,2831.5
92,2892,2814.16666666667
93,2892,2817.56666666667
94,2892,2814.8
95,2909,2803.23333333333
96,2909,2793.26666666667
97,2909,2802.93333333333
98,2909,2832
99,2892,2850.56666666667
Population size,30
Crossover rate,0.9
Mutation rate,0.1
Random selection portion,0
Selection method,AForge.Genetic.RouletteWheelSelection
Iteration,FitnessMax,FitnessAvg
0,2516,1872.76666666667
1,2559,2002.9
2,2577,2045.03333333333
3,2633,2077.43333333333
4,2633,2184.23333333333
5,2841,2221.93333333333
6,2841,2286.66666666667
7,2841,2349.7
8,2841,2299.4
9,2841,2328.96666666667
10,2841,2326.7
11,2841,2355.86666666667
12,2735,2349.36666666667
13,2735,2423.4
14,2699,2409.83333333333
15,2674,2442.8
16,2834,2394.7
17,2834,2428.23333333333
18,2766,2443.73333333333
19,2766,2477.73333333333
20,2854,2504.1
21,2854,2504.63333333333
22,2944,2572.76666666667
23,3032,2596.73333333333
24,3004,2663.63333333333
25,3004,2655.8
26,2927,2649.96666666667
27,2946,2693.5
28,2946,2718.36666666667
29,2946,2718.33333333333
30,2957,2762.8
31,2957,2748.4
32,3012,2792.7
33,3007,2818.5
34,3092,2806.56666666667
35,3092,2838.63333333333
36,3032,2869.46666666667
37,3084,2875.66666666667
38,3084,2899.4
39,3098,2919.2
40,3021,2856.36666666667
41,3084,2848.63333333333
42,3124,2831.7
43,3021,2805.06666666667
44,3021,2805.4
45,3021,2800.63333333333
46,2946,2800.33333333333
47,2946,2816.06666666667
48,2946,2817.93333333333
49,2974,2866.26666666667
50,2974,2882.8
51,2974,2876.26666666667
52,3154,2879.1
53,3154,2892.06666666667
54,3124,2883.53333333333
55,3124,2853.8
56,3124,2866.26666666667
57,3124,2881.43333333333
58,3154,2896.86666666667
59,3124,2886.13333333333
60,3124,2884.53333333333
61,3124,2904.2
62,3124,2908.53333333333
63,3124,2901.63333333333
64,3154,2893.53333333333
65,3154,2882.36666666667
66,3154,2888.03333333333
67,3124,2845.56666666667
68,3124,2845.83333333333
69,2950,2823.96666666667
70,2944,2843.16666666667
71,2944,2822.3
72,2944,2790.4
73,2944,2839.86666666667
74,2944,2844.16666666667
75,2968,2854.56666666667
76,2944,2836.36666666667
77,2944,2858.4
78,2944,2855.4
79,2944,2859.6
80,2974,2861.83333333333
81,3124,2902.23333333333
82,3124,2883.16666666667
83,3124,2925.3
84,3124,2915.06666666667
85,3118,2916.03333333333
86,3061,2903.8
87,3124,2905.03333333333
88,3124,2929.53333333333
89,3124,2932.6
90,3124,2944.26666666667
91,3124,2946.3
92,3124,2958.1
93,3215,2997.76666666667
94,3215,2969.56666666667
95,3215,2954.8
96,3215,2968.93333333333
97,3215,2994.56666666667
98,3215,2998.66666666667
99,3124,2989.03333333333
