Population size,100
Crossover rate,0.66
Mutation rate,0.34
Random selection portion,0.03
Selection method,AForge.Genetic.RouletteWheelSelection
Diversity check,False
Iteration,FitnessMax,FitnessAvg
0,3803,2657.29
1,3803,2739.19
2,3803,2774.19
3,3788,2799.57
4,3788,2969.76
5,3881,2974.41
6,3881,2959.07
7,3881,3019.19
8,4124,3138.25
9,4124,3201.52
10,4163,3162.67
11,4163,3184.03
12,4163,3208.91
13,4192,3256.2
14,4192,3272.44
15,4192,3266.42
16,4297,3341.38
17,4192,3356.4
18,4192,3425.16
19,4260,3442.76
20,4150,3471.05
21,4297,3532.88
22,4297,3520.6
23,4448,3549.83
24,4265,3582
25,4343,3600.22
26,4343,3589.74
27,4343,3603.11
28,4361,3550.06
29,4382,3523.59
30,4343,3538.48
31,4426,3589.46
32,4368,3591.48
33,4430,3575.28
34,4430,3607.64
35,4430,3639.07
36,4430,3625.74
37,4430,3667.09
38,4381,3721.94
39,4348,3704.6
40,4404,3659.32
41,4404,3722.79
42,4470,3706.82
43,4470,3768.68
44,4260,3695.99
45,4245,3682
46,4245,3667.28
47,4166,3693.8
48,4390,3634.15
49,4306,3638.94
50,4285,3623.06
51,4285,3589.88
52,4287,3630.65
53,4285,3581.98
54,4385,3551.73
55,4286,3581.92
56,4600,3701.74
57,4600,3722.41
58,4600,3745.87
59,4600,3749.25
60,4600,3733.44
61,4600,3672.49
62,4609,3669.48
63,4600,3671.52
64,4495,3654.05
65,4495,3673.65
66,4495,3640.9
67,4495,3612.12
68,4526,3674.35
69,4610,3643.77
70,4615,3642.76
71,4615,3673.89
72,4610,3687.08
73,4610,3738.96
74,4610,3741.5
75,4610,3733.5
76,4610,3689.76
77,4610,3718.91
78,4610,3656.88
79,4610,3644.12
80,4648,3640.54
81,4648,3645.54
82,4645,3605.04
83,4645,3600.32
84,4645,3714.7
85,4700,3711.36
86,4846,3725.14
87,4846,3691.66
88,4695,3611.97
89,4701,3650.4
90,4701,3663.11
91,4701,3601.46
92,4595,3656.05
93,4495,3533.21
94,4499,3573.24
95,4528,3661
96,4528,3711.41
97,4528,3736.15
98,4528,3778.45
99,4528,3794.62
100,4524,3876.89
101,4436,3871.09
102,4460,3815.51
103,4460,3903.13
104,4519,3904.7
105,4519,3868.65
106,4519,3926.05
107,4519,3869.34
108,4482,3880.1
109,4434,3851.26
110,4540,3909.6
111,4540,3853.55
112,4468,3846.75
113,4353,3805.12
114,4353,3897.88
115,4590,3839.24
116,4444,3821.31
117,4444,3801.88
118,4444,3824.6
119,4520,3880.74
120,4520,3908.37
121,4413,3920.3
122,4408,3923.42
123,4408,3960.79
124,4408,3901.78
125,4387,3850.98
126,4387,3805.65
127,4244,3797.65
128,4334,3829.17
129,4421,3779.28
130,4421,3770.6
131,4421,3779.8
132,4421,3785.2
133,4520,3786.43
134,4520,3812
135,4520,3862.18
136,4520,3831.23
137,4353,3785.13
138,4446,3798.36
139,4446,3799.56
140,4439,3820.92
141,4516,3847.45
142,4564,3842.42
143,4533,3852.12
144,4418,3849.43
145,4418,3897.77
146,4509,3901.1
147,4423,3845.29
148,4416,3821.12
149,4430,3802.49
150,4416,3809.23
151,4478,3871.02
152,4478,3795.34
153,4494,3775.46
154,4575,3795.58
155,4525,3850.76
156,4732,3817.88
157,4732,3808.23
158,4560,3798.24
159,4560,3768.12
160,4569,3746.52
161,4478,3712.32
162,4478,3694.56
163,4478,3677.48
164,4478,3672.58
165,4478,3705.83
166,4519,3689.78
167,4519,3631.74
168,4519,3667.9
169,4578,3633.31
170,4668,3676.23
171,4832,3611.06
172,4636,3675.99
173,4636,3711.75
174,4636,3748.34
175,4479,3691.18
176,4332,3627.04
177,4417,3511.88
178,4235,3631.36
179,4261,3602.65
180,4306,3630.41
181,4479,3644.96
182,4479,3719.45
183,4518,3719.14
184,4518,3671.73
185,4518,3705.35
186,4518,3785.39
187,4518,3738.28
188,4418,3710.12
189,4564,3716.11
190,4564,3772.51
191,4420,3848.17
192,4420,3849.97
193,4420,3864.98
194,4564,3899.14
195,4556,3866.03
196,4556,3904.77
197,4668,3994.05
198,4556,3957.33
199,4521,3921.03
200,4521,3909.95
201,4521,3890.7
202,4621,3900.4
203,4714,3924.77
204,4534,3887.67
205,4398,3865.24
206,4407,3898.55
207,4614,3813.69
208,4714,3831.33
209,4714,3839.13
210,4614,3878.71
211,4614,3857.45
212,4614,3925.08
213,4614,3892.63
214,4616,3909.28
215,4616,3940.61
216,4616,3891.88
217,4646,3865.63
218,4646,3773.93
219,4616,3838.99
220,4756,3871.63
221,4616,3895.04
222,4729,3901.94
223,4755,3973.96
224,4469,3942.84
225,4596,3871.85
226,4734,3888.05
227,4734,3926.03
228,4734,3954.82
229,4768,3949.04
230,4768,3995.71
231,4768,4002.91
232,4768,3921.51
233,4768,3878.78
234,4703,3866.38
235,4703,3940.97
236,4705,4096.03
237,4723,4068.55
238,4723,4064.87
239,4703,4174.75
240,4703,4161.46
241,4703,4068
242,4703,4070.07
243,4703,4126.88
244,4703,4119.21
245,4703,4072.17
246,4625,4094.85
247,4625,4055.97
248,4701,4044.92
249,4751,4059.61
250,4753,4061.91
251,4693,4100.56
252,4648,4103.12
253,4591,4043.14
254,4618,4031.92
255,4659,4093.64
256,4632,4042.66
257,4696,3983.79
258,4696,3935.42
259,4696,3900.12
260,4732,3903.62
261,4737,4035.13
262,4737,4046.31
263,4737,4057.64
264,4737,3993.83
265,4732,4054.25
266,4732,4120.34
267,4732,4124.44
268,4732,4110.15
269,4732,4092.48
270,4879,4037.89
271,4877,4119.57
272,4813,4097.68
273,4907,4086.71
274,4907,4081.84
275,4907,4015.74
276,4769,4003.73
277,4673,3992.14
278,4673,4027.02
279,4673,4046.61
280,4673,4059.45
281,4682,4073.27
282,4682,4073.38
283,4577,4017.05
284,4682,4024.69
285,4618,3983.53
286,4711,3952.09
287,4771,3988.86
288,4813,3911.41
289,4813,3929.07
290,4813,3932.31
291,4618,3828.61
292,4618,3867.03
293,4579,3868.38
294,4579,3900.27
295,4520,3879.46
296,4520,3859.59
297,4520,3837.01
298,4520,3842.82
299,4520,3802.32
Population size,100
Crossover rate,0.66
Mutation rate,0.34
Random selection portion,0.03
Selection method,AForge.Genetic.RouletteWheelSelection
Diversity check,True
Iteration,FitnessMax,FitnessAvg
0,3611,2659.76
1,4002,2738.46
2,4002,2849.57
3,4002,2992.88
4,3801,2981.42
5,3801,2949.58
6,3894,2987.26
7,4040,3028.06
8,4040,3056.71
9,4002,3122.68
10,4046,3154.61
11,4418,3204.23
12,4076,3251.43
13,4076,3262.3
14,4076,3292.75
15,4290,3335.95
16,4290,3298.39
17,4290,3324.78
18,4341,3306.87
19,4341,3384.28
20,4341,3390.23
21,4341,3450.36
22,4387,3471.69
23,4341,3474.67
24,4364,3561.42
25,4364,3517.6
26,4248,3508.76
27,4248,3504.37
28,4248,3637.41
29,4248,3623.91
30,4250,3624.22
31,4270,3633.56
32,4250,3586.71
33,4250,3575.04
34,4306,3621.19
35,4250,3670.17
36,4384,3617.07
37,4250,3574.23
38,4503,3555.01
39,4503,3603.13
40,4503,3636.66
41,4521,3715.77
42,4520,3676.18
43,4511,3767.22
44,4503,3736.74
45,4503,3714.35
46,4503,3748.1
47,4445,3762.35
48,4529,3784.25
49,4529,3796.9
50,4529,3750.81
51,4529,3826.11
52,4618,3846.29
53,4618,3902.18
54,4546,3848.38
55,4461,3784.08
56,4461,3757.51
57,4465,3753.07
58,4465,3871.83
59,4465,3889.3
60,4521,3859.7
61,4525,3875.63
62,4863,3840.2
63,4515,3922.97
64,4605,3869.57
65,4608,3773.67
66,4833,3829.61
67,4430,3800.77
68,4475,3803.95
69,4475,3852.57
70,4531,3852.96
71,4521,3787.31
72,4593,3801.65
73,4579,3810.3
74,4750,3827.68
75,4750,3835.25
76,4750,3845.42
77,4810,3893.72
78,4810,3843.55
79,4810,3901.11
80,4810,3950.11
81,4750,3992.4
82,4879,3981.75
83,4752,4041.88
84,4810,4038.28
85,4750,3961.06
86,4810,3816.65
87,4759,3862.48
88,4759,3806.46
89,4759,3870.55
90,4759,3901.22
91,4810,3962.89
92,4759,4029.34
93,4759,4068.74
94,4822,4069.12
95,4786,4086.53
96,4750,4096.33
97,4756,4150.19
98,4756,4036.44
99,4756,4117.81
100,4759,4109.17
101,4759,4119.39
102,4759,4164.29
103,4759,4200.9
104,4759,4198.63
105,4759,4176.45
106,4759,4128.64
107,4759,4130.93
108,4759,4027.68
109,4684,3996.02
110,4723,3994.3
111,4687,3982.25
112,4717,4003.45
113,4717,4019.23
114,4717,3991.8
115,4717,3997.39
116,4660,3992.73
117,4610,4033.92
118,4657,3946.7
119,4657,3987.44
120,4607,4014.37
121,4607,4075.4
122,4633,4063.49
123,4547,4020.47
124,4750,3999.45
125,4750,3982.89
126,4750,4104.92
127,4879,4108.45
128,4879,4114.69
129,4879,4137.2
130,4825,4141.41
131,4825,4151.74
132,4750,4178.81
133,4750,4055.47
134,4750,4099.94
135,4698,4055.98
136,4645,4052.43
137,4645,3986.01
138,4653,3970.51
139,4653,3958.63
140,4653,3946.86
141,4671,3924.93
142,4593,3928.39
143,4593,3894.98
144,4680,3909.94
145,4680,3940.1
146,4694,3954.83
147,4879,3981.28
148,4728,3932.99
149,4728,3937.27
150,4513,3984.32
151,4508,3934.59
152,4508,3917.36
153,4727,3928.95
154,4673,3876.21
155,4648,3874.38
156,4648,3902.47
157,4680,3927.23
158,4648,3978.41
159,4680,4028.27
160,4727,4032.02
161,4739,4002.29
162,4739,4078.85
163,4740,3947.87
164,4680,3842.95
165,4680,3885.29
166,4680,3906.33
167,4680,3877.93
168,4761,3917.72
169,4620,3860.64
170,4620,3949.16
171,4620,3884.36
172,4620,3873.89
173,4650,3853.47
174,4678,3904.06
175,4722,3927.27
176,4722,3861.3
177,4689,3947.72
178,4704,4015.13
179,4704,3965.33
180,4513,3938.85
181,4514,3972.35
182,4513,3953.96
183,4532,3954.41
184,4625,3931.57
185,4601,3854.31
186,4508,3876.46
187,4474,3947.21
188,4566,3984.91
189,4487,3828.8
190,4578,3939.63
191,4578,3945.88
192,4513,3915.41
193,4538,3889.22
194,4513,3893.36
195,4573,3927.21
196,4703,3902.37
197,4522,3884.52
198,4568,3891.12
199,4522,3835.75
200,4522,3913.25
201,4522,3947.42
202,4487,3918.3
203,4487,3995.31
204,4467,4004.24
205,4467,3961.13
206,4467,4035.46
207,4487,4039.24
208,4547,3995.92
209,4547,4035.13
210,4632,4025.54
211,4623,3985.23
212,4647,4037.81
213,4647,4091.89
214,4647,4077.69
215,4643,4179.19
216,4580,4113.5
217,4580,4094.49
218,4580,4109.64
219,4558,4129.17
220,4663,4117.64
221,4663,4124.98
222,4663,4135.93
223,4663,4025.46
224,4527,4034.72
225,4517,4001.45
226,4663,4033.86
227,4663,4058.13
228,4663,4075.73
229,4557,4040.45
230,4566,4071.23
231,4575,3975.96
232,4575,3927.78
233,4712,3914.86
234,4722,3985.92
235,4570,4037.56
236,4865,3969.55
237,4657,3927.56
238,4657,3837.45
239,4566,3842.46
240,4575,3879.78
241,4575,3848.39
242,4571,3887.89
243,4566,3893.04
244,4566,3880.84
245,4596,3880.2
246,4596,3881.66
247,4535,3781.63
248,4529,3774.43
249,4600,3810.26
250,4539,3826.11
251,4718,3851.45
252,4718,3898.15
253,4760,3938.11
254,4718,3859.54
255,4718,3878.78
256,4718,3954.2
257,4757,3961.31
258,4757,3943.02
259,4758,3838.48
260,4686,3935.64
261,4773,3972.17
262,4775,4032.28
263,4860,3988.33
264,4860,3873.64
265,4860,3846.47
266,4715,3917.22
267,4717,3922.24
268,4689,3921.97
269,4689,3866.56
270,4689,3871.47
271,4752,3905.02
272,4752,4035.28
273,4779,4132.69
274,4779,4116.85
275,4864,4094.11
276,4828,4024.89
277,4828,3989.84
278,4828,4068.7
279,4828,4163.31
280,4708,4181.8
281,4688,4165.48
282,4715,4111.4
283,4780,4129.73
284,4780,4173.19
285,4643,4160.92
286,4719,4192.14
287,4719,4138.93
288,4719,4142.52
289,4777,4176.75
290,4794,4183.03
291,4794,4206.51
292,4777,4240.82
293,4725,4223.49
294,4725,4208.54
295,4725,4188.02
296,4866,4194.44
297,4866,4199.14
298,4676,4136.53
299,4811,4158.76
Population size,100
Crossover rate,0.51
Mutation rate,0.79
Random selection portion,0.03
Selection method,AForge.Genetic.RankSelection
Diversity check,True
Iteration,FitnessMax,FitnessAvg
0,3803,2861.35
1,3803,3060.41
2,3914,3251.01
3,4061,3422.77
4,4085,3514.31
5,4128,3554.29
6,4291,3671.83
7,4291,3757.17
8,4373,3851.86
9,4373,3893.27
10,4627,3999.32
11,4416,4007.77
12,4396,4025.47
13,4534,4122.92
14,4534,4165.99
15,4567,4222.79
16,4534,4241.51
17,4715,4297.73
18,4715,4330.16
19,4715,4350.85
20,4715,4389.59
21,4720,4373.03
22,4720,4406.8
23,4720,4406.29
24,4720,4411.74
25,4720,4446.79
26,4799,4447.16
27,4748,4474.79
28,4748,4502.94
29,4794,4511.12
30,4794,4570.79
31,4794,4563.63
32,4814,4538.53
33,4816,4581.66
34,4816,4602.36
35,4801,4541.25
36,4801,4628.91
37,4816,4616.25
38,4816,4646.12
39,4825,4666.63
40,4834,4626.09
41,4847,4658.85
42,4834,4629.46
43,4916,4651.72
44,4916,4632
45,4916,4597.46
46,4916,4623.38
47,4916,4610.86
48,4916,4596.3
49,4918,4626.2
50,4918,4683.1
51,4918,4586.22
52,4918,4635.74
53,4918,4665.72
54,4916,4729.39
55,4968,4757.36
56,4968,4723.43
57,4916,4729.63
58,4916,4739.68
59,4916,4692.28
60,4916,4669.56
61,4916,4709.55
62,4956,4718.28
63,4956,4741.25
64,4956,4764.51
65,4956,4741.23
66,4956,4738.23
67,4956,4718.52
68,4956,4767.67
69,4956,4706.78
70,4956,4780.29
71,4956,4811.93
72,4956,2856.64
73,3801,3057.59
74,3996,3216.27
75,3752,3272.77
76,3924,3412.45
77,3899,3517.46
78,4065,3611.59
79,4115,3745.92
80,4289,3802.87
81,4466,3896.6
82,4556,3944.19
83,4556,4034.46
84,4559,4092.68
85,4559,4160.93
86,4647,4180.34
87,4647,4271.27
88,4647,4320.09
89,4703,4354.99
90,4703,4411.15
91,4703,4437.16
92,4767,4387.85
93,4767,4440.58
94,4767,4521.13
95,4811,4545.73
96,4847,4565.98
97,4811,4583.15
98,4811,4631.24
99,4846,4556.88
100,4968,4611.01
101,4825,4614.9
102,4862,4622.79
103,4868,4668.03
104,4879,4631.72
105,4968,4667.35
106,4968,4657.65
107,4968,4661.02
108,4968,4627.84
109,4968,4679.04
110,4968,4708.57
111,4968,4619.45
112,4968,4639.51
113,4968,4678.52
114,4968,4685.81
115,4968,4717.51
116,4968,4735.66
117,4968,4762.08
118,4968,4759.96
119,4968,4753.98
120,4968,4745.82
121,4968,4802.61
122,4968,4789.38
123,4968,4837.22
124,3603,2723.67
125,3581,2891.6
126,3713,3076.3
127,3713,3213.66
128,3907,3325.84
129,4490,3429.98
130,4417,3564.58
131,4517,3680.45
132,4622,3780.21
133,4622,3925.04
134,4622,4032.91
135,4622,4130.11
136,4583,4260.01
137,4695,4308.51
138,4718,4375.21
139,4873,4441.21
140,4873,4482.99
141,4873,4485.51
142,4779,4466.67
143,4835,4503.42
144,4873,4511.35
145,4835,4533.9
146,4835,4506.82
147,4835,4546.22
148,4873,4545.31
149,4873,4587.22
150,4835,4590.95
151,4873,4566.13
152,4873,4524.41
153,4873,4449.53
154,4873,4507.09
155,4873,4581.11
156,4873,4516.94
157,4873,4608.97
158,4873,4646.71
159,4968,4629.77
160,4968,4683.55
161,4968,4653.89
162,4968,4687.19
163,4968,4707.81
164,4968,4640.26
165,4968,4721.71
166,4968,4709.59
167,4927,4640.16
168,4927,4605.58
169,4927,4732.03
170,4960,4741.99
171,4960,4703.22
172,4960,4737.07
173,4960,4669.91
174,4960,4776.24
175,4960,4782.76
176,4960,4776.21
177,4960,4764.85
178,4960,4732.97
179,4960,4799.11
180,4960,4828.67
181,3826,2798.71
182,3966,2947.62
183,4057,3137.19
184,3971,3268.39
185,4056,3459.92
186,4056,3626.94
187,4164,3757.54
188,4224,3850.28
189,4268,3902.88
190,4334,3932.14
191,4304,3926.14
192,4304,3967.77
193,4376,4027.2
194,4450,4033.82
195,4450,4016.12
196,4657,4073.39
197,4519,4098.4
198,4519,4136.72
199,4475,4064.06
200,4475,4133.62
201,4487,4140.01
202,4621,4208.02
203,4621,4283.64
204,4577,4270.84
205,4761,4330.8
206,4783,4350.88
207,4783,4375.69
208,4783,4396.86
209,4783,4403.67
210,4868,4436.24
211,4868,4292.2
212,4868,4399.21
213,4868,4444
214,4868,4481.25
215,4868,4545.32
216,4870,4594.16
217,4907,4522.98
218,4907,4582.12
219,4907,4667.83
220,4907,4662.73
221,4907,4720.2
222,4908,4732.09
223,4907,4732.48
224,4907,4673.57
225,4907,4734.77
226,4990,4681.39
227,4990,4706.32
228,4990,4770.18
229,4990,4776.87
230,4990,4752.78
231,4990,4695.63
232,4990,4750.29
233,4990,4747.13
234,4990,4788.54
235,4990,4813
236,4990,4762.73
237,4990,4740.35
238,4990,4755.52
239,4990,4804.79
240,4990,4814.6
241,4990,4704.2
242,4990,4807.72
243,4990,4836.1
244,4990,4784.77
245,4990,4838.08
246,4990,4829.07
247,4990,4764.69
248,4990,4801.18
249,4990,4769.49
250,4990,4871.24
251,4990,2858
252,4990,3122.43
253,4847,3413.11
254,4743,3631.41
255,4990,3867.33
256,4990,4146.36
257,4990,4322.77
258,4990,4420.21
259,4990,4548.03
260,4990,4580.7
261,4990,4575.76
262,4990,4664.41
263,4990,4712.62
264,4990,4734.14
265,4990,4773.47
266,4990,4663.73
267,4990,4740.39
268,4990,4759.57
269,4990,4822.61
270,4990,4818.13
271,4990,4786.12
272,4990,4824.6
273,4990,4768.18
274,4990,4808.12
275,4990,4851.74
276,4990,2831.86
277,4901,3021.95
278,4901,3215.23
279,4901,3386.7
280,4901,3540.16
281,4755,3729.75
282,4716,3871.86
283,4807,4012.73
284,4807,4117.25
285,4807,4232.88
286,4807,4316.3
287,4906,4382.88
288,4906,4438.51
289,4906,4507.18
290,4906,4551.11
291,4906,4562.76
292,4908,4503.51
293,4908,4576.41
294,4908,4622.88
295,4908,4652.31
296,4906,4647.86
297,4906,4620.79
298,4906,4695.92
299,4906,4584.85
Population size,100
Crossover rate,0.51
Mutation rate,0.79
Random selection portion,0.03
Selection method,AForge.Genetic.RankSelection
Diversity check,False
Iteration,FitnessMax,FitnessAvg
0,4387,2733.4
1,4387,2917.27
2,4387,3050.01
3,4298,3229.28
4,4287,3336.48
5,4296,3453.18
6,4296,3634.54
7,4296,3729.54
8,4351,3841.11
9,4324,3920.8
10,4411,4018.63
11,4577,4062.56
12,4577,4120.96
13,4577,4174.71
14,4666,4165.68
15,4666,4194.8
16,4627,4242.15
17,4606,4306.91
18,4675,4342.45
19,4675,4369.89
20,4675,4391.13
21,4669,4390.42
22,4669,4438.83
23,4718,4459.69
24,4813,4483.88
25,4813,4527.67
26,4813,4556.52
27,4813,4527.11
28,4800,4517.56
29,4800,4540.68
30,4800,4490.31
31,4800,4577.31
32,4822,4488.45
33,4865,4526.55
34,4865,4498.47
35,4865,4563.37
36,4865,4511.78
37,4865,4544.89
38,4865,4479.04
39,4898,4541.77
40,4865,4606.46
41,4865,4624.32
42,4865,4627.43
43,4907,4623.28
44,4865,4598.68
45,4865,4654.32
46,4865,4678.98
47,4990,4715.72
48,4990,4716.17
49,4990,4723.83
50,4990,4645.18
51,4990,4672.09
52,4990,4728.42
53,4990,4732.58
54,4990,4776.33
55,4951,4756.69
56,4951,4742.31
57,4951,4764.61
58,4951,4757.23
59,4951,4754.62
60,4907,4744.62
61,4907,4700.5
62,4907,4683.48
63,4907,4679.86
64,4907,4697.59
65,4907,4734.59
66,4907,4750.24
67,4907,4732.55
68,4907,4747.76
69,4907,4708.08
70,4907,4718.6
71,4907,4731.7
72,4907,4745.02
73,4907,4733.49
74,4907,4789.82
75,4916,4798.37
76,4916,4748.31
77,4916,4717.55
78,4916,4771.35
79,4916,4742.64
80,4916,4625.51
81,4916,4778.39
82,4918,4768.89
83,4918,4731.64
84,4918,4718.11
85,4918,4802.68
86,4918,4815.94
87,4918,4771.13
88,4918,4747.71
89,4918,4735.46
90,4918,4744.33
91,4918,4707.1
92,4918,4775.07
93,4918,4768.85
94,4918,4751.89
95,4918,4754.49
96,4918,4787.11
97,4918,4751.36
98,4918,4691.48
99,4918,4706.91
100,4918,4693.81
101,4918,4676.29
102,4918,4731.22
103,4918,4762.56
104,4918,4690.97
105,4923,4669.41
106,4918,4781.44
107,4918,4785.11
108,4918,4656.27
109,4918,4756.03
110,4956,4752.25
111,4918,4691.44
112,4918,4749.55
113,4956,4726.8
114,4956,4794.23
115,4918,4758.47
116,4918,4743.37
117,4918,4730.89
118,4918,4755.35
119,4918,4783.24
120,4918,4795.81
121,4918,4675.1
122,4918,4773.1
123,4918,4809.75
124,4918,4795.14
125,4918,4786.96
126,4918,4803.2
127,4918,4810.99
128,4918,4783.24
129,4968,4824.27
130,4968,4779.65
131,4918,4813.62
132,4918,4812.93
133,4918,4813.33
134,4918,4783.66
135,4918,4800.59
136,4918,4792.88
137,4918,4737.13
138,4918,4789.03
139,4918,4762.98
140,4918,4800.55
141,4918,4752.89
142,4918,4680.78
143,4918,4803.96
144,4918,4801.11
145,4918,4828.1
146,4918,4777.8
147,4918,4804.16
148,4918,4809.64
149,4918,4797.03
150,4918,4809.18
151,4918,4788.13
152,4918,4711.74
153,4918,4786.36
154,4918,4738.29
155,4918,4783.36
156,4918,4721.46
157,4918,4781.6
158,4918,4788.22
159,4918,4821.01
160,4918,4803.86
161,4918,4776.19
162,4918,4814.78
163,4918,4814.73
164,4918,4748.64
165,4918,4741.32
166,4918,4804.46
167,4918,4823.86
168,4918,4790.61
169,4918,4788.8
170,4918,4756.16
171,4918,4810.96
172,4918,4802.66
173,4918,4722.86
174,4918,4737.42
175,4918,4810.15
176,4918,4771.61
177,4918,4815.09
178,4918,4726.81
179,4918,4719.04
180,4918,4742.35
181,4918,4811.21
182,4918,4791.99
183,4918,4758
184,4918,4791.01
185,4918,4802.82
186,4918,4800.22
187,4918,4741.73
188,4918,4777.08
189,4918,4782.64
190,4918,4667.94
191,4918,4693.09
192,4918,4690.01
193,4918,4766.01
194,4918,4787.33
195,4918,4815.01
196,4918,4749.86
197,4918,4721.22
198,4918,4719.95
199,4918,4734.32
200,4918,4752.8
201,4918,4711.82
202,4918,4664.89
203,4918,4763.3
204,4918,4821.64
205,4918,4822.19
206,4918,4801.16
207,4918,4803.87
208,4918,4812.91
209,4918,4826.08
210,4918,4738.69
211,4918,4747.43
212,4918,4782.28
213,4918,4684.89
214,4918,4803.63
215,4918,4827.01
216,4918,4806.74
217,4918,4805.11
218,4918,4768.38
219,4918,4719.56
220,4918,4746.43
221,4918,4814.94
222,4918,4808.43
223,4918,4805.1
224,4918,4804.14
225,4918,4785.46
226,4918,4812.76
227,4918,4770.11
228,4918,4793.95
229,4918,4795.29
230,4918,4810.96
231,4918,4796.38
232,4918,4758.65
233,4918,4774.74
234,4918,4775.91
235,4918,4710.57
236,4918,4768.35
237,4918,4803.04
238,4918,4793.25
239,4918,4744.27
240,4918,4802.8
241,4918,4793.84
242,4918,4790.41
243,4918,4818.52
244,4918,4811.7
245,4918,4725.36
246,4918,4792.87
247,4918,4793.82
248,4918,4772.51
249,4918,4788.77
250,4918,4785.82
251,4918,4809.63
252,4918,4832.96
253,4918,4741.14
254,4918,4711.75
255,4918,4824.11
256,4918,4764.63
257,4918,4770.78
258,4918,4794.04
259,4918,4782.73
260,4918,4794.95
261,4918,4755.95
262,4918,4763.86
263,4918,4733.92
264,4918,4749.39
265,4918,4741.5
266,4918,4781.25
267,4918,4785.23
268,4918,4797.34
269,4918,4732.22
270,4918,4757.94
271,4918,4811.31
272,4918,4782.62
273,4918,4798.6
274,4918,4811.35
275,4918,4819.66
276,4918,4799.04
277,4918,4832.11
278,4918,4808.98
279,4918,4810.15
280,4918,4809.14
281,4918,4812.56
282,4918,4818.91
283,4918,4826.45
284,4918,4812.21
285,4918,4700.92
286,4918,4624.17
287,4918,4779.17
288,4918,4741.11
289,4918,4733.37
290,4918,4721.74
291,4918,4800.27
292,4918,4693.21
293,4918,4812.43
294,4918,4777.19
295,4918,4719.4
296,4918,4775.86
297,4918,4791.79
298,4918,4795.81
299,4918,4808.91
Population size,100
Crossover rate,0.22
Mutation rate,0.87
Random selection portion,0.03
Selection method,AForge.Genetic.EliteSelection
Diversity check,False
Iteration,FitnessMax,FitnessAvg
0,3683,3076.36
1,3823,3261.22
2,3825,3424.97
3,3968,3579.96
4,4010,3681.27
5,4010,3753.53
6,4252,3794.99
7,4418,3871.93
8,4565,3936.72
9,4565,4030.42
10,4565,4115.3
11,4565,4213.14
12,4623,4266.12
13,4623,4338.06
14,4789,4391.14
15,4791,4434.91
16,4791,4480.43
17,4791,4514.13
18,4791,4527.46
19,4843,4565.49
20,4843,4572.82
21,4843,4595.77
22,4843,4621
23,4843,4637.16
24,4859,4670.81
25,4859,4679.61
26,4859,4682.01
27,4960,4703.52
28,4960,4705.06
29,4960,4709.79
30,4960,4728.06
31,4960,4741.9
32,4960,4742.89
33,4990,4765.43
34,4990,4768.86
35,4990,4769.47
36,4990,4796.71
37,4990,4794.66
38,4990,4807.77
39,4990,4812.42
40,4990,4804.05
41,4990,4834.05
42,4990,4841.33
43,4990,4854.47
44,4990,4830.2
45,4990,4830.42
46,4990,4867.64
47,4990,4876.63
48,4990,4877.76
49,4990,4893.67
50,4990,4894.97
51,4990,4897.08
52,4990,4904.33
53,4990,4921.79
54,4990,4905.09
55,4990,4916.09
56,4990,4928.07
57,4990,4891.73
58,4990,4907.87
59,4990,4921.87
60,4990,4928.18
61,4990,4914.78
62,4990,4929.32
63,4990,4920.4
64,4990,4905.93
65,4990,4904.63
66,4990,4916.66
67,4990,4917.55
68,4990,4918.56
69,4990,4921.25
70,4990,4916.06
71,4990,4893.87
72,4990,4928.69
73,4990,4923.92
74,4990,4925.58
75,4990,4932.3
76,4990,4917.5
77,4990,4919.26
78,4990,4918.3
79,4990,4909.84
80,4990,4910.93
81,4990,4926.16
82,4990,4912.61
83,4990,4900.56
84,4990,4924.96
85,4990,4921.7
86,4990,4931.29
87,4990,4940.06
88,4990,4905.55
89,4990,4927.26
90,4990,4913.41
91,4990,4917.45
92,4990,4917.24
93,4990,4914.61
94,4990,4917.89
95,4990,4913.97
96,4990,4931.95
97,4990,4920.06
98,4990,4915.14
99,4990,4919.6
100,4990,4924.04
101,4990,4921.91
102,4990,4910.39
103,4990,4927.39
104,4990,4925.29
105,4990,4919.62
106,4990,4938.04
107,4990,4935.99
108,4990,4920.66
109,4990,4906.49
110,4990,4914.34
111,4990,4926.59
112,4990,4933.24
113,4990,4913.34
114,4990,4914.4
115,4990,4915.25
116,4990,4910.88
117,4990,4903.11
118,4990,4927.05
119,4990,4893.23
120,4990,4931.47
121,4990,4927.21
122,4990,4914.35
123,4990,4912.81
124,4990,4914.94
125,4990,4930.82
126,4990,4934.61
127,4990,4924.42
128,4990,4913.42
129,4990,4910.15
130,4990,4922.1
131,4990,4926.18
132,4990,4906.74
133,4990,4899.92
134,4990,4927.53
135,4990,4927.22
136,4990,4929.28
137,4990,4918.7
138,4990,4924.69
139,4990,4916.28
140,4990,4930.87
141,4990,4914.26
142,4990,4918.33
143,4990,4928.5
144,4990,4937.34
145,4990,4914.3
146,4990,4922.84
147,4990,4918.64
148,4990,4918.79
149,4990,4908.01
150,4990,4901.48
151,4990,4910.56
152,4990,4910.29
153,4990,4903.72
154,4990,4915.33
155,4990,4914.47
156,4990,4912.53
157,4990,4909.3
158,4990,4923.98
159,4990,4921.3
160,4990,4917.04
161,4990,4909.62
162,4990,4923.32
163,4990,4921.21
164,4990,4919.88
165,4990,4918.99
166,4990,4916.01
167,4990,4923.96
168,4990,4937.57
169,4990,4919.54
170,4990,4909.74
171,4990,4921.08
172,4990,4923.76
173,4990,4929.18
174,4990,4919.16
175,4990,4903.74
176,4990,4913.42
177,4990,4911.21
178,4990,4909.46
179,4990,4934.84
180,4990,4919.66
181,4990,4910.5
182,4990,4926.87
183,4990,4931.39
184,4990,4911.49
185,4990,4927.83
186,4990,4930.62
187,4990,4919.96
188,4990,4929.59
189,4990,4922.12
190,4990,4927.9
191,4990,4937.26
192,4990,4905.63
193,4990,4916.71
194,4990,4925.91
195,4990,4913.83
196,4990,4917.01
197,4990,4907.92
198,4990,4918.75
199,4990,4914.07
200,4990,4920.18
201,4990,4914.24
202,4990,4932.66
203,4990,4910.52
204,4990,4926.52
205,4990,4922.17
206,4990,4909.68
207,4990,4904.26
208,4990,4914.88
209,4990,4910.2
210,4990,4928.52
211,4990,4905.37
212,4990,4914.08
213,4990,4920.14
214,4990,4919.33
215,4990,4919.82
216,4990,4908.42
217,4990,4911.41
218,4990,4908.37
219,4990,4914.8
220,4990,4891.91
221,4990,4921.93
222,4990,4917.26
223,4990,4915.71
224,4990,4927.53
225,4990,4932.29
226,4990,4918.95
227,4990,4923.64
228,4990,4921.9
229,4990,4903.69
230,4990,4913.73
231,4990,4921.96
232,4990,4927.35
233,4990,4919.96
234,4990,4933.39
235,4990,4913.84
236,4990,4923.09
237,4990,4932.34
238,4990,4919.51
239,4990,4920.27
240,4990,4925.66
241,4990,4916.93
242,4990,4921.12
243,4990,4932.86
244,4990,4923.42
245,4990,4915.25
246,4990,4918.51
247,4990,4922.39
248,4990,4921.81
249,4990,4913
250,4990,4922.81
251,4990,4923.93
252,4990,4905.59
253,4990,4922.09
254,4990,4920.92
255,4990,4917.57
256,4990,4929.71
257,4990,4913.22
258,4990,4917.98
259,4990,4909.69
260,4990,4920.9
261,4990,4914.87
262,4990,4915.46
263,4990,4906.98
264,4990,4923.5
265,4990,4929.51
266,4990,4928.36
267,4990,4910.32
268,4990,4914.9
269,4990,4924.07
270,4990,4915.15
271,4990,4920.56
272,4990,4926.3
273,4990,4935.28
274,4990,4922.63
275,4990,4918
276,4990,4920.35
277,4990,4908.77
278,4990,4920
279,4990,4921.63
280,4990,4921.38
281,4990,4924.49
282,4990,4933.16
283,4990,4915.2
284,4990,4921.15
285,4990,4924.88
286,4990,4933.6
287,4990,4921.34
288,4990,4930.56
289,4990,4914.9
290,4990,4915.61
291,4990,4910.56
292,4990,4915.61
293,4990,4919.58
294,4990,4901.15
295,4990,4913.54
296,4990,4906.88
297,4990,4909.07
298,4990,4916.6
299,4990,4921.4
Population size,100
Crossover rate,0.22
Mutation rate,0.87
Random selection portion,0.03
Selection method,AForge.Genetic.EliteSelection
Diversity check,True
Iteration,FitnessMax,FitnessAvg
0,3749,3010.32
1,3786,3204.35
2,3875,3339.05
3,4169,3482.01
4,4169,3615.32
5,4394,3703.49
6,4394,3840.46
7,4394,3906.48
8,4425,4000.71
9,4429,4074.74
10,4445,4147.3
11,4484,4208.45
12,4513,4271.63
13,4576,4310.19
14,4714,4355.71
15,4714,4388.36
16,4808,4455.33
17,4897,4506.41
18,4897,4555.08
19,4897,4579.59
20,4897,4605.45
21,4897,4635.35
22,4897,4671.8
23,4897,4680.92
24,4918,4713.59
25,4918,4725.39
26,4918,4740.63
27,4918,4761.35
28,4918,4781.42
29,4918,3083.54
30,4918,3335.18
31,4918,3541.66
32,4918,3755.91
33,4918,3988.01
34,4918,4246.58
35,4918,4421.85
36,4918,4558.82
37,4918,4629.91
38,4918,4688.51
39,4953,4713.19
40,4968,4748.73
41,4968,4755.2
42,4968,4770.37
43,4968,4818.52
44,4968,4808.25
45,4990,4809.35
46,4990,4854.61
47,4990,3125.88
48,4990,3380.19
49,4990,3536.9
50,4990,3673.29
51,4990,3878.49
52,4990,4106.97
53,4990,4312.37
54,4990,4480.92
55,4990,4594.13
56,4990,4655.79
57,4990,4692.3
58,4990,4746.73
59,4990,4748.69
60,4990,4777.68
61,4990,4792.01
62,4990,4827.83
63,4990,4837.97
64,4990,4823.52
65,4990,4852.36
66,4990,3100.91
67,4990,3383.61
68,4990,3599.97
69,4990,3741.35
70,4990,3898.72
71,4990,4080.24
72,4990,4265.99
73,4990,4470.48
74,4990,4588.49
75,4990,4655.37
76,4990,4684.77
77,4990,4715.63
78,4990,4752.1
79,4990,4773.25
80,4990,4786.35
81,4990,4824.38
82,4990,4827.24
83,4990,4852.09
84,4990,3043.45
85,4990,3261.02
86,4990,3438.48
87,4990,3603.55
88,4990,3768.78
89,4990,3925.85
90,4990,4171.94
91,4990,4380.49
92,4990,4517.57
93,4990,4595.52
94,4990,4649.45
95,4990,4661.95
96,4990,4692.65
97,4990,4712.24
98,4990,4750.7
99,4990,4790.26
100,4990,4810.03
101,4990,4791.47
102,4990,4845.24
103,4990,3084.34
104,4990,3289.68
105,4990,3463.83
106,4990,3637.79
107,4990,3767.2
108,4990,3909.33
109,4990,4055.06
110,4990,4261.91
111,4990,4410.03
112,4990,4552.28
113,4990,4656.17
114,4990,4736.23
115,4990,4783.69
116,4990,4807.8
117,4990,4841.73
118,4990,3017.15
119,4990,3271.96
120,4990,3480.4
121,4990,3663.58
122,4990,3842.05
123,4990,3978.21
124,4990,4158.53
125,4990,4336.83
126,4990,4475.99
127,4990,4539.08
128,4990,4627.42
129,4990,4693.64
130,4990,4740.21
131,4990,4785.63
132,4990,4812.24
133,4990,4820.17
134,4990,4833.32
135,4990,4870
136,4990,3092.54
137,4990,3378.77
138,4990,3546.26
139,4990,3663.46
140,4990,3874.26
141,4990,4058.99
142,4990,4334.24
143,4990,4496.94
144,4990,4604.08
145,4990,4685
146,4990,4713.65
147,4990,4773.67
148,4990,4791.53
149,4990,4797.08
150,4990,4812.29
151,4990,4841.19
152,4990,2905.04
153,4990,3147.81
154,4990,3391.81
155,4990,3573.26
156,4990,3790.21
157,4990,4010.35
158,4990,4279.07
159,4990,4476.91
160,4990,4592.84
161,4990,4656.32
162,4990,4725.65
163,4990,4767.55
164,4990,4823.3
165,4990,4851.78
166,4990,3075.23
167,4990,3324.28
168,4990,3487.97
169,4990,3618.39
170,4990,3803.68
171,4990,3992.39
172,4990,4181.91
173,4990,4382.46
174,4990,4492.9
175,4990,4562.81
176,4990,4625.29
177,4990,4689.81
178,4990,4733.13
179,4990,4757.86
180,4990,4801.01
181,4990,4819.59
182,4990,4845.13
183,4990,3051.96
184,4990,3296.81
185,4990,3511
186,4990,3699.68
187,4990,3893.4
188,4990,4152.8
189,4990,4326.59
190,4990,4479.9
191,4990,4578.82
192,4990,4647.46
193,4990,4709.56
194,4990,4768.17
195,4990,4796.37
196,4990,4823.88
197,4990,4839.44
198,4990,4853.5
199,4990,3150.56
200,4990,3351.82
201,4990,3526.65
202,4990,3686.75
203,4990,3829.2
204,4990,3898.2
205,4990,4126.56
206,4990,4297.93
207,4990,4463.81
208,4990,4565.79
209,4990,4629.64
210,4990,4663.45
211,4990,4713.99
212,4990,4747.95
213,4990,4770.35
214,4990,4812.7
215,4990,4846.63
216,4990,2931.38
217,4990,3158.93
218,4990,3397.79
219,4990,3585.56
220,4990,3811.83
221,4990,3998.11
222,4990,4208.84
223,4990,4352.54
224,4990,4495.31
225,4990,4564.25
226,4990,4644.07
227,4990,4661.6
228,4990,4746.11
229,4990,4763.18
230,4990,4798.19
231,4990,4817.25
232,4990,4834.25
233,4990,4843.05
234,4990,3042.22
235,4990,3285.38
236,4990,3508.49
237,4990,3715.94
238,4990,3870.66
239,4990,4022.26
240,4990,4222.05
241,4990,4434.23
242,4990,4553.53
243,4990,4618.48
244,4990,4660.23
245,4990,4722.47
246,4990,4755.82
247,4990,4797.99
248,4990,4830.63
249,4990,4832.9
250,4990,4871.27
251,4990,3087.62
252,4990,3266.35
253,4990,3423.63
254,4990,3618.43
255,4990,3781.51
256,4990,3940.38
257,4990,4156.11
258,4990,4352.58
259,4990,4513.22
260,4990,4607.94
261,4990,4681.89
262,4990,4729.16
263,4990,4774.79
264,4990,4793.94
265,4990,4813.45
266,4990,4835.11
267,4990,4854.62
268,4990,3063.35
269,4990,3360.38
270,4990,3526.45
271,4990,3686.08
272,4990,3936.23
273,4990,4128.26
274,4990,4323.18
275,4990,4460.99
276,4990,4554.34
277,4990,4642.51
278,4990,4690.68
279,4990,4742.29
280,4990,4777.48
281,4990,4822.32
282,4990,4866.89
283,4990,3049.03
284,4990,3329.11
285,4990,3526.81
286,4990,3708.2
287,4990,3916.65
288,4990,4085.61
289,4990,4257.45
290,4990,4443.48
291,4990,4580.68
292,4990,4691.4
293,4990,4714.15
294,4990,4736.47
295,4990,4771.13
296,4990,4802.37
297,4990,4836.63
298,4990,4845.8
299,4990,2943.15
Population size,100
Crossover rate,0.22
Mutation rate,0.87
Random selection portion,0.03
Selection method,AForge.Genetic.EliteSelection
Diversity check,True
Iteration,FitnessMax,FitnessAvg
0,3660,2971.07
1,3821,3187.31
2,3821,3360.69
3,3855,3473.33
4,3980,3596.77
5,4097,3725.03
6,4129,3797.59
7,4211,3868.14
8,4443,3948.44
9,4444,4033.28
10,4444,4076.02
11,4504,4160.43
12,4711,4195.81
13,4711,4250.19
14,4711,4301.11
15,4711,4372.88
16,4711,4409.18
17,4711,4459.68
18,4711,4495.81
19,4795,4513.87
20,4795,4537.3
21,4795,4587.77
22,4884,4598.61
23,4968,4636.9
24,4968,4685.77
25,4968,4694.41
26,4968,4717.27
27,4968,4743.81
28,4968,4777.31
29,4968,4764.69
30,4968,4805.64
31,4968,4810.87
32,4968,4800.26
33,4968,4815.62
34,4968,4805.56
35,4968,4839.95
36,4968,3063.03
37,4968,3314.57
38,4968,3518.83
39,4968,3714.43
40,4968,3902.64
41,4968,4020.61
42,4968,4146.01
43,4968,4243.29
44,4968,4394.86
45,4968,4508.08
46,4968,4606.35
47,4968,4680.46
48,4968,4700.73
49,4968,4749.73
Population size,100
Crossover rate,0.22
Mutation rate,0.87
Random selection portion,0.03
Selection method,AForge.Genetic.EliteSelection
Diversity check,True
Iteration,FitnessMax,FitnessAvg
0,3937,3062.02
1,4184,3312.49
2,4193,3556.63
3,4193,3677.4
4,4193,3755.77
5,4193,3861.78
6,4408,3972.62
7,4408,4063.84
8,4418,4111.69
9,4418,4177.15
10,4538,4226.72
11,4631,4318.37
12,4802,4357.12
13,4802,4407.46
14,4802,4450.81
15,4802,4480.6
16,4847,4506.15
17,4877,4554.1
18,4877,4583.41
19,4877,4631.02
20,4947,4659.99
21,4956,4671.95
22,4956,4680.92
23,4956,4704.25
24,4956,4747.25
25,4956,4749.99
26,4956,4788.12
27,4956,4782.57
28,4968,4798.17
29,4968,4850.84
