Population size,100
Crossover rate,0.66
Mutation rate,0.34
Random selection portion,0.03
Selection method,AForge.Genetic.RouletteWheelSelection
Diversity check,False
Iteration,FitnessMax,FitnessAvg
0,2406,1769.63
1,2405,1737.45
2,2562,1885.83
3,2562,1993.56
4,2765,2043.51
5,2765,2069.67
6,2765,2038.84
7,2797,2122.35
8,2837,2186.4
9,2897,2252.42
10,2999,2282.18
11,2999,2300.42
12,2999,2308.11
13,2999,2353.72
14,2916,2312.59
15,2837,2251.14
16,2838,2287.36
17,2893,2209.08
18,2723,2224.02
19,2980,2245.91
20,2733,2223.31
21,2824,2243.05
22,2824,2265.05
23,2824,2284.25
24,2952,2317.8
25,2952,2347.14
26,2916,2360.19
27,2789,2354.41
28,2821,2336.43
29,2869,2402.16
30,2869,2384.94
31,2851,2321.43
32,2821,2324.9
33,2821,2377.95
34,2821,2344.91
35,2845,2413.96
36,2952,2426.78
37,2845,2370.72
38,2845,2333.33
39,2845,2360.97
40,2845,2348.46
41,2772,2308.15
42,2772,2308.9
43,2774,2331.66
44,2781,2331.53
45,2774,2326.85
46,2979,2289.9
47,2897,2229.79
48,2844,2214.82
49,2844,2234.33
50,2921,2273.98
51,2921,2325.49
52,2921,2297.04
53,2970,2340.51
54,3022,2307.11
55,3022,2340.48
56,2898,2329.91
57,2898,2337.63
58,2898,2395.8
59,2898,2396.42
60,2945,2376.14
61,2898,2388.35
62,2943,2430.44
63,2969,2381.22
64,2969,2421.41
65,2899,2412.65
66,2898,2404.56
67,2896,2422.34
68,2896,2400.19
69,2896,2444.78
70,2845,2448.81
71,2845,2433.62
72,2891,2428.47
73,2845,2466.83
74,2845,2438.61
75,2861,2481.87
76,2868,2476.71
77,2868,2481.38
78,2862,2390.4
79,2862,2384.97
80,2862,2382.75
81,2862,2350.72
82,2862,2437.15
83,2854,2443.63
84,2854,2463.1
85,2854,2437.89
86,2871,2484.74
87,2871,2444.59
88,2871,2406.68
89,2871,2352.22
90,2902,2316.45
91,2902,2331.82
92,2853,2331.84
93,2857,2368.14
94,2907,2410.08
95,2907,2468.51
96,2865,2496.35
97,2772,2441.86
98,2776,2406.99
99,2737,2399.75
100,2891,2407.76
101,2873,2447.94
102,2806,2408
103,2825,2426.89
104,2828,2397.5
105,2853,2386.03
106,2945,2332.25
107,2945,2351.03
108,2945,2315.53
109,2945,2304.5
110,2945,2301.66
111,2945,2291.73
112,2775,2283.55
113,2775,2255.94
114,2659,2303.21
115,2852,2277.96
116,2798,2301.12
117,2665,2290.74
118,2797,2268.69
119,2797,2258.73
120,2899,2232.27
121,2797,2244.6
122,2797,2265.87
123,2797,2324.4
124,2797,2291.28
125,2793,2290.55
126,2801,2336.53
127,2876,2325.55
128,2801,2329.2
129,2902,2358.96
130,2801,2327.25
131,2801,2352.12
132,2774,2306.17
133,2894,2329.99
134,2784,2287.54
135,2920,2305.1
136,2889,2356.51
137,2889,2364.56
138,2866,2360.03
139,2889,2410.51
140,2866,2415.03
141,2866,2456.81
142,2866,2409.31
143,2816,2419.62
144,2866,2444.74
145,2866,2385.87
146,2774,2399.9
147,2774,2377.64
148,2760,2369.49
149,2787,2381.17
150,2745,2358.56
151,2745,2363.08
152,2761,2329.98
153,2824,2336.67
154,2824,2316.83
155,2916,2387.08
156,2866,2417.38
157,2901,2417.03
158,2901,2411.34
159,2977,2415.08
160,2977,2453.92
161,2977,2473.15
162,2977,2499.59
163,2977,2447.78
164,2932,2475.31
165,2932,2489.1
166,2932,2522.49
167,2875,2486.9
168,2875,2450.55
169,2886,2476.64
170,2945,2446.51
171,2871,2500.68
172,2872,2509.18
173,2876,2511.7
174,2876,2501.43
175,2876,2541.41
176,2891,2482.81
177,2899,2509.59
178,2899,2470.96
179,2899,2471.91
180,2899,2440.83
181,2899,2491.97
182,2899,2441.05
183,2899,2446.72
184,2899,2463.08
185,2895,2417.63
186,2895,2416.84
187,2895,2363.12
188,2788,2346.9
189,2788,2298.73
190,2763,2341.73
191,2763,2315.42
192,2865,2321.73
193,2855,2277.36
194,2855,2293.1
195,2844,2290.94
196,2844,2275.15
197,2999,2303.04
198,2874,2327.54
199,2844,2380.43
200,2848,2361.6
201,2844,2422.66
202,2921,2449.9
203,2956,2486.05
204,2999,2465.09
205,2999,2475.44
206,2956,2451.02
207,2956,2462.21
208,2903,2438.09
209,2903,2425.47
210,2903,2413.55
211,2898,2430.86
212,2945,2460.1
213,2945,2409.56
214,2945,2454.01
215,2945,2394.27
216,2963,2449.65
217,2921,2444.84
218,2921,2454.4
219,2905,2381.71
220,2905,2379.03
221,2905,2448.78
222,2952,2416.78
223,2905,2386.76
224,2905,2426.81
225,2945,2470.99
226,2999,2476.78
227,2945,2456.73
228,2905,2404.77
229,2905,2442.64
230,2988,2514.35
231,2988,2547.69
232,2988,2503.07
233,3058,2493.92
234,3058,2506.21
235,3058,2511.28
236,3058,2505.89
237,3058,2467.45
238,3058,2482.46
239,3100,2485.41
240,3100,2466.2
241,3100,2489.02
242,3100,2571.25
243,3100,2543.83
244,3058,2564.9
245,3058,2615.56
246,3100,2648.56
247,3100,2588.04
248,3100,2581.25
249,3100,2634.3
250,3100,2599.36
251,3058,2559.96
252,3100,2560.22
253,3100,2569.33
254,3100,2571.15
255,3100,2567.73
256,3100,2594.21
257,3100,2654.24
258,3100,2623.2
259,3100,2635.64
260,3100,2608.88
261,3100,2632.4
262,3100,2593.81
263,3100,2609.78
264,3058,2589.11
265,3058,2578.34
266,3100,2605.72
267,3100,2606.57
268,3100,2624.48
269,3100,2640.11
270,3100,2641.85
271,3100,2623.77
272,3100,2700.03
273,3100,2656.71
274,3100,2737.21
275,3100,2698.43
276,3100,2591.55
277,3100,2606.95
278,3100,2568.88
279,3100,2595.5
280,3100,2522.61
281,3100,2493.25
282,3030,2549.33
283,3030,2471.4
284,3030,2522.22
285,3030,2479.2
286,2999,2496.83
287,3058,2482.09
288,3058,2494.96
289,3100,2543.71
290,3100,2506.03
291,3100,2530.65
292,3100,2553.85
293,3100,2588.17
294,3100,2651
295,3100,2605.26
296,3058,2610.82
297,3058,2588.29
298,3016,2544.39
299,3016,2516.3
Population size,100
Crossover rate,0.66
Mutation rate,0.34
Random selection portion,0.03
Selection method,AForge.Genetic.RouletteWheelSelection
Diversity check,True
Iteration,FitnessMax,FitnessAvg
0,2489,1724.33
1,2489,1756.96
2,2526,1799.49
3,2426,1815.81
4,2394,1856.4
5,2381,1915.01
6,2381,1944.21
7,2490,2032.54
8,2484,2039.7
9,2486,2125.48
10,2624,2102.65
11,2624,2095.8
12,2624,2115.07
13,2624,2098.27
14,2624,2085.62
15,2534,2100.47
16,2541,2116.6
17,2541,2079.69
18,2541,2123.21
19,2507,2105.91
20,2448,2096.9
21,2435,2081.37
22,2557,2092.49
23,2679,2105.38
24,2679,2121.35
25,2638,2073.64
26,2477,2068.59
27,2439,2007.87
28,2463,2022.68
29,2450,2087.13
30,2551,2109.24
31,2677,2156.87
32,2677,2163.43
33,2677,2214.92
34,2585,2210.04
35,2644,2198.58
36,2666,2212.13
37,2666,2245.51
38,2673,2239.45
39,2673,2288.69
40,2673,2226.08
41,2673,2242.11
42,2673,2313.63
43,2653,2309.19
44,2869,2271.02
45,2869,2249.82
46,2697,2252.37
47,2802,2290.57
48,2767,2239.31
49,2767,2238.54
50,2767,2265.2
51,2770,2281.4
52,2770,2308.32
53,2767,2335.64
54,2805,2367.49
55,2837,2358.97
56,2910,2368.14
57,2891,2394.45
58,2891,2382.28
59,2891,2363.53
60,2891,2362.93
61,2891,2386.43
62,2891,2415.1
63,2884,2399.47
64,2884,2373.16
65,2863,2342.39
66,2825,2357.74
67,2825,2366.86
68,2825,2387.46
69,2825,2381.95
70,2807,2365.45
71,2807,2324.92
72,2807,2383.91
73,2889,2375.02
74,2889,2402.61
75,2889,2387.04
76,2889,2384.52
77,2889,2376.55
78,2889,2346.43
79,2855,2363.83
80,2745,2304.84
81,2753,2302.97
82,2753,2306.54
83,2790,2306.22
84,2851,2279.11
85,2851,2344.88
86,2815,2357.69
87,2917,2353.82
88,2863,2268.46
89,2863,2304.11
90,2998,2318.41
91,2998,2357.9
92,2944,2422.91
93,2944,2421.27
94,2928,2418.88
95,2928,2439.72
96,2970,2507.47
97,2970,2427.35
98,2970,2416.19
99,2970,2416.43
100,2912,2443.47
101,2912,2454.03
102,2912,2460.12
103,2912,2400.51
104,2912,2452.78
105,2912,2473.22
106,2912,2427.97
107,3006,2395.81
108,2870,2346.16
109,2870,2383.99
110,2961,2424.24
111,2961,2382.92
112,2961,2410.72
113,2961,2377.76
114,2961,2373.86
115,2961,2348.8
116,2961,2335.79
117,2961,2356.43
118,2968,2399.46
119,2968,2370.46
120,2777,2405.66
121,2804,2390.24
122,2777,2401.76
123,2804,2398.64
124,2932,2355.78
125,2743,2351.66
126,2706,2363.8
127,2706,2355.76
128,2740,2338.39
129,2740,2358.57
130,2740,2386.29
131,2842,2419.45
132,2879,2403.32
133,2926,2449.39
134,2843,2442.05
135,2831,2432.38
136,2831,2439.82
137,2834,2465.73
138,2843,2510.85
139,2843,2505.92
140,2843,2525.46
141,2998,2536.1
142,3026,2498.93
143,2998,2472.99
144,2844,2466.83
145,2906,2469.85
146,2944,2477.6
147,2968,2474.64
148,2944,2441.6
149,2944,2467.61
150,2968,2491.57
151,2968,2570.33
152,2972,2536.35
153,2968,2570.7
154,2968,2607.46
155,2968,2579.8
156,2968,2609.3
157,2976,2604.51
158,2976,2635.98
159,2976,2614.37
160,2976,2582.75
161,2976,2627.15
162,3004,2593.19
163,3046,2616.3
164,3046,2579.7
165,2916,2570.15
166,2945,2577.02
167,2998,2597.24
168,2998,2555.44
169,2986,2510.93
170,2986,2547.6
171,2986,2528.95
172,2986,2580.57
173,2986,2607.14
174,2986,2596.53
175,2986,2597.14
176,2986,2502.13
177,2986,2514.83
178,2986,2587.03
179,2986,2600.96
180,2986,2605.38
181,2986,2541.68
182,2986,2557.58
183,2986,2538.85
184,2986,2528.37
185,2986,2527.66
186,2986,2536.59
187,2986,2458.05
188,2986,2476.4
189,2986,2467.61
190,2986,2479.92
191,2986,2393.64
192,3032,2359.12
193,3032,2487.14
194,3032,2532.61
195,3004,2511.58
196,3032,2572.91
197,3046,2564.38
198,3032,2605.75
199,3032,2574.43
200,3032,2567
201,2949,2540.69
202,2949,2605.54
203,3004,2536.78
204,3004,2527.96
205,2921,2502.22
206,3058,2508.29
207,3058,2503.16
208,3058,2463.98
209,3032,2470.55
210,2921,2530.23
211,3076,2557.26
212,2921,2540.54
213,3076,2502.44
214,2897,2513.39
215,2875,2498.37
216,2875,2522.43
217,2875,2510.64
218,2934,2582.8
219,2921,2555.35
220,2921,2481.17
221,2973,2409.77
222,2963,2380.96
223,2963,2486.63
224,3032,2517.27
225,3032,2500.56
226,2917,2450.85
227,2962,2483.02
228,3004,2494.06
229,3004,2380.85
230,3004,2436.19
231,3032,2411.92
232,3032,2487.68
233,3032,2559.53
234,3032,2489.27
235,3032,2529.32
236,3032,2501.38
237,3032,2457.4
238,3032,2429.84
239,3032,2441.82
240,3032,2401.74
241,3032,2400.72
242,2973,2386.89
243,2938,2425.44
244,2938,2479.11
245,2992,2470.45
246,2938,2515.24
247,3086,2520.03
248,2985,2537.95
249,3003,2576.73
250,3003,2532.78
251,3003,2496.47
252,3032,2507.61
253,3032,2496.73
254,3032,2458.58
255,3058,2455.46
256,3032,2456.4
257,3032,2435.93
258,3003,2528.47
259,3003,2509.78
260,3032,2509.52
261,3032,2543.36
262,3032,2583.72
263,3032,2608.62
264,3032,2616
265,3032,2578.18
266,3032,2538.79
267,3032,2542.68
268,3032,2589.27
269,3032,2575.13
270,3032,2577.83
271,3032,2526.67
272,3032,2557.8
273,3008,2495.77
274,3008,2552.38
275,2949,2539.3
276,3008,2548.89
277,3008,2569.68
278,2949,2548.8
279,3032,2395.58
280,3032,2446.76
281,2949,2469.97
282,2949,2424.56
283,2949,2492.19
284,2914,2461.72
285,2866,2453.92
286,2907,2501.96
287,2949,2494.37
288,2907,2550.26
289,2907,2566.54
290,2907,2562.19
291,2907,2557.34
292,2911,2536.32
293,2911,2556.19
294,2897,2587.61
295,2904,2593.05
296,2904,2595.43
297,2913,2540.67
298,2885,2496.63
299,2886,2513.52
Population size,100
Crossover rate,0.51
Mutation rate,0.79
Random selection portion,0.03
Selection method,AForge.Genetic.RankSelection
Diversity check,True
Iteration,FitnessMax,FitnessAvg
0,2666,1619.98
1,2666,1760.9
2,2666,1871.78
3,2666,2015.36
4,2724,2090.5
5,2724,2128.01
6,2724,2168.85
7,2801,2257.24
8,2871,2371.04
9,2902,2392.81
10,2972,2448.97
11,2878,2516.55
12,2903,2642.85
13,2976,2661.5
14,3004,2671.96
15,2976,2734.3
16,2976,2738.56
17,3004,2748.68
18,3004,2794.23
19,3004,2822.02
20,3004,2846.7
21,3004,2774.51
22,3004,2851.91
23,3046,2893.04
24,3046,2872.03
25,3046,2806.28
26,3046,2945.8
27,3046,2905.01
28,3046,2930.55
29,3046,2910.71
30,3046,2811.09
31,3046,2863.65
32,3046,2909.06
33,3046,2936.8
34,3046,2913.87
35,3046,2918.89
36,3046,2888.94
37,3046,2885.31
38,3046,2828.57
39,3058,2939.04
40,3058,2901.5
41,3058,2891.93
42,3058,2924.97
43,3058,2888.1
44,3058,2861.97
45,3058,2888.49
46,3058,2864.01
47,3058,2911.99
48,3100,2876.57
49,3100,2902.55
50,3100,2825.72
51,3100,2906.12
52,3100,2931.25
53,3100,2885.8
54,3100,2878.93
55,3100,2916.06
56,3100,2904.71
57,3100,2916.89
58,3100,2941.6
59,3100,2909.46
60,3100,2936.11
61,3100,2926.18
62,3100,2941.23
63,3100,2951.9
64,3100,2906.67
65,3100,2951.8
66,3100,2967.18
67,3100,2945.88
68,3100,2898.48
69,3100,2957.54
70,3100,2995.08
71,3100,3000.16
72,3100,2966.1
73,3100,2971.08
74,3100,2993.3
75,3100,2982.11
76,3100,2991.17
77,3100,2970.3
78,3100,2948.55
79,3100,2971.55
80,3100,2974
81,3100,3001.06
82,3100,2965.91
83,3100,2997.83
84,3100,3003.72
85,3100,2998.52
86,3100,2946.1
87,3100,3003.52
88,3100,2962.25
89,3100,2971.91
90,3100,2968.1
91,3100,2995.07
92,3100,2984.66
93,3100,2995.15
94,3100,3000.51
95,3100,3010.63
96,2321,1596.38
97,2321,1838.91
98,2411,2021.69
99,2502,2102.38
100,2566,2189.07
101,2687,2244.06
102,2778,2274.59
103,2778,2302.88
104,2933,2411.87
105,2933,2470.57
106,2933,2542.81
107,2967,2553
108,3016,2634.9
109,2967,2667.42
110,3086,2666.63
111,3086,2752.08
112,3086,2816.84
113,3086,2789.89
114,3086,2834.31
115,3086,2877.17
116,3086,2888.57
117,3086,2921.35
118,3086,2892.75
119,3086,2966.76
120,3086,2943.99
121,3086,2986.84
122,3086,2913.19
123,3086,2879.55
124,3086,2786.37
125,3100,2954.74
126,3086,2911.52
127,3086,2918.46
128,3086,2945.91
129,3086,2973.5
130,3100,2924.01
131,3100,2954.22
132,3086,2991.17
133,3086,3006.48
134,3086,1797.93
135,3086,1919.99
136,3086,2081.19
137,3086,2191.49
138,3086,2258.89
139,3086,2335.41
140,3086,2446.11
141,3086,2505.53
142,3086,2552.98
143,3086,2710.66
144,3086,2822.16
145,3086,2776.36
146,3086,2827.19
147,3086,2893.4
148,3086,2797.66
149,3086,2833.42
150,3086,2900.76
151,3086,2946.39
152,3086,2930.12
153,3086,2944.68
154,3086,2942.32
155,3086,2975.28
156,3086,2968.97
157,3086,2938.11
158,3086,2985.09
159,3086,2989.88
160,3086,2925.21
161,3086,2935.11
162,3086,2961.69
163,3086,2946.97
164,3086,2960.78
165,3100,2974.85
166,3100,2939.94
167,3100,2947.19
168,3100,2895.03
169,3100,2965.2
170,3100,2907.01
171,3100,3000.73
172,3086,2984.64
173,3086,2876.73
174,3086,2932.38
175,3086,3005.44
176,2414,1634.15
177,2414,1801.59
178,2583,1921.8
179,2677,1971.32
180,2677,2149.86
181,2677,2261.11
182,2796,2353.73
183,2855,2426.12
184,2844,2502.91
185,2976,2540.43
186,3004,2603.38
187,3004,2643.23
188,3004,2654.75
189,3030,2682.91
190,3030,2712.68
191,3030,2764.26
192,3030,2733.11
193,3058,2813.41
194,3058,2760.64
195,3058,2812.75
196,3100,2804.89
197,3100,2878.25
198,3100,2805.57
199,3100,2839.4
200,3100,2942.67
201,3100,2939.59
202,3100,2979.74
203,3100,2980.05
204,3100,2984.98
205,3100,2953.8
206,3100,2867.73
207,3100,3014.86
208,2459,1737.94
209,2459,1831.71
210,2459,1922.32
211,2540,2014.32
212,2559,2066.23
213,2711,2108.76
214,2659,2179.65
215,2701,2258.83
216,2803,2361.51
217,2803,2377.5
218,2873,2443.01
219,2873,2474.46
220,2873,2560.84
221,2877,2626.64
222,2892,2624.94
223,2892,2640.5
224,2928,2689.28
225,2974,2724.88
226,3017,2751.11
227,3017,2698.58
228,3045,2775.46
229,3045,2780.01
230,3076,2756.02
231,3076,2840.41
232,3076,2857.52
233,3076,2826.5
234,3076,2842.63
235,3076,2864.73
236,3100,2861.77
237,3100,2861.64
238,3100,2773.87
239,3100,2885.95
240,3100,2864.96
241,3100,2887.37
242,3100,2870.93
243,3100,2868.03
244,3100,2902.89
245,3100,2943.2
246,3100,2901.93
247,3100,2886.96
248,3100,2903.07
249,3100,2899.58
250,3100,2864.8
251,3100,2897.38
252,3100,2874.55
253,3100,2866.12
254,3100,2870.83
255,3100,2941.86
256,3100,2894.21
257,3100,2992.91
258,3100,2985.75
259,3100,2896.76
260,3100,2975.54
261,3100,2930.24
262,3100,2855.26
263,3100,2980.3
264,3100,2934.51
265,3100,2956.07
266,3100,2977.15
267,3100,2872.86
268,3100,2869.24
269,3100,3016.33
270,3100,1712.18
271,3100,1878.89
272,3100,2027.77
273,2866,2083.67
274,2866,2228.36
275,2866,2326.1
276,2866,2364.75
277,2939,2420.68
278,2939,2572.36
279,3017,2641.39
280,3017,2688.65
281,3017,2758.47
282,3100,2793.03
283,3100,2798.56
284,3100,2814.39
285,3100,2838.8
286,3100,2809.67
287,3100,2829.22
288,3100,2894.43
289,3100,2928.4
290,3100,2930.88
291,3100,2925.44
292,3100,2944.19
293,3100,2955.58
294,3100,2984.45
295,3100,2996.6
296,3100,2975.38
297,3100,2932.04
298,3100,2959.7
299,3100,2878.48
Population size,100
Crossover rate,0.51
Mutation rate,0.79
Random selection portion,0.03
Selection method,AForge.Genetic.RankSelection
Diversity check,False
Iteration,FitnessMax,FitnessAvg
0,2424,1639.73
1,2587,1858.26
2,2587,1929.46
3,2614,2125.57
4,2614,2129.37
5,2629,2257.67
6,2675,2307.61
7,2758,2310.22
8,2758,2427.42
9,2897,2469.3
10,2897,2501.83
11,2897,2526.88
12,2939,2615.76
13,3008,2669.15
14,3008,2714.13
15,2980,2754.98
16,2980,2773.14
17,3008,2756.78
18,3008,2776.95
19,3058,2768.38
20,3058,2819.42
21,3026,2766.6
22,3026,2861.81
23,3026,2852.19
24,3058,2858.14
25,3058,2851.85
26,3058,2818.07
27,3058,2842.12
28,3086,2838.22
29,3086,2823.06
30,3086,2877.55
31,3086,2868.95
32,3100,2865.2
33,3100,2935.41
34,3100,2897.51
35,3100,2870.5
36,3100,2908.06
37,3100,2961.18
38,3100,2966.36
39,3100,2899.41
40,3100,2805.55
41,3100,2875.23
42,3100,2945.86
43,3100,2864.32
44,3100,2896.2
45,3100,2920.41
46,3100,2927.37
47,3100,2952.86
48,3100,3002.97
49,3100,2977.73
50,3100,2925.26
51,3100,2959.98
52,3100,2951.19
53,3100,2968.04
54,3100,2886.85
55,3100,2974.72
56,3100,3031.62
57,3100,2971.45
58,3100,2984.62
59,3100,3013.54
60,3100,2907.79
61,3100,2876.84
62,3100,2897.89
63,3100,2938.93
64,3100,2974.77
65,3100,2916.19
66,3100,2949.27
67,3100,2921.74
68,3100,2891.56
69,3100,2956.17
70,3100,2931.65
71,3100,2938.37
72,3100,2911.6
73,3100,2901.07
74,3100,2944.24
75,3100,2952.41
76,3100,2944.73
77,3100,2948.75
78,3100,2977.63
79,3100,2983.49
80,3100,2977.36
81,3100,2999.6
82,3100,2963.15
83,3100,2958.24
84,3100,2957.73
85,3100,2931.25
86,3100,2992.02
87,3100,3012.12
88,3100,2994.27
89,3100,2984.62
90,3100,2950.27
91,3100,2964.23
92,3100,2952.84
93,3100,2972.69
94,3100,2968.54
95,3100,2973.69
96,3100,2991.15
97,3100,2836.66
98,3100,2897.26
99,3100,2976.82
100,3100,2967.84
101,3100,2936.51
102,3100,2971.39
103,3100,2951.77
104,3100,2931.37
105,3100,2967.05
106,3100,2993.1
107,3100,2929.75
108,3100,2968.3
109,3100,2978.87
110,3100,2883.31
111,3100,2940.53
112,3100,2957.83
113,3100,2987.55
114,3100,2930.55
115,3100,2922.32
116,3100,2970.37
117,3100,2923.19
118,3100,2924
119,3100,2997.34
120,3100,3005.02
121,3100,2960.54
122,3100,2985.92
123,3100,2917.02
124,3100,2917.16
125,3100,2903.36
126,3100,2999.89
127,3100,2956.1
128,3100,2858.2
129,3100,2972.9
130,3100,2880.96
131,3100,2971.16
132,3100,2990.11
133,3100,2995.68
134,3100,2978.38
135,3100,2947.73
136,3100,2944.42
137,3100,2978.84
138,3100,2943
139,3100,3017.11
140,3100,2982.18
141,3100,3004.96
142,3100,2998.82
143,3100,3000.78
144,3100,2928.8
145,3100,2980.96
146,3100,3009.43
147,3100,3015.12
148,3100,3035.78
149,3100,2983.66
150,3100,2983.79
151,3100,2979.14
152,3100,3001.54
153,3100,2998.72
154,3100,3029.09
155,3100,3002.51
156,3100,2961.42
157,3100,2978.91
158,3100,2907.69
159,3100,2927.38
160,3100,3008.35
161,3100,2948.78
162,3100,2995.03
163,3100,2985.38
164,3100,3001.93
165,3100,2977.52
166,3100,2948.9
167,3100,2943.89
168,3100,2956.65
169,3100,2960.83
170,3100,2960.83
171,3100,2966.92
172,3100,2978.11
173,3100,2936.82
174,3100,2910.66
175,3100,2982.64
176,3100,2939.54
177,3100,2880.63
178,3100,2989.58
179,3100,3008.96
180,3100,2999.13
181,3100,2901.09
182,3100,2993.52
183,3100,2952.48
184,3100,2920.28
185,3100,2997.09
186,3100,2894.96
187,3100,2987.3
188,3100,2976.98
189,3100,2964.75
190,3100,2928.03
191,3100,2928.56
192,3100,2988.36
193,3100,2995.05
194,3100,2947.54
195,3100,2961.61
196,3100,2947.53
197,3100,2923.72
198,3100,2881.69
199,3100,2883.76
200,3100,2930.03
201,3100,2885.63
202,3100,2927.25
203,3100,3013.95
204,3100,2982.66
205,3100,3013.62
206,3100,3025.86
207,3100,2945.08
208,3100,2973.07
209,3100,2994.97
210,3100,2919.29
211,3100,2991.54
212,3100,2921.6
213,3100,2982.37
214,3100,2953.84
215,3100,2985.75
216,3100,2990.1
217,3100,2984.7
218,3100,2898.66
219,3100,2866.21
220,3100,2955.46
221,3100,2946.6
222,3100,2968.84
223,3100,2997.42
224,3100,3011.39
225,3100,3029.8
226,3100,3009.42
227,3100,2960.56
228,3100,2902.97
229,3100,2820.98
230,3100,2956.62
231,3100,2983.51
232,3100,3029.27
233,3100,2992.3
234,3100,3024.74
235,3100,3027.1
236,3100,3012.77
237,3100,3013.73
238,3100,2955.5
239,3100,2978.49
240,3100,2956.23
241,3100,2988.82
242,3100,2988.96
243,3100,3001.07
244,3100,2966.77
245,3100,2990.73
246,3100,2974.14
247,3100,2923.83
248,3100,2929.05
249,3100,2908.97
250,3100,2963.79
251,3100,3012.45
252,3100,2926.34
253,3100,3018.07
254,3100,3015.69
255,3100,2883.41
256,3100,2990.08
257,3100,3001.93
258,3100,2945.73
259,3100,2953.69
260,3100,2945.77
261,3100,2964.87
262,3100,2973.2
263,3100,2962.06
264,3100,2971.02
265,3100,2913.87
266,3100,2998.89
267,3100,3005.36
268,3100,2992.71
269,3100,2999.14
270,3100,2930.93
271,3100,2998.84
272,3100,3010.35
273,3100,2958.07
274,3100,3004.04
275,3100,3025.5
276,3100,3003.3
277,3100,2971.67
278,3100,2996.74
279,3100,3006.32
280,3100,2978.05
281,3100,2888.43
282,3100,2974.11
283,3100,2891.62
284,3100,2999.1
285,3100,2984.1
286,3100,2816.66
287,3100,2980.48
288,3100,2924.49
289,3100,2937.56
290,3100,2964.08
291,3100,2976.41
292,3100,2926.91
293,3100,2989.03
294,3100,2988.48
295,3100,3010.97
296,3100,2968.51
297,3100,2984.77
298,3100,2983.31
299,3100,2930.87
Population size,100
Crossover rate,0.22
Mutation rate,0.87
Random selection portion,0.03
Selection method,AForge.Genetic.EliteSelection
Diversity check,False
Iteration,FitnessMax,FitnessAvg
0,2314,1790.31
1,2366,1917.07
2,2367,2057.38
3,2622,2153.83
4,2622,2205.4
5,2687,2292.55
6,2856,2375.16
7,2856,2446.69
8,2856,2520.28
9,2944,2606.4
10,3003,2641.5
11,3045,2668.78
12,3045,2680.81
13,3045,2716.45
14,3045,2756.76
15,3045,2784.46
16,3045,2812.23
17,3045,2834
18,3045,2870.72
19,3086,2895.83
20,3086,2899.99
21,3100,2927.59
22,3100,2944.83
23,3100,2986.21
24,3100,2993.41
25,3100,2982.72
26,3100,2993.88
27,3100,3001.1
28,3100,2990.5
29,3100,2986.35
30,3100,3016.65
31,3100,3032.68
32,3100,3014.12
33,3100,3042.5
34,3100,3032.23
35,3100,3046.24
36,3100,3032.71
37,3100,3033.29
38,3100,3032.01
39,3100,3043.24
40,3100,3026.27
41,3100,3017.2
42,3100,3056.64
43,3100,3042.36
44,3100,3052.23
45,3100,3017.2
46,3100,3021.63
47,3100,3056.7
48,3100,3052.97
49,3100,3056
50,3100,3037.67
51,3100,3031.92
52,3100,3039.04
53,3100,3056.31
54,3100,3043.9
55,3100,3039.43
56,3100,3064.54
57,3100,3030.37
58,3100,3060.75
59,3100,3042.95
60,3100,3045.92
61,3100,3050.89
62,3100,3054.35
63,3100,3040.46
64,3100,3050.18
65,3100,3053.7
66,3100,3024.78
67,3100,3061.18
68,3100,3051.9
69,3100,3062.56
70,3100,3052.13
71,3100,3060.54
72,3100,3048.23
73,3100,3054.65
74,3100,3055.13
75,3100,3055.81
76,3100,3051.34
77,3100,3054.33
78,3100,3059.65
79,3100,3035.51
80,3100,3056.41
81,3100,3047.32
82,3100,3049.81
83,3100,3036.06
84,3100,3054.79
85,3100,3049.74
86,3100,3040.89
87,3100,3050.68
88,3100,3058.15
89,3100,3039.82
90,3100,3065.13
91,3100,3051.41
92,3100,3051.43
93,3100,3039.2
94,3100,3036.62
95,3100,3047.76
96,3100,3038.18
97,3100,3046.92
98,3100,3056.09
99,3100,3059.29
100,3100,3052.79
101,3100,3042.13
102,3100,3060.11
103,3100,3044.22
104,3100,3050.14
105,3100,3043.51
106,3100,3058.32
107,3100,3050.95
108,3100,3045.25
109,3100,3051.34
110,3100,3043.05
111,3100,3047.28
112,3100,3033.56
113,3100,3054.26
114,3100,3059.46
115,3100,3022.53
116,3100,3050.37
117,3100,3060.13
118,3100,3058.94
119,3100,3040.95
120,3100,3048.38
121,3100,3043.16
122,3100,3060.5
123,3100,3061.18
124,3100,3057.98
125,3100,3055.37
126,3100,3048.92
127,3100,3055.73
128,3100,3022.95
129,3100,3038.54
130,3100,3043.17
131,3100,3058.47
132,3100,3045.71
133,3100,3041.62
134,3100,3053.99
135,3100,3032.47
136,3100,3043.85
137,3100,3048.21
138,3100,3052.76
139,3100,3049.1
140,3100,3050.47
141,3100,3034.33
142,3100,3064.23
143,3100,3047.62
144,3100,3041.38
145,3100,3039.2
146,3100,3056.23
147,3100,3042.43
148,3100,3058.53
149,3100,3034.8
150,3100,3038.01
151,3100,3056.32
152,3100,3039.64
153,3100,3059.18
154,3100,3028.13
155,3100,3048.82
156,3100,3028.79
157,3100,3055.66
158,3100,3059.29
159,3100,3057.43
160,3100,3039.89
161,3100,3057.19
162,3100,3061.08
163,3100,3039.35
164,3100,3042.04
165,3100,3049.56
166,3100,3040.38
167,3100,3045.23
168,3100,3048.74
169,3100,3058.7
170,3100,3040.58
171,3100,3055.73
172,3100,3064.2
173,3100,3038.88
174,3100,3038
175,3100,3042.93
176,3100,3024.33
177,3100,3053.83
178,3100,3054.46
179,3100,3035.52
180,3100,3046.26
181,3100,3019.82
182,3100,3056.14
183,3100,3038.04
184,3100,3062.19
185,3100,3047.51
186,3100,3028.21
187,3100,3057.64
188,3100,3040.09
189,3100,3026.79
190,3100,3043.99
191,3100,3046.22
192,3100,3049.1
193,3100,3047.67
194,3100,3061.34
195,3100,3053.56
196,3100,3054.18
197,3100,3045.56
198,3100,3039.24
199,3100,3038.66
200,3100,3052.46
201,3100,3028.31
202,3100,3040.19
203,3100,3036.65
204,3100,3057.27
205,3100,3035.03
206,3100,3062.19
207,3100,3039.32
208,3100,3055.62
209,3100,3029.24
210,3100,3019.86
211,3100,3029.7
212,3100,3056.15
213,3100,3060.99
214,3100,3039.38
215,3100,3049.53
216,3100,3048.77
217,3100,3042.8
218,3100,3027.63
219,3100,3052.54
220,3100,3061.18
221,3100,3040.77
222,3100,3044.92
223,3100,3042.93
224,3100,3053.12
225,3100,3054.51
226,3100,3045.19
227,3100,3031.55
228,3100,3058.66
229,3100,3037.82
230,3100,3056.34
231,3100,3055.78
232,3100,3042.82
233,3100,3023.87
234,3100,3024.19
235,3100,3041.25
236,3100,3059.22
237,3100,3042.48
238,3100,3063.32
239,3100,3038.81
240,3100,3028.32
241,3100,3062.64
242,3100,3021.58
243,3100,3037.46
244,3100,3061.21
245,3100,3060.02
246,3100,3039.97
247,3100,3054.81
248,3100,3056.08
249,3100,3020.73
250,3100,3047.74
251,3100,3040.24
252,3100,3049.18
253,3100,3060
254,3100,3038.92
255,3100,3032.05
256,3100,3022.17
257,3100,3052.06
258,3100,3027.97
259,3100,3042.12
260,3100,3049.98
261,3100,3061.14
262,3100,3038.55
263,3100,3048.06
264,3100,3040.43
265,3100,3043.09
266,3100,3046.43
267,3100,3037.37
268,3100,3063.43
269,3100,3047.68
270,3100,3061.81
271,3100,3050.31
272,3100,3060.03
273,3100,3047.25
274,3100,3037.77
275,3100,3022.61
276,3100,3039.06
277,3100,3055.73
278,3100,3060.22
279,3100,3072.62
280,3100,3064.26
281,3100,3041.57
282,3100,3045.95
283,3100,3043.57
284,3100,3037.82
285,3100,3030.82
286,3100,3019.85
287,3100,3059.62
288,3100,3045.28
289,3100,3044.4
290,3100,3050.89
291,3100,3056.06
292,3100,3061.36
293,3100,3053.59
294,3100,3036.43
295,3100,3038.03
296,3100,3042.66
297,3100,3045.21
298,3100,3067.07
299,3100,3055.47
Population size,100
Crossover rate,0.22
Mutation rate,0.87
Random selection portion,0.03
Selection method,AForge.Genetic.EliteSelection
Diversity check,True
Iteration,FitnessMax,FitnessAvg
0,2382,1886.48
1,2382,2024.14
2,2492,2140.48
3,2661,2239.84
4,2784,2293.5
5,2878,2408.35
6,2878,2457.34
7,2878,2547.17
8,2920,2608.06
9,2920,2650.88
10,2920,2675.23
11,2953,2714.75
12,2953,2715.55
13,2953,2763.86
14,2995,2788.77
15,3022,2828.07
16,3032,2818.27
17,3032,2850.04
18,3032,2863.63
19,3032,2896.34
20,3032,2895.7
21,3032,2915.47
22,3032,2939.71
23,3032,2922.45
24,3032,2939.68
25,3046,2936.06
26,3046,2938.78
27,3046,2962.33
28,3046,1863.84
29,3046,2048.4
30,3046,2190.46
31,3046,2325.59
32,3046,2451.9
33,3046,2517.26
34,3046,2620.31
35,3046,2681.28
36,3046,2709.37
37,3046,2784.27
38,3046,2845.26
39,3046,2881.19
40,3100,2894.73
41,3100,2918.23
42,3100,2933.88
43,3100,2923.53
44,3100,2943.02
45,3100,2960.68
46,3100,2957.08
47,3100,2984.17
48,3100,2952.07
49,3100,2987.43
50,3100,3000
51,3100,3000.72
52,3100,3002.5
53,3100,3019.82
54,3100,1808.66
55,3100,1955.5
56,3100,2096.59
57,3100,2208.17
58,3100,2342.93
59,3100,2432.68
60,3100,2545.47
61,3100,2652.64
62,3100,2719.8
63,3100,2813.07
64,3100,2833.2
65,3100,2906.77
66,3100,2922.62
67,3100,2951.42
68,3100,2975.27
69,3100,2993.8
70,3100,3015.39
71,3100,1812.51
72,3100,1990.03
73,3100,2167.42
74,3100,2268.74
75,3100,2354.54
76,3100,2452.86
77,3100,2517.56
78,3100,2659.97
79,3100,2710.22
80,3100,2767
81,3100,2837.13
82,3100,2844.93
83,3100,2893.86
84,3100,2917.29
85,3100,2939.19
86,3100,2985.24
87,3100,2977.64
88,3100,2999.51
89,3100,3012.45
90,3100,1877.64
91,3100,2017.2
92,3100,2172.97
93,3100,2253.45
94,3100,2331.83
95,3100,2452.07
96,3100,2574.37
97,3100,2675.39
98,3100,2781.96
99,3100,2838.53
100,3100,2893.83
101,3100,2926.41
102,3100,2962.74
103,3100,2987.03
104,3100,3010.6
105,3100,1805.09
106,3100,2001.61
107,3100,2174.1
108,3100,2258.42
109,3100,2386.97
110,3100,2516.75
111,3100,2626.42
112,3100,2719.14
113,3100,2776.35
114,3100,2871.08
115,3100,2885.85
116,3100,2901.29
117,3100,2936.33
118,3100,2973.29
119,3100,2988.16
120,3100,3005.47
121,3100,3014.67
122,3100,1786.45
123,3100,1952.51
124,3100,2094.48
125,3100,2214.05
126,3100,2313.42
127,3100,2470.24
128,3100,2644.65
129,3100,2737.91
130,3100,2815.29
131,3100,2844.79
132,3100,2903.34
133,3100,2909.54
134,3100,2921.72
135,3100,2983.99
136,3100,2998.41
137,3100,2987.97
138,3100,3021.32
139,3100,1862.31
140,3100,2024.01
141,3100,2172.32
142,3100,2326.35
143,3100,2441.7
144,3100,2605.08
145,3100,2698.09
146,3100,2766.75
147,3100,2807.6
148,3100,2880.97
149,3100,2870.93
150,3100,2931.69
151,3100,2956.63
152,3100,2974.55
153,3100,2988.69
154,3100,2991.06
155,3100,3003.38
156,3100,3017.19
157,3100,1753.14
158,3100,1931.25
159,3100,2084.53
160,3100,2203.21
161,3100,2353.93
162,3100,2476.46
163,3100,2556.13
164,3100,2667.84
165,3100,2723.2
166,3100,2779.27
167,3100,2817.48
168,3100,2839.75
169,3100,2877.45
170,3100,2897.63
171,3100,2939.6
172,3100,2932.38
173,3100,2968.57
174,3100,2992.98
175,3100,2985.8
176,3100,2986.01
177,3100,3025.51
178,3100,1905.54
179,3100,2120.23
180,3100,2240.4
181,3100,2343.3
182,3100,2463.83
183,3100,2610.1
184,3100,2758.2
185,3100,2823.67
186,3100,2886.11
187,3100,2930.4
188,3100,2962.29
189,3100,2986.29
190,3100,2998.38
191,3100,3006.95
192,3100,2997.38
193,3100,3028.78
194,3100,1805.5
195,3100,1959.45
196,3100,2076.38
197,3100,2156.61
198,3100,2275.29
199,3100,2374.87
200,3100,2480.24
201,3100,2623.72
202,3100,2757.53
203,3100,2790.94
204,3100,2880.68
205,3100,2908.03
206,3100,2916.47
207,3100,2943.23
208,3100,2987.35
209,3100,2993.13
210,3100,2993.63
211,3100,3030.97
212,3100,1828.22
213,3100,1984.12
214,3100,2100.97
215,3100,2254.79
216,3100,2350.32
217,3100,2451.07
218,3100,2540.15
219,3100,2669.96
220,3100,2766.93
221,3100,2843.21
222,3100,2889.56
223,3100,2920.91
224,3100,2914.65
225,3100,2923.69
226,3100,2957.6
227,3100,2977.65
228,3100,3007.41
229,3100,1854.65
230,3100,2036.54
231,3100,2168.48
232,3100,2298.92
233,3100,2465.27
234,3100,2572.25
235,3100,2676.94
236,3100,2745.24
237,3100,2803.21
238,3100,2883.26
239,3100,2910.29
240,3100,2926.89
241,3100,2960.13
242,3100,2984.17
243,3100,2988.29
244,3100,3025.3
245,3100,1890.27
246,3100,2039.46
247,3100,2175.77
248,3100,2284.11
249,3100,2404.73
250,3100,2497.37
251,3100,2632.48
252,3100,2734.64
253,3100,2791.76
254,3100,2809.89
255,3100,2860.96
256,3100,2924.61
257,3100,2944.38
258,3100,2977.38
259,3100,3009.32
260,3100,1834.6
261,3100,1957.82
262,3100,2117.03
263,3100,2255.18
264,3100,2367.6
265,3100,2484.96
266,3100,2632.94
267,3100,2713.53
268,3100,2798.81
269,3100,2832.78
270,3100,2858.65
271,3100,2930.96
272,3100,2930.01
273,3100,2959.75
274,3100,2967.9
275,3100,3012.62
276,3100,1870.67
277,3100,2038.57
278,3100,2126.29
279,3100,2271.01
280,3100,2350.79
281,3100,2524.23
282,3100,2618.57
283,3100,2679.56
284,3100,2760.36
285,3100,2810.47
286,3100,2840.69
287,3100,2881.39
288,3100,2900.36
289,3100,2940.18
290,3100,2962.08
291,3100,2975.49
292,3100,2985.59
293,3100,3000.19
294,3100,3026.26
295,3100,1852.45
296,3100,1968.46
297,3100,2071.51
298,3100,2196.79
299,3100,2330.09
Population size,100
Crossover rate,0.22
Mutation rate,0.87
Random selection portion,0.03
Selection method,AForge.Genetic.EliteSelection
Diversity check,True
Iteration,FitnessMax,FitnessAvg
0,2517,1867.3
1,2517,2049.43
2,2517,2175.28
3,2651,2275.12
4,2651,2325.36
5,2746,2404.02
6,2746,2474.57
7,2779,2505.33
8,2783,2585.46
9,2802,2625.63
10,2861,2647.16
11,2903,2686.27
12,2903,2723.05
13,3030,2717.57
14,3030,2779.49
15,3032,2813.11
16,3032,2820.53
17,3058,2865
18,3100,2868.51
19,3100,2904.9
20,3100,2883.67
21,3100,2937.26
22,3100,2932.25
23,3100,2960.24
24,3100,2962.03
25,3100,2976.17
26,3100,3001.88
27,3100,3008.33
28,3100,1861.25
29,3100,2022.4
30,3100,2171.15
31,3100,2347.95
32,3100,2463.7
33,3100,2580.31
34,3100,2704.51
35,3100,2795.11
36,3100,2864.03
37,3100,2871.8
38,3100,2887.84
39,3100,2895.3
40,3100,2945.53
41,3100,2978.1
42,3100,2966.04
43,3100,2980
44,3100,2998.18
45,3100,3038.24
46,3100,1787.2
47,3100,1945.86
48,3100,2098.95
49,3100,2216.23
Population size,100
Crossover rate,0.22
Mutation rate,0.87
Random selection portion,0.03
Selection method,AForge.Genetic.EliteSelection
Diversity check,True
Iteration,FitnessMax,FitnessAvg
0,2617,1834.41
1,2711,2010.19
2,2711,2130.03
3,2711,2220.56
4,2711,2302.41
5,2711,2352.34
6,2734,2423.83
7,2764,2515.62
8,2865,2538.73
9,2865,2574.34
10,2886,2624.43
11,2887,2679.17
12,2887,2707.92
13,2935,2709.24
14,3016,2738.81
15,3016,2753.97
16,3016,2787.27
17,3016,2784.89
18,3016,2828.26
19,3016,2841.23
20,3016,2881.47
21,3058,2883.35
22,3058,2891.58
23,3086,2913.69
24,3100,2940.92
25,3100,2953
26,3100,2943.64
27,3100,2965.54
28,3100,2931.03
29,3100,2971.31
