Population size,100
Crossover rate,0.66
Mutation rate,0.34
Random selection portion,0.03
Selection method,AForge.Genetic.RouletteWheelSelection
Diversity check,False
Iteration,FitnessMax,FitnessAvg
0,1340,863.5
1,1340,881.17
2,1339,902.75
3,1339,953.03
4,1340,1003.89
5,1379,1020.42
6,1379,1042.7
7,1379,1039.5
8,1379,996.89
9,1379,1001.85
10,1379,1026.41
11,1446,1033.32
12,1446,1072.75
13,1446,1056.58
14,1379,1066.05
15,1379,1074.71
16,1379,1102.34
17,1379,1104.82
18,1379,1097.08
19,1379,1110.45
20,1379,1130.66
21,1379,1142.53
22,1379,1139.78
23,1379,1144.22
24,1446,1156.2
25,1446,1133.12
26,1446,1155.1
27,1446,1155.22
28,1446,1170.43
29,1446,1187.86
30,1446,1171.01
31,1446,1144.64
32,1446,1137.98
33,1446,1124.88
34,1446,1134.69
35,1446,1131.82
36,1446,1128.91
37,1446,1147.15
38,1446,1116.4
39,1446,1114.84
40,1446,1145.7
41,1446,1114.01
42,1446,1132.28
43,1446,1127.18
44,1446,1134.3
45,1446,1156.76
46,1446,1189.56
47,1446,1192.16
48,1446,1249.78
49,1446,1248.6
50,1446,1235.21
51,1446,1246.07
52,1446,1228.44
53,1446,1240.94
54,1446,1213.58
55,1446,1223.34
56,1446,1210.53
57,1446,1199.75
58,1446,1200.76
59,1446,1180.14
60,1446,1202.02
61,1446,1204.94
62,1446,1222.67
63,1446,1203.21
64,1446,1216.72
65,1446,1192.83
66,1446,1228.91
67,1446,1240.4
68,1446,1238.84
69,1446,1221.61
70,1446,1199.89
71,1446,1185.76
72,1446,1230.69
73,1446,1247.18
74,1446,1225.6
75,1446,1224.85
76,1446,1218.33
77,1446,1191.09
78,1446,1188.84
79,1446,1196.33
80,1446,1199.78
81,1446,1187.36
82,1446,1163.9
83,1446,1131.75
84,1446,1138.33
85,1446,1186.63
86,1446,1211.99
87,1446,1248.77
88,1446,1231.5
89,1446,1236.73
90,1446,1203.55
91,1446,1216.89
92,1446,1229.9
93,1446,1207.42
94,1446,1199.88
95,1446,1211.3
96,1446,1199.47
97,1446,1192.06
98,1446,1250.85
99,1446,1243.98
100,1446,1224.6
101,1446,1205.54
102,1446,1193.44
103,1446,1194.81
104,1446,1203.39
105,1446,1193.87
106,1446,1242.56
107,1446,1262.34
108,1446,1249.58
109,1446,1171.53
110,1446,1156.54
111,1446,1175.34
112,1446,1189.87
113,1446,1184
114,1446,1174.09
115,1446,1195.32
116,1446,1192.35
117,1446,1191.51
118,1446,1162.2
119,1446,1141.57
120,1446,1175.91
121,1446,1181.25
122,1446,1157
123,1446,1188.96
124,1446,1203.23
125,1446,1174.19
126,1446,1163.57
127,1446,1179.6
128,1446,1203.65
129,1446,1227.36
130,1446,1247.45
131,1446,1233.18
132,1446,1225.21
133,1446,1248.6
134,1446,1233.14
135,1446,1225.16
136,1446,1208.8
137,1446,1238.26
138,1446,1235.37
139,1446,1247.55
140,1446,1258.26
141,1446,1246.84
142,1446,1267.85
143,1446,1262.06
144,1446,1259.91
145,1446,1241.05
146,1446,1233.12
147,1446,1234.89
148,1446,1178.55
149,1446,1202.31
150,1446,1259.63
151,1446,1255.52
152,1446,1279.29
153,1446,1289.58
154,1446,1288.12
155,1446,1255.46
156,1446,1258.09
157,1446,1272.94
158,1446,1266.4
159,1446,1273.98
160,1446,1278.4
161,1446,1288.7
162,1446,1264.36
163,1446,1281.46
164,1446,1241.3
165,1446,1244.08
166,1446,1247.66
167,1446,1264.51
168,1446,1257.28
169,1446,1252.2
170,1446,1263.18
171,1446,1258.67
172,1446,1284.57
173,1446,1285.91
174,1446,1274.31
175,1446,1276.92
176,1446,1251.56
177,1446,1225.61
178,1446,1208.06
179,1446,1202.9
180,1446,1227.87
181,1446,1214.45
182,1446,1175.83
183,1446,1231.41
184,1446,1227.19
185,1446,1239.8
186,1446,1202.86
187,1446,1212.73
188,1446,1187.4
189,1446,1189.34
190,1446,1182.56
191,1446,1173.9
192,1446,1188.38
193,1446,1193.5
194,1446,1195.79
195,1446,1190.6
196,1446,1194.25
197,1446,1166.96
198,1446,1178.74
199,1446,1204.61
200,1446,1216.47
201,1446,1175.74
202,1446,1185.93
203,1446,1181.94
204,1446,1195.69
205,1446,1176.68
206,1446,1162.61
207,1446,1179.51
208,1446,1174.6
209,1446,1185.35
210,1446,1151.97
211,1446,1240.3
212,1446,1217.01
213,1446,1234.62
214,1446,1232.6
215,1446,1205.66
216,1446,1217
217,1446,1245.09
218,1446,1204.34
219,1446,1254.94
220,1446,1248.49
221,1446,1261.94
222,1446,1239.11
223,1446,1240.07
224,1446,1261.17
225,1446,1287.14
226,1446,1282.69
227,1446,1283.37
228,1446,1287.07
229,1446,1278.37
230,1446,1314.41
231,1446,1292.71
232,1446,1281.92
233,1446,1268.56
234,1446,1229.38
235,1446,1231.9
236,1446,1254.43
237,1446,1267.3
238,1446,1259.95
239,1446,1287.06
240,1446,1298.1
241,1446,1267.5
242,1446,1261.49
243,1446,1250.6
244,1446,1268.85
245,1446,1259.17
246,1446,1227.46
247,1446,1224.59
248,1446,1194.8
249,1446,1182.66
250,1446,1187.31
251,1446,1173.95
252,1446,1182.51
253,1446,1189.45
254,1446,1210.64
255,1446,1229.32
256,1446,1269.79
257,1446,1251.13
258,1446,1229.06
259,1446,1206.72
260,1446,1205.99
261,1446,1187.12
262,1446,1207.21
263,1446,1178.44
264,1446,1172.16
265,1446,1183.96
266,1446,1170.19
267,1446,1165.79
268,1446,1191.74
269,1446,1220.6
270,1446,1238.71
271,1446,1211.57
272,1446,1234.53
273,1446,1251.41
274,1446,1236.8
275,1446,1222.72
276,1446,1199.6
277,1446,1166.1
278,1446,1157.13
279,1446,1169.31
280,1446,1211.48
281,1446,1218.41
282,1446,1173.99
283,1446,1159.55
284,1446,1144.16
285,1446,1126.25
286,1446,1114.07
287,1446,1096
288,1446,1118.67
289,1446,1125.85
290,1446,1155.85
291,1446,1145.76
292,1446,1175.67
293,1446,1188.81
294,1446,1192.05
295,1446,1172.49
296,1446,1180.84
297,1446,1182.8
298,1446,1193.4
299,1446,1191.76
Population size,100
Crossover rate,0.66
Mutation rate,0.34
Random selection portion,0.03
Selection method,AForge.Genetic.RouletteWheelSelection
Diversity check,True
Iteration,FitnessMax,FitnessAvg
0,1331,804.91
1,1291,818.72
2,1406,884.58
3,1406,932.79
4,1406,947.92
5,1406,970.68
6,1406,1015.62
7,1406,1081.64
8,1406,1112.2
9,1406,1084.09
10,1406,1074.84
11,1406,1025.48
12,1406,1071.41
13,1406,1102.97
14,1406,1114.12
15,1446,1107.08
16,1370,1110.8
17,1341,1126.63
18,1370,1144.5
19,1406,1169.89
20,1446,1151.41
21,1446,1166.06
22,1406,1126.54
23,1406,1113.32
24,1406,1158.37
25,1406,1114.97
26,1406,1125.05
27,1406,1125.77
28,1406,1111.64
29,1406,1158.31
30,1406,1148.06
31,1406,1122.95
32,1406,1164.76
33,1406,1148.23
34,1341,1173.11
35,1341,1168.34
36,1406,1152.6
37,1406,1153.85
38,1341,1146.03
39,1341,1146.7
40,1341,1125.6
41,1341,1148.86
42,1406,1150.09
43,1406,1156.72
44,1406,1131.72
45,1406,1173.61
46,1406,1164.8
47,1406,1157.2
48,1406,1163.57
49,1406,1180.78
50,1406,1140.14
51,1406,1137.54
52,1406,1179.97
53,1406,1154.71
54,1406,1121.31
55,1406,1114.91
56,1406,1138.94
57,1406,1131.24
58,1406,1118.95
59,1339,1099.62
60,1341,1138.15
61,1379,1152.77
62,1379,1145.92
63,1379,1106.79
64,1379,1103.98
65,1379,1128.63
66,1379,1150.04
67,1379,1127.8
68,1379,1153.31
69,1379,1135.78
70,1379,1115.43
71,1406,1143.49
72,1341,1153.74
73,1340,1114.92
74,1341,1111.13
75,1331,1071.26
76,1331,1101.88
77,1341,1109.58
78,1341,1105.24
79,1341,1108.73
80,1341,1114.16
81,1341,1115.3
82,1341,1113.02
83,1341,1112.51
84,1379,1082.83
85,1379,1115.11
86,1379,1121.95
87,1379,1098.46
88,1446,1094.83
89,1446,1125.56
90,1446,1130.43
91,1341,1107.66
92,1370,1097.1
93,1406,1104.95
94,1406,1091.26
95,1406,1075.54
96,1341,1061.86
97,1341,1075.28
98,1341,1047.73
99,1341,1069.1
100,1341,1055.34
101,1406,1070.53
102,1406,1042.19
103,1341,1021.74
104,1341,1052.06
105,1340,1063.76
106,1340,1069.12
107,1341,1114.28
108,1341,1121.23
109,1341,1102.34
110,1446,1125.67
111,1446,1095.02
112,1446,1109.72
113,1446,1093.54
114,1446,1097.86
115,1446,1089.81
116,1446,1053.71
117,1446,1071.73
118,1406,1085.87
119,1406,1074.94
120,1406,1123.15
121,1406,1136.47
122,1406,1148.99
123,1406,1157.79
124,1406,1137.41
125,1406,1161.97
126,1379,1187.36
127,1379,1156.77
128,1379,1162.81
129,1406,1188.02
130,1406,1184.31
131,1406,1152.36
132,1331,1117.84
133,1331,1114.23
134,1331,1115.76
135,1341,1141.2
136,1331,1121.57
137,1331,1112.48
138,1331,1088.16
139,1331,1115.12
140,1406,1118.04
141,1331,1084.73
142,1331,1101.42
143,1331,1123.3
144,1379,1145.07
145,1331,1119.24
146,1331,1131.75
147,1331,1147.7
148,1331,1153.97
149,1331,1142.3
150,1331,1142.43
151,1331,1137.24
152,1331,1134.33
153,1331,1141.36
154,1339,1135.75
155,1341,1133.45
156,1331,1091.83
157,1331,1102.01
158,1446,1096.01
159,1331,1103.31
160,1406,1107.91
161,1406,1084.13
162,1406,1084.38
163,1406,1081.99
164,1406,1120.64
165,1406,1122.11
166,1406,1117.55
167,1406,1104.57
168,1406,1135.07
169,1406,1139.19
170,1406,1106.56
171,1406,1110.09
172,1406,1113.74
173,1406,1107.7
174,1406,1113.75
175,1406,1102.17
176,1406,1071.52
177,1446,1063.82
178,1406,1098.69
179,1446,1106.31
180,1446,1125.7
181,1446,1108.46
182,1406,1097.49
183,1446,1124.07
184,1446,1142.36
185,1446,1172.94
186,1406,1157.66
187,1406,1156.7
188,1379,1152.46
189,1406,1135.41
190,1406,1163.81
191,1406,1150.22
192,1406,1160.14
193,1406,1153.75
194,1406,1154.04
195,1406,1172.67
196,1379,1159.49
197,1379,1168.3
198,1379,1160.41
199,1406,1165.68
200,1406,1135.38
201,1406,1114.53
202,1406,1131.46
203,1406,1156.97
204,1406,1167.09
205,1406,1147.14
206,1379,1148.81
207,1406,1158.63
208,1406,1176.28
209,1406,1159.12
210,1406,1176.93
211,1406,1154.98
212,1406,1167.41
213,1406,1192.46
214,1406,1174.03
215,1406,1170.17
216,1406,1158.38
217,1406,1167.31
218,1406,1165.49
219,1406,1152.95
220,1406,1141.48
221,1406,1166.59
222,1446,1152.97
223,1406,1159.41
224,1406,1132.02
225,1406,1136.67
226,1406,1123
227,1406,1103.84
228,1406,1125.97
229,1406,1139
230,1406,1185.18
231,1406,1180.11
232,1406,1200.29
233,1406,1165.43
234,1406,1202.36
235,1406,1181.82
236,1406,1154.24
237,1406,1212.96
238,1406,1203.5
239,1406,1214.46
240,1406,1201.03
241,1406,1215.29
242,1406,1201.58
243,1406,1231.03
244,1406,1200.85
245,1406,1198.24
246,1406,1218.26
247,1406,1236.47
248,1406,1193.46
249,1406,1211.9
250,1406,1211.27
251,1406,1236.42
252,1406,1249.41
253,1406,1261.13
254,1406,1233.32
255,1406,1200.78
256,1406,1184.15
257,1406,1187.78
258,1406,1181.26
259,1406,1167.17
260,1406,1212.36
261,1406,1182.25
262,1406,1158.36
263,1406,1149.78
264,1406,1168.85
265,1406,1200.62
266,1406,1176.69
267,1406,1183.4
268,1406,1152.22
269,1406,1140.16
270,1406,1135.31
271,1406,1152.95
272,1406,1135.08
273,1406,1142.21
274,1406,1126.54
275,1406,1129.24
276,1406,1140.2
277,1406,1153.09
278,1406,1114.5
279,1406,1130.82
280,1406,1166.85
281,1406,1222.24
282,1406,1206.01
283,1406,1222.29
284,1406,1167.77
285,1406,1185.49
286,1406,1160.03
287,1406,1162.39
288,1406,1165.36
289,1406,1163.55
290,1446,1183.74
291,1446,1191.04
292,1446,1205.67
293,1446,1241.54
294,1446,1228.15
295,1446,1201.95
296,1406,1185.68
297,1406,1186.72
298,1406,1186.2
299,1406,1188.07
Population size,100
Crossover rate,0.51
Mutation rate,0.79
Random selection portion,0.03
Selection method,AForge.Genetic.RankSelection
Diversity check,True
Iteration,FitnessMax,FitnessAvg
0,1379,876.54
1,1274,967.65
2,1370,1010.8
3,1446,1069.03
4,1446,1119.48
5,1446,1110.85
6,1446,1150.58
7,1446,1209.89
8,1446,1252.21
9,1446,1307.73
10,1446,1321.12
11,1446,1361.36
12,1446,1343.94
13,1446,1364.15
14,1446,1359.9
15,1446,1358.86
16,1446,1375.24
17,1446,1382.84
18,1446,1374.21
19,1446,1386.89
20,1446,1388.93
21,1446,1355.9
22,1446,1389.2
23,1446,1372.52
24,1446,1382.95
25,1446,1388.53
26,1446,1387.43
27,1446,1389.05
28,1446,1385.76
29,1446,1389.72
30,1446,1387.01
31,1446,1378.16
32,1446,1379.82
33,1446,1385.27
34,1446,1397
35,1446,1377.76
36,1446,1391.98
37,1446,1361.98
38,1446,1371.38
39,1446,1369.87
40,1446,1379.08
41,1446,1352.52
42,1446,1348.88
43,1446,1363.19
44,1446,1358.3
45,1446,1356.81
46,1446,1368.97
47,1446,1381.62
48,1446,1381.76
49,1446,1375.57
50,1446,1387.16
51,1446,1381.72
52,1446,1371.25
53,1446,1389.4
54,1446,1389.36
55,1446,1381.23
56,1446,1381.59
57,1446,1370.39
58,1446,1383.25
59,1446,1385.07
60,1446,1379.22
61,1446,1393.1
62,1446,1388.26
63,1446,1380.02
64,1446,1375.27
65,1446,1378.89
66,1446,1389.57
67,1446,1377.46
68,1446,1355.99
69,1446,1375.45
70,1446,1381.95
71,1446,1386.38
72,1446,1373.03
73,1446,1384.19
74,1446,1359.35
75,1446,1370.76
76,1446,1378.24
77,1446,1385.36
78,1446,1376.61
79,1446,1366.76
80,1446,1380.07
81,1446,1360.3
82,1446,1382.11
83,1446,1382.57
84,1446,1363.75
85,1446,1325.28
86,1446,1373.97
87,1446,1381.04
88,1446,1371.62
89,1446,1373.62
90,1446,1373.23
91,1446,1372.58
92,1446,1378.97
93,1446,1388.09
94,1446,1363.26
95,1446,1384.6
96,1446,1404.3
97,1195,772.01
98,1259,904.93
99,1379,958.18
100,1379,1058.81
101,1379,1098.21
102,1379,1106.88
103,1406,1110.79
104,1379,1143.19
105,1406,1165.49
106,1406,1146.38
107,1406,1178.07
108,1406,1216.33
109,1406,1237.35
110,1406,1274.52
111,1406,1269.54
112,1406,1281.86
113,1406,1322.8
114,1406,1315.24
115,1406,1297.4
116,1406,1292.48
117,1406,1253.44
118,1406,1298.89
119,1406,1314.48
120,1406,1281.59
121,1406,1290.03
122,1406,1291.11
123,1406,1318.24
124,1406,1313.64
125,1406,1353.75
126,1406,1310.96
127,1406,1357.29
128,1406,1333.48
129,1406,1310.33
130,1406,1321.97
131,1406,1356.21
132,1406,1337.98
133,1406,1331.02
134,1406,1350.95
135,1406,1307.94
136,1406,1317.02
137,1406,1306.26
138,1406,1340.14
139,1406,1349.33
140,1406,1322.61
141,1406,1342.25
142,1406,1308.94
143,1406,1331.68
144,1406,1295.41
145,1406,1335
146,1406,1333.27
147,1406,1328.71
148,1406,1332.58
149,1406,1332.51
150,1406,1316.82
151,1406,1307.79
152,1406,1313.3
153,1406,1321.26
154,1406,1326.54
155,1406,1321.72
156,1406,1325.82
157,1406,1341.93
158,1406,1315.95
159,1406,1320.22
160,1406,1313.9
161,1406,1319.34
162,1406,1329.63
163,1406,1334.3
164,1406,1335.32
165,1406,1346.27
166,1406,1331.4
167,1406,1320.88
168,1406,1301.82
169,1406,1275.08
170,1406,1309.45
171,1406,1324.8
172,1406,1299.6
173,1406,1318.38
174,1406,1335.2
175,1406,1326.64
176,1406,1309.7
177,1406,1314.82
178,1406,1295.43
179,1406,1313.69
180,1406,1315.01
181,1406,1333.77
182,1406,1343.24
183,1406,1322.84
184,1406,1329.37
185,1406,1340.67
186,1406,1344.43
187,1406,1322.52
188,1406,1317.71
189,1406,1321.56
190,1406,1355.55
191,1406,1371.34
192,1370,820.92
193,1370,941.82
194,1370,991.99
195,1379,1068.31
196,1379,1101.68
197,1379,1148.07
198,1379,1194.66
199,1379,1172.22
200,1446,1184.97
201,1446,1216.53
202,1446,1254.42
203,1446,1267.34
204,1446,1270.91
205,1446,1284.2
206,1446,1254.23
207,1446,1227.69
208,1446,1273.5
209,1446,1283.68
210,1446,1309.84
211,1446,1312.68
212,1446,1324.26
213,1446,1328.95
214,1446,1357.85
215,1446,1350.31
216,1446,1365.21
217,1446,1384.29
218,1446,1380.36
219,1446,1396.39
220,1446,1381.54
221,1446,1404.28
222,1446,916.33
223,1446,973.56
224,1446,1047.64
225,1446,1112.93
226,1446,1162.67
227,1446,1193.34
228,1446,1202.93
229,1446,1223.6
230,1446,1222.14
231,1446,1258.56
232,1446,1294.92
233,1446,1306.45
234,1446,1320.94
235,1446,1358.38
236,1446,1351.69
237,1446,1350.1
238,1446,1372.79
239,1446,1379.99
240,1446,1367.26
241,1446,1373.97
242,1446,1386.6
243,1446,1375.1
244,1446,1379.03
245,1446,1349.78
246,1446,1373.35
247,1446,1375.13
248,1446,1372.8
249,1446,1379.85
250,1446,1383.63
251,1446,1367.74
252,1446,1369.88
253,1446,1389.86
254,1446,1382.35
255,1446,1374.15
256,1446,1362.21
257,1446,1383.37
258,1446,1373.55
259,1446,1371.78
260,1446,1377.87
261,1446,1367.74
262,1446,1365.5
263,1446,1367.18
264,1446,1384.56
265,1446,1404.04
266,1446,885.68
267,1446,951.34
268,1446,1063.42
269,1446,1102.71
270,1446,1157.36
271,1446,1207.97
272,1446,1238.75
273,1446,1296.12
274,1446,1290.8
275,1446,1325.05
276,1446,1350.87
277,1446,1374.08
278,1446,1369.39
279,1446,1374.53
280,1446,1394
281,1446,1381.46
282,1446,1364.97
283,1446,1396.36
284,1446,1388.79
285,1446,1407.05
286,1446,855.41
287,1379,922.03
288,1379,998.15
289,1446,1064.36
290,1446,1130.78
291,1446,1172.27
292,1446,1192.18
293,1446,1233.11
294,1446,1245.02
295,1446,1244.96
296,1446,1213.38
297,1446,1292.89
298,1446,1297.47
299,1446,1300.34
Population size,100
Crossover rate,0.51
Mutation rate,0.79
Random selection portion,0.03
Selection method,AForge.Genetic.RankSelection
Diversity check,False
Iteration,FitnessMax,FitnessAvg
0,1406,904.9
1,1406,1019.82
2,1406,1062.12
3,1406,1097.02
4,1406,1105.65
5,1406,1160.39
6,1406,1161.52
7,1446,1202.36
8,1446,1208.9
9,1446,1205.85
10,1446,1235.57
11,1446,1266.12
12,1446,1273.49
13,1446,1251.9
14,1446,1280.56
15,1446,1305.55
16,1446,1289.61
17,1446,1313.15
18,1446,1309.01
19,1446,1325.93
20,1446,1340.31
21,1446,1346.02
22,1446,1364.68
23,1446,1370.81
24,1446,1392.05
25,1446,1375.41
26,1446,1375.36
27,1446,1378.61
28,1446,1373.19
29,1446,1378.59
30,1446,1374.39
31,1446,1373.99
32,1446,1367.61
33,1446,1364.11
34,1446,1365.16
35,1446,1374.2
36,1446,1373.11
37,1446,1386.6
38,1446,1380.27
39,1446,1376.84
40,1446,1375.94
41,1446,1366.35
42,1446,1385.08
43,1446,1363.96
44,1446,1362.23
45,1446,1375.49
46,1446,1405.4
47,1446,1370.49
48,1446,1384.01
49,1446,1393.43
50,1446,1383.12
51,1446,1396.87
52,1446,1359.24
53,1446,1362.13
54,1446,1375.48
55,1446,1394.65
56,1446,1372.63
57,1446,1391.69
58,1446,1397.06
59,1446,1376.01
60,1446,1368.02
61,1446,1386.15
62,1446,1381.96
63,1446,1389.53
64,1446,1388.34
65,1446,1392.89
66,1446,1384.75
67,1446,1378.74
68,1446,1379.7
69,1446,1369.52
70,1446,1358.52
71,1446,1391.44
72,1446,1375.96
73,1446,1377.46
74,1446,1386.28
75,1446,1368.8
76,1446,1393.73
77,1446,1380.53
78,1446,1371.47
79,1446,1366.96
80,1446,1399.34
81,1446,1375.23
82,1446,1390.61
83,1446,1378.09
84,1446,1374.13
85,1446,1382.33
86,1446,1383.66
87,1446,1382.3
88,1446,1377.71
89,1446,1380.45
90,1446,1370.07
91,1446,1371.48
92,1446,1340.22
93,1446,1372.32
94,1446,1368.51
95,1446,1391.89
96,1446,1395.43
97,1446,1361.76
98,1446,1391.59
99,1446,1367.65
100,1446,1374.33
101,1446,1364.07
102,1446,1379.34
103,1446,1348.75
104,1446,1373.89
105,1446,1358.35
106,1446,1368.43
107,1446,1365.56
108,1446,1374.36
109,1446,1370.97
110,1446,1388.9
111,1446,1395.46
112,1446,1367.42
113,1446,1375.97
114,1446,1379.69
115,1446,1388.2
116,1446,1347.46
117,1446,1391.8
118,1446,1388.7
119,1446,1367.91
120,1446,1387.04
121,1446,1390.78
122,1446,1378.74
123,1446,1394.82
124,1446,1392.75
125,1446,1354.76
126,1446,1364.96
127,1446,1372.5
128,1446,1358.87
129,1446,1377.84
130,1446,1343.15
131,1446,1369.8
132,1446,1382.47
133,1446,1383.9
134,1446,1371.46
135,1446,1378.75
136,1446,1378.21
137,1446,1368.55
138,1446,1386.14
139,1446,1399.84
140,1446,1387.95
141,1446,1365.93
142,1446,1362.29
143,1446,1360.65
144,1446,1382.88
145,1446,1385.72
146,1446,1380.24
147,1446,1359.4
148,1446,1381.27
149,1446,1383.97
150,1446,1383.36
151,1446,1390.2
152,1446,1375.45
153,1446,1396.12
154,1446,1394.91
155,1446,1383.56
156,1446,1399.23
157,1446,1371.6
158,1446,1365.78
159,1446,1361.56
160,1446,1368.01
161,1446,1383.14
162,1446,1376.64
163,1446,1377.16
164,1446,1389.39
165,1446,1378.3
166,1446,1381.76
167,1446,1385.96
168,1446,1386.07
169,1446,1408.74
170,1446,1393.34
171,1446,1386.27
172,1446,1373.94
173,1446,1371.69
174,1446,1389.44
175,1446,1385.13
176,1446,1378.25
177,1446,1367.95
178,1446,1374.64
179,1446,1370.95
180,1446,1366.02
181,1446,1360.56
182,1446,1363.33
183,1446,1333.26
184,1446,1376
185,1446,1356.64
186,1446,1339.78
187,1446,1381.37
188,1446,1379.26
189,1446,1373.86
190,1446,1384.93
191,1446,1380.67
192,1446,1397.1
193,1446,1370.51
194,1446,1384.83
195,1446,1392.5
196,1446,1403.47
197,1446,1389
198,1446,1390.2
199,1446,1392.79
200,1446,1369.66
201,1446,1384.59
202,1446,1383.45
203,1446,1393.55
204,1446,1393.47
205,1446,1360.31
206,1446,1376.64
207,1446,1369.42
208,1446,1371.47
209,1446,1347.96
210,1446,1355.38
211,1446,1382.66
212,1446,1375.18
213,1446,1394.95
214,1446,1370.08
215,1446,1383.79
216,1446,1400.14
217,1446,1384.85
218,1446,1390.5
219,1446,1375.5
220,1446,1385.95
221,1446,1368.28
222,1446,1389.35
223,1446,1374.85
224,1446,1374.08
225,1446,1376.3
226,1446,1386.22
227,1446,1361.62
228,1446,1373.86
229,1446,1349.15
230,1446,1350.72
231,1446,1372.41
232,1446,1375.98
233,1446,1375.47
234,1446,1385.15
235,1446,1375.43
236,1446,1384.5
237,1446,1382.61
238,1446,1364.15
239,1446,1360.46
240,1446,1396.04
241,1446,1380.03
242,1446,1378.51
243,1446,1383.93
244,1446,1380.27
245,1446,1385.16
246,1446,1373.92
247,1446,1372.92
248,1446,1359.98
249,1446,1377.7
250,1446,1374.43
251,1446,1380.08
252,1446,1350.09
253,1446,1368.69
254,1446,1392.57
255,1446,1398.53
256,1446,1377.29
257,1446,1384.04
258,1446,1389.24
259,1446,1358.06
260,1446,1387.31
261,1446,1398.18
262,1446,1371.53
263,1446,1382.22
264,1446,1388.91
265,1446,1393.91
266,1446,1401.75
267,1446,1380.97
268,1446,1353.88
269,1446,1368.24
270,1446,1369.71
271,1446,1375.25
272,1446,1374.83
273,1446,1370.05
274,1446,1375.53
275,1446,1380.25
276,1446,1389.7
277,1446,1371.35
278,1446,1361.25
279,1446,1359.8
280,1446,1356.16
281,1446,1374.54
282,1446,1388.26
283,1446,1358.33
284,1446,1345.42
285,1446,1341.78
286,1446,1350.5
287,1446,1363.22
288,1446,1371.48
289,1446,1356.84
290,1446,1378.77
291,1446,1368.47
292,1446,1342.72
293,1446,1345.12
294,1446,1365.52
295,1446,1365.36
296,1446,1376.18
297,1446,1367.3
298,1446,1379.6
299,1446,1370.95
Population size,100
Crossover rate,0.22
Mutation rate,0.87
Random selection portion,0.03
Selection method,AForge.Genetic.EliteSelection
Diversity check,False
Iteration,FitnessMax,FitnessAvg
0,1406,969.21
1,1406,1097.58
2,1406,1143.49
3,1446,1226.07
4,1446,1260
5,1446,1295.81
6,1446,1315.47
7,1446,1337.1
8,1446,1346.13
9,1446,1367.63
10,1446,1371.99
11,1446,1378.72
12,1446,1371.8
13,1446,1397.71
14,1446,1400.12
15,1446,1399.92
16,1446,1395.26
17,1446,1408.93
18,1446,1411.81
19,1446,1395.36
20,1446,1402.71
21,1446,1413.27
22,1446,1418.48
23,1446,1421.13
24,1446,1435.72
25,1446,1416.71
26,1446,1435.96
27,1446,1427.25
28,1446,1416.33
29,1446,1424.91
30,1446,1421.84
31,1446,1423.73
32,1446,1424.12
33,1446,1418.06
34,1446,1430.04
35,1446,1423.42
36,1446,1402.62
37,1446,1419.29
38,1446,1417.01
39,1446,1405.75
40,1446,1418.95
41,1446,1416.45
42,1446,1429.42
43,1446,1412.89
44,1446,1429.93
45,1446,1417.64
46,1446,1416.2
47,1446,1425.07
48,1446,1422.16
49,1446,1418.45
50,1446,1418.23
51,1446,1424.86
52,1446,1425.78
53,1446,1429.58
54,1446,1426.02
55,1446,1427.24
56,1446,1425.77
57,1446,1418.87
58,1446,1408.72
59,1446,1430.8
60,1446,1419.22
61,1446,1421.43
62,1446,1422.07
63,1446,1423.82
64,1446,1430.29
65,1446,1427.11
66,1446,1416.1
67,1446,1424.34
68,1446,1423.26
69,1446,1423.3
70,1446,1420.03
71,1446,1434.9
72,1446,1415.46
73,1446,1430.95
74,1446,1415.5
75,1446,1424.9
76,1446,1412.71
77,1446,1425.28
78,1446,1414.31
79,1446,1423.99
80,1446,1422.43
81,1446,1423.41
82,1446,1422.82
83,1446,1418.34
84,1446,1414.73
85,1446,1420.86
86,1446,1423.67
87,1446,1426.41
88,1446,1431.45
89,1446,1423.01
90,1446,1421.61
91,1446,1418.65
92,1446,1421.13
93,1446,1430.44
94,1446,1424.89
95,1446,1417.6
96,1446,1421.57
97,1446,1428.94
98,1446,1421.76
99,1446,1427.05
100,1446,1419.62
101,1446,1428.88
102,1446,1402.62
103,1446,1432.15
104,1446,1419.34
105,1446,1421.24
106,1446,1428.5
107,1446,1420.98
108,1446,1420.14
109,1446,1428.43
110,1446,1419.28
111,1446,1416.34
112,1446,1412.09
113,1446,1415.3
114,1446,1423.48
115,1446,1419.91
116,1446,1417.12
117,1446,1408.65
118,1446,1428.6
119,1446,1417.61
120,1446,1416.34
121,1446,1425.09
122,1446,1421.08
123,1446,1435.35
124,1446,1431.88
125,1446,1423.79
126,1446,1422.01
127,1446,1428
128,1446,1403.29
129,1446,1414.62
130,1446,1421.68
131,1446,1422.84
132,1446,1412.15
133,1446,1422.4
134,1446,1409.43
135,1446,1420.5
136,1446,1414.61
137,1446,1429.39
138,1446,1430.08
139,1446,1420.21
140,1446,1422.99
141,1446,1407.21
142,1446,1424.59
143,1446,1411.54
144,1446,1421.23
145,1446,1412.98
146,1446,1417.26
147,1446,1424.61
148,1446,1426.79
149,1446,1423.84
150,1446,1423.15
151,1446,1426.15
152,1446,1416.52
153,1446,1423.41
154,1446,1419.8
155,1446,1425.33
156,1446,1429.79
157,1446,1414.82
158,1446,1424.09
159,1446,1416.73
160,1446,1419.12
161,1446,1418.38
162,1446,1422.17
163,1446,1420.69
164,1446,1428.96
165,1446,1436.51
166,1446,1425.91
167,1446,1432.95
168,1446,1416.69
169,1446,1415.26
170,1446,1420.33
171,1446,1428.21
172,1446,1432.1
173,1446,1414.57
174,1446,1422.57
175,1446,1421.8
176,1446,1426.51
177,1446,1422.2
178,1446,1417.86
179,1446,1423.51
180,1446,1402.62
181,1446,1430.39
182,1446,1415.68
183,1446,1428.06
184,1446,1414.1
185,1446,1424.02
186,1446,1412.96
187,1446,1427.68
188,1446,1419.18
189,1446,1415.42
190,1446,1428.08
191,1446,1431.28
192,1446,1411.57
193,1446,1428.01
194,1446,1415.31
195,1446,1424.37
196,1446,1435.5
197,1446,1418.4
198,1446,1425.59
199,1446,1423.02
200,1446,1426.88
201,1446,1424.66
202,1446,1421.02
203,1446,1420.69
204,1446,1426.1
205,1446,1411.21
206,1446,1413.91
207,1446,1423.69
208,1446,1427.62
209,1446,1422.84
210,1446,1421.05
211,1446,1422.9
212,1446,1414.82
213,1446,1432.43
214,1446,1420.57
215,1446,1425.04
216,1446,1424.77
217,1446,1421.81
218,1446,1405.71
219,1446,1423.35
220,1446,1424.74
221,1446,1420.95
222,1446,1425.26
223,1446,1421.1
224,1446,1418.46
225,1446,1427.75
226,1446,1427.2
227,1446,1425.88
228,1446,1430.68
229,1446,1434.71
230,1446,1425.33
231,1446,1421.12
232,1446,1414.37
233,1446,1433.98
234,1446,1418.15
235,1446,1417.91
236,1446,1407.02
237,1446,1422.58
238,1446,1419.25
239,1446,1413.07
240,1446,1423.74
241,1446,1427.79
242,1446,1432.4
243,1446,1432.4
244,1446,1423.83
245,1446,1414.39
246,1446,1432.68
247,1446,1422.19
248,1446,1413.68
249,1446,1426.39
250,1446,1429.77
251,1446,1430.31
252,1446,1419.83
253,1446,1413.33
254,1446,1416.35
255,1446,1414.56
256,1446,1416.49
257,1446,1416.88
258,1446,1420.28
259,1446,1409.43
260,1446,1422.71
261,1446,1422.74
262,1446,1417.41
263,1446,1412.83
264,1446,1420.86
265,1446,1413.32
266,1446,1424.76
267,1446,1417.24
268,1446,1424.16
269,1446,1420.98
270,1446,1430.01
271,1446,1423.82
272,1446,1413.91
273,1446,1412.35
274,1446,1426.19
275,1446,1423.86
276,1446,1422.7
277,1446,1418.5
278,1446,1426.77
279,1446,1416.51
280,1446,1430.15
281,1446,1422.44
282,1446,1423.21
283,1446,1419.76
284,1446,1418.62
285,1446,1417.78
286,1446,1425.83
287,1446,1437.44
288,1446,1433.17
289,1446,1426.34
290,1446,1426.17
291,1446,1426.65
292,1446,1411.09
293,1446,1423.75
294,1446,1428.28
295,1446,1431.26
296,1446,1416.82
297,1446,1429.47
298,1446,1421.35
299,1446,1425.14
Population size,100
Crossover rate,0.22
Mutation rate,0.87
Random selection portion,0.03
Selection method,AForge.Genetic.EliteSelection
Diversity check,True
Iteration,FitnessMax,FitnessAvg
0,1406,945.31
1,1406,1069.67
2,1406,1140.77
3,1406,1181.92
4,1446,1229.74
5,1446,1274.19
6,1446,1309.22
7,1446,1326.69
8,1446,1337.17
9,1446,1355.8
10,1446,1378.86
11,1446,1392.69
12,1446,1396.23
13,1446,1397.58
14,1446,1414.35
15,1446,935.45
16,1446,1065.23
17,1446,1138.29
18,1446,1180
19,1446,1244.89
20,1446,1288.02
21,1446,1301.09
22,1446,1328.97
23,1446,1357.03
24,1446,1377.68
25,1446,1381.31
26,1446,1391.22
27,1446,1401.58
28,1446,1404.76
29,1446,971.11
30,1446,1103.93
31,1446,1195.76
32,1446,1256.57
33,1446,1293.28
34,1446,1333.32
35,1446,1360.65
36,1446,1380.55
37,1446,1391.36
38,1446,1401.39
39,1446,1421.58
40,1446,986.95
41,1446,1076.47
42,1446,1137.73
43,1446,1191.19
44,1446,1248.44
45,1446,1284.59
46,1446,1314.38
47,1446,1334.64
48,1446,1342.69
49,1446,1357.86
50,1446,1365.66
51,1446,1367.72
52,1446,1388.07
53,1446,1383.64
54,1446,1398.69
55,1446,1392.25
56,1446,1406.16
57,1446,996.91
58,1446,1129.7
59,1446,1217.42
60,1446,1255.44
61,1446,1295.26
62,1446,1324.52
63,1446,1360.2
64,1446,1369.75
65,1446,1385.44
66,1446,1397.94
67,1446,1403.51
68,1446,973.59
69,1446,1096.82
70,1446,1184.36
71,1446,1236.77
72,1446,1283.55
73,1446,1308.28
74,1446,1319.76
75,1446,1335.5
76,1446,1357.6
77,1446,1370.54
78,1446,1386.91
79,1446,1390.08
80,1446,1409.93
81,1446,991.26
82,1446,1119.18
83,1446,1218.39
84,1446,1271.61
85,1446,1298.89
86,1446,1323.96
87,1446,1329.16
88,1446,1364.33
89,1446,1372.24
90,1446,1389.05
91,1446,1393.42
92,1446,1402.48
93,1446,1418.06
94,1446,957.8
95,1446,1087.21
96,1446,1136.74
97,1446,1213.46
98,1446,1260.03
99,1446,1299.25
100,1446,1314.02
101,1446,1320.36
102,1446,1341.24
103,1446,1368.26
104,1446,1375.26
105,1446,1387.01
106,1446,1405.58
107,1446,962.23
108,1446,1053.63
109,1446,1128.84
110,1446,1170.09
111,1446,1239.9
112,1446,1272.19
113,1446,1307.54
114,1446,1338.95
115,1446,1338.68
116,1446,1377.37
117,1446,1394.66
118,1446,1392.3
119,1446,1398.63
120,1446,1407.72
121,1446,991.78
122,1446,1101.82
123,1446,1158.37
124,1446,1201.68
125,1446,1262.75
126,1446,1281.05
127,1446,1325.34
128,1446,1335.04
129,1446,1357.06
130,1446,1377.25
131,1446,1385.69
132,1446,1392.81
133,1446,1406.47
134,1446,990.23
135,1446,1111.85
136,1446,1168.48
137,1446,1216.4
138,1446,1260.92
139,1446,1296.73
140,1446,1306.96
141,1446,1327.26
142,1446,1353.19
143,1446,1369.89
144,1446,1376.49
145,1446,1382.49
146,1446,1402.92
147,1446,957.73
148,1446,1066.88
149,1446,1143.04
150,1446,1200.27
151,1446,1249.54
152,1446,1269.56
153,1446,1299.23
154,1446,1336.19
155,1446,1366.38
156,1446,1372.62
157,1446,1383.78
158,1446,1395.26
159,1446,1408.43
160,1446,983.09
161,1446,1108.28
162,1446,1145.18
163,1446,1189.3
164,1446,1211.01
165,1446,1257.07
166,1446,1280.3
167,1446,1308.11
168,1446,1329.41
169,1446,1328.81
170,1446,1358.82
171,1446,1364.46
172,1446,1362.29
173,1446,1387.33
174,1446,1389
175,1446,1391.26
176,1446,1405.17
177,1446,964.35
178,1446,1077.03
179,1446,1143.44
180,1446,1215.71
181,1446,1250.06
182,1446,1280.62
183,1446,1308.26
184,1446,1333.88
185,1446,1353
186,1446,1381.06
187,1446,1384.19
188,1446,1381.75
189,1446,1398.61
190,1446,1407.48
191,1446,994.81
192,1446,1109.19
193,1446,1191.52
194,1446,1241.28
195,1446,1293.74
196,1446,1313.16
197,1446,1323.78
198,1446,1338.67
199,1446,1359.65
200,1446,1355.45
201,1446,1375.67
202,1446,1378.42
203,1446,1397.27
204,1446,1392.68
205,1446,1399.55
206,1446,1412.07
207,1446,959.47
208,1446,1069.44
209,1446,1145.56
210,1446,1192.88
211,1446,1259.52
212,1446,1315.88
213,1446,1350.66
214,1446,1353.67
215,1446,1374.86
216,1446,1379.53
217,1446,1383.81
218,1446,1389.74
219,1446,1408.25
220,1446,986.52
221,1446,1088.85
222,1446,1163.56
223,1446,1207.41
224,1446,1244.69
225,1446,1276.42
226,1446,1282.61
227,1446,1329.03
228,1446,1344.39
229,1446,1342.64
230,1446,1373.98
231,1446,1377.45
232,1446,1384.28
233,1446,1406.6
234,1446,967.07
235,1446,1087.35
236,1446,1161.06
237,1446,1216.75
238,1446,1284.06
239,1446,1318.26
240,1446,1349.11
241,1446,1381.64
242,1446,1389.92
243,1446,1394.2
244,1446,1405.87
245,1446,1018.89
246,1446,1139.16
247,1446,1202.02
248,1446,1258.74
249,1446,1296.15
250,1446,1326.08
251,1446,1374.09
252,1446,1385.2
253,1446,1389.32
254,1446,1398.35
255,1446,1405.17
256,1446,1040.39
257,1446,1149.73
258,1446,1229.13
259,1446,1308.12
260,1446,1319.04
261,1446,1347.6
262,1446,1361.13
263,1446,1387.05
264,1446,1383.93
265,1446,1400.17
266,1446,1411.75
267,1446,961.75
268,1446,1099.92
269,1446,1198.54
270,1446,1254.1
271,1446,1271.88
272,1446,1309.68
273,1446,1333.49
274,1446,1372.23
275,1446,1380.57
276,1446,1397.45
277,1446,1417.01
278,1446,911.78
279,1446,1055.61
280,1446,1140.13
281,1446,1210.8
282,1446,1264.12
283,1446,1302.03
284,1446,1323.47
285,1446,1350.97
286,1446,1356.11
287,1446,1382.85
288,1446,1393.09
289,1446,1407.48
290,1446,954.81
291,1446,1094.83
292,1446,1176.99
293,1446,1237.06
294,1446,1280.65
295,1446,1332.25
296,1446,1352.04
297,1446,1361.83
298,1446,1382.74
299,1446,1399.48
Population size,100
Crossover rate,0.22
Mutation rate,0.87
Random selection portion,0.03
Selection method,AForge.Genetic.EliteSelection
Diversity check,True
Iteration,FitnessMax,FitnessAvg
0,1339,930.69
1,1339,1053.69
2,1446,1160.17
3,1446,1214.15
4,1446,1269.61
5,1446,1308.82
6,1446,1312.14
7,1446,1331.57
8,1446,1347.16
9,1446,1356.66
10,1446,1361.96
11,1446,1374.97
12,1446,1381.69
13,1446,1389.11
14,1446,1399.01
15,1446,1404.71
16,1446,963.7
17,1446,1061.56
18,1446,1130.48
19,1446,1181.57
20,1446,1230.17
21,1446,1270.08
22,1446,1301.12
23,1446,1316.95
24,1446,1344.54
25,1446,1341.66
26,1446,1354.3
27,1446,1357.61
28,1446,1371.54
29,1446,1372.55
30,1446,1379.99
31,1446,1387.88
32,1446,1400.61
33,1446,1396.29
34,1446,1406.81
35,1446,968.07
36,1446,1104.54
37,1446,1177.35
38,1446,1246.32
39,1446,1277.32
40,1446,1310.23
41,1446,1345.94
42,1446,1344.65
43,1446,1344.68
44,1446,1369.65
45,1446,1367.12
46,1446,1376.74
47,1446,1397.07
48,1446,1392.32
49,1446,1392.42
Population size,100
Crossover rate,0.22
Mutation rate,0.87
Random selection portion,0.03
Selection method,AForge.Genetic.EliteSelection
Diversity check,True
Iteration,FitnessMax,FitnessAvg
0,1379,982.45
1,1446,1083.21
2,1446,1172.6
3,1446,1236.17
4,1446,1278.08
5,1446,1304.68
6,1446,1321.54
7,1446,1343
8,1446,1362.05
9,1446,1366.86
10,1446,1388.22
11,1446,1392.96
12,1446,1397.63
13,1446,1403.47
14,1446,963.07
15,1446,1069.17
16,1446,1168.51
17,1446,1225.18
18,1446,1259.94
19,1446,1301.43
20,1446,1344.05
21,1446,1345.96
22,1446,1375.7
23,1446,1380.95
24,1446,1384.19
25,1446,1393.39
26,1446,1400.62
27,1446,1416.68
28,1446,933.98
29,1446,1078.84
