Population size,100
Crossover rate,0.66
Mutation rate,0.34
Random selection portion,0.03
Selection method,AForge.Genetic.RouletteWheelSelection
Diversity check,False
Iteration,FitnessMax,FitnessAvg
0,3417,2402.9
1,3322,2578.18
2,3463,2651.19
3,3463,2664.19
4,3463,2680.6
5,3374,2733.63
6,3550,2752.05
7,3582,2886.29
8,3582,2896.8
9,3488,2898.26
10,3583,2891.2
11,3782,2888.66
12,3553,2967.69
13,3553,2950.44
14,3709,2975.02
15,3553,2999.99
16,3685,2978.03
17,3677,3072.78
18,3613,3068.63
19,3782,3060.26
20,3776,3090.94
21,3776,3080.49
22,3776,3094.1
23,3776,3063.89
24,3776,3116.23
25,3776,3108.79
26,3776,3141.01
27,3633,3069.7
28,3723,3065.05
29,3723,3109.34
30,3723,3126.21
31,3648,3097.19
32,3646,3033.96
33,3646,2995.22
34,3654,3033.18
35,3654,3048.66
36,3654,3006.23
37,3654,2937.53
38,3654,2949.54
39,3654,2918.21
40,3654,2987.54
41,3654,3029.03
42,3679,2988.48
43,3654,2941.3
44,3654,2985.66
45,3654,2947.1
46,3654,3034.19
47,3654,3060.29
48,3559,3068.53
49,3559,3075.41
50,3559,3086.43
51,3559,3059.17
52,3559,3080.95
53,3559,3081.99
54,3603,3052.27
55,3562,3052.93
56,3562,3019.84
57,3562,3050.35
58,3690,3080.22
59,3690,3114.14
60,3690,3122.29
61,3690,3101.07
62,3690,3070.11
63,3690,3063.11
64,3690,3122.7
65,3690,3139.49
66,3852,3198.54
67,3852,3209.76
68,3852,3218.96
69,3660,3186.09
70,3660,3175.15
71,3703,3182.15
72,3671,3175.7
73,3671,3158.99
74,3664,3206.35
75,3784,3164.67
76,3784,3203.89
77,3763,3160.42
78,3777,3184.99
79,3777,3133.45
80,3777,3180.39
81,3777,3205.54
82,3824,3144.63
83,3824,3192.95
84,3855,3210.65
85,3824,3190.31
86,3824,3180.06
87,3717,3182.91
88,3855,3224.75
89,3710,3175.14
90,3818,3158.41
91,3831,3178.48
92,3831,3166.97
93,3831,3213.12
94,3831,3172.59
95,3831,3155.32
96,3874,3286.8
97,3874,3251.25
98,3874,3260.35
99,3978,3267.97
100,3978,3261.39
101,3978,3347.4
102,3978,3331.62
103,3978,3296.87
104,3978,3340.82
105,3875,3336.23
106,3944,3207.35
107,4064,3269.48
108,4064,3285.22
109,4064,3284.13
110,4064,3260.98
111,3903,3318.6
112,3931,3286.69
113,4064,3288.05
114,4064,3285.22
115,4010,3340.53
116,4010,3312.79
117,4010,3300.46
118,4010,3267.14
119,4010,3270.66
120,3901,3342.96
121,3901,3335.29
122,3901,3339.75
123,3901,3400.56
124,3901,3428.5
125,4010,3373.6
126,4010,3459.41
127,4064,3432.89
128,4064,3422.92
129,3884,3415.07
130,3901,3471.35
131,3901,3469.04
132,3954,3403.33
133,3955,3424.2
134,3955,3402.38
135,3955,3430.59
136,3901,3461.68
137,3901,3443.15
138,3901,3401.19
139,3901,3361.07
140,3901,3345.56
141,3856,3282.25
142,3902,3339.99
143,3874,3350.86
144,3874,3350.17
145,3873,3394
146,3873,3430.77
147,4064,3465.49
148,3944,3408.68
149,3873,3407.4
150,3820,3398.82
151,3908,3350.9
152,3936,3294.54
153,3936,3256.36
154,3936,3272.31
155,3936,3231.86
156,3777,3185.91
157,3804,3249.46
158,3918,3258.79
159,3918,3187.58
160,3736,3188.08
161,3890,3197.37
162,3954,3155.72
163,3954,3104.7
164,3954,3139.02
165,3964,3154.55
166,3964,3153.79
167,3879,3144.3
168,3879,3204.36
169,3764,3202
170,3839,3202.6
171,3764,3161.07
172,3815,3127.38
173,3950,3121.93
174,3950,3123.06
175,3950,3127.42
176,3922,3135.54
177,3787,3160.41
178,3787,3155.44
179,3720,3205.16
180,3729,3229.29
181,3720,3299.12
182,3720,3280.71
183,3747,3323.57
184,3764,3326
185,3764,3329.27
186,3816,3300.71
187,3751,3253.89
188,3730,3332.25
189,3760,3299.96
190,3738,3358.32
191,3848,3351.46
192,3842,3336.94
193,3871,3276.61
194,3871,3285.21
195,3871,3244.18
196,3871,3246.06
197,3871,3257.43
198,3803,3287.11
199,3854,3268.11
200,3854,3285.35
201,3826,3380.18
202,3835,3357.04
203,3835,3281.91
204,3849,3314.23
205,3849,3311.2
206,3882,3237.51
207,3818,3267.56
208,3930,3199.68
209,3950,3245.88
210,3813,3178.84
211,3876,3270.96
212,3876,3181.12
213,3813,3116.41
214,3813,3153.46
215,3785,3126.47
216,3760,3167.43
217,3801,3261.5
218,3843,3234.2
219,3843,3114.71
220,3843,3076.09
221,3882,3096.08
222,3850,3181.33
223,3882,3238.76
224,3882,3168.95
225,3882,3180.68
226,3882,3200.44
227,3882,3206.86
228,3882,3240.03
229,3795,3149.43
230,3795,3110.92
231,3795,3069.77
232,3748,3007.28
233,3728,3077.88
234,3728,3111.6
235,3728,3145.46
236,3848,3066.39
237,3785,3067.61
238,3785,3064.98
239,3806,3064.06
240,3806,3081.5
241,3806,3068.23
242,3806,3063.53
243,3806,3110.88
244,3702,3063.86
245,3558,2988.09
246,3558,3002.5
247,3665,2992.65
248,3586,3001.54
249,3586,3021.79
250,3629,3016.86
251,3663,2999.91
252,3512,2992.97
253,3653,3044.09
254,3797,3056.83
255,3797,3135.55
256,3797,3159.76
257,3886,3186.87
258,3886,3153.56
259,3886,3144.32
260,3886,3119.18
261,3886,3192.73
262,3886,3292.02
263,3886,3338.76
264,3886,3295.36
265,3978,3290.18
266,3978,3314.31
267,3978,3291.24
268,3978,3374.35
269,3978,3331.99
270,3846,3306.43
271,3866,3353.22
272,3866,3343.54
273,3846,3308.18
274,3900,3352.27
275,3879,3352.72
276,3846,3331.39
277,3886,3370.09
278,3886,3254.75
279,3886,3292.54
280,3886,3377.5
281,3896,3339.97
282,3886,3348.89
283,3886,3366.63
284,3886,3300.31
285,3886,3237.03
286,3832,3284.36
287,3901,3311.49
288,3894,3338.35
289,3908,3283.97
290,4051,3242.77
291,3920,3297.98
292,3821,3303.06
293,3898,3303.19
294,4051,3317.36
295,4051,3282.57
296,4051,3380.09
297,3987,3391.87
298,3987,3371.04
299,4091,3381.97
Population size,100
Crossover rate,0.66
Mutation rate,0.34
Random selection portion,0.03
Selection method,AForge.Genetic.RouletteWheelSelection
Diversity check,True
Iteration,FitnessMax,FitnessAvg
0,3408,2242.27
1,3024,2310.08
2,3024,2364.64
3,3198,2488.27
4,3238,2568.11
5,3371,2537.62
6,3371,2568.47
7,3371,2634.94
8,3371,2694.88
9,3491,2687.01
10,3491,2758.48
11,3554,2680.59
12,3509,2752.12
13,3491,2741.11
14,3606,2813.67
15,3606,2842.68
16,3491,2816.7
17,3456,2834.6
18,3456,2847.23
19,3547,2893.34
20,3580,2872.38
21,3580,2914.31
22,3608,2918.06
23,3608,2888.05
24,3653,2909.4
25,3653,2935.51
26,3649,2958.42
27,3559,2967.27
28,3619,2964.51
29,3709,2972.31
30,3737,3020.88
31,3737,3023.66
32,3737,2990.67
33,3737,3002.81
34,3737,2945.25
35,3617,2913.91
36,3617,3004.4
37,3601,3053.69
38,3601,3091.2
39,3774,3127.99
40,3774,3116.56
41,3641,3139.05
42,3641,3094.5
43,3641,3075.47
44,3745,3059.86
45,3745,3040.95
46,3745,3078.33
47,3626,3092.09
48,3843,3096.55
49,3843,3159.84
50,3860,3177.56
51,3860,3180.57
52,3860,3210.11
53,3899,3209.91
54,3888,3171.73
55,3843,3100.23
56,3843,3085.57
57,3754,3112.58
58,3890,3119.89
59,3890,3095.39
60,3811,3167.31
61,3783,3195.24
62,3762,3221.81
63,3790,3239.95
64,3790,3261.71
65,3762,3258.82
66,3790,3246.82
67,3790,3226.93
68,3790,3210.05
69,3790,3280.51
70,3790,3278.77
71,3847,3257.79
72,3935,3263.66
73,3942,3351.17
74,3942,3354.98
75,3942,3398.96
76,3918,3387.79
77,3918,3330.17
78,3912,3299.64
79,3887,3346.95
80,3906,3358.63
81,3970,3308.87
82,3887,3269.19
83,3970,3289.57
84,3970,3334.06
85,3970,3360.74
86,3951,3398.66
87,3951,3384.21
88,3935,3373.55
89,3935,3407.6
90,3965,3346.88
91,4005,3425.82
92,3935,3467.77
93,3935,3470.79
94,3935,3476.45
95,3935,3492.8
96,3935,3560.6
97,3944,3597.1
98,3991,3578.28
99,3991,3552.41
100,3991,3538.18
101,3991,3534.27
102,3919,3511.54
103,3909,3521.91
104,3963,3485.67
105,3963,3483.11
106,3963,3517.52
107,3986,3536.82
108,3986,3563.4
109,3986,3566.4
110,4051,3533.32
111,3986,3518.95
112,3986,3493.82
113,3986,3415.74
114,3932,3366.8
115,3986,3323.42
116,3986,3280.04
117,3986,3325.19
118,3986,3342.44
119,3976,3324.41
120,3941,3314.81
121,3877,3244.99
122,3877,3267.63
123,3865,3301.05
124,3895,3257.89
125,3842,3301.38
126,3877,3268.06
127,3750,3278.73
128,3864,3254.68
129,3905,3204.82
130,3864,3299.7
131,3931,3303.87
132,3864,3294.24
133,3890,3395.06
134,3959,3352.63
135,3959,3335.31
136,3994,3351.36
137,3936,3266.3
138,3936,3317.88
139,3936,3300.84
140,3936,3316.35
141,3958,3348.89
142,3958,3311.43
143,3958,3331.89
144,3958,3391.47
145,3968,3393.24
146,3968,3404.94
147,3968,3409.31
148,3968,3456.23
149,3941,3424.24
150,3941,3349.03
151,3941,3333.12
152,3995,3301.24
153,3995,3353.12
154,3995,3346.13
155,3995,3272.1
156,3962,3265.32
157,3962,3282.81
158,3829,3319.76
159,3829,3332.74
160,3992,3345.64
161,3933,3372.9
162,3933,3385.52
163,3992,3349.93
164,3992,3368.98
165,3992,3336.73
166,4046,3448.17
167,4046,3420.9
168,4046,3346.81
169,4046,3335.45
170,3873,3299.4
171,3844,3257.85
172,3844,3265.27
173,3790,3252.37
174,3732,3247.34
175,3877,3261.83
176,3877,3262.73
177,3858,3276.85
178,4012,3269.21
179,3858,3237.24
180,3947,3236.18
181,3858,3184.89
182,3899,3233.85
183,4030,3207.39
184,3899,3135.29
185,3716,3158.16
186,3716,3190.58
187,3804,3186.25
188,3765,3141.62
189,3765,3199.32
190,3745,3202.34
191,3759,3176.04
192,3759,3157.14
193,3759,3141.15
194,3795,3164.27
195,3795,3100.84
196,3803,3121.85
197,3803,3157.69
198,3803,3209.51
199,3803,3222.68
200,3883,3166.29
201,3883,3230.05
202,3883,3220.96
203,3883,3271.62
204,3826,3268.83
205,3874,3290.87
206,3874,3274.64
207,3892,3262.68
208,3892,3305.55
209,4017,3278.37
210,3907,3306.39
211,3992,3277.8
212,3992,3304.24
213,3992,3364.91
214,3992,3300
215,3992,3240.02
216,3961,3253.4
217,4046,3302.99
218,4046,3362.86
219,4046,3352.07
220,4046,3270.41
221,4046,3283.24
222,4046,3317.24
223,4067,3391.13
224,3992,3406.04
225,4046,3430.34
226,3992,3455.3
227,3992,3455.63
228,3992,3458.09
229,3979,3428.78
230,3979,3383.83
231,3987,3375.47
232,3993,3411.75
233,3993,3368.16
234,3987,3292
235,3987,3348.03
236,3979,3353.31
237,4046,3349.3
238,3979,3292.96
239,3894,3315.54
240,3894,3329.57
241,3894,3369.77
242,3861,3388.96
243,3860,3451.99
244,3928,3406.07
245,3928,3428.01
246,3928,3460.57
247,4046,3476.27
248,3878,3467.36
249,3878,3424.28
250,3878,3405.98
251,4013,3411.34
252,4013,3384.94
253,4013,3365.39
254,4013,3354.78
255,3912,3311.65
256,3990,3282.14
257,3990,3347.58
258,3912,3330.19
259,3856,3355.38
260,3856,3250.52
261,3912,3262.96
262,3912,3260.83
263,3912,3234.73
264,3912,3214.92
265,3912,3254.37
266,3953,3318.79
267,3953,3362.09
268,3953,3344.21
269,3822,3301.71
270,3946,3287.53
271,3862,3248.59
272,3862,3193.58
273,3773,3257.1
274,3773,3252.14
275,3810,3253.48
276,3957,3262.33
277,3894,3203.9
278,3915,3155.68
279,3915,3118.76
280,3915,3142.82
281,3915,3133.64
282,3915,3201.17
283,3915,3218.3
284,4011,3291.57
285,4042,3312.68
286,4042,3357.01
287,4042,3352.84
288,4042,3414.42
289,3954,3445.86
290,4035,3335.36
291,4035,3261.07
292,3937,3253.44
293,4046,3228.19
294,3862,3286.02
295,3866,3226.38
296,3838,3143.14
297,3869,3197.57
298,4051,3139.28
299,3802,3129.29
Population size,100
Crossover rate,0.51
Mutation rate,0.79
Random selection portion,0.03
Selection method,AForge.Genetic.RankSelection
Diversity check,True
Iteration,FitnessMax,FitnessAvg
0,3060,2348.5
1,3060,2510.41
2,3057,2633.19
3,3304,2705.31
4,3256,2839.75
5,3303,2917.07
6,3473,3007.76
7,3533,3068.11
8,3706,3147.36
9,3706,3224.33
10,3847,3262.04
11,3763,3331.94
12,3892,3367.59
13,3892,3478.92
14,3892,3524.09
15,3892,3585.11
16,3892,3609.54
17,3892,3659.7
18,3981,3683.55
19,3981,3696.69
20,3981,3657.47
21,3963,3707.83
22,3962,3732.83
23,4054,3753.85
24,4054,3778.78
25,4063,3778.98
26,4063,3797.18
27,4138,3814.98
28,4121,3846.94
29,4121,3851.1
30,4138,3850.47
31,4185,3885.32
32,4185,3864.27
33,4185,3912.52
34,4185,3939.39
35,4185,3942.97
36,4185,3936.37
37,4185,3891.18
38,4185,3982.89
39,4185,3988.83
40,4185,3972.82
41,4185,3915.53
42,4185,3884.61
43,4185,3989.72
44,4185,4034.82
45,4185,4048.87
46,4185,4038.22
47,4185,4046.83
48,4185,3977.27
49,4185,4006.79
50,4185,4002.27
51,4185,4042.38
52,4185,4008.8
53,4185,4034.25
54,4185,4089.83
55,4185,2470.45
56,4185,2682.51
57,3995,2828.19
58,4071,2995.61
59,3959,3136.99
60,4073,3288.05
61,4073,3417.93
62,4073,3506.37
63,4073,3605.1
64,4073,3662.21
65,4185,3772.03
66,4185,3779.06
67,4185,3811.51
68,4185,3890.64
69,4185,3926.7
70,4185,3987.22
71,4185,3984.79
72,4185,3984.79
73,4185,4056.94
74,4185,4085.77
75,4185,2442.66
76,4185,2633.93
77,3984,2945.32
78,3984,3106.79
79,4185,3347.07
80,4185,3513.76
81,4185,3612.02
82,4185,3671.17
83,4185,3741.69
84,4185,3676.19
85,4118,3819.56
86,4118,3820.25
87,4185,3870.27
88,4185,3829.5
89,4185,3885.96
90,4185,3883
91,4185,3920.78
92,4185,3931.07
93,4185,3998.68
94,4185,4009.12
95,4185,4034.68
96,4185,4066.93
97,3082,2444.47
98,3571,2582.18
99,3458,2728.6
100,3458,2839.62
101,3499,2959.05
102,3636,3024.32
103,3692,3164.97
104,3692,3317.39
105,3707,3382.49
106,3826,3439.9
107,3826,3542.53
108,4033,3576.22
109,4033,3623
110,4033,3694.18
111,4033,3714.2
112,4033,3752.27
113,4053,3781.75
114,4053,3844.71
115,4053,3826.46
116,4051,3855.47
117,4107,3870.84
118,4107,3886.39
119,4107,3901.95
120,4107,3880.72
121,4107,3844.27
122,4107,3891.87
123,4107,3890.94
124,4107,3872.11
125,4107,3845.19
126,4107,3767.25
127,4107,3808.11
128,4107,3922.67
129,4107,3805.57
130,4107,3913.57
131,4107,3887.48
132,4107,3901.3
133,4107,3939.34
134,4107,3960.93
135,4107,3939.92
136,4107,3952.24
137,4107,3918.24
138,4107,3970.42
139,4107,3977.07
140,4107,3962.77
141,4107,3891.33
142,4108,3926.65
143,4141,3937.06
144,4141,3995.86
145,4151,3974.03
146,4151,3954.78
147,4151,3973.49
148,4151,3966.28
149,4151,4007.78
150,4151,3991.06
151,4151,3911.71
152,4151,4013.62
153,4151,4001.7
154,4151,4009.72
155,4151,4011.42
156,4151,4034.99
157,3044,2414.05
158,3069,2623.43
159,3384,2772.71
160,3384,2878.78
161,3643,2930.1
162,3555,3008.27
163,3555,3088.57
164,3555,3155.87
165,3718,3163.99
166,3782,3208.07
167,3782,3247.3
168,3850,3339.77
169,3850,3394.04
170,3881,3463.41
171,3881,3478.31
172,3926,3531.88
173,3920,3563.91
174,4040,3621.21
175,4040,3630.64
176,4040,3687.5
177,4040,3670.38
178,4040,3715.17
179,4040,3732.59
180,4083,3689.17
181,4083,3738
182,4083,3823.17
183,4094,3900.41
184,4115,3905.85
185,4115,3922.73
186,4115,3891.98
187,4115,3933.69
188,4115,3873.86
189,4115,3897.2
190,4115,3937.74
191,4111,3874.52
192,4111,3933.73
193,4111,3981.03
194,4115,3996.16
195,3231,2401.6
196,3263,2625.85
197,3504,2775.7
198,3618,2913.27
199,3618,3020.02
200,3660,3088.97
201,3698,3202.04
202,3660,3289.83
203,3660,3353.5
204,3766,3400.83
205,3766,3436.01
206,3766,3472.16
207,3775,3485.91
208,3912,3501.3
209,3912,3530.2
210,3914,3568.67
211,3912,3627.9
212,3912,3614.76
213,3926,3638.15
214,4000,3612.91
215,4000,3587.57
216,4000,3684.3
217,4038,3695.31
218,4097,3730.17
219,4097,3743.3
220,4097,3733.13
221,4097,3790.77
222,4117,3807.73
223,4117,3846.87
224,4117,3817.64
225,4117,3836.81
226,4117,3852.75
227,4117,3846.74
228,4117,3844.75
229,4117,3804.31
230,4117,3887.82
231,4117,3893.54
232,4117,3946.39
233,4117,3950.59
234,4117,3950.11
235,4117,3991.33
236,4117,3901.62
237,4117,3973.4
238,4117,3958.91
239,4117,3908.13
240,4117,3962.04
241,4117,3910.79
242,4185,3962.19
243,4185,3991.01
244,4185,3996.93
245,4185,3972.67
246,4185,3942.27
247,4185,3988.23
248,4185,3986.66
249,4185,4008.78
250,4185,4027.04
251,4185,3928.81
252,4157,3938.49
253,4185,3987.4
254,4185,3988.81
255,4185,4011.81
256,4185,3994.59
257,4185,4029.81
258,4185,4033.39
259,4185,4052.49
260,4185,3978.62
261,4185,4009.9
262,4185,4048.47
263,4185,3945.21
264,4185,4077.82
265,4185,2458.73
266,4185,2659.63
267,4185,2852.15
268,4022,3006.44
269,4022,3104.35
270,4022,3264.26
271,4076,3467.47
272,4076,3562.45
273,4076,3671.44
274,4076,3735.59
275,4076,3787.36
276,4076,3809.02
277,4076,3821.54
278,4076,3864.22
279,4076,3835.36
280,4076,3882.5
281,4076,3888.91
282,4135,3888.74
283,4135,3921.02
284,4185,3939.34
285,4185,3955
286,4185,3948.4
287,4185,3953.96
288,4185,3983.38
289,4185,3969.14
290,4185,3999.58
291,4185,3936.93
292,4185,3903.64
293,4185,3960.96
294,4185,3981.16
295,4185,3902.13
296,4185,3997.07
297,4185,3955.5
298,4185,4008.79
299,4185,3944.12
Population size,100
Crossover rate,0.51
Mutation rate,0.79
Random selection portion,0.03
Selection method,AForge.Genetic.RankSelection
Diversity check,False
Iteration,FitnessMax,FitnessAvg
0,3284,2427.91
1,3263,2575.1
2,3453,2723.1
3,3477,2825.85
4,3477,2918.24
5,3518,3031.64
6,3627,3087.38
7,3623,3172.77
8,3663,3232.15
9,3663,3310.94
10,3764,3314.19
11,3853,3350.15
12,3826,3444.83
13,3812,3482.94
14,3900,3473
15,3917,3572.4
16,3917,3589.65
17,3921,3623.17
18,4033,3689.44
19,4033,3733.94
20,3979,3750.43
21,4035,3740.27
22,4035,3768.37
23,4147,3692.35
24,4147,3806.59
25,4147,3864.26
26,4147,3862.94
27,4147,3916.46
28,4147,3917.88
29,4147,3925.72
30,4147,3939.44
31,4147,3915.78
32,4147,3959.23
33,4147,3928.14
34,4147,4004.37
35,4147,4025.59
36,4147,4035.71
37,4175,4024.39
38,4175,4017.89
39,4175,4043.92
40,4175,4004.48
41,4185,3916.64
42,4185,4027.76
43,4185,3902.08
44,4185,4009.11
45,4185,4018.32
46,4175,4067.58
47,4175,4016.27
48,4175,4028.13
49,4175,4000.98
50,4175,4010.12
51,4175,4065.93
52,4175,4056.99
53,4175,4057.79
54,4175,3995.09
55,4175,3990.79
56,4175,4041.1
57,4175,4024.51
58,4175,4051.43
59,4175,4079.98
60,4175,4081.47
61,4175,4054.3
62,4175,3974.01
63,4175,4035.25
64,4175,3992.3
65,4175,4010.79
66,4175,4038.17
67,4175,4061.76
68,4175,4076.93
69,4175,4038.79
70,4175,4038.24
71,4175,4054.8
72,4175,3987.65
73,4175,3982.68
74,4175,4045.13
75,4175,4062.82
76,4175,4046.68
77,4175,3997.35
78,4175,4023.59
79,4175,4008.16
80,4185,4028.52
81,4175,4071.26
82,4175,4046.14
83,4175,4082.53
84,4175,4052.16
85,4175,4014.46
86,4175,4037.92
87,4175,4053.62
88,4175,4077.68
89,4175,4058.48
90,4175,4057.35
91,4175,4027.79
92,4175,4072.72
93,4175,4063.61
94,4175,3941.62
95,4175,3998.32
96,4175,4054.02
97,4185,4066.41
98,4185,4060.52
99,4185,4048.11
100,4185,4066.26
101,4185,4080.71
102,4185,4082.4
103,4185,4079.7
104,4185,4064.94
105,4185,4021.99
106,4175,3995.64
107,4185,4024.59
108,4185,4061.49
109,4185,4075.45
110,4185,4063.83
111,4185,4065.76
112,4175,4078.28
113,4175,4090.84
114,4175,4069.92
115,4175,4070.98
116,4175,4045.46
117,4175,4035.77
118,4175,4082.38
119,4175,4053.55
120,4175,4075.47
121,4175,3993.34
122,4175,3954.49
123,4175,4030.12
124,4175,4030.24
125,4175,4086.72
126,4175,4030.57
127,4175,4039.76
128,4175,4062.57
129,4175,4021.85
130,4175,4045.95
131,4175,4000.76
132,4175,4070.69
133,4175,4041.53
134,4175,4037.4
135,4175,4024.36
136,4175,4077.42
137,4175,4064.99
138,4175,4024.24
139,4175,4008.05
140,4175,4026.37
141,4175,4070.16
142,4175,4062.59
143,4175,4056.82
144,4175,4049.77
145,4175,4043.07
146,4175,4049.03
147,4175,4071.13
148,4175,4076.01
149,4175,4088.4
150,4175,4066.24
151,4175,4089.85
152,4175,4083.98
153,4175,3964.02
154,4175,4063.23
155,4175,4050.58
156,4175,4080.51
157,4175,4060.43
158,4175,4059.89
159,4175,4059.5
160,4175,4049.19
161,4175,4053.27
162,4185,4022.26
163,4185,4070.08
164,4175,4033.02
165,4175,4057.04
166,4185,4071.58
167,4185,4066.48
168,4185,4072.56
169,4185,4073.85
170,4185,4092.11
171,4185,4080.82
172,4185,4029.58
173,4185,4088.71
174,4185,4034.69
175,4185,4062.7
176,4185,4046.02
177,4185,4079.93
178,4185,4026.88
179,4185,4093.91
180,4185,4090.92
181,4185,3995.82
182,4185,4011.84
183,4185,4057.18
184,4185,4076.08
185,4185,4048.16
186,4185,4027.23
187,4185,3998.46
188,4185,4020.02
189,4185,4074.93
190,4185,4041.26
191,4185,3998.92
192,4185,4037.13
193,4185,4090.02
194,4185,4006.23
195,4185,4063.37
196,4185,4088.13
197,4185,4025.97
198,4185,4042.47
199,4185,4004.44
200,4185,4043.16
201,4185,4081.37
202,4185,4026.46
203,4185,4099.81
204,4185,3933.84
205,4185,4042.64
206,4185,4026.8
207,4185,4045.8
208,4185,4029.78
209,4185,4050.74
210,4185,4028.93
211,4185,4020.55
212,4185,4025.32
213,4185,4064.45
214,4185,4054.98
215,4185,3996.56
216,4185,3951.67
217,4185,4022.27
218,4185,4061.42
219,4185,4018.08
220,4185,4005.06
221,4185,3951.96
222,4185,4001.72
223,4185,4078.82
224,4185,4071.36
225,4185,4066.55
226,4185,4088.95
227,4185,4062.37
228,4185,4069.05
229,4185,4012.45
230,4185,4021.46
231,4185,4040.7
232,4185,4079.13
233,4185,4042.59
234,4185,4025.99
235,4185,4020.06
236,4185,3997.07
237,4185,4076.52
238,4185,4029.69
239,4185,4090.32
240,4185,4038.51
241,4185,4071.76
242,4185,4004.79
243,4185,4005.53
244,4185,4046.4
245,4185,4042.2
246,4185,3979.6
247,4185,4049.77
248,4185,4052.4
249,4185,4088.17
250,4185,4034.63
251,4185,4079.01
252,4185,4097.35
253,4185,4093.01
254,4185,4106.11
255,4185,4063.31
256,4185,4044.03
257,4185,4083.02
258,4185,4089.76
259,4185,4069.48
260,4185,4018.46
261,4185,4021.98
262,4185,4089.3
263,4185,4028.92
264,4185,4088.41
265,4185,4082.8
266,4185,4093.44
267,4185,4044.82
268,4185,4087.5
269,4185,4076.42
270,4185,3986.85
271,4185,4017.59
272,4185,4002.88
273,4185,4070.86
274,4185,4095.31
275,4185,4043.7
276,4185,4047.56
277,4185,4077.89
278,4185,4090.08
279,4185,4057.95
280,4185,3962.67
281,4185,3940.18
282,4185,3937.04
283,4185,4003.05
284,4185,4019.12
285,4185,4033.35
286,4185,4081.77
287,4185,3975.08
288,4185,4085.85
289,4185,4048.48
290,4185,4041.07
291,4185,4033.52
292,4185,4077.9
293,4185,4047.81
294,4185,4010.24
295,4185,4041.41
296,4185,4058.93
297,4185,4054.61
298,4185,3972.81
299,4185,4049.51
Population size,100
Crossover rate,0.22
Mutation rate,0.87
Random selection portion,0.03
Selection method,AForge.Genetic.EliteSelection
Diversity check,False
Iteration,FitnessMax,FitnessAvg
0,3381,2674.57
1,3385,2908.01
2,3385,3006.03
3,3435,3129.91
4,3520,3219.21
5,3724,3300.58
6,3724,3356.88
7,3737,3434.54
8,3737,3494.23
9,3772,3539.02
10,3841,3566
11,3851,3592.19
12,3888,3622.85
13,3920,3651.14
14,3965,3684.38
15,3965,3684.36
16,3987,3747.03
17,4002,3778.71
18,4004,3800.81
19,4013,3820.72
20,4040,3857.2
21,4040,3860.04
22,4096,3885.25
23,4096,3894.41
24,4096,3925.97
25,4096,3936.35
26,4129,3933.23
27,4150,3951.34
28,4150,3983.32
29,4150,3986.48
30,4150,4002.7
31,4150,4013.35
32,4185,4013.08
33,4185,4026.68
34,4185,4040.34
35,4185,4049.61
36,4185,4060.74
37,4185,4051.19
38,4185,4078.15
39,4185,4089.14
40,4185,4072.3
41,4185,4068.54
42,4185,4093.42
43,4185,4090.37
44,4185,4109.05
45,4185,4106.31
46,4185,4104.9
47,4185,4104.57
48,4185,4114.35
49,4185,4131.24
50,4185,4105.35
51,4185,4129.64
52,4185,4124.53
53,4185,4129.35
54,4185,4134.83
55,4185,4099.99
56,4185,4113.76
57,4185,4136.19
58,4185,4132.19
59,4185,4128.32
60,4185,4114.99
61,4185,4135.06
62,4185,4126.94
63,4185,4125.58
64,4185,4135.55
65,4185,4132.88
66,4185,4119.68
67,4185,4131.76
68,4185,4122.09
69,4185,4116.39
70,4185,4116.78
71,4185,4118.91
72,4185,4145.58
73,4185,4117.06
74,4185,4126.92
75,4185,4128.07
76,4185,4136.8
77,4185,4122.3
78,4185,4118.6
79,4185,4113.44
80,4185,4115.08
81,4185,4129.94
82,4185,4121.97
83,4185,4119.85
84,4185,4121.2
85,4185,4129.05
86,4185,4120.05
87,4185,4127.98
88,4185,4116.37
89,4185,4127.89
90,4185,4119.53
91,4185,4115.5
92,4185,4130.73
93,4185,4128.05
94,4185,4125.95
95,4185,4133.64
96,4185,4126.89
97,4185,4133.43
98,4185,4127.79
99,4185,4130.17
100,4185,4122.48
101,4185,4124.72
102,4185,4124.9
103,4185,4145.62
104,4185,4126.16
105,4185,4120.97
106,4185,4144.04
107,4185,4121.71
108,4185,4118.71
109,4185,4115.19
110,4185,4131.07
111,4185,4133.04
112,4185,4133.24
113,4185,4127.04
114,4185,4134.77
115,4185,4125.52
116,4185,4130.86
117,4185,4128.07
118,4185,4111.4
119,4185,4124.83
120,4185,4126.33
121,4185,4136.31
122,4185,4121.84
123,4185,4127.69
124,4185,4133.56
125,4185,4111.89
126,4185,4117.5
127,4185,4127.78
128,4185,4106.02
129,4185,4127.91
130,4185,4117.12
131,4185,4120.73
132,4185,4117.71
133,4185,4105.53
134,4185,4113
135,4185,4121.7
136,4185,4118.31
137,4185,4123.13
138,4185,4129.04
139,4185,4130.33
140,4185,4124.03
141,4185,4129.91
142,4185,4114.5
143,4185,4126.25
144,4185,4124.84
145,4185,4130.49
146,4185,4128.65
147,4185,4124.43
148,4185,4117.52
149,4185,4133.69
150,4185,4126.52
151,4185,4114.54
152,4185,4107.14
153,4185,4114.28
154,4185,4117.5
155,4185,4141.93
156,4185,4119.6
157,4185,4123.65
158,4185,4120.22
159,4185,4128
160,4185,4118.55
161,4185,4124.42
162,4185,4137.86
163,4185,4124.71
164,4185,4118.03
165,4185,4119.94
166,4185,4124.85
167,4185,4119.1
168,4185,4116.29
169,4185,4127.03
170,4185,4124.78
171,4185,4121.93
172,4185,4135.45
173,4185,4128.08
174,4185,4115.8
175,4185,4137.38
176,4185,4119.59
177,4185,4127.9
178,4185,4133.93
179,4185,4127.25
180,4185,4125.73
181,4185,4136.68
182,4185,4129.58
183,4185,4117.47
184,4185,4127.14
185,4185,4122.85
186,4185,4115.32
187,4185,4117.42
188,4185,4134.67
189,4185,4122.96
190,4185,4122.82
191,4185,4111.21
192,4185,4129.99
193,4185,4137.03
194,4185,4122.53
195,4185,4127.15
196,4185,4129.82
197,4185,4114.25
198,4185,4109.44
199,4185,4123.07
200,4185,4129.13
201,4185,4124.83
202,4185,4129.87
203,4185,4135.55
204,4185,4125.54
205,4185,4117.69
206,4185,4128.68
207,4185,4121.38
208,4185,4127.3
209,4185,4125
210,4185,4141.58
211,4185,4133.4
212,4185,4126.83
213,4185,4127.84
214,4185,4119.76
215,4185,4133.1
216,4185,4120.37
217,4185,4134.76
218,4185,4116.59
219,4185,4132.57
220,4185,4119.96
221,4185,4132.86
222,4185,4120.87
223,4185,4123.29
224,4185,4120.2
225,4185,4126.51
226,4185,4126.07
227,4185,4126.64
228,4185,4120.4
229,4185,4120.41
230,4185,4128.87
231,4185,4114.47
232,4185,4132.08
233,4185,4127.26
234,4185,4136.71
235,4185,4111.35
236,4185,4117.34
237,4185,4124.65
238,4185,4113.93
239,4185,4117.88
240,4185,4114.3
241,4185,4131.17
242,4185,4123.63
243,4185,4128.53
244,4185,4142.1
245,4185,4123.52
246,4185,4110.98
247,4185,4115.83
248,4185,4116.58
249,4185,4108.34
250,4185,4125.74
251,4185,4118.78
252,4185,4126.8
253,4185,4127.35
254,4185,4124.29
255,4185,4131.2
256,4185,4130.37
257,4185,4118.2
258,4185,4124.72
259,4185,4125.69
260,4185,4115.2
261,4185,4125.4
262,4185,4122.24
263,4185,4116.17
264,4185,4122.73
265,4185,4129.55
266,4185,4129.78
267,4185,4143.49
268,4185,4113.12
269,4185,4124.55
270,4185,4121.71
271,4185,4128.52
272,4185,4125.73
273,4185,4132.3
274,4185,4129.97
275,4185,4123.06
276,4185,4122.91
277,4185,4129.12
278,4185,4116.68
279,4185,4119.03
280,4185,4133.71
281,4185,4129.02
282,4185,4123.68
283,4185,4117.92
284,4185,4118.8
285,4185,4122.43
286,4185,4125.07
287,4185,4100.9
288,4185,4118.62
289,4185,4128.27
290,4185,4124.75
291,4185,4118.5
292,4185,4123.15
293,4185,4126.76
294,4185,4112.49
295,4185,4115.07
296,4185,4134.29
297,4185,4121.75
298,4185,4127.72
299,4185,4134.59
Population size,100
Crossover rate,0.22
Mutation rate,0.87
Random selection portion,0.03
Selection method,AForge.Genetic.EliteSelection
Diversity check,True
Iteration,FitnessMax,FitnessAvg
0,3365,2539.09
1,3369,2709.97
2,3473,2855.71
3,3490,2978.74
4,3557,3091.37
5,3623,3214.36
6,3623,3309.25
7,3813,3404.31
8,3902,3461.37
9,3902,3515.19
10,3902,3566.14
11,3902,3600.56
12,4003,3661.36
13,4003,3708.24
14,4003,3745.6
15,4003,3790.93
16,4006,3820.17
17,4107,3840.86
18,4107,3885.05
19,4107,3905.13
20,4107,3934.7
21,4107,3950.42
22,4107,3975.47
23,4175,3988.56
24,4175,4007.37
25,4175,4004.99
26,4175,4031.02
27,4175,4038.37
28,4175,4030.12
29,4175,4049.44
30,4175,4045.23
31,4175,4060.27
32,4175,2611.14
33,4175,2812.78
34,4175,2937.88
35,4175,3120.94
36,4175,3212.66
37,4175,3333.35
38,4175,3428.47
39,4175,3518.08
40,4175,3596.58
41,4185,3690.03
42,4185,3799.38
43,4185,3849.13
44,4185,3930.04
45,4185,3966.79
46,4185,4002.19
47,4185,4012.89
48,4185,4033.36
49,4185,4049.77
50,4185,4089.91
51,4185,2618.13
52,4185,2822.22
53,4185,2998.96
54,4185,3165.51
55,4185,3320.55
56,4185,3433.12
57,4185,3573.89
58,4185,3705.07
59,4185,3805.44
60,4185,3861.06
61,4185,3894.23
62,4185,3956.24
63,4185,3981.75
64,4185,3996.15
65,4185,4015.34
66,4185,4045.11
67,4185,4056.89
68,4185,4067.55
69,4185,2575.63
70,4185,2826.27
71,4185,3051
72,4185,3210.9
73,4185,3386.04
74,4185,3547.13
75,4185,3726.64
76,4185,3849.23
77,4185,3917.33
78,4185,3967.66
79,4185,4004.15
80,4185,4016.85
81,4185,4050.88
82,4185,4061.39
83,4185,2540.09
84,4185,2749.01
85,4185,2898.01
86,4185,3042.65
87,4185,3172.89
88,4185,3298.02
89,4185,3453.98
90,4185,3600.77
91,4185,3755.23
92,4185,3823.89
93,4185,3886.19
94,4185,3924.54
95,4185,3957.01
96,4185,3991.11
97,4185,4020.89
98,4185,4057.03
99,4185,4034.67
100,4185,4065.46
101,4185,2554.19
102,4185,2782.68
103,4185,2956.27
104,4185,3076.97
105,4185,3253.5
106,4185,3412.13
107,4185,3555.31
108,4185,3710.16
109,4185,3827.18
110,4185,3895.64
111,4185,3946.92
112,4185,3990.73
113,4185,4008.46
114,4185,4057.96
115,4185,4066.13
116,4185,2621.12
117,4185,2838.07
118,4185,2994.87
119,4185,3133.1
120,4185,3275.43
121,4185,3383.91
122,4185,3510.66
123,4185,3683.55
124,4185,3812.89
125,4185,3891.28
126,4185,3947.78
127,4185,4001.07
128,4185,4035.24
129,4185,4045.16
130,4185,4051.35
131,4185,4079.95
132,4185,2548.5
133,4185,2753.81
134,4185,2939.24
135,4185,3161.5
136,4185,3343.03
137,4185,3496.8
138,4185,3684.04
139,4185,3811.82
140,4185,3907.61
141,4185,3983.78
142,4185,4012.68
143,4185,4043.85
144,4185,4079.74
145,4185,2586.51
146,4185,2799.41
147,4185,3034.63
148,4185,3223.62
149,4185,3348.71
150,4185,3471.26
151,4185,3554.36
152,4185,3641.46
153,4185,3718.03
154,4185,3821.72
155,4185,3864.7
156,4185,3944.52
157,4185,3968.43
158,4185,4026.43
159,4185,4046.2
160,4185,4072.35
161,4185,2576.89
162,4185,2787.95
163,4185,2923.42
164,4185,3077.59
165,4185,3237.75
166,4185,3433.26
167,4185,3580.92
168,4185,3748.88
169,4185,3872.31
170,4185,3917.5
171,4185,3943.28
172,4185,3971.27
173,4185,3998.44
174,4185,4018.28
175,4185,4027.64
176,4185,4084.09
177,4185,2649.6
178,4185,2896.12
179,4185,3067.25
180,4185,3249.29
181,4185,3410.74
182,4185,3533.57
183,4185,3673.84
184,4185,3789.94
185,4185,3852.54
186,4185,3901.7
187,4185,3957.62
188,4185,3987.25
189,4185,4008.86
190,4185,4045.76
191,4185,4070.78
192,4185,2604.23
193,4185,2799.7
194,4185,2946.01
195,4185,3104.23
196,4185,3268.81
197,4185,3432.02
198,4185,3596.95
199,4185,3721.69
200,4185,3788.3
201,4185,3875.21
202,4185,3925.35
203,4185,3980.71
204,4185,4026.36
205,4185,4037.46
206,4185,4072.72
207,4185,2547.25
208,4185,2781.67
209,4185,2992.54
210,4185,3195.82
211,4185,3379.87
212,4185,3559.36
213,4185,3777.98
214,4185,3866.8
215,4185,3912.36
216,4185,3916.61
217,4185,3964.02
218,4185,3984.97
219,4185,4026.82
220,4185,4043.16
221,4185,4069.61
222,4185,2556.86
223,4185,2766.48
224,4185,2899.72
225,4185,3020.83
226,4185,3152.41
227,4185,3274.38
228,4185,3414.9
229,4185,3568.7
230,4185,3675.89
231,4185,3780.33
232,4185,3838.48
233,4185,3912.46
234,4185,3972.55
235,4185,3987.2
236,4185,4031.5
237,4185,4055.7
238,4185,4084.7
239,4185,2569.64
240,4185,2758.27
241,4185,2956.35
242,4185,3118.86
243,4185,3252.38
244,4185,3430.65
245,4185,3622.23
246,4185,3779.12
247,4185,3852.16
248,4185,3919.14
249,4185,3954.74
250,4185,3980.1
251,4185,4006.78
252,4185,4032.05
253,4185,4050.15
254,4185,4054.94
255,4185,4089.2
256,4185,2590.06
257,4185,2779.25
258,4185,2950.52
259,4185,3084.63
260,4185,3220.91
261,4185,3375.48
262,4185,3479.78
263,4185,3630.32
264,4185,3759.56
265,4185,3835.77
266,4185,3896.56
267,4185,3969.67
268,4185,4007.19
269,4185,4031.19
270,4185,4072.57
271,4185,2621.24
272,4185,2815.76
273,4185,2989.37
274,4185,3114.87
275,4185,3240.23
276,4185,3343.81
277,4185,3518.1
278,4185,3695.77
279,4185,3824.62
280,4185,3892.1
281,4185,3946.47
282,4185,3999.7
283,4185,4015.12
284,4185,4042.94
285,4185,4064.58
286,4185,2563.78
287,4185,2767.77
288,4185,2972.93
289,4185,3137.02
290,4185,3347.14
291,4185,3515.22
292,4185,3715.54
293,4185,3831.74
294,4185,3895.46
295,4185,3942.09
296,4185,3982.97
297,4185,4018.91
298,4185,4051.74
299,4185,4070.92
Population size,100
Crossover rate,0.22
Mutation rate,0.87
Random selection portion,0.03
Selection method,AForge.Genetic.EliteSelection
Diversity check,True
Iteration,FitnessMax,FitnessAvg
0,3172,2522.55
1,3172,2703.31
2,3221,2853.33
3,3460,2971.6
4,3460,3060.47
5,3525,3144.69
6,3603,3235.26
7,3604,3302.27
8,3747,3387.91
9,3807,3436.1
10,3949,3521.82
11,4020,3587.28
12,4020,3648.49
13,4111,3694.33
14,4111,3748.33
15,4111,3783.47
16,4111,3816.61
17,4111,3838.4
18,4111,3884.5
19,4111,3891.87
20,4111,3908.77
21,4119,3949.18
22,4119,3970.51
23,4150,3982.32
24,4150,3995.59
25,4175,4014.5
26,4175,4023.74
27,4175,4032.12
28,4175,4056.79
29,4175,2536.68
30,4175,2725.31
31,4175,2895.79
32,4175,3041.22
33,4175,3173.19
34,4175,3249.19
35,4175,3405.41
36,4175,3556.38
37,4175,3658.48
38,4175,3771.39
39,4175,3852.27
40,4175,3916.6
41,4175,3963.05
42,4175,3985.84
43,4175,4019.85
44,4175,4046.74
45,4175,4080.1
46,4175,2602.33
47,4175,2845.69
48,4175,3043.21
49,4175,3197.2
Population size,100
Crossover rate,0.22
Mutation rate,0.87
Random selection portion,0.03
Selection method,AForge.Genetic.EliteSelection
Diversity check,True
Iteration,FitnessMax,FitnessAvg
0,3182,2540.12
1,3395,2747.89
2,3395,2971.6
3,3428,3072.13
4,3510,3146.56
5,3523,3238.8
6,3603,3290.99
7,3773,3374.58
8,3773,3427.45
9,3822,3467.33
10,3870,3537.97
11,3870,3577.85
12,3926,3605.68
13,3926,3641.83
14,3935,3686.04
15,3935,3717.74
16,3956,3713.48
17,4015,3770.65
18,4119,3782.15
19,4175,3832.73
20,4175,3854.04
21,4175,3875.39
22,4175,3897.41
23,4175,3931.59
24,4175,3944.47
25,4175,3976.51
26,4175,3990.69
27,4175,4020.25
28,4175,4031.57
29,4175,4038.38
