Population size,100
Crossover rate,0.66
Mutation rate,0.34
Random selection portion,0.03
Selection method,AForge.Genetic.RouletteWheelSelection
Diversity check,False
Iteration,FitnessMax,FitnessAvg
0,3287,2310.18
1,3287,2383.31
2,3120,2462.97
3,3151,2432.15
4,3110,2426.51
5,3143,2441.11
6,3156,2460.39
7,3239,2458.38
8,3358,2506
9,3239,2608.67
10,3290,2601.67
11,3417,2702.47
12,3462,2751.56
13,3692,2746.61
14,3488,2778.28
15,3488,2805.58
16,3488,2796.19
17,3378,2788.1
18,3468,2828.66
19,3468,2780.46
20,3501,2839.37
21,3506,2794.11
22,3506,2824.12
23,3501,2841.51
24,3501,2789.21
25,3424,2750.7
26,3424,2723.06
27,3533,2781.25
28,3578,2843.42
29,3434,2805.19
30,3424,2835.17
31,3511,2777.35
32,3511,2775.68
33,3511,2803.79
34,3511,2819.51
35,3430,2780.61
36,3430,2737.7
37,3426,2774.36
38,3363,2756.48
39,3692,2877.74
40,3483,2902.3
41,3498,2876.45
42,3476,2939.32
43,3476,2935.93
44,3476,2991.42
45,3506,3008.08
46,3512,3030.79
47,3457,3004.39
48,3457,3018.43
49,3590,3103.44
50,3590,3096.96
51,3622,3098.74
52,3590,3113.04
53,3622,3096.81
54,3622,3151.46
55,3622,3143.43
56,3603,3140.72
57,3603,3104.76
58,3603,3084.77
59,3586,3074.68
60,3527,3050.31
61,3537,3059.86
62,3537,2988.66
63,3515,2956.44
64,3533,2957.65
65,3668,2943.73
66,3867,3007.58
67,3867,2992.65
68,3867,2972.69
69,3667,3023.43
70,3597,3025.88
71,3541,3063.5
72,3541,3047.53
73,3603,3063.87
74,3577,3041.74
75,3614,3083.94
76,3576,3090.77
77,3598,3130.38
78,3571,3114.47
79,3629,3094.42
80,3706,3104.12
81,3706,3061.33
82,3645,3104.66
83,3689,3152.79
84,3689,3163.52
85,3621,3158.64
86,3688,3111.61
87,3688,3125.67
88,3688,3160.49
89,3656,3167.66
90,3656,3178.52
91,3656,3222.51
92,3652,3168.26
93,3652,3066.71
94,3651,3050.79
95,3630,3028.57
96,3630,3090.51
97,3514,3081.6
98,3464,3025.74
99,3535,3062.33
100,3535,3042.35
101,3660,3101.52
102,3728,3097.51
103,3569,3181.34
104,3573,3152.65
105,3783,3153.57
106,3804,3194.21
107,3829,3122.62
108,3829,3117.66
109,3665,3046.54
110,3662,3032.03
111,3662,3060.31
112,3685,3101.72
113,3685,3077.82
114,3685,3079.77
115,3618,3059.56
116,3649,3071.76
117,3593,3042.98
118,3593,3005.74
119,3593,2997.26
120,3755,3046.97
121,3755,2948
122,3755,2971.13
123,3755,2968.35
124,3755,3052.69
125,3755,3120.36
126,3755,3152.76
127,3632,3152.92
128,3743,3164.48
129,3784,3121.67
130,3784,3091.45
131,3816,3107.52
132,3678,3107.58
133,3678,3127.29
134,3597,3054.27
135,3530,3066.46
136,3506,3100.88
137,3506,3135.37
138,3484,3130.92
139,3553,3123.82
140,3609,3070.11
141,3506,3097.28
142,3507,3080.66
143,3589,3069.11
144,3589,3133.6
145,3493,3096.89
146,3529,3128.36
147,3610,3166.96
148,3632,3203.15
149,3602,3182.87
150,3733,3151.93
151,3526,3209.14
152,3779,3202.86
153,3779,3138.96
154,3779,3139.76
155,3666,3118.09
156,3565,3122.24
157,3709,3174.53
158,3683,3166.31
159,3649,3131.18
160,3694,3177.83
161,3668,3232.75
162,3668,3233.58
163,3668,3200.58
164,3663,3186.42
165,3680,3211.86
166,3699,3194.97
167,3699,3205.11
168,3699,3189.19
169,3624,3172.64
170,3598,3078.07
171,3770,3095.26
172,3770,3032.91
173,3770,2999.34
174,3742,3005.58
175,3742,3031.2
176,3598,3043.01
177,3711,3086.26
178,3679,3122.59
179,3538,3148.69
180,3616,3122.01
181,3578,3103.35
182,3629,3044.13
183,3629,3049.8
184,3639,3103.7
185,3642,3142.88
186,3692,3181.05
187,3642,3158.05
188,3642,3148.94
189,3693,3141.96
190,3738,3174.21
191,3802,3193.37
192,3738,3165.26
193,3855,3164.02
194,3855,3149.42
195,3919,3200.97
196,3855,3153.56
197,3756,3122.29
198,3756,3190.09
199,3756,3219
200,3703,3220.46
201,3721,3235.92
202,3969,3337.13
203,3676,3225.96
204,3885,3238.47
205,3885,3231.24
206,3870,3207.36
207,3785,3218.34
208,3826,3233.06
209,3826,3235.2
210,3826,3281.51
211,3785,3252.63
212,3800,3215.55
213,3800,3221.88
214,3846,3231.07
215,3856,3212.05
216,3835,3183.21
217,3835,3217.96
218,3835,3285.42
219,3835,3237.76
220,3923,3263.62
221,3987,3340.76
222,3987,3338.82
223,3923,3289.07
224,3923,3316.7
225,3923,3359.13
226,3923,3270
227,3923,3275.75
228,3974,3254.27
229,3923,3211.26
230,3880,3231.75
231,3880,3268.22
232,3974,3276.71
233,3974,3277.5
234,3974,3273.8
235,3974,3290.72
236,3974,3329.61
237,3974,3236.79
238,3855,3223.05
239,3855,3286.11
240,3825,3236.63
241,3825,3301.51
242,3880,3323.19
243,3880,3365.09
244,3857,3365.41
245,3825,3398.81
246,3825,3460.2
247,3847,3472.32
248,3831,3485.43
249,3842,3390.03
250,3880,3380.37
251,3831,3317.68
252,3838,3417.37
253,3872,3435.78
254,3872,3398.69
255,3872,3288.44
256,3872,3314.09
257,3872,3317.71
258,3872,3291.46
259,3872,3327.37
260,3936,3345.78
261,3936,3377.78
262,3994,3379.64
263,3910,3386.81
264,4021,3416.17
265,4062,3392.35
266,4062,3420.25
267,4062,3407.65
268,4062,3418.84
269,4062,3335.98
270,4062,3382.76
271,4062,3427.03
272,4062,3435.38
273,4068,3501.25
274,4068,3535.19
275,4068,3547.36
276,4068,3547.08
277,4068,3586.46
278,4050,3520.86
279,4015,3522.12
280,4015,3585.12
281,4015,3543.25
282,3973,3541.65
283,4072,3559.11
284,4072,3557.2
285,4072,3617.33
286,4072,3580.88
287,4072,3542.14
288,4084,3576.93
289,4084,3496.84
290,4084,3506.3
291,4084,3506.87
292,4014,3432.8
293,4084,3360.13
294,4084,3375.9
295,4084,3315.36
296,4084,3326.4
297,4084,3301.66
298,4084,3285.41
299,3887,3284.95
Population size,100
Crossover rate,0.66
Mutation rate,0.34
Random selection portion,0.03
Selection method,AForge.Genetic.RouletteWheelSelection
Diversity check,True
Iteration,FitnessMax,FitnessAvg
0,3310,2363.58
1,3310,2397.76
2,3310,2461.01
3,3367,2484.49
4,3367,2559.48
5,3522,2588.26
6,3392,2657.7
7,3466,2635.31
8,3466,2701.42
9,3537,2680.58
10,3420,2769.97
11,3367,2707.92
12,3367,2726.73
13,3448,2681.1
14,3300,2728.74
15,3378,2773.6
16,3378,2834.37
17,3383,2822.46
18,3383,2809.84
19,3461,2854.29
20,3421,2857.84
21,3310,2840.87
22,3449,2853.15
23,3449,2795.41
24,3317,2796.09
25,3333,2846.24
26,3397,2876.27
27,3449,2883.25
28,3449,2814.74
29,3379,2849.49
30,3379,2875.98
31,3379,2893.75
32,3398,2859.19
33,3398,2876.9
34,3437,2852.83
35,3437,2877.88
36,3451,2878.64
37,3451,2915.04
38,3393,2933.94
39,3396,2935.83
40,3624,2895.08
41,3624,2901.41
42,3685,2889.63
43,3685,2961.72
44,3685,2960.04
45,3685,2926.07
46,3685,3012.72
47,3685,3048.71
48,3567,3022.35
49,3602,3029.05
50,3575,3017.5
51,3588,3049.82
52,3588,3084.13
53,3588,3068.95
54,3659,3100.58
55,3680,3082.28
56,3833,3066.51
57,3593,3054.32
58,3638,3046.15
59,3634,3008.5
60,3680,3027.56
61,3680,3032.19
62,3680,3101.59
63,3770,3050.82
64,3680,3052.28
65,3791,3027.03
66,3791,3002.5
67,3791,3077.03
68,3791,3165.28
69,3791,3157.77
70,3615,3133.74
71,3732,3094.22
72,3615,3066.83
73,3615,3093.61
74,3638,3120.2
75,3638,3099.24
76,3701,3078.24
77,3701,3128.66
78,3820,3090.23
79,3820,3106.61
80,3820,3135.93
81,3820,3127.23
82,3709,3092.58
83,3709,3092.58
84,3680,3058.56
85,3680,3125.45
86,3799,3120.12
87,3680,3121.63
88,3699,3122.36
89,3680,3084.46
90,3753,3097.33
91,3753,3097.56
92,3753,3126.86
93,3799,3099.19
94,3799,3165.6
95,3753,3113.73
96,3753,3059.74
97,3753,3086.16
98,3753,3066.53
99,3876,3124.31
100,3876,3196.1
101,3876,3232.45
102,3929,3240.62
103,3929,3262.08
104,3728,3278.57
105,3781,3230.83
106,3770,3263.47
107,3770,3329.66
108,3816,3315.6
109,3950,3341.32
110,3950,3307.6
111,3950,3241.08
112,3950,3238.03
113,3950,3299.69
114,3950,3365.31
115,3950,3406.12
116,3950,3392.4
117,3950,3390.27
118,3950,3403.75
119,3950,3378.34
120,3950,3389.67
121,3879,3358.72
122,3879,3340.68
123,3864,3339.14
124,3813,3315.16
125,3853,3337.14
126,3952,3339.15
127,3952,3306.45
128,3952,3308.59
129,3952,3258.25
130,3952,3228.64
131,3952,3346.3
132,3952,3403.25
133,3952,3379.01
134,3952,3404.04
135,3952,3399.58
136,3952,3317.47
137,3952,3288.63
138,4016,3272.41
139,3952,3306.69
140,3912,3276.52
141,3952,3265.2
142,3952,3277.55
143,3952,3330.15
144,3952,3333.08
145,3952,3344.23
146,3952,3275.81
147,3952,3261.78
148,3952,3310.73
149,3942,3305.45
150,3843,3259.07
151,3843,3272.38
152,3906,3217.41
153,3871,3244.92
154,3843,3222.32
155,3846,3297.77
156,3805,3329.8
157,3854,3321.85
158,3854,3327.42
159,3854,3350.04
160,3854,3400.24
161,3831,3332.38
162,3878,3336.04
163,3847,3373.67
164,3832,3414.84
165,3896,3424.42
166,3896,3416.97
167,3896,3483.04
168,3896,3435.41
169,3942,3436.55
170,3896,3441.23
171,3901,3416.41
172,3901,3430.34
173,3919,3364.97
174,3894,3391.4
175,3903,3408.91
176,3903,3414.41
177,3903,3392.05
178,3904,3378.94
179,3904,3452.14
180,3904,3430.56
181,3903,3416.05
182,3881,3424.39
183,3881,3443.71
184,4029,3446.13
185,3903,3414.38
186,4029,3449.76
187,4029,3420.5
188,3817,3451.88
189,3817,3353.55
190,3826,3379.21
191,4006,3369.76
192,4029,3378.52
193,3942,3359.01
194,3942,3305.41
195,3942,3295.29
196,4029,3270.47
197,4029,3279.42
198,4029,3317.31
199,4029,3332.19
200,4029,3304.31
201,4029,3382.88
202,4029,3390.32
203,4029,3426.72
204,3986,3366.73
205,3918,3371.72
206,3971,3368.32
207,4006,3428.59
208,4028,3430.7
209,4028,3416.85
210,4028,3430.61
211,3909,3325.3
212,3833,3301.22
213,3897,3299.79
214,3833,3293.32
215,3928,3335.69
216,3929,3390.39
217,4045,3385.39
218,3958,3382.63
219,3952,3369.11
220,3952,3403.31
221,3952,3394.12
222,4051,3395.9
223,4051,3411.01
224,3952,3429.56
225,3952,3466.53
226,3980,3462.29
227,3980,3480.94
228,3957,3467.16
229,3937,3442.62
230,3915,3407.74
231,3915,3401.52
232,3915,3420.63
233,3895,3413.77
234,3949,3416.86
235,3949,3326.1
236,3886,3209.81
237,3886,3227.65
238,3886,3236.68
239,3822,3220
240,3822,3249.66
241,3863,3198.46
242,3734,3161.18
243,3734,3150.17
244,3775,3180.81
245,3707,3219.04
246,3610,3224.41
247,3743,3242.17
248,3779,3267.58
249,3779,3199.15
250,3779,3249.18
251,3779,3205.89
252,3779,3197.85
253,3677,3127.02
254,3677,3090.46
255,3677,3102.16
256,3613,3135.03
257,3792,3159.2
258,3792,3161.36
259,3793,3136.55
260,3792,3124.83
261,3637,3079.94
262,3637,3106.75
263,3675,3092.53
264,3596,3117.8
265,3659,3134.2
266,3865,3146.66
267,3694,3144.14
268,3684,3169.07
269,3710,3135.9
270,3683,3138.58
271,3669,3144.3
272,3721,3222.75
273,3669,3182.08
274,3669,3227.22
275,3813,3237.55
276,3690,3179.21
277,3722,3143.47
278,3669,3142.52
279,3586,3060.14
280,3669,3090.23
281,3677,3066.8
282,3652,3061.54
283,3726,3079.17
284,3652,3095.59
285,3629,3105.7
286,3629,3137.71
287,3715,3114.48
288,3629,3121.38
289,3745,3178.92
290,3764,3145.85
291,3764,3204.35
292,3622,3261.21
293,3737,3262.59
294,3818,3287.01
295,3818,3258.12
296,3818,3224.4
297,3818,3179.87
298,3818,3172.77
299,3818,3178.74
Population size,100
Crossover rate,0.51
Mutation rate,0.79
Random selection portion,0.03
Selection method,AForge.Genetic.RankSelection
Diversity check,True
Iteration,FitnessMax,FitnessAvg
0,3349,2557.8
1,3412,2741.96
2,3412,2875.11
3,3412,2924.56
4,3498,2959.15
5,3498,3061.49
6,3573,3156.46
7,3636,3222.87
8,3590,3279.74
9,3590,3293.62
10,3704,3339.17
11,3693,3359.12
12,3693,3439.63
13,3755,3449.98
14,3755,3490.47
15,3795,3473.43
16,3795,3529.03
17,3795,3523.91
18,3806,3537.28
19,3806,3533.85
20,3804,3562.72
21,3804,3596.99
22,3980,3609.86
23,3939,3585.13
24,3939,3584.5
25,3939,3658.09
26,3939,3642.5
27,3939,3662.21
28,3939,3697.05
29,3939,3731.47
30,3939,3768.39
31,3940,3720.91
32,3943,3799.33
33,4054,3699.79
34,4054,3803.53
35,4054,3793.33
36,4043,3844.69
37,4043,3872.45
38,4043,3808.63
39,4043,3883.81
40,4083,3849.8
41,4083,3798.93
42,4083,3910.95
43,4083,3855.64
44,4083,3818.27
45,4089,3872.13
46,4083,3811.14
47,4089,3887.46
48,4089,3952.28
49,4089,3939.57
50,4106,3967.32
51,4106,3970.46
52,4119,3910.89
53,4119,3892.88
54,4096,3923.32
55,4119,3950.28
56,4119,3984.56
57,4119,3910.67
58,4089,3963.03
59,4089,3961.93
60,4083,3970.82
61,3062,2453
62,3011,2605.65
63,3193,2736.11
64,3228,2848.61
65,3349,2940.45
66,3340,3000.87
67,3417,3029.41
68,3417,3095.85
69,3551,3170.07
70,3608,3217.67
71,3608,3261.74
72,3608,3254.14
73,3711,3364.1
74,3771,3425.56
75,3771,3425.19
76,3817,3439.69
77,3812,3406.02
78,3817,3491.46
79,3837,3556.78
80,3843,3517.39
81,3952,3618.68
82,3952,3655.03
83,3952,3641.22
84,3975,3660.24
85,3975,3643.21
86,3975,3670.62
87,3988,3715.69
88,3988,3784.75
89,3999,3753.13
90,3999,3779.86
91,3999,3818.74
92,4035,3825.71
93,4035,3809.66
94,4035,3767.99
95,4035,3766.53
96,4035,3862.11
97,4022,3817.44
98,4022,3891.88
99,4055,3895.8
100,4055,3876.97
101,4066,3906.34
102,4022,3840.66
103,4022,3834.86
104,4044,3862.7
105,4066,3927
106,4066,3933.66
107,4066,3837
108,4066,3925
109,4066,3889.98
110,4068,3856.92
111,4068,3934.98
112,4068,3898.46
113,4068,3863.62
114,4068,3880.04
115,4068,3879.33
116,4066,3902.2
117,4066,3819.5
118,4066,3864.63
119,4066,3882.66
120,4066,3897.17
121,4089,3885.48
122,4089,3913.32
123,4089,3950.71
124,4089,3906.05
125,4089,3867.69
126,4089,3842.37
127,4089,3900.3
128,4089,3967.81
129,4089,2664.99
130,4089,2882.23
131,4099,2932.42
132,4099,3029.9
133,3717,3066.94
134,3717,3093.35
135,3717,3180.39
136,3717,3239
137,3717,3266.63
138,3717,3342.8
139,3703,3404.74
140,3788,3468.67
141,3858,3512.22
142,3815,3477.14
143,3872,3541.21
144,3840,3577.31
145,3900,3594.14
146,3900,3590.07
147,3900,3486.61
148,3965,3646.46
149,3987,3610.45
150,3987,3624.76
151,3987,3734.18
152,3997,3723.83
153,3997,3723.99
154,4011,3742.45
155,4011,3756.62
156,4011,3762.28
157,3987,3699.05
158,3987,3776.97
159,4005,3802.32
160,4005,3841.46
161,4104,3866.79
162,4104,3836.2
163,4104,3577.35
164,4104,3865.45
165,4104,3905.99
166,4104,3890.34
167,4104,3912.41
168,4104,3884.74
169,4104,3852.41
170,4104,3920.62
171,4121,3901.47
172,4144,3927.05
173,4144,3994.35
174,4144,3966.52
175,4144,3952.92
176,4144,3987.3
177,4144,3987.67
178,4144,3997.57
179,4144,4011.66
180,4144,3980.45
181,4144,3987.23
182,4144,3981.42
183,4144,3959.4
184,4144,4046.22
185,4144,2480.66
186,4144,2594.16
187,4144,2770.4
188,4045,2805.2
189,4045,2911.68
190,4045,2997.83
191,3905,3088.65
192,3882,3207.43
193,3705,3277.06
194,3817,3331.08
195,3705,3367.27
196,3905,3420.23
197,3873,3407.17
198,3873,3503.05
199,3892,3546.61
200,3911,3587.65
201,3842,3605.15
202,3915,3660.34
203,3899,3665.54
204,3899,3681.47
205,3915,3679.64
206,3915,3666.03
207,4007,3707.74
208,4007,3745.68
209,3915,3731.31
210,3915,3729.59
211,3969,3695.08
212,3969,3629.98
213,3969,3706.81
214,4007,3769.26
215,4007,3778.98
216,4007,3816.56
217,4007,3835.48
218,4042,3818.53
219,4042,3799.64
220,4042,3805.1
221,4013,3843.15
222,4013,3742.81
223,4078,3797.71
224,4042,3771.2
225,4042,3774.72
226,4083,3875.38
227,4042,3795.4
228,4083,3732.79
229,4083,3791.13
230,4083,3882.54
231,4083,3863.68
232,4083,3911.66
233,4073,3853.92
234,4083,3920.89
235,4083,3913.49
236,4083,3951.28
237,4083,3919.52
238,4083,3943.01
239,4083,3916.57
240,4106,3905.02
241,4106,3885.65
242,4106,3963.31
243,4106,3932.35
244,4106,3933.64
245,4106,3947.12
246,4106,3940.03
247,4106,3940.64
248,4106,3954.2
249,4106,3972.62
250,4106,3999.49
251,3113,2412.79
252,3113,2564.04
253,3193,2722.84
254,3319,2837.32
255,3433,2928.76
256,3538,3070.35
257,3538,3115.45
258,3585,3196.94
259,3585,3224.16
260,3651,3217.05
261,3791,3299.67
262,3695,3274.91
263,3695,3339.1
264,3913,3426.87
265,3738,3502.76
266,3934,3511.97
267,3934,3525.77
268,3878,3605.57
269,3965,3679.79
270,3965,3656.77
271,3989,3709.26
272,3989,3794.06
273,4012,3753.59
274,3989,3823.41
275,4012,3838.98
276,4056,3860.17
277,4056,3814.03
278,4056,3841.13
279,4056,3828.47
280,4074,3881.47
281,4094,3906.18
282,4094,3895.88
283,4131,3929.17
284,4131,3918.26
285,4131,3954.79
286,4111,3968.37
287,4131,3989.09
288,4131,3939.15
289,4131,3967.74
290,4131,3977.96
291,4134,3984.66
292,4134,3942.17
293,4153,4031.87
294,4153,2389.36
295,4153,2574.88
296,4153,2664.67
297,4153,2779.77
298,4153,2907.04
299,4153,3010.91
Population size,100
Crossover rate,0.51
Mutation rate,0.79
Random selection portion,0.03
Selection method,AForge.Genetic.RankSelection
Diversity check,False
Iteration,FitnessMax,FitnessAvg
0,3145,2424.04
1,3145,2612.33
2,3192,2796.98
3,3269,2881.13
4,3730,2979.71
5,3617,3069.74
6,3589,3111.69
7,3730,3201.74
8,3730,3286.52
9,3642,3350.21
10,3697,3385.96
11,3755,3442.29
12,3769,3497.24
13,3788,3462.7
14,3823,3528.64
15,3914,3492.68
16,3891,3521.53
17,3891,3530.52
18,3891,3592.73
19,3891,3646.96
20,3922,3582.24
21,3922,3674.54
22,3891,3631.1
23,3891,3623.16
24,3897,3678.09
25,3990,3729.69
26,3990,3706.73
27,3992,3643.17
28,4012,3729.88
29,3996,3776.32
30,4072,3807.64
31,4019,3813.7
32,4032,3850.22
33,4082,3788.18
34,4082,3810.05
35,4082,3842
36,4082,3855.45
37,4082,3827.55
38,4082,3917.06
39,4118,3866.41
40,4108,3918.1
41,4108,3926.77
42,4118,3870.16
43,4118,3910.9
44,4118,3871.28
45,4118,3862.97
46,4118,3897.73
47,4118,3887.79
48,4118,3929.57
49,4118,3984.18
50,4118,3926.5
51,4118,4003.23
52,4118,4019.33
53,4118,4024.41
54,4118,4046.97
55,4118,4044.32
56,4118,3997.27
57,4118,3992.37
58,4118,3973.99
59,4118,3983.33
60,4118,3891.75
61,4118,3945.98
62,4118,4027.19
63,4118,3960.63
64,4118,4030.33
65,4118,4028.23
66,4118,3995.46
67,4118,3980.28
68,4118,3981.46
69,4118,3995.34
70,4118,4004.4
71,4118,4021.46
72,4118,4000.62
73,4118,4000.67
74,4118,3933.93
75,4118,3976.52
76,4118,3937.78
77,4118,3848.53
78,4118,3902.07
79,4118,4015.46
80,4118,3973.84
81,4120,3934
82,4120,3852.71
83,4120,3946.02
84,4120,4011.8
85,4120,3985.82
86,4120,3966.43
87,4118,4022.03
88,4118,3987.05
89,4118,3975.86
90,4118,4014.18
91,4118,3965.17
92,4118,4022.39
93,4118,4007.93
94,4118,3993.75
95,4118,4012.8
96,4118,3996.81
97,4118,3995.48
98,4118,4030.13
99,4118,3962.96
100,4118,4024.08
101,4118,4034.73
102,4118,4004.89
103,4118,4034.38
104,4118,4035.71
105,4118,3942.92
106,4118,4038.98
107,4118,3964.29
108,4118,3908.04
109,4118,3973.97
110,4118,3931.76
111,4118,4001.72
112,4118,3812.66
113,4118,3904.31
114,4118,3944.92
115,4118,3964.45
116,4118,4014.42
117,4118,4031.01
118,4118,4008.82
119,4118,3994.22
120,4118,3990.03
121,4118,3971.96
122,4118,3956.85
123,4118,4032.89
124,4118,4023.55
125,4118,3980.45
126,4118,4023.3
127,4118,4028.38
128,4118,3980.76
129,4118,3906.68
130,4118,4039.16
131,4118,3888.14
132,4118,3997.61
133,4118,4018.05
134,4118,3996.07
135,4118,3924.63
136,4118,3997.9
137,4118,4037.12
138,4118,4002.45
139,4118,4028.44
140,4118,3997.64
141,4118,3930.47
142,4118,4025.55
143,4118,4032.08
144,4118,3987.3
145,4118,4016.51
146,4118,4018.1
147,4118,4039.66
148,4118,3992.19
149,4118,3921.19
150,4118,3954.13
151,4118,4040.84
152,4118,4043.48
153,4153,4016.6
154,4118,3945.86
155,4118,4041.09
156,4118,4017.66
157,4118,4009.58
158,4118,4010.2
159,4118,3905.32
160,4118,4011.42
161,4118,3967.99
162,4118,3979.12
163,4118,4035.42
164,4118,3920.32
165,4118,4016.86
166,4118,3972.58
167,4118,3995.2
168,4118,3999.12
169,4118,4005.02
170,4118,3995.44
171,4118,4025.13
172,4118,3944.34
173,4118,4012.84
174,4118,3980.2
175,4118,4023.28
176,4118,4037.87
177,4118,4009.99
178,4118,4019.56
179,4118,4022.49
180,4118,3951.1
181,4118,3988.64
182,4118,3946.01
183,4118,4011.57
184,4118,4004.92
185,4118,4008.83
186,4118,3937.44
187,4118,3987.23
188,4118,3990.17
189,4118,3957.82
190,4118,4040.59
191,4118,3977.2
192,4118,4003.33
193,4118,3967.46
194,4118,4005.14
195,4118,3960.38
196,4118,3979.44
197,4118,3959.44
198,4118,3965.84
199,4118,4015.29
200,4118,4029.77
201,4118,3994.36
202,4118,4026.93
203,4118,3893.66
204,4118,3930.79
205,4118,3995.46
206,4118,3983.54
207,4118,3968.8
208,4118,3990.58
209,4118,4020.22
210,4118,4001.24
211,4118,4002.69
212,4118,4042.51
213,4118,4016.11
214,4118,3954.26
215,4118,4017.13
216,4118,3958.49
217,4118,3991.65
218,4118,4020.68
219,4118,4021.86
220,4118,3987.26
221,4118,4008.48
222,4118,3989.62
223,4118,4036.37
224,4118,3976.12
225,4118,4000.7
226,4118,4012.02
227,4118,3961.81
228,4118,4031.9
229,4118,4015.49
230,4118,4026.12
231,4118,3977.41
232,4118,4008.11
233,4118,4027.19
234,4118,4027.89
235,4118,4040.7
236,4118,4021.16
237,4118,3973.55
238,4118,4011.07
239,4118,4007.86
240,4118,4006.18
241,4118,3990.6
242,4118,4031.94
243,4118,3929.82
244,4118,3962.95
245,4118,4013.49
246,4118,3966.15
247,4118,3953.42
248,4118,3977.59
249,4118,3991.53
250,4118,4004.24
251,4118,3955.71
252,4118,4008.55
253,4118,4042.1
254,4118,4029.89
255,4118,4024
256,4118,3949.06
257,4118,3993.48
258,4118,3968.18
259,4118,4016
260,4118,3944.98
261,4118,4005.26
262,4118,4016.15
263,4118,3954.06
264,4118,3985.37
265,4118,4017.06
266,4118,4047.64
267,4118,3992.51
268,4118,4023.37
269,4118,3968.55
270,4118,4012.85
271,4118,4022.1
272,4118,4005.35
273,4118,3969.83
274,4118,3905.02
275,4118,3901.75
276,4118,4000.12
277,4118,3917.34
278,4120,3890.36
279,4120,3999.26
280,4120,4007.33
281,4120,4014.87
282,4118,3982.83
283,4118,4007.56
284,4118,4022.69
285,4118,4039.69
286,4118,3952.4
287,4118,4040.31
288,4118,3976.19
289,4118,3954.36
290,4118,4027.25
291,4118,3896.18
292,4118,3965.96
293,4118,3946.56
294,4118,3975.93
295,4118,4018.97
296,4118,4026.8
297,4118,4033.18
298,4118,4020.59
299,4118,3962.17
Population size,100
Crossover rate,0.22
Mutation rate,0.87
Random selection portion,0.03
Selection method,AForge.Genetic.EliteSelection
Diversity check,False
Iteration,FitnessMax,FitnessAvg
0,3181,2542.01
1,3280,2730.92
2,3322,2860.69
3,3391,2977.51
4,3391,3081.76
5,3437,3155.31
6,3556,3219.03
7,3564,3264.13
8,3701,3331.26
9,3701,3402.52
10,3701,3471.87
11,3821,3525.78
12,3844,3561.88
13,3853,3615.8
14,3853,3665.81
15,3903,3704.38
16,3921,3719.96
17,3928,3747.98
18,3940,3787.58
19,4056,3799.77
20,4056,3820.82
21,4056,3851.83
22,4056,3875.84
23,4079,3899.46
24,4100,3911.01
25,4119,3929.2
26,4119,3939.65
27,4119,3960.02
28,4119,3962.11
29,4119,3982.4
30,4119,3982.31
31,4119,3992.85
32,4119,4002.9
33,4119,3990.17
34,4119,4009.81
35,4119,4031.25
36,4119,4023.4
37,4119,4035.39
38,4119,4032.53
39,4119,4039.83
40,4119,4040.27
41,4119,4038.73
42,4119,4038.09
43,4119,4051.23
44,4119,4056.07
45,4119,4055.86
46,4119,4039.36
47,4119,4040.15
48,4119,4044.76
49,4119,4021.45
50,4119,4033.35
51,4119,4047.28
52,4119,4048.43
53,4119,4060.47
54,4119,4026.61
55,4119,4044.97
56,4119,4048.26
57,4119,4064.04
58,4119,4043.25
59,4119,4041.34
60,4119,4043.78
61,4119,4074.29
62,4119,4050.41
63,4119,4063.34
64,4119,4066.36
65,4119,4061.78
66,4119,4066.52
67,4119,4064.51
68,4119,4070.68
69,4119,4071.42
70,4119,4052.93
71,4119,4063.3
72,4119,4048.89
73,4119,4051.66
74,4119,4069.18
75,4119,4065.29
76,4119,4064.42
77,4119,4053.39
78,4119,4064.61
79,4119,4058.81
80,4119,4064.88
81,4119,4056.36
82,4119,4052.81
83,4119,4045.66
84,4119,4052.89
85,4119,4058.26
86,4119,4065.31
87,4119,4070.17
88,4119,4063.22
89,4119,4065.88
90,4119,4070.36
91,4119,4068.81
92,4119,4066.7
93,4119,4047.59
94,4119,4056.35
95,4119,4073.54
96,4119,4068.25
97,4119,4062.33
98,4119,4057.84
99,4119,4073.76
100,4119,4072.84
101,4119,4060.76
102,4119,4060.75
103,4119,4064.27
104,4119,4055.73
105,4119,4061.14
106,4119,4065.2
107,4119,4075.42
108,4119,4064.16
109,4119,4036.83
110,4119,4079.55
111,4119,4047.48
112,4119,4064.72
113,4119,4051.55
114,4119,4076.44
115,4119,4042.01
116,4119,4064.09
117,4119,4067.86
118,4119,4059.3
119,4119,4053.81
120,4119,4062.59
121,4119,4056.36
122,4119,4067.74
123,4119,4064.76
124,4119,4061.61
125,4119,4065.11
126,4119,4067.29
127,4119,4069.28
128,4119,4055.69
129,4119,4064.38
130,4119,4069.74
131,4119,4068.73
132,4119,4065.29
133,4119,4062.77
134,4119,4056.84
135,4119,4074.6
136,4119,4056.18
137,4119,4041.69
138,4119,4062.11
139,4119,4069.15
140,4119,4065.79
141,4119,4057.97
142,4119,4054.6
143,4119,4079.37
144,4119,4072.21
145,4119,4065.15
146,4119,4036.93
147,4119,4058.69
148,4119,4068.37
149,4119,4066.98
150,4119,4066.08
151,4119,4074.65
152,4119,4062.08
153,4119,4076.29
154,4119,4074.76
155,4119,4064.59
156,4119,4065.22
157,4119,4041.58
158,4119,4055.38
159,4119,4066.81
160,4119,4063.86
161,4119,4066.37
162,4119,4062.8
163,4119,4074.16
164,4119,4071.83
165,4119,4061.33
166,4119,4071.77
167,4119,4055.98
168,4119,4067.74
169,4119,4059.94
170,4119,4058.21
171,4119,4072.44
172,4119,4066.63
173,4119,4052.53
174,4119,4056.1
175,4119,4061.84
176,4119,4067.1
177,4119,4057.07
178,4119,4066.8
179,4119,4065.31
180,4119,4049.86
181,4119,4056.75
182,4119,4054.18
183,4119,4069.37
184,4119,4070.25
185,4119,4065.06
186,4119,4032.75
187,4119,4059.69
188,4119,4062.73
189,4119,4061.74
190,4119,4057.82
191,4119,4074.72
192,4119,4062.48
193,4119,4065.11
194,4119,4059.43
195,4119,4067.78
196,4119,4065.87
197,4119,4072.08
198,4119,4072.76
199,4119,4054.38
200,4119,4067.29
201,4119,4056.74
202,4119,4036.7
203,4119,4066.58
204,4119,4064.11
205,4119,4063.52
206,4119,4029.8
207,4119,4061.19
208,4119,4069.13
209,4119,4072.91
210,4119,4076.91
211,4119,4068.8
212,4119,4067.6
213,4119,4067.11
214,4119,4063.58
215,4119,4042.5
216,4119,4057.35
217,4119,4060.15
218,4119,4059.06
219,4119,4070.94
220,4119,4059.13
221,4119,4072.72
222,4119,4061.1
223,4119,4069.75
224,4119,4065.69
225,4119,4057.05
226,4119,4053.73
227,4119,4066.74
228,4119,4056.62
229,4119,4049.59
230,4119,4076.32
231,4119,4056.18
232,4119,4058.24
233,4119,4056.46
234,4119,4052.02
235,4119,4067.8
236,4119,4053.29
237,4119,4069.52
238,4119,4069.05
239,4119,4065.35
240,4119,4070.88
241,4119,4065.42
242,4119,4059.75
243,4119,4033.41
244,4119,4056.62
245,4119,4050.7
246,4119,4061.49
247,4119,4056.3
248,4119,4047.79
249,4119,4055.02
250,4119,4060.83
251,4119,4065.85
252,4119,4062.54
253,4119,4078.53
254,4119,4062.92
255,4119,4026.44
256,4119,4061.09
257,4119,4057.6
258,4119,4065.35
259,4119,4055.41
260,4119,4071.32
261,4119,4027.21
262,4119,4045.97
263,4119,4067.36
264,4119,4072.21
265,4119,4064.9
266,4119,4032.67
267,4119,4058.34
268,4119,4054.95
269,4119,4056.86
270,4119,4064.71
271,4119,4078.23
272,4119,4054.99
273,4119,4068.52
274,4119,4072
275,4119,4078.81
276,4119,4072.05
277,4119,4057.4
278,4119,4050.51
279,4119,4046.19
280,4119,4051.47
281,4119,4064.87
282,4119,4071.69
283,4119,4055.3
284,4119,4064.58
285,4119,4062.66
286,4119,4069.12
287,4119,4058.5
288,4119,4073.42
289,4119,4038.1
290,4119,4061.18
291,4119,4062.66
292,4119,4058.45
293,4119,4056.15
294,4119,4048.58
295,4119,4065.9
296,4119,4053.82
297,4119,4062.76
298,4119,4063.56
299,4119,4051.92
Population size,100
Crossover rate,0.22
Mutation rate,0.87
Random selection portion,0.03
Selection method,AForge.Genetic.EliteSelection
Diversity check,True
Iteration,FitnessMax,FitnessAvg
0,3359,2696.48
1,3359,2915.47
2,3641,3051.77
3,3773,3167.54
4,3773,3254.66
5,3773,3336.38
6,3789,3457.72
7,3789,3510.66
8,3928,3578.58
9,3969,3641.14
10,3969,3689.33
11,3969,3736.73
12,4007,3768.85
13,4007,3793.95
14,4062,3839.07
15,4062,3864
16,4062,3889.06
17,4097,3910.33
18,4097,3915.76
19,4097,3951.65
20,4097,3949.21
21,4097,3968.8
22,4107,3976.42
23,4107,4003.09
24,4107,2614.43
25,4107,2776.3
26,4107,2938.17
27,4107,3108.88
28,4107,3217.48
29,4107,3386.75
30,4107,3537.61
31,4107,3699.4
32,4107,3798.01
33,4107,3845.23
34,4107,3890.55
35,4107,3922.21
36,4107,3940.19
37,4107,3953.66
38,4107,3985.49
39,4107,2520.83
40,4107,2735.96
41,4107,2909.57
42,4107,3030.43
43,4107,3160.12
44,4107,3239.18
45,4107,3383.67
46,4107,3493.6
47,4107,3590.29
48,4113,3683.76
49,4113,3759.47
50,4113,3852.56
51,4113,3889.31
52,4113,3919.19
53,4113,3954.75
54,4113,3972.23
55,4134,3992.62
56,4134,4008.66
57,4134,4004.51
58,4134,4036.91
59,4134,2592.52
60,4134,2758.75
61,4134,2971.4
62,4134,3141.58
63,4134,3268.6
64,4134,3428.9
65,4134,3596.05
66,4134,3788.29
67,4134,3880.12
68,4134,3940.83
69,4134,3983.6
70,4134,4012.55
71,4134,2638.42
72,4134,2887.31
73,4134,3045.84
74,4134,3201.04
75,4134,3333.39
76,4134,3465.76
77,4134,3552
78,4134,3640.33
79,4134,3702.33
80,4134,3772.9
81,4134,3822.7
82,4134,3866.76
83,4134,3884.02
84,4134,3914.84
85,4134,3945.29
86,4134,3974.1
87,4134,4012.39
88,4134,2650.75
89,4134,2872.9
90,4134,3058.92
91,4134,3215.67
92,4134,3339.95
93,4134,3509.02
94,4134,3656.59
95,4134,3783.09
96,4134,3861.81
97,4134,3921.07
98,4134,3958.76
99,4134,3981.41
100,4134,3993.81
101,4134,4003.35
102,4134,4030.3
103,4134,2564.6
104,4134,2753.6
105,4134,2877.02
106,4134,2994.49
107,4134,3134.4
108,4134,3290.06
109,4134,3464.74
110,4134,3675.46
111,4134,3808.57
112,4134,3880.14
113,4134,3918.78
114,4134,3949.33
115,4134,3981.52
116,4134,4004.08
117,4134,4031.61
118,4134,2638.45
119,4134,2804.01
120,4134,2890.64
121,4134,3019.81
122,4134,3137.63
123,4134,3246.34
124,4134,3350.82
125,4134,3470.69
126,4134,3607.66
127,4134,3697.61
128,4134,3779.51
129,4134,3828.75
130,4134,3889.11
131,4134,3922.68
132,4134,3954.15
133,4134,3980.47
134,4134,4010.74
135,4134,2546.56
136,4134,2782.34
137,4134,2979.44
138,4134,3143.82
139,4134,3304.64
140,4134,3456.75
141,4134,3617.73
142,4134,3747.81
143,4134,3830.92
144,4134,3912.09
145,4134,3945.01
146,4134,3971.96
147,4134,4005.21
148,4134,4023.73
149,4134,2532.36
150,4134,2750.81
151,4134,2946.07
152,4134,3128.38
153,4134,3327.45
154,4134,3493.16
155,4134,3726.07
156,4134,3866.3
157,4134,3919.55
158,4134,3948.75
159,4134,3981.2
160,4134,4019.52
161,4134,2573.74
162,4134,2857.55
163,4134,3040.82
164,4134,3181.47
165,4134,3329.47
166,4134,3470.66
167,4134,3658.28
168,4134,3819.79
169,4134,3907.79
170,4134,3935.74
171,4134,3947.51
172,4134,3998.51
173,4134,4005.69
174,4134,4014.06
175,4134,2555.59
176,4134,2743.35
177,4134,2936.25
178,4134,3066.08
179,4134,3185.64
180,4134,3292.45
181,4134,3432.25
182,4134,3614.68
183,4134,3775.45
184,4134,3852.4
185,4134,3940.74
186,4134,3960.25
187,4134,4002.58
188,4134,4021.04
189,4134,2589
190,4134,2834.03
191,4134,3008.79
192,4134,3114.49
193,4134,3219.39
194,4134,3330.6
195,4134,3474.16
196,4134,3642.08
197,4134,3742
198,4134,3820.11
199,4134,3888.73
200,4134,3915.77
201,4134,3957.3
202,4134,4004.48
203,4134,4021.06
204,4134,2588.84
205,4134,2782.97
206,4134,2995.55
207,4134,3158.71
208,4134,3299.24
209,4134,3469.74
210,4134,3642.38
211,4134,3846.51
212,4134,3913.17
213,4134,3972.28
214,4134,3988.41
215,4134,4028.12
216,4134,2645.57
217,4134,2886.06
218,4134,3045.75
219,4134,3165.44
220,4134,3292.88
221,4134,3462.44
222,4134,3604.17
223,4134,3767.54
224,4134,3879.94
225,4134,3936.38
226,4134,3951.31
227,4134,3978.86
228,4134,4005.3
229,4134,4018.55
230,4134,2658.66
231,4134,2851.65
232,4134,2996
233,4134,3128.49
234,4134,3277.17
235,4134,3433.83
236,4134,3564.43
237,4134,3716.18
238,4134,3821.22
239,4134,3859.83
240,4134,3905.58
241,4134,3938.42
242,4134,3952.16
243,4134,3965.75
244,4134,4002.46
245,4134,4000.2
246,4134,4031.08
247,4134,2630.8
248,4134,2847.86
249,4134,2995.66
250,4134,3140.42
251,4134,3324.92
252,4134,3478.04
253,4134,3628.33
254,4134,3725.46
255,4134,3817.33
256,4134,3890.9
257,4134,3934.14
258,4134,3947.73
259,4134,3996.58
260,4134,4025.3
261,4134,2637.03
262,4134,2827.84
263,4134,2986.15
264,4134,3103.92
265,4134,3233
266,4134,3353
267,4134,3468.36
268,4134,3561.2
269,4134,3701.25
270,4134,3793.83
271,4134,3842.6
272,4134,3877.05
273,4134,3894.21
274,4134,3946
275,4134,3955.78
276,4134,3978.96
277,4134,4000.92
278,4134,4011.29
279,4134,2572.63
280,4134,2750.87
281,4134,2934.63
282,4134,3076.23
283,4134,3220.21
284,4134,3374.81
285,4134,3553.25
286,4134,3678.13
287,4134,3794.73
288,4134,3861.37
289,4134,3912.24
290,4134,3953.42
291,4134,3978.78
292,4134,4007.78
293,4134,4013.49
294,4134,2549.11
295,4134,2777.46
296,4134,2967
297,4134,3116.22
298,4134,3276.31
299,4134,3452.7
Population size,100
Crossover rate,0.22
Mutation rate,0.87
Random selection portion,0.03
Selection method,AForge.Genetic.EliteSelection
Diversity check,True
Iteration,FitnessMax,FitnessAvg
0,3166,2615.4
1,3198,2779.69
2,3549,2909.44
3,3549,3029.93
4,3549,3124.68
5,3571,3212.9
6,3571,3286.23
7,3961,3402.69
8,3961,3456.11
9,3961,3519.84
10,3961,3582.18
11,3961,3647.54
12,3985,3675.9
13,3996,3763.71
14,3996,3790.72
15,3996,3804
16,3998,3832.49
17,4006,3857.23
18,4006,3875.45
19,4037,3879.27
20,4042,3894.82
21,4060,3912.97
22,4066,3914.74
23,4066,3952.33
24,4066,2606.28
25,4066,2812.88
26,4066,2960.58
27,4066,3116.97
28,4066,3265.7
29,4066,3371.51
30,4066,3480.33
31,4066,3584.78
32,4066,3674.24
33,4066,3792.27
34,4076,3839.88
35,4076,3871.51
36,4076,3921.71
37,4076,3943.06
38,4076,3974.1
39,4076,2693.54
40,4076,2883.36
41,4076,3038.11
42,4076,3197.13
43,4076,3380.38
44,4076,3547.39
45,4076,3667.22
46,4120,3778.85
47,4120,3835.7
48,4120,3877.67
49,4120,3919.88
Population size,100
Crossover rate,0.22
Mutation rate,0.87
Random selection portion,0.03
Selection method,AForge.Genetic.EliteSelection
Diversity check,True
Iteration,FitnessMax,FitnessAvg
0,3344,2538.59
1,3481,2774.07
2,3685,2962.1
3,3685,3077.2
4,3685,3206.84
5,3685,3286.67
6,3685,3369.89
7,3694,3419.48
8,3703,3488.79
9,3731,3538
10,3821,3583.75
11,3822,3619.63
12,3884,3635.9
13,3884,3663.13
14,3892,3693.63
15,3943,3711.51
16,3964,3730.2
17,3964,3762.49
18,3964,3778.65
19,4003,3807.15
20,4047,3850.57
21,4134,3870.33
22,4134,3898.19
23,4134,3919.16
24,4134,3938.08
25,4134,3917.52
26,4134,3957.89
27,4134,3954.72
28,4134,3979.74
29,4134,3978.67
