Population size,100
Crossover rate,0.66
Mutation rate,0.34
Random selection portion,0.03
Selection method,AForge.Genetic.RouletteWheelSelection
Diversity check,False
Iteration,FitnessMax,FitnessAvg
0,297,227.3
1,297,251.81
2,297,270.83
3,297,266.71
4,297,268.1
5,297,268.08
6,297,264.01
7,297,267.16
8,297,269.1
9,297,262.78
10,297,260.31
11,297,263.99
12,297,265.16
13,297,263.5
14,297,271.53
15,297,262.19
16,297,266.11
17,297,265.71
18,297,265.16
19,297,269.52
20,297,272.7
21,297,270.51
22,297,271.57
23,297,270.67
24,297,270.57
25,297,276.82
26,297,271.6
27,297,265.6
28,297,267.15
29,297,267.71
30,297,272.69
31,297,276.42
32,297,281.61
33,297,277.66
34,290,273.06
35,297,280.01
36,297,265.19
37,297,269.91
38,297,273.08
39,297,274.65
40,297,274.18
41,297,276.57
42,297,275.73
43,297,277.34
44,290,271.96
45,297,271.42
46,297,277.12
47,297,278.54
48,297,274.52
49,297,273.27
50,297,275.69
51,297,276.79
52,290,274.32
53,297,267.74
54,297,270.99
55,297,273.24
56,297,270.23
57,297,272.05
58,297,275.05
59,297,267.41
60,297,265.81
61,297,262.17
62,297,261.55
63,297,268.99
64,297,266.07
65,297,273.88
66,297,268.31
67,297,269.4
68,297,271.87
69,297,270.18
70,297,274.68
71,297,270.03
72,297,270.09
73,297,268.44
74,297,272.75
75,297,269.6
76,297,275.86
77,297,272.46
78,297,264.97
79,297,266.37
80,297,273.63
81,297,270.61
82,297,275.28
83,297,279.08
84,297,276.77
85,297,274.21
86,297,278.61
87,297,274.73
88,297,262.65
89,297,267.59
90,297,274.74
91,297,270.73
92,297,269.11
93,297,273.44
94,297,265.19
95,297,267.53
96,297,263.98
97,297,268.54
98,297,269.96
99,297,265.48
100,297,264.83
101,297,263.11
102,297,269.47
103,297,272.12
104,297,268.1
105,297,262.58
106,297,260.38
107,297,261.88
108,297,262.11
109,297,268.89
110,297,270.55
111,297,268.09
112,297,269.33
113,297,271.75
114,297,270.13
115,297,269.87
116,297,265.49
117,297,271.8
118,297,266.8
119,297,265.97
120,297,263.61
121,297,266.86
122,297,264.8
123,297,270.24
124,297,265.33
125,297,271.88
126,297,271.92
127,297,278.96
128,297,271.65
129,297,274.61
130,290,271.41
131,297,279.83
132,297,273.56
133,297,277.26
134,297,273.32
135,297,276.28
136,297,275.43
137,290,270.64
138,297,281.57
139,297,276.02
140,290,275.96
141,290,276.9
142,290,279.58
143,297,272.94
144,297,275.74
145,290,276.18
146,290,276.29
147,290,277.66
148,297,283.98
149,297,278.68
150,297,279.15
151,290,277.57
152,297,284.07
153,290,270.58
154,290,273.56
155,297,274.21
156,297,270.45
157,297,276.58
158,297,281.16
159,297,276.54
160,297,275.76
161,297,277.09
162,290,272.32
163,297,272.3
164,297,270.86
165,297,275.18
166,297,275.46
167,297,277.73
168,297,275.19
169,290,277.53
170,290,270.44
171,297,276.14
172,297,277.5
173,297,269.01
174,297,277.38
175,297,276.94
176,297,275.81
177,297,275.84
178,297,277.69
179,297,274.96
180,297,268.79
181,297,272.28
182,297,270.73
183,297,266.12
184,297,268.43
185,297,269.46
186,297,265.52
187,297,273.48
188,290,267.6
189,297,276.06
190,297,274.04
191,297,271.72
192,297,278.73
193,297,277.99
194,297,267.89
195,297,260.72
196,297,272.39
197,297,271.11
198,297,269.02
199,297,270.08
200,297,269.12
201,297,269.69
202,297,271.38
203,297,272.71
204,297,270.75
205,297,268.18
206,297,276
207,297,273.7
208,297,268.68
209,297,272.48
210,297,266.33
211,297,273.61
212,297,270.2
213,297,278.49
214,297,272.76
215,297,277.31
216,297,277.49
217,297,278.03
218,297,280.37
219,297,273.61
220,290,276.2
221,290,277.64
222,290,272.26
223,290,267.82
224,297,269.36
225,297,269.28
226,297,272.19
227,297,277.81
228,297,273.17
229,297,277.76
230,297,271.44
231,297,274.26
232,297,274.94
233,297,277.3
234,297,272.92
235,297,270.8
236,297,264.23
237,297,269.67
238,297,267.67
239,297,263.57
240,297,270.23
241,297,269.92
242,297,273.54
243,297,279.51
244,297,273.09
245,297,269.9
246,297,269.36
247,297,273.71
248,297,263.07
249,297,268.39
250,297,266.09
251,297,269.26
252,297,270.15
253,297,278.13
254,297,275.49
255,297,281.19
256,297,274.65
257,297,277.66
258,297,269.58
259,297,274.89
260,297,273.5
261,297,267.78
262,297,266.72
263,297,266.65
264,297,275.39
265,297,270.46
266,297,270.83
267,297,260.99
268,297,273.06
269,297,271.82
270,297,273.47
271,297,264.61
272,297,270.58
273,297,268.61
274,297,271.7
275,297,269.66
276,297,265.33
277,297,259.12
278,297,268.94
279,297,272.22
280,297,277.66
281,297,274.63
282,297,270.97
283,297,270.94
284,297,272.22
285,297,270.57
286,297,274.08
287,297,264.54
288,297,263.36
289,297,261.46
290,297,264.83
291,297,261.29
292,297,255.18
293,297,265.05
294,297,261.91
295,297,267.27
296,297,269.47
297,297,266.37
298,297,258.6
299,297,263.42
Population size,100
Crossover rate,0.66
Mutation rate,0.34
Random selection portion,0.03
Selection method,AForge.Genetic.RouletteWheelSelection
Diversity check,True
Iteration,FitnessMax,FitnessAvg
0,297,232.04
1,297,252.77
2,297,267.35
3,297,266.62
4,297,267.45
5,297,271.86
6,297,272.74
7,297,268.59
8,297,267.97
9,297,268.52
10,297,265.06
11,297,269.59
12,297,267.76
13,297,271.73
14,297,268.89
15,297,264
16,297,260.7
17,297,261.63
18,297,262.05
19,297,269.38
20,297,263.14
21,297,269.81
22,297,267.75
23,297,267.94
24,297,271.78
25,297,271.55
26,297,273.68
27,297,267.79
28,297,278.4
29,297,275.4
30,297,275.62
31,297,273.04
32,297,269.37
33,297,268.11
34,297,263.45
35,297,269.61
36,297,269.48
37,297,271.78
38,297,267.54
39,297,272.07
40,297,266.89
41,297,269.72
42,297,268.99
43,297,267.1
44,297,269.07
45,297,265.39
46,297,268.59
47,297,263.69
48,297,270.2
49,297,270.99
50,297,263.85
51,297,267.21
52,297,265.96
53,297,268.6
54,297,270.33
55,297,263.45
56,297,269.61
57,297,270.52
58,297,273.55
59,297,269.18
60,297,272.14
61,297,272.01
62,297,271.41
63,297,266.22
64,297,266.42
65,297,273.45
66,297,273.9
67,297,273.01
68,297,264.68
69,297,268.33
70,297,270.7
71,297,271.5
72,297,273.38
73,297,269.65
74,297,270.97
75,297,275.33
76,297,272.31
77,297,278.01
78,297,273.32
79,297,267.86
80,297,273.72
81,297,274.72
82,297,264.08
83,297,273.64
84,297,272.01
85,297,274.8
86,297,267.36
87,297,268.94
88,297,272.6
89,297,275.29
90,297,267.97
91,297,271.59
92,297,273.23
93,297,266.12
94,297,268.88
95,297,264.85
96,297,268.85
97,297,273.55
98,297,267.83
99,297,270.41
100,297,267.25
101,297,266.36
102,297,266.23
103,297,271.17
104,297,273.68
105,297,267.34
106,297,262.98
107,297,267.25
108,297,272.57
109,297,265.37
110,297,267.28
111,297,273.44
112,297,269.95
113,297,267.57
114,297,271.16
115,297,265
116,297,262.24
117,297,273.78
118,297,272.4
119,297,271.95
120,297,269.77
121,297,275.74
122,297,270.88
123,297,276.4
124,297,272.71
125,290,273.35
126,297,272.24
127,297,271.93
128,297,271.28
129,297,269.65
130,297,272.62
131,297,272.01
132,297,259.43
133,297,269.05
134,297,267.83
135,290,269.12
136,297,269.97
137,290,271.96
138,290,269.04
139,297,278.64
140,297,278.59
141,297,273.92
142,297,266.16
143,297,271.62
144,297,269.01
145,297,265.29
146,297,266.61
147,297,270.51
148,297,273.71
149,297,271.41
150,297,271.21
151,297,274.64
152,297,273.72
153,297,281.29
154,297,279.18
155,290,276.33
156,290,279.54
157,297,272.8
158,290,278.9
159,290,273.04
160,290,279.35
161,290,270.71
162,297,277.95
163,290,276.88
164,290,274.33
165,297,280.55
166,297,278.79
167,297,277.14
168,297,275.24
169,297,278.71
170,297,274.7
171,297,278.94
172,297,275.31
173,297,277.01
174,297,274.84
175,297,275.15
176,290,276.03
177,297,275.33
178,297,271.99
179,290,274.81
180,290,281.22
181,297,277.66
182,297,275.65
183,297,274.65
184,297,268.73
185,297,273
186,297,276.19
187,297,269.53
188,297,274.04
189,297,268.98
190,297,272.26
191,297,270.01
192,297,272.74
193,297,266.93
194,297,272.61
195,297,272.44
196,297,273.16
197,297,275.68
198,297,271.32
199,297,268.28
200,297,264.34
201,297,269.87
202,297,271.05
203,297,272.92
204,297,265.65
205,297,271.97
206,297,271.25
207,297,273.27
208,297,270.36
209,297,268.1
210,297,270.95
211,297,275.94
212,297,273.43
213,297,262.74
214,290,274.42
215,297,275.42
216,297,267.24
217,297,272.18
218,297,268.64
219,297,277.44
220,297,277.76
221,297,272.72
222,290,272.56
223,290,272.84
224,290,268.6
225,297,269.26
226,297,269.37
227,297,266.8
228,297,269.52
229,297,270.86
230,297,268.41
231,297,273.11
232,297,268.42
233,297,276.99
234,297,273.66
235,297,271.1
236,297,276.28
237,297,273.33
238,297,276.16
239,297,275.84
240,297,268.87
241,297,276.76
242,297,274.95
243,297,272.43
244,297,270.76
245,297,274
246,297,274.45
247,297,272.07
248,297,270.44
249,290,267.49
250,290,271.55
251,297,278.89
252,290,275.8
253,290,280.77
254,297,273.68
255,297,274.83
256,297,277.38
257,290,278.98
258,297,276.44
259,297,285.06
260,290,277.84
261,290,271.84
262,290,276.27
263,290,278.56
264,290,270.63
265,297,281.62
266,290,274.33
267,297,277.39
268,297,271.13
269,297,269.89
270,297,275.64
271,297,279.19
272,297,280.35
273,297,269.34
274,297,269.85
275,297,265.21
276,297,271.86
277,297,271.3
278,297,274.95
279,297,274.1
280,297,275.74
281,297,274.73
282,297,267.64
283,297,267.77
284,297,274.74
285,297,266.77
286,297,267.9
287,297,271.25
288,297,274.42
289,297,270.06
290,297,270.11
291,297,271.75
292,297,270.85
293,297,273.2
294,297,272.57
295,290,275.15
296,297,265.59
297,290,268.28
298,297,272.28
299,297,270.52
Population size,100
Crossover rate,0.51
Mutation rate,0.79
Random selection portion,0.03
Selection method,AForge.Genetic.RankSelection
Diversity check,True
Iteration,FitnessMax,FitnessAvg
0,297,154.24
1,297,211.3
2,297,223.98
3,297,210.03
4,297,243.02
5,297,256.25
6,297,240.94
7,297,248.46
8,297,256.74
9,297,267.58
10,297,276.06
11,297,265.37
12,297,265.16
13,297,269.95
14,297,250.43
15,297,247.96
16,297,247.85
17,297,235.21
18,297,243.02
19,297,255.1
20,297,251.34
21,297,266.98
22,297,271.23
23,297,263.58
24,297,256.21
25,297,253.18
26,297,250.4
27,297,254.64
28,297,256.11
29,297,252.98
30,297,258.31
31,297,254.37
32,297,275.17
33,297,246.8
34,297,243.36
35,297,250.72
36,297,265.4
37,297,265.71
38,297,263.81
39,297,254.09
40,297,257.39
41,297,244.82
42,297,253.31
43,297,257.87
44,297,250.78
45,297,241.05
46,297,246.63
47,297,237.13
48,297,239.98
49,297,267.37
50,297,270.72
51,297,263.48
52,297,261.41
53,297,272.63
54,297,275.47
55,297,261.34
56,297,249.8
57,297,261.52
58,297,262.96
59,297,260.23
60,297,253.57
61,297,265.82
62,297,269.68
63,297,269.55
64,297,276.81
65,297,276.04
66,297,263.01
67,297,274.61
68,297,252.73
69,297,248.41
70,297,247.93
71,297,251.49
72,297,256.46
73,297,254.47
74,297,258.36
75,297,257.81
76,297,252.89
77,297,243.21
78,297,250.18
79,297,239.75
80,297,270.06
81,297,271.59
82,297,254.83
83,297,272.09
84,297,270.06
85,297,255.34
86,297,251.61
87,297,247.3
88,297,258.62
89,297,262.87
90,297,254.23
91,297,270.25
92,297,266.01
93,297,266.72
94,297,265.3
95,297,271.44
96,297,277.17
97,297,261.97
98,297,261.05
99,297,275.96
100,297,262.06
101,297,260.91
102,297,265.13
103,297,266.49
104,297,275.17
105,297,268.96
106,297,248.63
107,297,251.7
108,297,249.95
109,297,262.21
110,297,263.39
111,297,267.46
112,297,236.61
113,297,241.52
114,297,248.86
115,297,255.03
116,297,252.1
117,297,260.85
118,297,251.73
119,297,269.7
120,297,250.39
121,297,247.5
122,297,248.99
123,297,239.69
124,297,240.62
125,297,259.13
126,297,262.57
127,297,265.63
128,297,248.85
129,297,266.12
130,297,271.79
131,297,265.6
132,297,267.01
133,297,251.25
134,297,266.58
135,297,257.6
136,297,269.7
137,297,264.23
138,297,271.62
139,297,251.18
140,297,238.84
141,297,259.84
142,297,252.62
143,297,262.76
144,297,257.91
145,297,264.92
146,297,261.04
147,297,256.71
148,297,253.81
149,297,259.09
150,297,265.38
151,297,245.81
152,297,269.51
153,297,271.81
154,297,251.81
155,297,249.29
156,297,240.29
157,297,244.27
158,297,246.07
159,297,249.99
160,297,234.39
161,297,243.04
162,297,258.61
163,297,258.92
164,297,248.42
165,297,248.98
166,297,253.35
167,297,271.52
168,297,254.8
169,297,244
170,297,251.95
171,297,265.68
172,297,257.55
173,297,265.12
174,297,250.67
175,297,254.6
176,297,261.34
177,297,269.46
178,297,264.05
179,297,256.14
180,297,251.68
181,297,260.99
182,297,259.88
183,297,268.02
184,297,262.81
185,297,266.06
186,297,268.1
187,297,272.9
188,297,259.62
189,297,258.34
190,297,260.09
191,297,254.44
192,297,251
193,297,252.26
194,297,252.79
195,297,256.61
196,297,268.34
197,297,273.24
198,297,264.76
199,297,269.4
200,297,273.07
201,297,268.57
202,297,266.47
203,297,263.6
204,297,256.29
205,297,269.51
206,297,261.55
207,297,258.73
208,297,249.63
209,297,234.82
210,297,253.04
211,297,269.74
212,297,275.52
213,297,271.44
214,297,260.62
215,297,260.45
216,297,252.27
217,297,263.15
218,297,271.72
219,297,262.48
220,297,269.52
221,297,259.74
222,297,257.42
223,297,259.37
224,297,266.6
225,297,263.25
226,297,258.15
227,297,262.96
228,297,246.59
229,297,253.63
230,297,245.52
231,297,249.03
232,297,260.49
233,297,249.29
234,297,255.35
235,297,234.22
236,297,244.21
237,297,252.86
238,297,265.16
239,297,253.47
240,297,254.38
241,297,257.08
242,297,260.04
243,297,247.39
244,297,248.91
245,297,253.37
246,297,262.44
247,297,250.18
248,297,247.15
249,297,249.97
250,297,271.17
251,297,249.22
252,297,250.89
253,297,252.94
254,297,256.52
255,297,252.22
256,297,256.77
257,297,252.91
258,297,277.3
259,297,275.39
260,297,250.05
261,297,276.9
262,297,262.92
263,297,253.66
264,297,260.77
265,297,259.78
266,297,250.16
267,297,248.41
268,297,249.14
269,297,265.06
270,297,260.75
271,297,273.86
272,297,264.27
273,297,261.56
274,297,251.99
275,297,242.66
276,297,259.77
277,297,250.84
278,297,243.89
279,297,253.31
280,297,250.43
281,297,255.24
282,297,250.06
283,297,259.45
284,297,253.93
285,297,245.54
286,297,253.87
287,297,246.88
288,297,246.04
289,297,259.76
290,297,248.95
291,297,232.86
292,297,253.58
293,297,246.71
294,297,250.62
295,297,255.25
296,297,260.61
297,297,262.44
298,297,262.38
299,297,250.54
Population size,100
Crossover rate,0.51
Mutation rate,0.79
Random selection portion,0.03
Selection method,AForge.Genetic.RankSelection
Diversity check,False
Iteration,FitnessMax,FitnessAvg
0,297,148.6
1,297,193.15
2,297,226.93
3,297,243.22
4,297,246.89
5,297,245.21
6,297,260.85
7,297,273.12
8,297,270.44
9,297,278.87
10,297,274.15
11,297,262.09
12,297,267.54
13,297,270.87
14,297,274.19
15,297,275.58
16,297,277.96
17,297,281.66
18,297,268.05
19,297,270.94
20,297,262.19
21,297,254.99
22,297,268.79
23,297,270.22
24,297,275.97
25,297,270.95
26,297,268.47
27,297,263.07
28,297,253.92
29,297,260.57
30,290,267.03
31,297,268.71
32,297,277.86
33,290,275.05
34,297,265.41
35,297,254.56
36,290,250.62
37,290,246.83
38,290,272.67
39,297,279.14
40,297,265.8
41,297,267.03
42,297,267.09
43,297,273.78
44,297,258.32
45,297,249.17
46,290,264.65
47,290,272.23
48,297,278.56
49,297,279.81
50,297,276.18
51,297,250.51
52,297,252.5
53,297,251.17
54,297,263.96
55,297,259.74
56,297,257.06
57,297,264.12
58,297,277.4
59,297,258.96
60,297,266.43
61,297,269.92
62,297,267.73
63,297,264.56
64,297,248.92
65,297,251.66
66,297,252.28
67,297,255.79
68,297,252.33
69,297,246.97
70,297,238.82
71,297,238.13
72,297,245.65
73,297,252.75
74,297,244.59
75,297,228.28
76,297,243.61
77,297,262.02
78,297,236.43
79,297,247.38
80,297,265.56
81,297,256.88
82,297,250.64
83,297,233.01
84,297,257.51
85,297,258.82
86,297,271.06
87,297,263.91
88,297,274.05
89,297,280.16
90,297,272.45
91,297,269.84
92,297,268.8
93,297,261.28
94,297,269.54
95,297,267.89
96,297,253.29
97,297,234.5
98,297,251.56
99,297,248.66
100,297,269.61
101,297,264.92
102,297,263.79
103,297,263.55
104,297,248.11
105,297,257.62
106,297,264.75
107,297,259.39
108,297,246.04
109,297,236.42
110,297,251.82
111,297,255.33
112,297,250.92
113,297,252.98
114,297,240.39
115,297,262.26
116,297,260.24
117,297,250.02
118,297,266.32
119,297,266.85
120,297,252.75
121,297,247.79
122,297,239.37
123,297,258.36
124,297,263.44
125,297,262.34
126,297,252.18
127,297,263.28
128,297,258.4
129,297,263.1
130,297,260.42
131,297,261.96
132,297,264.42
133,297,244.42
134,297,244.65
135,297,255.58
136,297,255.71
137,297,250.06
138,297,263.42
139,297,256.54
140,297,268.97
141,297,255.29
142,297,263.07
143,297,257.83
144,297,246.9
145,297,264.94
146,297,249.43
147,297,263.99
148,297,251.98
149,297,260.02
150,297,267.68
151,297,253.73
152,297,249.92
153,297,236.31
154,297,249.12
155,297,243.35
156,297,253.95
157,297,255.52
158,297,255.34
159,297,254.24
160,297,267.14
161,297,263.52
162,297,276.16
163,297,263.72
164,297,253.75
165,297,268.18
166,297,260.01
167,297,262.45
168,297,270.3
169,297,261.29
170,297,262.01
171,297,256.7
172,297,250.41
173,297,258.89
174,297,255.57
175,297,258.49
176,297,263.83
177,297,252.55
178,297,261.48
179,297,271.35
180,297,256.34
181,297,253.38
182,297,248.59
183,297,238.62
184,297,253.88
185,297,256.78
186,297,267.83
187,297,275.43
188,297,251.43
189,297,259.25
190,297,259.15
191,297,269.8
192,297,257.78
193,297,276.1
194,297,266.94
195,297,266.76
196,297,270.92
197,297,257.18
198,297,257.7
199,297,255.41
200,297,260.07
201,297,250.77
202,297,262.54
203,297,253.04
204,297,250.75
205,297,266.62
206,297,267.71
207,297,261.69
208,297,256.65
209,297,265.52
210,297,250.69
211,297,261.78
212,297,259.94
213,297,234.6
214,297,258.82
215,297,263.05
216,297,249.67
217,297,251.54
218,297,254.03
219,297,270.15
220,297,271.57
221,297,243.52
222,297,263.54
223,297,252.19
224,297,253.77
225,297,252.95
226,297,253.8
227,297,254.18
228,297,253.91
229,297,259.6
230,297,251.44
231,297,258.63
232,297,254.71
233,297,255.88
234,297,260.08
235,297,247.96
236,297,255.5
237,297,236.65
238,297,251.45
239,297,248.56
240,297,253.06
241,297,250.26
242,297,266
243,297,254.64
244,297,244.94
245,297,237.96
246,297,245.18
247,297,261.98
248,297,263
249,297,258.34
250,297,250.05
251,297,252.73
252,297,261.65
253,297,251.06
254,297,253.66
255,297,258.21
256,297,272.69
257,297,263.15
258,297,271.6
259,297,261.93
260,297,264.1
261,297,264.31
262,297,265.32
263,297,262.67
264,297,246.21
265,297,261.93
266,297,247.45
267,297,237.04
268,297,255.44
269,297,241.45
270,297,252.5
271,297,248.01
272,297,249.56
273,297,263.08
274,297,262.05
275,297,258.21
276,297,249.75
277,297,262.31
278,297,270.57
279,297,257.18
280,297,266.24
281,297,275.28
282,297,268.13
283,297,275.65
284,297,264.73
285,297,262.58
286,297,258.38
287,297,269.78
288,297,259.25
289,297,263.92
290,297,274.46
291,297,266.34
292,297,261.51
293,297,243.06
294,297,241
295,297,245.13
296,297,247.72
297,297,250.78
298,297,263.24
299,297,263.68
Population size,100
Crossover rate,0.22
Mutation rate,0.87
Random selection portion,0.03
Selection method,AForge.Genetic.EliteSelection
Diversity check,False
Iteration,FitnessMax,FitnessAvg
0,297,219.1
1,297,266.46
2,297,279.99
3,297,284.43
4,297,288.04
5,297,283.34
6,297,283.79
7,297,284.59
8,297,285.51
9,297,288.57
10,297,285.8
11,297,289.41
12,297,283.84
13,297,287.62
14,297,288.53
15,297,287.31
16,297,285.85
17,297,288.36
18,297,290.57
19,297,291.86
20,297,289.81
21,297,290.43
22,297,289.71
23,297,288.45
24,297,290.99
25,297,288.45
26,297,290.98
27,297,289.26
28,297,294.33
29,297,289.26
30,297,288.9
31,297,291.44
32,297,291.06
33,297,289.7
34,297,288.89
35,297,289.27
36,297,296.93
37,297,293.52
38,297,289.62
39,297,293.95
40,297,294.03
41,297,291.35
42,297,288.9
43,297,293.52
44,297,290.99
45,297,291.8
46,297,291.07
47,297,291.07
48,297,289.26
49,297,289.62
50,297,291
51,297,293.53
52,297,291.51
53,297,294.32
54,297,291.43
55,297,292.31
56,297,293.95
57,297,291
58,297,288.91
59,297,294.76
60,297,290.99
61,297,293.9
62,297,293.52
63,297,289.28
64,297,289.25
65,297,289.27
66,297,288.54
67,297,296.48
68,297,291.79
69,297,291.79
70,297,293.96
71,297,288.09
72,297,290.98
73,297,291.36
74,297,292.16
75,297,291.87
76,297,290.63
77,297,291.52
78,297,293.96
79,297,291
80,297,291.34
81,297,291.87
82,297,291.79
83,297,294.24
84,297,290.63
85,297,290.98
86,297,293.52
87,297,291.34
88,297,291.72
89,297,291.08
90,297,288.45
91,297,289.34
92,297,294.32
93,297,290.62
94,297,291.44
95,297,289.33
96,297,289.26
97,297,293.52
98,297,291.45
99,297,288.9
100,297,291.35
101,297,291.87
102,297,288.97
103,297,291.51
104,297,290.63
105,297,293.61
106,297,291.07
107,297,288.9
108,297,289.27
109,297,288.89
110,297,293.88
111,297,293.6
112,297,288.1
113,297,288.91
114,297,293.53
115,297,288.56
116,297,289.26
117,297,291.07
118,297,290.62
119,297,293.53
120,297,291.35
121,297,291.43
122,297,291.07
123,297,288.9
124,297,288.47
125,297,288.54
126,297,293.87
127,297,294.24
128,297,291.45
129,297,292.24
130,297,290.64
131,297,291.44
132,297,289.71
133,297,291.89
134,297,290.99
135,297,291.79
136,297,291.79
137,297,288.09
138,297,288.53
139,297,291.81
140,297,293.52
141,297,288.82
142,297,290.63
143,297,289.27
144,297,291.81
145,297,290.98
146,297,288.92
147,297,291.42
148,297,292.23
149,297,293.16
150,297,293.16
151,297,289.69
152,297,292.23
153,297,296.06
154,297,290.62
155,297,288.98
156,297,290.64
157,297,288.91
158,297,291
159,297,291.81
160,297,291.43
161,297,292.15
162,297,291.43
163,297,291.87
164,297,292.23
165,297,294.33
166,297,291.88
167,297,291.01
168,297,294.31
169,297,291.78
170,297,289.27
171,297,290.63
172,297,288.54
173,297,288.9
174,297,290.63
175,297,291.79
176,297,290.64
177,297,294.31
178,297,293.95
179,297,291.08
180,297,288.1
181,297,288.54
182,297,293.95
183,297,291.06
184,297,291.8
185,297,288.45
186,297,291.43
187,297,288.92
188,297,288.89
189,297,293.95
190,297,288.09
191,297,289.28
192,297,293.52
193,297,294.48
194,297,293.97
195,297,291.8
196,297,288.54
197,297,290.15
198,297,290.05
199,297,291.8
200,297,288.09
201,297,290.62
202,297,291.5
203,297,289.7
204,297,294.76
205,297,291.43
206,297,291.86
207,297,293.95
208,297,290.98
209,297,294.4
210,297,289.77
211,297,294.25
212,297,291.73
213,297,291.07
214,297,291.07
215,297,296.06
216,297,291.43
217,297,290.63
218,297,293.97
219,297,291.53
220,297,293.6
221,297,289.69
222,297,290.99
223,297,291.44
224,297,291.44
225,297,294.03
226,297,289.7
227,297,291.45
228,297,290.99
229,297,288.9
230,297,288.91
231,297,291.79
232,297,291.42
233,297,288.89
234,297,293.95
235,297,288.99
236,297,293.95
237,297,288.09
238,297,291.87
239,297,294.69
240,297,296.13
241,297,291.06
242,297,292.23
243,297,292.15
244,297,291.44
245,297,288.89
246,297,291.44
247,297,289.26
248,297,289.34
249,297,293.88
250,297,294.23
251,297,293.51
252,297,291.79
253,297,291.42
254,297,288.99
255,297,291.35
256,297,289.69
257,297,291.86
258,297,293.59
259,297,288.89
260,297,290.62
261,297,293.61
262,297,288.91
263,297,288.54
264,297,291.87
265,297,288.9
266,297,288.09
267,297,291.43
268,297,291.43
269,297,291.88
270,297,291
271,297,288.97
272,297,288.53
273,297,293.97
274,297,290.98
275,297,291.44
276,297,289.28
277,297,288.47
278,297,293.61
279,297,291.44
280,297,293.87
281,297,293.6
282,297,290.99
283,297,289.34
284,297,293.96
285,297,288.45
286,297,289.27
287,297,290.98
288,297,291.07
289,297,289.63
290,297,291.07
291,297,291.87
292,297,288.55
293,297,291.79
294,297,288.9
295,297,292.23
296,297,291.79
297,297,291.89
298,297,289.63
299,297,291.06
Population size,100
Crossover rate,0.22
Mutation rate,0.87
Random selection portion,0.03
Selection method,AForge.Genetic.EliteSelection
Diversity check,True
Iteration,FitnessMax,FitnessAvg
0,297,229.12
1,297,281.38
2,297,284.65
3,297,284.71
4,297,290.51
5,297,187.44
6,297,263.77
7,297,278.54
8,297,289.04
9,297,242.96
10,297,280.7
11,297,283.32
12,297,290.15
13,297,219.62
14,297,276.52
15,297,287.83
16,297,284.36
17,297,289.93
18,297,219.9
19,297,276.85
20,297,285.6
21,297,287.04
22,297,285.87
23,297,286.52
24,297,284.52
25,297,286.52
26,297,287.41
27,297,283.85
28,297,283.98
29,297,284.99
30,297,292.49
31,297,201.37
32,297,269.35
33,297,282.36
34,297,284.87
35,297,286.94
36,297,290.57
37,297,224.01
38,297,279.39
39,297,283.78
40,297,288.89
41,297,192.07
42,297,261.44
43,297,283.2
44,297,287.81
45,297,288.5
46,297,211.57
47,297,274.95
48,297,286.32
49,297,290.91
50,297,196.8
51,297,272.51
52,297,283.27
53,297,288.85
54,297,192.16
55,297,260.1
56,297,275.8
57,297,287.04
58,297,293.05
59,297,176.96
60,297,222.41
61,297,275.19
62,297,284.89
63,297,284.7
64,297,283.99
65,297,285.69
66,297,286.06
67,297,285.35
68,297,288.65
69,297,219.37
70,297,271.07
71,297,281.51
72,297,288.53
73,297,246.74
74,297,280.13
75,297,283.93
76,297,288.64
77,297,221.69
78,297,273.54
79,297,283.75
80,297,285.33
81,297,288.06
82,297,283.08
83,297,283.49
84,297,286.04
85,297,288.92
86,297,211.37
87,297,275.46
88,297,284.01
89,297,286.16
90,297,284.92
91,297,287.16
92,297,288.02
93,297,287.49
94,297,285.59
95,297,288.86
96,297,231.92
97,297,272.89
98,297,285.76
99,297,287.9
100,297,285.36
101,297,286.25
102,297,284.3
103,297,286.95
104,297,286.45
105,297,285.01
106,297,285.12
107,297,286.05
108,297,288.38
109,297,203.82
110,297,273.28
111,297,281.37
112,297,287.14
113,297,286.53
114,297,286.79
115,297,288.12
116,297,186.35
117,297,268.32
118,297,282.51
119,297,286.88
120,297,291.79
121,297,209.45
122,297,270.93
123,297,284.42
124,297,283.84
125,297,284.8
126,297,285.27
127,297,284.68
128,297,289.88
129,297,243.53
130,297,275.46
131,297,286.34
132,297,288.53
133,297,186.26
134,297,277.38
135,297,281.83
136,297,287.35
137,297,291.16
138,297,199.81
139,297,269.64
140,297,275.84
141,297,286.23
142,297,284.41
143,297,283.96
144,297,286.59
145,297,287.53
146,297,289.76
147,297,234.64
148,297,274.82
149,297,285.47
150,297,284.37
151,297,285.14
152,297,287.39
153,297,285.13
154,297,287.66
155,297,285.83
156,297,289.79
157,297,209.35
158,297,271.72
159,297,285.94
160,297,288.91
161,297,200.98
162,297,269.88
163,297,283.16
164,297,287.84
165,297,286.29
166,297,291.5
167,297,224.02
168,297,272.78
169,297,281.38
170,297,285.67
171,297,284.77
172,297,284.81
173,297,286.38
174,297,289.76
175,297,195.69
176,297,259.19
177,297,279.67
178,297,288.94
179,297,242.47
180,297,282.3
181,297,285.96
182,297,286.42
183,297,284.49
184,297,286.72
185,297,285.66
186,297,287.51
187,297,287.08
188,297,285.62
189,297,288.5
190,297,203.56
191,297,260.73
192,297,281.96
193,297,283.64
194,297,286.73
195,297,286.09
196,297,286.23
197,297,284.5
198,297,286.17
199,297,286.95
200,297,292.87
201,297,213.54
202,297,271.7
203,297,279.51
204,297,288.66
205,297,213.57
206,297,270.89
207,297,284.15
208,297,284.98
209,297,283.86
210,297,286.62
211,297,284.08
212,297,283.36
213,297,286.61
214,297,285.79
215,297,289.38
216,297,202.09
217,297,269.73
218,297,284.08
219,297,283.81
220,297,288.92
221,297,216.34
222,297,270.78
223,297,284.26
224,297,284.12
225,297,285.21
226,297,284.91
227,297,286.35
228,297,286.5
229,297,287.74
230,297,284.98
231,297,288.29
232,297,229.55
233,297,273
234,297,285.84
235,297,289.27
236,297,225.43
237,297,276.13
238,297,283.45
239,297,288.48
240,297,211.68
241,297,269.39
242,297,284.11
243,297,289.39
244,297,182.75
245,297,250.47
246,297,278.51
247,297,290.63
248,297,204.09
249,297,269.26
250,297,280.51
251,297,286.8
252,297,284.38
253,297,283.77
254,297,286.81
255,297,286.08
256,297,286.53
257,297,288.97
258,297,194.8
259,297,272.13
260,297,285.21
261,297,282.56
262,297,285.95
263,297,288.78
264,297,191.49
265,297,261.64
266,297,281.96
267,297,285.93
268,297,284.8
269,297,284.42
270,297,287.09
271,297,289.84
272,297,183.26
273,297,250.75
274,297,276.28
275,297,287.92
276,297,285.68
277,297,290.01
278,297,196.53
279,297,267.11
280,297,275.61
281,297,288.05
282,297,284.19
283,297,285.87
284,297,283.05
285,297,289.49
286,297,221.93
287,297,271.13
288,297,285.5
289,297,288.1
290,297,187.68
291,297,260.58
292,297,281.59
293,297,283.17
294,297,289.04
295,297,214.66
296,297,273.78
297,297,282.67
298,297,286.6
299,297,288.04
Population size,100
Crossover rate,0.22
Mutation rate,0.87
Random selection portion,0.03
Selection method,AForge.Genetic.EliteSelection
Diversity check,True
Iteration,FitnessMax,FitnessAvg
0,297,198.32
1,297,272.42
2,297,281.15
3,297,284.23
4,297,289.63
5,297,202.13
6,297,269.79
7,297,284.35
8,297,286.35
9,297,287.31
10,297,289.88
11,297,255.44
12,297,285.9
13,297,283.65
14,297,283.35
15,297,283.79
16,297,283.79
17,297,289.58
18,297,217.91
19,297,273.2
20,297,282.45
21,297,287.97
22,297,289.56
23,297,205.79
24,297,268.26
25,297,278.96
26,297,285.71
27,297,283.32
28,297,283.74
29,297,286.35
30,297,288.43
31,297,219.91
32,297,271.43
33,297,282.78
34,297,289.27
35,297,202.34
36,297,267.42
37,297,280.97
38,297,287.23
39,297,285.63
40,297,291.39
41,297,215.15
42,297,272.24
43,297,278.51
44,297,287.97
45,297,289.24
46,297,220.16
47,297,270.12
48,297,285.07
49,297,286.48
Population size,100
Crossover rate,0.22
Mutation rate,0.87
Random selection portion,0.03
Selection method,AForge.Genetic.EliteSelection
Diversity check,True
Iteration,FitnessMax,FitnessAvg
0,297,225.24
1,297,279.03
2,297,286.21
3,297,286.62
4,297,286.19
5,297,286.81
6,297,286.73
7,297,288.23
8,297,214.52
9,297,272.52
10,297,282.94
11,297,287.81
12,297,283.44
13,297,288.87
14,297,225.27
15,297,278.63
16,297,283.87
17,297,284.76
18,297,286.72
19,297,284.13
20,297,284.04
21,297,287.12
22,297,286.1
23,297,287.77
24,297,286.53
25,297,289.47
26,297,206.95
27,297,270.07
28,297,283.55
29,297,287.31
