Population size,100
Crossover rate,0.66
Mutation rate,0.34
Random selection portion,0.03
Selection method,AForge.Genetic.RouletteWheelSelection
Diversity check,False
Iteration,FitnessMax,FitnessAvg
0,1442,1039.26
1,1556,1039.2
2,1599,1107.45
3,1599,1121.23
4,1599,1152.53
5,1567,1200.34
6,1545,1236.97
7,1615,1238.76
8,1621,1274.51
9,1644,1273.75
10,1644,1275.5
11,1655,1305.38
12,1651,1281.73
13,1706,1296.19
14,1706,1323.27
15,1666,1309.19
16,1666,1314.42
17,1666,1320.01
18,1727,1299.56
19,1727,1346.04
20,1727,1371.71
21,1727,1383.45
22,1728,1382.95
23,1727,1406.7
24,1727,1396.82
25,1727,1412.01
26,1728,1411.9
27,1774,1439.91
28,1731,1448.37
29,1731,1456.2
30,1732,1437.93
31,1731,1424.54
32,1731,1426.47
33,1730,1403.47
34,1709,1385.68
35,1709,1431.86
36,1732,1419.83
37,1732,1410.49
38,1732,1415.91
39,1732,1434.34
40,1732,1480.09
41,1732,1482.77
42,1754,1502.35
43,1754,1491.19
44,1754,1485.15
45,1754,1418.27
46,1754,1456.67
47,1754,1480.16
48,1776,1511.97
49,1776,1509.07
50,1776,1522.98
51,1776,1524.94
52,1754,1525.99
53,1754,1458.87
54,1776,1494.93
55,1754,1459.36
56,1754,1486.04
57,1754,1510.89
58,1754,1472.53
59,1754,1487.63
60,1754,1484.4
61,1754,1479.94
62,1754,1443.97
63,1754,1415.15
64,1754,1466.99
65,1776,1468.17
66,1754,1491.99
67,1776,1505.68
68,1776,1457.81
69,1776,1443.27
70,1776,1487.07
71,1776,1439.36
72,1754,1494.95
73,1754,1514.56
74,1754,1517.1
75,1754,1526.37
76,1776,1513.91
77,1776,1469.28
78,1776,1448.93
79,1776,1470.33
80,1753,1466.04
81,1754,1474.51
82,1776,1496.04
83,1776,1509.39
84,1776,1495.04
85,1776,1506.42
86,1776,1520.07
87,1754,1526.63
88,1754,1547.09
89,1754,1534.02
90,1754,1554.82
91,1776,1519.02
92,1776,1562.11
93,1776,1574.32
94,1774,1564.74
95,1776,1570.24
96,1774,1568.23
97,1774,1567.79
98,1774,1545.41
99,1776,1545.33
100,1774,1520.87
101,1754,1482.8
102,1754,1468.27
103,1776,1498.25
104,1776,1500.31
105,1776,1496.76
106,1776,1514.64
107,1774,1461.22
108,1774,1460.84
109,1774,1483.13
110,1774,1536.44
111,1774,1521.86
112,1774,1556.62
113,1776,1589.98
114,1776,1545.41
115,1776,1517.53
116,1776,1555.3
117,1776,1558.04
118,1776,1547.31
119,1774,1548.76
120,1776,1522.47
121,1774,1504.6
122,1774,1501.23
123,1776,1495.08
124,1776,1481.02
125,1776,1464.03
126,1774,1441.23
127,1774,1400.5
128,1774,1423.65
129,1774,1393.03
130,1774,1401.2
131,1774,1413.7
132,1753,1452.64
133,1774,1466
134,1753,1490.13
135,1754,1488.68
136,1776,1516.1
137,1776,1538.98
138,1776,1530.78
139,1754,1533.75
140,1754,1530.09
141,1754,1534.49
142,1754,1533.45
143,1754,1517.34
144,1754,1476.4
145,1774,1482.67
146,1774,1489.02
147,1774,1489.48
148,1774,1483.05
149,1774,1486.15
150,1774,1483.85
151,1774,1514.66
152,1774,1517.76
153,1776,1497.6
154,1774,1462.73
155,1774,1460.33
156,1752,1487.08
157,1707,1489.27
158,1706,1478.43
159,1731,1453.85
160,1731,1481.64
161,1754,1486.33
162,1754,1456.33
163,1774,1501.95
164,1774,1507.94
165,1774,1523.51
166,1754,1510.61
167,1754,1501.13
168,1753,1466.92
169,1753,1476.28
170,1753,1483.31
171,1754,1526.91
172,1776,1495.4
173,1776,1476.03
174,1776,1416.46
175,1754,1423.09
176,1754,1446.34
177,1776,1449.86
178,1776,1409.47
179,1776,1371.46
180,1731,1400.23
181,1754,1424.3
182,1754,1419.54
183,1776,1431.29
184,1754,1420.42
185,1754,1406.54
186,1754,1388.5
187,1776,1417.29
188,1776,1417.2
189,1776,1445.89
190,1776,1486.12
191,1776,1500.36
192,1776,1489.69
193,1776,1449.33
194,1776,1485.66
195,1776,1493.75
196,1776,1519.74
197,1776,1500.14
198,1776,1521.09
199,1776,1492.24
200,1776,1489.75
201,1776,1488.72
202,1776,1497.34
203,1776,1492.61
204,1776,1483.51
205,1776,1452.23
206,1776,1485.55
207,1776,1500.18
208,1776,1529.17
209,1776,1539.84
210,1776,1552.19
211,1776,1526.31
212,1776,1535.08
213,1776,1538.63
214,1776,1558.1
215,1776,1523.73
216,1776,1532.85
217,1776,1537
218,1776,1538.62
219,1776,1482.06
220,1776,1500.35
221,1776,1511.73
222,1776,1491.62
223,1776,1482.91
224,1776,1493.54
225,1776,1486.99
226,1776,1497.77
227,1776,1532.1
228,1776,1499.43
229,1776,1471.09
230,1776,1477.92
231,1753,1441.9
232,1753,1464.02
233,1754,1474.19
234,1776,1492.26
235,1776,1500.41
236,1776,1492.08
237,1754,1492.18
238,1753,1494.55
239,1753,1468.04
240,1753,1443.31
241,1753,1468.64
242,1753,1472.19
243,1754,1467.31
244,1731,1493.79
245,1732,1510.79
246,1754,1528.82
247,1754,1536.39
248,1754,1542.2
249,1753,1544.53
250,1753,1545.68
251,1753,1557.89
252,1774,1504.07
253,1776,1526.52
254,1774,1531.41
255,1774,1514.68
256,1774,1495.42
257,1774,1551.64
258,1774,1514.78
259,1774,1512.13
260,1753,1490.32
261,1753,1456.98
262,1753,1456.2
263,1752,1462.52
264,1754,1480.89
265,1752,1512.7
266,1754,1518.36
267,1753,1498.42
268,1754,1530.04
269,1753,1523.92
270,1776,1543.63
271,1776,1535.18
272,1754,1531.02
273,1753,1514.05
274,1753,1492.41
275,1753,1491.59
276,1731,1494.45
277,1776,1443.42
278,1776,1456.4
279,1776,1477.66
280,1753,1480.75
281,1753,1479.82
282,1776,1537.12
283,1754,1526.65
284,1754,1543.85
285,1754,1529.25
286,1754,1531.59
287,1776,1500.13
288,1776,1513.4
289,1776,1530.76
290,1776,1540.25
291,1776,1529.98
292,1776,1490.37
293,1776,1436.77
294,1776,1461.37
295,1776,1468.84
296,1776,1491.41
297,1776,1499.27
298,1776,1528.63
299,1776,1535.35
Population size,100
Crossover rate,0.66
Mutation rate,0.34
Random selection portion,0.03
Selection method,AForge.Genetic.RouletteWheelSelection
Diversity check,True
Iteration,FitnessMax,FitnessAvg
0,1561,977.4
1,1630,1085.55
2,1630,1101.8
3,1728,1136.9
4,1655,1156.18
5,1655,1185.88
6,1655,1211.16
7,1705,1240.07
8,1705,1254.53
9,1752,1290.67
10,1752,1317.93
11,1752,1367.85
12,1752,1385.52
13,1705,1378.55
14,1730,1371.41
15,1729,1352.75
16,1752,1395.02
17,1752,1403.99
18,1752,1404.42
19,1752,1438.14
20,1752,1469.08
21,1752,1464.49
22,1752,1456.7
23,1752,1470.04
24,1707,1449.95
25,1731,1461.48
26,1727,1484.26
27,1774,1496.4
28,1776,1471.39
29,1707,1457.14
30,1754,1444.74
31,1776,1428.18
32,1776,1438.52
33,1754,1428.92
34,1754,1436.39
35,1754,1466.42
36,1731,1507.35
37,1731,1476.96
38,1731,1474.23
39,1731,1471.52
40,1753,1489.08
41,1731,1478.29
42,1731,1465.97
43,1754,1456.93
44,1776,1425.57
45,1776,1441.2
46,1753,1450.54
47,1776,1470.31
48,1776,1437.33
49,1776,1483.33
50,1776,1459.3
51,1729,1433.29
52,1731,1492.93
53,1731,1467.19
54,1731,1466.88
55,1753,1486.81
56,1753,1483.88
57,1753,1490.03
58,1753,1488.17
59,1753,1498.87
60,1776,1486.01
61,1776,1461.09
62,1753,1518.75
63,1729,1501.76
64,1727,1512.98
65,1727,1510.19
66,1774,1536.89
67,1754,1536.39
68,1774,1509.94
69,1774,1527.85
70,1774,1563.71
71,1776,1561.11
72,1776,1568.49
73,1776,1589.57
74,1776,1574.28
75,1776,1586.01
76,1776,1593.85
77,1776,1563.29
78,1754,1560.49
79,1776,1515.77
80,1776,1488.29
81,1776,1530.3
82,1753,1505.99
83,1754,1525.94
84,1753,1512.68
85,1776,1496.18
86,1776,1497.33
87,1754,1459.42
88,1754,1447.94
89,1754,1436.68
90,1754,1431.46
91,1732,1462.87
92,1776,1477.07
93,1776,1471.61
94,1776,1464.96
95,1774,1497.61
96,1754,1501.76
97,1754,1510.09
98,1754,1469.26
99,1754,1519.39
100,1774,1525.6
101,1774,1541.37
102,1774,1543.23
103,1774,1570.42
104,1754,1509.74
105,1752,1532.91
106,1754,1515.64
107,1754,1517.47
108,1776,1571.66
109,1754,1557.75
110,1754,1466.9
111,1754,1470.26
112,1754,1512.85
113,1776,1507.63
114,1776,1519.67
115,1776,1535.78
116,1776,1552.58
117,1774,1550.91
118,1774,1557.44
119,1774,1553.78
120,1776,1556.9
121,1776,1565.31
122,1776,1571.51
123,1774,1594.66
124,1774,1578.15
125,1774,1593.84
126,1774,1578.51
127,1774,1578.65
128,1774,1582.46
129,1774,1563.48
130,1774,1578.9
131,1774,1591.19
132,1774,1558.6
133,1754,1567.89
134,1752,1578.94
135,1774,1585.62
136,1774,1605.02
137,1774,1575.33
138,1774,1557.95
139,1753,1536.24
140,1776,1552.9
141,1776,1545.99
142,1776,1513.03
143,1776,1515.34
144,1776,1529.07
145,1776,1508.34
146,1776,1503.77
147,1774,1500.11
148,1774,1493.38
149,1774,1462.6
150,1774,1436.76
151,1752,1461.8
152,1752,1470.53
153,1752,1449.74
154,1752,1439.03
155,1774,1434.29
156,1774,1460.39
157,1774,1500.72
158,1774,1519.67
159,1753,1530.06
160,1753,1520.36
161,1774,1540.18
162,1774,1552.88
163,1774,1542.98
164,1774,1488.75
165,1752,1488.01
166,1752,1460.53
167,1727,1445.98
168,1774,1445.23
169,1774,1448.34
170,1774,1495.85
171,1774,1504.8
172,1774,1539.78
173,1774,1555.03
174,1774,1545.34
175,1754,1546.96
176,1754,1552.09
177,1754,1518.6
178,1752,1513.44
179,1752,1530.65
180,1754,1509.12
181,1754,1527.13
182,1754,1509.6
183,1754,1523.49
184,1752,1485.22
185,1754,1510.49
186,1776,1523.64
187,1776,1535.31
188,1753,1520.06
189,1776,1504.14
190,1776,1497.6
191,1776,1497.68
192,1776,1506.48
193,1776,1524.33
194,1776,1518.14
195,1776,1535.46
196,1776,1512.58
197,1776,1472.36
198,1753,1470.46
199,1774,1451.4
200,1774,1468.7
201,1774,1415.2
202,1753,1442.49
203,1753,1443.21
204,1753,1457.7
205,1730,1449.05
206,1752,1441.72
207,1732,1432.42
208,1732,1400.43
209,1732,1405.04
210,1754,1440.21
211,1754,1453.6
212,1753,1408.73
213,1776,1393.91
214,1753,1406.99
215,1776,1357.26
216,1776,1380.96
217,1776,1372.56
218,1776,1384.75
219,1776,1354.04
220,1776,1380.18
221,1776,1431.1
222,1776,1420.09
223,1776,1413.58
224,1776,1427.85
225,1776,1448.2
226,1776,1462.22
227,1776,1515.27
228,1776,1525.82
229,1776,1529.87
230,1776,1534.6
231,1776,1532.76
232,1754,1489.72
233,1754,1540.18
234,1754,1519.98
235,1776,1510.36
236,1776,1515.05
237,1754,1481.31
238,1754,1475.91
239,1754,1499.31
240,1754,1480.37
241,1754,1483.85
242,1754,1468.29
243,1754,1503.72
244,1754,1487.57
245,1774,1436.59
246,1753,1472.04
247,1752,1473.99
248,1752,1469.19
249,1752,1462.58
250,1754,1452.5
251,1776,1489.03
252,1754,1465.91
253,1754,1468.44
254,1731,1482.42
255,1731,1498.65
256,1753,1481.96
257,1776,1459.46
258,1776,1482.79
259,1776,1489.7
260,1776,1495.99
261,1754,1497.26
262,1752,1460.81
263,1752,1482.48
264,1752,1486.99
265,1752,1491.28
266,1732,1481.73
267,1732,1479.36
268,1754,1471.25
269,1754,1503.6
270,1752,1508.63
271,1752,1500.36
272,1754,1486.54
273,1754,1472.93
274,1754,1461.83
275,1754,1434.51
276,1754,1389.74
277,1754,1416.27
278,1731,1410.95
279,1732,1470.58
280,1732,1461.58
281,1732,1486.72
282,1732,1517.61
283,1732,1501.37
284,1753,1489.41
285,1753,1523.85
286,1774,1537.01
287,1774,1558.68
288,1754,1528.65
289,1752,1508.1
290,1752,1517.49
291,1752,1507.73
292,1752,1523.49
293,1752,1543.88
294,1752,1518.22
295,1753,1484.61
296,1753,1471.87
297,1753,1444.03
298,1752,1442.1
299,1752,1452.91
Population size,100
Crossover rate,0.51
Mutation rate,0.79
Random selection portion,0.03
Selection method,AForge.Genetic.RankSelection
Diversity check,True
Iteration,FitnessMax,FitnessAvg
0,1606,1111.87
1,1705,1238.5
2,1752,1348.75
3,1752,1423.93
4,1752,1483.39
5,1774,1533.86
6,1776,1593.39
7,1776,1618.06
8,1776,1637.87
9,1776,1642.63
10,1776,1655.07
11,1776,1668.03
12,1776,1678.28
13,1776,1676.77
14,1776,1687.63
15,1776,1695.91
16,1776,1710.61
17,1776,1683.04
18,1776,1701.45
19,1776,1719.16
20,1776,1695.33
21,1776,1708.8
22,1776,1700.34
23,1776,1709.93
24,1776,1671.19
25,1776,1705.22
26,1776,1709.37
27,1776,1694.42
28,1776,1726.79
29,1527,1039.2
30,1415,1132.87
31,1485,1208.9
32,1545,1263.07
33,1602,1300.92
34,1631,1378.53
35,1731,1414.18
36,1731,1472.12
37,1752,1533.24
38,1774,1574.3
39,1774,1590.07
40,1774,1603.3
41,1774,1619.71
42,1774,1626.09
43,1774,1653.68
44,1774,1660.76
45,1774,1677.57
46,1774,1667.1
47,1774,1691.97
48,1774,1689.63
49,1774,1706.55
50,1776,1715.32
51,1776,1695.45
52,1776,1700.45
53,1776,1692.36
54,1776,1713.03
55,1776,1717.48
56,1776,1726.46
57,1776,1116.07
58,1776,1216.39
59,1662,1306.91
60,1707,1388.38
61,1754,1463
62,1754,1547.94
63,1754,1573.23
64,1732,1595.75
65,1753,1624.34
66,1754,1663.61
67,1774,1662.25
68,1774,1679.3
69,1776,1675.98
70,1776,1686.77
71,1776,1687.88
72,1776,1701.4
73,1776,1701.82
74,1776,1707.96
75,1776,1682.51
76,1776,1688.81
77,1776,1700.68
78,1776,1711.68
79,1776,1713.56
80,1776,1717.12
81,1776,1701.67
82,1776,1712.26
83,1776,1712.23
84,1776,1696.59
85,1776,1714.66
86,1776,1721.89
87,1776,1716.11
88,1776,1727.46
89,1560,1011.58
90,1623,1141.37
91,1623,1263.48
92,1623,1352.59
93,1706,1399.4
94,1774,1430.5
95,1774,1456.04
96,1776,1500.75
97,1776,1535.66
98,1776,1582.82
99,1776,1627.78
100,1776,1663.42
101,1776,1669.25
102,1776,1686.44
103,1776,1692
104,1776,1696.48
105,1776,1694.74
106,1776,1718.04
107,1776,1702.71
108,1776,1706.53
109,1776,1700.62
110,1776,1709.77
111,1776,1669
112,1776,1705.61
113,1776,1720.54
114,1776,1721.02
115,1776,1719.43
116,1776,1701.75
117,1776,1705.37
118,1776,1693.34
119,1776,1706.04
120,1776,1704.61
121,1776,1716.88
122,1776,1709.26
123,1776,1713.78
124,1776,1715.49
125,1776,1701.26
126,1776,1700.4
127,1776,1723.23
128,1776,1033.34
129,1776,1205.47
130,1706,1300.22
131,1706,1397.86
132,1706,1448.78
133,1732,1497.38
134,1776,1542.6
135,1776,1531.6
136,1776,1579.29
137,1776,1597.34
138,1776,1626.1
139,1776,1645.17
140,1776,1650.96
141,1776,1670.76
142,1776,1670
143,1776,1665.32
144,1776,1680.6
145,1776,1689
146,1776,1693.82
147,1776,1695.93
148,1776,1697.93
149,1776,1704.49
150,1776,1706.94
151,1776,1699.4
152,1776,1718.27
153,1776,1734.72
154,1776,1113.88
155,1691,1229.43
156,1691,1333.6
157,1691,1419.13
158,1732,1485.87
159,1753,1528.07
160,1731,1552.1
161,1731,1568.37
162,1753,1596.07
163,1753,1618.26
164,1753,1609.82
165,1753,1629.89
166,1754,1670.31
167,1776,1661.82
168,1776,1703.03
169,1776,1684.23
170,1776,1691.03
171,1776,1694.52
172,1776,1706.89
173,1776,1702.29
174,1776,1699.01
175,1776,1711.44
176,1776,1715.31
177,1776,1719.16
178,1776,1708.96
179,1776,1710.08
180,1776,1704.9
181,1776,1690.14
182,1776,1715.56
183,1776,1724.04
184,1776,1060.99
185,1776,1158.44
186,1776,1261.97
187,1732,1305.97
188,1732,1372.47
189,1754,1439.01
190,1754,1509.93
191,1754,1557.08
192,1776,1606.44
193,1776,1649.51
194,1776,1662.75
195,1776,1684.26
196,1776,1681.05
197,1776,1678.43
198,1776,1695.62
199,1776,1685.09
200,1776,1692.43
201,1776,1676
202,1776,1696.53
203,1776,1699.13
204,1776,1694.53
205,1776,1696.67
206,1776,1694.53
207,1776,1694.15
208,1776,1692.22
209,1776,1708.57
210,1776,1717.93
211,1776,1697
212,1776,1703.63
213,1776,1698.45
214,1776,1700.76
215,1776,1696.03
216,1776,1695.9
217,1776,1704.81
218,1776,1707.3
219,1776,1721.24
220,1776,1728.95
221,1555,992.82
222,1555,1126.09
223,1602,1228.41
224,1599,1322.41
225,1709,1364.75
226,1731,1416.14
227,1731,1471.7
228,1754,1530.92
229,1754,1573.31
230,1774,1611.71
231,1776,1631.8
232,1776,1670.86
233,1776,1672.1
234,1776,1682.57
235,1776,1694.6
236,1776,1692.7
237,1776,1697.57
238,1776,1713.81
239,1776,1709.97
240,1776,1706.39
241,1776,1714.45
242,1776,1723.39
243,1580,974.3
244,1580,1094.45
245,1580,1197.4
246,1731,1284.51
247,1776,1368.61
248,1776,1406.78
249,1776,1493.16
250,1776,1540.14
251,1776,1579.61
252,1776,1622.98
253,1776,1641.33
254,1776,1652.14
255,1776,1659.61
256,1776,1681.96
257,1776,1702.8
258,1776,1675.69
259,1776,1727.1
260,1536,1030.72
261,1662,1115.32
262,1662,1227.52
263,1690,1328.15
264,1709,1399.09
265,1709,1459.71
266,1754,1504.34
267,1753,1559.05
268,1754,1581.39
269,1776,1622.6
270,1776,1639.81
271,1776,1661.05
272,1776,1682.08
273,1776,1693.05
274,1776,1666.34
275,1776,1696.44
276,1776,1711.56
277,1776,1709.93
278,1776,1697.94
279,1776,1678.26
280,1776,1687.81
281,1776,1712.5
282,1776,1695.2
283,1776,1711.68
284,1776,1705
285,1776,1730.52
286,1592,999.75
287,1602,1117.5
288,1602,1237.37
289,1774,1328.42
290,1754,1424.63
291,1774,1466.74
292,1754,1502.41
293,1754,1525.15
294,1754,1592.51
295,1774,1618.34
296,1774,1633.3
297,1774,1649.63
298,1776,1662.92
299,1776,1683.17
Population size,100
Crossover rate,0.51
Mutation rate,0.79
Random selection portion,0.03
Selection method,AForge.Genetic.RankSelection
Diversity check,False
Iteration,FitnessMax,FitnessAvg
0,1370,985.81
1,1392,1097.56
2,1633,1177.02
3,1612,1234.53
4,1776,1318.96
5,1776,1391.92
6,1776,1482.89
7,1776,1564.77
8,1776,1590.18
9,1776,1606.72
10,1776,1644.51
11,1776,1672.86
12,1776,1673.46
13,1776,1677.88
14,1776,1699.24
15,1776,1712.11
16,1776,1696.22
17,1776,1720.16
18,1776,1692.39
19,1776,1712.19
20,1776,1715.72
21,1776,1720.17
22,1776,1721.65
23,1776,1720.68
24,1776,1723.78
25,1776,1720.42
26,1776,1703.43
27,1776,1717.33
28,1776,1722.65
29,1776,1717.03
30,1776,1725.97
31,1776,1718.2
32,1776,1715.76
33,1776,1734.29
34,1776,1725.99
35,1776,1712.05
36,1776,1711.1
37,1776,1717.29
38,1776,1723.54
39,1776,1732.08
40,1776,1720.47
41,1776,1720.73
42,1776,1727.83
43,1776,1711.37
44,1776,1734.99
45,1776,1731.63
46,1776,1720.75
47,1776,1711.44
48,1776,1716.27
49,1776,1718.76
50,1776,1732.92
51,1776,1730.48
52,1776,1736.85
53,1776,1725.83
54,1776,1734.81
55,1776,1738.07
56,1776,1723.1
57,1776,1740.21
58,1776,1729.3
59,1776,1726.22
60,1776,1726.88
61,1776,1697.08
62,1776,1717.48
63,1776,1726.29
64,1776,1713.27
65,1776,1718.62
66,1776,1725.08
67,1776,1727.54
68,1776,1707.86
69,1776,1722.16
70,1776,1723.4
71,1776,1724.51
72,1776,1721.71
73,1776,1696.37
74,1776,1715.46
75,1776,1716.67
76,1776,1720.91
77,1776,1728.97
78,1776,1732.22
79,1776,1714.21
80,1776,1733.06
81,1776,1719.2
82,1776,1709
83,1776,1694.01
84,1776,1698.35
85,1776,1712.91
86,1776,1708.09
87,1776,1703.7
88,1776,1716.63
89,1776,1713.1
90,1776,1713.34
91,1776,1721.56
92,1776,1710.94
93,1776,1708.65
94,1776,1697.91
95,1776,1692.67
96,1776,1719.34
97,1776,1723.97
98,1776,1731.31
99,1776,1702.53
100,1776,1719.28
101,1776,1712.81
102,1776,1693.89
103,1776,1729.08
104,1776,1710.15
105,1776,1718.14
106,1776,1729.5
107,1776,1718.47
108,1776,1714.58
109,1776,1724.81
110,1776,1715.88
111,1776,1719.73
112,1776,1708.98
113,1776,1723.63
114,1776,1710.37
115,1776,1740.34
116,1776,1712.23
117,1776,1732
118,1776,1737.88
119,1776,1726.58
120,1776,1724.57
121,1776,1725.38
122,1776,1725.72
123,1776,1718.57
124,1776,1722.37
125,1776,1728.04
126,1776,1712.72
127,1776,1717.27
128,1776,1740.76
129,1776,1742.03
130,1776,1731.35
131,1776,1731.8
132,1776,1719.92
133,1776,1705.99
134,1776,1713.98
135,1776,1725.51
136,1776,1712.6
137,1776,1727.66
138,1776,1720.23
139,1776,1704.1
140,1776,1721.38
141,1776,1719.39
142,1776,1720.36
143,1776,1720.4
144,1776,1712.4
145,1776,1710.32
146,1776,1713.12
147,1776,1731.19
148,1776,1703.13
149,1776,1719.14
150,1776,1702.03
151,1776,1701.7
152,1776,1714.67
153,1776,1721.82
154,1776,1708.03
155,1776,1734.21
156,1776,1718.83
157,1776,1733.14
158,1776,1737.86
159,1776,1734.5
160,1776,1732.41
161,1776,1728.96
162,1776,1740.18
163,1776,1728.11
164,1776,1713.26
165,1776,1732.68
166,1776,1727.58
167,1776,1730.54
168,1776,1730.22
169,1776,1708
170,1776,1720.76
171,1776,1713.66
172,1776,1727.34
173,1776,1731.85
174,1776,1713.13
175,1776,1723.75
176,1776,1713.39
177,1776,1717.04
178,1776,1729.05
179,1776,1721.48
180,1776,1722.84
181,1776,1718.81
182,1776,1724.68
183,1776,1711.77
184,1776,1726.47
185,1776,1724.66
186,1776,1727.49
187,1776,1726.81
188,1776,1730.29
189,1776,1720.29
190,1776,1697.16
191,1776,1697.68
192,1776,1717.3
193,1776,1703.71
194,1776,1706.41
195,1776,1723.99
196,1776,1719.66
197,1776,1727.07
198,1776,1723.83
199,1776,1724.92
200,1776,1728.31
201,1776,1730.3
202,1776,1711.43
203,1776,1718.16
204,1776,1721.32
205,1776,1707.45
206,1776,1708.01
207,1776,1698.02
208,1776,1715.56
209,1776,1727.96
210,1776,1719
211,1776,1726.34
212,1776,1721.77
213,1776,1717.27
214,1776,1728.91
215,1776,1718.49
216,1776,1735.12
217,1776,1716.64
218,1776,1714.73
219,1776,1715.85
220,1776,1722.67
221,1776,1720.47
222,1776,1720.33
223,1776,1714.93
224,1776,1735.17
225,1776,1734.04
226,1776,1722.96
227,1776,1700.39
228,1776,1712.91
229,1776,1724.1
230,1776,1735.39
231,1776,1733.19
232,1776,1718.9
233,1776,1724.58
234,1776,1725.75
235,1776,1714.59
236,1776,1712.36
237,1776,1715.38
238,1776,1719.19
239,1776,1719.73
240,1776,1726.01
241,1776,1717.81
242,1776,1727.39
243,1776,1716.57
244,1776,1735.17
245,1776,1713.79
246,1776,1722.2
247,1776,1725.02
248,1776,1721.07
249,1776,1722.66
250,1776,1725.02
251,1776,1704.75
252,1776,1720.5
253,1776,1722.33
254,1776,1725.1
255,1776,1715.85
256,1776,1722.92
257,1776,1702.79
258,1776,1727.23
259,1776,1732.64
260,1776,1713.45
261,1776,1740.23
262,1776,1729.51
263,1776,1710.56
264,1776,1699.27
265,1776,1715.95
266,1776,1716.58
267,1776,1695.07
268,1776,1699.69
269,1776,1715.32
270,1776,1695.11
271,1776,1714.05
272,1776,1717.7
273,1776,1722.28
274,1776,1719.85
275,1776,1729.5
276,1776,1723.67
277,1776,1731.67
278,1776,1712.19
279,1776,1716.29
280,1776,1715.59
281,1776,1722
282,1776,1717.65
283,1776,1708.97
284,1776,1721.63
285,1776,1711.34
286,1776,1713.44
287,1776,1721.83
288,1776,1714.68
289,1776,1703.48
290,1776,1737.74
291,1776,1721.62
292,1776,1710.2
293,1776,1741.24
294,1776,1729.32
295,1776,1732.13
296,1776,1726.96
297,1776,1731.23
298,1776,1731.93
299,1776,1720.73
Population size,100
Crossover rate,0.22
Mutation rate,0.87
Random selection portion,0.03
Selection method,AForge.Genetic.EliteSelection
Diversity check,False
Iteration,FitnessMax,FitnessAvg
0,1690,1110.8
1,1690,1239.18
2,1690,1363.14
3,1732,1429.53
4,1732,1502.82
5,1752,1561.19
6,1752,1598.64
7,1776,1641.39
8,1776,1661.62
9,1776,1673.31
10,1776,1698.91
11,1776,1702.21
12,1776,1709.4
13,1776,1725.76
14,1776,1723.76
15,1776,1733.33
16,1776,1736.08
17,1776,1736.18
18,1776,1744.21
19,1776,1743.59
20,1776,1743.26
21,1776,1754.22
22,1776,1758.85
23,1776,1744.56
24,1776,1750.76
25,1776,1754.08
26,1776,1758.82
27,1776,1745.31
28,1776,1749.28
29,1776,1747.42
30,1776,1749.63
31,1776,1747.78
32,1776,1754.74
33,1776,1746.96
34,1776,1750.66
35,1776,1760.26
36,1776,1757.59
37,1776,1750.4
38,1776,1757.9
39,1776,1752.98
40,1776,1743.19
41,1776,1754.41
42,1776,1748.51
43,1776,1751.83
44,1776,1750.72
45,1776,1749.37
46,1776,1750.21
47,1776,1749.46
48,1776,1751.38
49,1776,1738.31
50,1776,1747.42
51,1776,1745.68
52,1776,1752.33
53,1776,1756.37
54,1776,1760.5
55,1776,1742.66
56,1776,1756.03
57,1776,1758.61
58,1776,1750.57
59,1776,1742.83
60,1776,1750.2
61,1776,1753.28
62,1776,1738.12
63,1776,1743.8
64,1776,1749.42
65,1776,1747.71
66,1776,1748.33
67,1776,1741.18
68,1776,1744.52
69,1776,1747.02
70,1776,1746.19
71,1776,1762.42
72,1776,1748.59
73,1776,1754.41
74,1776,1747.3
75,1776,1746.38
76,1776,1749.8
77,1776,1752.2
78,1776,1750.03
79,1776,1749.05
80,1776,1757.88
81,1776,1747.43
82,1776,1752.61
83,1776,1744.4
84,1776,1741.1
85,1776,1756.52
86,1776,1751.13
87,1776,1753.62
88,1776,1755.58
89,1776,1746.82
90,1776,1752.41
91,1776,1743.27
92,1776,1746.57
93,1776,1752.46
94,1776,1748.75
95,1776,1751.09
96,1776,1746.3
97,1776,1744.73
98,1776,1745.22
99,1776,1751.93
100,1776,1744.97
101,1776,1748.69
102,1776,1749.25
103,1776,1745.67
104,1776,1751.63
105,1776,1745
106,1776,1745.79
107,1776,1750.98
108,1776,1751.4
109,1776,1746.63
110,1776,1755.55
111,1776,1750.14
112,1776,1751.61
113,1776,1752.43
114,1776,1753
115,1776,1748.13
116,1776,1746.94
117,1776,1744.58
118,1776,1743.41
119,1776,1753.49
120,1776,1753.64
121,1776,1749.45
122,1776,1747.55
123,1776,1747.59
124,1776,1749.04
125,1776,1745.19
126,1776,1744.19
127,1776,1746.14
128,1776,1747.4
129,1776,1750.29
130,1776,1749.97
131,1776,1748.81
132,1776,1744.68
133,1776,1750.71
134,1776,1749.18
135,1776,1750.04
136,1776,1752.61
137,1776,1753.2
138,1776,1752.71
139,1776,1750.93
140,1776,1746.23
141,1776,1746.44
142,1776,1746.17
143,1776,1748.97
144,1776,1746.5
145,1776,1750.23
146,1776,1746.71
147,1776,1744.52
148,1776,1748.05
149,1776,1750.94
150,1776,1744.61
151,1776,1750.03
152,1776,1750.03
153,1776,1749.87
154,1776,1754.93
155,1776,1746.35
156,1776,1758.85
157,1776,1745.82
158,1776,1746.74
159,1776,1753.63
160,1776,1746.89
161,1776,1760.33
162,1776,1746.75
163,1776,1749.03
164,1776,1746.83
165,1776,1746.26
166,1776,1748.66
167,1776,1751.97
168,1776,1752.57
169,1776,1754.61
170,1776,1744.59
171,1776,1744.25
172,1776,1753.76
173,1776,1747.74
174,1776,1751.16
175,1776,1748.42
176,1776,1743.2
177,1776,1757.19
178,1776,1749.72
179,1776,1743.62
180,1776,1745.05
181,1776,1748
182,1776,1757.29
183,1776,1736.85
184,1776,1757.92
185,1776,1748.31
186,1776,1753.72
187,1776,1755.38
188,1776,1749.93
189,1776,1745.42
190,1776,1751.35
191,1776,1745.46
192,1776,1761.77
193,1776,1751.66
194,1776,1750.57
195,1776,1749.76
196,1776,1753.65
197,1776,1742.59
198,1776,1758.31
199,1776,1743.19
200,1776,1752.1
201,1776,1745.27
202,1776,1743.86
203,1776,1751.02
204,1776,1747.91
205,1776,1752.49
206,1776,1750.15
207,1776,1762.26
208,1776,1754.94
209,1776,1755.4
210,1776,1747.56
211,1776,1751
212,1776,1743.29
213,1776,1754.09
214,1776,1750.52
215,1776,1756.47
216,1776,1746.33
217,1776,1758.22
218,1776,1743.76
219,1776,1744.74
220,1776,1760.99
221,1776,1749.44
222,1776,1747.58
223,1776,1746.92
224,1776,1744.77
225,1776,1754.44
226,1776,1752.19
227,1776,1754.65
228,1776,1759.94
229,1776,1756.66
230,1776,1748.5
231,1776,1758.2
232,1776,1740.8
233,1776,1750.48
234,1776,1756.12
235,1776,1744.97
236,1776,1748.73
237,1776,1747.91
238,1776,1745.44
239,1776,1752.81
240,1776,1751.5
241,1776,1745.33
242,1776,1735.8
243,1776,1752.89
244,1776,1749.45
245,1776,1754.24
246,1776,1749.94
247,1776,1753.94
248,1776,1742.57
249,1776,1762.93
250,1776,1750.98
251,1776,1750.85
252,1776,1747.48
253,1776,1738.24
254,1776,1762.99
255,1776,1755.43
256,1776,1739.51
257,1776,1742.47
258,1776,1740.15
259,1776,1749.47
260,1776,1751.71
261,1776,1743.15
262,1776,1738.53
263,1776,1747.78
264,1776,1753.04
265,1776,1754.18
266,1776,1750.76
267,1776,1750.24
268,1776,1754.56
269,1776,1762.84
270,1776,1753.34
271,1776,1740.4
272,1776,1747.46
273,1776,1750.21
274,1776,1754.29
275,1776,1754.19
276,1776,1754.29
277,1776,1755.49
278,1776,1743.68
279,1776,1753.75
280,1776,1746.18
281,1776,1749.05
282,1776,1761.1
283,1776,1749.73
284,1776,1751.32
285,1776,1743.57
286,1776,1752.9
287,1776,1748.55
288,1776,1747.87
289,1776,1746.63
290,1776,1742.66
291,1776,1743.89
292,1776,1755.88
293,1776,1740.73
294,1776,1748.78
295,1776,1753.48
296,1776,1750.83
297,1776,1747.43
298,1776,1741.87
299,1776,1752.82
Population size,100
Crossover rate,0.22
Mutation rate,0.87
Random selection portion,0.03
Selection method,AForge.Genetic.EliteSelection
Diversity check,True
Iteration,FitnessMax,FitnessAvg
0,1609,1143.83
1,1644,1290.67
2,1665,1386.15
3,1706,1459.45
4,1706,1523.18
5,1776,1579.79
6,1776,1614.57
7,1776,1649.38
8,1776,1672.91
9,1776,1691.54
10,1776,1710.69
11,1776,1716.01
12,1776,1730.73
13,1776,1179.57
14,1776,1314.95
15,1776,1406.08
16,1776,1502.68
17,1776,1548
18,1776,1619.83
19,1776,1657.19
20,1776,1682.6
21,1776,1705.89
22,1776,1712.39
23,1776,1734.72
24,1776,1121.28
25,1776,1295.25
26,1776,1401.68
27,1776,1478.52
28,1776,1534.46
29,1776,1575.27
30,1776,1620.53
31,1776,1639.85
32,1776,1691.91
33,1776,1704.02
34,1776,1712.33
35,1776,1728.59
36,1776,1129.58
37,1776,1268.91
38,1776,1360.34
39,1776,1439.72
40,1776,1476.61
41,1776,1520.67
42,1776,1539.59
43,1776,1573.09
44,1776,1599.39
45,1776,1625.39
46,1776,1645.17
47,1776,1672.93
48,1776,1690.31
49,1776,1702.08
50,1776,1729.8
51,1776,1133.78
52,1776,1265.45
53,1776,1360.91
54,1776,1439.69
55,1776,1499.92
56,1776,1542.68
57,1776,1581.59
58,1776,1621.05
59,1776,1664.25
60,1776,1673.96
61,1776,1696.37
62,1776,1709.57
63,1776,1719.86
64,1776,1729.71
65,1776,1166.45
66,1776,1307.31
67,1776,1386.4
68,1776,1458.7
69,1776,1530.46
70,1776,1570.33
71,1776,1605.86
72,1776,1636.94
73,1776,1668.74
74,1776,1694.5
75,1776,1726.78
76,1776,1171.96
77,1776,1290.49
78,1776,1378.09
79,1776,1457.72
80,1776,1530.77
81,1776,1592.34
82,1776,1627.5
83,1776,1676.86
84,1776,1687.69
85,1776,1718.4
86,1776,1729.12
87,1776,1148.8
88,1776,1281.19
89,1776,1389.61
90,1776,1488.18
91,1776,1553.32
92,1776,1615.94
93,1776,1635.26
94,1776,1673.25
95,1776,1709.24
96,1776,1728
97,1776,1124.69
98,1776,1243.18
99,1776,1331.29
100,1776,1439.87
101,1776,1510.63
102,1776,1555.92
103,1776,1603.56
104,1776,1629.86
105,1776,1648.03
106,1776,1667.68
107,1776,1701.21
108,1776,1726.4
109,1776,1135.03
110,1776,1292.06
111,1776,1385.86
112,1776,1462.77
113,1776,1537.43
114,1776,1582.02
115,1776,1626.73
116,1776,1664.3
117,1776,1693.96
118,1776,1717.24
119,1776,1734.06
120,1776,1146.06
121,1776,1294.56
122,1776,1392.49
123,1776,1465.4
124,1776,1528.22
125,1776,1573.77
126,1776,1612.25
127,1776,1651.18
128,1776,1692.77
129,1776,1712.48
130,1776,1728.32
131,1776,1121.98
132,1776,1264.74
133,1776,1355.88
134,1776,1449.4
135,1776,1529.81
136,1776,1583.72
137,1776,1621.58
138,1776,1646.46
139,1776,1680.73
140,1776,1689.49
141,1776,1718.8
142,1776,1719.87
143,1776,1728.97
144,1776,1171.57
145,1776,1300.92
146,1776,1398.48
147,1776,1466.7
148,1776,1531.21
149,1776,1603.36
150,1776,1659.59
151,1776,1700.59
152,1776,1719.53
153,1776,1734.89
154,1776,1168.66
155,1776,1297.12
156,1776,1387.97
157,1776,1448.57
158,1776,1522.38
159,1776,1560.95
160,1776,1602.38
161,1776,1635.17
162,1776,1650.98
163,1776,1693.11
164,1776,1709.93
165,1776,1714.61
166,1776,1721.95
167,1776,1739.62
168,1776,1110.09
169,1776,1231.76
170,1776,1347.63
171,1776,1424.06
172,1776,1498.84
173,1776,1561.76
174,1776,1601.05
175,1776,1629.61
176,1776,1663.04
177,1776,1676.17
178,1776,1700.87
179,1776,1704.98
180,1776,1718.38
181,1776,1721.84
182,1776,1734.88
183,1776,1138.71
184,1776,1261
185,1776,1374.47
186,1776,1449.9
187,1776,1517.27
188,1776,1562.05
189,1776,1601.97
190,1776,1629.98
191,1776,1671.9
192,1776,1696.09
193,1776,1712.9
194,1776,1721.79
195,1776,1732.06
196,1776,1128.04
197,1776,1264.13
198,1776,1370.6
199,1776,1449.25
200,1776,1501.47
201,1776,1554.96
202,1776,1602.13
203,1776,1633.5
204,1776,1673.48
205,1776,1698.02
206,1776,1710.1
207,1776,1717.35
208,1776,1719.77
209,1776,1728.23
210,1776,1131.76
211,1776,1293.68
212,1776,1383.01
213,1776,1464.6
214,1776,1525.73
215,1776,1604.04
216,1776,1639.28
217,1776,1672.54
218,1776,1696.27
219,1776,1705.14
220,1776,1717.55
221,1776,1713.8
222,1776,1728.85
223,1776,1175.14
224,1776,1326.31
225,1776,1425.54
226,1776,1491.52
227,1776,1536.96
228,1776,1592.51
229,1776,1636.02
230,1776,1655.55
231,1776,1675.08
232,1776,1700.93
233,1776,1717.61
234,1776,1725.3
235,1776,1124.72
236,1776,1258.5
237,1776,1368.58
238,1776,1474.21
239,1776,1527.65
240,1776,1585.12
241,1776,1615.22
242,1776,1665.9
243,1776,1692.61
244,1776,1724.79
245,1776,1164.76
246,1776,1321.26
247,1776,1439.78
248,1776,1508.72
249,1776,1560.58
250,1776,1594.89
251,1776,1642.19
252,1776,1670.7
253,1776,1697.22
254,1776,1709.17
255,1776,1719.63
256,1776,1738.72
257,1776,1142
258,1776,1270.04
259,1776,1423.64
260,1776,1520.92
261,1776,1592.2
262,1776,1650.46
263,1776,1677.98
264,1776,1714.86
265,1776,1715.06
266,1776,1714.64
267,1776,1723.03
268,1776,1196.9
269,1776,1323.43
270,1776,1404.61
271,1776,1477.1
272,1776,1549.54
273,1776,1596.1
274,1776,1636.92
275,1776,1675.91
276,1776,1678.25
277,1776,1704.94
278,1776,1714.06
279,1776,1729.56
280,1776,1127.3
281,1776,1260.45
282,1776,1355.87
283,1776,1456.63
284,1776,1533.08
285,1776,1603.44
286,1776,1638.76
287,1776,1680.76
288,1776,1705.09
289,1776,1718.2
290,1776,1732.33
291,1776,1110.14
292,1776,1261.85
293,1776,1351.26
294,1776,1432.62
295,1776,1506.18
296,1776,1568.62
297,1776,1602.08
298,1776,1645.91
299,1776,1669.71
Population size,100
Crossover rate,0.22
Mutation rate,0.87
Random selection portion,0.03
Selection method,AForge.Genetic.EliteSelection
Diversity check,True
Iteration,FitnessMax,FitnessAvg
0,1562,1138.05
1,1562,1275.02
2,1643,1371.37
3,1728,1452.07
4,1752,1513.42
5,1754,1551.19
6,1754,1590.73
7,1774,1623.66
8,1774,1659.76
9,1776,1684.27
10,1776,1703.4
11,1776,1721.23
12,1776,1723.43
13,1776,1199.19
14,1776,1349.95
15,1776,1425.25
16,1776,1507.11
17,1776,1566.48
18,1776,1613.58
19,1776,1645.82
20,1776,1674.98
21,1776,1701.93
22,1776,1710.17
23,1776,1717.87
24,1776,1721.87
25,1776,1736.75
26,1776,1165.28
27,1776,1315.01
28,1776,1426.12
29,1776,1521.2
30,1776,1570.19
31,1776,1609.31
32,1776,1640.49
33,1776,1678.7
34,1776,1705.23
35,1776,1723.62
36,1776,1101.95
37,1776,1258.26
38,1776,1383.86
39,1776,1471.76
40,1776,1538.8
41,1776,1583.86
42,1776,1629.39
43,1776,1654.84
44,1776,1684
45,1776,1711.48
46,1776,1722.39
47,1776,1741.54
48,1776,1111.53
49,1776,1268.84
Population size,100
Crossover rate,0.22
Mutation rate,0.87
Random selection portion,0.03
Selection method,AForge.Genetic.EliteSelection
Diversity check,True
Iteration,FitnessMax,FitnessAvg
0,1599,1116.69
1,1599,1260.07
2,1599,1365.41
3,1666,1444.91
4,1666,1491.35
5,1774,1533.46
6,1774,1576.57
7,1774,1614.62
8,1774,1645.26
9,1774,1662.98
10,1774,1683.94
11,1776,1709.85
12,1776,1723.99
13,1776,1227.39
14,1776,1354.17
15,1776,1444.02
16,1776,1508.63
17,1776,1567.85
18,1776,1619.55
19,1776,1649.89
20,1776,1680.07
21,1776,1691.76
22,1776,1707.5
23,1776,1708.28
24,1776,1727.54
25,1776,1131.54
26,1776,1255.69
27,1776,1354.48
28,1776,1427.79
29,1776,1504.84
