Population size,30
Crossover rate,0.1
Mutation rate,0.1
Random selection portion,0
Selection method,AForge.Genetic.RouletteWheelSelection
Iteration,FitnessMax,FitnessAvg
0,2389,1884.86666666667
1,2389,1891.26666666667
2,2315,1920.53333333333
3,2315,1984.36666666667
4,2315,2037.7
5,2315,2039.5
6,2315,2052.66666666667
7,2315,2059.53333333333
8,2315,2065.93333333333
9,2315,2022.7
10,2383,2044.53333333333
11,2460,2008.06666666667
12,2460,1996.36666666667
13,2517,2014.1
14,2509,1983.56666666667
15,2210,1956.63333333333
16,2210,2005.66666666667
17,2210,2024.56666666667
18,2493,2068.9
19,2314,2067.9
20,2314,2102.6
21,2327,2111.66666666667
22,2415,2109.4
23,2415,2067.26666666667
24,2463,2102.2
25,2463,2104.56666666667
26,2463,2112.5
27,2463,2221.13333333333
28,2463,2282.43333333333
29,2463,2275.8
30,2471,2292.23333333333
31,2597,2300.36666666667
32,2597,2343.73333333333
33,2597,2329.93333333333
34,2597,2357.43333333333
35,2597,2396.36666666667
36,2597,2336.73333333333
37,2695,2312.63333333333
38,2654,2361.13333333333
39,2654,2376.16666666667
40,2654,2358.96666666667
41,2654,2373.93333333333
42,2654,2369.76666666667
43,2654,2384.86666666667
44,2654,2392.56666666667
45,2654,2362.63333333333
46,2654,2394.9
47,2654,2401.16666666667
48,2654,2400.36666666667
49,2654,2433.3
50,2654,2508.6
51,2654,2543.06666666667
52,2654,2560.9
53,2724,2576.2
54,2724,2579.03333333333
55,2724,2631.83333333333
56,2724,2651.96666666667
57,2724,2636.23333333333
58,2724,2650.9
59,2724,2641.93333333333
60,2724,2639.8
61,2724,2629.53333333333
62,2724,2620.9
63,3113,2638.36666666667
64,2724,2611.86666666667
65,2724,2599.43333333333
66,2724,2598.5
67,2724,2595.83333333333
68,2724,2602.93333333333
69,2974,2590.6
70,2974,2546.8
71,2654,2513.9
72,2724,2515.96666666667
73,2654,2532.86666666667
74,2654,2506.96666666667
75,2805,2550.73333333333
76,2805,2557.73333333333
77,2805,2610.73333333333
78,2872,2601.7
79,3014,2562.23333333333
80,3014,2550.63333333333
81,3014,2556.9
82,3014,2607.26666666667
83,3014,2563.5
84,3014,2585.5
85,3014,2528.83333333333
86,3014,2598.76666666667
87,3014,2627.9
88,3014,2650.5
89,3014,2667.13333333333
90,3014,2758.66666666667
91,3014,2873.4
92,3072,2888.93333333333
93,3072,2921.8
94,3014,2900.13333333333
95,3014,2859.2
96,3037,2843.76666666667
97,3037,2842.9
98,3037,2875.43333333333
99,3037,2899.26666666667
Population size,30
Crossover rate,0.2
Mutation rate,0.1
Random selection portion,0
Selection method,AForge.Genetic.RouletteWheelSelection
Iteration,FitnessMax,FitnessAvg
0,2782,1792.56666666667
1,2782,1853.9
2,2782,2005.5
3,2782,2120.23333333333
4,2782,2174.8
5,2782,2116.03333333333
6,2782,2251.93333333333
7,2782,2306.23333333333
8,2787,2360.13333333333
9,2787,2415.93333333333
10,2782,2324.96666666667
11,2727,2301.53333333333
12,2538,2275.36666666667
13,2573,2304.73333333333
14,2538,2329.33333333333
15,2538,2317.33333333333
16,2538,2340
17,2542,2363.2
18,2538,2373.63333333333
19,2538,2400.13333333333
20,2538,2398.8
21,2538,2392.26666666667
22,2538,2399.5
23,2538,2394.53333333333
24,2538,2394.93333333333
25,2538,2405.76666666667
26,2688,2409.73333333333
27,2688,2388.13333333333
28,2688,2402.86666666667
29,2688,2438.23333333333
30,2688,2434.1
31,2688,2402.7
32,2688,2400.96666666667
33,2688,2393.66666666667
34,2688,2406.86666666667
35,2688,2406.13333333333
36,2688,2459.26666666667
37,2688,2424.93333333333
38,2688,2436.26666666667
39,2688,2446.6
40,2688,2478.7
41,2688,2515.8
42,2688,2500.23333333333
43,2688,2483.9
44,2688,2453.83333333333
45,2688,2477.36666666667
46,2688,2483.4
47,2688,2441.63333333333
48,2688,2466
49,2688,2490.76666666667
50,2688,2542.26666666667
51,2688,2547.5
52,2688,2580.2
53,2688,2588.53333333333
54,2688,2579.33333333333
55,2688,2593.83333333333
56,2814,2583.53333333333
57,2688,2615.4
58,2745,2619.03333333333
59,2688,2603.23333333333
60,2688,2605.5
61,2688,2638.96666666667
62,2745,2647.4
63,2745,2622.03333333333
64,2745,2633.6
65,2745,2647.3
66,2745,2640.56666666667
67,2745,2629.9
68,2745,2618.56666666667
69,2745,2638.9
70,2745,2654.76666666667
71,2745,2644.36666666667
72,2745,2630.23333333333
73,2745,2645.03333333333
74,2745,2649.13333333333
75,2745,2656.46666666667
76,2745,2627.76666666667
77,2745,2633.56666666667
78,2745,2621.1
79,2745,2629.66666666667
80,2745,2610.23333333333
81,2745,2611.4
82,2745,2582.6
83,2722,2565.93333333333
84,2745,2569.26666666667
85,2864,2617.83333333333
86,2864,2612.63333333333
87,2864,2625.13333333333
88,2864,2579.2
89,2764,2567.03333333333
90,2764,2584.06666666667
91,2764,2619.03333333333
92,2764,2607.66666666667
93,2764,2558.36666666667
94,2764,2518.6
95,2688,2553.53333333333
96,2652,2538.93333333333
97,2652,2540.1
98,2652,2556.06666666667
99,2652,2560.23333333333
Population size,30
Crossover rate,0.3
Mutation rate,0.1
Random selection portion,0
Selection method,AForge.Genetic.RouletteWheelSelection
Iteration,FitnessMax,FitnessAvg
0,2561,1971.73333333333
1,2561,2040.86666666667
2,2561,2053.53333333333
3,2561,2185.7
4,2591,2239.66666666667
5,2591,2321.16666666667
6,2752,2375.53333333333
7,2883,2363.2
8,2626,2395.23333333333
9,2662,2360.76666666667
10,2621,2396
11,2662,2396.1
12,2621,2381.5
13,2628,2420.93333333333
14,2678,2422.8
15,2678,2425
16,2876,2454.03333333333
17,2717,2384.43333333333
18,2621,2301.9
19,2621,2298.4
20,2621,2341.63333333333
21,2621,2463.3
22,2726,2448.5
23,2704,2437.2
24,2978,2445.76666666667
25,2943,2458.13333333333
26,2943,2474.66666666667
27,2943,2496.8
28,2861,2522.46666666667
29,2861,2515.76666666667
30,2861,2567.93333333333
31,2861,2523.33333333333
32,2861,2581.43333333333
33,2956,2679.93333333333
34,2891,2639.96666666667
35,2891,2639.26666666667
36,2891,2626.4
37,2891,2647.56666666667
38,2891,2648.16666666667
39,2891,2732.7
40,2891,2721.33333333333
41,2891,2681.13333333333
42,2891,2699.5
43,2891,2760.6
44,2891,2727.2
45,3037,2747.7
46,2823,2749.4
47,2823,2750.43333333333
48,2823,2747.4
49,2823,2754.96666666667
50,2823,2748.2
51,2906,2731.66666666667
52,2906,2697.03333333333
53,2906,2716.53333333333
54,2913,2714.46666666667
55,2906,2725.36666666667
56,2906,2758.53333333333
57,2906,2775.26666666667
58,2906,2805.03333333333
59,2906,2796.9
60,2891,2786.6
61,2891,2796.13333333333
62,2891,2796.4
63,2901,2790.86666666667
64,2918,2801.13333333333
65,2918,2827.03333333333
66,2918,2834.9
67,3008,2822.36666666667
68,2996,2828.9
69,2996,2817.13333333333
70,2996,2794.66666666667
71,2929,2794.3
72,3018,2842.16666666667
73,3018,2867.93333333333
74,2996,2858.9
75,2941,2865.7
76,2941,2888.8
77,2941,2889.7
78,2996,2881.36666666667
79,2996,2871.96666666667
80,2996,2882.66666666667
81,2996,2848.43333333333
82,3008,2844.26666666667
83,3008,2850
84,3008,2854.33333333333
85,3008,2832.2
86,3008,2796.46666666667
87,3008,2780
88,3008,2820.9
89,3008,2813.03333333333
90,3008,2847.96666666667
91,3008,2875.73333333333
92,3008,2898.6
93,3008,2891.36666666667
94,3008,2907.73333333333
95,3008,2916.43333333333
96,3008,2920.9
97,3018,2917.06666666667
98,3008,2907.8
99,3018,2893.76666666667
Population size,30
Crossover rate,0.4
Mutation rate,0.1
Random selection portion,0
Selection method,AForge.Genetic.RouletteWheelSelection
Iteration,FitnessMax,FitnessAvg
0,2502,1831.73333333333
1,2502,1886.23333333333
2,2502,1927.43333333333
3,2350,1929.1
4,2438,2058.03333333333
5,2526,2118.33333333333
6,2476,2069.83333333333
7,2476,2094.5
8,2503,2099.16666666667
9,2449,2131.96666666667
10,2669,2211.8
11,2816,2300.66666666667
12,2816,2329.96666666667
13,2816,2411.5
14,2816,2443
15,2816,2539.13333333333
16,3066,2563.03333333333
17,2967,2530.76666666667
18,3066,2605.33333333333
19,3066,2568.93333333333
20,3066,2605.3
21,3066,2634.16666666667
22,3066,2622.73333333333
23,3066,2655.33333333333
24,3066,2671.56666666667
25,3066,2656.13333333333
26,3066,2635.53333333333
27,2977,2622.6
28,2977,2646.93333333333
29,2977,2616.36666666667
30,3000,2687.7
31,3000,2751.73333333333
32,2977,2723.33333333333
33,3000,2689.03333333333
34,3000,2704.26666666667
35,3000,2734.3
36,3000,2686.96666666667
37,3043,2717.13333333333
38,3043,2744.03333333333
39,3043,2705.16666666667
40,3043,2751.83333333333
41,3043,2791.06666666667
42,3113,2775.36666666667
43,3014,2795.93333333333
44,3113,2779.03333333333
45,3113,2814.8
46,3043,2835.06666666667
47,3043,2832.8
48,3043,2838.2
49,3043,2835.63333333333
50,3043,2832.16666666667
51,3043,2856.26666666667
52,3050,2865.03333333333
53,3050,2945.8
54,3050,2957.7
55,3025,2942.8
56,3120,2970.76666666667
57,3120,2984.3
58,3113,2974.43333333333
59,3113,2967.93333333333
60,3020,2949.63333333333
61,3020,2951.13333333333
62,3020,2951.43333333333
63,3140,2955.63333333333
64,3140,2960.3
65,3020,2939.93333333333
66,3020,2916.73333333333
67,3018,2909.43333333333
68,3018,2916.26666666667
69,2950,2914.4
70,2950,2909.2
71,2950,2895.96666666667
72,3045,2871.2
73,3045,2871.6
74,2921,2795.83333333333
75,2921,2831.9
76,2921,2858.26666666667
77,2921,2870.1
78,2921,2857.36666666667
79,2921,2872.56666666667
80,2921,2851.46666666667
81,2921,2834.1
82,2921,2826.03333333333
83,2921,2816.26666666667
84,2921,2849.8
85,2921,2845.6
86,2921,2824.23333333333
87,2928,2835.93333333333
88,2928,2825.96666666667
89,2928,2791.53333333333
90,3047,2766.63333333333
91,3047,2795.63333333333
92,3047,2802.53333333333
93,3047,2828.43333333333
94,3047,2849.26666666667
95,3047,2837.53333333333
96,3047,2830.86666666667
97,3047,2818.46666666667
98,3047,2780.2
99,2928,2789.5
Population size,30
Crossover rate,0.5
Mutation rate,0.1
Random selection portion,0
Selection method,AForge.Genetic.RouletteWheelSelection
Iteration,FitnessMax,FitnessAvg
0,2496,1816.3
1,2496,1895.8
2,2496,2167.96666666667
3,2572,2252.13333333333
4,2594,2283.93333333333
5,2795,2248.33333333333
6,2795,2346.13333333333
7,2795,2333
8,2795,2358.56666666667
9,2795,2436.63333333333
10,2795,2447.1
11,2795,2495.2
12,2795,2494.13333333333
13,2793,2568.4
14,2793,2506.76666666667
15,2793,2543.56666666667
16,2793,2561.16666666667
17,2715,2552.83333333333
18,2858,2560.8
19,2858,2613.63333333333
20,2858,2674.86666666667
21,2858,2648.8
22,2858,2649.4
23,2858,2642.1
24,2858,2632.56666666667
25,2858,2629.7
26,2858,2644.5
27,2822,2642.5
28,2952,2663.63333333333
29,2952,2656.9
30,2952,2634.6
31,2952,2657.93333333333
32,2881,2679.66666666667
33,2881,2666.53333333333
34,2881,2675.8
35,2881,2705.86666666667
36,2881,2687.4
37,2881,2699.73333333333
38,2881,2697.26666666667
39,2881,2669.86666666667
40,2881,2666.66666666667
41,2881,2655.43333333333
42,2881,2672.53333333333
43,2881,2667.93333333333
44,2881,2672.43333333333
45,2881,2693
46,2881,2738.6
47,2881,2741.33333333333
48,2881,2704.3
49,2881,2685.96666666667
50,2881,2717.73333333333
51,2881,2710.16666666667
52,2881,2758.33333333333
53,2881,2754.46666666667
54,2881,2777.4
55,2881,2768.93333333333
56,2881,2753.7
57,2881,2744.36666666667
58,2881,2750.53333333333
59,2881,2760.5
60,2928,2758.9
61,2881,2729.53333333333
62,2881,2708.33333333333
63,2881,2695.63333333333
64,2823,2688.06666666667
65,2823,2666.33333333333
66,2823,2664.83333333333
67,2916,2665.46666666667
68,2823,2653
69,2871,2658.83333333333
70,2964,2730.6
71,2964,2755.06666666667
72,2916,2702.03333333333
73,2916,2686.4
74,2916,2702.83333333333
75,2916,2686.86666666667
76,2916,2732.63333333333
77,3022,2690.73333333333
78,2922,2678.23333333333
79,3020,2655.1
80,3020,2591.73333333333
81,3020,2596.7
82,3020,2669.63333333333
83,3020,2599
84,3020,2612.36666666667
85,3020,2572.96666666667
86,3020,2547.7
87,2997,2489.33333333333
88,3092,2532.76666666667
89,3092,2596.96666666667
90,3092,2527.66666666667
91,3092,2585.66666666667
92,3092,2627.73333333333
93,3092,2649.63333333333
94,2917,2585.03333333333
95,2917,2605.56666666667
96,2917,2587.93333333333
97,2871,2608.26666666667
98,2997,2619.6
99,2997,2607.96666666667
Population size,30
Crossover rate,0.6
Mutation rate,0.1
Random selection portion,0
Selection method,AForge.Genetic.RouletteWheelSelection
Iteration,FitnessMax,FitnessAvg
0,2565,2014.33333333333
1,2744,2095.03333333333
2,2606,2129.1
3,2756,2089.26666666667
4,2756,2127.73333333333
5,2606,2173.46666666667
6,2761,2291.8
7,2761,2332.66666666667
8,2783,2355.23333333333
9,2813,2418.63333333333
10,2608,2427.1
11,2606,2461.13333333333
12,2688,2520.13333333333
13,2764,2544.86666666667
14,2774,2585.56666666667
15,2869,2607.86666666667
16,2949,2679.93333333333
17,2925,2696.03333333333
18,2925,2732.66666666667
19,2869,2727.53333333333
20,2869,2739.9
21,2952,2782.06666666667
22,2869,2766.86666666667
23,2876,2785.06666666667
24,2876,2784
25,2876,2756.5
26,2876,2787.6
27,2932,2789.56666666667
28,2876,2791.7
29,2876,2786.73333333333
30,2899,2773.4
31,2932,2798.1
32,2932,2781.83333333333
33,2932,2770.66666666667
34,2932,2782.6
35,3015,2803.3
36,2932,2815.93333333333
37,2932,2846.26666666667
38,2932,2850.8
39,2932,2822.43333333333
40,2932,2813.13333333333
41,2932,2813.63333333333
42,2932,2805.16666666667
43,2932,2785.2
44,3044,2815.26666666667
45,3044,2837.73333333333
46,3044,2825.76666666667
47,3044,2820.96666666667
48,3044,2796.56666666667
49,3044,2773.86666666667
50,3044,2821.9
51,3044,2825.93333333333
52,3017,2819.56666666667
53,2944,2809.63333333333
54,2932,2777.66666666667
55,2932,2815.4
56,2932,2806.3
57,3015,2837.76666666667
58,3015,2828.4
59,3015,2846.73333333333
60,3015,2888.46666666667
61,3015,2900.3
62,3015,2871.1
63,3015,2871.86666666667
64,3015,2877.66666666667
65,3015,2891.76666666667
66,3015,2882.63333333333
67,3015,2844.43333333333
68,3015,2845.46666666667
69,3015,2819.46666666667
70,3015,2815.7
71,3015,2831.26666666667
72,3015,2843.36666666667
73,3010,2848.06666666667
74,3015,2852.76666666667
75,3015,2862.8
76,3015,2880.03333333333
77,3015,2875.36666666667
78,3015,2860.86666666667
79,3015,2923.73333333333
80,3015,2918.4
81,3015,2935.66666666667
82,3015,2929.46666666667
83,3015,2919.86666666667
84,3025,2903.83333333333
85,3025,2892.16666666667
86,3025,2881.2
87,3025,2889.26666666667
88,3025,2904.2
89,3025,2910.03333333333
90,3015,2904.86666666667
91,3015,2904.96666666667
92,3015,2897.3
93,3025,2906.16666666667
94,3015,2911.33333333333
95,2932,2895.36666666667
96,2932,2873.7
97,3015,2905
98,3015,2910.33333333333
99,3015,2885
Population size,30
Crossover rate,0.7
Mutation rate,0.1
Random selection portion,0
Selection method,AForge.Genetic.RouletteWheelSelection
Iteration,FitnessMax,FitnessAvg
0,2533,1793.43333333333
1,2515,1878.63333333333
2,2539,1892.3
3,2539,1974.43333333333
4,2590,2116.56666666667
5,2343,2154.23333333333
6,2508,2209.6
7,2508,2202.23333333333
8,2612,2208.86666666667
9,2612,2233.4
10,2612,2142.43333333333
11,2688,2270.16666666667
12,2820,2359.1
13,2774,2427.5
14,2780,2508
15,2780,2526.2
16,2820,2501.83333333333
17,2753,2489.5
18,2721,2519.83333333333
19,2785,2543.36666666667
20,2785,2519.1
21,2759,2500.76666666667
22,2759,2538.03333333333
23,2877,2607.4
24,2877,2614.8
25,2877,2590.23333333333
26,2877,2597.13333333333
27,2820,2584.46666666667
28,2820,2522.7
29,2820,2531.16666666667
30,2820,2581.4
31,2977,2582.16666666667
32,2977,2561.33333333333
33,2977,2634.9
34,2977,2700.43333333333
35,2859,2698.9
36,2859,2730.56666666667
37,2859,2706.23333333333
38,2859,2720.63333333333
39,2859,2748.43333333333
40,2859,2759.06666666667
41,2859,2732.6
42,2859,2719.5
43,2859,2745.4
44,2977,2763.53333333333
45,2859,2763.46666666667
46,2859,2752
47,2859,2732.76666666667
48,2859,2730.8
49,2859,2729.1
50,2869,2775.1
51,2859,2786.7
52,2859,2784.7
53,2859,2771.13333333333
54,2859,2756.03333333333
55,2859,2747.2
56,2859,2756.13333333333
57,2859,2721.63333333333
58,2859,2717.9
59,2859,2689.93333333333
60,2859,2689.53333333333
61,2859,2690.86666666667
62,2859,2682.26666666667
63,2859,2670.96666666667
64,2859,2668.53333333333
65,2859,2708.6
66,2980,2691.23333333333
67,2980,2724.63333333333
68,3073,2723.23333333333
69,3073,2715.1
70,3073,2704.86666666667
71,3073,2759.66666666667
72,3073,2830.36666666667
73,3073,2812.86666666667
74,2929,2807.1
75,2929,2806.23333333333
76,2929,2821.2
77,2924,2827.36666666667
78,2980,2834.26666666667
79,2980,2799.1
80,2980,2786.1
81,2980,2794.4
82,2980,2776.13333333333
83,2980,2765.2
84,2980,2749.73333333333
85,2980,2824.36666666667
86,2980,2890.4
87,2980,2867.16666666667
88,3079,2841.13333333333
89,2980,2821.76666666667
90,3079,2837.33333333333
91,3079,2824.5
92,3079,2857.3
93,3079,2827.53333333333
94,3079,2820.53333333333
95,3079,2818.6
96,3079,2809.8
97,3079,2752.43333333333
98,3079,2789.2
99,3073,2798.66666666667
Population size,30
Crossover rate,0.8
Mutation rate,0.1
Random selection portion,0
Selection method,AForge.Genetic.RouletteWheelSelection
Iteration,FitnessMax,FitnessAvg
0,2165,1792.7
1,2260,1867.36666666667
2,2361,1814.4
3,2361,1845.5
4,2343,1890.33333333333
5,2343,1970.93333333333
6,2343,1975.36666666667
7,2589,2027.66666666667
8,2519,2120.6
9,2825,2122.86666666667
10,2825,2113.7
11,2825,2166.8
12,2825,2228.93333333333
13,2908,2354.03333333333
14,2908,2434.53333333333
15,2825,2533.56666666667
16,2825,2600.66666666667
17,2882,2673.4
18,2825,2697.56666666667
19,2825,2709
20,2825,2678.33333333333
21,2825,2689.4
22,2825,2675.03333333333
23,2825,2618.73333333333
24,2825,2586.13333333333
25,2920,2603.56666666667
26,2920,2584.56666666667
27,2920,2590.03333333333
28,2838,2547.6
29,2825,2574.36666666667
30,2765,2558.86666666667
31,2765,2576.26666666667
32,2765,2585.06666666667
33,2842,2622.3
34,2842,2594.23333333333
35,2842,2536.16666666667
36,2842,2567
37,2842,2596.16666666667
38,2842,2640.86666666667
39,2842,2728.96666666667
40,2842,2727.16666666667
41,2937,2742.76666666667
42,2842,2733.4
43,2842,2724
44,2842,2705.43333333333
45,2825,2680.73333333333
46,2826,2660.43333333333
47,2800,2677.6
48,2800,2649.7
49,2826,2643.46666666667
50,2826,2659.26666666667
51,2826,2664.3
52,2826,2651.83333333333
53,2908,2669.86666666667
54,2908,2664.66666666667
55,2908,2714.03333333333
56,2908,2717.36666666667
57,2908,2730.03333333333
58,2921,2742.83333333333
59,2908,2713.36666666667
60,2908,2755.4
61,2908,2763.33333333333
62,2908,2712.3
63,2908,2681.43333333333
64,2908,2681.9
65,2908,2716.9
66,2908,2718.63333333333
67,2908,2737.86666666667
68,2908,2732.1
69,2908,2725.2
70,2908,2740.5
71,2908,2720.43333333333
72,2908,2743.4
73,2908,2751.3
74,2908,2800
75,2908,2846.16666666667
76,2908,2853.9
77,2908,2814.6
78,2908,2785.93333333333
79,2908,2778.5
80,2908,2801.73333333333
81,2908,2807.7
82,2965,2791.53333333333
83,2965,2797.46666666667
84,2965,2817.06666666667
85,2908,2817.66666666667
86,2908,2796
87,2908,2772.76666666667
88,2908,2764.66666666667
89,2965,2791.96666666667
90,2908,2823.5
91,2908,2806.6
92,2908,2759.4
93,2965,2768
94,2965,2827.66666666667
95,2965,2812.53333333333
96,2965,2852.3
97,2965,2835.26666666667
98,2965,2856.13333333333
99,2917,2826.26666666667
Population size,30
Crossover rate,0.9
Mutation rate,0.1
Random selection portion,0
Selection method,AForge.Genetic.RouletteWheelSelection
Iteration,FitnessMax,FitnessAvg
0,2311,1888.13333333333
1,2361,1846.2
2,2307,1817.9
3,2270,1760.46666666667
4,2219,1807.2
5,2469,1786.56666666667
6,2469,1817.93333333333
7,2574,1920.16666666667
8,2574,1890.56666666667
9,2574,1912.43333333333
10,2539,1899.36666666667
11,2487,1982.4
12,2487,1963.63333333333
13,2361,1963.5
14,2361,2014.36666666667
15,2456,2057.46666666667
16,2361,2044.06666666667
17,2592,2068.26666666667
18,2592,2117.1
19,2770,2182.23333333333
20,2770,2296.26666666667
21,2770,2242.83333333333
22,2770,2301.36666666667
23,2770,2324.46666666667
24,2770,2417.6
25,2770,2394.03333333333
26,2770,2381.86666666667
27,2770,2453.16666666667
28,2770,2446.43333333333
29,2739,2441.73333333333
30,2739,2462.2
31,2739,2458.4
32,2739,2438.06666666667
33,2830,2539.76666666667
34,2770,2553.76666666667
35,2770,2571.5
36,2830,2533.96666666667
37,2770,2494.83333333333
38,2694,2536.73333333333
39,2694,2582.66666666667
40,2684,2572.2
41,2671,2578.36666666667
42,2766,2559.8
43,2766,2562.7
44,2766,2558.66666666667
45,2766,2533.4
46,2770,2557.63333333333
47,2770,2585.13333333333
48,2731,2625.3
49,2766,2643.26666666667
50,2766,2661
51,2731,2647.2
52,2731,2633.73333333333
53,2848,2649.46666666667
54,2848,2644.23333333333
55,2814,2646.76666666667
56,2814,2662.13333333333
57,2814,2705.3
58,2814,2681.96666666667
59,2814,2684.4
60,2814,2696.56666666667
61,2814,2703.76666666667
62,2814,2721.53333333333
63,2814,2688.9
64,2814,2713.23333333333
65,2814,2710.6
66,2814,2743.06666666667
67,2814,2761.16666666667
68,2814,2758.66666666667
69,2814,2738.1
70,2814,2734.66666666667
71,2814,2689.93333333333
72,2814,2667.7
73,2814,2709.96666666667
74,2814,2703.13333333333
75,2814,2701.43333333333
76,2814,2705.7
77,2814,2697.53333333333
78,2814,2682.93333333333
79,2814,2696.33333333333
80,2814,2705
81,2862,2717.03333333333
82,2862,2712.5
83,2862,2731.33333333333
84,2862,2757.26666666667
85,2862,2750.26666666667
86,2896,2751.16666666667
87,2862,2774.46666666667
88,2862,2770.1
89,2862,2774.03333333333
90,2862,2761.96666666667
91,2862,2737.33333333333
92,2862,2741.43333333333
93,2814,2762.06666666667
94,2862,2765.5
95,2862,2780.86666666667
96,2862,2797.6
97,2862,2793.2
98,2814,2789.06666666667
99,2814,2795.16666666667
