Population size,100
Crossover rate,0.66
Mutation rate,0.34
Random selection portion,0.03
Selection method,AForge.Genetic.RouletteWheelSelection
Diversity check,False
Iteration,FitnessMax,FitnessAvg
0,2649,1777.17
1,2501,1826.25
2,2485,1850.76
3,2441,1883.76
4,2415,1880.78
5,2415,1922.05
6,2415,1991.57
7,2472,1968.74
8,2476,2067.2
9,2707,2038.57
10,2707,2048.78
11,2812,2159.92
12,2683,2144.08
13,2687,2223.16
14,2680,2236.19
15,2752,2249.65
16,2880,2281.2
17,3010,2270.23
18,3010,2350.9
19,2984,2319.01
20,2926,2304.92
21,2926,2320.36
22,2926,2309.42
23,2926,2383.6
24,3004,2455.67
25,3004,2461.95
26,3004,2468.53
27,3004,2402.13
28,3004,2461.26
29,3004,2466.8
30,3136,2511.51
31,3136,2472.37
32,3136,2496.97
33,3004,2501.75
34,3004,2488.47
35,3004,2466.62
36,3200,2468.98
37,3200,2433.41
38,3216,2464.83
39,3216,2512.08
40,3216,2534.84
41,3200,2553.43
42,3200,2529.77
43,3174,2507.82
44,3139,2551.23
45,3139,2480.65
46,3139,2517.88
47,3183,2527.59
48,3035,2518.39
49,3035,2569.19
50,3127,2567.46
51,3078,2584.15
52,3078,2524.88
53,3078,2567.9
54,3154,2556.51
55,3154,2600.73
56,3136,2586.88
57,3052,2580.5
58,3044,2560.04
59,3044,2579.33
60,3097,2642.94
61,3136,2629.47
62,3097,2582.31
63,3097,2613.47
64,3163,2574.85
65,3165,2583.67
66,3165,2615.38
67,3176,2576.88
68,3176,2641.15
69,3210,2670.07
70,3210,2726.46
71,3210,2723.7
72,3210,2761.76
73,3210,2783.14
74,3210,2739.91
75,3210,2732.4
76,3210,2702.57
77,3210,2843.18
78,3210,2855.75
79,3210,2851.74
80,3210,2879.26
81,3210,2884.05
82,3255,2853.04
83,3210,2861.95
84,3210,2806.69
85,3210,2857.5
86,3210,2833.22
87,3210,2771.93
88,3210,2777.57
89,3210,2736.09
90,3210,2726.48
91,3210,2736.91
92,3187,2697.92
93,3187,2709.47
94,3187,2726.74
95,3210,2684.64
96,3210,2759.39
97,3210,2732.66
98,3232,2759.04
99,3232,2770.3
100,3210,2709.02
101,3101,2671.38
102,3232,2698.59
103,3232,2681.93
104,3232,2597.28
105,3232,2678.46
106,3232,2636.6
107,3232,2611.91
108,3232,2684.96
109,3232,2686.13
110,3232,2664.32
111,3248,2621.06
112,3225,2623.46
113,3225,2651.77
114,3108,2638.51
115,3108,2659.09
116,3108,2568.7
117,3108,2548.43
118,3164,2545.21
119,3164,2579.79
120,3065,2576.96
121,3065,2522.27
122,3065,2534.35
123,3124,2511.34
124,3124,2497.24
125,3124,2551.83
126,3124,2552.91
127,3124,2539.35
128,3232,2531.42
129,3232,2549.28
130,3232,2609.69
131,3232,2629.29
132,3232,2694.06
133,3248,2700.34
134,3248,2671.11
135,3248,2634.59
136,3271,2649.15
137,3248,2689.8
138,3248,2679.8
139,3248,2689.93
140,3248,2679.14
141,3248,2690.43
142,3232,2673.88
143,3144,2672.31
144,3144,2736.5
145,3124,2703.37
146,3224,2704.44
147,3124,2687.53
148,3224,2694.84
149,3224,2661.34
150,3224,2681.85
151,3224,2666.09
152,3224,2688.79
153,3211,2695.61
154,3211,2681.64
155,3224,2763.75
156,3295,2791.17
157,3295,2769.74
158,3295,2780.75
159,3295,2754.09
160,3295,2783.32
161,3295,2786.48
162,3295,2721.24
163,3295,2768.4
164,3248,2792.29
165,3248,2773.47
166,3248,2744.05
167,3248,2753.56
168,3268,2802.04
169,3268,2813.79
170,3229,2766.03
171,3229,2744.06
172,3292,2756.94
173,3213,2762.8
174,3229,2733.74
175,3229,2692.69
176,3229,2771
177,3229,2754.95
178,3229,2739.74
179,3213,2733.54
180,3213,2793.66
181,3230,2751.09
182,3230,2728.65
183,3230,2719.74
184,3253,2724.97
185,3253,2702.91
186,3145,2640.64
187,3190,2624.05
188,3190,2588.56
189,3190,2589.6
190,3190,2585.82
191,3255,2550.52
192,3255,2652.2
193,3255,2640.83
194,3227,2634.03
195,3227,2607.19
196,3227,2631.5
197,3227,2659.04
198,3192,2714.51
199,3192,2686.51
200,3232,2704.71
201,3232,2700.79
202,3295,2667.94
203,3295,2739.92
204,3279,2720.55
205,3293,2763.08
206,3293,2766.51
207,3279,2738.23
208,3279,2737.64
209,3279,2769.77
210,3279,2720.89
211,3295,2767.17
212,3293,2754.7
213,3293,2675.75
214,3293,2692.35
215,3295,2702.01
216,3293,2731.09
217,3293,2742.91
218,3131,2728.99
219,3105,2701.24
220,3164,2685.07
221,3204,2700.77
222,3204,2680.92
223,3164,2748.25
224,3255,2798.25
225,3255,2796.29
226,3164,2802.21
227,3280,2773.85
228,3280,2784.56
229,3280,2810.35
230,3280,2786.78
231,3164,2758.13
232,3164,2802.24
233,3203,2773.11
234,3208,2759.61
235,3203,2705.09
236,3187,2662.71
237,3178,2662.32
238,3224,2644.86
239,3248,2667.98
240,3248,2661.15
241,3224,2684.69
242,3224,2621.48
243,3187,2664.29
244,3280,2666.09
245,3100,2602.5
246,3187,2575.43
247,3060,2580.91
248,3232,2553.21
249,3074,2626.85
250,3165,2587.32
251,3076,2631.84
252,3037,2611.37
253,3187,2578.28
254,3187,2607.43
255,3187,2632.23
256,3134,2635.05
257,3224,2603.15
258,3107,2619.56
259,3107,2662.32
260,3107,2662.06
261,3232,2613.44
262,3107,2633.72
263,3107,2603.37
264,3103,2623.63
265,3116,2637.87
266,3116,2695.81
267,3085,2684.1
268,3280,2654.43
269,3085,2643.03
270,3085,2613.38
271,3085,2625.41
272,3085,2600.42
273,3085,2669.78
274,3081,2654.44
275,3111,2660.71
276,3208,2638.86
277,3161,2679.33
278,3085,2658.07
279,3092,2643.96
280,3092,2616.57
281,3085,2670.07
282,3248,2707.64
283,3248,2647.42
284,3231,2645.46
285,3295,2662.6
286,3098,2675.89
287,3106,2655.02
288,3130,2620.89
289,3174,2675.42
290,3132,2678.67
291,3276,2698.93
292,3276,2675.71
293,3276,2690.5
294,3124,2714.96
295,3171,2746.49
296,3187,2740.21
297,3124,2699.56
298,3156,2662.96
299,3208,2717.41
Population size,100
Crossover rate,0.66
Mutation rate,0.34
Random selection portion,0.03
Selection method,AForge.Genetic.RouletteWheelSelection
Diversity check,True
Iteration,FitnessMax,FitnessAvg
0,2570,1850.2
1,2570,1856.38
2,2537,1895.06
3,2651,1943.86
4,2546,1997.43
5,2560,2028.93
6,2750,2091.86
7,2686,2164.38
8,2686,2166.41
9,2702,2191.69
10,2702,2207.83
11,2702,2178.62
12,2702,2239.17
13,2740,2226.04
14,2753,2232.67
15,2897,2212.99
16,2897,2281.23
17,2897,2255.82
18,2747,2264.88
19,2860,2321.19
20,2873,2367.05
21,2913,2362.41
22,2873,2308.01
23,2873,2305.65
24,2873,2361.23
25,2920,2373.7
26,2873,2344.58
27,2873,2339.43
28,2873,2398.59
29,2873,2386.81
30,2887,2413.96
31,2887,2422.17
32,2887,2430.36
33,2887,2450.35
34,3037,2429.15
35,3073,2432.37
36,3073,2416.15
37,3037,2404.76
38,3037,2446.58
39,2811,2377.14
40,2772,2343.31
41,2888,2380.01
42,2888,2389.54
43,2888,2437.33
44,3033,2434.07
45,3049,2475.53
46,3049,2511.67
47,2962,2457.44
48,2962,2450.03
49,2981,2431.09
50,2981,2477.31
51,2937,2468.31
52,2995,2492.68
53,2995,2459.08
54,2995,2438.07
55,2995,2496.33
56,3180,2503.75
57,3180,2480.9
58,3103,2487.74
59,3117,2493.2
60,3129,2475.64
61,3129,2392.86
62,2908,2392.45
63,3132,2454.27
64,3132,2470.59
65,3132,2455.69
66,3132,2496.65
67,3132,2562.67
68,3132,2630.28
69,3132,2633.7
70,3132,2653.52
71,3132,2649.03
72,3119,2655.56
73,3130,2662.16
74,3130,2674.75
75,3195,2660.17
76,3195,2603.48
77,3195,2621.05
78,3195,2651.18
79,3195,2663.1
80,3179,2575.48
81,3008,2600.35
82,3008,2587.64
83,3047,2560.46
84,3008,2608.86
85,3008,2575.82
86,3241,2552.94
87,3241,2600.02
88,3040,2582.9
89,3040,2565.57
90,2965,2553.83
91,3113,2591.78
92,3195,2513.35
93,3113,2577.33
94,3129,2619.64
95,3129,2595.38
96,3129,2586.01
97,3129,2569.88
98,3129,2591.55
99,3129,2572.78
100,3129,2602.81
101,3143,2566.14
102,3164,2583.23
103,3157,2653.95
104,3208,2627.6
105,3200,2662.61
106,3200,2596.25
107,3129,2663.55
108,3129,2713.78
109,3129,2706.65
110,3129,2719.29
111,3129,2783.01
112,3129,2761.03
113,3129,2730.75
114,3129,2685.46
115,3129,2677.17
116,3103,2686.39
117,3103,2605.35
118,3118,2601.91
119,3118,2621.39
120,3118,2605.62
121,3129,2649.5
122,3153,2704.81
123,3208,2691.05
124,3208,2645.09
125,3208,2671.01
126,3208,2666.65
127,3103,2658.39
128,3102,2707
129,3102,2739.22
130,3118,2702.33
131,3242,2669.17
132,3242,2663.58
133,3242,2648.61
134,3242,2633.02
135,3242,2662.39
136,3274,2733.58
137,3274,2715.82
138,3274,2711.85
139,3274,2696.54
140,3274,2694.22
141,3274,2704.69
142,3274,2691.62
143,3274,2694.89
144,3274,2696.48
145,3274,2719.13
146,3274,2758.1
147,3255,2782.92
148,3255,2773.76
149,3290,2786.06
150,3290,2742.79
151,3290,2718.72
152,3290,2662.72
153,3274,2624.1
154,3274,2640.51
155,3172,2576.91
156,3166,2620.54
157,3275,2575
158,3275,2638.14
159,3218,2619.4
160,3218,2650.96
161,3162,2663.11
162,3162,2651.58
163,3150,2645.16
164,3150,2622.68
165,3150,2641.77
166,3150,2605.4
167,3150,2601.03
168,3218,2622.77
169,3234,2618.1
170,3218,2640.07
171,3279,2703.98
172,3279,2745.09
173,3279,2719.3
174,3190,2742.29
175,3190,2701.75
176,3190,2654.8
177,3190,2707.89
178,3274,2708.34
179,3274,2704.87
180,3274,2685.07
181,3190,2666.69
182,3190,2626.93
183,3206,2619.55
184,3206,2626.45
185,3206,2648.01
186,3206,2684.63
187,3274,2653
188,3274,2707.17
189,3274,2694.77
190,3274,2738.72
191,3274,2699.7
192,3274,2693.12
193,3274,2680.22
194,3290,2740.27
195,3290,2702.36
196,3290,2771.69
197,3274,2709.06
198,3243,2724.19
199,3243,2715
200,3243,2725.35
201,3166,2676.61
202,3150,2614.3
203,3153,2668.24
204,3153,2661.31
205,3145,2701.27
206,3145,2744.8
207,3137,2662.69
208,3133,2713.65
209,3129,2709.64
210,3129,2727.14
211,3129,2645.47
212,3112,2632.89
213,3112,2662.43
214,3096,2677.47
215,3096,2617.4
216,3102,2558.76
217,3102,2525.66
218,3218,2528.9
219,3094,2491.78
220,3094,2468.84
221,3126,2421.38
222,3126,2419.75
223,3218,2421.14
224,3094,2469.31
225,3094,2464.84
226,3094,2463
227,3094,2514.82
228,3094,2472.97
229,3094,2472.11
230,3094,2524.8
231,3094,2552.59
232,3094,2534.93
233,3209,2543.55
234,3209,2578.21
235,3061,2553.03
236,3068,2560.84
237,3084,2560.14
238,3100,2528.29
239,3110,2551.55
240,3215,2577.88
241,3215,2536.15
242,3215,2585.8
243,3215,2615.17
244,3098,2602.08
245,3192,2671.69
246,3124,2662.16
247,3218,2661.48
248,3218,2643.02
249,3218,2650.16
250,3274,2656.17
251,3055,2591.47
252,3025,2581.48
253,3194,2611.59
254,3218,2654.7
255,3218,2712.76
256,3279,2708.55
257,3295,2725.4
258,3171,2672.84
259,3117,2626.05
260,3117,2616.91
261,3150,2708.38
262,3279,2714.24
263,3279,2693.25
264,3279,2681.71
265,3138,2652.38
266,3117,2550.41
267,3117,2609.11
268,3133,2548.86
269,3133,2585.92
270,3178,2589.82
271,3178,2570.97
272,3178,2548.01
273,3178,2573.7
274,3177,2598.9
275,3173,2615.27
276,3177,2670.28
277,3177,2641.17
278,3177,2675.01
279,3194,2655.76
280,3194,2648.76
281,3107,2601.96
282,3151,2645.16
283,3151,2613.92
284,3151,2605.64
285,3151,2587.69
286,3173,2635.25
287,3107,2649.08
288,3149,2601.16
289,3173,2655.36
290,3173,2665.09
291,3104,2594.27
292,3104,2548.63
293,3207,2532.65
294,3097,2562.02
295,3012,2555.26
296,3012,2581.69
297,3178,2574.33
298,3178,2574.66
299,3178,2525.1
Population size,100
Crossover rate,0.51
Mutation rate,0.79
Random selection portion,0.03
Selection method,AForge.Genetic.RankSelection
Diversity check,True
Iteration,FitnessMax,FitnessAvg
0,2567,1800.8
1,2531,2046.45
2,2604,2197.45
3,2727,2272.61
4,2842,2337.31
5,2842,2450.9
6,2842,2440.59
7,3000,2526.36
8,3000,2534.59
9,3000,2585.77
10,3027,2622.83
11,3050,2686.33
12,3050,2654.07
13,3050,2718.41
14,3058,2785.47
15,3068,2752.49
16,3132,2839.67
17,3214,2867.52
18,3198,2858.65
19,3198,2948.05
20,3198,2994.12
21,3297,2976
22,3297,2970.69
23,3297,2938.13
24,3297,2896.8
25,3297,2978.34
26,3297,2986.24
27,3297,3060.18
28,3297,2997.52
29,3297,3023.02
30,3297,3076.64
31,3297,3016.63
32,3297,3060.79
33,3297,3035.76
34,3297,3091.72
35,3297,3088.85
36,3297,3120.07
37,3297,3061.81
38,3297,3065.62
39,3297,3090.96
40,3297,3095.01
41,3297,3105.68
42,3297,3155.05
43,3297,3137.05
44,3297,3071.67
45,3297,3120.61
46,3297,3179.92
47,3297,3153.5
48,3297,3102.09
49,3297,3088.53
50,3297,3178.12
51,3297,3148.53
52,3297,3165.29
53,3297,3105.15
54,3297,3020.48
55,3297,3106.6
56,3297,3154.99
57,3297,3197.53
58,3297,3133.91
59,3297,3085.63
60,3297,3145.3
61,3297,3216.2
62,2688,1935.83
63,2838,2115.84
64,2938,2240.31
65,2838,2216.72
66,2838,2359.16
67,3043,2475.92
68,3043,2520.86
69,3043,2619.78
70,3043,2665.64
71,3126,2734.9
72,3126,2789.95
73,3175,2846.75
74,3086,2797.38
75,3086,2786.97
76,3187,2917.49
77,3191,2919.45
78,3191,2944.7
79,3276,2980.61
80,3276,2969.29
81,3276,2972.44
82,3276,2921.64
83,3276,2999.83
84,3276,3024.49
85,3276,3043.21
86,3276,3108.73
87,3292,3118.73
88,3292,3062.31
89,3292,3035.85
90,3292,3133.32
91,3292,3040.15
92,3292,3097.94
93,3292,3135.67
94,3292,3123.97
95,3292,3155.05
96,3292,3160.72
97,3292,3133.23
98,3292,3119.75
99,3292,3108.96
100,3292,3070.49
101,3292,3116.63
102,3292,3060.18
103,3292,3113.03
104,3292,3122.68
105,3292,3010.97
106,3292,3114.83
107,3292,3066.28
108,3292,3103.32
109,3292,3094.46
110,3292,3073.93
111,3292,3027.08
112,3292,3115.33
113,3292,3150.41
114,3295,3144.18
115,3295,3123.17
116,3295,3134.83
117,3295,3124.65
118,3304,3131.08
119,3304,3106.34
120,3295,2990.1
121,3292,3081.25
122,3292,3062.86
123,3292,3085.63
124,3292,3061.51
125,3292,3125.5
126,3292,3143.37
127,3292,3076.89
128,3292,3077.83
129,3292,3143.22
130,3292,3168.47
131,3292,3079.62
132,3292,3078.06
133,3292,3098.13
134,3292,3089.03
135,3292,3041.66
136,3292,3033.04
137,3292,3120.62
138,3292,3151.76
139,3292,3100.79
140,3292,3088.38
141,3292,3058.71
142,3292,3139.73
143,3292,3068.68
144,3292,3042.75
145,3292,3015.61
146,3292,3000.15
147,3292,3063.31
148,3292,3113.23
149,3292,3080.47
150,3292,3010.27
151,3295,3116.28
152,3292,3175.12
153,3295,3107.08
154,3295,3139.7
155,3295,3119.39
156,3290,3174.06
157,3290,3124.35
158,3290,3203.96
159,3290,1973.49
160,3290,2155.19
161,3290,2288.29
162,3290,2383.95
163,3290,2525.56
164,3290,2542.16
165,3290,2582.1
166,3290,2669.65
167,3290,2725.45
168,3290,2801.39
169,3290,2846.64
170,3191,2885.8
171,3315,2925.61
172,3315,2945.58
173,3315,2883.49
174,3255,2901.15
175,3315,3007.39
176,3315,3025.2
177,3315,3007.01
178,3315,3073.16
179,3315,3058.02
180,3315,2913.28
181,3315,2994.93
182,3315,2968.74
183,3315,2987.63
184,3315,3066.23
185,3315,2959.97
186,3315,3005.53
187,3315,3069.01
188,3315,3023.78
189,3315,3048.39
190,3315,3026.49
191,3315,3043.43
192,3315,3022.41
193,3315,3111.4
194,3315,3172.86
195,3315,3170.34
196,3315,3151.95
197,3315,3103.64
198,3315,3169.58
199,3315,3208.92
200,3315,3165.89
201,3315,3179.78
202,3315,3173.71
203,3315,3205.48
204,3315,3147.05
205,3315,3194.64
206,3315,3198.63
207,3315,3148.09
208,3315,3207.41
209,3315,3124.61
210,3315,3167.99
211,3315,3182.21
212,3315,3147.35
213,3315,3208.18
214,3315,3092.02
215,3315,3173.06
216,3315,3211.99
217,3315,3222.46
218,2676,1923.76
219,2815,2129.39
220,2885,2248.6
221,2885,2364.78
222,2885,2440.56
223,3019,2529
224,3089,2595.77
225,3089,2629.03
226,3089,2630.71
227,3186,2813.05
228,3136,2858.27
229,3213,2871.87
230,3190,2878.8
231,3213,2926.25
232,3213,2892.2
233,3220,2975.36
234,3220,2935.63
235,3220,3027.79
236,3222,3003.77
237,3222,2978.11
238,3222,2960.37
239,3222,2908.77
240,3290,2938.69
241,3292,3029.61
242,3243,2996.97
243,3243,3073.82
244,3243,3073.38
245,3290,3070.12
246,3290,3097.1
247,3290,3129.02
248,3290,3106.04
249,3292,3119.33
250,3290,3075.51
251,3290,3114.12
252,3290,3019.39
253,3290,3025.19
254,3315,3058.55
255,3290,3052.21
256,3315,3086.84
257,3315,3102.35
258,3315,3089.67
259,3315,3051.44
260,3315,3038.83
261,3315,3017.57
262,3315,3152.42
263,3315,3086.74
264,3315,3147.76
265,3315,3111.68
266,3315,3128.34
267,3315,3158.96
268,3315,3141.52
269,3315,3121.27
270,3315,3155.45
271,3315,3090.13
272,3315,3144.8
273,3315,3081.43
274,3315,3155
275,3315,3110.21
276,3315,3161.99
277,3315,3100.22
278,3315,3204.65
279,3315,3220.34
280,2510,1938.21
281,2760,2103.77
282,2793,2189.35
283,2793,2258.07
284,2793,2327.73
285,2793,2390.98
286,2793,2470.23
287,2837,2511.55
288,2860,2523.02
289,2898,2583.34
290,3003,2590.28
291,3074,2626.61
292,3003,2682.84
293,3003,2718.71
294,3098,2764.14
295,3107,2765.38
296,3111,2820.99
297,3259,2839.52
298,3259,2897.13
299,3259,2911.54
Population size,100
Crossover rate,0.51
Mutation rate,0.79
Random selection portion,0.03
Selection method,AForge.Genetic.RankSelection
Diversity check,False
Iteration,FitnessMax,FitnessAvg
0,2665,1899.34
1,2780,2100.37
2,2806,2196.86
3,2806,2274.8
4,2806,2405.03
5,2894,2469.63
6,2899,2572.73
7,3043,2602.7
8,3016,2594.85
9,3016,2672.49
10,3018,2676.92
11,3099,2692.11
12,3099,2757.38
13,3153,2845.11
14,3153,2849.93
15,3205,2875.36
16,3205,2921.29
17,3205,2933.17
18,3205,2887.6
19,3205,2856.1
20,3315,2867.3
21,3205,2905.87
22,3205,2909.22
23,3315,2980.63
24,3315,2964.13
25,3315,2994.69
26,3315,3036.14
27,3315,3052.13
28,3315,3050.82
29,3315,3019.19
30,3315,3094.91
31,3315,3074.47
32,3315,3113.43
33,3315,3040.56
34,3315,2977.95
35,3315,3066.14
36,3315,3106.66
37,3315,3080.08
38,3315,3151.5
39,3315,3062.04
40,3315,3083.57
41,3315,3132.64
42,3315,3136.24
43,3315,3147.8
44,3315,3149.2
45,3315,3169.89
46,3315,3073.66
47,3315,3169.8
48,3315,3160.26
49,3315,3174.27
50,3315,3202.52
51,3315,3180.42
52,3315,3195.36
53,3315,3183.63
54,3315,3191.26
55,3315,3056.3
56,3315,3143.09
57,3315,3159.02
58,3315,3127.39
59,3315,3058.68
60,3315,3178.7
61,3315,3195.73
62,3315,3167.69
63,3315,3106.08
64,3315,3192.73
65,3315,3168.96
66,3315,3176.37
67,3315,3146.35
68,3315,3170.86
69,3315,3147.92
70,3315,3141.61
71,3315,3143.61
72,3315,3151.41
73,3315,3202.34
74,3315,3140.1
75,3315,3197.79
76,3315,3078.98
77,3315,3183.35
78,3315,3194.6
79,3315,3182.56
80,3315,3098.59
81,3315,3113.47
82,3315,3148.71
83,3315,3132.81
84,3315,3205.64
85,3315,3114.9
86,3315,3194.21
87,3315,3149.88
88,3315,3192.43
89,3315,3207.03
90,3315,3177.94
91,3315,3079.08
92,3315,3143.84
93,3315,3136.59
94,3315,3193.76
95,3315,3199.36
96,3315,3165.31
97,3315,3216.05
98,3315,3124.23
99,3315,3144.91
100,3315,3220.96
101,3315,3226.23
102,3315,3206.94
103,3315,3215.51
104,3315,3172.53
105,3315,3230.23
106,3315,3185.38
107,3315,3146.19
108,3315,3185.75
109,3315,3183.03
110,3315,3190.29
111,3315,3226.38
112,3315,3176.35
113,3315,3173.41
114,3315,3196.53
115,3315,3141.12
116,3315,3213.84
117,3315,3118.89
118,3315,3160.48
119,3315,3239.74
120,3315,3213.46
121,3315,3120.18
122,3315,3187.62
123,3315,3165.64
124,3315,3209.36
125,3315,3181.99
126,3315,3223.62
127,3315,3215.04
128,3315,3175.21
129,3315,3186.14
130,3315,3068.08
131,3315,3189.57
132,3315,3138.71
133,3315,3210.71
134,3315,3177.33
135,3315,3215.83
136,3315,3133.44
137,3315,3195.67
138,3315,3207.25
139,3315,3214.3
140,3315,3185.29
141,3315,3207.19
142,3315,3173.27
143,3315,3176.83
144,3315,3230.15
145,3315,3204.04
146,3315,3232.47
147,3315,3174.29
148,3315,3166.6
149,3315,3141.5
150,3315,3193.74
151,3315,3156.5
152,3315,3164.25
153,3315,3205.12
154,3315,3215.64
155,3315,3160.92
156,3315,3190.32
157,3315,3193.4
158,3315,3168.55
159,3315,3143.54
160,3315,3166.97
161,3315,3186.74
162,3315,3157.39
163,3315,3160.98
164,3315,3114.23
165,3315,3156.78
166,3315,3133.16
167,3315,3202.57
168,3315,3223.65
169,3315,3149.72
170,3315,3183.6
171,3315,3137.35
172,3315,3105.39
173,3315,3134.57
174,3315,3179.88
175,3315,3176.73
176,3315,3199.13
177,3315,3183.29
178,3315,3191.72
179,3315,3031.47
180,3315,3093.61
181,3315,3186.45
182,3315,3194.74
183,3315,3147.79
184,3315,3222.76
185,3315,3226.1
186,3315,3182.43
187,3315,3216.14
188,3315,3149.21
189,3315,3186.71
190,3315,3178.47
191,3315,3207.5
192,3315,3212.74
193,3315,3208.18
194,3315,3193.45
195,3315,3161.08
196,3315,3155.36
197,3315,3116.8
198,3315,3198.13
199,3315,3153.43
200,3315,3188.36
201,3315,3194.71
202,3315,3138.75
203,3315,3104
204,3315,3125.27
205,3315,3222.47
206,3315,3122.59
207,3315,3173.29
208,3315,3155.87
209,3315,3178.61
210,3315,3136.02
211,3315,3199.46
212,3315,3233.78
213,3315,3201.53
214,3315,3175.52
215,3315,3189.86
216,3315,3199.22
217,3315,3187.94
218,3315,3149.2
219,3315,3163.99
220,3315,3166.45
221,3315,3230.43
222,3315,3171.47
223,3315,3232.53
224,3315,3214.54
225,3315,3174.95
226,3315,3169.29
227,3315,3102.69
228,3315,3126.98
229,3315,3212.07
230,3315,3147.67
231,3315,3135.59
232,3315,3171.47
233,3315,3167.34
234,3315,3148.03
235,3315,3212.51
236,3315,3215.52
237,3315,3185.44
238,3315,3182.18
239,3315,3175.95
240,3315,3076.85
241,3315,3121.25
242,3315,3198.04
243,3315,3216.4
244,3315,3128.62
245,3315,3162.59
246,3315,3148.92
247,3315,3154.94
248,3315,3186.99
249,3315,3111.17
250,3315,3119.55
251,3315,3152.81
252,3315,3179.47
253,3315,3150.82
254,3315,3141.57
255,3315,3114.19
256,3315,3193.22
257,3315,3164.5
258,3315,3154.23
259,3315,3166.1
260,3315,3194.35
261,3315,3202.13
262,3315,3130.73
263,3315,3168.25
264,3315,3210.78
265,3315,3178.72
266,3315,3229.45
267,3315,3185.78
268,3315,3206.64
269,3315,3051.16
270,3315,3128.05
271,3315,3104.43
272,3315,3139.17
273,3315,3216.41
274,3315,3199.04
275,3315,3218.96
276,3315,3226.04
277,3315,3124.87
278,3315,3197.2
279,3315,3170.74
280,3315,3183.02
281,3315,3113.16
282,3315,3146.69
283,3315,3200.89
284,3315,3201.3
285,3315,3207.44
286,3315,3157.23
287,3315,3167.81
288,3315,3116.53
289,3315,3101.52
290,3315,3087.69
291,3315,3155.94
292,3315,3204.91
293,3315,3200.88
294,3315,3115.11
295,3315,3096.72
296,3315,3175.86
297,3315,3121.25
298,3315,3201.85
299,3315,3215.82
Population size,100
Crossover rate,0.22
Mutation rate,0.87
Random selection portion,0.03
Selection method,AForge.Genetic.EliteSelection
Diversity check,False
Iteration,FitnessMax,FitnessAvg
0,2745,1999.8
1,2745,2146.16
2,2849,2317.49
3,2849,2443.39
4,2849,2468
5,2875,2591.81
6,2967,2644.76
7,2995,2709.8
8,3041,2740.92
9,3041,2794.9
10,3103,2842.5
11,3147,2874.71
12,3189,2922.66
13,3253,2952.21
14,3253,2982.98
15,3253,3003.15
16,3253,3011.66
17,3253,3077.07
18,3255,3071.08
19,3255,3129.11
20,3295,3138.11
21,3295,3134.85
22,3295,3137.67
23,3295,3135.74
24,3295,3185.43
25,3295,3189.68
26,3295,3192.56
27,3295,3170.79
28,3295,3179.32
29,3295,3199.87
30,3295,3203.32
31,3295,3212.21
32,3295,3234.34
33,3295,3211.43
34,3295,3203.2
35,3295,3223.04
36,3295,3247.76
37,3295,3230.06
38,3295,3251.86
39,3295,3238
40,3295,3256.62
41,3295,3249.21
42,3295,3250.12
43,3295,3242.13
44,3295,3253.67
45,3295,3229.02
46,3295,3250.96
47,3295,3248.03
48,3295,3242.28
49,3295,3238.8
50,3295,3261.49
51,3295,3251.15
52,3295,3209.64
53,3295,3250.8
54,3295,3254.82
55,3295,3251.54
56,3295,3224.96
57,3295,3252.42
58,3295,3246.83
59,3295,3226.91
60,3295,3232.22
61,3295,3233.47
62,3295,3235.64
63,3295,3226.14
64,3295,3248.43
65,3295,3214.39
66,3295,3227.97
67,3295,3238.62
68,3295,3229.8
69,3295,3228.97
70,3295,3257.91
71,3295,3239.64
72,3295,3251.24
73,3295,3261.34
74,3295,3244.85
75,3295,3264.05
76,3295,3251.05
77,3295,3248.73
78,3295,3247.48
79,3295,3253.66
80,3295,3214.8
81,3295,3233.82
82,3295,3224.82
83,3295,3232.57
84,3295,3233.25
85,3295,3231.93
86,3295,3251.02
87,3295,3230.66
88,3295,3227.78
89,3295,3235.96
90,3295,3257.43
91,3295,3227.58
92,3295,3247.36
93,3295,3258.85
94,3295,3231.23
95,3295,3254.63
96,3295,3241.05
97,3295,3234.15
98,3295,3258.95
99,3295,3230.02
100,3295,3241.06
101,3295,3216
102,3295,3255.56
103,3295,3262.36
104,3295,3230.23
105,3295,3234.86
106,3295,3229.86
107,3295,3242.96
108,3295,3243.3
109,3295,3250.01
110,3295,3204.24
111,3295,3249.38
112,3295,3231.96
113,3295,3242.09
114,3295,3214.39
115,3295,3250.62
116,3295,3252.92
117,3295,3215.26
118,3295,3207.81
119,3295,3238.48
120,3295,3230.3
121,3295,3232.08
122,3295,3243.87
123,3295,3240.32
124,3295,3254.99
125,3295,3230.09
126,3295,3238.27
127,3295,3231.56
128,3295,3238.74
129,3295,3248.25
130,3295,3252.85
131,3295,3255.97
132,3295,3217.86
133,3295,3237.21
134,3295,3255.65
135,3295,3230.67
136,3295,3252.22
137,3295,3211.45
138,3295,3238.65
139,3295,3212.32
140,3295,3256.7
141,3295,3249.6
142,3295,3232.35
143,3295,3250.33
144,3295,3248.97
145,3295,3227.74
146,3295,3260.01
147,3295,3248.16
148,3295,3235.83
149,3295,3247.57
150,3295,3251.58
151,3295,3248.02
152,3295,3255.09
153,3295,3229.11
154,3295,3256.09
155,3295,3249.55
156,3295,3236.02
157,3295,3260.48
158,3295,3217.25
159,3295,3247.81
160,3295,3196.15
161,3295,3247.27
162,3295,3234.74
163,3295,3255.58
164,3295,3213.71
165,3295,3245.25
166,3295,3246.65
167,3295,3235.93
168,3295,3232.95
169,3295,3240.25
170,3295,3256.38
171,3295,3231.63
172,3295,3259.46
173,3295,3250.27
174,3295,3235.29
175,3295,3242.24
176,3295,3230.91
177,3295,3240.47
178,3295,3228.66
179,3295,3230.52
180,3295,3256.49
181,3295,3247.26
182,3295,3241.95
183,3295,3253.56
184,3295,3239.67
185,3295,3231.75
186,3295,3253.08
187,3295,3252.36
188,3295,3246.27
189,3295,3228.83
190,3295,3255.84
191,3295,3236.35
192,3295,3247.87
193,3295,3257.41
194,3295,3255.31
195,3295,3251.44
196,3295,3213.38
197,3295,3211.2
198,3295,3232.95
199,3295,3252.16
200,3295,3227.68
201,3295,3205.36
202,3297,3252.62
203,3297,3243.89
204,3297,3235.6
205,3297,3228.87
206,3297,3237.54
207,3297,3217.87
208,3297,3237.26
209,3297,3232.39
210,3297,3213.54
211,3297,3251.4
212,3297,3255.37
213,3297,3234.91
214,3297,3245.13
215,3297,3235.63
216,3297,3234.21
217,3297,3250.16
218,3297,3220.08
219,3297,3210.86
220,3297,3248.31
221,3297,3237.2
222,3297,3245.77
223,3297,3248.95
224,3297,3228.86
225,3297,3236.18
226,3297,3252.2
227,3297,3242.59
228,3297,3253.47
229,3297,3235.98
230,3297,3260.64
231,3297,3249.82
232,3297,3230.74
233,3297,3232.63
234,3297,3243.87
235,3297,3257.12
236,3297,3232.54
237,3297,3260.17
238,3297,3230.09
239,3297,3247.38
240,3297,3242.75
241,3297,3229.28
242,3297,3247.74
243,3297,3248.58
244,3297,3244.56
245,3297,3253.81
246,3297,3227
247,3297,3256.76
248,3297,3238.81
249,3297,3259.7
250,3297,3235.34
251,3297,3256.5
252,3297,3247.68
253,3297,3256.77
254,3297,3234.62
255,3297,3251.3
256,3297,3247.06
257,3297,3245.1
258,3297,3251.19
259,3297,3247.27
260,3297,3234.09
261,3297,3248.81
262,3297,3233.64
263,3297,3261.95
264,3297,3255.71
265,3297,3231.34
266,3297,3257.44
267,3297,3252.49
268,3297,3250.46
269,3297,3251.89
270,3297,3222.48
271,3297,3223.88
272,3297,3255.69
273,3297,3257.01
274,3297,3231.45
275,3297,3232.19
276,3297,3215.31
277,3297,3253.87
278,3297,3251.79
279,3297,3252.36
280,3297,3255.31
281,3297,3213.3
282,3297,3252.67
283,3297,3231.26
284,3297,3234.57
285,3297,3246.79
286,3297,3257
287,3297,3248.41
288,3297,3248.21
289,3297,3230.02
290,3297,3248.43
291,3297,3247.03
292,3297,3252.69
293,3297,3257.87
294,3297,3230.65
295,3297,3249.61
296,3297,3252.36
297,3297,3253.59
298,3297,3217.45
299,3297,3250.25
Population size,100
Crossover rate,0.22
Mutation rate,0.87
Random selection portion,0.03
Selection method,AForge.Genetic.EliteSelection
Diversity check,True
Iteration,FitnessMax,FitnessAvg
0,2412,1990.64
1,2508,2129.24
2,2593,2255.99
3,2682,2375.32
4,2764,2486.57
5,2802,2525.86
6,2875,2614.28
7,3039,2653.77
8,3039,2707.91
9,3074,2787.08
10,3198,2854.26
11,3198,2906.41
12,3198,2904.38
13,3225,2975.9
14,3266,3004.12
15,3266,3019
16,3266,3031.87
17,3266,3051.35
18,3266,3076.6
19,3266,3121.81
20,3276,3114.07
21,3290,3161.97
22,3290,3166.2
23,3290,3180.19
24,3290,3159.27
25,3290,3171.98
26,3295,3198.94
27,3295,2056.49
28,3295,2207.76
29,3295,2345.75
30,3295,2414.1
31,3295,2530.58
32,3295,2626.35
33,3295,2710.44
34,3295,2775.48
35,3295,2888.95
36,3295,2961.62
37,3295,3010.81
38,3295,3041.66
39,3295,3098.88
40,3295,3100
41,3295,3159.56
42,3295,3168.29
43,3295,3183.27
44,3295,3222.1
45,3295,2086.28
46,3295,2276.26
47,3295,2411.41
48,3295,2510.93
49,3295,2601.24
50,3295,2704.92
51,3295,2788.6
52,3295,2859.15
53,3295,2914.24
54,3295,2976.22
55,3295,3028.58
56,3295,3064.71
57,3295,3104.85
58,3295,3151.97
59,3295,3189.27
60,3295,3204.51
61,3295,2116.62
62,3295,2292.84
63,3295,2467.92
64,3295,2570.2
65,3295,2667.79
66,3295,2808.1
67,3295,2896.34
68,3295,2942.84
69,3295,3016.34
70,3295,3083.14
71,3295,3135.05
72,3295,3176.34
73,3295,3172.83
74,3295,3194.09
75,3295,3217.12
76,3295,2108.39
77,3295,2244.5
78,3295,2379.2
79,3295,2521.11
80,3295,2620.33
81,3295,2714.7
82,3295,2815.54
83,3295,2893.76
84,3295,2987.09
85,3295,2997.76
86,3295,3023.27
87,3295,3086.12
88,3295,3140.15
89,3295,3155.37
90,3295,3164.38
91,3295,3162.53
92,3295,3187.9
93,3304,3185.5
94,3304,3219.83
95,3304,2135.36
96,3304,2284.35
97,3304,2438.53
98,3304,2554.3
99,3304,2671.97
100,3304,2741.17
101,3304,2837.28
102,3304,2894.89
103,3304,2931.68
104,3304,2974.54
105,3304,3019.48
106,3304,3029.61
107,3304,3089.87
108,3304,3116.63
109,3304,3138.96
110,3304,3153.11
111,3304,3157.82
112,3304,3194.44
113,3304,3200.71
114,3304,3206.55
115,3304,2058.33
116,3304,2259.39
117,3304,2377.35
118,3304,2476
119,3304,2560.71
120,3304,2672.31
121,3304,2764.7
122,3304,2831.04
123,3304,2929.55
124,3304,2984.72
125,3304,3062.2
126,3304,3108.93
127,3304,3123.68
128,3304,3165.35
129,3304,3165.59
130,3304,3195.12
131,3304,3206.61
132,3304,2008.59
133,3304,2169.48
134,3304,2266.4
135,3304,2353.04
136,3304,2482.89
137,3304,2546.62
138,3304,2683.83
139,3304,2741.67
140,3304,2892.58
141,3304,2961.31
142,3304,3016.38
143,3304,3081.49
144,3304,3096.26
145,3304,3145.8
146,3304,3143.69
147,3304,3166.23
148,3304,3188.6
149,3304,3220.67
150,3304,2119.05
151,3304,2299.6
152,3304,2371.78
153,3304,2486.33
154,3304,2559.35
155,3304,2649.08
156,3304,2755.16
157,3304,2825.64
158,3304,2944.78
159,3304,2999.53
160,3304,3048.09
161,3304,3091.12
162,3304,3140.21
163,3304,3131.32
164,3304,3178.98
165,3304,3178.13
166,3304,3205.21
167,3304,2005.31
168,3304,2175.42
169,3304,2309.95
170,3304,2445.76
171,3304,2583.76
172,3304,2678.92
173,3304,2853.58
174,3304,2983.16
175,3304,3052.72
176,3304,3066.09
177,3304,3118.02
178,3304,3119.33
179,3304,3159.52
180,3304,3181.46
181,3304,3192.16
182,3304,3190.38
183,3304,3223.57
184,3304,2106.37
185,3304,2258.28
186,3304,2417.84
187,3304,2517.26
188,3304,2618.63
189,3304,2713.82
190,3304,2809.69
191,3304,2915.31
192,3304,2985.08
193,3304,3042.75
194,3304,3082.92
195,3304,3105.9
196,3304,3139.08
197,3304,3165
198,3304,3184.55
199,3304,3194.45
200,3304,3192.87
201,3304,3229.72
202,3304,2032.83
203,3304,2232.78
204,3304,2380.24
205,3304,2526.24
206,3304,2629.12
207,3304,2735.33
208,3304,2834.75
209,3304,2881.93
210,3304,2945.06
211,3304,2983.99
212,3304,3045.09
213,3304,3031.74
214,3304,3074.05
215,3304,3111.25
216,3304,3144.57
217,3304,3155.62
218,3304,3160.11
219,3304,3167.63
220,3304,3177.95
221,3304,3207.62
222,3304,2046.36
223,3304,2206.76
224,3304,2335.63
225,3304,2446.27
226,3304,2549.21
227,3304,2618.25
228,3304,2696.74
229,3304,2782.52
230,3304,2826.68
231,3304,2863.39
232,3304,2949.98
233,3304,2979.47
234,3304,3015.18
235,3304,3059.19
236,3304,3091.45
237,3304,3111.54
238,3304,3141.19
239,3304,3154.72
240,3304,3185
241,3304,3173.82
242,3304,3209.68
243,3304,1959.13
244,3304,2179.49
245,3304,2274.76
246,3304,2387.88
247,3304,2508.52
248,3304,2572.17
249,3304,2658.2
250,3304,2731.96
251,3304,2859.17
252,3304,2935.65
253,3304,3004.84
254,3315,3088.92
255,3315,3098.79
256,3315,3121.59
257,3315,3193.88
258,3315,3208.37
259,3315,3213.55
260,3315,3228.69
261,3315,2071.69
262,3315,2272.11
263,3315,2401.88
264,3315,2535.24
265,3315,2624.8
266,3315,2749.41
267,3315,2827.18
268,3315,2911.07
269,3315,2969.71
270,3315,3031.16
271,3315,3081.3
272,3315,3117.2
273,3315,3156.23
274,3315,3167.06
275,3315,3187.28
276,3315,3207.08
277,3315,3217.49
278,3315,2057.23
279,3315,2210.46
280,3315,2375.79
281,3315,2521.29
282,3315,2681.92
283,3315,2801.62
284,3315,2900.68
285,3315,2975.02
286,3315,3047.31
287,3315,3069.53
288,3315,3130.04
289,3315,3146.42
290,3315,3151.02
291,3315,3193.31
292,3315,3208.45
293,3315,3231.31
294,3315,2016.75
295,3315,2166.26
296,3315,2341.18
297,3315,2439.78
298,3315,2546.9
299,3315,2704.58
Population size,100
Crossover rate,0.22
Mutation rate,0.87
Random selection portion,0.03
Selection method,AForge.Genetic.EliteSelection
Diversity check,True
Iteration,FitnessMax,FitnessAvg
0,2754,2074.23
1,2754,2285.55
2,2840,2408.62
3,2987,2510.08
4,2987,2567.07
5,2987,2644.25
6,3050,2672.52
7,3092,2774.17
8,3092,2811.35
9,3119,2866.37
10,3179,2892.88
11,3198,2941.95
12,3198,2954.36
13,3198,2997.37
14,3224,3025.63
15,3224,3039.81
16,3276,3055.77
17,3280,3069.65
18,3280,3099.11
19,3280,3094.28
20,3280,3140.12
21,3280,3148.44
22,3280,3140.63
23,3280,3118.19
24,3283,3154.09
25,3283,3166.16
26,3297,3164.93
27,3297,3123.36
28,3297,3186.2
29,3297,3168.61
30,3297,3198.33
31,3297,2097.34
32,3297,2191.75
33,3297,2337.67
34,3297,2483.67
35,3297,2633.72
36,3297,2741.01
37,3297,2869.85
38,3297,2982.93
39,3297,3063.27
40,3297,3086.65
41,3297,3151.65
42,3297,3169.55
43,3297,3153.13
44,3297,3193.12
45,3297,3212.4
46,3297,2037.97
47,3297,2222.73
48,3297,2382.48
49,3297,2491.44
Population size,100
Crossover rate,0.22
Mutation rate,0.87
Random selection portion,0.03
Selection method,AForge.Genetic.EliteSelection
Diversity check,True
Iteration,FitnessMax,FitnessAvg
0,2674,1941.98
1,2674,2140.78
2,2745,2261.08
3,2745,2365.48
4,2893,2442.52
5,2893,2516.8
6,2893,2534.11
7,2893,2623.7
8,3040,2660.06
9,3040,2716.5
10,3107,2756.72
11,3107,2793.41
12,3107,2854.31
13,3212,2846.41
14,3246,2917.12
15,3246,2971.77
16,3246,2993.72
17,3246,3040.95
18,3264,3061.59
19,3304,3110
20,3304,3131.51
21,3304,3133.67
22,3304,3150.61
23,3304,3175.85
24,3304,3180.44
25,3304,3173.28
26,3304,3187.15
27,3304,3200.31
28,3304,3179.16
29,3304,3195.2
