Population size,100
Crossover rate,0.66
Mutation rate,0.34
Random selection portion,0.03
Selection method,AForge.Genetic.RouletteWheelSelection
Diversity check,False
Iteration,FitnessMax,FitnessAvg
0,3150,2247.31
1,3150,2275.19
2,3150,2286.17
3,3150,2384.67
4,2926,2426.46
5,2926,2360.81
6,3105,2350.19
7,3149,2381.2
8,3149,2429.38
9,3329,2450.03
10,3391,2473.41
11,3105,2445.03
12,2999,2485.53
13,3111,2477.49
14,3111,2495.76
15,3124,2499.74
16,3194,2503.03
17,3331,2563.09
18,3331,2541.15
19,3407,2566.71
20,3194,2606.59
21,3111,2599.26
22,3202,2634.46
23,3202,2610.15
24,3202,2644.9
25,3174,2634.13
26,3174,2651.24
27,3174,2672.07
28,3158,2638.26
29,3380,2663.85
30,3380,2720.31
31,3437,2714.18
32,3380,2719.26
33,3380,2792.53
34,3380,2838.66
35,3380,2845.86
36,3520,2848.44
37,3520,2846.76
38,3538,2901.35
39,3538,2923.86
40,3538,2865.78
41,3538,2806.24
42,3508,2858.4
43,3485,2850.38
44,3485,2864.89
45,3485,2806.8
46,3430,2843.06
47,3267,2823.33
48,3388,2808.92
49,3388,2797.32
50,3303,2855.29
51,3401,2860.56
52,3559,2833.29
53,3559,2822.4
54,3559,2807.74
55,3559,2891.23
56,3559,2838.37
57,3559,2821.44
58,3390,2867.22
59,3360,2812.91
60,3504,2799.85
61,3504,2784.06
62,3504,2881.29
63,3504,2929.76
64,3504,2948.7
65,3504,2983.92
66,3518,3021.27
67,3643,3059.03
68,3643,2999.49
69,3574,3009.32
70,3574,2993.03
71,3574,3062.07
72,3574,3019.54
73,3567,3013.49
74,3574,2988.51
75,3574,2985.56
76,3574,2953.78
77,3574,2997.34
78,3561,2913.36
79,3561,2882.98
80,3561,2830.09
81,3561,2812.34
82,3561,2827.74
83,3561,2903.76
84,3561,2902.34
85,3561,2911.43
86,3561,2935.01
87,3561,3016.33
88,3561,2984.26
89,3561,3046.12
90,3561,3041.2
91,3559,3025.65
92,3574,3033.97
93,3676,3018.85
94,3676,2959.13
95,3589,3087.81
96,3589,3094.2
97,3574,3083.89
98,3561,3050.24
99,3561,3031.15
100,3512,2979.44
101,3512,3010.42
102,3536,2976.71
103,3518,2988.23
104,3518,2994.03
105,3590,3042.9
106,3561,3004.03
107,3561,3005.56
108,3561,2967.81
109,3561,2971.2
110,3561,3011.26
111,3538,2990.8
112,3538,2992.06
113,3538,2998.44
114,3538,2983.47
115,3621,3016.3
116,3621,3000.58
117,3621,2972.2
118,3621,3032.16
119,3660,3020.37
120,3670,3030.08
121,3676,3002.73
122,3676,3073.71
123,3676,3052.05
124,3762,3075.83
125,3676,3063.62
126,3585,3127.49
127,3639,3110.56
128,3621,3080.41
129,3621,3028.03
130,3621,2976.87
131,3713,2965.8
132,3713,2967.52
133,3713,2972.8
134,3713,2925.56
135,3421,2942.43
136,3713,2928.76
137,3713,2894.64
138,3713,2919.31
139,3641,2954.11
140,3620,2960.32
141,3490,2939.11
142,3539,2891.33
143,3447,2857.62
144,3447,2908.93
145,3447,2869.62
146,3377,2858.86
147,3308,2815.55
148,3382,2820.47
149,3430,2839.13
150,3430,2819.25
151,3481,2780.33
152,3481,2831.4
153,3447,2850.99
154,3400,2885.62
155,3595,2923.62
156,3595,2941.56
157,3595,2968.94
158,3595,2935.25
159,3640,2941.37
160,3640,2998.5
161,3640,3017.79
162,3640,2957.72
163,3623,2926.15
164,3623,2924.7
165,3623,2955.33
166,3623,2967.49
167,3625,3014.69
168,3623,3082.32
169,3623,3062.41
170,3628,3087.86
171,3628,3121.62
172,3628,3086.57
173,3623,3116.55
174,3654,3135.38
175,3726,3173.75
176,3654,3115.6
177,3654,3110.48
178,3669,3124.02
179,3669,3134.58
180,3669,3066.55
181,3669,3068.32
182,3651,3104.05
183,3651,3060.7
184,3651,3112.32
185,3699,3089.79
186,3699,3092.38
187,3699,3153.78
188,3699,3214.72
189,3699,3177.72
190,3704,3103.02
191,3699,3089.32
192,3632,3083.59
193,3632,3020
194,3663,3003.9
195,3663,2952.68
196,3632,2982.11
197,3623,2998.3
198,3623,2968.72
199,3623,2923.17
200,3663,2946.77
201,3594,3043.7
202,3594,3018.46
203,3558,2865.84
204,3634,2950.98
205,3658,2914.62
206,3658,2974.79
207,3658,3024.09
208,3552,3041.25
209,3552,3042.75
210,3662,3069.45
211,3557,3012.93
212,3557,3013.2
213,3586,2993.48
214,3656,2957.09
215,3749,3016.37
216,3749,3020.02
217,3749,3076.71
218,3749,3070.19
219,3599,3059.93
220,3625,3021.11
221,3625,2946.96
222,3497,2978.5
223,3493,2966.22
224,3527,2996.97
225,3447,3020.4
226,3464,3020.91
227,3467,3004.71
228,3483,3024.81
229,3447,3023.59
230,3487,3058.43
231,3487,3005.83
232,3503,2987.37
233,3518,2936.74
234,3518,2942.49
235,3544,2943.55
236,3544,2861.7
237,3423,2831.86
238,3375,2857.88
239,3375,2897.85
240,3375,2856.7
241,3498,2828.08
242,3438,2883.3
243,3481,2854.35
244,3481,2872.07
245,3481,2901.04
246,3514,2896.17
247,3514,2952.4
248,3514,2927.41
249,3514,2998.87
250,3514,2976.79
251,3514,2995.22
252,3514,2965.9
253,3514,2976.78
254,3553,2954.81
255,3553,2981.05
256,3514,2954.26
257,3534,3016.68
258,3514,2990.26
259,3514,2955.52
260,3584,2921.53
261,3584,2891.62
262,3584,2981.2
263,3635,2975.33
264,3491,2956.06
265,3409,2925.91
266,3409,2932.39
267,3463,2960.54
268,3514,2991.01
269,3514,3016.96
270,3423,2992.16
271,3423,2960.9
272,3531,2987.51
273,3531,2996.73
274,3474,2973
275,3474,2960.14
276,3512,3003.74
277,3512,3004.76
278,3512,2951.56
279,3512,2931.82
280,3476,2913.98
281,3531,2953.65
282,3531,2946.29
283,3531,2938.61
284,3480,2881.49
285,3531,2915.98
286,3531,2996.32
287,3531,3016.65
288,3411,2944.93
289,3448,2896.21
290,3448,2888.76
291,3448,2916.07
292,3448,2841.31
293,3495,2837.89
294,3495,2829.89
295,3495,2902.36
296,3398,2897.1
297,3515,2903.47
298,3515,2906.52
299,3515,2865.76
Population size,100
Crossover rate,0.66
Mutation rate,0.34
Random selection portion,0.03
Selection method,AForge.Genetic.RouletteWheelSelection
Diversity check,True
Iteration,FitnessMax,FitnessAvg
0,3032,2137.33
1,3032,2153.15
2,3102,2274.36
3,3102,2309.63
4,3190,2383.46
5,3190,2472.79
6,3190,2520
7,3390,2532.26
8,3390,2618.36
9,3390,2663.55
10,3390,2686.17
11,3390,2708.88
12,3390,2726.98
13,3390,2787.92
14,3459,2778.84
15,3459,2843.54
16,3459,2861.13
17,3459,2862.43
18,3308,2809.08
19,3411,2865.57
20,3445,2889.2
21,3365,2859.07
22,3516,2880.43
23,3516,2876.46
24,3391,2966.11
25,3430,2917.75
26,3417,2938.5
27,3391,2935.58
28,3391,2912.99
29,3548,2875.33
30,3548,2895.64
31,3548,2932.06
32,3548,2893.32
33,3470,2923.33
34,3331,2920.18
35,3356,2894.01
36,3329,2886.52
37,3385,2814.64
38,3499,2817.64
39,3499,2825.83
40,3317,2809.71
41,3296,2828.33
42,3235,2825.52
43,3317,2772.02
44,3324,2752.49
45,3329,2775.87
46,3356,2781.42
47,3345,2809.08
48,3362,2776.18
49,3362,2755.74
50,3362,2776.07
51,3362,2749.45
52,3346,2703.68
53,3312,2698.64
54,3627,2719.87
55,3627,2715.5
56,3627,2811.85
57,3627,2815.14
58,3627,2827.94
59,3627,2814.23
60,3627,2849.54
61,3627,2871.28
62,3627,2831.22
63,3627,2870.84
64,3498,2820.97
65,3602,2833.79
66,3602,2823.86
67,3533,2806.71
68,3533,2821.07
69,3533,2829.55
70,3509,2789.32
71,3364,2820.3
72,3523,2776.21
73,3430,2782.56
74,3374,2843.95
75,3375,2833.2
76,3447,2861.23
77,3519,2803.05
78,3519,2798.26
79,3363,2765.14
80,3372,2797.84
81,3363,2772.75
82,3363,2785.44
83,3350,2827.86
84,3294,2838.52
85,3347,2856.47
86,3396,2895.22
87,3496,2923.97
88,3407,2846.46
89,3399,2895.87
90,3590,2915.46
91,3590,2950.9
92,3561,2973
93,3478,2942.79
94,3405,2915.47
95,3434,2940.06
96,3585,2947.09
97,3585,2931.28
98,3585,2919.88
99,3585,2904.91
100,3586,2883.94
101,3586,2875.82
102,3626,2904.82
103,3626,2920.14
104,3626,2891.83
105,3626,2925.76
106,3586,2969.57
107,3597,2964.85
108,3586,3017.72
109,3538,3026.89
110,3538,3007.19
111,3663,3006.62
112,3571,3046.78
113,3550,3052.09
114,3550,3036.85
115,3756,3057.82
116,3756,3025.88
117,3756,3013.86
118,3756,2977.48
119,3550,2911.56
120,3550,2880.96
121,3581,2883.45
122,3550,2902.88
123,3550,2904.45
124,3550,2904.15
125,3550,2909.01
126,3327,2891.52
127,3405,2912.46
128,3330,2896.64
129,3400,2902.07
130,3421,2832.35
131,3365,2914.76
132,3356,2895.48
133,3280,2811.89
134,3320,2820.59
135,3450,2844.29
136,3450,2809.83
137,3450,2873.14
138,3507,2859.95
139,3619,2901.11
140,3619,2901.74
141,3619,2914.06
142,3668,2888.01
143,3642,2929.72
144,3642,2941.74
145,3619,2953.07
146,3644,2971.58
147,3644,2990.74
148,3644,2986.4
149,3644,2993.48
150,3579,3044.35
151,3480,3014.3
152,3574,3055.92
153,3567,3055.57
154,3595,3061.77
155,3536,2978.33
156,3595,2955.49
157,3595,2939.52
158,3674,2914.21
159,3595,2911.15
160,3643,2961.86
161,3643,3010.04
162,3454,2978.33
163,3515,2939.53
164,3535,2945.71
165,3535,2957.59
166,3535,3028.78
167,3569,2959.84
168,3535,2965.71
169,3535,2978.17
170,3535,2972.37
171,3498,2950.96
172,3498,3037.6
173,3569,3009.67
174,3498,2969.94
175,3533,2998.27
176,3533,3016.65
177,3533,2980.61
178,3532,2959.7
179,3568,2941.53
180,3568,2988.17
181,3568,3007.63
182,3568,3019.75
183,3568,3042.93
184,3649,3089.09
185,3625,3161.13
186,3657,3119.29
187,3608,3154.96
188,3608,3140.15
189,3608,3092.26
190,3608,3073.67
191,3532,3071.72
192,3532,3082.89
193,3589,3077.21
194,3568,3128.73
195,3568,3111.3
196,3568,3078.3
197,3568,3068.13
198,3509,3038.86
199,3540,3017.66
200,3540,3012.81
201,3540,3016.78
202,3540,3007.85
203,3471,3035.82
204,3471,2997.88
205,3581,2921.84
206,3581,2923.83
207,3581,2909.78
208,3452,2962.98
209,3498,2961.86
210,3452,2982.65
211,3459,2945.62
212,3482,2914.25
213,3397,2883.57
214,3448,2874.44
215,3461,2873.94
216,3411,2885.91
217,3634,2862.17
218,3634,2874.55
219,3634,2923.34
220,3634,2949.06
221,3634,3011.47
222,3634,2996.7
223,3634,3002.47
224,3634,3007.5
225,3634,3093.4
226,3595,3131.08
227,3555,3078.52
228,3574,2988.3
229,3574,3095.09
230,3574,3057.4
231,3574,3085.19
232,3574,3043.07
233,3574,3016.02
234,3574,3030.98
235,3603,3031.34
236,3574,3070.12
237,3574,3096.94
238,3574,3056.18
239,3574,3054.05
240,3585,2994.07
241,3585,3027.86
242,3585,3018.5
243,3585,3020.07
244,3545,2990.65
245,3545,2965.47
246,3529,3000.42
247,3529,3009.07
248,3529,2997.02
249,3517,2972.91
250,3530,2996.58
251,3502,2978.82
252,3502,3034.83
253,3456,3032.02
254,3456,3032.4
255,3456,2967.9
256,3503,2965.99
257,3557,2997.94
258,3486,3033.58
259,3486,2958.54
260,3486,2932.02
261,3486,2901.15
262,3486,2937.56
263,3486,2860.36
264,3486,2881.64
265,3486,2904.45
266,3551,2954.37
267,3483,2997.95
268,3398,2982.39
269,3381,2956.87
270,3361,3017.57
271,3396,2986.82
272,3374,2919.02
273,3518,2947.2
274,3518,2972.87
275,3538,3002.13
276,3509,3024.6
277,3509,3027.59
278,3509,3040.14
279,3509,3045.55
280,3530,3035.36
281,3530,3072.04
282,3530,3100.56
283,3577,3076.95
284,3623,3070.1
285,3623,3054.72
286,3623,2998.1
287,3623,3041.8
288,3623,3100.56
289,3623,3031.38
290,3623,2959.21
291,3595,2959.25
292,3543,3013.26
293,3578,3025.48
294,3773,3073.19
295,3773,3117.14
296,3724,3100.69
297,3724,3087.72
298,3600,3071.45
299,3600,3059.88
Population size,100
Crossover rate,0.51
Mutation rate,0.79
Random selection portion,0.03
Selection method,AForge.Genetic.RankSelection
Diversity check,True
Iteration,FitnessMax,FitnessAvg
0,3201,2280.78
1,3201,2436.46
2,3106,2576.25
3,3201,2691.37
4,3395,2764.07
5,3360,2854.93
6,3374,2886.68
7,3374,2908.83
8,3374,2919.75
9,3414,3045.71
10,3414,3086
11,3444,3129.13
12,3532,3117.77
13,3602,3150.84
14,3532,3217.14
15,3532,3215.34
16,3532,3231.1
17,3532,3225.42
18,3565,3280.7
19,3699,3325.35
20,3699,3322.99
21,3699,3340.38
22,3699,3357.24
23,3699,3405.88
24,3699,3402.91
25,3699,3352.06
26,3699,3431.53
27,3708,3464.14
28,3748,3460.33
29,3748,3475
30,3748,3356.95
31,3708,3523.01
32,3744,3467.01
33,3744,3551.98
34,3748,3512.69
35,3744,3581.02
36,3737,3516.33
37,3830,3598.52
38,3830,3511.86
39,3830,3546.18
40,3830,3591.24
41,3830,3615.22
42,3830,3564.45
43,3830,3550.99
44,3830,3638.38
45,3830,3604.85
46,3830,3641.26
47,3830,3682.18
48,3830,3648.38
49,3830,3518.26
50,3830,3521.55
51,3830,3618.96
52,3830,3613.97
53,3830,3649.61
54,3830,3586.51
55,3830,3644.18
56,3830,3571.74
57,3830,3592.89
58,3830,3731.95
59,3830,2192.77
60,3705,2442.94
61,2986,2621.53
62,3149,2747.76
63,3359,2799.95
64,3296,2844.25
65,3236,2915.54
66,3298,2974.7
67,3334,2972.24
68,3576,3096.86
69,3576,3164.27
70,3616,3125.74
71,3616,3268.42
72,3643,3285.83
73,3643,3337.47
74,3643,3358.38
75,3643,3414.71
76,3788,3461.26
77,3788,3475.93
78,3788,3509.92
79,3788,3383.35
80,3788,3493.45
81,3788,3539.39
82,3788,3480.1
83,3788,3491.52
84,3788,3588.78
85,3788,3595.78
86,3788,3556.82
87,3788,3583.58
88,3790,3485.63
89,3790,3564.6
90,3821,3543.3
91,3821,3616.57
92,3821,3576.43
93,3821,3568.85
94,3821,3586.34
95,3821,3648.16
96,3821,3633.26
97,3821,3630.43
98,3821,3680.72
99,3821,3642.69
100,3821,3634.44
101,3821,3601.41
102,3821,3568.97
103,3821,3665.42
104,3821,3657.84
105,3821,3607.94
106,3821,3664.13
107,3821,3636.19
108,3821,3683.66
109,3821,3657.27
110,3821,3591.94
111,3821,3612.32
112,3821,3615.84
113,3821,3667.56
114,3823,3654.81
115,3823,3673.53
116,3823,3723.01
117,3823,2333.54
118,3823,2424.52
119,3823,2514.57
120,3823,2676.91
121,3823,2771.11
122,3774,2902.96
123,3701,2918.77
124,3701,3002.9
125,3745,3161.28
126,3766,3292.75
127,3766,3398.82
128,3823,3488.14
129,3823,3468.43
130,3823,3570.11
131,3823,3584.24
132,3823,3630.36
133,3823,3650.42
134,3823,3655.83
135,3823,3656.98
136,3823,3681.61
137,3823,3539.18
138,3823,3609.05
139,3823,3688.66
140,3823,3630.7
141,3823,3678.49
142,3823,3696.39
143,3823,3677.13
144,3823,3699.7
145,3823,3709.16
146,3823,2168.07
147,3694,2367.58
148,3635,2553.29
149,3635,2668.39
150,3635,2749.92
151,3096,2633.95
152,3202,2800.95
153,3305,2848.78
154,3456,2929.43
155,3456,3042.15
156,3449,3016.07
157,3619,3061.19
158,3693,3147.79
159,3693,3213.1
160,3693,3230.61
161,3693,3273.89
162,3697,3296.91
163,3697,3399.1
164,3697,3421.62
165,3697,3428.78
166,3727,3451.77
167,3727,3308.51
168,3743,3530.18
169,3727,3507.78
170,3714,3442.82
171,3782,3536.77
172,3782,3519.17
173,3782,3522.09
174,3782,3566.7
175,3782,3558.92
176,3819,3583.84
177,3819,3611.37
178,3819,3635.17
179,3819,3605.09
180,3819,3639.61
181,3819,3632.62
182,3819,3629.29
183,3819,3665.45
184,3819,3679.81
185,3819,3692.3
186,3819,3653.4
187,3823,3699.08
188,3823,3610.13
189,3823,3680.63
190,3823,3699.91
191,3823,3631.83
192,3823,3674.36
193,3823,3669.38
194,3823,3720.48
195,3044,2241.61
196,3044,2440.73
197,3145,2546.2
198,3229,2670.11
199,3204,2742.99
200,3216,2787.89
201,3555,2887.06
202,3445,2962.02
203,3555,3025.85
204,3456,3114.05
205,3549,3221.03
206,3595,3291.63
207,3614,3375.18
208,3648,3387.54
209,3741,3442.38
210,3695,3445.87
211,3741,3478.37
212,3830,3502.54
213,3830,3503.11
214,3830,3527.44
215,3830,3560.02
216,3830,3477.68
217,3830,3586.39
218,3830,3568.24
219,3830,3631.18
220,3830,3554.27
221,3830,3633.03
222,3830,3633.56
223,3830,3695.92
224,3830,3666.41
225,3830,3656.33
226,3830,3664.5
227,3830,3633.96
228,3830,3702.51
229,3830,3651.03
230,3830,3541.58
231,3830,3643.73
232,3830,3715.41
233,3830,2371.94
234,3830,2485.8
235,3830,2593.29
236,3830,2730.92
237,3830,2811.03
238,3830,2853.38
239,3830,2994.27
240,3830,3102.54
241,3830,3342.73
242,3830,3411.5
243,3830,3509.87
244,3830,3536.73
245,3830,3606.23
246,3830,3534.17
247,3830,3570.87
248,3830,3640
249,3830,3649.68
250,3830,3700.63
251,3830,3681.81
252,3830,3697.61
253,3830,3739.68
254,3830,2259.41
255,3372,2362.96
256,3502,2444.63
257,3502,2574.72
258,3502,2674.63
259,3502,2739.29
260,3502,2775.42
261,3502,2892.79
262,3502,2967.4
263,3468,3018.24
264,3502,3040.34
265,3468,3054.61
266,3468,2999.65
267,3508,3137.44
268,3511,3197.12
269,3595,3172.86
270,3595,3205.35
271,3561,3266.41
272,3561,3283.09
273,3561,3308.96
274,3578,3296.09
275,3578,3355.46
276,3578,3309.43
277,3726,3278.01
278,3726,3317.95
279,3732,3356.58
280,3732,3441.1
281,3745,3450.5
282,3747,3446.92
283,3747,3345.13
284,3747,3503.13
285,3747,3475.86
286,3747,3551.18
287,3784,3575.73
288,3798,3523.12
289,3784,3583.45
290,3801,3587.93
291,3801,3562.83
292,3784,3598.67
293,3784,3441.83
294,3784,3474.4
295,3830,3385.63
296,3830,3443.82
297,3784,3535.62
298,3749,3559.31
299,3784,3544.78
Population size,100
Crossover rate,0.51
Mutation rate,0.79
Random selection portion,0.03
Selection method,AForge.Genetic.RankSelection
Diversity check,False
Iteration,FitnessMax,FitnessAvg
0,2948,2232.83
1,2948,2355.91
2,2948,2522.99
3,3072,2573.75
4,3010,2619.83
5,3130,2694.98
6,3130,2790.32
7,3259,2842.14
8,3316,2955.17
9,3316,2978.65
10,3414,3024.61
11,3414,3008.34
12,3390,2995.55
13,3390,3028.83
14,3390,3057.43
15,3390,3112.39
16,3512,3091.43
17,3512,3152.82
18,3465,3200.82
19,3465,3219.41
20,3616,3228.36
21,3616,3256.55
22,3616,3264.01
23,3616,3275.98
24,3616,3293.39
25,3616,3320.93
26,3616,3367.57
27,3616,3385.93
28,3637,3356.83
29,3637,3403.78
30,3684,3391.36
31,3684,3408.68
32,3650,3464.13
33,3683,3442
34,3683,3434.77
35,3753,3395.91
36,3753,3447.43
37,3753,3413.27
38,3704,3506.24
39,3666,3514.15
40,3666,3494.38
41,3686,3479.53
42,3666,3487.42
43,3696,3409.85
44,3696,3500.45
45,3707,3468.91
46,3696,3430.63
47,3696,3479.3
48,3681,3508.73
49,3716,3437.07
50,3703,3428.76
51,3737,3502.91
52,3737,3505.5
53,3823,3483.62
54,3737,3572.56
55,3819,3549.06
56,3819,3499.45
57,3819,3532.7
58,3819,3495.73
59,3819,3545.59
60,3819,3574.24
61,3819,3527.24
62,3819,3565.84
63,3819,3551.65
64,3819,3574.79
65,3819,3560.88
66,3819,3579.87
67,3819,3628.43
68,3819,3669.21
69,3819,3638.96
70,3819,3638.38
71,3819,3657.29
72,3819,3657.9
73,3819,3644.23
74,3819,3622.22
75,3819,3692.22
76,3819,3707.81
77,3819,3607.34
78,3819,3706.99
79,3819,3671.91
80,3819,3710.76
81,3819,3737.74
82,3819,3711.28
83,3819,3726.35
84,3819,3705.86
85,3819,3630.14
86,3819,3693.52
87,3819,3720.44
88,3823,3698.74
89,3823,3631.22
90,3823,3645.78
91,3823,3639.43
92,3823,3714.15
93,3823,3698
94,3823,3687.64
95,3823,3633.87
96,3823,3726.22
97,3823,3721.3
98,3823,3634.53
99,3823,3689.34
100,3823,3719.49
101,3823,3696.93
102,3823,3666.7
103,3823,3722.63
104,3823,3714.24
105,3823,3654.58
106,3823,3641.73
107,3823,3691.23
108,3823,3672.46
109,3823,3554.74
110,3823,3653.66
111,3823,3655.81
112,3823,3674.15
113,3823,3639.3
114,3823,3686.79
115,3823,3668.77
116,3823,3641.26
117,3823,3639.44
118,3823,3695.52
119,3823,3706.94
120,3823,3681.97
121,3823,3684.1
122,3830,3714.59
123,3830,3686.63
124,3823,3696.87
125,3823,3660.71
126,3823,3582.81
127,3823,3673.11
128,3823,3697.97
129,3823,3697.77
130,3823,3699.11
131,3823,3708.17
132,3823,3673.87
133,3823,3630.21
134,3823,3662.41
135,3823,3644.78
136,3823,3687.34
137,3823,3692.31
138,3823,3633.55
139,3823,3686.25
140,3823,3685.98
141,3823,3682.68
142,3823,3702.5
143,3823,3721.07
144,3823,3723.89
145,3823,3730.33
146,3823,3717.86
147,3823,3693.67
148,3823,3665.64
149,3823,3699.73
150,3823,3692.33
151,3823,3706.58
152,3823,3675.22
153,3823,3705.25
154,3823,3701.08
155,3823,3656.26
156,3823,3689.22
157,3823,3698.72
158,3823,3695
159,3823,3700.76
160,3823,3638.71
161,3823,3671.52
162,3823,3731.04
163,3823,3636.05
164,3823,3733.43
165,3823,3739.28
166,3823,3713.86
167,3823,3740.42
168,3823,3729.31
169,3823,3706.48
170,3823,3746.98
171,3823,3647.38
172,3823,3750.46
173,3823,3743.26
174,3823,3733.56
175,3823,3666.22
176,3823,3599.23
177,3823,3679.07
178,3823,3697.99
179,3823,3681.67
180,3823,3702.91
181,3823,3721
182,3823,3731.82
183,3823,3634.93
184,3823,3694.18
185,3823,3754.61
186,3823,3730.53
187,3823,3746.54
188,3823,3661.43
189,3823,3623.09
190,3823,3722.57
191,3823,3691.98
192,3823,3694.24
193,3823,3692.73
194,3823,3725.3
195,3823,3731.76
196,3823,3714.85
197,3823,3711.16
198,3823,3633.86
199,3823,3660.87
200,3823,3661.72
201,3823,3649.11
202,3823,3719.77
203,3823,3660.41
204,3823,3698.29
205,3823,3633.05
206,3823,3642.53
207,3823,3660.34
208,3823,3673.91
209,3823,3721.34
210,3823,3612.8
211,3823,3675.55
212,3823,3674.93
213,3823,3612.82
214,3823,3718.2
215,3823,3743.28
216,3823,3746.18
217,3823,3628.57
218,3823,3663.8
219,3823,3754.4
220,3823,3694.07
221,3823,3714.43
222,3823,3678.37
223,3823,3725.47
224,3823,3705.85
225,3823,3688.14
226,3823,3748.38
227,3823,3711.22
228,3823,3706.94
229,3823,3726.61
230,3823,3717.98
231,3823,3718.16
232,3823,3608.26
233,3823,3661.77
234,3823,3616.32
235,3823,3702.54
236,3823,3660.64
237,3823,3701.37
238,3823,3684.27
239,3823,3709.38
240,3823,3716.43
241,3823,3718.98
242,3823,3738.13
243,3823,3732.73
244,3823,3662.9
245,3823,3595.75
246,3823,3719.26
247,3823,3741.99
248,3823,3733.24
249,3823,3649.21
250,3823,3700.07
251,3823,3642.94
252,3823,3708.29
253,3823,3716.6
254,3823,3661.65
255,3823,3696.46
256,3823,3659.67
257,3823,3635.33
258,3823,3670.41
259,3823,3679.66
260,3823,3659.67
261,3823,3714.26
262,3823,3713.37
263,3823,3673.66
264,3823,3635.05
265,3823,3713.84
266,3823,3697.23
267,3823,3704.16
268,3823,3727.62
269,3823,3723
270,3823,3655.4
271,3823,3681.56
272,3823,3650.89
273,3823,3729.77
274,3823,3722.07
275,3823,3718.05
276,3823,3697.55
277,3823,3713.51
278,3823,3618
279,3823,3579.54
280,3823,3664.37
281,3823,3685.33
282,3823,3733.25
283,3823,3713.25
284,3823,3688.52
285,3823,3730.09
286,3823,3594.04
287,3823,3682.17
288,3823,3686.35
289,3823,3699.76
290,3823,3697.17
291,3823,3752.09
292,3823,3694.44
293,3823,3676.62
294,3823,3600.47
295,3823,3690.38
296,3823,3645.21
297,3823,3697.49
298,3823,3723.93
299,3823,3731.35
Population size,100
Crossover rate,0.22
Mutation rate,0.87
Random selection portion,0.03
Selection method,AForge.Genetic.EliteSelection
Diversity check,False
Iteration,FitnessMax,FitnessAvg
0,3301,2483.03
1,3301,2637.23
2,3301,2778.87
3,3301,2900.92
4,3349,2979.41
5,3349,3075.07
6,3457,3142.6
7,3601,3210.91
8,3601,3265.01
9,3601,3298.55
10,3601,3350.73
11,3610,3376.2
12,3673,3394.96
13,3724,3450.14
14,3724,3462.6
15,3724,3506.17
16,3724,3518.45
17,3758,3550.93
18,3758,3574.61
19,3777,3580.98
20,3797,3587.47
21,3798,3627.34
22,3798,3639.19
23,3802,3619.44
24,3802,3662.27
25,3802,3661.2
26,3802,3684.49
27,3823,3687.86
28,3830,3701.66
29,3830,3712.79
30,3830,3719.81
31,3830,3727.97
32,3830,3719.7
33,3830,3738.27
34,3830,3743.73
35,3830,3722.42
36,3830,3747.55
37,3830,3746.61
38,3830,3754.96
39,3830,3744.48
40,3830,3747.15
41,3830,3749.45
42,3830,3748.9
43,3830,3759.27
44,3830,3753.82
45,3830,3750.63
46,3830,3748.51
47,3830,3778.73
48,3830,3759.1
49,3830,3754.98
50,3830,3777.93
51,3830,3754.88
52,3830,3761.18
53,3830,3774.74
54,3830,3747.84
55,3830,3753.63
56,3830,3767.92
57,3830,3746.25
58,3830,3766.73
59,3830,3775.6
60,3830,3772.76
61,3830,3767.68
62,3830,3768.4
63,3830,3769.44
64,3830,3778.74
65,3830,3779.5
66,3830,3769.7
67,3830,3774.14
68,3830,3776.87
69,3830,3775.85
70,3830,3784.27
71,3830,3762.62
72,3830,3785.69
73,3830,3776.93
74,3830,3758.12
75,3830,3780.9
76,3830,3780.5
77,3830,3782.81
78,3830,3782.14
79,3830,3777.24
80,3830,3783.56
81,3830,3772.54
82,3830,3778.34
83,3830,3772.29
84,3830,3775.87
85,3830,3762.16
86,3830,3771.44
87,3830,3771.43
88,3830,3779.82
89,3830,3770.87
90,3830,3784.18
91,3830,3775.33
92,3830,3780.02
93,3830,3782.74
94,3830,3757.3
95,3830,3768.03
96,3830,3779.72
97,3830,3776.28
98,3830,3781.87
99,3830,3777.39
100,3830,3775.65
101,3830,3784.07
102,3830,3774.93
103,3830,3767.7
104,3830,3785.64
105,3830,3756.49
106,3830,3771.23
107,3830,3781.94
108,3830,3776.38
109,3830,3770.21
110,3830,3771.42
111,3830,3792.25
112,3830,3747.69
113,3830,3775.71
114,3830,3782.47
115,3830,3774.06
116,3830,3761.81
117,3830,3784.9
118,3830,3777.28
119,3830,3784.67
120,3830,3779.21
121,3830,3758.2
122,3830,3770.95
123,3830,3775.05
124,3830,3779.46
125,3830,3772.91
126,3830,3774.14
127,3830,3772.68
128,3830,3767.06
129,3830,3778.37
130,3830,3786.81
131,3830,3774.72
132,3830,3771.56
133,3830,3771.67
134,3830,3787.87
135,3830,3762.58
136,3830,3778.69
137,3830,3778.12
138,3830,3766.5
139,3830,3783.74
140,3830,3780.44
141,3830,3768.59
142,3830,3782.33
143,3830,3778.16
144,3830,3779.99
145,3830,3781.06
146,3830,3786.61
147,3830,3782.75
148,3830,3753.84
149,3830,3758.82
150,3830,3755.41
151,3830,3777.74
152,3830,3758
153,3830,3773.49
154,3830,3776.53
155,3830,3788.53
156,3830,3774.22
157,3830,3768.8
158,3830,3778.88
159,3830,3772.19
160,3830,3774.18
161,3830,3772.64
162,3830,3778.72
163,3830,3789.26
164,3830,3766.39
165,3830,3751.05
166,3830,3783.26
167,3830,3771.12
168,3830,3761.52
169,3830,3774.35
170,3830,3788.13
171,3830,3763.07
172,3830,3782.82
173,3830,3776.88
174,3830,3783.25
175,3830,3761.57
176,3830,3766.49
177,3830,3779.07
178,3830,3774.79
179,3830,3753.05
180,3830,3782.05
181,3830,3781.27
182,3830,3774.49
183,3830,3762.83
184,3830,3755.89
185,3830,3775.66
186,3830,3780.13
187,3830,3774.11
188,3830,3775.99
189,3830,3780.02
190,3830,3768.61
191,3830,3779.9
192,3830,3784.24
193,3830,3768.87
194,3830,3778.39
195,3830,3774.15
196,3830,3777.89
197,3830,3777.94
198,3830,3777.95
199,3830,3764.22
200,3830,3772.9
201,3830,3778.37
202,3830,3763.35
203,3830,3749.76
204,3830,3772.12
205,3830,3767.74
206,3830,3756.95
207,3830,3767.91
208,3830,3775.66
209,3830,3772.97
210,3830,3771.11
211,3830,3781.99
212,3830,3792.11
213,3830,3775.83
214,3830,3754.22
215,3830,3780.84
216,3830,3778.5
217,3830,3779.75
218,3830,3779.3
219,3830,3765.32
220,3830,3769.57
221,3830,3744.39
222,3830,3756.1
223,3830,3770.34
224,3830,3772.38
225,3830,3775.25
226,3830,3780.24
227,3830,3768.04
228,3830,3756.92
229,3830,3777.77
230,3830,3764.36
231,3830,3753.35
232,3830,3774.23
233,3830,3782.92
234,3830,3785.48
235,3830,3754.24
236,3830,3769.06
237,3830,3775.28
238,3830,3777.3
239,3830,3781.57
240,3830,3772.55
241,3830,3760.1
242,3830,3773.32
243,3830,3785.01
244,3830,3765.96
245,3830,3774.87
246,3830,3786.23
247,3830,3771.36
248,3830,3785.92
249,3830,3778.35
250,3830,3747.91
251,3830,3775.04
252,3830,3774.4
253,3830,3774.91
254,3830,3768.26
255,3830,3793.22
256,3830,3780.48
257,3830,3784.07
258,3830,3786.75
259,3830,3785.02
260,3830,3757.72
261,3830,3785.23
262,3830,3760.81
263,3830,3775.23
264,3830,3781.12
265,3830,3777.97
266,3830,3775.77
267,3830,3762.7
268,3830,3780.1
269,3830,3755.77
270,3830,3783.68
271,3830,3781.24
272,3830,3779.84
273,3830,3777.22
274,3830,3788.23
275,3830,3784.46
276,3830,3757.26
277,3830,3784.33
278,3830,3760.56
279,3830,3771.65
280,3830,3768.23
281,3830,3773.19
282,3830,3785.8
283,3830,3747.72
284,3830,3778.2
285,3830,3775.42
286,3830,3777.99
287,3830,3777.61
288,3830,3783.71
289,3830,3781.63
290,3830,3749.62
291,3830,3769.45
292,3830,3751.42
293,3830,3784.53
294,3830,3756.51
295,3830,3773.98
296,3830,3787.83
297,3830,3765.81
298,3830,3777.25
299,3830,3776.84
Population size,100
Crossover rate,0.22
Mutation rate,0.87
Random selection portion,0.03
Selection method,AForge.Genetic.EliteSelection
Diversity check,True
Iteration,FitnessMax,FitnessAvg
0,3161,2407.76
1,3161,2626.49
2,3277,2776.38
3,3299,2865.86
4,3299,2944.89
5,3400,3044.32
6,3466,3096.71
7,3498,3156.22
8,3518,3215.48
9,3518,3289.97
10,3641,3313.84
11,3641,3385.65
12,3641,3396.04
13,3707,3428.38
14,3707,3453.75
15,3730,3482.53
16,3730,3496.79
17,3730,3528.94
18,3753,3562.69
19,3753,3575.2
20,3830,3610.24
21,3830,3589.84
22,3830,3626.03
23,3830,3642.47
24,3830,3659.21
25,3830,3656.72
26,3830,3662.28
27,3830,3689.14
28,3830,3698.32
29,3830,3711.23
30,3830,3713.15
31,3830,3722.59
32,3830,2493.18
33,3830,2663.13
34,3830,2794.44
35,3830,2904.55
36,3830,3025.48
37,3830,3107.85
38,3830,3227.17
39,3830,3311.31
40,3830,3412.92
41,3830,3490.8
42,3830,3517.24
43,3830,3571.06
44,3830,3597.79
45,3830,3616.72
46,3830,3644.95
47,3830,3660.31
48,3830,3709.78
49,3830,3722.16
50,3830,2321.84
51,3830,2548.22
52,3830,2726.47
53,3830,2837.45
54,3830,2963.59
55,3830,3109.67
56,3830,3256.07
57,3830,3356.73
58,3830,3441.56
59,3830,3539.04
60,3830,3604.67
61,3830,3616.9
62,3830,3694.45
63,3830,3697.95
64,3830,3736.81
65,3830,2373.1
66,3830,2605.96
67,3830,2719.06
68,3830,2899.43
69,3830,3036.65
70,3830,3153.76
71,3830,3260.39
72,3830,3389.9
73,3830,3477.68
74,3830,3549.3
75,3830,3577.81
76,3830,3620.28
77,3830,3642.28
78,3830,3644.55
79,3830,3681.33
80,3830,3703.3
81,3830,3718.38
82,3830,2358.09
83,3830,2526.67
84,3830,2724.93
85,3830,2877.29
86,3830,3000.68
87,3830,3180.07
88,3830,3372.04
89,3830,3503.49
90,3830,3565.93
91,3830,3628.93
92,3830,3663.64
93,3830,3689.84
94,3830,3674.18
95,3830,3699.38
96,3830,3731.02
97,3830,2370.61
98,3830,2556.95
99,3830,2728.4
100,3830,2894.53
101,3830,3065.15
102,3830,3257.76
103,3830,3431.1
104,3830,3506.33
105,3830,3586.81
106,3830,3628.98
107,3830,3592.33
108,3830,3654.52
109,3830,3674.63
110,3830,3690.59
111,3830,3683.31
112,3830,3734.11
113,3830,2315.08
114,3830,2550.96
115,3830,2704.18
116,3830,2863.54
117,3830,2989.84
118,3830,3113.08
119,3830,3211.5
120,3830,3327.03
121,3830,3452
122,3830,3524.64
123,3830,3585.38
124,3830,3649.15
125,3830,3659.53
126,3830,3699.72
127,3830,3712.14
128,3830,3743.89
129,3830,2524.88
130,3830,2704.15
131,3830,2842.13
132,3830,2971.73
133,3830,3055.46
134,3830,3137.98
135,3830,3230.22
136,3830,3340
137,3830,3415.73
138,3830,3470.62
139,3830,3505.29
140,3830,3547.76
141,3830,3580.34
142,3830,3626.77
143,3830,3661.46
144,3830,3675.96
145,3830,3682
146,3830,3706.94
147,3830,3725.89
148,3830,2367.32
149,3830,2531.17
150,3830,2718.83
151,3830,2886.9
152,3830,3019.06
153,3830,3187.86
154,3830,3325.81
155,3830,3458.96
156,3830,3539.67
157,3830,3595.93
158,3830,3620.25
159,3830,3653.22
160,3830,3673.89
161,3830,3663.47
162,3830,3695.5
163,3830,3717.33
164,3830,2386.85
165,3830,2560.76
166,3830,2708.2
167,3830,2886.71
168,3830,2955.81
169,3830,3103.21
170,3830,3239.87
171,3830,3341.68
172,3830,3442.37
173,3830,3493.77
174,3830,3573.99
175,3830,3616.27
176,3830,3631.71
177,3830,3646.71
178,3830,3653.25
179,3830,3695.95
180,3830,3713.5
181,3830,3737.84
182,3830,2422.32
183,3830,2590.97
184,3830,2750.92
185,3830,2889.7
186,3830,3020.46
187,3830,3130.05
188,3830,3308.06
189,3830,3430.58
190,3830,3533.84
191,3830,3605.08
192,3830,3659.97
193,3830,3658.71
194,3830,3698.37
195,3830,3694.24
196,3830,3699.08
197,3830,3725.67
198,3830,2391.41
199,3830,2571.7
200,3830,2749.07
201,3830,2904.88
202,3830,3097.71
203,3830,3236.63
204,3830,3402.61
205,3830,3512.85
206,3830,3574.29
207,3830,3606.18
208,3830,3631.97
209,3830,3637.9
210,3830,3680.39
211,3830,3661.47
212,3830,3710.52
213,3830,3712.77
214,3830,3740.93
215,3830,2446.09
216,3830,2583.38
217,3830,2682.59
218,3830,2808.25
219,3830,2902.49
220,3830,3018.54
221,3830,3129.09
222,3830,3281.56
223,3830,3436.14
224,3830,3521.89
225,3830,3584.25
226,3830,3620.18
227,3830,3663.16
228,3830,3675.87
229,3830,3699.65
230,3830,3710.68
231,3830,3726.51
232,3830,2313.77
233,3830,2487.99
234,3830,2648.58
235,3830,2792.71
236,3830,2909.49
237,3830,3016.87
238,3830,3142.9
239,3830,3293.92
240,3830,3393.12
241,3830,3497.24
242,3830,3556.07
243,3830,3624.08
244,3830,3645.33
245,3830,3661.42
246,3830,3687.57
247,3830,3720.02
248,3830,2415.93
249,3830,2620.43
250,3830,2774.43
251,3830,2892.07
252,3830,3011.93
253,3830,3163.73
254,3830,3299.88
255,3830,3378.4
256,3830,3510.08
257,3830,3579.29
258,3830,3622.37
259,3830,3653.16
260,3830,3686.98
261,3830,3698.34
262,3830,3705.04
263,3830,3723.08
264,3830,2350.41
265,3830,2575.56
266,3830,2738.39
267,3830,2871.92
268,3830,3000.52
269,3830,3158.37
270,3830,3311.1
271,3830,3447.11
272,3830,3489.77
273,3830,3560.61
274,3830,3583.69
275,3830,3626.93
276,3830,3634.26
277,3830,3659.78
278,3830,3693.33
279,3830,3693.15
280,3830,3716.79
281,3830,2395.33
282,3830,2568.1
283,3830,2722.54
284,3830,2852.89
285,3830,3061.48
286,3830,3236.42
287,3830,3374.22
288,3830,3489.98
289,3830,3542.16
290,3830,3612.77
291,3830,3649.94
292,3830,3672.58
293,3830,3706.49
294,3830,3714.11
295,3830,3699.37
296,3830,3738.81
297,3830,2448.78
298,3830,2627.79
299,3830,2807.68
Population size,100
Crossover rate,0.22
Mutation rate,0.87
Random selection portion,0.03
Selection method,AForge.Genetic.EliteSelection
Diversity check,True
Iteration,FitnessMax,FitnessAvg
0,3078,2372.59
1,3148,2559.23
2,3148,2700.12
3,3148,2814.74
4,3233,2899.93
5,3233,2950.57
6,3303,3008.03
7,3371,3028.99
8,3496,3088.27
9,3496,3142.99
10,3496,3190.16
11,3584,3243
12,3584,3317.34
13,3584,3344.22
14,3628,3384.93
15,3733,3416.26
16,3733,3476.23
17,3733,3497.82
18,3733,3531.25
19,3733,3541.35
20,3733,3562.84
21,3733,3580.04
22,3733,3602.37
23,3748,3606.42
24,3760,3601.34
25,3796,3614.68
26,3796,3618.8
27,3796,3639.88
28,3796,3637.77
29,3796,3660.46
30,3796,3638.51
31,3796,3674.2
32,3796,3659.8
33,3796,3679.54
34,3796,3689.55
35,3796,2448.71
36,3796,2613.92
37,3796,2735.42
38,3796,2840.79
39,3796,2935.27
40,3796,2991.88
41,3796,3074.18
42,3796,3216.02
43,3796,3333.52
44,3796,3403.64
45,3796,3455.22
46,3796,3510.03
47,3796,3539.9
48,3796,3571.05
49,3796,3591.1
Population size,100
Crossover rate,0.22
Mutation rate,0.87
Random selection portion,0.03
Selection method,AForge.Genetic.EliteSelection
Diversity check,True
Iteration,FitnessMax,FitnessAvg
0,3084,2356.73
1,3084,2571.26
2,3148,2649.12
3,3148,2761.61
4,3207,2835.03
5,3226,2927.43
6,3316,2980.8
7,3316,3054.35
8,3343,3114.48
9,3400,3174.38
10,3577,3225.71
11,3577,3269.04
12,3661,3338.43
13,3661,3371.32
14,3661,3423.29
15,3661,3445.68
16,3701,3465.96
17,3701,3493.39
18,3733,3522.83
19,3773,3527.36
20,3773,3558.5
21,3773,3546.28
22,3773,3574.47
23,3773,3587.22
24,3782,3602.7
25,3782,3603.82
26,3782,3619.3
27,3782,3638.77
28,3782,3635.03
29,3782,3649.16
