Population size,100
Crossover rate,0.66
Mutation rate,0.34
Random selection portion,0.03
Selection method,AForge.Genetic.RouletteWheelSelection
Diversity check,False
Iteration,FitnessMax,FitnessAvg
0,2566,1689.77
1,2464,1789.35
2,2464,1854.76
3,2464,1852.34
4,2464,1948.28
5,2555,1966.37
6,2659,1967.22
7,2562,1992.53
8,2596,1984.95
9,2666,2063.49
10,2666,2082.33
11,2621,2098.78
12,2621,2120.33
13,2689,2060.8
14,2689,2143.27
15,2738,2135.17
16,2689,2132.35
17,2689,2089.18
18,2689,2157.1
19,2689,2198.65
20,2689,2194.91
21,2689,2156.96
22,2742,2171.62
23,2742,2187.39
24,2742,2204.23
25,2817,2236.44
26,2742,2230.36
27,2742,2248.93
28,2771,2257.2
29,2771,2220
30,2780,2315
31,2780,2332.79
32,2862,2274.43
33,2781,2257.31
34,2824,2275.5
35,2774,2264.49
36,2771,2211.73
37,2668,2255.71
38,2668,2275.3
39,2818,2246.79
40,2779,2271.62
41,2779,2264.32
42,2779,2276.93
43,2743,2302.96
44,2743,2262.54
45,2743,2297.4
46,2783,2265.31
47,2824,2258.79
48,2915,2216.9
49,2800,2239.28
50,2800,2162.43
51,2800,2186.38
52,2800,2154.36
53,2826,2253.53
54,2826,2286.21
55,2826,2353.53
56,2859,2371.06
57,2806,2346.05
58,2806,2360.17
59,2806,2335.99
60,2806,2349.71
61,2806,2326.98
62,2806,2343.08
63,2806,2325.54
64,2773,2361.73
65,2753,2308.29
66,2753,2309.42
67,2753,2308.62
68,2758,2303.37
69,2702,2289.35
70,2785,2310.07
71,2838,2256.95
72,2838,2291.52
73,2753,2350.51
74,2775,2345.3
75,2806,2328.78
76,2816,2315.62
77,2836,2325.89
78,2836,2265.28
79,2876,2342.92
80,2876,2389.85
81,2836,2399.67
82,2972,2423.65
83,2972,2439.77
84,2972,2436.63
85,2972,2373.24
86,2790,2326.6
87,2786,2357.4
88,2786,2393.21
89,2787,2491.83
90,2833,2464.86
91,2833,2442.74
92,2836,2452.82
93,2889,2436.71
94,2889,2363.22
95,2889,2338.34
96,2889,2404.98
97,2846,2422.19
98,2886,2394.86
99,2886,2401.92
100,2886,2362.92
101,2853,2301.65
102,2853,2268.02
103,2853,2292.81
104,2795,2275.45
105,2795,2336
106,2795,2342.1
107,2701,2289.56
108,2733,2354.02
109,2759,2324.41
110,2759,2342.25
111,2701,2341.15
112,2833,2332.59
113,2748,2319.95
114,2751,2356.63
115,2760,2363.82
116,2798,2379.99
117,2760,2344.24
118,2795,2348.79
119,2795,2306.56
120,2716,2293.46
121,2760,2280.18
122,2701,2302.76
123,2753,2282.21
124,2762,2318.84
125,2762,2311.91
126,2787,2290.33
127,2787,2313.1
128,2746,2335.37
129,2795,2342.26
130,2795,2355.58
131,2795,2376.75
132,2795,2405.48
133,2780,2358.47
134,2789,2351.96
135,2802,2362.48
136,2802,2330.03
137,2802,2394.83
138,2834,2417.09
139,2897,2409.74
140,2897,2419.37
141,2897,2397.53
142,2897,2416.15
143,2897,2410.92
144,2897,2412.13
145,2897,2429.16
146,2897,2414.54
147,2897,2401.84
148,2929,2393.53
149,2929,2366.08
150,2925,2421.26
151,2925,2383.01
152,2925,2426.06
153,2925,2411.14
154,2925,2367.55
155,2925,2357.78
156,2925,2408.81
157,2925,2407.47
158,2925,2450.54
159,2925,2462.32
160,2925,2451.81
161,2960,2395.29
162,2960,2419.71
163,2960,2360.9
164,2925,2418.98
165,2925,2417.79
166,2893,2342.99
167,2925,2400.32
168,2911,2440.47
169,2850,2432.44
170,3025,2416.25
171,3025,2409.55
172,3025,2498.03
173,3025,2445.24
174,3025,2470.89
175,2834,2433.1
176,2840,2400.4
177,2925,2390.72
178,3025,2448.49
179,3025,2422.39
180,3025,2485.05
181,2925,2480.28
182,2998,2510.93
183,2925,2526.95
184,2958,2531.29
185,2958,2506.88
186,2925,2464.01
187,2925,2449.77
188,2925,2441.65
189,2925,2487.44
190,2925,2449.1
191,2925,2440.43
192,2787,2473.49
193,2755,2402.93
194,2848,2461.06
195,2886,2461.89
196,2886,2462.61
197,2841,2470.05
198,2925,2458.71
199,2934,2405.59
200,2925,2408.85
201,2893,2461.68
202,2893,2467.61
203,2893,2494.04
204,2893,2500.45
205,2983,2571.52
206,2983,2532.92
207,2936,2508.68
208,2972,2486.76
209,2908,2524.5
210,2908,2592.17
211,2908,2581.81
212,2950,2589.11
213,2913,2569.21
214,2913,2540.92
215,2932,2501.06
216,3025,2469.82
217,3025,2474.71
218,3025,2526.82
219,3025,2546.92
220,3025,2584.11
221,2981,2568.67
222,2983,2581.3
223,3025,2566.35
224,3025,2502.11
225,2993,2530.64
226,3025,2558.12
227,3025,2545.07
228,3025,2541.29
229,3025,2494.7
230,3025,2485.05
231,3025,2483.27
232,3025,2499.02
233,3025,2540.72
234,3025,2524.63
235,2972,2457.55
236,2920,2466.57
237,2993,2504.77
238,2993,2542.46
239,2972,2515.46
240,3025,2534.02
241,3025,2525.46
242,2972,2552.06
243,2950,2479.75
244,2950,2493.83
245,2920,2434.85
246,2934,2442.42
247,2983,2430.99
248,2983,2387.98
249,2881,2436.6
250,2928,2534.42
251,2928,2515.1
252,3033,2517.39
253,3033,2559.65
254,3016,2529.72
255,2980,2477.91
256,3025,2534.61
257,3025,2552.74
258,2972,2543.43
259,2972,2472.61
260,2925,2465.32
261,2920,2536.69
262,2972,2491.03
263,2972,2460.14
264,2972,2497.37
265,2972,2473.05
266,2920,2454.92
267,2888,2460.88
268,3033,2523.02
269,3033,2572
270,3033,2573.94
271,3033,2516.57
272,2885,2463.28
273,2885,2396.57
274,2885,2319.62
275,2974,2404.32
276,2974,2441.81
277,2974,2458.21
278,2866,2376.36
279,3016,2394.32
280,3016,2437.29
281,2906,2419.32
282,2875,2360.36
283,2875,2383.44
284,2875,2334.01
285,2875,2293.32
286,2888,2312.93
287,2888,2321.88
288,2888,2293.57
289,2845,2263.29
290,2845,2350.56
291,2845,2371.16
292,2845,2375.43
293,2801,2329.48
294,2868,2429.87
295,2911,2425.56
296,2911,2443.89
297,2911,2445.9
298,3016,2421.57
299,3016,2425.93
Population size,100
Crossover rate,0.66
Mutation rate,0.34
Random selection portion,0.03
Selection method,AForge.Genetic.RouletteWheelSelection
Diversity check,True
Iteration,FitnessMax,FitnessAvg
0,2458,1722.14
1,2429,1766.83
2,2438,1823.67
3,2438,1871.47
4,2347,1850.35
5,2494,1902.94
6,2576,1952.78
7,2668,1968.98
8,2668,1951.56
9,2668,2003.89
10,2718,2016.18
11,2769,2080.69
12,2970,2130.9
13,2970,2111.35
14,2970,2043.31
15,2970,2018.56
16,2723,2194.21
17,2730,2202.38
18,2730,2171.86
19,2739,2241.14
20,2792,2257.06
21,2792,2317.93
22,2792,2266.72
23,2792,2333.59
24,2792,2313.96
25,2792,2387.73
26,2792,2393.23
27,2792,2389.72
28,2839,2397.59
29,2826,2417.64
30,2826,2404.92
31,2809,2369.63
32,2883,2384.77
33,2883,2360.31
34,2883,2415.43
35,2883,2409.29
36,2883,2458.54
37,2885,2437.4
38,2986,2452.22
39,2799,2473.84
40,2791,2472.86
41,2782,2441.76
42,2779,2461.69
43,2864,2488.67
44,2864,2453.98
45,2864,2456.52
46,2864,2430
47,2854,2410.52
48,2759,2349.07
49,2759,2339.06
50,2850,2342.03
51,2998,2371.74
52,2906,2321.59
53,2906,2344.51
54,2741,2400.79
55,2741,2397.65
56,2787,2355.8
57,2815,2360.89
58,2819,2380.59
59,2878,2372.98
60,2786,2374
61,2786,2376.25
62,2777,2355.4
63,2777,2372.99
64,2878,2373.8
65,2878,2380.47
66,2878,2349.46
67,2878,2340.82
68,2878,2341.05
69,2878,2317.54
70,2878,2313.22
71,2878,2343.81
72,2878,2332.66
73,2878,2392.9
74,2901,2359.8
75,2901,2368.68
76,2878,2419.43
77,2861,2377.64
78,2861,2375.52
79,2861,2315.77
80,2861,2353.46
81,2861,2327.61
82,2861,2370.89
83,2776,2360.02
84,2776,2326.71
85,2834,2372.3
86,2956,2349.42
87,2834,2290.66
88,2834,2329.94
89,2834,2351.21
90,2834,2300.45
91,2834,2273.16
92,2812,2223
93,2834,2258.27
94,2837,2273.23
95,2866,2361.81
96,2866,2368.92
97,2866,2400.79
98,2866,2382.8
99,2809,2371.52
100,2809,2339.1
101,2764,2329.5
102,2844,2297.44
103,2844,2294.14
104,2844,2300.23
105,2844,2302.43
106,2844,2240.3
107,2844,2227.48
108,2812,2189.21
109,2812,2240.79
110,2812,2220.32
111,2812,2214.7
112,2803,2166.82
113,2803,2219.91
114,2878,2255.6
115,2878,2233.09
116,2878,2239.91
117,2878,2280.52
118,2878,2338.4
119,2910,2376.33
120,2910,2361.21
121,2973,2361.07
122,2973,2329.06
123,2973,2378.04
124,2973,2359.53
125,3024,2400.5
126,2878,2418.24
127,2893,2384.99
128,2910,2484.95
129,2910,2484.48
130,3002,2421.29
131,3002,2443.8
132,3002,2428.71
133,3034,2442.59
134,3034,2494.61
135,3002,2527.22
136,3002,2542.28
137,2910,2516.44
138,2910,2547.67
139,2910,2502.5
140,2910,2511.28
141,2910,2572.1
142,2904,2525.3
143,2904,2513.28
144,2904,2510.44
145,2904,2546.89
146,2904,2548.43
147,2972,2546.9
148,2972,2502.93
149,2904,2478.84
150,2904,2444.46
151,2857,2457.65
152,2825,2415.05
153,2825,2472.13
154,2825,2432.84
155,2825,2380.96
156,2825,2403.23
157,2825,2357.14
158,2958,2342.66
159,2958,2341.03
160,2958,2328.79
161,2837,2397.19
162,2865,2395.65
163,2837,2350.8
164,2837,2316.91
165,2827,2326.04
166,2827,2312.12
167,2827,2370.89
168,2795,2354.07
169,2818,2336.96
170,2818,2218.25
171,2827,2236.31
172,2827,2289.09
173,2827,2257.59
174,2857,2301.81
175,2857,2372.75
176,2857,2395.09
177,2857,2423.49
178,2889,2404.63
179,2889,2426.48
180,2889,2388.23
181,2889,2381.26
182,2857,2362.51
183,2840,2370.36
184,2840,2373.22
185,2907,2378.16
186,2909,2373.51
187,2909,2350
188,2909,2322.19
189,2909,2374.93
190,2909,2345.49
191,2909,2418.02
192,2909,2380.78
193,2920,2408.9
194,2920,2387.62
195,2875,2458.7
196,2924,2500.32
197,2924,2500.83
198,2924,2488.2
199,2924,2464.97
200,2924,2499.09
201,2924,2467.41
202,2924,2437.55
203,2924,2468.67
204,2924,2454.25
205,2924,2438.11
206,2997,2426.62
207,2924,2422.46
208,2924,2349.08
209,2924,2384.46
210,2848,2385.82
211,2848,2354.04
212,2880,2329.42
213,2848,2297.92
214,2957,2332.07
215,2957,2278
216,2931,2305.52
217,2931,2299
218,2931,2286.33
219,2931,2351.18
220,2931,2355.16
221,2931,2369.91
222,2942,2388.6
223,2942,2374.68
224,2942,2405.32
225,2922,2421.44
226,2914,2417.07
227,2937,2458.22
228,2905,2413.78
229,2905,2369.33
230,2905,2422.4
231,2905,2468.23
232,2905,2492.86
233,2905,2468.42
234,2905,2486.89
235,2997,2430.19
236,2905,2358.97
237,2905,2380.56
238,2905,2469.54
239,2905,2432.02
240,2905,2428.34
241,2799,2439.61
242,2889,2390.1
243,2889,2401.92
244,2889,2510
245,2889,2482.45
246,2881,2489.67
247,2937,2508.96
248,2958,2470.07
249,2958,2500.7
250,2958,2468.97
251,2937,2486.4
252,2803,2449.04
253,2820,2479.71
254,2958,2476.66
255,2937,2429.2
256,2937,2457.02
257,2946,2507.95
258,2946,2484.48
259,2990,2496.42
260,2990,2563.44
261,2990,2539.48
262,2990,2526.11
263,2990,2564.47
264,2946,2515.98
265,2965,2560.81
266,2965,2561.96
267,2965,2563.67
268,2958,2563.85
269,2937,2473.61
270,2937,2470.86
271,2937,2483.39
272,2937,2553.76
273,2997,2567.12
274,2997,2542.79
275,2997,2530.34
276,2997,2523.34
277,2937,2508.04
278,2990,2558.4
279,2990,2542.11
280,2997,2550.02
281,2997,2495.44
282,2997,2484.03
283,2997,2516.27
284,3035,2526.09
285,3035,2493.72
286,3035,2531.96
287,3035,2490.03
288,3035,2506.36
289,3035,2473.81
290,3035,2457.04
291,2997,2419.49
292,2997,2444.31
293,2997,2425.13
294,2997,2438.02
295,2965,2423.88
296,2965,2454.09
297,2965,2516.64
298,2965,2464.68
299,2965,2491.69
Population size,100
Crossover rate,0.51
Mutation rate,0.79
Random selection portion,0.03
Selection method,AForge.Genetic.RankSelection
Diversity check,True
Iteration,FitnessMax,FitnessAvg
0,2492,1857.11
1,2552,2044.21
2,2612,2162.98
3,2612,2244.84
4,2709,2316.87
5,2730,2359.1
6,2876,2429.06
7,2876,2439.4
8,2876,2533.91
9,2876,2547.52
10,2889,2572.61
11,2919,2578.48
12,2965,2638.04
13,2889,2619.84
14,2936,2681.09
15,3003,2697.66
16,2943,2669.64
17,2943,2738.4
18,2953,2717.31
19,2953,2716.88
20,2943,2729.46
21,2943,2642.67
22,2981,2755.14
23,2981,2813.25
24,2981,2798.54
25,2981,2801
26,2981,2823.58
27,3063,2775.9
28,3034,2842.56
29,3034,2818.77
30,3034,2836.44
31,3034,2835.91
32,3034,2754.21
33,3034,2810.19
34,3034,2838.92
35,3034,2830.07
36,3034,2870.55
37,3034,2889.43
38,3034,2883.91
39,3056,2871.68
40,3056,2920.41
41,3056,2921.48
42,3056,2925.37
43,3056,2954.2
44,3056,2931.29
45,3056,2944.97
46,3056,2913.6
47,3056,2909.35
48,3056,2910.69
49,3056,2869.51
50,3056,2915.33
51,3056,2825.12
52,3056,2915.12
53,3056,2895.5
54,3056,2881.74
55,3056,2864.97
56,3056,2892
57,3056,2810.18
58,3056,2875.7
59,3056,2922.71
60,3056,2964.55
61,3056,1774.59
62,3056,1937.77
63,3056,2013.87
64,2613,2161.68
65,2638,2168.06
66,2684,2155.09
67,2776,2281.52
68,2776,2350.81
69,2785,2373.91
70,2843,2459.62
71,2800,2482.99
72,2800,2554.13
73,2823,2530.64
74,2800,2581.74
75,2856,2649.55
76,2856,2665.94
77,2908,2698.44
78,2908,2670.5
79,2911,2695.2
80,2933,2677.33
81,2933,2668.32
82,2954,2723.53
83,2933,2655.9
84,2982,2706.77
85,2982,2683.1
86,3063,2711.84
87,3063,2755.04
88,3063,2801.07
89,3063,2770.55
90,3063,2758.67
91,3063,2821.22
92,3063,2766.62
93,3063,2717
94,3030,2770.71
95,3030,2726.05
96,3063,2766.8
97,3063,2605.6
98,3063,2782.88
99,3063,2795.44
100,3063,2798.15
101,3063,2896.03
102,3063,2797.95
103,3063,2880.12
104,3063,2842.23
105,3063,2783
106,3063,2776.02
107,3063,2873.96
108,3063,2819.92
109,3063,2875.99
110,3063,2908.15
111,3063,2877.08
112,3063,2877.08
113,3063,2928.9
114,3063,2921.8
115,3063,2932.5
116,3063,2902.82
117,3063,2971.33
118,2487,1837.21
119,2487,1981.01
120,2585,2097.7
121,2617,2215.34
122,2689,2221.84
123,2621,2258.57
124,2697,2374.39
125,2798,2396.87
126,2798,2406.94
127,2798,2474.23
128,2798,2449.47
129,2798,2411.34
130,2754,2455.45
131,2743,2536.47
132,2844,2578.68
133,2814,2541.27
134,2846,2608.72
135,2843,2586.27
136,2866,2635.07
137,2898,2576.29
138,2898,2634.13
139,2898,2656.47
140,2898,2651.18
141,2925,2682.83
142,2943,2659.45
143,2943,2714.6
144,2943,2680.47
145,2957,2722.34
146,2957,2683.49
147,3001,2654.51
148,3001,2787.89
149,3001,2758.32
150,3001,2744.96
151,3001,2719.36
152,3001,2819.29
153,3033,2651.65
154,3033,2783.85
155,3033,2822.19
156,3033,2809.34
157,3033,2787.77
158,3033,2807.73
159,3033,2729.93
160,3033,2711.91
161,3033,2853.06
162,3033,2888.69
163,3033,2857.16
164,3033,2846.86
165,3033,2884.99
166,3033,2905.96
167,3033,2902.28
168,3033,2848.26
169,3033,2853.05
170,3033,2949.13
171,2518,1774.23
172,2567,1906.02
173,2567,2066.51
174,2589,2161.08
175,2643,2285.62
176,2719,2363.88
177,2720,2425.13
178,2740,2396.22
179,2749,2438.24
180,2794,2402.17
181,2805,2512.38
182,2823,2490.17
183,2824,2580.12
184,2957,2593.75
185,2962,2638.32
186,2962,2625.83
187,2962,2670.77
188,2930,2666.65
189,2930,2698.71
190,2946,2686.66
191,2946,2671.46
192,2983,2782.4
193,2974,2685.86
194,2974,2783.69
195,2983,2822.73
196,2983,2803.25
197,2983,2780.05
198,2983,2824.53
199,2983,2837.35
200,2983,2811.31
201,3006,2837.41
202,3006,2764.51
203,3006,2810.66
204,3006,2791.38
205,3006,2752.2
206,3006,2828.35
207,3006,2831.23
208,3006,2776.81
209,3006,2778.72
210,3006,2825.27
211,3006,2881.53
212,3006,2883.76
213,3006,2843.87
214,3006,2835.09
215,3006,2827.01
216,3006,2877.27
217,3006,2854.04
218,3006,2862.98
219,3007,2842.97
220,3007,2846.13
221,3007,2832.66
222,3007,2898.29
223,3007,2895.09
224,3006,2807.43
225,3006,2815.87
226,3006,2859.89
227,3006,2846.67
228,3006,2861.09
229,3006,2881.97
230,3006,2841.25
231,3006,2841.75
232,3056,2890.29
233,3056,2781.47
234,3056,2779.5
235,3056,2861.16
236,3056,2919.97
237,3056,2933.25
238,3056,2938.97
239,3056,2911.38
240,3056,2822.5
241,3056,2883.25
242,3056,2866.07
243,3056,2841.59
244,3056,2849.55
245,3056,2867.86
246,3056,2885.85
247,3056,2916.7
248,3056,2894.06
249,3056,2909.41
250,3056,2906.14
251,3056,2921.3
252,3056,2863.97
253,3056,2872.36
254,3056,2860.53
255,3056,2836.52
256,3056,2883.14
257,3056,2846.25
258,3056,2797.47
259,3056,2788.25
260,3056,2817.25
261,3056,2869.53
262,3056,2863.05
263,3056,2852.55
264,3056,2891.17
265,3056,2843.15
266,3056,2812.05
267,3056,2927.83
268,3056,2878.71
269,3056,2918.8
270,3056,2977.1
271,3056,1814.88
272,3056,1973.88
273,3056,2054.53
274,3056,2173.6
275,3056,2269.18
276,2989,2305.42
277,2788,2405.67
278,2788,2422.58
279,2783,2443.34
280,2746,2521.51
281,2871,2499.63
282,2878,2525.37
283,2891,2610.94
284,2928,2625.96
285,2965,2649.88
286,2965,2721.18
287,2937,2676.03
288,2948,2705.1
289,2973,2695.57
290,2973,2762.56
291,3056,2776.58
292,3056,2775.59
293,3056,2773.49
294,3056,2808.61
295,3056,2826.11
296,3056,2744.86
297,3056,2866.16
298,3056,2840.6
299,3056,2900.04
Population size,100
Crossover rate,0.51
Mutation rate,0.79
Random selection portion,0.03
Selection method,AForge.Genetic.RankSelection
Diversity check,False
Iteration,FitnessMax,FitnessAvg
0,2371,1733.96
1,2411,1921.47
2,2449,2006.41
3,2557,2065.45
4,2472,2127.87
5,2566,2256.26
6,2647,2306.81
7,2725,2326.67
8,2860,2392.18
9,2860,2440.44
10,2860,2402.28
11,2860,2475.89
12,2860,2540.06
13,2896,2551.84
14,2860,2611.88
15,2860,2632.03
16,2916,2654.46
17,2863,2642.64
18,2922,2655.74
19,2971,2686.69
20,2971,2694.64
21,2971,2729.57
22,2971,2710.32
23,2971,2776.06
24,2971,2798.41
25,2971,2773.45
26,2931,2685.89
27,2931,2688.72
28,2971,2709.44
29,2971,2723.82
30,2971,2806.15
31,2950,2731.04
32,2971,2804.64
33,2950,2818.07
34,2950,2783.18
35,2971,2733.24
36,2971,2774.18
37,2971,2711.66
38,2971,2788.5
39,2964,2771.03
40,2964,2730.72
41,2964,2750.48
42,2964,2812.66
43,2964,2855.32
44,3025,2830.53
45,3025,2866.75
46,3025,2853.35
47,3025,2842.47
48,3025,2852.33
49,3025,2876.53
50,3025,2870.94
51,3025,2836.47
52,3025,2852.75
53,3025,2829.64
54,3025,2804.81
55,3025,2699.94
56,3025,2794.34
57,3025,2713.41
58,3025,2849.26
59,3025,2815.23
60,3025,2801.27
61,3025,2806.47
62,3025,2865.24
63,3025,2848.09
64,3025,2923.38
65,3025,2922.9
66,3025,2962.66
67,3025,2910.21
68,3025,2947.15
69,3025,2929.77
70,3025,2903.47
71,3025,2929.11
72,3025,2928.5
73,3025,2811.6
74,3025,2918.88
75,3025,2902.4
76,3025,2860.59
77,3025,2873.93
78,3025,2808.68
79,3025,2893.91
80,3025,2916.1
81,3025,2947.37
82,3025,2908.83
83,3025,2860.19
84,3025,2914.71
85,3025,2889.55
86,3025,2898.16
87,3033,2890.2
88,3033,2874.14
89,3033,2929.8
90,3033,2938.86
91,3033,2826.85
92,3033,2920.17
93,3033,2921.21
94,3033,2946.61
95,3033,2817.44
96,3033,2863.92
97,3033,2868.6
98,3033,2903.21
99,3033,2844.19
100,3033,2883.71
101,3033,2877.51
102,3033,2895.51
103,3033,2878.91
104,3033,2878.72
105,3033,2893.79
106,3033,2779.5
107,3033,2843.73
108,3033,2840.82
109,3033,2852.41
110,3033,2859.7
111,3033,2821.59
112,3033,2810.52
113,3033,2815.67
114,3033,2862.6
115,3033,2900.71
116,3033,2877.48
117,3033,2850.31
118,3033,2878.65
119,3033,2917.84
120,3033,2803.79
121,3033,2898.05
122,3033,2843.52
123,3033,2858.04
124,3033,2784.74
125,3033,2713.32
126,3033,2879.44
127,3033,2932.46
128,3033,2914.78
129,3033,2898.9
130,3033,2881.34
131,3033,2913.55
132,3033,2862.22
133,3033,2870.71
134,3033,2864.47
135,3033,2915.36
136,3033,2864.75
137,3033,2899.08
138,3033,2880.08
139,3033,2876.58
140,3033,2879.36
141,3033,2903.9
142,3033,2952.41
143,3033,2932.91
144,3033,2953.46
145,3033,2895.9
146,3033,2881.88
147,3033,2886.67
148,3033,2907.13
149,3033,2871.39
150,3033,2959.82
151,3033,2911.96
152,3033,2886.22
153,3033,2843.66
154,3033,2850.36
155,3033,2810.65
156,3033,2814.12
157,3033,2931.52
158,3033,2876.97
159,3033,2895.76
160,3033,2909.71
161,3033,2897
162,3033,2902.98
163,3033,2890.24
164,3033,2856.04
165,3033,2957.78
166,3033,2939.7
167,3033,2929.39
168,3033,2926.04
169,3033,2952.81
170,3033,2875.38
171,3033,2899.92
172,3033,2906.63
173,3033,2876.22
174,3033,2938.83
175,3033,2871.8
176,3033,2911.8
177,3033,2906.01
178,3033,2912.58
179,3033,2900.35
180,3033,2908.57
181,3033,2842.63
182,3033,2932.28
183,3033,2910.34
184,3033,2875.43
185,3033,2783.11
186,3033,2890.96
187,3033,2933.9
188,3033,2831.82
189,3033,2931.25
190,3033,2908.57
191,3033,2907.59
192,3033,2916.3
193,3033,2880.18
194,3033,2918.02
195,3063,2931.26
196,3063,2844.56
197,3063,2934.03
198,3063,2844.66
199,3063,2881.94
200,3063,2912.03
201,3063,2902.24
202,3063,2925.75
203,3063,2895.49
204,3063,2923.94
205,3063,2905.92
206,3033,2958.38
207,3033,2880.19
208,3033,2888.88
209,3033,2956.88
210,3033,2910.67
211,3033,2868.64
212,3033,2882.56
213,3033,2918.45
214,3033,2844.25
215,3033,2929.02
216,3033,2871.55
217,3033,2833.1
218,3033,2849.25
219,3033,2961.02
220,3033,2906.96
221,3033,2891.72
222,3033,2802.29
223,3033,2904.92
224,3033,2878.44
225,3033,2929.12
226,3033,2903.69
227,3033,2906.82
228,3033,2875.16
229,3033,2841.63
230,3033,2853.79
231,3033,2925.58
232,3033,2939.94
233,3033,2911.28
234,3033,2924.15
235,3033,2938.96
236,3033,2942.27
237,3033,2950.81
238,3033,2890.49
239,3033,2845.19
240,3033,2801.75
241,3033,2849.82
242,3033,2817.89
243,3033,2842.1
244,3033,2930.21
245,3033,2907.08
246,3033,2913.23
247,3033,2921.01
248,3033,2948.81
249,3033,2871.37
250,3033,2868.62
251,3033,2848.45
252,3033,2913.7
253,3033,2897.86
254,3033,2920.96
255,3033,2916.75
256,3033,2872.02
257,3033,2860.2
258,3033,2880.61
259,3033,2849.73
260,3033,2938.07
261,3033,2901.08
262,3033,2855.01
263,3033,2865.8
264,3033,2817.1
265,3033,2836.42
266,3033,2866.28
267,3033,2907.47
268,3033,2913.34
269,3033,2938.96
270,3033,2902.99
271,3033,2878.56
272,3033,2957.31
273,3033,2921.08
274,3033,2908.51
275,3033,2877.92
276,3033,2895.94
277,3033,2895.94
278,3033,2894.22
279,3033,2912.6
280,3033,2888.86
281,3033,2947.55
282,3033,2936.8
283,3033,2894.12
284,3033,2833.17
285,3033,2878.88
286,3033,2931.39
287,3033,2934.83
288,3033,2906.6
289,3033,2914.49
290,3033,2907.23
291,3033,2912.25
292,3033,2912.17
293,3033,2880.35
294,3033,2904.12
295,3033,2910.2
296,3033,2892.46
297,3033,2954.31
298,3033,2919.06
299,3033,2880.18
Population size,100
Crossover rate,0.22
Mutation rate,0.87
Random selection portion,0.03
Selection method,AForge.Genetic.EliteSelection
Diversity check,False
Iteration,FitnessMax,FitnessAvg
0,2585,1992.55
1,2585,2137.4
2,2585,2231.21
3,2699,2328.73
4,2699,2383.4
5,2751,2432.58
6,2791,2497.22
7,2854,2567.08
8,2854,2605.96
9,2868,2657.45
10,2868,2669.81
11,2868,2663.61
12,2978,2719.77
13,2978,2751.6
14,2978,2781.81
15,2978,2792.25
16,2978,2801.35
17,2981,2837.11
18,3025,2837.3
19,3025,2871.75
20,3025,2874.78
21,3057,2874.23
22,3057,2847.66
23,3057,2899.92
24,3057,2909.07
25,3057,2905.57
26,3057,2916.86
27,3057,2931.35
28,3057,2944.05
29,3057,2931.04
30,3057,2957.74
31,3057,2960.92
32,3057,2929.63
33,3057,2978.05
34,3057,2961.29
35,3057,2944.82
36,3057,2993.85
37,3057,2995.78
38,3057,3007.79
39,3057,2980.07
40,3057,2985.19
41,3057,3003.46
42,3057,3010.89
43,3057,3020.58
44,3057,3019.51
45,3057,3014.9
46,3057,2990.92
47,3057,3000.82
48,3057,3010.14
49,3057,3016.21
50,3057,2994.82
51,3057,3002.76
52,3057,2987.61
53,3057,2999.44
54,3057,2991.37
55,3057,3004.4
56,3057,3023.61
57,3057,3004.82
58,3057,3002.22
59,3057,3021.93
60,3057,3005.54
61,3057,2982.23
62,3057,2992.59
63,3057,3021.58
64,3057,3015.5
65,3057,3018.57
66,3057,3001.37
67,3057,3017.95
68,3057,3012.97
69,3057,3014.12
70,3057,3014.87
71,3057,3013.58
72,3057,2995
73,3057,3019.57
74,3057,3017.76
75,3057,3008.14
76,3057,3025.39
77,3057,3003.45
78,3057,3010.93
79,3057,3011.23
80,3057,3001.21
81,3057,2979.77
82,3057,2984.46
83,3057,3007.34
84,3057,3020.02
85,3057,3000.55
86,3057,3002.52
87,3057,3000.77
88,3057,3001.73
89,3057,3013.33
90,3057,3007.34
91,3057,3007.54
92,3057,3019.43
93,3057,2995.51
94,3057,3013.77
95,3057,3011.18
96,3057,2989.55
97,3057,3024.27
98,3057,2976.37
99,3057,2986.78
100,3057,2999.95
101,3057,3009.29
102,3057,2993.25
103,3057,2995.69
104,3057,3025.13
105,3057,3018.44
106,3057,2997
107,3057,3019.98
108,3057,3019.48
109,3057,3004.06
110,3057,3011.25
111,3057,2997.86
112,3057,2993.76
113,3057,3018.05
114,3057,3007.09
115,3057,2997.9
116,3057,3004.1
117,3057,3009.99
118,3057,3002.87
119,3057,2994.08
120,3057,3008.74
121,3057,2992.53
122,3057,3018.55
123,3057,2999.85
124,3057,2995.96
125,3057,3018.53
126,3057,3019.37
127,3057,3023.65
128,3057,3008
129,3057,3000.83
130,3057,3000.42
131,3057,3035.7
132,3057,3017.58
133,3057,3023.48
134,3057,3011.13
135,3057,3018.07
136,3057,3010.81
137,3057,3015.56
138,3057,3015.62
139,3057,3012.77
140,3057,2998.55
141,3057,2983.97
142,3057,2997.93
143,3057,2996.78
144,3057,3028.64
145,3057,3011.48
146,3057,3019.68
147,3057,3004.72
148,3057,3018.11
149,3057,2985.12
150,3057,2998.45
151,3057,3009.93
152,3057,3006.7
153,3057,3001.66
154,3057,3007.42
155,3057,2994.39
156,3057,3030.56
157,3057,3009.98
158,3057,3020.69
159,3057,3001.55
160,3057,3016.05
161,3057,3019.77
162,3057,2996.38
163,3057,3018.88
164,3057,3019.84
165,3057,3018.76
166,3057,3014.83
167,3057,3019.13
168,3057,3015.57
169,3057,3002.63
170,3057,3007.38
171,3057,3016.14
172,3057,2985.26
173,3057,2997.13
174,3057,3020.1
175,3057,3015.55
176,3057,3006.83
177,3057,2986.24
178,3057,2981.09
179,3057,3020.23
180,3057,3023.65
181,3057,2997.54
182,3057,2965.29
183,3057,3012.6
184,3057,3017.08
185,3057,3016.64
186,3057,3023.61
187,3057,2997.67
188,3057,2983.24
189,3057,2998.71
190,3057,3006.89
191,3057,2992.64
192,3057,3021.44
193,3057,2993.43
194,3057,3006.2
195,3057,2996.43
196,3057,3022.99
197,3057,3022.46
198,3057,2995.72
199,3057,2984.96
200,3057,3007.41
201,3057,2998.1
202,3057,3000.03
203,3057,2994.38
204,3057,3024.13
205,3057,3024.88
206,3057,2986.44
207,3057,2984.05
208,3057,3023.07
209,3057,3017.7
210,3057,2999.71
211,3057,3005.31
212,3057,2978.55
213,3057,3019.42
214,3057,3024.56
215,3057,3028.8
216,3057,3007.43
217,3057,3023.9
218,3057,3009.4
219,3057,3021.04
220,3057,3015.11
221,3057,3000.83
222,3057,3001.58
223,3057,3020.43
224,3057,3022.51
225,3057,3024.74
226,3057,3017.17
227,3057,2996.14
228,3057,3016.81
229,3057,3005.38
230,3057,3020.73
231,3057,3008.01
232,3057,3022.54
233,3057,3027.01
234,3057,3000.11
235,3057,3000.1
236,3057,3015.62
237,3057,2993.12
238,3057,3022.26
239,3057,3003.61
240,3057,2989.17
241,3057,2996.78
242,3057,3002.87
243,3057,2993.65
244,3057,2992.06
245,3057,3019.01
246,3057,2993.67
247,3057,3010.96
248,3057,2994.24
249,3057,3013.31
250,3057,2999.93
251,3057,2984.38
252,3057,3016.91
253,3057,3017.17
254,3057,2996.11
255,3057,3021.87
256,3057,3006.56
257,3057,3010.3
258,3057,3017.71
259,3057,3016.27
260,3057,3016.04
261,3057,2996.14
262,3057,3001.13
263,3057,2995.55
264,3057,3015.55
265,3057,3012.9
266,3057,3003.68
267,3057,2998.51
268,3057,3013.66
269,3057,3021.34
270,3057,2977.93
271,3057,3019.47
272,3057,3013.38
273,3057,2999.35
274,3057,3008.66
275,3057,2999.12
276,3057,2997.25
277,3057,2999.19
278,3057,3024.14
279,3057,2983.13
280,3057,3016.44
281,3057,3024.05
282,3057,3019.44
283,3057,3017.73
284,3057,3015.2
285,3057,3003.31
286,3057,3021.21
287,3057,2999.12
288,3057,3020.21
289,3057,3020.74
290,3057,2995.9
291,3057,2997.88
292,3057,3016.01
293,3057,3019.48
294,3057,2994.23
295,3057,3004.44
296,3057,2992.13
297,3057,2997.75
298,3057,3006.3
299,3057,3014.67
Population size,100
Crossover rate,0.22
Mutation rate,0.87
Random selection portion,0.03
Selection method,AForge.Genetic.EliteSelection
Diversity check,True
Iteration,FitnessMax,FitnessAvg
0,2508,1851.19
1,2508,2018.16
2,2508,2120.24
3,2614,2200.39
4,2716,2292.48
5,2716,2326.35
6,2716,2372.12
7,2826,2445.73
8,2826,2512.61
9,2826,2528.89
10,2826,2570.84
11,2905,2637.98
12,2905,2640.68
13,2905,2693.19
14,2905,2709.29
15,2905,2724.03
16,2905,2755.93
17,2921,2753.47
18,2974,2779.84
19,2993,2798.96
20,2993,2796.28
21,3016,2842.2
22,3033,2847.45
23,3033,2848.63
24,3033,2834.57
25,3033,2879.61
26,3033,2840.45
27,3033,2878.46
28,3033,2896.77
29,3033,2905.23
30,3033,2913.65
31,3033,2941.28
32,3033,2936.79
33,3034,2934.06
34,3034,2951.29
35,3034,1965.9
36,3034,2132.81
37,3034,2228.53
38,3034,2349.04
39,3034,2403.32
40,3034,2461.77
41,3034,2551.36
42,3034,2573.7
43,3034,2653.08
44,3034,2669.53
45,3034,2688.56
46,3035,2760.07
47,3035,2787.11
48,3035,2791.25
49,3035,2854.2
50,3035,2884.14
51,3035,2878.66
52,3035,2908.7
53,3035,2922.42
54,3035,2915.7
55,3035,2971.04
56,3035,2012.49
57,3035,2138.35
58,3035,2252.21
59,3035,2375.72
60,3035,2495.1
61,3035,2567.21
62,3035,2653.46
63,3035,2711.55
64,3035,2746.53
65,3035,2805.16
66,3035,2841.47
67,3057,2886.17
68,3057,2923.21
69,3057,2933.64
70,3057,2952.58
71,3057,2966.26
72,3057,1981.67
73,3057,2117.97
74,3057,2220.55
75,3057,2338.93
76,3057,2421.05
77,3057,2473.9
78,3057,2579.91
79,3057,2654.01
80,3057,2705.99
81,3057,2745.71
82,3057,2778.64
83,3057,2826.48
84,3057,2856.53
85,3057,2910.82
86,3057,2910.51
87,3057,2952.73
88,3057,2965.66
89,3057,1921.8
90,3057,2054.96
91,3057,2176.03
92,3057,2264.21
93,3057,2361.65
94,3057,2414.86
95,3057,2495.38
96,3057,2634.64
97,3057,2717.34
98,3057,2794.85
99,3057,2835.87
100,3057,2866.98
101,3057,2901.41
102,3057,2926.97
103,3057,2953.43
104,3057,2940.41
105,3057,2945.6
106,3057,2967.55
107,3057,1971.58
108,3057,2101.23
109,3057,2232.3
110,3057,2351.01
111,3057,2438.03
112,3057,2558.47
113,3057,2631.57
114,3057,2689.39
115,3057,2739.23
116,3057,2779.22
117,3057,2813.08
118,3057,2861.76
119,3057,2882.93
120,3057,2895.82
121,3057,2874.43
122,3057,2930.09
123,3057,2944.42
124,3057,2957.11
125,3057,2955.03
126,3057,2982.14
127,3057,1958.05
128,3057,2095.64
129,3057,2198.55
130,3057,2324.72
131,3057,2478.02
132,3057,2561.2
133,3057,2670.32
134,3057,2744.23
135,3057,2785.35
136,3057,2820.06
137,3057,2841.91
138,3057,2894.27
139,3057,2917.27
140,3057,2935.45
141,3057,2935.61
142,3057,2958.09
143,3057,2980.25
144,3057,1923.51
145,3057,2105.27
146,3057,2205.56
147,3057,2315.03
148,3057,2447.93
149,3057,2550.06
150,3057,2646.27
151,3057,2681.4
152,3057,2805.96
153,3057,2853.14
154,3057,2853.93
155,3057,2882.99
156,3057,2893.14
157,3057,2906.62
158,3057,2945.24
159,3057,2957.47
160,3057,2949.98
161,3057,2945.21
162,3057,2993.75
163,3057,1943.25
164,3057,2138.12
165,3057,2249.21
166,3057,2305.59
167,3057,2417.09
168,3057,2525.89
169,3057,2582.78
170,3057,2644.59
171,3057,2728.5
172,3057,2758.14
173,3057,2784.55
174,3057,2814.32
175,3057,2799.61
176,3057,2864.44
177,3057,2858.36
178,3057,2889.13
179,3057,2902.01
180,3057,2936.09
181,3057,2928.06
182,3057,2949.22
183,3057,2956.39
184,3057,2971.34
185,3057,2022.36
186,3057,2151.38
187,3057,2270.57
188,3057,2370.94
189,3057,2430.46
190,3057,2492.94
191,3057,2596.37
192,3057,2619.7
193,3057,2681.4
194,3057,2743.7
195,3057,2780.55
196,3057,2827.24
197,3057,2835.65
198,3057,2844.9
199,3057,2905.21
200,3057,2919.52
201,3057,2936.89
202,3057,2932.57
203,3057,2952.74
204,3057,2961.47
205,3057,2962.99
206,3057,2996.53
207,3057,1920.58
208,3057,2096.87
209,3057,2222.65
210,3057,2326.87
211,3057,2417.54
212,3057,2512.57
213,3057,2586.98
214,3057,2669.1
215,3057,2730.59
216,3057,2761.88
217,3057,2803.67
218,3057,2861.26
219,3057,2863.56
220,3057,2907.46
221,3057,2928.35
222,3057,2926.41
223,3057,2940.7
224,3057,2954.32
225,3057,2965.83
226,3057,1929.48
227,3057,2052.97
228,3057,2191.01
229,3057,2306.18
230,3057,2408.47
231,3057,2468.7
232,3057,2560.31
233,3057,2606.2
234,3057,2684.31
235,3057,2714.54
236,3057,2786.41
237,3057,2803.86
238,3057,2822.27
239,3057,2861.96
240,3057,2897.63
241,3057,2927.01
242,3057,2961.1
243,3057,2954.98
244,3057,2980.92
245,3057,1955.19
246,3057,2118.62
247,3057,2228.73
248,3057,2325.34
249,3057,2419.96
250,3057,2515.79
251,3057,2574.84
252,3057,2672.83
253,3057,2722.61
254,3057,2768.28
255,3057,2817.21
256,3057,2885.62
257,3057,2914.18
258,3057,2888.96
259,3057,2928.52
260,3057,2919.97
261,3057,2944.88
262,3057,2981.65
263,3057,1943.16
264,3057,2106.54
265,3057,2271.83
266,3057,2376.37
267,3057,2473.01
268,3057,2547.93
269,3057,2634.53
270,3057,2686.78
271,3057,2711.14
272,3057,2798.97
273,3057,2837.57
274,3057,2888.45
275,3057,2884.35
276,3057,2927.94
277,3057,2942.66
278,3057,2938.69
279,3057,2970.51
280,3057,1905.63
281,3057,2062.57
282,3057,2228.14
283,3057,2395.53
284,3057,2512.9
285,3057,2591.43
286,3057,2638.44
287,3057,2705.3
288,3057,2740.67
289,3057,2814.86
290,3057,2841.52
291,3057,2890.99
292,3057,2928.11
293,3057,2923.81
294,3057,2985.11
295,3057,2012.86
296,3057,2226.91
297,3057,2359.19
298,3057,2400.98
299,3057,2485.33
Population size,100
Crossover rate,0.22
Mutation rate,0.87
Random selection portion,0.03
Selection method,AForge.Genetic.EliteSelection
Diversity check,True
Iteration,FitnessMax,FitnessAvg
0,2509,1959.34
1,2642,2110.39
2,2642,2228.96
3,2671,2329.01
4,2671,2398.42
5,2771,2472.53
6,2790,2501.66
7,2833,2573.74
8,2833,2628.58
9,2972,2659.14
10,2972,2681.61
11,2972,2729.31
12,2972,2749.31
13,2972,2794.83
14,2972,2807.32
15,2972,2797.62
16,3000,2840.28
17,3057,2851.8
18,3057,2906.74
19,3057,2891.83
20,3057,2916.17
21,3057,2916.04
22,3057,2914.8
23,3057,2896.98
24,3057,2926.98
25,3057,2920.09
26,3057,2945.61
27,3057,2952.07
28,3057,2929.38
29,3057,2968.33
30,3057,2030.56
31,3057,2190.05
32,3057,2256.76
33,3057,2346.67
34,3057,2442.85
35,3057,2506.69
36,3057,2572.9
37,3057,2632.61
38,3057,2747.06
39,3057,2770.79
40,3057,2836.9
41,3063,2877.92
42,3063,2901.48
43,3063,2901.39
44,3063,2911.18
45,3063,2928.01
46,3063,2947.13
47,3063,2949.14
48,3063,2959.99
49,3063,2982.51
Population size,100
Crossover rate,0.22
Mutation rate,0.87
Random selection portion,0.03
Selection method,AForge.Genetic.EliteSelection
Diversity check,True
Iteration,FitnessMax,FitnessAvg
0,2616,1876.68
1,2616,2054.86
2,2616,2169.48
3,2617,2288.15
4,2617,2385.78
5,2698,2441.57
6,2698,2514.73
7,2799,2538.54
8,2947,2584.5
9,2947,2629.82
10,2947,2694.37
11,2947,2695.73
12,2947,2726.49
13,2947,2760.71
14,2947,2778.05
15,2998,2810.31
16,2998,2819.96
17,2998,2848.11
18,2998,2861.28
19,2998,2857.86
20,3030,2861.82
21,3030,2884.72
22,3030,2897.15
23,3030,2906.77
24,3030,2903.54
25,3030,2922.9
26,3030,2913.35
27,3034,2934.57
28,3034,2945.24
29,3034,1948.59
