Population size,100
Crossover rate,0.66
Mutation rate,0.34
Random selection portion,0.03
Selection method,AForge.Genetic.RouletteWheelSelection
Diversity check,False
Iteration,FitnessMax,FitnessAvg
0,2190,1458.59
1,2215,1518.95
2,2190,1553.57
3,2168,1554.2
4,2168,1546.51
5,2168,1574.59
6,2311,1600.55
7,2311,1588.54
8,2546,1672.3
9,2557,1784.92
10,2546,1844.99
11,2404,1868.74
12,2404,1850.89
13,2391,1864.32
14,2391,1869.86
15,2391,1834.45
16,2391,1829.31
17,2391,1818.59
18,2391,1810.66
19,2391,1794.5
20,2391,1857.73
21,2469,1883.17
22,2469,1877.14
23,2474,1882.56
24,2474,1961.61
25,2557,1938.36
26,2557,1978.77
27,2557,1978.75
28,2557,2019.85
29,2557,2054.55
30,2504,2030.1
31,2479,1964.72
32,2346,1980.3
33,2557,2008.68
34,2463,1986.94
35,2398,1994.09
36,2369,1967.33
37,2427,1995.33
38,2507,1974.2
39,2507,1971.73
40,2507,1940.99
41,2507,1959.96
42,2507,1931.11
43,2463,1922.41
44,2388,1977.56
45,2364,2029.88
46,2401,1986.66
47,2401,1988.85
48,2401,2004.66
49,2575,2012.73
50,2575,2047.49
51,2575,2044.42
52,2474,2004.83
53,2474,1985.37
54,2474,2007.95
55,2481,1961.42
56,2564,1941.15
57,2564,1981.29
58,2564,2041.1
59,2564,2114.06
60,2564,2095.48
61,2564,2104.87
62,2454,2080.65
63,2474,2041.33
64,2564,2070
65,2575,2054.3
66,2564,2052.73
67,2564,2097.38
68,2550,2130.58
69,2550,2117.47
70,2524,2098.74
71,2524,2108.72
72,2550,2124.97
73,2550,2137.9
74,2550,2118.43
75,2550,2118.11
76,2529,2073.15
77,2564,2138.72
78,2564,2128.92
79,2564,2119.89
80,2564,2149.32
81,2564,2152.38
82,2564,2133.78
83,2564,2117.05
84,2493,2112.79
85,2513,2102.87
86,2513,2109.83
87,2500,2094.9
88,2564,2028.06
89,2500,2029.8
90,2500,2047.66
91,2500,2099.91
92,2511,2120.99
93,2511,2096.04
94,2511,2101.74
95,2564,2070.56
96,2564,2066.86
97,2564,2103.75
98,2564,2082
99,2564,2083.98
100,2564,2122.06
101,2564,2126.34
102,2564,2129.98
103,2564,2107.04
104,2493,2104.28
105,2493,2074.93
106,2493,2062.78
107,2493,2098.52
108,2493,2101.28
109,2564,2131.96
110,2564,2083.77
111,2564,2102.31
112,2537,2080.81
113,2564,2096.5
114,2564,2070.17
115,2537,2110.15
116,2537,2033.16
117,2537,2036.71
118,2537,2096.23
119,2537,2051.92
120,2537,2072.54
121,2459,2071.09
122,2459,2082.35
123,2537,2060.65
124,2539,2075.32
125,2537,2100.58
126,2537,2111.14
127,2539,2042.53
128,2539,2102.3
129,2493,2052.04
130,2493,2049.7
131,2525,2037.39
132,2537,2052.24
133,2537,2068.62
134,2550,2074.56
135,2550,2127.21
136,2550,2068.36
137,2550,2081.34
138,2550,2052.78
139,2550,2092.17
140,2550,2055.93
141,2575,2098.48
142,2575,2094.87
143,2502,2079.14
144,2502,2061.81
145,2502,2070.58
146,2502,2075.28
147,2575,2053.25
148,2575,2076.6
149,2575,2065.46
150,2575,2108.51
151,2575,2151.97
152,2539,2149.65
153,2539,2113.03
154,2539,2150.54
155,2539,2154.97
156,2564,2141.97
157,2564,2131.56
158,2564,2133.97
159,2539,2147.8
160,2539,2151.59
161,2564,2185.69
162,2564,2198.1
163,2539,2132.76
164,2539,2144.68
165,2539,2169.7
166,2539,2129.85
167,2539,2173.21
168,2539,2134.59
169,2539,2139.33
170,2539,2128.58
171,2539,2152.59
172,2539,2185.39
173,2539,2181.68
174,2484,2182.82
175,2539,2216.65
176,2539,2164.03
177,2539,2064.79
178,2539,2102.13
179,2539,2130.48
180,2539,2123.42
181,2550,2133.9
182,2550,2133.68
183,2550,2090
184,2550,2121.61
185,2550,2132.41
186,2550,2114.53
187,2539,2075.35
188,2539,2034.5
189,2539,2081.59
190,2564,2076.85
191,2564,2080.79
192,2564,2073.86
193,2539,2118.6
194,2539,2075.35
195,2539,2116.34
196,2539,2125.28
197,2550,2092.22
198,2476,2033.45
199,2564,1997.59
200,2539,1986.43
201,2459,1978.84
202,2539,2000.4
203,2491,2017.03
204,2544,2033.15
205,2544,2083.57
206,2539,2059.53
207,2539,2097.72
208,2539,2033.96
209,2539,2045.52
210,2539,2056.81
211,2539,2049.75
212,2539,2078.47
213,2539,2066.72
214,2539,2086.12
215,2539,2056.31
216,2539,2074.53
217,2518,2111.35
218,2550,2127.29
219,2539,2132.95
220,2539,2131.35
221,2539,2084.92
222,2525,2092.96
223,2525,2073.87
224,2533,2061.48
225,2480,2011.33
226,2480,1998.68
227,2558,2045.3
228,2533,2055.19
229,2455,2083.04
230,2533,2068.06
231,2550,2113.52
232,2569,2095.32
233,2474,2094.85
234,2474,2066.78
235,2459,2030.83
236,2459,2051.7
237,2459,2032.35
238,2459,1987.07
239,2479,2006.08
240,2550,1999.06
241,2550,2100.01
242,2518,2095.75
243,2537,2100.89
244,2518,2131.04
245,2518,2087.45
246,2500,2092.14
247,2500,2095.34
248,2512,2119.62
249,2539,2124.63
250,2539,2122.08
251,2539,2119.97
252,2539,2063.99
253,2539,2043.63
254,2539,2007.23
255,2539,2078.05
256,2539,2072.56
257,2539,2084.6
258,2550,2085.91
259,2550,2144.85
260,2575,2098.92
261,2575,2035.27
262,2550,2005.77
263,2479,1961.69
264,2575,1998.99
265,2564,2027.14
266,2511,2025.1
267,2511,2073.34
268,2511,2071.61
269,2468,2059
270,2564,2124.38
271,2575,2100.37
272,2468,2111.93
273,2468,2171.74
274,2486,2142.7
275,2448,2128.6
276,2516,2111.31
277,2516,2073.11
278,2516,2110.83
279,2564,2124.69
280,2564,2143.3
281,2516,2171.17
282,2500,2189.88
283,2546,2221.23
284,2516,2198.02
285,2516,2169.8
286,2516,2155.31
287,2546,2154.22
288,2500,2116.84
289,2550,2108.39
290,2500,2114.5
291,2537,2122.48
292,2537,2098.18
293,2500,2078.91
294,2500,2103.12
295,2500,2118.78
296,2537,2121.57
297,2537,2136.66
298,2537,2105.8
299,2537,2060.49
Population size,100
Crossover rate,0.66
Mutation rate,0.34
Random selection portion,0.03
Selection method,AForge.Genetic.RouletteWheelSelection
Diversity check,True
Iteration,FitnessMax,FitnessAvg
0,2392,1472.91
1,2277,1519.85
2,2277,1675.61
3,2277,1716.88
4,2302,1752.5
5,2302,1808.84
6,2302,1785.5
7,2301,1774.39
8,2214,1808.96
9,2228,1852.16
10,2253,1816.71
11,2266,1841.41
12,2264,1864.03
13,2233,1875.27
14,2233,1899.37
15,2342,1936.63
16,2391,1961.37
17,2342,1940.25
18,2342,1943.31
19,2359,1979.72
20,2463,2008.18
21,2484,1931.59
22,2463,1936.49
23,2342,1928.14
24,2437,1954.03
25,2461,1963.21
26,2461,1995.95
27,2463,2023.14
28,2463,2070.51
29,2463,2066.27
30,2463,2063
31,2463,2064.34
32,2463,2073.38
33,2463,2080.2
34,2463,2046.7
35,2463,2083.44
36,2526,2067.44
37,2463,2048.3
38,2459,2052.07
39,2459,2072.02
40,2459,2054.58
41,2459,1996.47
42,2459,2048.66
43,2488,2035.09
44,2488,2054.99
45,2499,2049.15
46,2499,2077.92
47,2437,2049.55
48,2437,2049.5
49,2458,2029.26
50,2458,2024.94
51,2458,2016.44
52,2458,2021.03
53,2461,2088.42
54,2458,2136.21
55,2458,2116.09
56,2374,2083.08
57,2374,2071.4
58,2458,2105.96
59,2458,2065.19
60,2437,2122.27
61,2398,2083.64
62,2399,2084.48
63,2411,2076.21
64,2411,2092.89
65,2437,2114.9
66,2437,2091.01
67,2437,2108.07
68,2415,2087.28
69,2415,2058.35
70,2415,2104.59
71,2420,2085.05
72,2420,2113.83
73,2420,2088.88
74,2420,2059.8
75,2511,2105.13
76,2420,2081.46
77,2473,2098.16
78,2558,2104.49
79,2558,2067.41
80,2558,2150.12
81,2473,2130.69
82,2440,2145.31
83,2473,2123.74
84,2473,2134.4
85,2507,2154.46
86,2481,2092.87
87,2481,2097.26
88,2424,2075.17
89,2481,2071.03
90,2481,2065.02
91,2481,2087.23
92,2506,2082.65
93,2506,2092.92
94,2506,2106.71
95,2506,2150.89
96,2506,2140.07
97,2495,2146.48
98,2495,2091.96
99,2495,2088.81
100,2495,2120.63
101,2495,2130.5
102,2495,2134.36
103,2442,2086.94
104,2396,2056.03
105,2323,2077.94
106,2391,2022.94
107,2391,2054.82
108,2391,2040.56
109,2391,2057.17
110,2334,2008.24
111,2374,2006.34
112,2416,2005.76
113,2374,2003.62
114,2469,2017.75
115,2469,1948.82
116,2469,2010.73
117,2469,2033.08
118,2469,2037.79
119,2469,2014.15
120,2469,2022.1
121,2469,2025.67
122,2469,2019.41
123,2420,2037.87
124,2420,2047.5
125,2463,2042.16
126,2400,2017.63
127,2400,2000.91
128,2478,2030.58
129,2478,2016.56
130,2404,2007.05
131,2363,2038.08
132,2426,2035.36
133,2511,2007.64
134,2440,1977.6
135,2440,2037.55
136,2440,2013.31
137,2440,1982.98
138,2440,2007.42
139,2440,1991.65
140,2518,1997.99
141,2518,2034.8
142,2518,2021.06
143,2518,1957.39
144,2440,1968.29
145,2518,2008.12
146,2440,2020.63
147,2440,2004.62
148,2420,1985.45
149,2371,1988.23
150,2371,2007.44
151,2511,2013.05
152,2511,2022.53
153,2511,2056.16
154,2511,2030.53
155,2511,2072.57
156,2511,2092.11
157,2511,2032.12
158,2522,1985.42
159,2522,1944.47
160,2522,2001.11
161,2409,2051.23
162,2460,2058.66
163,2460,2045.96
164,2460,2065.09
165,2512,2068.83
166,2486,2062.72
167,2449,2045.66
168,2449,2042.07
169,2498,2037.4
170,2449,2068.32
171,2459,2065.03
172,2463,2093.92
173,2474,2104.94
174,2507,2159.69
175,2507,2147.46
176,2507,2079.46
177,2507,2128.49
178,2516,2136.6
179,2507,2113.73
180,2507,2140.14
181,2500,2134.15
182,2500,2137.47
183,2551,2195.4
184,2551,2181.04
185,2551,2180.42
186,2551,2201.54
187,2551,2178.81
188,2551,2150.05
189,2551,2161.61
190,2551,2153.46
191,2507,2185.01
192,2480,2188.81
193,2507,2152.03
194,2507,2154.57
195,2475,2148.14
196,2480,2135.1
197,2507,2134.17
198,2551,2123.23
199,2480,2074.58
200,2480,2085.99
201,2500,2074.78
202,2526,2085.34
203,2526,2128.38
204,2526,2116.57
205,2493,2139.62
206,2526,2122.33
207,2526,2116.52
208,2546,2126.27
209,2526,2172.31
210,2526,2170.51
211,2526,2125
212,2526,2110.05
213,2526,2075.57
214,2526,2073.88
215,2526,2077.73
216,2511,2112.13
217,2511,2085.11
218,2511,2075.56
219,2511,2129.76
220,2511,2091.92
221,2511,2090.24
222,2480,2041.73
223,2480,2050.86
224,2487,2030.66
225,2487,2043.87
226,2487,2000.83
227,2480,2010.86
228,2480,2019.76
229,2480,2050.94
230,2480,2037.96
231,2551,2039.19
232,2431,2020.05
233,2431,1986.44
234,2431,1980.55
235,2431,1947.77
236,2455,2000.58
237,2455,2007.59
238,2558,2057.95
239,2558,1999.79
240,2466,2072.4
241,2466,2082.49
242,2487,1999.93
243,2512,2013.86
244,2487,2009.97
245,2487,1969.04
246,2487,1970.63
247,2487,1985.11
248,2422,2012.26
249,2422,2040.96
250,2487,2073.61
251,2487,2026.35
252,2487,2007.41
253,2487,2020.8
254,2525,2044.98
255,2525,2083.18
256,2505,2045.81
257,2505,2026.28
258,2487,2057.35
259,2501,2062.23
260,2501,2073.76
261,2501,2093.14
262,2526,2086.87
263,2501,2116.42
264,2544,2101.88
265,2501,2064.48
266,2386,2037.86
267,2470,2026.08
268,2470,2032.26
269,2470,2040.33
270,2348,2038.45
271,2423,2069.08
272,2421,2058.36
273,2464,2050.31
274,2464,2055.01
275,2464,2058.42
276,2464,2069.99
277,2489,2063.98
278,2464,2071.46
279,2429,2129.86
280,2501,2109.12
281,2501,2085.34
282,2526,2029.79
283,2526,2059.87
284,2448,2006
285,2448,2030.62
286,2465,1980.95
287,2465,2026.91
288,2489,2027.71
289,2489,2079.94
290,2537,2126.32
291,2537,2069.29
292,2465,2036.36
293,2424,2060.82
294,2411,2025.77
295,2432,2031.06
296,2419,2022.36
297,2489,2005.64
298,2444,2006.15
299,2444,2004.49
Population size,100
Crossover rate,0.51
Mutation rate,0.79
Random selection portion,0.03
Selection method,AForge.Genetic.RankSelection
Diversity check,True
Iteration,FitnessMax,FitnessAvg
0,2147,1515.12
1,2147,1645.43
2,2216,1777.73
3,2242,1837.47
4,2387,1912.78
5,2355,1909.44
6,2355,2003.06
7,2434,2045.14
8,2434,2103.54
9,2398,2130.54
10,2429,2175.8
11,2402,2195.71
12,2493,2193.03
13,2493,2237.16
14,2480,2152.75
15,2480,2257.37
16,2480,2240.68
17,2482,2288.3
18,2489,2273.04
19,2512,2291.61
20,2523,2327.47
21,2512,2330.93
22,2493,2262.14
23,2493,2341.47
24,2523,2334.83
25,2523,2373.12
26,2523,2338.73
27,2523,2339.09
28,2523,2322.96
29,2523,2362.57
30,2523,2339.74
31,2523,2361.64
32,2525,2371.22
33,2525,2347.75
34,2525,2350.64
35,2525,2391.91
36,2536,2392.48
37,2536,2429.72
38,2536,2372.36
39,2536,2440.51
40,2526,2425.75
41,2564,2433.46
42,2564,2443.13
43,2564,2439
44,2558,2373.64
45,2558,2404.85
46,2558,2439.93
47,2558,2442.84
48,2569,2432.83
49,2569,2427.13
50,2582,2418.69
51,2582,2430.76
52,2582,2486.89
53,2582,2482.92
54,2582,2453.03
55,2582,2430.07
56,2582,2479.57
57,2582,2499.67
58,2582,2422.11
59,2582,2472.56
60,2582,2504.64
61,2209,1521.4
62,2209,1707.82
63,2209,1790.42
64,2209,1874.93
65,2296,1903.67
66,2272,1951.02
67,2345,1991.68
68,2322,2023.57
69,2403,2033
70,2403,2107.96
71,2474,2158.75
72,2474,2186.07
73,2486,2191.9
74,2524,2237.13
75,2524,2243.1
76,2524,2302.98
77,2524,2322.83
78,2575,2344.78
79,2536,2321.33
80,2529,2378.95
81,2582,2378.89
82,2582,2411.7
83,2582,2396.42
84,2582,2427.59
85,2582,2403.25
86,2582,2430.21
87,2582,2419.02
88,2582,2391.82
89,2582,2399.11
90,2582,2414.22
91,2582,2410.85
92,2582,2448.19
93,2582,2395.99
94,2582,2406.97
95,2582,2410.43
96,2575,2487.53
97,2575,2476.64
98,2575,2414.93
99,2575,2420.09
100,2575,2444.6
101,2575,2489.66
102,2575,2469.1
103,2575,2463.66
104,2575,2436.58
105,2582,2428.17
106,2575,2359.81
107,2582,2420.2
108,2582,2450.31
109,2582,2474.84
110,2582,2485.71
111,2582,2515.04
112,2582,1543.46
113,2582,1704.7
114,2582,1828.62
115,2582,1896.85
116,2582,2045.03
117,2582,2109.16
118,2582,2151.93
119,2582,2223
120,2582,2295
121,2582,2327.74
122,2582,2327.05
123,2582,2341.5
124,2582,2392.89
125,2582,2393.17
126,2582,2425.75
127,2582,2435.74
128,2582,2460.52
129,2582,2472.71
130,2582,2480.7
131,2582,2481.55
132,2582,2466.11
133,2582,2465.19
134,2582,2499.05
135,2582,2495.65
136,2582,2500.01
137,2582,2514.04
138,2582,1622.16
139,2582,1762.89
140,2582,1871.12
141,2582,2003.88
142,2582,2098.78
143,2571,2163.16
144,2582,2244.91
145,2582,2284.37
146,2582,2301.39
147,2575,2299.19
148,2582,2367.55
149,2575,2375.71
150,2575,2411.28
151,2582,2404.13
152,2582,2418.81
153,2582,2447.6
154,2582,2447.34
155,2582,2409.92
156,2582,2472.69
157,2582,2452.92
158,2582,2437.82
159,2582,2433.65
160,2582,2497.54
161,2582,2470.18
162,2582,2490.2
163,2582,2445.78
164,2582,2496.99
165,2582,2419.24
166,2582,2473.88
167,2582,2477.76
168,2582,2433.39
169,2582,2496.42
170,2582,2508.69
171,2582,1447.48
172,2582,1665.47
173,2582,1845.78
174,2582,1910.4
175,2582,1993.48
176,2582,2048.46
177,2529,2133.16
178,2529,2170.9
179,2582,2216.45
180,2529,2226.53
181,2529,2286.75
182,2575,2325.89
183,2575,2334.9
184,2513,2324.49
185,2582,2389.38
186,2582,2391.55
187,2582,2389.53
188,2582,2429.01
189,2582,2409.16
190,2582,2447.9
191,2582,2418.41
192,2582,2449.17
193,2582,2444.92
194,2582,2467.88
195,2582,2467.54
196,2582,2438.78
197,2582,2448.44
198,2582,2438.56
199,2582,2453.76
200,2582,2484
201,2582,2430.52
202,2582,2433.7
203,2582,2497.38
204,2582,2428.58
205,2582,2496.18
206,2582,2434.6
207,2582,2464.1
208,2582,2418.51
209,2582,2491.79
210,2582,2460.84
211,2582,2463.98
212,2582,2507.99
213,2346,1562.46
214,2346,1729.03
215,2346,1854.82
216,2346,1935.39
217,2395,1917.29
218,2395,2028.27
219,2407,2081.99
220,2404,2132.06
221,2404,2138.55
222,2403,2146.93
223,2417,2135.33
224,2423,2218.2
225,2487,2280.33
226,2522,2254.23
227,2522,2272.29
228,2522,2319.45
229,2522,2316.73
230,2522,2326.61
231,2522,2304.31
232,2522,2313.23
233,2522,2281.52
234,2522,2283.36
235,2522,2271.69
236,2522,2249.73
237,2522,2331.39
238,2522,2332.77
239,2537,2326.9
240,2537,2372.71
241,2537,2388.29
242,2537,2362.4
243,2551,2362.17
244,2551,2364.32
245,2562,2386.29
246,2562,2383.09
247,2562,2432.47
248,2562,2438.55
249,2571,2383.08
250,2571,2446.93
251,2571,2469.99
252,2571,2464
253,2569,2473.55
254,2569,2458.04
255,2562,2467.65
256,2569,2442.23
257,2569,2383.38
258,2569,2428.57
259,2569,2448.76
260,2569,2452.22
261,2569,2469.09
262,2569,2458.45
263,2569,2460.68
264,2569,2448.71
265,2569,2432.06
266,2569,2453.55
267,2569,2482.5
268,2569,2442.02
269,2569,2440.5
270,2569,2474.47
271,2569,2442.54
272,2571,2444.31
273,2571,2477.2
274,2569,2477.9
275,2569,2475.74
276,2569,2512.76
277,2569,1595.98
278,2569,1734.93
279,2416,1849.12
280,2466,1924.68
281,2466,1995.7
282,2466,2018.25
283,2466,2082.58
284,2466,2155.91
285,2466,2197
286,2466,2197.78
287,2466,2196.15
288,2466,2212.02
289,2466,2231.38
290,2466,2246.55
291,2439,2215.88
292,2440,2260.94
293,2493,2265.91
294,2509,2274.35
295,2509,2260.76
296,2509,2265.16
297,2509,2359.28
298,2537,2303.82
299,2537,2356.28
Population size,100
Crossover rate,0.51
Mutation rate,0.79
Random selection portion,0.03
Selection method,AForge.Genetic.RankSelection
Diversity check,False
Iteration,FitnessMax,FitnessAvg
0,2285,1590.64
1,2272,1682.81
2,2283,1778.48
3,2328,1846.3
4,2360,1928.22
5,2346,2000.97
6,2476,2062.21
7,2424,2087.74
8,2557,2170.93
9,2498,2211
10,2557,2276.55
11,2557,2312.85
12,2557,2311.11
13,2557,2348.39
14,2557,2360.68
15,2557,2375.44
16,2557,2402.76
17,2569,2333.43
18,2569,2342.42
19,2569,2412.77
20,2569,2419
21,2569,2436.74
22,2569,2456.12
23,2569,2412.96
24,2569,2443.27
25,2569,2444.4
26,2569,2450.21
27,2569,2422.85
28,2569,2487.73
29,2569,2443.43
30,2569,2434.56
31,2569,2465.08
32,2569,2436.8
33,2569,2484.08
34,2569,2435.95
35,2569,2381.71
36,2569,2448.6
37,2569,2475.85
38,2569,2480.15
39,2569,2467.12
40,2569,2455.04
41,2569,2465.46
42,2569,2447.22
43,2569,2498.92
44,2569,2514.71
45,2569,2441.92
46,2569,2482.25
47,2569,2492.01
48,2569,2481.09
49,2569,2463.13
50,2569,2476.2
51,2569,2510.5
52,2569,2500.88
53,2569,2500.4
54,2569,2458.22
55,2569,2479.53
56,2569,2470.46
57,2569,2474.08
58,2569,2479.95
59,2569,2486.21
60,2569,2507.03
61,2569,2505.96
62,2569,2507.6
63,2569,2491.05
64,2569,2518.13
65,2569,2478.58
66,2569,2483.07
67,2569,2484.3
68,2569,2490.94
69,2569,2465.7
70,2569,2495.82
71,2569,2452.13
72,2569,2489.31
73,2569,2494.32
74,2569,2481.93
75,2569,2425.93
76,2569,2423.75
77,2569,2460.93
78,2569,2479.23
79,2569,2502.68
80,2569,2479.7
81,2569,2505.8
82,2569,2478.88
83,2569,2499.85
84,2569,2515.23
85,2569,2475.07
86,2569,2504.8
87,2569,2499.4
88,2569,2453.05
89,2569,2472.74
90,2569,2486.25
91,2569,2475.16
92,2569,2505.09
93,2569,2483.48
94,2569,2485.58
95,2569,2442.07
96,2569,2417.76
97,2569,2503.16
98,2569,2502.66
99,2569,2506.95
100,2569,2499.52
101,2569,2488.57
102,2569,2443.19
103,2569,2505.55
104,2569,2489.94
105,2569,2476.31
106,2569,2425.47
107,2569,2497.19
108,2569,2434.92
109,2569,2492.08
110,2569,2486.38
111,2569,2466.3
112,2569,2487.87
113,2569,2515.68
114,2569,2484.38
115,2569,2490.36
116,2569,2499.59
117,2569,2460.41
118,2569,2472.33
119,2569,2479.12
120,2569,2504.27
121,2569,2492.84
122,2569,2479.22
123,2569,2465.7
124,2569,2480.43
125,2569,2487.51
126,2569,2453.99
127,2569,2482.55
128,2569,2491.56
129,2569,2492.41
130,2569,2350.09
131,2569,2494.17
132,2569,2498.37
133,2569,2483.81
134,2569,2499.59
135,2569,2442.78
136,2569,2507.57
137,2569,2487.71
138,2569,2481.1
139,2569,2433.73
140,2569,2463.2
141,2569,2499.71
142,2569,2493.15
143,2569,2485.72
144,2582,2496.39
145,2582,2510
146,2569,2469.16
147,2569,2461.77
148,2569,2502.83
149,2569,2504.91
150,2569,2493.88
151,2569,2442.4
152,2569,2488.96
153,2569,2485.8
154,2569,2445.75
155,2569,2481.28
156,2569,2478.77
157,2569,2486.35
158,2569,2374.41
159,2569,2469.11
160,2569,2507.95
161,2569,2445.5
162,2569,2459.62
163,2569,2440.3
164,2569,2431.82
165,2569,2415.03
166,2569,2483.2
167,2569,2493.99
168,2582,2498.63
169,2582,2505.47
170,2582,2468.89
171,2582,2449.06
172,2569,2499.82
173,2569,2498.65
174,2569,2498
175,2569,2503.49
176,2569,2476.6
177,2569,2494.49
178,2569,2491.58
179,2569,2483.07
180,2569,2465.91
181,2569,2481.75
182,2569,2484.72
183,2569,2484.89
184,2569,2478.21
185,2569,2486.47
186,2569,2494.7
187,2569,2492.97
188,2569,2497.49
189,2569,2477.35
190,2569,2452.97
191,2569,2469.6
192,2569,2475.05
193,2569,2472.68
194,2569,2474.74
195,2569,2495.49
196,2569,2466.62
197,2569,2446.07
198,2569,2501.73
199,2569,2492.28
200,2569,2511.32
201,2569,2503.87
202,2569,2504.51
203,2569,2512.12
204,2569,2482.12
205,2569,2488.13
206,2569,2493.74
207,2569,2478.15
208,2569,2472.95
209,2569,2505.39
210,2569,2498.29
211,2569,2462.21
212,2569,2499.67
213,2569,2497.98
214,2569,2489.21
215,2569,2495.77
216,2569,2478.06
217,2569,2487.39
218,2569,2499.86
219,2569,2504.22
220,2569,2473.06
221,2569,2492.08
222,2569,2507.65
223,2569,2458.53
224,2569,2492.14
225,2569,2467.77
226,2569,2464.86
227,2569,2478.14
228,2569,2485.59
229,2569,2469.96
230,2569,2481.44
231,2569,2485.19
232,2569,2463.47
233,2569,2498.34
234,2569,2490.46
235,2569,2447.59
236,2569,2489.19
237,2569,2479.23
238,2569,2483.03
239,2569,2457.27
240,2569,2484.76
241,2569,2423.01
242,2569,2438.03
243,2569,2458.96
244,2569,2490.17
245,2569,2501.53
246,2569,2484.76
247,2569,2486.25
248,2569,2512.31
249,2569,2446.11
250,2569,2495.72
251,2569,2499.06
252,2569,2472.04
253,2569,2490.78
254,2569,2514.11
255,2569,2504.74
256,2569,2502.73
257,2569,2478.02
258,2569,2472.25
259,2569,2516.58
260,2569,2501.43
261,2569,2512.39
262,2569,2491.86
263,2569,2494.21
264,2569,2500.01
265,2569,2485.45
266,2569,2520.94
267,2569,2471.54
268,2569,2492.62
269,2569,2432.14
270,2569,2500.91
271,2569,2499.64
272,2569,2481.08
273,2569,2481.42
274,2569,2474.16
275,2569,2477.46
276,2569,2470.86
277,2569,2472.73
278,2569,2486.16
279,2569,2452.63
280,2569,2492.34
281,2569,2495.71
282,2569,2485.42
283,2569,2498.01
284,2569,2499.81
285,2569,2478.38
286,2569,2490.03
287,2569,2484.05
288,2569,2499.15
289,2569,2522.03
290,2569,2478.67
291,2569,2492.7
292,2569,2497
293,2569,2501.97
294,2569,2505.35
295,2569,2477.1
296,2569,2500.21
297,2569,2469.03
298,2569,2453.11
299,2569,2477.43
Population size,100
Crossover rate,0.22
Mutation rate,0.87
Random selection portion,0.03
Selection method,AForge.Genetic.EliteSelection
Diversity check,False
Iteration,FitnessMax,FitnessAvg
0,2318,1706.21
1,2318,1868.14
2,2318,1971.09
3,2398,2025.39
4,2398,2087.27
5,2398,2130.53
6,2398,2168.5
7,2423,2232.11
8,2423,2231.91
9,2511,2286.45
10,2511,2313.85
11,2511,2349.11
12,2511,2359.91
13,2511,2371.71
14,2521,2357.14
15,2521,2400.97
16,2521,2411.24
17,2521,2380.63
18,2546,2419.84
19,2546,2425.82
20,2546,2435.52
21,2546,2451.1
22,2546,2463.54
23,2546,2458.37
24,2546,2448.57
25,2569,2460.86
26,2569,2478.24
27,2569,2479.76
28,2569,2462.72
29,2569,2486.17
30,2569,2473.89
31,2569,2499.81
32,2569,2473.7
33,2569,2504.57
34,2569,2496.71
35,2569,2506.63
36,2569,2520.07
37,2569,2505.26
38,2569,2517.92
39,2569,2524.94
40,2569,2535.79
41,2569,2524.27
42,2569,2528.44
43,2569,2518.92
44,2569,2533.56
45,2569,2536.29
46,2569,2531.64
47,2569,2525.52
48,2569,2541.05
49,2569,2530.81
50,2569,2520.23
51,2569,2533.13
52,2569,2535.38
53,2569,2538.18
54,2569,2532.24
55,2569,2535.47
56,2569,2538.63
57,2569,2538.71
58,2569,2536.34
59,2569,2535.67
60,2569,2530.74
61,2569,2539.2
62,2569,2535.47
63,2569,2529.81
64,2569,2538.48
65,2569,2515.49
66,2569,2525.11
67,2569,2517.95
68,2569,2534.92
69,2569,2536.03
70,2569,2536.58
71,2569,2537.84
72,2569,2540.44
73,2569,2534.35
74,2569,2533.09
75,2569,2538.28
76,2569,2531.33
77,2569,2530.15
78,2569,2534.13
79,2569,2531.24
80,2569,2534.3
81,2569,2527.4
82,2569,2537.95
83,2569,2522.39
84,2569,2536.51
85,2569,2530.05
86,2569,2533.24
87,2569,2531.81
88,2569,2530.11
89,2569,2526.13
90,2569,2521.68
91,2569,2528.84
92,2569,2528.12
93,2569,2517.8
94,2569,2534.41
95,2569,2531.92
96,2569,2529.86
97,2569,2534.27
98,2569,2531.81
99,2569,2522.23
100,2569,2538.52
101,2569,2535.37
102,2569,2514.27
103,2569,2540.52
104,2569,2522.69
105,2569,2516.58
106,2569,2530.07
107,2569,2520.47
108,2569,2540.67
109,2569,2545.74
110,2569,2544.31
111,2569,2506.06
112,2569,2540.69
113,2569,2530.61
114,2569,2536.74
115,2569,2520.63
116,2569,2539.19
117,2569,2532.16
118,2569,2523.76
119,2569,2519.05
120,2569,2540.3
121,2569,2536.29
122,2569,2520.85
123,2569,2530.31
124,2569,2539.77
125,2569,2543.23
126,2569,2538.73
127,2569,2543.79
128,2569,2540.9
129,2569,2530.6
130,2569,2542.7
131,2569,2537.97
132,2569,2535.86
133,2569,2530.68
134,2569,2534.87
135,2569,2509.62
136,2569,2536.17
137,2569,2526.24
138,2569,2535.25
139,2569,2533.84
140,2569,2524.18
141,2569,2529.16
142,2569,2532.35
143,2569,2534.84
144,2569,2539.3
145,2569,2532.14
146,2569,2519.46
147,2569,2521.93
148,2569,2542.17
149,2569,2501.64
150,2569,2531.09
151,2569,2528.45
152,2569,2533.91
153,2569,2542.38
154,2569,2504.49
155,2569,2536.04
156,2569,2533.8
157,2569,2534.35
158,2569,2545.85
159,2569,2523.52
160,2569,2533.78
161,2569,2531.71
162,2569,2522.78
163,2569,2529.11
164,2569,2537.62
165,2569,2530.65
166,2569,2542.48
167,2569,2526.64
168,2569,2530.7
169,2569,2531.3
170,2569,2524.5
171,2569,2535.8
172,2569,2525.3
173,2569,2535.67
174,2569,2536.42
175,2569,2538.23
176,2569,2529.35
177,2569,2533.25
178,2569,2521.18
179,2569,2526.77
180,2569,2528.03
181,2569,2516.75
182,2569,2534.79
183,2569,2532.79
184,2569,2533.65
185,2569,2533.05
186,2569,2532.86
187,2569,2542.45
188,2569,2525.99
189,2569,2536.01
190,2569,2536.93
191,2569,2533.88
192,2569,2523.58
193,2569,2523.64
194,2569,2540.52
195,2569,2527.6
196,2569,2534.56
197,2569,2522.9
198,2569,2529
199,2569,2525.36
200,2569,2520.43
201,2569,2537.23
202,2569,2535.66
203,2569,2544.43
204,2569,2544.95
205,2569,2533.84
206,2569,2540.41
207,2569,2520.6
208,2569,2545.81
209,2569,2538.23
210,2569,2532.71
211,2569,2537.98
212,2569,2526.26
213,2569,2518.87
214,2569,2537.5
215,2569,2530.28
216,2569,2529.08
217,2569,2529.4
218,2569,2533.91
219,2569,2541.33
220,2569,2536.04
221,2569,2544.74
222,2569,2508.9
223,2569,2533.98
224,2569,2542.22
225,2569,2532.69
226,2569,2526.16
227,2569,2536.85
228,2569,2539.29
229,2569,2535.17
230,2569,2535.96
231,2569,2540.33
232,2569,2518.09
233,2569,2517.46
234,2569,2533.32
235,2569,2518.32
236,2569,2530.4
237,2569,2534.08
238,2569,2530.3
239,2569,2530.27
240,2569,2531.03
241,2569,2531.86
242,2569,2528.18
243,2569,2534.57
244,2569,2516.79
245,2569,2523.69
246,2569,2535.08
247,2569,2529.95
248,2569,2529.84
249,2569,2535.43
250,2569,2521.05
251,2569,2524.19
252,2569,2543.89
253,2569,2528.7
254,2569,2538.16
255,2569,2533.74
256,2569,2525.58
257,2569,2540.9
258,2569,2541.46
259,2569,2536.43
260,2569,2530.85
261,2569,2537.7
262,2569,2537.29
263,2569,2504
264,2569,2532.26
265,2569,2536.81
266,2569,2521.69
267,2569,2540.11
268,2569,2529.54
269,2569,2544.52
270,2569,2534.59
271,2569,2520.7
272,2569,2537.75
273,2569,2519.6
274,2569,2533.68
275,2569,2536.08
276,2569,2529.8
277,2569,2536.66
278,2569,2547.04
279,2569,2537.1
280,2569,2534.07
281,2569,2511.97
282,2569,2524.41
283,2569,2532.61
284,2569,2533.98
285,2569,2519.84
286,2569,2544.14
287,2569,2531.18
288,2569,2532.21
289,2569,2540.38
290,2569,2510.4
291,2569,2521.53
292,2569,2520.4
293,2569,2541.83
294,2569,2539.44
295,2569,2517.5
296,2569,2518.51
297,2569,2527.54
298,2569,2531.53
299,2569,2524.08
Population size,100
Crossover rate,0.22
Mutation rate,0.87
Random selection portion,0.03
Selection method,AForge.Genetic.EliteSelection
Diversity check,True
Iteration,FitnessMax,FitnessAvg
0,2159,1661.77
1,2159,1814.19
2,2243,1928.14
3,2262,2031.1
4,2466,2084.92
5,2498,2149.26
6,2498,2220.77
7,2498,2266.33
8,2498,2300.94
9,2526,2338.46
10,2537,2363.36
11,2537,2390.29
12,2551,2405.4
13,2551,2406.19
14,2569,2431.33
15,2569,2463.44
16,2569,2462.88
17,2582,2485.03
18,2582,2493.65
19,2582,2503.68
20,2582,2485.37
21,2582,2502.22
22,2582,2496.16
23,2582,2516.97
24,2582,1667.22
25,2582,1833.81
26,2582,1934.09
27,2582,2050.96
28,2582,2134.03
29,2582,2213.19
30,2582,2271.5
31,2582,2329.51
32,2582,2377.35
33,2582,2386.33
34,2582,2431.06
35,2582,2445.01
36,2582,2460.46
37,2582,2488.68
38,2582,2495.85
39,2582,2502.99
40,2582,2505.95
41,2582,1665.76
42,2582,1828.25
43,2582,1925.88
44,2582,2016.75
45,2582,2070.52
46,2582,2163.74
47,2582,2220.99
48,2582,2280.48
49,2582,2323.7
50,2582,2368.28
51,2582,2397.68
52,2582,2419.53
53,2582,2438.26
54,2582,2465.34
55,2582,2467.9
56,2582,2498.51
57,2582,2502.35
58,2582,2516.03
59,2582,1642.53
60,2582,1823.59
61,2582,1954.43
62,2582,2048.16
63,2582,2127.26
64,2582,2177.55
65,2582,2243.47
66,2582,2273.91
67,2582,2319.34
68,2582,2351.05
69,2582,2387.51
70,2582,2436.97
71,2582,2463.22
72,2582,2464.89
73,2582,2490.77
74,2582,2500.66
75,2582,2518.88
76,2582,1595.8
77,2582,1731.28
78,2582,1876.06
79,2582,2000.83
80,2582,2098.82
81,2582,2212.49
82,2582,2277.81
83,2582,2350.54
84,2582,2378.76
85,2582,2400.08
86,2582,2449.81
87,2582,2472.38
88,2582,2485.93
89,2582,2497.22
90,2582,2503.19
91,2582,2501.46
92,2582,2509.92
93,2582,1677.48
94,2582,1835.42
95,2582,1954.83
96,2582,2032.7
97,2582,2122.28
98,2582,2187.5
99,2582,2248.17
100,2582,2305
101,2582,2359.21
102,2582,2403.95
103,2582,2428.2
104,2582,2449.56
105,2582,2477.51
106,2582,2490.14
107,2582,2476.38
108,2582,2507.48
109,2582,1677.1
110,2582,1840.66
111,2582,1964.79
112,2582,2049.54
113,2582,2143.02
114,2582,2215.94
115,2582,2272.47
116,2582,2341.25
117,2582,2410.66
118,2582,2431.54
119,2582,2459.72
120,2582,2478.29
121,2582,2491.88
122,2582,2502.01
123,2582,2517.01
124,2582,1700.09
125,2582,1861.29
126,2582,1968.8
127,2582,2038.1
128,2582,2113.65
129,2582,2162.79
130,2582,2263.42
131,2582,2330.16
132,2582,2380.65
133,2582,2401.62
134,2582,2470.89
135,2582,2482.95
136,2582,2511.98
137,2582,1687.33
138,2582,1817.44
139,2582,1964.91
140,2582,2065.51
141,2582,2123.54
142,2582,2167.97
143,2582,2232.91
144,2582,2274.18
145,2582,2319.05
146,2582,2351.56
147,2582,2381.17
148,2582,2425.87
149,2582,2436.44
150,2582,2462.37
151,2582,2464.63
152,2582,2475.79
153,2582,2491.91
154,2582,2496.68
155,2582,2520.2
156,2582,1711.92
157,2582,1848.17
158,2582,1954.98
159,2582,2043.71
160,2582,2125.15
161,2582,2197.27
162,2582,2252.79
163,2582,2305.11
164,2582,2361.31
165,2582,2410.5
166,2582,2444.22
167,2582,2476.7
168,2582,2488.82
169,2582,2498.05
170,2582,2520.35
171,2582,1672.22
172,2582,1818.68
173,2582,1959.27
174,2582,2075.19
175,2582,2155.91
176,2582,2260.64
177,2582,2311.47
178,2582,2351.36
179,2582,2388.65
180,2582,2435.07
181,2582,2453.76
182,2582,2473.53
183,2582,2488.14
184,2582,2504.58
185,2582,1684.13
186,2582,1816.97
187,2582,1914.83
188,2582,2006.58
189,2582,2104.7
190,2582,2170.05
191,2582,2244.32
192,2582,2324.38
193,2582,2363.55
194,2582,2396.73
195,2582,2424.77
196,2582,2438.92
197,2582,2478.19
198,2582,2481.83
199,2582,2496.89
200,2582,2521.48
201,2582,1622.91
202,2582,1782.97
203,2582,1893.39
204,2582,2019.6
205,2582,2115.53
206,2582,2171.46
207,2582,2228.56
208,2582,2291.33
209,2582,2330.72
210,2582,2355.71
211,2582,2398.98
212,2582,2420.47
213,2582,2435.04
214,2582,2460.55
215,2582,2461.37
216,2582,2460.92
217,2582,2491.03
218,2582,2523.24
219,2582,1586.78
220,2582,1746.05
221,2582,1880.18
222,2582,2007.77
223,2582,2100.65
224,2582,2211.55
225,2582,2301.72
226,2582,2346.46
227,2582,2413.96
228,2582,2453.01
229,2582,2485.35
230,2582,2487.82
231,2582,2522.64
232,2582,1664.87
233,2582,1824.05
234,2582,1942.89
235,2582,2042.06
236,2582,2103.92
237,2582,2168.93
238,2582,2235.53
239,2582,2303.77
240,2582,2368.27
241,2582,2406.7
242,2582,2437.88
243,2582,2459.09
244,2582,2476.63
245,2582,2503.41
246,2582,2517.61
247,2582,1697.22
248,2582,1837.65
249,2582,1942.68
250,2582,2049.88
251,2582,2130.2
252,2582,2210.67
253,2582,2290.15
254,2582,2322.14
255,2582,2374.01
256,2582,2408.02
257,2582,2437.86
258,2582,2473.03
259,2582,2484.54
260,2582,2494.15
261,2582,2500.87
262,2582,2496.04
263,2582,2532.32
264,2582,1640.12
265,2582,1796.65
266,2582,1867.41
267,2582,1954.88
268,2582,2032.66
269,2582,2119.56
270,2582,2193.99
271,2582,2240.24
272,2582,2302.46
273,2582,2349.14
274,2582,2377.75
275,2582,2419.62
276,2582,2435.11
277,2582,2478.53
278,2582,2493.26
279,2582,2513.39
280,2582,1670.91
281,2582,1856.65
282,2582,1967.98
283,2582,2060.51
284,2582,2138.47
285,2582,2187.55
286,2582,2267.53
287,2582,2310.61
288,2582,2345.28
289,2582,2383.73
290,2582,2429.25
291,2582,2437.23
292,2582,2457.87
293,2582,2476.14
294,2582,2490.95
295,2582,2499.1
296,2582,2516.37
297,2582,1669.47
298,2582,1862.62
299,2582,1954.61
Population size,100
Crossover rate,0.22
Mutation rate,0.87
Random selection portion,0.03
Selection method,AForge.Genetic.EliteSelection
Diversity check,True
Iteration,FitnessMax,FitnessAvg
0,2285,1650.46
1,2297,1813.91
2,2303,1922.57
3,2410,2043.25
4,2495,2115.23
5,2495,2169.33
6,2495,2211.22
7,2495,2249.86
8,2495,2296.05
9,2513,2302.89
10,2513,2326.62
11,2513,2331.51
12,2575,2368.83
13,2575,2375.6
14,2575,2393.91
15,2575,2409.34
16,2575,2426.04
17,2575,2441.3
18,2575,2442.37
19,2575,2467.05
20,2582,2487.28
21,2582,2466.99
22,2582,2477.77
23,2582,2507.01
24,2582,1680.97
25,2582,1844.65
26,2582,1962.94
27,2582,2049.7
28,2582,2125.37
29,2582,2187.91
30,2582,2257.6
31,2582,2309.9
32,2582,2339.6
33,2582,2386.59
34,2582,2425.07
35,2582,2442.05
36,2582,2468.49
37,2582,2465.46
38,2582,2483.11
39,2582,2486.34
40,2582,2506.67
41,2582,1696.31
42,2582,1866.86
43,2582,2019.17
44,2582,2110.43
45,2582,2169.84
46,2582,2254.48
47,2582,2306.46
48,2582,2326.06
49,2582,2356.33
Population size,100
Crossover rate,0.22
Mutation rate,0.87
Random selection portion,0.03
Selection method,AForge.Genetic.EliteSelection
Diversity check,True
Iteration,FitnessMax,FitnessAvg
0,2278,1689.89
1,2278,1832.25
2,2278,1898.32
3,2385,1977.61
4,2385,2046.95
5,2501,2132.88
6,2501,2205.31
7,2501,2241.08
8,2501,2272.81
9,2505,2296.28
10,2505,2338.55
11,2571,2381.04
12,2571,2389.65
13,2571,2413.06
14,2571,2436.3
15,2571,2439.56
16,2582,2437.22
17,2582,2466.45
18,2582,2479.91
19,2582,2487.84
20,2582,2495.42
21,2582,2491.99
22,2582,2511.34
23,2582,1635.43
24,2582,1765.25
25,2582,1860.6
26,2582,1958.01
27,2582,2013.11
28,2582,2094.85
29,2582,2185.47
