Population size,100
Crossover rate,0.66
Mutation rate,0.34
Random selection portion,0.03
Selection method,AForge.Genetic.RouletteWheelSelection
Diversity check,False
Iteration,FitnessMax,FitnessAvg
0,1767,1100.37
1,1824,1165.6
2,1824,1246.3
3,1944,1319.25
4,1944,1419.39
5,1943,1385.66
6,2011,1425.91
7,2011,1464.64
8,1943,1509.8
9,1943,1530.18
10,2011,1542.31
11,2011,1565.22
12,2011,1562.12
13,1943,1587.89
14,1944,1618.48
15,2011,1612.3
16,1944,1601.71
17,2011,1601.06
18,2011,1605.68
19,2011,1603.55
20,2011,1623.86
21,2011,1659.67
22,2011,1659.84
23,2011,1658.07
24,2011,1666.26
25,2011,1638.08
26,2011,1686.93
27,2011,1674.3
28,2011,1653.93
29,1929,1658.81
30,1929,1644.99
31,2011,1613.16
32,2011,1636.99
33,2011,1647.66
34,2011,1626.42
35,2011,1566.47
36,2011,1588.38
37,2011,1587.2
38,2011,1588.16
39,2011,1569.39
40,2011,1559.25
41,2011,1555.57
42,2011,1589.42
43,2011,1633.07
44,2011,1653.23
45,2011,1675.26
46,2011,1668.57
47,2011,1632.27
48,2011,1627.75
49,2011,1667.43
50,2011,1667.15
51,2011,1625.45
52,2011,1672.7
53,2011,1695.68
54,1944,1682.86
55,2011,1695.66
56,2011,1695.64
57,2011,1681.95
58,2011,1674.77
59,2011,1653.14
60,2011,1662.64
61,2011,1622.22
62,2011,1661.44
63,2011,1696.36
64,2011,1672.94
65,2011,1656.98
66,2011,1677.76
67,1944,1661.32
68,1946,1666.99
69,1946,1675.66
70,2011,1700.55
71,2011,1675.31
72,2011,1678.26
73,2011,1636.81
74,2011,1641.83
75,2011,1587.62
76,2011,1561.56
77,2011,1552.49
78,2011,1594.92
79,2011,1620.83
80,2011,1622.71
81,2011,1663.05
82,2011,1689.79
83,2011,1644.05
84,2011,1612.45
85,2011,1665.9
86,2011,1618.93
87,2011,1609
88,1892,1610.22
89,1892,1604.33
90,1892,1619.9
91,1892,1594.01
92,1944,1627.53
93,1944,1618.2
94,1944,1595.79
95,1939,1600.44
96,2011,1601.35
97,2011,1636.82
98,2011,1605.29
99,2011,1606.77
100,2011,1624.45
101,2011,1633.46
102,2011,1621.21
103,2011,1571.27
104,2011,1556.02
105,1944,1527.78
106,1944,1521.06
107,1944,1524.94
108,1944,1565.39
109,2011,1547.11
110,1939,1513.94
111,1892,1526.37
112,1944,1522.69
113,1944,1553.67
114,2011,1549.95
115,1892,1541.93
116,1946,1573.93
117,1946,1623.55
118,2011,1680.56
119,2011,1674.66
120,2011,1672.82
121,2011,1659.85
122,2011,1658.54
123,2011,1698.81
124,2011,1699.09
125,2011,1711.51
126,2011,1718.68
127,2011,1735.71
128,2011,1699.72
129,2011,1687.05
130,2011,1682.77
131,2011,1673.03
132,2011,1702.27
133,2011,1709.54
134,2011,1673.89
135,2011,1653.36
136,2011,1642.63
137,1892,1640.13
138,1944,1639.98
139,2011,1663.85
140,1946,1653.14
141,1944,1646.93
142,1944,1611.47
143,1944,1599.7
144,2011,1611.87
145,2011,1600.09
146,1944,1595.66
147,1944,1635.24
148,1944,1613.57
149,1944,1573.44
150,1944,1636.27
151,2011,1637.44
152,2011,1626.31
153,1944,1589.9
154,2011,1555.84
155,2011,1557.08
156,2011,1612.53
157,2011,1658.39
158,2011,1649.77
159,2011,1678.79
160,2011,1692.15
161,2011,1655.32
162,2011,1660.19
163,2011,1676.02
164,2011,1675.84
165,2011,1657.37
166,2011,1655.03
167,2011,1646.91
168,2011,1676.53
169,2011,1659.48
170,2011,1608.76
171,2011,1617.21
172,2011,1612.08
173,2011,1649.21
174,2011,1633.92
175,2011,1612.42
176,2011,1635.65
177,2011,1677.17
178,2011,1724.11
179,2011,1745.29
180,2011,1755.6
181,2011,1726.91
182,2011,1723.11
183,2011,1702.78
184,2011,1706.98
185,2011,1688.51
186,2011,1671.17
187,2011,1641.69
188,2011,1619.35
189,2011,1655.23
190,2011,1651.12
191,2011,1624.7
192,2011,1657.8
193,1939,1655.89
194,1946,1682.97
195,1944,1669.27
196,1943,1670.51
197,1943,1640.87
198,1927,1648.94
199,1944,1694.71
200,1944,1692.73
201,1946,1704.96
202,1945,1723.15
203,1946,1690.61
204,1946,1684.13
205,1946,1673.31
206,1944,1617.88
207,1946,1661.27
208,1946,1662.64
209,1946,1622.93
210,1946,1630.06
211,1946,1625.33
212,1946,1616.27
213,1944,1603.81
214,1944,1631.65
215,1944,1648.97
216,1944,1644.9
217,1944,1616.67
218,1946,1612.25
219,2011,1595.4
220,1946,1589.48
221,1946,1545.01
222,1946,1567.28
223,1946,1561.85
224,1946,1538.92
225,1946,1511.43
226,1946,1541.23
227,1929,1533.48
228,1929,1534.55
229,1946,1547.53
230,1946,1529.25
231,1946,1529.89
232,1946,1562.01
233,1946,1562.66
234,1946,1536.96
235,1946,1556.79
236,1944,1565.52
237,1946,1614.21
238,1944,1582.97
239,2011,1620.99
240,2011,1634.27
241,2011,1639.49
242,2011,1657.02
243,2011,1667.5
244,2011,1707.27
245,2011,1688.57
246,2011,1665.57
247,1944,1648.67
248,1946,1631.71
249,1946,1672.14
250,1946,1682.65
251,1946,1679.97
252,2011,1699.1
253,2011,1680.39
254,1944,1651.17
255,2011,1649.15
256,2011,1657.17
257,2011,1669.9
258,2011,1698.93
259,2011,1672.55
260,2011,1646.31
261,2011,1600.45
262,2011,1620.36
263,2011,1622.17
264,2011,1681.72
265,2011,1690.32
266,2011,1715.02
267,2011,1690.94
268,2011,1740.76
269,2011,1760.86
270,2011,1720.6
271,2011,1751.16
272,2011,1727.43
273,2011,1743.58
274,2011,1706.06
275,1946,1730.1
276,2011,1733.92
277,2011,1737.5
278,2011,1729.51
279,2011,1735.54
280,2011,1742.43
281,1946,1731.28
282,2011,1690.49
283,2011,1698.77
284,2011,1729.78
285,2011,1692.19
286,1944,1653.04
287,2011,1648.46
288,2011,1666.51
289,2011,1687.61
290,2011,1696.19
291,2011,1635.52
292,2011,1636.68
293,2011,1621.32
294,2011,1638.05
295,2011,1661.98
296,2011,1618.47
297,2011,1590.76
298,2011,1654.9
299,2011,1665.57
Population size,100
Crossover rate,0.66
Mutation rate,0.34
Random selection portion,0.03
Selection method,AForge.Genetic.RouletteWheelSelection
Diversity check,True
Iteration,FitnessMax,FitnessAvg
0,1788,1036.47
1,1788,1151.12
2,1788,1183.61
3,1611,1205.95
4,1686,1231.1
5,1827,1247.37
6,1827,1265.35
7,1827,1298.06
8,1827,1318.68
9,1827,1343.35
10,1862,1345.29
11,1946,1429.25
12,1946,1452.07
13,1946,1489.11
14,1946,1500.91
15,1946,1499.35
16,1946,1481.34
17,1946,1492.14
18,1946,1569.64
19,1946,1576.17
20,1946,1587.4
21,1946,1610.74
22,1946,1642.63
23,2011,1604.91
24,1946,1624.23
25,1946,1656.25
26,1946,1634.1
27,1946,1650.01
28,1946,1696.07
29,1946,1660.2
30,1946,1694.16
31,1946,1713.08
32,2011,1699.22
33,2011,1686.81
34,2011,1688.79
35,1946,1670.44
36,1946,1685.68
37,2011,1683.43
38,2011,1679.42
39,2011,1703.58
40,2011,1699.88
41,2011,1641.32
42,2011,1586.72
43,1946,1584.36
44,1944,1609.57
45,1945,1565.24
46,1945,1597
47,1946,1613.88
48,2011,1622.6
49,2011,1642.77
50,2011,1638.54
51,2011,1661.74
52,2011,1646.59
53,2011,1647.53
54,2011,1634.35
55,1946,1603.16
56,1945,1621.38
57,1945,1640.97
58,1943,1627.38
59,1944,1607.04
60,2011,1584
61,2011,1556.59
62,2011,1560.4
63,2011,1591.96
64,2011,1601.24
65,2011,1591.11
66,2011,1606.26
67,2011,1619.6
68,2011,1672.01
69,2011,1681.17
70,2011,1664.89
71,2011,1650.77
72,2011,1699.54
73,2011,1667.76
74,2011,1650.64
75,1946,1604.72
76,1946,1636.62
77,1946,1688.41
78,1946,1659.05
79,1946,1663.94
80,1946,1636.31
81,1946,1635.31
82,1946,1618.75
83,1945,1610.17
84,2011,1619.31
85,1946,1540.63
86,2011,1511.7
87,1871,1552.02
88,1871,1539.95
89,1939,1568.48
90,1943,1576.65
91,1943,1580.6
92,2011,1598.24
93,2011,1584.15
94,2011,1612.43
95,1939,1621.88
96,1927,1612.04
97,1946,1610.13
98,2011,1620.31
99,2011,1637.31
100,2011,1669.43
101,1946,1634.16
102,1946,1678.55
103,1946,1647.48
104,1946,1631.76
105,1946,1584.7
106,1946,1612.32
107,1946,1643
108,1946,1656.71
109,2011,1621.36
110,2011,1658.65
111,2011,1677.02
112,1946,1676.01
113,1946,1676.12
114,1946,1674.75
115,1946,1668.22
116,1946,1666.97
117,1946,1689.9
118,1946,1681.24
119,1946,1683.85
120,1946,1697.27
121,1946,1696.35
122,1946,1732.14
123,1946,1721.68
124,1946,1716
125,1946,1717.13
126,1946,1739.47
127,1946,1721.17
128,2011,1692.29
129,1946,1690.51
130,1946,1710.4
131,1946,1706.31
132,1946,1759.96
133,1946,1740.25
134,2011,1704.27
135,2011,1714.4
136,2011,1680.68
137,2011,1635.39
138,2011,1646
139,2011,1659.59
140,1946,1646.99
141,1946,1645.41
142,1946,1651.47
143,2011,1693.68
144,2011,1659.51
145,2011,1654.17
146,2011,1665.39
147,2011,1646.51
148,2011,1710.89
149,2011,1717.83
150,2011,1710.25
151,2011,1701.75
152,2011,1725.1
153,2011,1703.47
154,2011,1690.57
155,2011,1695.79
156,2011,1682.2
157,2011,1701.97
158,1946,1662.77
159,1946,1647.04
160,1946,1669.52
161,1946,1666.88
162,1946,1635.99
163,1946,1658.56
164,1946,1654.89
165,2011,1642.85
166,2011,1690.13
167,2011,1685.65
168,2011,1712.66
169,2011,1714.18
170,2011,1702.08
171,2011,1716.35
172,2011,1708.6
173,2011,1747.28
174,2011,1704.59
175,2011,1684.21
176,2011,1663.46
177,2011,1657.47
178,2011,1624.37
179,2011,1641.24
180,2011,1627.94
181,1944,1634.28
182,1939,1612.18
183,1939,1599.81
184,2011,1624.5
185,2011,1656.85
186,2011,1658.42
187,1929,1612.72
188,2011,1620.22
189,2011,1650.44
190,1939,1634.4
191,1943,1653.09
192,1945,1663.04
193,1945,1669.96
194,1946,1672.3
195,2011,1641.51
196,2011,1607.29
197,2011,1635.18
198,2011,1624.22
199,1946,1618.76
200,1946,1644.5
201,1946,1629.73
202,1946,1606.4
203,1946,1588.01
204,1946,1628.05
205,1946,1614.76
206,1946,1570.18
207,1946,1550.73
208,2011,1565.86
209,2011,1596.47
210,1946,1590.06
211,2011,1562.47
212,1929,1555.88
213,1929,1545.06
214,1946,1546.57
215,1946,1518.39
216,1946,1539.39
217,1946,1537.75
218,1946,1541.77
219,1946,1586.31
220,1946,1578.1
221,1946,1589.44
222,1862,1565.94
223,1862,1564.22
224,1873,1538.43
225,1873,1524.24
226,1892,1599.49
227,1945,1623.6
228,1946,1665.12
229,1946,1671.47
230,1945,1679.72
231,1945,1707.1
232,2011,1711.97
233,2011,1733.99
234,2011,1751.04
235,2011,1711.36
236,2011,1726.59
237,2011,1744.17
238,2011,1711.17
239,2011,1662.62
240,2011,1639.15
241,2011,1670.76
242,2011,1683.92
243,2011,1646.83
244,2011,1650.04
245,2011,1652.16
246,2011,1662.07
247,2011,1629.62
248,2011,1591.09
249,2011,1583.97
250,2011,1590.74
251,2011,1603.4
252,2011,1578.95
253,2011,1597.29
254,2011,1612.62
255,2011,1626.83
256,2011,1610.58
257,2011,1665.12
258,2011,1656.88
259,2011,1633.81
260,2011,1647.15
261,2011,1658.27
262,2011,1636.19
263,2011,1676.12
264,2011,1695.01
265,2011,1717.59
266,2011,1676.24
267,2011,1645.33
268,1939,1628.38
269,2011,1656.24
270,2011,1678.47
271,2011,1682.16
272,1944,1688.53
273,1946,1685.47
274,2011,1670.65
275,2011,1672.52
276,1946,1665.03
277,1946,1678.67
278,2011,1639
279,2011,1645.86
280,2011,1682.05
281,1945,1687.1
282,1945,1708.48
283,1945,1695.59
284,2011,1699.74
285,2011,1700.96
286,2011,1714.1
287,2011,1717.76
288,2011,1725.71
289,2011,1727.22
290,2011,1745.98
291,2011,1753.14
292,2011,1737.99
293,2011,1744.58
294,2011,1756.14
295,2011,1756.26
296,2011,1753.56
297,2011,1782.96
298,2011,1773.32
299,2011,1782.98
Population size,100
Crossover rate,0.51
Mutation rate,0.79
Random selection portion,0.03
Selection method,AForge.Genetic.RankSelection
Diversity check,True
Iteration,FitnessMax,FitnessAvg
0,1568,1134.24
1,1568,1241.39
2,1676,1314.84
3,1702,1388.03
4,1809,1477.09
5,1927,1539.74
6,1939,1615.41
7,1893,1693.49
8,1939,1743.65
9,2011,1752.72
10,2011,1777.57
11,2011,1824.96
12,2011,1817.98
13,2011,1824.23
14,2011,1871.82
15,2011,1889.14
16,2011,1896.83
17,2011,1906.89
18,2011,1921.19
19,2011,1953.85
20,2011,1125.26
21,1806,1189.57
22,1806,1287.83
23,1806,1346.45
24,1944,1482.21
25,1944,1612.75
26,2011,1696.03
27,2011,1753.62
28,2011,1810.39
29,2011,1810.85
30,2011,1838.5
31,2011,1857.74
32,2011,1860.61
33,2011,1858.14
34,2011,1845.33
35,2011,1867.24
36,2011,1881.56
37,2011,1871.24
38,2011,1883.73
39,2011,1887.49
40,2011,1897.38
41,2011,1927.09
42,2011,1930.31
43,2011,1938.77
44,2011,1945.46
45,2011,1946.57
46,2011,1941.36
47,2011,1954.25
48,1808,1221.09
49,1741,1312.29
50,1872,1418.9
51,1811,1493.95
52,1876,1598.81
53,1927,1623.64
54,1943,1695.84
55,2011,1739.06
56,2011,1770.21
57,2011,1787.25
58,2011,1810.8
59,2011,1833.46
60,2011,1858.53
61,2011,1875.24
62,2011,1890.97
63,2011,1899.04
64,2011,1914.66
65,2011,1932.62
66,2011,1941.34
67,2011,1925.61
68,2011,1923.85
69,2011,1943.23
70,2011,1920.67
71,2011,1940.7
72,2011,1937.25
73,2011,1941.5
74,2011,1937.23
75,2011,1948.93
76,2011,1954.7
77,2011,1142.27
78,2011,1291.9
79,1943,1380.11
80,1877,1467.57
81,1945,1556.85
82,1877,1608.4
83,1943,1643.61
84,1944,1655.32
85,2011,1713.94
86,2011,1755.43
87,2011,1800.14
88,2011,1815.73
89,2011,1831.52
90,2011,1842.95
91,2011,1842.93
92,2011,1853.04
93,2011,1846.33
94,2011,1867.44
95,2011,1855.18
96,2011,1878.41
97,2011,1904.56
98,2011,1910.26
99,2011,1890.45
100,2011,1900.78
101,2011,1906.29
102,2011,1899.75
103,2011,1902.33
104,2011,1898.82
105,2011,1923.68
106,2011,1923.29
107,2011,1924.93
108,2011,1939.88
109,2011,1944.56
110,2011,1935.51
111,2011,1902.53
112,2011,1947.46
113,2011,1921.23
114,2011,1953.13
115,2011,1160.15
116,2011,1310.65
117,2011,1423.38
118,2011,1514.92
119,2011,1582.57
120,2011,1660.19
121,2011,1705.12
122,2011,1766.6
123,2011,1798.53
124,2011,1834.21
125,2011,1846.17
126,2011,1852.42
127,2011,1858.48
128,2011,1871.96
129,2011,1878.41
130,2011,1896.36
131,2011,1897.39
132,2011,1920.55
133,2011,1916.99
134,2011,1909.63
135,2011,1929.81
136,2011,1902.67
137,2011,1912.51
138,2011,1904.59
139,2011,1922.84
140,2011,1920
141,2011,1942.59
142,2011,1915.96
143,2011,1945.78
144,2011,1958.27
145,2011,1211.07
146,2011,1332.71
147,1927,1422.31
148,1927,1488.88
149,2011,1584.22
150,2011,1648.11
151,2011,1695.01
152,2011,1747.08
153,2011,1782.48
154,2011,1792.2
155,2011,1823.34
156,2011,1841.27
157,2011,1870.12
158,2011,1903.01
159,2011,1909.95
160,2011,1917.96
161,2011,1928.38
162,2011,1924.42
163,2011,1931.14
164,2011,1924.56
165,2011,1929.97
166,2011,1941.22
167,2011,1941.39
168,2011,1944.6
169,2011,1928.36
170,2011,1948.66
171,2011,1950.59
172,2011,1956.67
173,2011,1187.97
174,2011,1355.94
175,2011,1442.54
176,1944,1530.56
177,1946,1605.04
178,1946,1681.04
179,1946,1725.28
180,1946,1789.24
181,2011,1832.07
182,2011,1847.94
183,2011,1859.25
184,2011,1868.03
185,2011,1889.65
186,2011,1901.08
187,2011,1886.58
188,2011,1903.29
189,2011,1923.36
190,2011,1927.43
191,2011,1939.42
192,2011,1930.5
193,2011,1938.08
194,2011,1928.91
195,2011,1927.19
196,2011,1943.11
197,2011,1930.36
198,2011,1941.79
199,2011,1944.2
200,2011,1938.13
201,2011,1947.25
202,2011,1924.94
203,2011,1949.85
204,2011,1956.6
205,2011,1190.75
206,2011,1320.35
207,1944,1437.04
208,1944,1535.49
209,1879,1616.78
210,2011,1653.93
211,2011,1721.58
212,2011,1751.8
213,2011,1782.92
214,2011,1799.57
215,2011,1813.38
216,2011,1860.57
217,2011,1893.47
218,2011,1890.36
219,2011,1890.4
220,2011,1894.8
221,2011,1919.99
222,2011,1919.82
223,2011,1909.28
224,2011,1909.95
225,2011,1927.47
226,2011,1930.95
227,2011,1938.25
228,2011,1946.28
229,2011,1935.2
230,2011,1924.19
231,2011,1922.65
232,2011,1935.11
233,2011,1911.18
234,2011,1932.97
235,2011,1905.47
236,2011,1936.02
237,2011,1957.5
238,2011,1114.45
239,2011,1255.97
240,1944,1346.84
241,1944,1463.5
242,1944,1537.06
243,1944,1620.06
244,2011,1684.15
245,1946,1727.69
246,1946,1759.35
247,1946,1781.52
248,2011,1825.37
249,2011,1854.08
250,2011,1873.94
251,2011,1873.81
252,2011,1879.58
253,2011,1886.9
254,2011,1894.5
255,2011,1897.12
256,2011,1918.86
257,2011,1909.41
258,2011,1913.27
259,2011,1922.02
260,2011,1929.57
261,2011,1928.2
262,2011,1928.72
263,2011,1917.83
264,2011,1906.18
265,2011,1887.31
266,2011,1929.04
267,2011,1925.42
268,2011,1937.69
269,2011,1946.25
270,2011,1922.31
271,2011,1949.43
272,2011,1955.72
273,1810,1178.48
274,1810,1317.52
275,1877,1432.46
276,1879,1555.13
277,1946,1644.27
278,2011,1713.74
279,1946,1768.79
280,1946,1796.44
281,1946,1813.57
282,2011,1829.98
283,2011,1859.05
284,2011,1887.58
285,2011,1896.76
286,2011,1900.94
287,2011,1907
288,2011,1897.65
289,2011,1907.13
290,2011,1938.65
291,2011,1943.83
292,2011,1933.3
293,2011,1926.06
294,2011,1939.54
295,2011,1947.06
296,2011,1942.94
297,2011,1932.96
298,2011,1948.99
299,2011,1948.76
Population size,100
Crossover rate,0.51
Mutation rate,0.79
Random selection portion,0.03
Selection method,AForge.Genetic.RankSelection
Diversity check,False
Iteration,FitnessMax,FitnessAvg
0,1878,1230.9
1,1944,1351.82
2,1946,1478.44
3,1946,1574.29
4,1946,1674.5
5,1946,1716.62
6,2011,1765.88
7,2011,1809.11
8,2011,1847.19
9,2011,1856.35
10,2011,1856.8
11,2011,1870.91
12,2011,1875.37
13,2011,1907.87
14,2011,1896.5
15,2011,1923.46
16,2011,1931.34
17,2011,1918.61
18,2011,1941.27
19,2011,1926.58
20,2011,1950
21,2011,1947.29
22,2011,1941.27
23,2011,1931.67
24,2011,1932.83
25,2011,1932.48
26,2011,1945.02
27,2011,1945.2
28,2011,1944.26
29,2011,1937.92
30,2011,1945.56
31,2011,1936.61
32,2011,1951.42
33,2011,1948.01
34,2011,1956.77
35,2011,1938.03
36,2011,1938.23
37,2011,1915.12
38,2011,1930.3
39,2011,1920.81
40,2011,1933.3
41,2011,1941.99
42,2011,1943.59
43,2011,1940.15
44,2011,1949.17
45,2011,1943.7
46,2011,1929.9
47,2011,1936.27
48,2011,1924.6
49,2011,1932.76
50,2011,1933.3
51,2011,1936.74
52,2011,1944.94
53,2011,1947.87
54,2011,1949.26
55,2011,1934.52
56,2011,1939.13
57,2011,1936.24
58,2011,1926.97
59,2011,1927.09
60,2011,1931.64
61,2011,1944.7
62,2011,1945.44
63,2011,1963.22
64,2011,1959.78
65,2011,1956.84
66,2011,1953.31
67,2011,1946.15
68,2011,1954.02
69,2011,1941.69
70,2011,1927.6
71,2011,1940.13
72,2011,1936.58
73,2011,1945.28
74,2011,1958.42
75,2011,1960.35
76,2011,1950.46
77,2011,1950.72
78,2011,1943.77
79,2011,1944.64
80,2011,1949.5
81,2011,1940.73
82,2011,1933.43
83,2011,1936.69
84,2011,1935.38
85,2011,1941.27
86,2011,1941.35
87,2011,1941.92
88,2011,1927.58
89,2011,1945.71
90,2011,1943.28
91,2011,1931
92,2011,1949.58
93,2011,1960.04
94,2011,1954.56
95,2011,1951.23
96,2011,1953.45
97,2011,1942.47
98,2011,1946.69
99,2011,1949.79
100,2011,1953.82
101,2011,1949.53
102,2011,1958.22
103,2011,1939.22
104,2011,1948.18
105,2011,1934.8
106,2011,1937.97
107,2011,1934.21
108,2011,1937.8
109,2011,1945.21
110,2011,1947.65
111,2011,1935.33
112,2011,1928.08
113,2011,1944.24
114,2011,1949.82
115,2011,1942.33
116,2011,1950.25
117,2011,1943.59
118,2011,1923.78
119,2011,1932.46
120,2011,1933.45
121,2011,1936.22
122,2011,1940.27
123,2011,1934.46
124,2011,1945.32
125,2011,1954.52
126,2011,1957.1
127,2011,1958.98
128,2011,1958.79
129,2011,1942.5
130,2011,1950.98
131,2011,1954.95
132,2011,1960.86
133,2011,1958.25
134,2011,1954.07
135,2011,1957.46
136,2011,1948.46
137,2011,1946.96
138,2011,1932.9
139,2011,1925.13
140,2011,1938.94
141,2011,1952.62
142,2011,1948.81
143,2011,1944.49
144,2011,1944.74
145,2011,1942.62
146,2011,1939.55
147,2011,1962.08
148,2011,1958.1
149,2011,1944.48
150,2011,1945.66
151,2011,1957.45
152,2011,1959.68
153,2011,1939.42
154,2011,1933.3
155,2011,1920.57
156,2011,1912.01
157,2011,1922.04
158,2011,1946.49
159,2011,1937.57
160,2011,1940.68
161,2011,1950.77
162,2011,1929.9
163,2011,1915.47
164,2011,1917.01
165,2011,1916.36
166,2011,1918.54
167,2011,1894.14
168,2011,1924.76
169,2011,1909.02
170,2011,1915.85
171,2011,1929.1
172,2011,1942.05
173,2011,1947.85
174,2011,1933.38
175,2011,1933.58
176,2011,1947.39
177,2011,1942.91
178,2011,1944.47
179,2011,1941.27
180,2011,1935.38
181,2011,1936.91
182,2011,1935.97
183,2011,1934.46
184,2011,1938.3
185,2011,1943.88
186,2011,1935.15
187,2011,1941.62
188,2011,1931.52
189,2011,1941.24
190,2011,1929.53
191,2011,1948.9
192,2011,1968.93
193,2011,1947.31
194,2011,1931.16
195,2011,1955.29
196,2011,1939.02
197,2011,1938.98
198,2011,1938.79
199,2011,1931.71
200,2011,1939.63
201,2011,1938.15
202,2011,1952.64
203,2011,1927.61
204,2011,1951.47
205,2011,1943.3
206,2011,1943.33
207,2011,1939.37
208,2011,1950.73
209,2011,1925.79
210,2011,1920.45
211,2011,1938.03
212,2011,1951.13
213,2011,1953.34
214,2011,1951.04
215,2011,1952.72
216,2011,1943.52
217,2011,1953.38
218,2011,1959.55
219,2011,1940.41
220,2011,1937.83
221,2011,1933.73
222,2011,1932.62
223,2011,1927.65
224,2011,1943.2
225,2011,1923.1
226,2011,1924.69
227,2011,1927.75
228,2011,1937.81
229,2011,1941.56
230,2011,1933.66
231,2011,1942.42
232,2011,1927.95
233,2011,1907.23
234,2011,1928.84
235,2011,1948.56
236,2011,1930.39
237,2011,1940.27
238,2011,1922.61
239,2011,1931.9
240,2011,1931.3
241,2011,1915.15
242,2011,1945.26
243,2011,1941.78
244,2011,1948.11
245,2011,1932.92
246,2011,1948.5
247,2011,1937.3
248,2011,1939.47
249,2011,1935.23
250,2011,1941.11
251,2011,1931.22
252,2011,1940.43
253,2011,1942.18
254,2011,1914.11
255,2011,1933.33
256,2011,1917.5
257,2011,1935.25
258,2011,1946.87
259,2011,1932.64
260,2011,1944.77
261,2011,1935.32
262,2011,1939.9
263,2011,1947.67
264,2011,1945.32
265,2011,1946.07
266,2011,1939.72
267,2011,1950.9
268,2011,1949.07
269,2011,1940.27
270,2011,1931.97
271,2011,1931.27
272,2011,1954.56
273,2011,1949.76
274,2011,1947.2
275,2011,1955.5
276,2011,1946.8
277,2011,1930.18
278,2011,1963.87
279,2011,1944.95
280,2011,1952.5
281,2011,1953.61
282,2011,1960.71
283,2011,1958.4
284,2011,1948.95
285,2011,1936.33
286,2011,1940.49
287,2011,1938.35
288,2011,1927.85
289,2011,1930.72
290,2011,1951.57
291,2011,1938.13
292,2011,1946.97
293,2011,1935.48
294,2011,1930.17
295,2011,1931.76
296,2011,1942.43
297,2011,1925.28
298,2011,1959.98
299,2011,1935.27
Population size,100
Crossover rate,0.22
Mutation rate,0.87
Random selection portion,0.03
Selection method,AForge.Genetic.EliteSelection
Diversity check,False
Iteration,FitnessMax,FitnessAvg
0,1823,1257.67
1,1823,1392.68
2,1827,1519.44
3,1827,1609.9
4,1827,1659.21
5,1876,1708.76
6,1945,1764.37
7,1945,1791.26
8,1945,1811.55
9,1945,1834.45
10,2011,1847.42
11,2011,1878.76
12,2011,1881.7
13,2011,1900.56
14,2011,1910.7
15,2011,1927.22
16,2011,1940.4
17,2011,1926.67
18,2011,1944.35
19,2011,1939.6
20,2011,1954.19
21,2011,1953.06
22,2011,1947.43
23,2011,1954.1
24,2011,1957.67
25,2011,1975.02
26,2011,1981.3
27,2011,1981.3
28,2011,1974.45
29,2011,1977.36
30,2011,1978.3
31,2011,1980.94
32,2011,1973.11
33,2011,1985.97
34,2011,1981.14
35,2011,1978.63
36,2011,1982.29
37,2011,1983.43
38,2011,1983.31
39,2011,1987.1
40,2011,1986.03
41,2011,1982.67
42,2011,1977.71
43,2011,1984.28
44,2011,1979.48
45,2011,1979.34
46,2011,1981.87
47,2011,1975.23
48,2011,1971.29
49,2011,1977.46
50,2011,1980.85
51,2011,1979.01
52,2011,1990.27
53,2011,1982.52
54,2011,1979.97
55,2011,1970.8
56,2011,1979.13
57,2011,1977.31
58,2011,1978.59
59,2011,1987
60,2011,1980.97
61,2011,1977.8
62,2011,1972.87
63,2011,1976.35
64,2011,1980.58
65,2011,1984.46
66,2011,1980.8
67,2011,1976.79
68,2011,1975.66
69,2011,1978.13
70,2011,1983.32
71,2011,1973.29
72,2011,1985.41
73,2011,1979.53
74,2011,1979.59
75,2011,1981.29
76,2011,1974.17
77,2011,1982.83
78,2011,1979.19
79,2011,1985.93
80,2011,1980.64
81,2011,1969.33
82,2011,1978.57
83,2011,1984.01
84,2011,1982.46
85,2011,1981.72
86,2011,1980.74
87,2011,1990.32
88,2011,1973.75
89,2011,1975.87
90,2011,1976.22
91,2011,1980.29
92,2011,1975.49
93,2011,1979.59
94,2011,1980.56
95,2011,1984.57
96,2011,1989.96
97,2011,1984.23
98,2011,1981.73
99,2011,1979.04
100,2011,1974.51
101,2011,1985.37
102,2011,1975.53
103,2011,1979.95
104,2011,1981.31
105,2011,1974.36
106,2011,1983.91
107,2011,1983.36
108,2011,1974.51
109,2011,1982.91
110,2011,1981.37
111,2011,1964.97
112,2011,1979.69
113,2011,1980.65
114,2011,1982.17
115,2011,1982.07
116,2011,1982.54
117,2011,1974.95
118,2011,1974.08
119,2011,1981.08
120,2011,1980.08
121,2011,1979.2
122,2011,1983.28
123,2011,1980.12
124,2011,1982.51
125,2011,1980.61
126,2011,1984.76
127,2011,1978.75
128,2011,1976.53
129,2011,1984.8
130,2011,1998.56
131,2011,1972.11
132,2011,1987.68
133,2011,1987.42
134,2011,1979.18
135,2011,1989.85
136,2011,1986.27
137,2011,1980.55
138,2011,1979.19
139,2011,1981.31
140,2011,1982.61
141,2011,1974.4
142,2011,1986.81
143,2011,1979.62
144,2011,1987.27
145,2011,1986.19
146,2011,1980.76
147,2011,1976.71
148,2011,1981.98
149,2011,1992.48
150,2011,1973.74
151,2011,1983.53
152,2011,1971.33
153,2011,1978.28
154,2011,1974.32
155,2011,1974.91
156,2011,1983.54
157,2011,1987.32
158,2011,1976.66
159,2011,1982.39
160,2011,1982.15
161,2011,1980.43
162,2011,1984.61
163,2011,1985.49
164,2011,1974.87
165,2011,1987.65
166,2011,1984.34
167,2011,1982.2
168,2011,1986.48
169,2011,1987.93
170,2011,1974.29
171,2011,1984.41
172,2011,1982.54
173,2011,1976.21
174,2011,1988.6
175,2011,1972.32
176,2011,1985.23
177,2011,1991.77
178,2011,1971.26
179,2011,1976.37
180,2011,1987.61
181,2011,1982.04
182,2011,1987.71
183,2011,1974.96
184,2011,1977.92
185,2011,1973.66
186,2011,1979.77
187,2011,1975.22
188,2011,1970.87
189,2011,1983.08
190,2011,1977.47
191,2011,1978.33
192,2011,1982.79
193,2011,1979.97
194,2011,1988.93
195,2011,1971.97
196,2011,1983.01
197,2011,1979.61
198,2011,1978.47
199,2011,1990.42
200,2011,1985.61
201,2011,1974.75
202,2011,1978.2
203,2011,1982.14
204,2011,1983.57
205,2011,1979.43
206,2011,1973.1
207,2011,1987.02
208,2011,1976.67
209,2011,1984.72
210,2011,1982.85
211,2011,1979.79
212,2011,1970.54
213,2011,1975.38
214,2011,1985.45
215,2011,1970.15
216,2011,1985.43
217,2011,1978.51
218,2011,1974.13
219,2011,1993.7
220,2011,1974.09
221,2011,1979.5
222,2011,1981.19
223,2011,1981
224,2011,1983.99
225,2011,1981.4
226,2011,1982.36
227,2011,1979.58
228,2011,1984.43
229,2011,1988.11
230,2011,1984.56
231,2011,1980.37
232,2011,1990.72
233,2011,1983.91
234,2011,1987.74
235,2011,1987.4
236,2011,1979.4
237,2011,1979.59
238,2011,1981.85
239,2011,1982.23
240,2011,1987
241,2011,1977.51
242,2011,1985.24
243,2011,1974.18
244,2011,1970.02
245,2011,1983.77
246,2011,1980.48
247,2011,1978.77
248,2011,1972.17
249,2011,1983.26
250,2011,1973.52
251,2011,1982.99
252,2011,1982.7
253,2011,1980.34
254,2011,1983.52
255,2011,1972.79
256,2011,1984.99
257,2011,1979.89
258,2011,1975.59
259,2011,1983.57
260,2011,1982.49
261,2011,1971.98
262,2011,1980.52
263,2011,1978.78
264,2011,1983.09
265,2011,1981.47
266,2011,1983.25
267,2011,1980.06
268,2011,1970.23
269,2011,1983.77
270,2011,1976.04
271,2011,1979.63
272,2011,1985.5
273,2011,1989.1
274,2011,1980.24
275,2011,1977.58
276,2011,1987.19
277,2011,1979.72
278,2011,1976.94
279,2011,1982.49
280,2011,1976.94
281,2011,1987.63
282,2011,1971.31
283,2011,1985.53
284,2011,1975.42
285,2011,1977.97
286,2011,1986.66
287,2011,1988.78
288,2011,1980.97
289,2011,1987.71
290,2011,1976.74
291,2011,1983.71
292,2011,1986.09
293,2011,1968.36
294,2011,1988.06
295,2011,1988.91
296,2011,1976.31
297,2011,1988.71
298,2011,1982.16
299,2011,1974.66
Population size,100
Crossover rate,0.22
Mutation rate,0.87
Random selection portion,0.03
Selection method,AForge.Genetic.EliteSelection
Diversity check,True
Iteration,FitnessMax,FitnessAvg
0,1789,1242.1
1,1856,1400.99
2,1872,1520.62
3,1874,1605.8
4,1946,1680.53
5,1946,1731.26
6,1946,1771.45
7,2011,1817.64
8,2011,1833.8
9,2011,1859.52
10,2011,1874.68
11,2011,1896.12
12,2011,1913.11
13,2011,1935.73
14,2011,1923.46
15,2011,1932.96
16,2011,1936.96
17,2011,1954.18
18,2011,1235.48
19,2011,1395.77
20,2011,1502.57
21,2011,1578.95
22,2011,1667.86
23,2011,1725.55
24,2011,1776.86
25,2011,1822.73
26,2011,1846.93
27,2011,1874.82
28,2011,1901.86
29,2011,1934.89
30,2011,1932.74
31,2011,1947.69
32,2011,1961.7
33,2011,1250.63
34,2011,1376.86
35,2011,1489.65
36,2011,1576.01
37,2011,1642.56
38,2011,1731.08
39,2011,1788.08
40,2011,1842.31
41,2011,1868.88
42,2011,1906.61
43,2011,1929.08
44,2011,1939.61
45,2011,1952.88
46,2011,1261.22
47,2011,1400.25
48,2011,1526.87
49,2011,1630.35
50,2011,1727.22
51,2011,1795.37
52,2011,1836.26
53,2011,1861.34
54,2011,1883.11
55,2011,1906.56
56,2011,1922.48
57,2011,1927.82
58,2011,1942.78
59,2011,1955.73
60,2011,1217.2
61,2011,1380.38
62,2011,1508.38
63,2011,1611.34
64,2011,1704.1
65,2011,1764.89
66,2011,1831.61
67,2011,1854.1
68,2011,1901.89
69,2011,1918.63
70,2011,1924.91
71,2011,1932.88
72,2011,1943.27
73,2011,1959.12
74,2011,1299.28
75,2011,1450.31
76,2011,1575
77,2011,1636.53
78,2011,1724.46
79,2011,1772.82
80,2011,1811.56
81,2011,1854.79
82,2011,1878.68
83,2011,1894.07
84,2011,1912.85
85,2011,1920.25
86,2011,1947.4
87,2011,1943.33
88,2011,1950.61
89,2011,1960.92
90,2011,1252.44
91,2011,1409.53
92,2011,1538.95
93,2011,1643.51
94,2011,1707.88
95,2011,1766.55
96,2011,1821.19
97,2011,1849.61
98,2011,1864.43
99,2011,1887.21
100,2011,1905.85
101,2011,1924.34
102,2011,1934.16
103,2011,1935.37
104,2011,1944.9
105,2011,1954.01
106,2011,1272.33
107,2011,1405.21
108,2011,1497.75
109,2011,1596.51
110,2011,1671.42
111,2011,1743.83
112,2011,1797.52
113,2011,1839.38
114,2011,1867.94
115,2011,1896.87
116,2011,1922.71
117,2011,1928.11
118,2011,1944.26
119,2011,1944.96
120,2011,1949.4
121,2011,1952.55
122,2011,1231.31
123,2011,1371.2
124,2011,1504.53
125,2011,1597.61
126,2011,1691.62
127,2011,1751.53
128,2011,1811.94
129,2011,1834.52
130,2011,1870.72
131,2011,1888.95
132,2011,1922.29
133,2011,1930.97
134,2011,1930.59
135,2011,1940.75
136,2011,1953.14
137,2011,1200.6
138,2011,1375.38
139,2011,1507.9
140,2011,1638.17
141,2011,1716.21
142,2011,1794.83
143,2011,1840.67
144,2011,1871.59
145,2011,1904.78
146,2011,1932.04
147,2011,1935.08
148,2011,1941.85
149,2011,1957.7
150,2011,1298.61
151,2011,1439.67
152,2011,1561.6
153,2011,1662.59
154,2011,1713.76
155,2011,1779.15
156,2011,1814.83
157,2011,1847.24
158,2011,1883.35
159,2011,1889.5
160,2011,1895.41
161,2011,1904.93
162,2011,1944.35
163,2011,1939.23
164,2011,1939.27
165,2011,1944.6
166,2011,1949.56
167,2011,1951.21
168,2011,1272.78
169,2011,1425.91
170,2011,1531.58
171,2011,1630.36
172,2011,1685.66
173,2011,1742.11
174,2011,1790.94
175,2011,1832.27
176,2011,1856.24
177,2011,1869.87
178,2011,1885.22
179,2011,1903.86
180,2011,1907.94
181,2011,1926.85
182,2011,1942.48
183,2011,1944.65
184,2011,1957.29
185,2011,1328.54
186,2011,1459.55
187,2011,1562.46
188,2011,1640.56
189,2011,1702.52
190,2011,1763.65
191,2011,1812.85
192,2011,1866.9
193,2011,1895.01
194,2011,1898.32
195,2011,1921.62
196,2011,1914.21
197,2011,1932.03
198,2011,1948.21
199,2011,1950.45
200,2011,1956.99
201,2011,1225.54
202,2011,1346.05
203,2011,1464.06
204,2011,1572.01
205,2011,1639.75
206,2011,1719.5
207,2011,1799.76
208,2011,1823.24
209,2011,1857.53
210,2011,1875.18
211,2011,1894.85
212,2011,1911.19
213,2011,1932.91
214,2011,1934.49
215,2011,1947.74
216,2011,1956.08
217,2011,1237.14
218,2011,1412.03
219,2011,1525.9
220,2011,1622.32
221,2011,1694.77
222,2011,1763.57
223,2011,1814.83
224,2011,1862.94
225,2011,1883.22
226,2011,1911.47
227,2011,1914.62
228,2011,1933.16
229,2011,1952.18
230,2011,1186.67
231,2011,1315.75
232,2011,1454.51
233,2011,1560.58
234,2011,1649.07
235,2011,1762.26
236,2011,1839.92
237,2011,1872.14
238,2011,1906.93
239,2011,1938.32
240,2011,1935.65
241,2011,1937.31
242,2011,1956.86
243,2011,1277.11
244,2011,1420.04
245,2011,1535.38
246,2011,1644.88
247,2011,1703.68
248,2011,1776.93
249,2011,1829.85
250,2011,1874.44
251,2011,1916.77
252,2011,1927.46
253,2011,1947.02
254,2011,1943.14
255,2011,1952.8
256,2011,1240.88
257,2011,1388.58
258,2011,1487.49
259,2011,1587.2
260,2011,1685.54
261,2011,1733.38
262,2011,1782.42
263,2011,1818.98
264,2011,1850.39
265,2011,1885.68
266,2011,1900.5
267,2011,1918.82
268,2011,1932.96
269,2011,1955.85
270,2011,1236.81
271,2011,1386.24
272,2011,1494.01
273,2011,1583.91
274,2011,1657.42
275,2011,1728
276,2011,1769.37
277,2011,1808.63
278,2011,1837.29
279,2011,1876.77
280,2011,1900.8
281,2011,1917.88
282,2011,1925.51
283,2011,1936.28
284,2011,1941.58
285,2011,1952.03
286,2011,1300.24
287,2011,1435.56
288,2011,1550.27
289,2011,1635.68
290,2011,1731.07
291,2011,1805.35
292,2011,1852.15
293,2011,1866.46
294,2011,1904.93
295,2011,1921.4
296,2011,1944.76
297,2011,1951.03
298,2011,1206.54
299,2011,1365.02
Population size,100
Crossover rate,0.22
Mutation rate,0.87
Random selection portion,0.03
Selection method,AForge.Genetic.EliteSelection
Diversity check,True
Iteration,FitnessMax,FitnessAvg
0,1828,1301.97
1,1946,1469.16
2,1946,1572.03
3,1946,1655.45
4,1946,1709.61
5,1946,1771.93
6,2011,1825.32
7,2011,1864.61
8,2011,1868.92
9,2011,1898.08
10,2011,1918.29
11,2011,1932.95
12,2011,1941.79
13,2011,1942.6
14,2011,1940.5
15,2011,1949.49
16,2011,1948.45
17,2011,1955.43
18,2011,1262.12
19,2011,1389.87
20,2011,1493.77
21,2011,1596.62
22,2011,1656.57
23,2011,1726.6
24,2011,1780.44
25,2011,1828.6
26,2011,1836.04
27,2011,1880.68
28,2011,1884.29
29,2011,1897.37
30,2011,1915.54
31,2011,1934.58
32,2011,1942.01
33,2011,1935.55
34,2011,1939.66
35,2011,1957.23
36,2011,1230.49
37,2011,1371.62
38,2011,1498.71
39,2011,1580.18
40,2011,1678
41,2011,1723.94
42,2011,1773.56
43,2011,1810.84
44,2011,1836.87
45,2011,1874.08
46,2011,1887.72
47,2011,1924.8
48,2011,1934.46
49,2011,1941.31
Population size,100
Crossover rate,0.22
Mutation rate,0.87
Random selection portion,0.03
Selection method,AForge.Genetic.EliteSelection
Diversity check,True
Iteration,FitnessMax,FitnessAvg
0,1704,1298.56
1,1804,1431.6
2,1871,1538.1
3,1895,1644.72
4,1946,1716.13
5,1946,1756.43
6,1946,1788.58
7,1946,1830.22
8,2011,1847.47
9,2011,1885.12
10,2011,1900.99
11,2011,1914.65
12,2011,1939.08
13,2011,1940.07
14,2011,1938.22
15,2011,1946.39
16,2011,1949.78
17,2011,1965.69
18,2011,1270.76
19,2011,1417.02
20,2011,1542.47
21,2011,1630.41
22,2011,1714.48
23,2011,1749.09
24,2011,1814.01
25,2011,1844.01
26,2011,1871.62
27,2011,1894.42
28,2011,1916.11
29,2011,1931.13
